24255,00:00:30,113.871132,22.567617,0,0
24255,00:01:10,113.867867,22.565416,0,35
24255,00:01:50,113.863586,22.568518,0,31
24255,00:02:30,113.863297,22.56885,0,21
24255,00:03:10,113.859596,22.571333,0,50
24255,00:03:50,113.85688,22.5735,0,0
24255,00:03:58,113.856903,22.573483,0,0
24255,00:04:30,113.856918,22.573467,0,0
24255,00:05:10,113.855736,22.572901,0,0
24255,00:05:50,113.853065,22.5702,0,47
24255,00:05:58,113.852486,22.570284,0,44
24255,00:06:30,113.850784,22.5721,0,26
24255,00:07:10,113.853302,22.574633,0,34
24255,00:07:50,113.85405,22.575399,0,0
24255,00:08:30,113.855614,22.57715,0,29
24255,00:09:12,113.857468,22.578617,1,31
24255,00:09:52,113.859467,22.576933,1,0
24255,00:10:32,113.862503,22.579517,1,66
24255,00:11:12,113.867935,22.576866,1,86
24255,00:11:52,113.87365,22.573017,1,88
24255,00:12:32,113.880165,22.56765,1,90
24255,00:13:12,113.883301,22.564734,1,0
24255,00:13:52,113.883286,22.564768,1,0
24255,00:14:32,113.88327,22.564768,1,0
24255,00:15:12,113.886032,22.566883,1,57
24255,00:15:52,113.888649,22.568884,1,33
24255,00:16:32,113.889687,22.569782,1,0
24255,00:17:12,113.89003,22.569468,1,32
24255,00:17:52,113.892082,22.566351,1,41
24255,00:18:32,113.896118,22.569267,1,61
24255,00:18:40,113.89682,22.569851,1,34
24255,00:19:12,113.898964,22.571751,1,0
24255,00:19:52,113.896652,22.5748,1,61
24255,00:20:32,113.897568,22.5767,1,5
24255,00:21:12,113.897232,22.577868,1,0
24255,00:21:54,113.897186,22.578333,0,19
24255,00:22:34,113.895798,22.578751,0,5
24255,00:23:14,113.895767,22.577883,0,1
24255,00:23:54,113.895767,22.577267,1,8
24255,00:24:34,113.895821,22.57645,1,15
24255,00:25:14,113.896065,22.575899,1,22
24255,00:25:54,113.894714,22.574368,1,52
24255,00:26:34,113.891296,22.571466,1,43
24255,00:27:14,113.891083,22.570482,1,31
24255,00:27:54,113.89325,22.568466,1,29
24255,00:28:34,113.895935,22.565866,1,45
24255,00:29:14,113.898247,22.563383,1,0
24255,00:29:54,113.898354,22.563383,0,5
24255,00:30:34,113.898865,22.562468,0,28
24255,00:31:14,113.896118,22.563999,0,42
24255,00:31:54,113.893684,22.56715,0,28
24255,00:32:34,113.890297,22.564501,0,39
24255,00:33:14,113.888718,22.564734,0,31
24255,00:33:54,113.886398,22.566982,0,0
24255,00:34:34,113.884636,22.568583,0,59
24255,00:35:22,113.881348,22.5702,0,30
24255,00:36:36,113.88028,22.569201,1,7
24255,00:37:16,113.882553,22.570482,1,30
24255,00:37:56,113.886169,22.567066,1,15
24255,00:38:36,113.887215,22.565968,1,55
24255,00:39:16,113.890701,22.562567,1,41
24255,00:39:56,113.89222,22.560917,1,21
24255,00:40:36,113.8955,22.558582,1,31
24255,00:41:16,113.897614,22.556932,1,0
24255,00:41:56,113.898499,22.555983,1,20
24255,00:42:36,113.895821,22.553883,1,12
24255,00:43:16,113.895683,22.553783,0,4
24255,00:43:56,113.894997,22.554016,0,0
24255,00:44:36,113.89447,22.553967,0,27
24255,00:45:16,113.891068,22.551033,0,29
24255,00:45:56,113.889336,22.5511,0,0
24255,00:46:36,113.889336,22.551083,0,0
24255,00:47:16,113.88932,22.551083,0,0
24255,00:47:56,113.889297,22.5511,0,0
24255,00:48:36,113.88932,22.5511,0,0
24255,00:49:16,113.887619,22.552732,0,54
24255,00:49:56,113.883736,22.556467,0,61
24255,00:50:36,113.880898,22.559183,0,44
24255,00:51:16,113.879135,22.560783,0,29
24255,00:53:18,113.876686,22.558916,0,0
24255,00:53:56,113.876564,22.558817,0,0
24255,00:57:58,113.875664,22.558067,1,3
24255,00:58:38,113.878281,22.560034,1,55
24255,00:59:18,113.878983,22.560583,1,0
24255,00:59:58,113.878983,22.560568,1,0
24255,01:00:38,113.880898,22.562201,1,53
24255,01:01:18,113.883202,22.562983,1,0
24255,01:01:58,113.882835,22.562918,0,32
24255,01:02:38,113.883202,22.564333,0,0
24255,01:03:18,113.883163,22.564318,0,0
24255,01:03:58,113.883133,22.564301,0,0
24255,01:04:38,113.881981,22.563368,0,35
24255,01:05:18,113.87912,22.561016,0,15
24255,01:05:58,113.878136,22.560101,0,56
24255,01:06:38,113.87648,22.55875,0,0
24255,01:07:18,113.875786,22.558001,1,24
24255,01:07:58,113.879051,22.5606,1,0
24255,01:08:38,113.881683,22.562883,1,66
24255,01:09:18,113.883316,22.564283,1,0
24255,01:09:58,113.883247,22.564266,1,0
24255,01:10:38,113.8834,22.5644,1,21
24255,01:11:18,113.88205,22.567066,1,26
24255,01:11:58,113.881851,22.567633,1,0
24255,01:12:38,113.881821,22.567633,1,0
24255,01:13:18,113.881798,22.567667,1,3
24255,01:13:26,113.881653,22.567751,1,13
24255,01:13:58,113.880669,22.568817,0,20
24255,01:14:08,113.880318,22.569233,0,15
24255,01:14:40,113.879616,22.568783,1,30
24255,01:15:20,113.875664,22.571783,1,3
24255,01:16:00,113.874313,22.572817,1,58
24255,01:16:40,113.869102,22.576349,1,8
24255,01:17:20,113.869003,22.576401,1,20
24255,01:18:00,113.863815,22.58045,1,49
24255,01:18:40,113.863434,22.580517,1,0
24255,01:19:20,113.862984,22.580482,1,37
24255,01:20:00,113.858849,22.57745,1,55
24255,01:20:40,113.854568,22.581301,1,2
24255,01:21:20,113.853767,22.582033,1,49
24255,01:22:00,113.85257,22.582983,0,32
24255,01:22:40,113.85537,22.586132,0,51
24255,01:23:20,113.857567,22.584232,0,45
24255,01:24:08,113.855751,22.582399,0,42
24255,01:25:20,113.854897,22.581484,0,27
24255,01:26:00,113.85688,22.583183,0,17
24255,01:26:40,113.858665,22.581882,0,30
24255,01:27:20,113.861565,22.58005,0,0
24255,01:28:00,113.861504,22.580032,0,0
24255,01:28:40,113.861519,22.580116,0,0
24255,01:29:20,113.861549,22.580116,0,0
24255,01:30:00,113.861534,22.580099,0,0
24255,01:30:40,113.862236,22.579634,0,18
24255,01:31:20,113.859917,22.577017,0,15
24255,01:32:00,113.860519,22.577433,0,47
24255,01:32:40,113.864235,22.579832,0,37
24255,01:33:22,113.865784,22.57835,1,18
24255,01:34:02,113.868202,22.5753,1,53
24255,01:34:42,113.86467,22.570534,1,41
24255,01:35:22,113.861832,22.569668,1,46
24255,01:36:02,113.858086,22.572567,1,64
24255,01:36:42,113.856979,22.573467,1,0
24255,01:37:22,113.856979,22.573433,1,0
24255,01:38:02,113.856285,22.573299,1,33
24255,01:38:42,113.855164,22.572384,1,0
24255,01:39:22,113.855186,22.572399,1,0
24255,01:39:28,113.855148,22.572367,0,2
24255,01:40:58,113.85498,22.572166,0,0
24255,01:41:04,113.85498,22.572166,0,0
24255,01:41:22,113.85495,22.572149,0,2
24255,01:42:02,113.854965,22.572149,0,0
24255,01:42:10,113.85498,22.572166,0,0
24255,01:42:42,113.854897,22.572083,0,0
24255,01:43:22,113.854897,22.5721,0,0
24255,01:44:02,113.85498,22.572132,0,1
24255,01:44:42,113.85498,22.572218,0,0
24255,01:45:22,113.854881,22.572218,0,0
24255,01:46:02,113.854866,22.572184,0,0
24255,01:46:42,113.854881,22.572149,0,0
24255,01:47:22,113.854851,22.572149,0,0
24255,01:48:02,113.854851,22.572166,0,0
24255,01:48:42,113.854881,22.572083,0,0
24255,01:49:22,113.854897,22.572166,0,0
24255,01:50:02,113.855049,22.5721,0,0
24255,01:50:42,113.854935,22.572117,0,0
24255,01:51:22,113.854965,22.5721,0,2
24255,01:52:02,113.855003,22.5721,0,0
24255,01:52:42,113.854965,22.572201,0,0
24255,01:53:22,113.854881,22.572233,0,0
24255,01:54:02,113.854736,22.572367,0,1
24255,01:54:42,113.854752,22.57225,0,0
24255,01:54:50,113.854767,22.572268,0,0
24255,01:55:22,113.854836,22.5723,0,0
24255,01:56:02,113.854866,22.57225,0,2
24255,01:56:42,113.854881,22.572067,0,0
24255,01:57:22,113.853447,22.5704,1,51
24255,01:57:30,113.853081,22.569866,1,15
24255,01:58:02,113.855286,22.571983,1,71
24255,01:58:10,113.856247,22.572901,1,53
24255,01:58:42,113.856651,22.573418,1,0
24255,01:59:22,113.859665,22.5765,1,31
24255,01:59:30,113.860229,22.577118,1,55
24255,02:00:02,113.863434,22.580366,1,17
24255,02:00:42,113.863449,22.580366,1,0
24255,02:01:22,113.866264,22.583099,1,54
24255,02:02:02,113.87233,22.587683,1,82
24255,02:02:42,113.878418,22.592083,1,38
24255,02:03:22,113.879936,22.58975,1,26
24255,02:04:10,113.879547,22.586367,1,43
24255,02:05:22,113.883415,22.582033,1,7
24255,02:06:02,113.883514,22.58205,1,1
24255,02:06:44,113.88192,22.583683,0,30
24255,02:07:24,113.879913,22.586018,0,35
24255,02:08:04,113.878014,22.587917,0,20
24255,02:08:44,113.876099,22.586718,1,52
24255,02:09:24,113.874031,22.586384,1,38
24255,02:10:04,113.872017,22.588949,1,50
24255,02:10:44,113.868202,22.584883,1,77
24255,02:11:24,113.865532,22.583033,1,0
24255,02:12:04,113.865349,22.582916,1,13
24255,02:12:44,113.866249,22.582216,1,0
24255,02:13:24,113.868469,22.581284,1,9
24255,02:14:04,113.868401,22.581318,1,0
24255,02:14:44,113.867218,22.581699,0,26
24255,02:15:24,113.865898,22.5826,0,15
24255,02:16:04,113.868919,22.585133,0,49
24255,02:16:44,113.874001,22.588984,0,71
24255,02:17:24,113.879234,22.5919,0,34
24255,02:18:04,113.879868,22.589718,0,16
24255,02:28:37,113.879868,22.589718,0,0
24255,02:33:05,113.878754,22.589649,0,0
24255,02:38:05,113.878952,22.589567,0,0
24255,02:43:05,113.878883,22.589634,0,0
24255,02:53:37,113.878883,22.589634,0,0
24255,02:58:05,113.87883,22.589417,0,0
24255,03:03:05,113.878868,22.589684,0,0
24255,03:08:05,113.878853,22.589466,0,0
24255,03:13:05,113.878853,22.589718,0,1
24255,03:18:05,113.878883,22.589718,0,0
24255,03:23:05,113.878868,22.589718,0,0
24255,03:33:37,113.878868,22.589718,0,0
24255,03:39:49,113.878983,22.589666,0,0
24255,03:40:05,113.879036,22.589634,0,1
24255,03:45:05,113.878815,22.589649,0,0
24255,03:50:05,113.878754,22.589649,0,0
24255,03:52:05,113.878799,22.589666,0,0
24255,03:52:45,113.878136,22.589466,0,19
24255,03:53:25,113.876663,22.588617,0,21
24255,03:54:05,113.876465,22.5872,0,16
24255,03:54:45,113.875099,22.5868,0,23
24255,03:55:25,113.873497,22.586399,0,24
24255,03:56:05,113.87262,22.588734,0,42
24255,03:56:53,113.868446,22.585199,0,40
24255,03:58:05,113.863884,22.581182,0,35
24255,03:58:45,113.863701,22.580999,0,0
24255,03:59:25,113.863518,22.58065,0,22
24255,04:00:05,113.866669,22.577717,0,54
24255,04:00:45,113.868584,22.57625,0,0
24255,04:02:05,113.868515,22.576183,0,0
24255,04:02:45,113.868469,22.576151,0,0
24255,04:03:25,113.868515,22.576151,0,0
24255,04:04:05,113.868484,22.576134,0,0
24255,04:04:45,113.868484,22.576099,0,0
24255,04:05:23,113.868385,22.57605,1,0
24255,04:06:05,113.866768,22.573433,1,52
24255,04:06:45,113.864197,22.573,1,0
24255,04:07:27,113.86248,22.574551,0,42
24255,04:08:07,113.860382,22.577316,0,40
24255,04:08:47,113.863731,22.580217,0,39
24255,04:08:55,113.86438,22.579634,0,43
24255,04:12:25,113.86853,22.576233,0,0
24255,04:12:47,113.868599,22.576166,0,0
24255,04:13:27,113.868568,22.576183,0,0
24255,04:14:07,113.869949,22.575451,1,59
24255,04:14:47,113.875031,22.571951,1,10
24255,04:15:27,113.875053,22.571983,1,0
24255,04:16:07,113.876366,22.572533,1,50
24255,04:16:47,113.878418,22.574318,1,0
24255,04:17:27,113.878418,22.574333,1,0
24255,04:18:07,113.882034,22.577467,1,71
24255,04:18:47,113.885353,22.580317,1,0
24255,04:19:27,113.88562,22.580566,1,28
24255,04:20:07,113.888168,22.582733,1,0
24255,04:20:47,113.888153,22.582733,1,0
24255,04:21:27,113.888786,22.583267,1,40
24255,04:22:07,113.890099,22.584249,1,0
24255,04:22:47,113.890648,22.584433,1,29
24255,04:23:27,113.894234,22.585234,1,33
24255,04:24:07,113.898567,22.58485,1,29
24255,04:24:47,113.903236,22.585917,1,29
24255,04:25:27,113.904282,22.586849,1,43
24255,04:26:07,113.908035,22.58465,1,65
24255,04:26:47,113.910896,22.583166,1,13
24255,04:27:27,113.910851,22.583082,0,14
24255,04:28:49,113.90892,22.583967,0,14
24255,04:29:29,113.907417,22.585484,0,16
24255,04:32:48,113.894432,22.585417,0,8
24255,04:33:28,113.89283,22.5851,0,9
24255,04:34:08,113.892532,22.585182,0,0
24255,04:34:48,113.892502,22.58485,0,0
24255,04:35:28,113.892448,22.5849,0,0
24255,04:36:08,113.892487,22.584984,0,0
24255,04:36:48,113.892502,22.585016,0,0
24255,04:37:28,113.892502,22.584967,0,0
24255,04:38:08,113.892464,22.584984,0,1
24255,04:38:48,113.892281,22.58485,0,12
24255,04:39:28,113.890419,22.584583,0,4
24255,04:40:08,113.888496,22.58325,0,16
24255,04:40:48,113.888199,22.582951,0,26
24255,04:41:28,113.885551,22.580667,0,15
24255,04:42:08,113.885468,22.58065,0,0
24255,04:42:48,113.885132,22.580383,0,25
24255,04:43:28,113.881615,22.577284,0,64
24255,04:44:08,113.878601,22.574751,0,0
24255,04:44:48,113.876831,22.5732,0,55
24255,04:45:28,113.873466,22.573566,0,48
24255,04:50:28,113.871399,22.57485,0,0
24255,04:51:46,113.871399,22.574883,0,0
24255,04:51:48,113.871399,22.574883,0,0
24255,04:52:28,113.8713,22.574818,0,0
24255,04:53:08,113.871353,22.57485,0,0
24255,04:53:48,113.871353,22.574833,0,0
24255,04:54:28,113.871429,22.574949,0,1
24255,04:55:08,113.871452,22.574932,0,0
24255,04:55:48,113.871429,22.574984,0,0
24255,04:56:28,113.871284,22.574932,0,0
24255,04:57:08,113.871246,22.574917,0,0
24255,04:57:48,113.871269,22.574917,0,0
24255,04:58:28,113.871315,22.574932,0,0
24255,04:59:08,113.871315,22.574917,0,0
24255,04:59:48,113.87133,22.574932,0,0
24255,05:00:28,113.871353,22.574949,0,0
24255,05:01:08,113.871216,22.5749,0,0
24255,05:01:48,113.871315,22.574949,0,0
24255,05:02:28,113.871315,22.574949,0,0
24255,05:03:08,113.871269,22.574966,0,0
24255,05:03:48,113.871246,22.574949,0,0
24255,05:04:28,113.871269,22.574932,0,0
24255,05:05:08,113.871185,22.574984,0,15
24255,05:05:48,113.867683,22.577232,0,71
24255,05:06:28,113.864632,22.581783,0,59
24255,05:07:08,113.869934,22.585983,0,79
24255,05:07:48,113.87188,22.589067,0,51
24255,05:08:28,113.867836,22.594,0,91
24255,05:09:08,113.862686,22.601982,0,99
24255,05:09:48,113.857101,22.60865,0,85
24255,05:10:28,113.853432,22.615334,0,71
24255,05:11:08,113.848366,22.622316,0,94
24255,05:11:48,113.844521,22.628218,0,74
24255,05:12:28,113.842682,22.631517,0,31
24255,05:13:08,113.841751,22.633217,0,34
24255,05:13:48,113.844536,22.635099,0,29
24255,05:14:28,113.845001,22.635433,0,0
24255,05:15:08,113.845016,22.635349,0,0
24255,05:15:48,113.844948,22.635418,0,0
24255,05:16:28,113.844971,22.635418,0,0
24255,05:17:08,113.844971,22.635418,0,0
24255,05:17:48,113.844948,22.635401,0,0
24255,05:18:28,113.844902,22.635532,0,0
24255,05:19:08,113.844933,22.635683,0,1
24255,05:19:48,113.844971,22.635567,0,0
24255,05:20:28,113.844948,22.635532,0,0
24255,05:21:08,113.844986,22.635633,0,1
24255,05:21:48,113.844948,22.635567,0,0
24255,05:22:28,113.844933,22.635401,0,0
24255,05:23:08,113.844917,22.635433,0,0
24255,05:23:48,113.844948,22.635418,0,0
24255,05:24:28,113.844887,22.635483,0,0
24255,05:25:08,113.844902,22.635483,0,0
24255,05:25:48,113.845016,22.635401,0,2
24255,05:26:28,113.844833,22.6355,0,0
24255,05:27:08,113.844887,22.635517,0,0
24255,05:27:48,113.844864,22.635384,0,1
24255,05:28:28,113.844902,22.63525,0,1
24255,05:29:48,113.840485,22.633932,0,46
24255,05:30:28,113.838417,22.635233,0,55
24255,05:31:08,113.842232,22.631451,0,72
24255,05:31:48,113.846268,22.624468,0,85
24255,05:32:28,113.851448,22.618483,0,80
24255,05:33:08,113.855301,22.611267,0,80
24255,05:33:16,113.856018,22.609917,0,79
24255,05:36:16,113.877998,22.58095,0,35
24255,05:36:56,113.876801,22.579018,0,45
24255,05:37:36,113.875847,22.578083,0,22
24255,05:38:16,113.87442,22.574883,0,36
24255,05:38:24,113.8741,22.574301,0,29
24255,05:38:56,113.872635,22.573999,0,22
24255,05:39:36,113.869682,22.575899,0,40
24255,05:40:16,113.867134,22.57395,0,37
24255,05:40:56,113.864197,22.573133,0,11
24255,05:41:36,113.864151,22.569883,0,41
24255,05:42:16,113.862816,22.569218,0,23
24255,05:42:56,113.860214,22.570932,0,7
24255,05:43:36,113.856979,22.573467,0,46
24255,05:44:16,113.853668,22.570883,0,50
24255,05:44:24,113.853065,22.570232,0,38
24255,05:44:56,113.851616,22.571016,0,34
24255,05:45:36,113.851463,22.572718,0,37
24255,05:46:16,113.853767,22.575001,0,23
24255,05:46:56,113.856133,22.573816,0,36
24255,05:47:36,113.853867,22.571033,0,54
24255,05:47:44,113.853287,22.5702,0,43
24255,05:48:16,113.853149,22.569599,0,25
24255,05:48:24,113.853783,22.569067,0,47
24255,05:48:56,113.856415,22.566967,0,33
24255,05:49:36,113.859314,22.564484,0,11
24255,05:50:16,113.859383,22.564516,0,0
24255,05:50:56,113.861031,22.565849,0,0
24255,05:51:38,113.860001,22.564934,1,52
24255,05:52:18,113.857132,22.566433,1,17
24255,05:52:58,113.853333,22.569584,1,72
24255,05:53:38,113.848534,22.565332,1,83
24255,05:54:18,113.844681,22.568434,1,99
24255,05:54:58,113.838699,22.575684,1,98
24255,05:55:38,113.831284,22.581966,1,91
24255,05:56:18,113.832802,22.590218,1,99
24255,05:57:06,113.829185,22.6012,1,102
24255,05:58:18,113.82518,22.611851,1,85
24255,05:58:58,113.828033,22.616051,1,85
24255,05:59:38,113.82695,22.615999,1,80
24255,06:00:18,113.819099,22.612249,1,68
24255,06:00:58,113.814499,22.617184,1,87
24255,06:01:38,113.812569,22.623783,1,61
24255,06:02:18,113.810036,22.627716,1,57
24255,06:02:58,113.808479,22.626818,1,0
24255,06:03:38,113.808517,22.626801,0,0
24255,06:04:18,113.808464,22.6269,0,2
24255,06:04:58,113.806931,22.623449,0,78
24255,06:05:38,113.810631,22.616817,0,79
24255,06:06:18,113.814796,22.610382,0,69
24255,06:06:58,113.820335,22.612499,0,72
24255,06:07:38,113.827965,22.616199,0,83
24255,06:08:18,113.836082,22.619749,0,90
24255,06:08:58,113.844116,22.621782,0,49
24255,06:09:38,113.847816,22.622482,0,36
24255,06:09:46,113.848381,22.621799,0,51
24255,06:10:18,113.850166,22.619766,0,48
24255,06:10:58,113.852547,22.618668,0,77
24255,06:11:06,113.853821,22.619633,0,69
24255,06:11:38,113.855949,22.6178,0,53
24255,06:11:46,113.856133,22.617268,0,12
24255,06:12:18,113.856682,22.615583,0,74
24255,06:12:58,113.857269,22.613934,0,0
24255,06:13:38,113.857635,22.613367,0,35
24255,06:14:18,113.862518,22.608549,0,90
24255,06:14:58,113.86512,22.606133,0,58
24255,06:17:36,113.863884,22.607634,0,0
24255,06:17:38,113.863884,22.607651,0,2
24255,06:22:38,113.863617,22.608067,0,0
24255,06:27:38,113.86393,22.607983,0,0
24255,06:32:38,113.863785,22.608084,0,0
24255,06:37:38,113.8638,22.608017,0,0
24255,06:42:10,113.8638,22.608,0,0
24255,06:42:18,113.8638,22.608032,0,0
24255,06:42:58,113.864616,22.606716,0,37
24255,06:43:38,113.866051,22.604982,0,23
24255,06:44:18,113.87027,22.600767,0,65
24255,06:46:06,113.878197,22.592768,0,41
24255,06:47:18,113.871429,22.587351,0,32
24255,06:47:58,113.872398,22.587168,0,43
24255,06:48:38,113.877113,22.581882,0,71
24255,06:49:18,113.878754,22.579817,0,23
24255,06:54:58,113.876251,22.578951,0,0
24255,06:59:58,113.876167,22.57885,0,0
24255,07:04:58,113.876282,22.57905,0,0
24255,07:09:58,113.876167,22.579033,0,0
24255,07:14:58,113.876114,22.579018,0,0
24255,07:15:40,113.876221,22.579033,0,2
24255,07:16:18,113.87632,22.578917,0,0
24255,07:16:58,113.876236,22.578966,0,0
24255,07:17:38,113.876137,22.578518,1,11
24255,07:18:18,113.875885,22.5783,1,3
24255,07:18:58,113.875984,22.578518,1,4
24255,07:19:38,113.877853,22.579283,1,24
24255,07:20:58,113.880402,22.578518,1,22
24255,07:21:38,113.880135,22.576033,1,38
24255,07:21:46,113.87957,22.57555,1,36
24255,07:22:18,113.876846,22.573116,1,47
24255,07:22:58,113.875885,22.571133,1,20
24255,07:23:38,113.878098,22.569151,1,24
24255,07:24:18,113.880798,22.566799,1,35
24255,07:24:58,113.88295,22.564367,1,31
24255,07:25:38,113.879303,22.561184,1,41
24255,07:26:18,113.877281,22.562651,1,0
24255,07:26:58,113.877266,22.562616,0,0
24255,07:27:38,113.876633,22.563133,0,0
24255,07:28:18,113.874969,22.564516,0,51
24255,07:28:58,113.874168,22.565216,0,0
24255,07:29:38,113.872551,22.563984,0,55
24255,07:30:18,113.870499,22.565201,0,15
24255,07:30:58,113.870285,22.56525,0,3
24255,07:31:38,113.870064,22.565567,0,0
24255,07:32:20,113.869553,22.566116,1,12
24255,07:33:00,113.871513,22.567333,1,38
24255,07:33:40,113.87355,22.565416,1,6
24255,07:34:20,113.876167,22.563351,1,16
24255,07:35:00,113.876068,22.563334,1,1
24255,07:35:40,113.878304,22.561382,1,29
24255,07:36:20,113.878532,22.561399,1,0
24255,07:37:00,113.880417,22.559467,1,35
24255,07:37:40,113.881851,22.557966,1,26
24255,07:38:20,113.882698,22.557199,1,40
24255,07:39:00,113.885147,22.554916,1,21
24255,07:39:40,113.887947,22.556816,1,48
24255,07:40:20,113.890617,22.557467,1,42
24255,07:41:00,113.893951,22.554268,1,14
24255,07:41:40,113.894035,22.554068,1,0
24255,07:42:20,113.893967,22.553583,1,4
24255,07:43:00,113.895798,22.554716,1,48
24255,07:43:40,113.897781,22.556534,1,0
24255,07:44:20,113.897751,22.556517,1,0
24255,07:45:00,113.898949,22.557533,1,42
24255,07:45:40,113.902481,22.560682,1,56
24255,07:46:20,113.904968,22.560984,1,28
24255,07:47:00,113.905083,22.560966,0,23
24255,07:47:40,113.904099,22.561916,0,0
24255,07:48:20,113.904167,22.561951,0,0
24255,07:49:00,113.904182,22.561951,0,0
24255,07:49:40,113.904152,22.561934,0,0
24255,07:50:20,113.902985,22.563049,0,29
24255,07:51:00,113.90197,22.564068,0,14
24255,07:51:40,113.901314,22.564449,0,0
24255,07:52:20,113.901421,22.564533,0,2
24255,07:53:00,113.90155,22.56455,0,1
24255,07:53:40,113.901047,22.564432,0,15
24255,07:54:20,113.899879,22.56325,0,22
24255,07:55:00,113.89817,22.563801,0,15
24255,07:55:40,113.89743,22.564699,0,1
24255,07:56:20,113.895851,22.566116,0,18
24255,07:57:00,113.894615,22.567467,0,0
24255,07:57:40,113.893517,22.56785,1,22
24255,07:58:20,113.890648,22.569401,1,55
24255,07:59:00,113.886284,22.573584,1,56
24255,07:59:40,113.883766,22.5758,1,39
24255,08:00:20,113.880699,22.578632,1,49
24255,08:01:00,113.876633,22.582666,1,52
24255,08:01:40,113.872948,22.58675,1,56
24255,08:02:20,113.86953,22.590782,1,39
24255,08:03:00,113.86705,22.59535,1,57
24255,08:03:40,113.863998,22.600082,1,44
24255,08:04:20,113.862068,22.603149,1,40
24255,08:05:00,113.860832,22.604183,1,9
24255,08:05:40,113.86132,22.603317,1,0
24255,08:06:22,113.862984,22.600933,0,42
24255,08:07:02,113.86515,22.597651,0,43
24255,08:07:42,113.867729,22.593683,0,46
24255,08:08:22,113.86985,22.589951,0,17
24255,08:09:02,113.870598,22.588917,0,36
24255,08:09:42,113.868919,22.585699,0,36
24255,08:10:22,113.866165,22.583651,0,26
24255,08:11:42,113.862785,22.581633,1,33
24255,08:12:22,113.859283,22.584618,1,23
24255,08:13:02,113.859032,22.584667,1,0
24255,08:13:42,113.859047,22.584682,1,0
24255,08:14:22,113.858932,22.584801,1,16
24255,08:15:02,113.854965,22.587317,1,63
24255,08:15:42,113.849915,22.591417,1,63
24255,08:16:22,113.846832,22.595182,1,36
24255,08:17:02,113.845001,22.598232,1,42
24255,08:17:44,113.844635,22.599083,0,0
24255,08:18:24,113.844452,22.59955,0,0
24255,08:19:04,113.844452,22.59955,0,0
24255,08:20:24,113.845352,22.600918,1,30
24255,08:21:04,113.847885,22.6029,1,22
24255,08:21:44,113.850067,22.603933,1,26
24255,08:22:24,113.852631,22.604567,1,21
24255,08:23:04,113.855515,22.60375,1,17
24255,08:23:44,113.857933,22.604467,1,23
24255,08:24:24,113.860847,22.603483,1,24
24255,08:25:04,113.861801,22.602867,1,32
24255,08:25:44,113.865685,22.597267,1,84
24255,08:26:24,113.869736,22.590401,1,74
24255,08:27:04,113.873947,22.585501,1,64
24255,08:27:12,113.874763,22.5846,1,58
24255,08:27:44,113.877434,22.58165,1,48
24255,08:28:24,113.878166,22.580799,1,0
24255,08:29:04,113.878998,22.579933,0,17
24255,08:29:44,113.876953,22.578966,0,16
24255,08:30:24,113.876183,22.578917,0,0
24255,08:31:06,113.876167,22.578934,1,5
24255,08:31:46,113.87542,22.577383,1,14
24255,08:32:26,113.874382,22.575199,1,33
24255,08:33:06,113.873421,22.573601,1,25
24255,08:33:46,113.869148,22.576349,1,49
24255,08:34:26,113.864647,22.579817,1,20
24255,08:35:06,113.863998,22.580967,1,19
24255,08:35:46,113.865715,22.582483,1,19
24255,08:36:26,113.867485,22.584049,1,30
24255,08:37:06,113.871414,22.587032,1,40
24255,08:37:46,113.872749,22.5881,1,0
24255,08:38:26,113.872887,22.588367,1,3
24255,08:39:06,113.872581,22.588949,1,11
24255,08:39:46,113.872284,22.589018,1,0
24255,08:40:26,113.871986,22.58905,1,8
24255,08:41:06,113.871269,22.589117,1,6
24255,08:41:46,113.870583,22.589582,1,8
24255,08:42:26,113.869934,22.590366,1,16
24255,08:43:06,113.867386,22.594833,1,72
24255,08:43:46,113.86348,22.600849,1,79
24255,08:45:09,113.85408,22.614134,0,91
24255,08:45:49,113.850266,22.620167,0,61
24255,08:46:29,113.84597,22.625282,0,67
24255,08:47:09,113.842903,22.63085,0,78
24255,08:47:49,113.839287,22.635201,0,52
24255,08:48:29,113.839836,22.633932,0,51
24255,08:49:09,113.844131,22.628532,0,76
24255,08:49:49,113.845535,22.62545,0,39
24255,08:50:29,113.846153,22.62265,0,37
24255,08:51:09,113.841187,22.621283,0,74
24255,08:51:49,113.83313,22.618868,0,81
24255,08:52:29,113.8256,22.615299,0,73
24255,08:53:09,113.818581,22.61215,0,66
24255,08:53:49,113.814346,22.617582,0,74
24255,08:54:29,113.812447,22.62365,0,56
24255,08:55:09,113.810387,22.627968,0,43
24255,08:55:49,113.808601,22.627167,0,5
24255,08:56:29,113.807449,22.6266,0,33
24255,08:57:09,113.807533,22.622351,0,78
24255,08:57:49,113.811119,22.615801,0,77
24255,08:58:29,113.815331,22.610184,0,67
24255,08:59:09,113.820366,22.612551,0,70
24255,08:59:49,113.827286,22.61585,0,68
24255,09:00:29,113.833519,22.618633,0,69
24255,09:01:09,113.836052,22.616034,0,30
24255,09:01:49,113.83728,22.613283,0,0
24255,09:02:29,113.837616,22.612301,0,36
24255,09:03:09,113.83783,22.6099,0,18
24255,09:03:49,113.834915,22.608732,0,29
24255,09:04:29,113.834183,22.608433,0,0
24255,09:05:09,113.834267,22.60845,0,3
24255,09:05:49,113.833069,22.607918,0,2
24255,09:06:29,113.833031,22.6078,0,1
24255,09:10:53,113.833168,22.607967,0,0
24255,09:11:09,113.833183,22.607967,0,0
24255,09:11:49,113.832169,22.6063,0,31
24255,09:11:57,113.83252,22.605682,0,40
24255,09:12:29,113.833252,22.604383,0,0
24255,09:13:09,113.833237,22.604383,0,0
24255,09:13:49,113.833397,22.60405,0,10
24255,09:14:29,113.834152,22.602083,0,27
24255,09:15:09,113.835999,22.601801,0,28
24255,09:15:49,113.836868,22.601116,0,12
24255,09:16:29,113.837334,22.5989,0,37
24255,09:17:09,113.83847,22.597067,0,8
24255,09:17:49,113.838615,22.595568,0,11
24255,09:18:29,113.840248,22.596132,0,4
24255,09:19:09,113.840416,22.59605,0,1
24255,09:19:49,113.8414,22.5965,0,19
24255,09:20:29,113.842781,22.598516,0,21
24255,09:21:09,113.843765,22.59935,0,0
24255,09:21:49,113.843651,22.599333,0,0
24255,09:22:29,113.844131,22.599768,0,18
24255,09:23:09,113.844666,22.6003,0,14
24255,09:23:49,113.845848,22.60145,0,21
24255,09:24:29,113.847252,22.602682,0,14
24255,09:25:09,113.8498,22.603817,0,28
24255,09:25:49,113.852417,22.604467,0,7
24255,09:26:29,113.854568,22.604233,0,22
24255,09:27:09,113.85675,22.603916,0,13
24255,09:27:51,113.858032,22.604267,1,14
24255,09:28:29,113.859734,22.603951,1,12
24255,09:29:11,113.861298,22.603468,1,18
24255,09:29:51,113.863251,22.600849,1,18
24255,09:30:29,113.863899,22.599867,1,17
24255,09:31:11,113.864784,22.598551,1,13
24255,09:31:51,113.865448,22.59745,1,16
24255,09:32:31,113.865753,22.597067,1,22
24255,09:33:11,113.866531,22.595818,1,7
24255,09:33:51,113.867149,22.594816,1,8
24255,09:34:31,113.867584,22.594217,1,25
24255,09:35:11,113.868347,22.59285,1,23
24255,09:35:51,113.86927,22.591133,1,12
24255,09:36:29,113.870171,22.589649,1,26
24255,09:37:09,113.873337,22.586082,1,63
24255,09:37:51,113.877701,22.581417,1,64
24255,09:38:29,113.881752,22.577433,1,47
24255,09:39:11,113.8862,22.5734,1,57
24255,09:39:51,113.890533,22.569201,1,58
24255,09:40:31,113.894417,22.564817,1,42
24255,09:41:11,113.896034,22.563299,1,0
24255,09:41:49,113.89798,22.561434,1,19
24255,09:41:59,113.89753,22.560917,1,29
24255,09:42:31,113.895836,22.559099,1,40
24255,09:43:07,113.895264,22.558617,0,0
24255,09:43:51,113.89505,22.55905,0,35
24255,09:44:31,113.892647,22.560818,0,0
24255,09:45:11,113.891853,22.561684,0,5
24255,09:46:31,113.889801,22.563683,1,0
24255,09:47:11,113.889748,22.563618,1,0
24255,09:47:51,113.889099,22.563551,1,37
24255,09:48:31,113.885315,22.563133,1,45
24255,09:49:11,113.88623,22.563932,1,11
24255,09:49:53,113.88707,22.56455,0,29
24255,09:50:33,113.88903,22.564117,0,25
24255,09:51:13,113.88707,22.561884,0,26
24255,09:51:53,113.885384,22.563267,0,33
24255,09:52:33,113.883881,22.56485,1,14
24255,09:53:13,113.884499,22.56555,1,35
24255,09:53:53,113.881584,22.566732,1,67
24255,09:54:33,113.876282,22.571133,1,7
24255,09:55:13,113.875847,22.57155,1,14
24255,09:55:53,113.873734,22.57065,1,46
24255,09:56:33,113.870514,22.568167,1,12
24255,09:57:13,113.869568,22.569,1,0
24255,09:57:53,113.868584,22.5697,0,19
24255,09:58:35,113.867401,22.5707,1,16
24255,09:59:15,113.86718,22.570967,1,30
24255,09:59:55,113.865936,22.571951,1,2
24255,10:00:35,113.863152,22.574118,1,38
24255,10:01:15,113.8601,22.576433,1,0
24255,10:01:23,113.8601,22.576418,1,0
24255,10:01:55,113.859947,22.5765,1,20
24255,10:02:35,113.857864,22.5753,1,0
24255,10:03:15,113.85788,22.575317,0,0
24255,10:03:55,113.857384,22.57575,0,18
24255,10:04:03,113.857048,22.576,0,22
24255,10:05:15,113.857216,22.5786,0,23
24255,10:05:55,113.85743,22.578684,0,0
24255,10:06:35,113.857246,22.578699,0,1
24255,10:07:15,113.857185,22.57865,0,0
24255,10:07:55,113.857185,22.578699,0,0
24255,10:08:35,113.857117,22.578733,0,0
24255,10:09:15,113.857216,22.578617,0,0
24255,10:09:55,113.85733,22.57855,0,0
24255,10:10:35,113.857414,22.578583,0,0
24255,10:11:15,113.85733,22.578583,0,0
24255,10:11:55,113.857285,22.578632,0,0
24255,10:12:35,113.857315,22.578667,0,0
24255,10:13:15,113.857285,22.578684,0,0
24255,10:13:55,113.857216,22.5786,0,0
24255,10:14:35,113.857185,22.5786,0,0
24255,10:15:15,113.857231,22.578667,0,0
24255,10:15:55,113.857468,22.578583,1,26
24255,10:16:35,113.858467,22.575768,1,49
24255,10:17:15,113.856636,22.573683,1,29
24255,10:17:55,113.853287,22.570316,1,39
24255,10:18:35,113.850685,22.571684,1,2
24255,10:19:15,113.850334,22.571667,1,18
24255,10:19:55,113.849869,22.569901,1,17
24255,10:20:35,113.850067,22.568968,1,1
24255,10:21:15,113.849998,22.568884,0,0
24255,10:21:55,113.85025,22.568983,0,6
24255,10:23:15,113.851021,22.570118,0,8
24255,10:23:55,113.851036,22.570066,0,0
24255,10:24:35,113.850647,22.570383,0,14
24255,10:25:15,113.849686,22.5702,0,6
24255,10:25:55,113.849518,22.570232,0,1
24255,10:26:35,113.849464,22.570316,0,0
24255,10:27:15,113.849564,22.570267,0,2
24255,10:27:55,113.849632,22.570351,0,0
24255,10:28:35,113.849617,22.570351,0,0
24255,10:29:15,113.849632,22.570383,0,2
24255,10:29:55,113.849617,22.570299,0,0
24255,10:30:35,113.849632,22.57025,0,0
24255,10:31:17,113.849365,22.570566,1,18
24255,10:31:57,113.850586,22.571751,1,17
24255,10:32:37,113.852531,22.570084,1,0
24255,10:33:17,113.85247,22.570066,1,0
24255,10:33:57,113.852303,22.57,1,0
24255,10:34:37,113.853851,22.570633,1,61
24255,10:35:17,113.856331,22.573151,1,0
24255,10:35:25,113.856316,22.573151,1,0
24255,10:37:31,113.861366,22.575466,1,52
24255,10:37:57,113.863998,22.573299,1,43
24255,10:38:37,113.864265,22.573233,1,0
24255,10:39:17,113.86425,22.573168,0,0
24255,10:39:57,113.864449,22.572866,0,27
24255,10:40:37,113.864502,22.5704,0,34
24255,10:41:17,113.86348,22.569067,0,0
24255,10:41:57,113.86335,22.568832,0,23
24255,10:42:37,113.866501,22.5662,0,47
24255,10:43:19,113.867752,22.56525,1,2
24255,10:43:59,113.867767,22.565233,1,0
24255,10:44:39,113.870018,22.566868,1,62
24255,10:45:19,113.870598,22.568117,1,20
24255,10:45:59,113.867821,22.570333,1,48
24255,10:46:39,113.867035,22.570967,1,27
24255,10:47:19,113.86602,22.571899,1,0
24255,10:47:59,113.866035,22.571899,1,0
24255,10:48:39,113.865318,22.572483,1,5
24255,10:49:19,113.864418,22.573233,1,0
24255,10:50:39,113.860085,22.576733,0,13
24255,10:50:47,113.860069,22.576782,0,0
24255,10:51:19,113.861084,22.57815,1,38
24255,10:51:27,113.861687,22.5788,1,44
24255,10:51:59,113.862579,22.57975,1,0
24255,10:52:39,113.862579,22.579733,1,0
24255,10:53:19,113.863533,22.580618,1,29
24255,10:53:59,113.864853,22.582033,1,0
24255,10:54:39,113.864868,22.58205,1,0
24255,10:55:19,113.866066,22.58305,1,5
24255,10:55:59,113.866867,22.583733,1,0
24255,10:56:41,113.867851,22.584417,0,21
24255,10:57:21,113.870171,22.58605,0,20
24255,10:58:01,113.872299,22.587133,0,15
24255,10:58:41,113.874001,22.585117,0,39
24255,10:59:21,113.875114,22.584032,1,48
24255,11:00:01,113.880035,22.578951,1,60
24255,11:00:41,113.880798,22.576616,1,33
24255,11:01:21,113.879036,22.57505,1,39
24255,11:03:01,113.870781,22.575233,0,34
24255,11:03:09,113.870331,22.575533,0,21
24255,11:03:41,113.869583,22.576117,0,19
24255,11:04:21,113.867615,22.5774,0,50
24255,11:05:01,113.864136,22.58045,0,21
24255,11:05:41,113.865585,22.582399,0,11
24255,11:06:21,113.865585,22.582483,0,0
24255,11:07:01,113.865585,22.582466,0,0
24255,11:07:41,113.868568,22.58465,0,69
24255,11:08:21,113.873718,22.588734,0,76
24255,11:09:01,113.877953,22.592051,0,3
24255,11:09:41,113.877953,22.591999,0,0
24255,11:10:21,113.8787,22.592382,0,21
24255,11:11:01,113.877335,22.594982,0,12
24255,11:11:41,113.877747,22.596933,0,13
24255,11:12:21,113.879601,22.599817,0,42
24255,11:13:01,113.882652,22.601168,0,13
24255,11:13:41,113.882866,22.600733,0,0
24255,11:14:21,113.882782,22.601233,0,0
24255,11:15:01,113.884514,22.601767,1,23
24255,11:15:41,113.886398,22.60265,1,16
24255,11:16:21,113.888565,22.603884,1,52
24255,11:17:01,113.894234,22.600983,1,71
24255,11:17:41,113.895233,22.596817,1,50
24255,11:18:21,113.891632,22.594282,1,51
24255,11:19:01,113.887016,22.593317,1,55
24255,11:19:41,113.880081,22.59285,1,54
24255,11:20:21,113.879097,22.5926,1,0
24255,11:21:01,113.87912,22.592583,1,0
24255,11:21:41,113.87912,22.592567,1,0
24255,11:22:21,113.880447,22.590651,1,20
24255,11:23:01,113.883347,22.587767,1,40
24255,11:23:41,113.884903,22.587067,1,2
24255,11:24:23,113.884979,22.587151,0,0
24255,11:25:03,113.88475,22.587433,0,0
24255,11:25:43,113.886566,22.58815,0,28
24255,11:26:23,113.887764,22.588717,0,1
24255,11:27:03,113.887421,22.588568,1,24
24255,11:27:43,113.884453,22.587099,1,0
24255,11:28:23,113.884453,22.587099,1,0
24255,11:29:03,113.884315,22.587017,1,20
24255,11:29:43,113.881599,22.584717,1,4
24255,11:30:23,113.879601,22.583033,1,48
24255,11:31:03,113.879204,22.582617,1,15
24255,11:31:43,113.8797,22.58205,1,20
24255,11:33:03,113.882332,22.578133,0,41
24255,11:33:43,113.879532,22.580067,0,27
24255,11:34:33,113.87645,22.58305,1,41
24255,11:35:45,113.870201,22.589832,1,51
24255,11:35:53,113.869614,22.590633,1,53
24255,11:37:05,113.863914,22.600267,1,54
24255,11:37:45,113.863564,22.6031,1,41
24255,11:38:25,113.865685,22.6049,1,11
24255,11:39:05,113.866516,22.605618,1,25
24255,11:39:45,113.868568,22.607317,1,15
24255,11:40:25,113.867203,22.607567,1,12
24255,11:41:05,113.866631,22.607166,1,0
24255,11:41:45,113.865685,22.606268,0,14
24255,11:42:25,113.866264,22.604733,0,42
24255,11:43:05,113.869064,22.601767,0,0
24255,11:43:45,113.869034,22.601816,0,0
24255,11:44:25,113.869034,22.601833,0,0
24255,11:45:05,113.869598,22.601383,0,26
24255,11:49:43,113.877983,22.593067,0,0
24255,11:50:23,113.87793,22.593033,0,0
24255,11:51:03,113.877914,22.593033,0,0
24255,11:51:43,113.877968,22.593018,0,1
24255,11:52:23,113.878433,22.592632,0,0
24255,11:53:03,113.878448,22.592632,0,0
24255,11:53:43,113.878464,22.592632,0,0
24255,11:54:23,113.878464,22.592632,0,0
24255,11:55:03,113.878548,22.592518,0,18
24255,11:55:43,113.88015,22.589968,0,32
24255,11:56:23,113.878464,22.58955,0,21
24255,11:57:03,113.877968,22.58935,0,0
24255,11:57:43,113.878014,22.589399,0,0
24255,12:02:43,113.878151,22.58905,0,0
24255,12:13:17,113.878151,22.58905,0,0
24255,12:22:43,113.877983,22.589283,0,0
24255,12:23:52,113.878151,22.58905,0,0
24255,12:27:43,113.878036,22.589382,0,0
24255,12:32:43,113.878151,22.589382,0,0
24255,12:37:43,113.878151,22.5893,0,0
24255,12:42:43,113.878036,22.589283,0,0
24255,12:47:43,113.87822,22.589333,0,0
24255,12:52:43,113.878136,22.58935,0,0
24255,12:57:43,113.878082,22.58935,0,0
24255,13:02:43,113.877884,22.589317,0,0
24255,13:07:43,113.878136,22.5895,0,0
24255,13:12:43,113.8778,22.589216,0,0
24255,13:17:43,113.8778,22.589283,0,0
24255,13:28:17,113.8778,22.589283,0,0
24255,13:38:52,113.8778,22.589283,0,0
24255,13:49:27,113.8778,22.589283,0,0
24255,13:53:04,113.877869,22.589233,0,0
24255,13:58:04,113.878136,22.58935,0,0
24255,14:03:04,113.878166,22.589317,0,0
24255,14:08:04,113.87793,22.589367,0,0
24255,14:13:04,113.878136,22.589317,0,0
24255,14:23:04,113.878067,22.589283,0,0
24255,14:23:37,113.878136,22.589317,0,0
24255,14:28:03,113.877884,22.589268,0,0
24255,14:33:03,113.877914,22.589333,0,0
24255,14:38:03,113.877953,22.5893,0,0
24255,14:43:03,113.877831,22.5893,0,0
24255,14:44:31,113.877785,22.5893,0,0
24255,14:45:03,113.8778,22.589317,0,0
24255,14:45:43,113.877815,22.58935,0,0
24255,14:46:23,113.8778,22.589367,0,0
24255,14:47:03,113.877869,22.589466,0,0
24255,14:47:43,113.877831,22.589399,0,0
24255,14:48:23,113.877815,22.589367,0,0
24255,14:49:03,113.877785,22.58935,0,0
24255,14:49:43,113.8778,22.589367,0,0
24255,14:50:23,113.877785,22.589367,0,0
24255,14:51:03,113.877785,22.589367,0,0
24255,14:51:43,113.877815,22.589367,0,0
24255,14:52:23,113.877884,22.58935,0,0
24255,14:53:03,113.877953,22.589333,0,0
24255,14:53:43,113.877968,22.58935,0,0
24255,14:54:23,113.877968,22.589333,0,0
24255,14:55:03,113.877998,22.589333,0,0
24255,14:55:43,113.877968,22.589417,0,1
24255,14:56:23,113.87793,22.589417,0,0
24255,14:57:03,113.877983,22.589434,0,0
24255,14:57:43,113.877998,22.589466,0,0
24255,14:58:23,113.877869,22.589417,0,0
24255,14:59:03,113.877869,22.589434,0,0
24255,14:59:43,113.877899,22.589434,0,0
24255,15:00:23,113.877884,22.589417,0,0
24255,15:01:03,113.877769,22.589434,0,0
24255,15:01:43,113.877785,22.589434,0,0
24255,15:02:23,113.877701,22.589434,0,0
24255,15:03:03,113.877716,22.58935,0,0
24255,15:03:43,113.877716,22.589382,0,0
24255,15:04:23,113.877731,22.589333,0,0
24255,15:05:03,113.877785,22.58935,0,0
24255,15:05:43,113.877785,22.589382,0,0
24255,15:06:23,113.877769,22.589317,0,0
24255,15:07:03,113.877785,22.589382,0,0
24255,15:07:43,113.877815,22.589367,0,0
24255,15:08:23,113.877831,22.589382,0,0
24255,15:09:03,113.877899,22.589417,0,0
24255,15:09:43,113.877899,22.589417,0,0
24255,15:10:23,113.877884,22.589367,0,0
24255,15:11:03,113.8769,22.589001,0,11
24255,15:11:43,113.875801,22.587833,0,15
24255,15:12:23,113.875885,22.586433,0,9
24255,15:13:05,113.875732,22.586018,1,19
24255,15:13:45,113.876846,22.584749,1,0
24255,15:14:25,113.878616,22.58305,1,25
24255,15:15:05,113.879486,22.582899,1,31
24255,15:15:45,113.881165,22.5842,1,3
24255,15:16:25,113.882385,22.582832,1,11
24255,15:17:05,113.882553,22.582817,0,0
24255,15:17:45,113.882614,22.582867,0,0
24255,15:18:25,113.883835,22.581633,1,20
24255,15:19:05,113.885185,22.580601,1,23
24255,15:19:45,113.887154,22.581383,1,20
24255,15:20:25,113.888153,22.580217,1,0
24255,15:21:07,113.888153,22.580267,0,0
24255,15:21:47,113.887665,22.580883,0,15
24255,15:22:27,113.886971,22.581766,0,14
24255,15:23:07,113.888313,22.582684,1,5
24255,15:23:47,113.890648,22.580418,1,42
24255,15:24:27,113.891533,22.579483,1,0
24255,15:25:07,113.893097,22.57795,1,37
24255,15:25:47,113.893082,22.576332,1,34
24255,15:26:27,113.891502,22.574368,1,30
24255,15:27:07,113.892868,22.572968,1,0
24255,15:27:47,113.894882,22.571068,1,33
24255,15:28:27,113.895981,22.569483,1,23
24255,15:29:07,113.892784,22.5676,1,49
24255,15:29:47,113.889748,22.56415,1,23
24255,15:30:27,113.887253,22.562082,1,24
24255,15:31:07,113.884651,22.563749,1,28
24255,15:31:47,113.884247,22.564217,1,0
24255,15:32:27,113.88327,22.564617,1,29
24255,15:33:07,113.879402,22.56135,1,44
24255,15:33:47,113.876869,22.562983,1,23
24255,15:34:27,113.876282,22.563534,1,0
24255,15:35:07,113.874947,22.564667,0,35
24255,15:35:47,113.875618,22.566717,0,26
24255,15:36:29,113.876549,22.567484,1,40
24255,15:37:09,113.873253,22.566017,1,50
24255,15:37:49,113.869797,22.56715,1,51
24255,15:38:29,113.866882,22.56605,1,44
24255,15:39:09,113.863503,22.568832,1,26
24255,15:39:49,113.865585,22.571667,1,20
24255,15:40:29,113.867783,22.574734,1,42
24255,15:41:09,113.868752,22.57605,1,16
24255,15:41:49,113.865463,22.579082,1,42
24255,15:42:29,113.864914,22.579517,1,0
24255,15:43:09,113.86393,22.580833,1,23
24255,15:43:49,113.865463,22.582483,1,24
24255,15:44:29,113.867531,22.584217,1,40
24255,15:45:17,113.87178,22.587383,1,25
24255,15:46:29,113.877831,22.591932,1,0
24255,15:47:09,113.878548,22.592266,1,29
24255,15:47:49,113.884247,22.593067,1,54
24255,15:48:29,113.8908,22.593433,1,83
24255,15:49:09,113.894203,22.593634,1,2
24255,15:49:49,113.89447,22.593666,1,0
24255,15:50:29,113.896866,22.595182,1,62
24255,15:51:17,113.896202,22.596083,1,67
24255,15:52:29,113.893349,22.5982,1,11
24255,15:52:37,113.89325,22.598267,1,4
24255,15:53:09,113.892815,22.598551,1,8
24255,15:53:49,113.890915,22.599867,1,29
24255,15:53:57,113.89045,22.600201,1,26
24255,15:54:29,113.888817,22.601282,1,37
24255,15:54:37,113.888298,22.60165,1,20
24255,15:55:09,113.886887,22.602751,1,11
24255,15:55:49,113.88517,22.604282,1,19
24255,15:56:29,113.883751,22.60585,1,37
24255,15:57:09,113.882019,22.608183,1,28
24255,15:57:49,113.880096,22.611168,1,43
24255,15:58:29,113.876846,22.615467,1,57
24255,15:59:09,113.871651,22.619682,1,86
24255,15:59:49,113.865166,22.622618,1,63
24255,16:00:29,113.858383,22.625134,1,68
24255,16:01:09,113.850929,22.628384,1,99
24255,16:01:49,113.843246,22.63475,1,93
24255,16:02:29,113.837334,22.6422,1,99
24255,16:03:09,113.833153,22.648817,1,23
24255,16:03:10,113.833153,22.648817,1,23
24255,16:03:11,113.833153,22.648817,1,23
24255,16:03:12,113.833153,22.648817,1,23
24255,16:03:49,113.833321,22.649099,1,0
24255,16:03:50,113.833321,22.649099,1,0
24255,16:03:51,113.833321,22.649099,1,0
24255,16:03:52,113.833321,22.649099,1,0
24255,16:04:29,113.833382,22.649166,1,4
24255,16:04:30,113.833382,22.649166,1,4
24255,16:04:31,113.833382,22.649166,1,4
24255,16:04:32,113.833382,22.649166,1,4
24255,16:05:09,113.832253,22.650749,1,43
24255,16:05:10,113.832253,22.650749,1,43
24255,16:05:11,113.832253,22.650749,1,43
24255,16:05:12,113.832253,22.650749,1,43
24255,16:05:49,113.827919,22.650249,1,42
24255,16:05:50,113.827919,22.650249,1,42
24255,16:05:51,113.827919,22.650249,1,42
24255,16:05:52,113.827919,22.650249,1,42
24255,16:06:29,113.824265,22.652033,1,61
24255,16:06:30,113.824265,22.652033,1,61
24255,16:06:31,113.824265,22.652033,1,61
24255,16:06:32,113.824265,22.652033,1,61
24255,16:08:47,113.823715,22.674,0,57
24255,16:08:48,113.823715,22.674,0,57
24255,16:08:49,113.823715,22.674,0,57
24255,16:08:50,113.823715,22.674,0,57
24255,16:09:27,113.8237,22.680149,0,78
24255,16:09:28,113.8237,22.680149,0,78
24255,16:09:29,113.8237,22.680149,0,78
24255,16:09:30,113.8237,22.680149,0,78
24255,16:13:48,113.828598,22.695917,0,1
24255,16:13:49,113.828598,22.695917,0,1
24255,16:13:50,113.828598,22.695917,0,1
24255,16:13:51,113.828598,22.695917,0,1
24255,16:14:28,113.828514,22.695917,0,0
24255,16:14:29,113.828514,22.695917,0,0
24255,16:14:30,113.828514,22.695917,0,0
24255,16:14:31,113.828514,22.695917,0,0
24255,16:15:08,113.828285,22.695967,0,1
24255,16:15:09,113.828285,22.695967,0,1
24255,16:15:10,113.828285,22.695967,0,1
24255,16:15:11,113.828285,22.695967,0,1
24255,16:15:48,113.827965,22.696117,0,3
24255,16:15:49,113.827965,22.696117,0,3
24255,16:15:50,113.827965,22.696117,0,3
24255,16:15:51,113.827965,22.696117,0,3
24255,16:16:28,113.827316,22.6966,0,2
24255,16:16:29,113.827316,22.6966,0,2
24255,16:16:30,113.827316,22.6966,0,2
24255,16:16:31,113.827316,22.6966,0,2
24255,16:17:08,113.82737,22.697201,0,25
24255,16:17:09,113.82737,22.697201,0,25
24255,16:17:10,113.82737,22.697201,0,25
24255,16:17:11,113.82737,22.697201,0,25
24255,16:17:48,113.827484,22.696199,0,7
24255,16:17:49,113.827484,22.696199,0,7
24255,16:17:50,113.827484,22.696199,0,7
24255,16:17:51,113.827484,22.696199,0,7
24255,16:18:28,113.827797,22.694584,0,25
24255,16:18:29,113.827797,22.694584,0,25
24255,16:18:30,113.827797,22.694584,0,25
24255,16:18:31,113.827797,22.694584,0,25
24255,16:19:08,113.827019,22.689751,0,46
24255,16:19:09,113.827019,22.689751,0,46
24255,16:19:10,113.827019,22.689751,0,46
24255,16:19:11,113.827019,22.689751,0,46
24255,16:19:48,113.824471,22.68465,0,63
24255,16:19:49,113.824471,22.68465,0,63
24255,16:19:50,113.824471,22.68465,0,63
24255,16:19:51,113.824471,22.68465,0,63
24255,16:20:28,113.82338,22.6817,0,34
24255,16:20:29,113.82338,22.6817,0,34
24255,16:20:30,113.82338,22.6817,0,34
24255,16:20:31,113.82338,22.6817,0,34
24255,16:21:08,113.823402,22.679533,0,39
24255,16:21:09,113.823402,22.679533,0,39
24255,16:21:10,113.823402,22.679533,0,39
24255,16:21:11,113.823402,22.679533,0,39
24255,16:21:48,113.822601,22.676783,0,24
24255,16:21:49,113.822601,22.676783,0,24
24255,16:21:50,113.822601,22.676783,0,24
24255,16:21:51,113.822601,22.676783,0,24
24255,16:21:56,113.822235,22.676634,0,13
24255,16:21:57,113.822235,22.676634,0,13
24255,16:21:58,113.822235,22.676634,0,13
24255,16:21:59,113.822235,22.676634,0,13
24255,16:22:28,113.821053,22.675833,0,32
24255,16:22:29,113.821053,22.675833,0,32
24255,16:22:30,113.821053,22.675833,0,32
24255,16:22:31,113.821053,22.675833,0,32
24255,16:23:08,113.819069,22.6744,0,2
24255,16:23:09,113.819069,22.6744,0,2
24255,16:23:10,113.819069,22.6744,0,2
24255,16:23:11,113.819069,22.6744,0,2
24255,16:23:48,113.8209,22.675318,0,3
24255,16:23:49,113.8209,22.675318,0,3
24255,16:23:50,113.8209,22.675318,0,3
24255,16:23:51,113.8209,22.675318,0,3
24255,16:24:28,113.82122,22.67555,0,12
24255,16:24:29,113.82122,22.67555,0,12
24255,16:24:30,113.82122,22.67555,0,12
24255,16:24:31,113.82122,22.67555,0,12
24255,16:25:08,113.82225,22.676018,0,26
24255,16:25:09,113.82225,22.676018,0,26
24255,16:25:10,113.82225,22.676018,0,26
24255,16:25:11,113.82225,22.676018,0,26
24255,16:25:48,113.823036,22.674749,0,10
24255,16:25:49,113.823036,22.674749,0,10
24255,16:25:50,113.823036,22.674749,0,10
24255,16:25:51,113.823036,22.674749,0,10
24255,16:26:28,113.823349,22.673384,0,8
24255,16:26:29,113.823349,22.673384,0,8
24255,16:26:30,113.823349,22.673384,0,8
24255,16:26:31,113.823349,22.673384,0,8
24255,16:27:08,113.823349,22.673349,0,0
24255,16:27:09,113.823349,22.673349,0,0
24255,16:27:10,113.823349,22.673349,0,0
24255,16:27:11,113.823349,22.673349,0,0
24255,16:27:48,113.823349,22.673349,0,0
24255,16:27:49,113.823349,22.673349,0,0
24255,16:27:50,113.823349,22.673349,0,0
24255,16:27:51,113.823349,22.673349,0,0
24255,16:28:28,113.823349,22.673349,0,0
24255,16:28:29,113.823349,22.673349,0,0
24255,16:28:30,113.823349,22.673349,0,0
24255,16:28:31,113.823349,22.673349,0,0
24255,16:29:08,113.823349,22.673367,0,0
24255,16:29:09,113.823349,22.673367,0,0
24255,16:29:10,113.823349,22.673367,0,0
24255,16:29:11,113.823349,22.673367,0,0
24255,16:29:48,113.823334,22.673367,0,0
24255,16:29:49,113.823334,22.673367,0,0
24255,16:29:50,113.823334,22.673367,0,0
24255,16:29:51,113.823334,22.673367,0,0
24255,16:30:28,113.823334,22.673367,0,0
24255,16:30:29,113.823334,22.673367,0,0
24255,16:30:30,113.823334,22.673367,0,0
24255,16:30:31,113.823334,22.673367,0,0
24255,16:31:08,113.823349,22.673367,0,0
24255,16:31:09,113.823349,22.673367,0,0
24255,16:31:10,113.823349,22.673367,0,0
24255,16:31:11,113.823349,22.673367,0,0
24255,16:31:48,113.823349,22.673349,0,0
24255,16:31:49,113.823349,22.673349,0,0
24255,16:31:50,113.823349,22.673349,0,0
24255,16:31:51,113.823349,22.673349,0,0
24255,16:32:28,113.823349,22.673349,0,0
24255,16:32:29,113.823349,22.673349,0,0
24255,16:32:30,113.823349,22.673349,0,0
24255,16:32:31,113.823349,22.673349,0,0
24255,16:33:08,113.823349,22.672449,0,0
24255,16:33:09,113.823349,22.672449,0,0
24255,16:33:10,113.823349,22.672449,0,0
24255,16:33:11,113.823349,22.672449,0,0
24255,16:33:48,113.822632,22.673384,0,26
24255,16:33:49,113.822632,22.673384,0,26
24255,16:33:50,113.822632,22.673384,0,26
24255,16:33:51,113.822632,22.673384,0,26
24255,16:34:28,113.819679,22.672283,0,25
24255,16:34:29,113.819679,22.672283,0,25
24255,16:34:30,113.819679,22.672283,0,25
24255,16:34:31,113.819679,22.672283,0,25
24255,16:35:08,113.818169,22.672583,0,7
24255,16:35:09,113.818169,22.672583,0,7
24255,16:35:10,113.818169,22.672583,0,7
24255,16:35:11,113.818169,22.672583,0,7
24255,16:36:28,113.817734,22.67325,0,0
24255,16:36:29,113.817734,22.67325,0,0
24255,16:36:30,113.817734,22.67325,0,0
24255,16:36:31,113.817734,22.67325,0,0
24255,16:37:08,113.817719,22.673267,0,0
24255,16:37:09,113.817719,22.673267,0,0
24255,16:37:10,113.817719,22.673267,0,0
24255,16:37:11,113.817719,22.673267,0,0
24255,16:37:48,113.817749,22.673283,0,0
24255,16:37:49,113.817749,22.673283,0,0
24255,16:37:50,113.817749,22.673283,0,0
24255,16:37:51,113.817749,22.673283,0,0
24255,16:38:28,113.817665,22.673367,0,15
24255,16:38:29,113.817665,22.673367,0,15
24255,16:38:30,113.817665,22.673367,0,15
24255,16:38:31,113.817665,22.673367,0,15
24255,16:39:08,113.816315,22.675083,0,1
24255,16:39:09,113.816315,22.675083,0,1
24255,16:39:10,113.816315,22.675083,0,1
24255,16:39:11,113.816315,22.675083,0,1
24255,16:39:48,113.815666,22.675983,0,21
24255,16:39:49,113.815666,22.675983,0,21
24255,16:39:50,113.815666,22.675983,0,21
24255,16:39:51,113.815666,22.675983,0,21
24255,16:40:28,113.813271,22.678949,0,36
24255,16:40:29,113.813271,22.678949,0,36
24255,16:40:30,113.813271,22.678949,0,36
24255,16:40:31,113.813271,22.678949,0,36
24255,16:41:08,113.808853,22.679216,0,33
24255,16:41:09,113.808853,22.679216,0,33
24255,16:41:10,113.808853,22.679216,0,33
24255,16:41:11,113.808853,22.679216,0,33
24255,16:41:48,113.807953,22.681351,0,51
24255,16:41:49,113.807953,22.681351,0,51
24255,16:41:50,113.807953,22.681351,0,51
24255,16:41:51,113.807953,22.681351,0,51
24255,16:43:08,113.805832,22.687883,0,11
24255,16:43:09,113.805832,22.687883,0,11
24255,16:43:10,113.805832,22.687883,0,11
24255,16:43:11,113.805832,22.687883,0,11
24255,16:43:16,113.805901,22.687983,0,5
24255,16:43:17,113.805901,22.687983,0,5
24255,16:43:18,113.805901,22.687983,0,5
24255,16:43:19,113.805901,22.687983,0,5
24255,16:43:48,113.805763,22.68825,0,0
24255,16:43:49,113.805763,22.68825,0,0
24255,16:43:50,113.805763,22.68825,0,0
24255,16:43:51,113.805763,22.68825,0,0
24255,16:43:55,113.805763,22.688232,0,0
24255,16:43:56,113.805763,22.688232,0,0
24255,16:43:57,113.805763,22.688232,0,0
24255,16:43:58,113.805763,22.688232,0,0
24255,16:44:30,113.805733,22.688232,0,0
24255,16:44:31,113.805733,22.688232,0,0
24255,16:44:32,113.805733,22.688232,0,0
24255,16:44:33,113.805733,22.688232,0,0
24255,16:44:38,113.805733,22.688217,0,0
24255,16:44:39,113.805733,22.688217,0,0
24255,16:44:40,113.805733,22.688217,0,0
24255,16:44:41,113.805733,22.688217,0,0
24255,16:45:10,113.805733,22.6882,0,0
24255,16:45:11,113.805733,22.6882,0,0
24255,16:45:12,113.805733,22.6882,0,0
24255,16:45:13,113.805733,22.6882,0,0
24255,16:45:18,113.805702,22.6882,0,3
24255,16:45:19,113.805702,22.6882,0,3
24255,16:45:20,113.805702,22.6882,0,3
24255,16:45:21,113.805702,22.6882,0,3
24255,16:45:48,113.804314,22.689367,0,22
24255,16:45:49,113.804314,22.689367,0,22
24255,16:45:50,113.804314,22.689367,0,22
24255,16:45:51,113.804314,22.689367,0,22
24255,16:45:55,113.803902,22.689684,0,21
24255,16:45:56,113.803902,22.689684,0,21
24255,16:45:57,113.803902,22.689684,0,21
24255,16:45:58,113.803902,22.689684,0,21
24255,16:46:30,113.802284,22.690933,0,11
24255,16:46:31,113.802284,22.690933,0,11
24255,16:46:32,113.802284,22.690933,0,11
24255,16:46:33,113.802284,22.690933,0,11
24255,16:47:10,113.801399,22.691584,0,18
24255,16:47:11,113.801399,22.691584,0,18
24255,16:47:12,113.801399,22.691584,0,18
24255,16:47:13,113.801399,22.691584,0,18
24255,16:47:50,113.799065,22.691784,0,45
24255,16:47:51,113.799065,22.691784,0,45
24255,16:47:52,113.799065,22.691784,0,45
24255,16:47:53,113.799065,22.691784,0,45
24255,16:48:30,113.795898,22.693567,0,58
24255,16:48:31,113.795898,22.693567,0,58
24255,16:48:32,113.795898,22.693567,0,58
24255,16:48:33,113.795898,22.693567,0,58
24255,16:49:10,113.79512,22.699318,0,12
24255,16:49:11,113.79512,22.699318,0,12
24255,16:49:12,113.79512,22.699318,0,12
24255,16:49:13,113.79512,22.699318,0,12
24255,16:49:50,113.79512,22.699966,0,34
24255,16:49:51,113.79512,22.699966,0,34
24255,16:49:52,113.79512,22.699966,0,34
24255,16:49:53,113.79512,22.699966,0,34
24255,16:50:30,113.794968,22.703751,0,23
24255,16:50:31,113.794968,22.703751,0,23
24255,16:50:32,113.794968,22.703751,0,23
24255,16:50:33,113.794968,22.703751,0,23
24255,16:51:10,113.794815,22.70245,0,0
24255,16:51:11,113.794815,22.70245,0,0
24255,16:51:12,113.794815,22.70245,0,0
24255,16:51:13,113.794815,22.70245,0,0
24255,16:51:50,113.794899,22.701166,0,44
24255,16:51:51,113.794899,22.701166,0,44
24255,16:51:52,113.794899,22.701166,0,44
24255,16:51:53,113.794899,22.701166,0,44
24255,16:52:30,113.795036,22.695883,0,58
24255,16:52:31,113.795036,22.695883,0,58
24255,16:52:32,113.795036,22.695883,0,58
24255,16:52:33,113.795036,22.695883,0,58
24255,16:53:10,113.796471,22.691151,0,0
24255,16:53:11,113.796471,22.691151,0,0
24255,16:53:12,113.796471,22.691151,0,0
24255,16:53:13,113.796471,22.691151,0,0
24255,16:53:50,113.796486,22.691151,0,0
24255,16:53:51,113.796486,22.691151,0,0
24255,16:53:52,113.796486,22.691151,0,0
24255,16:53:53,113.796486,22.691151,0,0
24255,16:54:30,113.796486,22.691133,0,0
24255,16:54:31,113.796486,22.691133,0,0
24255,16:54:32,113.796486,22.691133,0,0
24255,16:54:33,113.796486,22.691133,0,0
24255,16:55:10,113.796486,22.691133,0,1
24255,16:55:11,113.796486,22.691133,0,1
24255,16:55:12,113.796486,22.691133,0,1
24255,16:55:13,113.796486,22.691133,0,1
24255,16:55:50,113.7966,22.688183,0,43
24255,16:55:51,113.7966,22.688183,0,43
24255,16:55:52,113.7966,22.688183,0,43
24255,16:55:53,113.7966,22.688183,0,43
24255,16:56:30,113.796547,22.685717,0,0
24255,16:56:31,113.796547,22.685717,0,0
24255,16:56:32,113.796547,22.685717,0,0
24255,16:56:33,113.796547,22.685717,0,0
24255,16:57:10,113.796547,22.685749,0,0
24255,16:57:11,113.796547,22.685749,0,0
24255,16:57:12,113.796547,22.685749,0,0
24255,16:57:13,113.796547,22.685749,0,0
24255,16:57:50,113.796532,22.685766,0,0
24255,16:57:51,113.796532,22.685766,0,0
24255,16:57:52,113.796532,22.685766,0,0
24255,16:57:53,113.796532,22.685766,0,0
24255,16:58:30,113.796516,22.685801,0,0
24255,16:58:31,113.796516,22.685801,0,0
24255,16:58:32,113.796516,22.685801,0,0
24255,16:58:33,113.796516,22.685801,0,0
24255,16:59:10,113.796501,22.685818,0,0
24255,16:59:11,113.796501,22.685818,0,0
24255,16:59:12,113.796501,22.685818,0,0
24255,16:59:13,113.796501,22.685818,0,0
24255,16:59:50,113.796471,22.685783,0,0
24255,16:59:51,113.796471,22.685783,0,0
24255,16:59:52,113.796471,22.685783,0,0
24255,16:59:53,113.796471,22.685783,0,0
24255,17:00:30,113.796501,22.685749,0,0
24255,17:00:31,113.796501,22.685749,0,0
24255,17:00:32,113.796501,22.685749,0,0
24255,17:00:33,113.796501,22.685749,0,0
24255,17:01:10,113.796547,22.685699,0,3
24255,17:01:11,113.796547,22.685699,0,3
24255,17:01:12,113.796547,22.685699,0,3
24255,17:01:13,113.796547,22.685699,0,3
24255,17:01:50,113.796654,22.68305,0,7
24255,17:01:51,113.796654,22.68305,0,7
24255,17:01:52,113.796654,22.68305,0,7
24255,17:01:53,113.796654,22.68305,0,7
24255,17:02:30,113.796684,22.68185,0,15
24255,17:02:31,113.796684,22.68185,0,15
24255,17:02:32,113.796684,22.68185,0,15
24255,17:02:33,113.796684,22.68185,0,15
24255,17:03:10,113.796616,22.681833,0,0
24255,17:03:11,113.796616,22.681833,0,0
24255,17:03:12,113.796616,22.681833,0,0
24255,17:03:13,113.796616,22.681833,0,0
24255,17:03:50,113.796715,22.679716,0,21
24255,17:03:51,113.796715,22.679716,0,21
24255,17:03:52,113.796715,22.679716,0,21
24255,17:03:53,113.796715,22.679716,0,21
24255,17:04:30,113.796715,22.678818,0,31
24255,17:04:31,113.796715,22.678818,0,31
24255,17:04:32,113.796715,22.678818,0,31
24255,17:04:33,113.796715,22.678818,0,31
24255,17:05:10,113.796753,22.678432,0,0
24255,17:05:11,113.796753,22.678432,0,0
24255,17:05:12,113.796753,22.678432,0,0
24255,17:05:13,113.796753,22.678432,0,0
24255,17:05:50,113.796753,22.678417,0,0
24255,17:05:51,113.796753,22.678417,0,0
24255,17:05:52,113.796753,22.678417,0,0
24255,17:05:53,113.796753,22.678417,0,0
24255,17:06:30,113.796753,22.678432,0,0
24255,17:06:31,113.796753,22.678432,0,0
24255,17:06:32,113.796753,22.678432,0,0
24255,17:06:33,113.796753,22.678432,0,0
24255,17:07:10,113.796852,22.6766,0,45
24255,17:07:11,113.796852,22.6766,0,45
24255,17:07:12,113.796852,22.6766,0,45
24255,17:07:13,113.796852,22.6766,0,45
24255,17:07:50,113.797867,22.673918,0,31
24255,17:07:51,113.797867,22.673918,0,31
24255,17:07:52,113.797867,22.673918,0,31
24255,17:07:53,113.797867,22.673918,0,31
24255,17:08:30,113.800331,22.671499,0,18
24255,17:08:31,113.800331,22.671499,0,18
24255,17:08:32,113.800331,22.671499,0,18
24255,17:08:33,113.800331,22.671499,0,18
24255,17:09:10,113.80278,22.668617,0,61
24255,17:09:11,113.80278,22.668617,0,61
24255,17:09:12,113.80278,22.668617,0,61
24255,17:09:13,113.80278,22.668617,0,61
24255,17:09:50,113.805664,22.666533,0,0
24255,17:09:51,113.805664,22.666533,0,0
24255,17:09:52,113.805664,22.666533,0,0
24255,17:09:53,113.805664,22.666533,0,0
24255,17:10:30,113.805664,22.666567,0,0
24255,17:10:31,113.805664,22.666567,0,0
24255,17:10:32,113.805664,22.666567,0,0
24255,17:10:33,113.805664,22.666567,0,0
24255,17:11:10,113.805717,22.666517,0,14
24255,17:11:11,113.805717,22.666517,0,14
24255,17:11:12,113.805717,22.666517,0,14
24255,17:11:13,113.805717,22.666517,0,14
24255,17:11:50,113.809532,22.662849,0,80
24255,17:11:51,113.809532,22.662849,0,80
24255,17:11:52,113.809532,22.662849,0,80
24255,17:11:53,113.809532,22.662849,0,80
24255,17:11:55,113.81028,22.661484,0,81
24255,17:11:56,113.81028,22.661484,0,81
24255,17:11:57,113.81028,22.661484,0,81
24255,17:11:58,113.81028,22.661484,0,81
24255,17:12:38,113.814766,22.654934,0,76
24255,17:12:39,113.814766,22.654934,0,76
24255,17:12:40,113.814766,22.654934,0,76
24255,17:12:41,113.814766,22.654934,0,76
24255,17:13:10,113.817253,22.6518,0,40
24255,17:13:11,113.817253,22.6518,0,40
24255,17:13:12,113.817253,22.6518,0,40
24255,17:13:13,113.817253,22.6518,0,40
24255,17:14:33,113.819153,22.64975,0,6
24255,17:14:34,113.819153,22.64975,0,6
24255,17:14:35,113.819153,22.64975,0,6
24255,17:14:36,113.819153,22.64975,0,6
24255,17:15:13,113.819916,22.648884,0,36
24255,17:15:14,113.819916,22.648884,0,36
24255,17:15:15,113.819916,22.648884,0,36
24255,17:15:16,113.819916,22.648884,0,36
24255,17:15:53,113.819237,22.647633,0,35
24255,17:15:54,113.819237,22.647633,0,35
24255,17:15:55,113.819237,22.647633,0,35
24255,17:15:56,113.819237,22.647633,0,35
24255,17:16:33,113.818398,22.645983,0,7
24255,17:16:34,113.818398,22.645983,0,7
24255,17:16:35,113.818398,22.645983,0,7
24255,17:16:36,113.818398,22.645983,0,7
24255,17:17:13,113.819984,22.643316,1,47
24255,17:17:14,113.819984,22.643316,1,47
24255,17:17:15,113.819984,22.643316,1,47
24255,17:17:16,113.819984,22.643316,1,47
24255,17:17:53,113.821785,22.640034,1,57
24255,17:17:54,113.821785,22.640034,1,57
24255,17:17:55,113.821785,22.640034,1,57
24255,17:17:56,113.821785,22.640034,1,57
24255,17:18:33,113.823502,22.637051,1,10
24255,17:18:34,113.823502,22.637051,1,10
24255,17:18:35,113.823502,22.637051,1,10
24255,17:18:36,113.823502,22.637051,1,10
24255,17:19:13,113.825729,22.636749,1,48
24255,17:19:14,113.825729,22.636749,1,48
24255,17:19:15,113.825729,22.636749,1,48
24255,17:19:16,113.825729,22.636749,1,48
24255,17:19:53,113.829819,22.632418,1,65
24255,17:20:01,113.830353,22.631582,1,40
24255,17:20:33,113.830666,22.631001,1,0
24255,17:20:41,113.830681,22.631018,1,0
24255,17:21:53,113.832336,22.627068,1,32
24255,17:22:33,113.833397,22.622618,1,60
24255,17:22:41,113.833717,22.621517,1,58
24255,17:23:13,113.834251,22.620068,1,0
24255,17:23:21,113.834297,22.619984,1,11
24255,17:24:00,113.83567,22.616882,0,38
24255,17:24:38,113.837166,22.61355,0,28
24255,17:25:18,113.838181,22.611282,0,39
24255,17:25:58,113.839729,22.608217,0,11
24255,17:26:38,113.839882,22.607933,0,3
24255,17:27:18,113.83992,22.607883,0,0
24255,17:27:58,113.839882,22.607918,0,0
24255,17:28:38,113.840515,22.606617,0,38
24255,17:29:18,113.841553,22.604282,0,9
24255,17:29:58,113.841797,22.603718,0,10
24255,17:30:38,113.841782,22.603649,0,2
24255,17:31:18,113.842415,22.602568,0,2
24255,17:31:58,113.842285,22.602484,0,0
24255,17:33:18,113.843269,22.600983,0,14
24255,17:33:58,113.843651,22.60025,0,0
24255,17:34:38,113.843651,22.600283,0,0
24255,17:35:18,113.843651,22.6003,0,0
24255,17:35:58,113.843636,22.6003,0,0
24255,17:36:38,113.84362,22.600317,0,0
24255,17:37:18,113.843597,22.600317,0,0
24255,17:37:58,113.843513,22.6003,0,0
24255,17:38:38,113.844215,22.598801,0,24
24255,17:39:18,113.84597,22.595633,0,46
24255,17:39:58,113.849747,22.591101,0,70
24255,17:40:38,113.854736,22.587049,0,37
24255,17:40:46,113.855186,22.586567,0,21
24255,17:41:58,113.852966,22.583918,0,48
24255,17:42:38,113.852303,22.583117,0,16
24255,17:43:18,113.85437,22.581284,0,0
24255,17:43:58,113.854218,22.581217,0,0
24255,17:44:38,113.854233,22.581232,0,0
24255,17:45:18,113.856651,22.579283,0,47
24255,17:46:00,113.857399,22.578449,0,1
24255,17:46:40,113.857285,22.57835,1,7
24255,17:47:20,113.859329,22.576782,1,0
24255,17:48:00,113.859421,22.576866,1,0
24255,17:48:40,113.859436,22.576866,1,0
24255,17:49:20,113.859451,22.576866,1,0
24255,17:50:00,113.859581,22.576717,1,16
24255,17:50:40,113.862869,22.574118,1,23
24255,17:51:20,113.864365,22.572968,1,33
24255,17:52:00,113.865364,22.572132,1,11
24255,17:52:40,113.867767,22.570267,1,28
24255,17:53:20,113.869766,22.56855,1,19
24255,17:54:00,113.870682,22.567917,1,3
24255,17:54:40,113.873665,22.570101,1,69
24255,17:55:20,113.875,22.571383,1,0
24255,17:56:00,113.874985,22.57135,1,0
24255,17:56:40,113.874985,22.571333,1,0
24255,17:57:20,113.874969,22.571333,1,0
24255,17:58:00,113.874969,22.57135,1,0
24255,17:58:40,113.874969,22.57135,1,0
24255,17:59:20,113.874969,22.57135,1,0
24255,18:00:00,113.874969,22.57135,1,0
24255,18:00:40,113.874947,22.57135,1,0
24255,18:01:20,113.875298,22.571751,1,19
24255,18:02:00,113.876617,22.572849,1,37
24255,18:02:40,113.878349,22.574232,1,15
24255,18:03:20,113.880165,22.572901,1,40
24255,18:04:00,113.881981,22.5711,1,4
24255,18:04:40,113.882484,22.571083,1,15
24255,18:05:20,113.883736,22.572184,1,29
24255,18:06:00,113.884537,22.572166,1,8
24255,18:06:40,113.885284,22.5714,1,16
24255,18:07:20,113.886299,22.570517,0,10
24255,18:08:00,113.887184,22.569616,0,11
24255,18:08:40,113.887947,22.568899,0,0
24255,18:09:20,113.88913,22.569517,0,19
24255,18:10:00,113.889565,22.569418,0,4
24255,18:10:08,113.889549,22.569418,0,0
24255,18:12:18,113.889549,22.569483,0,0
24255,18:12:40,113.889435,22.569517,0,8
24255,18:13:20,113.889481,22.569883,0,5
24255,18:14:00,113.88797,22.568617,0,26
24255,18:14:40,113.886452,22.567368,0,2
24255,18:21:20,113.879066,22.574017,0,29
24255,18:22:00,113.878418,22.574783,0,9
24255,18:22:40,113.877365,22.575768,0,18
24255,18:23:20,113.876534,22.576418,0,8
24255,18:24:00,113.875069,22.576233,0,4
24255,18:24:40,113.875771,22.577818,0,16
24255,18:25:20,113.876114,22.578716,0,10
24255,18:30:20,113.876297,22.578934,0,0
24255,18:35:20,113.87632,22.578983,0,0
24255,18:40:20,113.87635,22.578934,0,0
24255,18:45:20,113.87635,22.578917,0,0
24255,18:50:20,113.87632,22.578934,0,0
24255,18:55:20,113.876366,22.578951,0,0
24255,18:57:34,113.876366,22.578951,0,0
24255,18:58:00,113.876366,22.578951,0,0
24255,18:58:40,113.876366,22.578966,0,0
24255,18:59:20,113.876381,22.578951,0,0
24255,19:00:00,113.87635,22.578951,0,0
24255,19:00:40,113.87635,22.578951,0,0
24255,19:01:20,113.876366,22.578951,0,2
24255,19:02:00,113.876198,22.578699,0,0
24255,19:02:40,113.876099,22.578449,0,15
24255,19:03:20,113.875351,22.577066,0,16
24255,19:04:00,113.875031,22.576384,0,0
24255,19:04:42,113.874702,22.575333,1,14
24255,19:05:30,113.873466,22.573601,1,23
24255,19:07:22,113.86853,22.575867,1,41
24255,19:08:02,113.865784,22.572218,1,22
24255,19:08:10,113.865532,22.572233,1,21
24255,19:08:42,113.865196,22.572582,1,0
24255,19:09:22,113.863899,22.573383,1,39
24255,19:10:02,113.862366,22.574617,1,20
24255,19:10:42,113.860031,22.576599,1,12
24255,19:11:22,113.860016,22.576584,1,0
24255,19:12:02,113.860016,22.576567,1,0
24255,19:12:42,113.857498,22.578733,1,26
24255,19:13:22,113.854782,22.581232,1,11
24255,19:14:02,113.856567,22.583218,1,18
24255,19:14:42,113.857468,22.584,1,0
24255,19:15:24,113.858032,22.584583,1,13
24255,19:16:04,113.858749,22.58465,1,31
24255,19:16:44,113.86113,22.582933,1,0
24255,19:17:24,113.861153,22.582884,1,0
24255,19:18:04,113.86113,22.582884,1,0
24255,19:18:44,113.861099,22.582884,1,0
24255,19:19:24,113.861183,22.582817,1,17
24255,19:20:04,113.861885,22.582233,1,0
24255,19:20:44,113.8619,22.582233,1,0
24255,19:21:24,113.8619,22.582251,1,0
24255,19:22:04,113.8619,22.582268,1,0
24255,19:22:44,113.8619,22.582268,1,0
24255,19:23:24,113.86248,22.581682,1,3
24255,19:24:04,113.862518,22.58165,1,0
24255,19:24:44,113.862518,22.58165,1,0
24255,19:25:24,113.862518,22.581633,1,0
24255,19:26:04,113.862518,22.581682,1,0
24255,19:26:44,113.862549,22.581667,1,6
24255,19:27:24,113.863266,22.58095,1,0
24255,19:28:04,113.863251,22.58095,1,0
24255,19:28:44,113.863235,22.58095,1,0
24255,19:29:24,113.863235,22.58095,1,0
24255,19:30:04,113.863251,22.580933,1,0
24255,19:30:44,113.864632,22.581734,1,36
24255,19:31:24,113.86528,22.582333,1,0
24255,19:32:04,113.866302,22.58325,1,35
24255,19:32:44,113.870186,22.586132,1,50
24255,19:33:24,113.872803,22.588167,1,34
24255,19:34:04,113.870483,22.589666,1,29
24255,19:34:44,113.868431,22.593067,1,26
24255,19:35:24,113.868629,22.5942,1,19
24255,19:36:04,113.869835,22.593933,1,37
24255,19:36:44,113.872101,22.59075,1,37
24255,19:37:24,113.872734,22.5898,0,26
24255,19:38:44,113.874252,22.586849,0,8
24255,19:39:24,113.873863,22.5861,0,0
24255,19:40:12,113.873032,22.586967,0,15
24255,19:41:24,113.87252,22.588867,0,31
24255,19:42:04,113.87075,22.587967,0,30
24255,19:42:44,113.87265,22.586666,0,20
24255,19:43:24,113.873848,22.585318,0,42
24255,19:44:04,113.87632,22.582483,0,29
24255,19:44:44,113.878616,22.580282,0,21
24255,19:45:26,113.877747,22.5793,1,30
24255,19:46:06,113.876152,22.578449,1,9
24255,19:46:46,113.875481,22.577368,1,18
24255,19:47:26,113.874832,22.575768,1,13
24255,19:48:06,113.8741,22.574249,1,9
24255,19:48:46,113.872482,22.574167,1,31
24255,19:49:26,113.869835,22.575884,1,27
24255,19:50:06,113.865097,22.579433,1,73
24255,19:50:46,113.864685,22.581751,1,15
24255,19:51:26,113.86515,22.582117,1,32
24255,19:52:06,113.867134,22.583817,1,52
24255,19:52:46,113.870819,22.586599,1,31
24255,19:53:26,113.872948,22.588383,1,24
24255,19:54:06,113.869637,22.590767,1,62
24255,19:54:46,113.866699,22.595949,1,73
24255,19:55:26,113.863197,22.601433,1,33
24255,19:56:06,113.860764,22.603666,1,29
24255,19:56:46,113.859085,22.6043,1,11
24255,19:57:26,113.8573,22.60425,1,16
24255,19:58:06,113.855835,22.603817,1,0
24255,19:58:46,113.855316,22.603951,1,2
24255,19:59:26,113.854301,22.604383,1,18
24255,20:00:06,113.853165,22.60465,1,13
24255,20:00:14,113.852921,22.604683,1,12
24255,20:00:46,113.851364,22.604067,1,19
24255,20:01:26,113.85022,22.603916,1,4
24255,20:02:06,113.848869,22.604933,1,17
24255,20:02:46,113.84848,22.605766,1,8
24255,20:03:24,113.848366,22.606001,0,9
24255,20:04:06,113.847351,22.608217,0,23
24255,20:04:46,113.846832,22.609217,0,0
24255,20:05:26,113.84568,22.609333,0,27
24255,20:06:06,113.842651,22.608049,0,34
24255,20:06:46,113.841949,22.607718,0,0
24255,20:07:26,113.84037,22.606968,0,23
24255,20:08:06,113.841187,22.604733,0,26
24255,20:08:46,113.8423,22.60265,0,17
24255,20:09:26,113.842819,22.601633,0,2
24255,20:10:06,113.843185,22.600883,0,0
24255,20:10:46,113.843369,22.600834,0,0
24255,20:11:26,113.84333,22.600866,0,0
24255,20:12:06,113.843414,22.600683,0,2
24255,20:12:46,113.843498,22.600283,0,0
24255,20:13:26,113.843567,22.600201,0,0
24255,20:14:06,113.843582,22.600183,0,0
24255,20:14:46,113.843781,22.599817,0,5
24255,20:15:26,113.843987,22.599501,0,0
24255,20:16:06,113.843903,22.599583,0,1
24255,20:16:46,113.844032,22.599583,0,2
24255,20:17:26,113.844101,22.599533,0,1
24255,20:18:08,113.844116,22.598967,1,25
24255,20:18:48,113.846649,22.594717,1,45
24255,20:19:28,113.850449,22.590567,1,84
24255,20:20:08,113.856834,22.585567,1,65
24255,20:20:48,113.858047,22.584917,1,4
24255,20:21:28,113.861954,22.581949,1,38
24255,20:22:08,113.862869,22.581034,1,0
24255,20:22:48,113.86277,22.581118,1,0
24255,20:23:28,113.862785,22.581017,1,0
24255,20:24:08,113.862831,22.580982,1,0
24255,20:24:48,113.863014,22.580982,1,16
24255,20:25:28,113.86515,22.578983,1,61
24255,20:26:08,113.868599,22.576468,1,0
24255,20:26:48,113.869202,22.576,1,47
24255,20:27:28,113.874466,22.572451,1,12
24255,20:28:08,113.874496,22.572317,1,0
24255,20:28:48,113.876114,22.572367,1,25
24255,20:28:54,113.87645,22.572683,1,40
24255,20:29:28,113.878334,22.574368,1,12
24255,20:30:08,113.880753,22.572884,1,20
24255,20:30:48,113.881981,22.574017,1,19
24255,20:31:28,113.882919,22.573784,1,0
24255,20:32:08,113.88343,22.57325,0,16
24255,20:32:48,113.884132,22.5725,0,2
24255,20:34:08,113.883797,22.569332,1,28
24255,20:34:48,113.886169,22.566967,1,23
24255,20:35:28,113.88942,22.563883,1,12
24255,20:36:08,113.889252,22.56345,1,21
24255,20:36:50,113.886536,22.56205,0,3
24255,20:36:58,113.886497,22.562082,0,6
24255,20:37:30,113.884567,22.563816,0,41
24255,20:37:38,113.884369,22.564083,0,9
24255,20:38:10,113.883247,22.564432,0,30
24255,20:38:50,113.88028,22.561899,0,30
24255,20:41:22,113.881203,22.566601,1,25
24255,20:41:30,113.88192,22.565817,1,47
24255,20:42:10,113.883286,22.564768,1,0
24255,20:42:50,113.883247,22.564768,1,0
24255,20:43:30,113.883514,22.564833,1,11
24255,20:48:30,113.886581,22.579332,0,0
24255,20:49:12,113.88765,22.578283,0,12
24255,20:49:52,113.889297,22.576433,0,23
24255,20:50:32,113.888016,22.575317,0,17
24255,20:51:12,113.887566,22.575068,0,0
24255,20:51:52,113.8881,22.57365,0,12
24255,20:52:32,113.888153,22.573549,0,0
24255,20:53:12,113.888184,22.573532,0,0
24255,20:53:52,113.888168,22.573566,0,0
24255,20:54:32,113.888153,22.573517,0,0
24255,20:55:12,113.888168,22.573732,0,1
24255,20:55:52,113.889915,22.571882,0,39
24255,20:56:32,113.890465,22.571283,0,0
24255,20:57:12,113.892151,22.569901,0,17
24255,20:57:52,113.894051,22.567682,0,26
24255,20:58:32,113.894363,22.567432,1,3
24255,20:59:12,113.89595,22.565983,1,16
24255,20:59:52,113.896835,22.565018,1,0
24255,21:00:32,113.896881,22.564768,1,17
24255,21:01:12,113.89418,22.565517,1,50
24255,21:01:52,113.890236,22.569817,1,68
24255,21:02:32,113.88517,22.574699,1,67
24255,21:03:12,113.880203,22.579283,1,65
24255,21:03:52,113.87458,22.584999,1,66
24255,21:04:00,113.873749,22.585951,1,68
24255,21:04:32,113.870819,22.589149,1,59
24255,21:05:12,113.868301,22.593517,1,46
24255,21:05:52,113.870285,22.595133,1,27
24255,21:06:32,113.873367,22.597116,1,11
24255,21:07:12,113.874153,22.597733,1,16
24255,21:07:52,113.874817,22.598351,1,3
24255,21:08:32,113.875153,22.598667,1,6
24255,21:09:12,113.875504,22.598867,1,0
24255,21:09:52,113.87587,22.599251,0,19
24255,21:10:32,113.87748,22.600668,0,6
24255,21:11:12,113.876381,22.599751,0,17
24255,21:11:52,113.874718,22.598267,0,22
24255,21:12:32,113.874931,22.596083,0,48
24255,21:13:12,113.878052,22.592934,0,56
24255,21:13:52,113.875214,22.59025,0,40
24255,21:14:32,113.873398,22.588318,0,22
24255,21:15:12,113.874115,22.586451,0,37
24255,21:15:52,113.872299,22.587683,0,35
24255,21:16:32,113.871948,22.587683,0,39
24255,21:17:12,113.871635,22.5879,0,26
24255,21:17:52,113.873917,22.585234,0,50
24255,21:18:32,113.876152,22.582649,0,29
24255,21:19:12,113.878899,22.579967,0,21
24255,21:19:52,113.87738,22.57925,0,20
24255,21:20:32,113.876381,22.578817,0,4
24255,21:21:12,113.876266,22.578667,0,0
24255,21:21:54,113.875702,22.5777,1,3
24255,21:22:34,113.875549,22.577299,1,8
24255,21:23:14,113.874847,22.575451,1,6
24255,21:23:54,113.873817,22.573618,1,20
24255,21:24:34,113.870033,22.575666,1,60
24255,21:24:42,113.869186,22.576233,1,39
24255,21:25:14,113.868866,22.5763,1,0
24255,21:25:54,113.868584,22.575884,1,31
24255,21:26:34,113.865952,22.57235,1,42
24255,21:27:14,113.865303,22.572483,1,0
24255,21:27:54,113.865417,22.572416,0,0
24255,21:28:34,113.865417,22.57255,0,0
24255,21:29:14,113.865349,22.572567,0,0
24255,21:29:54,113.865334,22.572651,0,0
24255,21:30:34,113.865402,22.572666,0,0
24255,21:31:14,113.864952,22.572817,1,20
24255,21:31:54,113.86515,22.5725,1,32
24255,21:32:34,113.864983,22.570868,1,10
24255,21:33:14,113.863586,22.569067,1,33
24255,21:33:54,113.863464,22.568916,1,0
24255,21:34:34,113.863464,22.568916,1,0
24255,21:35:14,113.862503,22.567699,1,47
24255,21:35:54,113.861084,22.565968,1,14
24255,21:36:34,113.863251,22.564449,1,22
24255,21:37:14,113.863686,22.564484,1,1
24255,21:37:54,113.86335,22.5665,0,30
24255,21:38:04,113.862869,22.566917,0,27
24255,21:38:34,113.862564,22.567717,0,33
24255,21:39:14,113.863098,22.568382,0,3
24255,21:39:54,113.863083,22.568466,0,8
24255,21:40:36,113.860931,22.565817,1,25
24255,21:41:16,113.859848,22.564568,1,0
24255,21:41:56,113.859779,22.564484,1,7
24255,21:42:36,113.8629,22.562782,1,54
24255,21:43:16,113.864464,22.5613,1,57
24255,21:43:56,113.861984,22.558733,1,4
24255,21:44:36,113.858597,22.5569,1,49
24255,21:45:16,113.85405,22.55615,1,36
24255,21:45:56,113.850098,22.561733,1,81
24255,21:46:36,113.849319,22.565901,1,66
24255,21:47:16,113.852966,22.569668,1,0
24255,21:47:56,113.852966,22.569668,1,0
24255,21:48:36,113.853333,22.570049,1,37
24255,21:49:16,113.857101,22.5739,1,49
24255,21:49:56,113.859367,22.5762,1,21
24255,21:50:04,113.859566,22.576418,1,8
24255,21:50:36,113.859665,22.5765,1,0
24255,21:51:16,113.85968,22.5765,1,0
24255,21:51:56,113.859901,22.576733,1,25
24255,21:52:36,113.8638,22.580883,1,54
24255,21:53:16,113.86525,22.58235,1,16
24255,21:53:56,113.867729,22.584433,1,68
24255,21:54:36,113.872635,22.588017,1,54
24255,21:55:16,113.878166,22.59215,1,6
24255,21:55:56,113.878136,22.5921,1,0
24255,21:56:44,113.877014,22.594282,1,44
24255,21:57:16,113.873779,22.59745,1,9
24255,21:57:56,113.875031,22.596001,1,39
24255,21:58:04,113.875099,22.595917,1,0
24255,21:59:16,113.878052,22.59305,0,45
24255,21:59:56,113.877464,22.591932,0,0
24255,22:00:36,113.875435,22.590366,0,0
24255,22:01:18,113.871681,22.587418,1,61
24255,22:02:06,113.86853,22.585266,1,33
24255,22:03:18,113.864334,22.581667,1,3
24255,22:03:58,113.864182,22.581516,1,0
24255,22:04:38,113.864151,22.581516,1,0
24255,22:05:18,113.86203,22.579268,1,52
24255,22:05:58,113.860069,22.57725,1,0
24255,22:06:38,113.857819,22.574932,1,54
24255,22:07:18,113.854218,22.571167,1,54
24255,22:07:58,113.853065,22.569933,1,0
24255,22:08:38,113.853134,22.569933,1,0
24255,22:09:18,113.853104,22.569717,1,24
24255,22:09:58,113.85498,22.568083,1,0
24255,22:10:38,113.854965,22.568083,0,1
24255,22:11:18,113.856483,22.566616,0,6
24255,22:11:58,113.855019,22.568132,0,23
24255,22:12:38,113.853516,22.569433,1,23
24255,22:13:18,113.856453,22.5732,1,24
24255,22:14:38,113.86042,22.577368,1,45
24255,22:15:18,113.863136,22.580267,1,0
24255,22:16:00,113.863182,22.58025,1,16
24255,22:16:40,113.859833,22.584101,1,81
24255,22:17:28,113.855049,22.587133,1,74
24255,22:18:00,113.8498,22.591351,1,89
24255,22:18:08,113.848648,22.592583,1,81
24255,22:18:40,113.846153,22.59605,1,34
24255,22:19:20,113.845802,22.596666,1,0
24255,22:20:00,113.845497,22.597116,0,15
24255,22:20:40,113.844131,22.599466,0,0
24255,22:21:20,113.844116,22.599518,0,0
24255,22:22:00,113.844086,22.599518,0,0
24255,22:22:40,113.844086,22.599518,0,0
24255,22:23:20,113.845131,22.59705,0,43
24255,22:24:00,113.847282,22.593884,0,52
24255,22:24:40,113.85025,22.590616,0,43
24255,22:25:20,113.85392,22.587601,0,49
24255,22:26:00,113.854485,22.585449,0,17
24255,22:26:40,113.853264,22.584284,0,38
24255,22:27:20,113.852516,22.582701,0,14
24255,22:28:00,113.85257,22.582649,0,0
24255,22:28:40,113.852547,22.582684,0,0
24255,22:29:20,113.85257,22.582666,0,0
24255,22:30:00,113.852547,22.582666,0,0
24255,22:30:40,113.852547,22.582649,0,0
24255,22:31:20,113.852768,22.582483,0,27
24255,22:32:00,113.854248,22.581284,0,0
24255,22:32:40,113.856682,22.57925,0,47
24255,22:33:20,113.858101,22.578016,1,41
24255,22:34:00,113.85955,22.576851,1,20
24255,22:34:40,113.862999,22.58005,1,42
24255,22:35:20,113.863281,22.580217,1,0
24255,22:36:00,113.863403,22.580383,1,19
24255,22:36:40,113.865265,22.58235,1,18
24255,22:37:20,113.866051,22.583067,1,28
24255,22:38:00,113.870018,22.5861,1,61
24255,22:38:40,113.872032,22.589067,1,42
24255,22:39:20,113.868614,22.592434,1,50
24255,22:40:00,113.865067,22.598217,1,79
24255,22:40:40,113.860748,22.604668,1,79
24255,22:41:20,113.855919,22.610149,1,62
24255,22:41:28,113.855316,22.611282,1,69
24255,22:42:00,113.853104,22.6159,1,59
24255,22:42:40,113.853951,22.619749,1,53
24255,22:42:48,113.854584,22.620317,1,31
24255,22:43:20,113.854752,22.620417,1,0
24255,22:44:00,113.856369,22.622133,1,63
24255,22:44:40,113.858566,22.627216,1,9
24255,22:45:20,113.858566,22.627199,1,0
24255,22:46:00,113.859116,22.629084,1,56
24255,22:46:40,113.859901,22.633417,1,55
24255,22:47:20,113.860268,22.637699,1,46
24255,22:48:00,113.860046,22.644133,1,75
24255,22:48:48,113.860016,22.64785,1,74
24255,22:51:39,113.86245,22.663883,0,4
24255,22:52:19,113.865036,22.667767,0,66
24255,22:52:59,113.872803,22.670017,0,81
24255,22:53:39,113.87767,22.67075,0,68
24255,22:54:19,113.884735,22.672234,0,55
24255,22:54:20,113.884735,22.672234,0,55
24255,22:54:21,113.884735,22.672234,0,55
24255,22:54:22,113.884735,22.672234,0,55
24255,22:54:56,113.886452,22.673067,0,0
24255,22:54:57,113.886452,22.673067,0,0
24255,22:54:58,113.886452,22.673067,0,0
24255,22:54:59,113.886452,22.673067,0,0
24255,22:55:39,113.886467,22.67305,0,0
24255,22:55:40,113.886467,22.67305,0,0
24255,22:55:41,113.886467,22.67305,0,0
24255,22:55:42,113.886467,22.67305,0,0
24255,22:56:19,113.887482,22.673834,0,21
24255,22:56:20,113.887482,22.673834,0,21
24255,22:56:21,113.887482,22.673834,0,21
24255,22:56:22,113.887482,22.673834,0,21
24255,22:56:56,113.884285,22.672333,0,0
24255,22:56:57,113.884285,22.672333,0,0
24255,22:56:58,113.884285,22.672333,0,0
24255,22:56:59,113.884285,22.672333,0,0
24255,22:57:39,113.880836,22.671368,0,65
24255,22:57:40,113.880836,22.671368,0,65
24255,22:57:41,113.880836,22.671368,0,65
24255,22:57:42,113.880836,22.671368,0,65
24255,22:58:19,113.875801,22.670601,0,30
24255,22:58:59,113.870499,22.669849,0,59
24255,22:59:41,113.864487,22.667334,0,67
24255,23:00:19,113.862419,22.664284,0,11
24255,23:01:01,113.862282,22.664284,0,0
24255,23:01:39,113.861771,22.663349,0,51
24255,23:02:19,113.859734,22.660133,0,13
24255,23:03:01,113.858437,22.657034,0,49
24255,23:04:40,113.859718,22.649317,0,63
24255,23:04:48,113.859749,22.6481,0,63
24255,23:05:20,113.859818,22.64505,0,46
24255,23:06:00,113.859619,22.640249,0,37
24255,23:06:40,113.859802,22.639351,0,0
24255,23:07:20,113.859802,22.639351,0,0
24255,23:08:00,113.859802,22.639317,0,0
24255,23:08:40,113.859802,22.639334,0,0
24255,23:09:20,113.858971,22.639317,0,17
24255,23:10:00,113.857918,22.639351,0,6
24255,23:10:40,113.857964,22.639183,0,0
24255,23:11:20,113.858002,22.639299,0,0
24255,23:12:00,113.859718,22.639317,1,15
24255,23:12:40,113.860046,22.636984,1,0
24255,23:13:20,113.860031,22.63455,1,41
24255,23:14:00,113.858482,22.631718,1,17
24255,23:14:40,113.857903,22.63155,1,0
24255,23:15:20,113.857048,22.63085,0,32
24255,23:16:00,113.856201,22.62875,0,0
24255,23:16:40,113.856133,22.628616,0,7
24255,23:17:20,113.855217,22.626949,0,5
24255,23:18:00,113.855247,22.626917,0,0
24255,23:18:42,113.855301,22.626984,0,0
24255,23:19:22,113.85585,22.626217,1,40
24255,23:20:02,113.856865,22.623684,1,53
24255,23:20:42,113.85495,22.620533,1,31
24255,23:21:22,113.856064,22.617399,1,5
24255,23:22:02,113.856552,22.616734,1,0
24255,23:22:42,113.856529,22.616734,0,0
24255,23:23:22,113.856483,22.616867,0,0
24255,23:24:02,113.8564,22.617018,0,0
24255,23:24:42,113.856415,22.617018,0,0
24255,23:25:22,113.856384,22.617001,0,0
24255,23:26:02,113.856369,22.617018,0,0
24255,23:26:42,113.856369,22.617018,0,0
24255,23:27:22,113.856369,22.617033,0,0
24255,23:28:44,113.853554,22.620001,1,48
24255,23:29:24,113.849815,22.620916,1,54
24255,23:29:32,113.849113,22.621717,1,51
24255,23:30:04,113.849251,22.623949,1,35
24255,23:30:44,113.853683,22.62575,1,58
24255,23:31:24,113.854698,22.631233,1,64
24255,23:32:04,113.858582,22.635866,1,35
24255,23:32:44,113.859886,22.63855,1,65
24255,23:32:52,113.860367,22.639933,1,82
24255,23:33:24,113.862,22.646967,1,94
24255,23:34:04,113.866814,22.654249,1,97
24255,23:34:44,113.876534,22.656866,1,98
24255,23:35:24,113.886818,22.658449,1,106
24255,23:35:25,113.886818,22.658449,1,106
24255,23:35:26,113.886818,22.658449,1,106
24255,23:35:27,113.886818,22.658449,1,106
24255,23:36:04,113.897636,22.65925,1,107
24255,23:36:05,113.897636,22.65925,1,107
24255,23:36:06,113.897636,22.65925,1,107
24255,23:36:07,113.897636,22.65925,1,107
24255,23:36:44,113.908333,22.65905,1,99
24255,23:36:45,113.908333,22.65905,1,99
24255,23:36:46,113.908333,22.65905,1,99
24255,23:36:47,113.908333,22.65905,1,99
24255,23:37:24,113.91877,22.659317,1,104
24255,23:37:25,113.91877,22.659317,1,104
24255,23:37:26,113.91877,22.659317,1,104
24255,23:37:27,113.91877,22.659317,1,104
24255,23:38:04,113.927048,22.664749,1,98
24255,23:38:05,113.927048,22.664749,1,98
24255,23:38:06,113.927048,22.664749,1,98
24255,23:38:07,113.927048,22.664749,1,98
24255,23:38:44,113.933334,22.670168,1,84
24255,23:38:45,113.933334,22.670168,1,84
24255,23:38:46,113.933334,22.670168,1,84
24255,23:38:47,113.933334,22.670168,1,84
24255,23:39:24,113.942284,22.674618,1,99
24255,23:39:25,113.942284,22.674618,1,99
24255,23:39:26,113.942284,22.674618,1,99
24255,23:39:27,113.942284,22.674618,1,99
24255,23:40:04,113.95015,22.680582,1,94
24255,23:40:05,113.95015,22.680582,1,94
24255,23:40:06,113.95015,22.680582,1,94
24255,23:40:07,113.95015,22.680582,1,94
24255,23:40:44,113.959816,22.684317,1,99
24255,23:40:45,113.959816,22.684317,1,99
24255,23:40:46,113.959816,22.684317,1,99
24255,23:40:47,113.959816,22.684317,1,99
24255,23:41:24,113.969887,22.6868,1,96
24255,23:42:04,113.979301,22.687817,1,99
24255,23:44:35,114.016869,22.686234,0,89
24255,23:44:41,114.01825,22.685984,0,92
24255,23:45:07,114.024231,22.684601,0,89
24255,23:45:47,114.034332,22.683849,0,106
24255,23:46:27,114.045197,22.68355,0,100
24255,23:47:07,114.055084,22.682266,0,98
24255,23:47:47,114.063553,22.677732,0,95
24255,23:48:27,114.072319,22.674267,0,92
24255,23:49:07,114.081001,22.6712,0,93
24255,23:49:47,114.089752,22.666582,0,99
24255,23:50:27,114.099701,22.6647,0,90
24255,23:51:07,114.1092,22.664818,0,91
24255,23:51:08,114.1092,22.664818,0,91
24255,23:51:09,114.1092,22.664818,0,91
24255,23:51:10,114.1092,22.664818,0,91
24255,23:51:47,114.118401,22.665182,0,86
24255,23:51:48,114.118401,22.665182,0,86
24255,23:51:49,114.118401,22.665182,0,86
24255,23:51:50,114.118401,22.665182,0,86
24255,23:52:27,114.127502,22.663282,0,93
