30011,00:00:23,114.278397,22.724449,0,0
30011,00:01:18,114.278397,22.724449,0,0
30011,00:02:13,114.278397,22.724449,0,0
30011,00:03:08,114.278397,22.724449,0,0
30011,00:04:03,114.278397,22.724449,0,0
30011,00:04:58,114.278397,22.724449,0,0
30011,00:05:53,114.278397,22.724449,0,0
30011,00:06:48,114.278397,22.724449,0,0
30011,00:07:43,114.278397,22.724449,0,0
30011,00:08:38,114.278397,22.724449,0,0
30011,00:09:33,114.278397,22.724449,0,0
30011,00:10:28,114.278397,22.724449,0,0
30011,00:11:23,114.278397,22.724449,0,0
30011,00:12:18,114.278397,22.724449,0,0
30011,00:13:13,114.278397,22.724449,0,0
30011,00:14:08,114.278397,22.724449,0,0
30011,00:15:03,114.278397,22.724449,0,0
30011,00:15:58,114.278397,22.724449,0,0
30011,00:16:53,114.278397,22.724449,0,0
30011,00:17:48,114.278397,22.724449,0,0
30011,00:18:43,114.278397,22.724449,0,0
30011,00:19:38,114.278397,22.724449,0,0
30011,00:20:33,114.278397,22.724449,0,0
30011,00:21:28,114.278397,22.724449,0,0
30011,00:22:23,114.278397,22.724449,0,0
30011,00:23:18,114.278397,22.724449,0,0
30011,00:24:13,114.278397,22.724449,0,0
30011,00:25:08,114.278397,22.724449,0,0
30011,00:26:03,114.278397,22.724449,0,0
30011,00:26:58,114.278397,22.724449,0,0
30011,00:27:53,114.278397,22.724449,0,0
30011,00:28:48,114.278397,22.724449,0,0
30011,00:30:38,114.278397,22.724449,0,0
30011,00:31:33,114.278397,22.724449,0,0
30011,00:32:29,114.278397,22.724449,0,0
30011,00:33:24,114.278397,22.724449,0,0
30011,00:34:19,114.278397,22.724449,0,0
30011,00:35:14,114.278397,22.724449,0,0
30011,00:36:09,114.278397,22.724449,0,0
30011,00:37:04,114.278397,22.724449,0,0
30011,00:37:59,114.278397,22.724449,0,0
30011,00:38:54,114.278397,22.724449,0,0
30011,00:39:49,114.278397,22.724449,0,0
30011,00:40:44,114.278397,22.724449,0,0
30011,00:41:39,114.278397,22.724449,0,0
30011,00:42:34,114.278397,22.724449,0,0
30011,00:43:29,114.278397,22.724449,0,0
30011,00:44:24,114.278397,22.724449,0,0
30011,00:45:19,114.278397,22.724449,0,0
30011,00:46:14,114.278397,22.724449,0,0
30011,00:47:09,114.278397,22.724449,0,0
30011,00:48:04,114.278397,22.724449,0,0
30011,00:48:59,114.278397,22.724449,0,0
30011,00:49:54,114.278397,22.724449,0,0
30011,00:51:44,114.278397,22.724449,0,0
30011,00:52:39,114.278397,22.724449,0,0
30011,00:53:34,114.278397,22.724449,0,0
30011,00:54:29,114.278397,22.724449,0,0
30011,00:55:24,114.278397,22.724449,0,0
30011,00:56:19,114.278397,22.724449,0,0
30011,00:57:14,114.278397,22.724449,0,0
30011,00:58:09,114.278397,22.724449,0,0
30011,00:59:04,114.278397,22.724449,0,0
30011,00:59:59,114.278397,22.724449,0,0
30011,01:00:54,114.278397,22.724449,0,0
30011,01:01:49,114.278397,22.724449,0,0
30011,01:02:44,114.278397,22.724449,0,0
30011,01:03:39,114.278397,22.724449,0,0
30011,01:04:34,114.278397,22.724449,0,0
30011,01:06:24,114.278397,22.724449,0,0
30011,01:08:14,114.278397,22.724449,0,0
30011,01:09:09,114.278397,22.724449,0,0
30011,01:10:04,114.278397,22.724449,0,0
30011,01:10:59,114.278397,22.724449,0,0
30011,01:11:54,114.278397,22.724449,0,0
30011,01:12:49,114.278397,22.724449,0,0
30011,01:13:44,114.278397,22.724449,0,0
30011,01:14:39,114.278397,22.724449,0,0
30011,01:15:34,114.278397,22.724449,0,0
30011,01:17:24,114.278397,22.724449,0,0
30011,01:18:19,114.278397,22.724449,0,0
30011,01:20:09,114.278397,22.724449,0,0
30011,01:21:04,114.278397,22.724449,0,0
30011,01:21:59,114.278397,22.724449,0,0
30011,01:22:54,114.278397,22.724449,0,0
30011,01:23:49,114.278397,22.724449,0,0
30011,01:24:44,114.278397,22.724449,0,0
30011,01:25:39,114.278397,22.724449,0,0
30011,01:26:34,114.278397,22.724449,0,0
30011,01:27:29,114.278397,22.724449,0,0
30011,01:28:24,114.278397,22.724449,0,0
30011,01:29:19,114.278397,22.724449,0,0
30011,01:30:14,114.278397,22.724449,0,0
30011,01:31:09,114.278397,22.724449,0,0
30011,01:32:04,114.278397,22.724449,0,0
30011,01:32:59,114.278397,22.724449,0,0
30011,01:33:54,114.278397,22.724449,0,0
30011,01:34:49,114.278397,22.724449,0,0
30011,01:35:44,114.278397,22.724449,0,0
30011,01:36:39,114.278397,22.724449,0,0
30011,01:37:34,114.278397,22.724449,0,0
30011,01:38:29,114.278397,22.724449,0,0
30011,01:39:24,114.278397,22.724449,0,0
30011,01:40:19,114.278397,22.724449,0,0
30011,01:41:14,114.278397,22.724449,0,0
30011,01:42:09,114.278397,22.724449,0,0
30011,01:43:04,114.278397,22.724449,0,0
30011,01:43:59,114.278397,22.724449,0,0
30011,01:44:54,114.278397,22.724449,0,0
30011,01:45:49,114.278397,22.724449,0,0
30011,01:46:45,114.278397,22.724449,0,0
30011,01:47:39,114.278397,22.724449,0,0
30011,01:48:35,114.278397,22.724449,0,0
30011,01:49:30,114.278397,22.724449,0,0
30011,01:50:25,114.278397,22.724449,0,0
30011,01:51:20,114.278397,22.724449,0,0
30011,01:52:15,114.278397,22.724449,0,0
30011,01:53:10,114.278397,22.724449,0,0
30011,01:54:05,114.278397,22.724449,0,0
30011,01:55:00,114.278397,22.724449,0,0
30011,01:55:55,114.278397,22.724449,0,0
30011,01:56:50,114.278397,22.724449,0,0
30011,01:57:45,114.278397,22.724449,0,0
30011,01:58:40,114.278397,22.724449,0,0
30011,01:59:35,114.278397,22.724449,0,0
30011,02:00:30,114.278397,22.724449,0,0
30011,02:01:25,114.278397,22.724449,0,0
30011,02:02:20,114.278397,22.724449,0,0
30011,02:03:15,114.278397,22.724449,0,0
30011,02:04:10,114.278397,22.724449,0,0
30011,02:05:05,114.278397,22.724449,0,0
30011,02:06:00,114.278397,22.724449,0,0
30011,02:06:55,114.278397,22.724449,0,0
30011,02:07:50,114.278397,22.724449,0,0
30011,02:08:45,114.278397,22.724449,0,0
30011,02:09:40,114.278397,22.724449,0,0
30011,02:10:35,114.278397,22.724449,0,0
30011,02:11:30,114.278397,22.724449,0,0
30011,02:12:25,114.278397,22.724449,0,0
30011,02:13:20,114.278397,22.724449,0,0
30011,02:14:15,114.278397,22.724449,0,0
30011,02:15:10,114.278397,22.724449,0,0
30011,02:16:05,114.278397,22.724449,0,0
30011,02:17:00,114.278397,22.724449,0,0
30011,02:17:55,114.278397,22.724449,0,0
30011,02:18:50,114.278397,22.724449,0,0
30011,02:19:45,114.278397,22.724449,0,0
30011,02:20:40,114.278397,22.724449,0,0
30011,02:21:35,114.278397,22.724449,0,0
30011,02:22:30,114.278397,22.724449,0,0
30011,02:23:25,114.278397,22.724449,0,0
30011,02:24:20,114.278397,22.724449,0,0
30011,02:25:15,114.278397,22.724449,0,0
30011,02:26:10,114.278397,22.724449,0,0
30011,02:27:05,114.278397,22.724449,0,0
30011,02:28:00,114.278397,22.724449,0,0
30011,02:28:55,114.278397,22.724449,0,0
30011,02:29:50,114.278397,22.724449,0,0
30011,02:30:45,114.278397,22.724449,0,0
30011,02:31:40,114.278397,22.724449,0,0
30011,02:32:35,114.278397,22.724449,0,0
30011,02:33:30,114.278397,22.724449,0,0
30011,02:34:25,114.278397,22.724449,0,0
30011,02:35:20,114.278397,22.724449,0,0
30011,02:36:15,114.278397,22.724449,0,0
30011,02:37:10,114.278397,22.724449,0,0
30011,02:38:05,114.278397,22.724449,0,0
30011,02:39:00,114.278397,22.724449,0,0
30011,02:39:55,114.278397,22.724449,0,0
30011,02:40:50,114.278397,22.724449,0,0
30011,02:41:45,114.278397,22.724449,0,0
30011,02:42:40,114.278397,22.724449,0,0
30011,02:43:35,114.278397,22.724449,0,0
30011,02:44:30,114.278397,22.724449,0,0
30011,02:45:25,114.278397,22.724449,0,0
30011,02:46:20,114.278397,22.724449,0,0
30011,02:47:15,114.278397,22.724449,0,0
30011,02:48:10,114.278397,22.724449,0,0
30011,02:49:05,114.278397,22.724449,0,0
30011,02:50:00,114.278397,22.724449,0,0
30011,02:50:55,114.278397,22.724449,0,0
30011,02:51:50,114.278397,22.724449,0,0
30011,02:52:45,114.278397,22.724449,0,0
30011,02:53:40,114.278397,22.724449,0,0
30011,02:54:35,114.278397,22.724449,0,0
30011,02:55:30,114.278397,22.724449,0,0
30011,02:56:25,114.278397,22.724449,0,0
30011,02:57:20,114.278397,22.724449,0,0
30011,02:58:15,114.278397,22.724449,0,0
30011,02:59:10,114.278397,22.724449,0,0
30011,03:00:05,114.278397,22.724449,0,0
30011,03:01:00,114.278397,22.724449,0,0
30011,03:01:55,114.278397,22.724449,0,0
30011,03:02:50,114.278397,22.724449,0,0
30011,03:03:45,114.278397,22.724449,0,0
30011,03:04:40,114.278397,22.724449,0,0
30011,03:05:35,114.278397,22.724449,0,0
30011,03:06:30,114.278397,22.724449,0,0
30011,03:07:25,114.278397,22.724449,0,0
30011,03:08:20,114.278397,22.724449,0,0
30011,03:09:15,114.278397,22.724449,0,0
30011,03:10:10,114.278397,22.724449,0,0
30011,03:11:05,114.278015,22.725218,0,5
30011,03:12:00,114.27787,22.728001,0,18
30011,03:12:55,114.2799,22.728867,0,20
30011,03:14:45,114.276901,22.736732,0,59
30011,03:15:40,114.27758,22.742283,0,39
30011,03:16:35,114.276764,22.742666,0,5
30011,03:17:30,114.269363,22.743567,0,49
30011,03:18:25,114.263313,22.744333,0,40
30011,03:19:20,114.264015,22.74235,0,16
30011,03:20:15,114.264015,22.74235,0,0
30011,03:21:10,114.264015,22.74235,0,0
30011,03:22:05,114.264015,22.74235,0,0
30011,03:23:00,114.264015,22.74235,0,0
30011,03:23:55,114.264015,22.74235,0,0
30011,03:24:50,114.264015,22.74235,0,0
30011,03:25:45,114.264015,22.74235,0,0
30011,03:26:41,114.264015,22.74235,0,0
30011,03:27:36,114.264015,22.74235,0,0
30011,03:28:31,114.264015,22.74235,0,0
30011,03:29:26,114.264015,22.74235,0,0
30011,03:30:21,114.264015,22.74235,0,0
30011,03:31:16,114.264015,22.74235,0,0
30011,03:32:11,114.264015,22.74235,0,0
30011,03:33:06,114.264015,22.74235,0,0
30011,03:34:01,114.264015,22.74235,0,0
30011,03:34:56,114.264015,22.74235,0,0
30011,03:35:51,114.264015,22.74235,0,0
30011,03:36:46,114.264015,22.74235,0,0
30011,03:37:41,114.264015,22.74235,0,0
30011,03:38:36,114.264015,22.74235,0,0
30011,03:39:31,114.264015,22.74235,0,0
30011,03:40:26,114.264015,22.74235,0,0
30011,03:41:21,114.264015,22.74235,0,0
30011,03:42:16,114.264069,22.742582,0,0
30011,03:43:11,114.264069,22.742582,0,0
30011,03:44:06,114.264069,22.742582,0,0
30011,03:45:01,114.264053,22.742867,0,1
30011,03:45:56,114.264053,22.742867,0,0
30011,03:46:51,114.264053,22.742867,0,0
30011,03:47:46,114.264053,22.742867,0,0
30011,03:48:41,114.264053,22.742867,0,0
30011,03:49:36,114.264053,22.742867,0,0
30011,03:50:31,114.264053,22.742867,0,0
30011,03:51:26,114.264053,22.742867,0,0
30011,03:52:21,114.264053,22.742867,0,0
30011,03:53:16,114.264053,22.742867,0,0
30011,03:54:11,114.264053,22.742983,0,0
30011,03:55:06,114.264053,22.742983,0,0
30011,03:56:01,114.264053,22.742983,0,0
30011,03:56:56,114.264053,22.742983,0,0
30011,03:57:51,114.264053,22.742983,0,0
30011,03:58:46,114.264183,22.742567,0,0
30011,03:59:41,114.264183,22.742567,0,0
30011,04:00:36,114.264183,22.742567,0,0
30011,04:01:31,114.264183,22.742567,0,0
30011,04:02:26,114.264183,22.742567,0,0
30011,04:03:21,114.264183,22.742567,0,0
30011,04:04:16,114.264183,22.742567,0,0
30011,04:05:11,114.26358,22.741882,0,4
30011,04:06:06,114.264702,22.738466,0,25
30011,04:07:01,114.266563,22.737183,0,15
30011,04:07:56,114.270668,22.739384,0,30
30011,04:08:51,114.276871,22.740566,0,45
30011,04:09:46,114.276283,22.733133,0,54
30011,04:10:41,114.277298,22.729233,0,31
30011,04:11:36,114.276703,22.727867,0,11
30011,04:12:31,114.276703,22.727867,0,0
30011,04:13:26,114.276703,22.727867,0,0
30011,04:14:21,114.276703,22.727867,0,0
30011,04:15:16,114.276733,22.728416,0,1
30011,04:16:11,114.278702,22.72905,0,17
30011,04:17:06,114.282867,22.727699,0,32
30011,04:18:01,114.28598,22.72665,0,20
30011,04:18:56,114.290733,22.724434,0,39
30011,04:19:51,114.291634,22.724083,0,6
30011,04:20:46,114.295349,22.722467,0,26
30011,04:21:41,114.301147,22.719133,0,46
30011,04:22:36,114.301735,22.718483,0,5
30011,04:23:31,114.303253,22.716034,0,19
30011,04:24:26,114.306999,22.712017,0,39
30011,04:25:21,114.306999,22.712017,0,0
30011,04:26:16,114.309731,22.710917,0,19
30011,04:27:11,114.314919,22.707417,0,42
30011,04:28:06,114.315285,22.707451,0,19
30011,04:29:01,114.316582,22.7103,0,35
30011,04:29:56,114.322449,22.711782,0,40
30011,04:30:51,114.328918,22.713484,0,45
30011,04:31:46,114.334114,22.711983,0,35
30011,04:32:41,114.333099,22.712601,0,7
30011,04:33:36,114.32885,22.713516,0,29
30011,04:34:31,114.322601,22.711849,0,43
30011,04:35:26,114.316681,22.710432,0,40
30011,04:36:21,114.31543,22.710117,0,7
30011,04:37:16,114.315681,22.71015,0,8
30011,04:38:11,114.320053,22.711267,0,30
30011,04:39:06,114.32608,22.712799,0,41
30011,04:40:01,114.331146,22.713284,0,34
30011,04:40:56,114.331146,22.713284,0,0
30011,04:41:51,114.331146,22.713284,0,0
30011,04:42:46,114.331146,22.713284,0,0
30011,04:43:41,114.331146,22.713284,0,0
30011,04:44:36,114.331146,22.713284,0,0
30011,04:45:31,114.328247,22.713432,0,18
30011,04:46:26,114.330132,22.713432,0,12
30011,04:47:21,114.331329,22.713217,0,7
30011,04:48:16,114.331329,22.713217,0,0
30011,04:49:11,114.331047,22.713318,0,1
30011,04:50:06,114.32872,22.713499,0,15
30011,04:51:01,114.329681,22.713467,0,5
30011,04:51:56,114.329369,22.713533,0,1
30011,04:52:51,114.329681,22.713467,0,1
30011,04:54:41,114.33062,22.713432,0,8
30011,04:55:36,114.326447,22.71295,0,28
30011,04:56:31,114.32077,22.711483,0,39
30011,04:57:26,114.318886,22.710917,0,13
30011,05:00:11,114.318985,22.710951,0,4
30011,05:01:06,114.323051,22.711901,0,26
30011,05:02:01,114.328484,22.713432,0,38
30011,05:02:56,114.33358,22.712334,0,36
30011,05:03:51,114.33828,22.711817,0,33
30011,05:04:46,114.3423,22.713499,0,29
30011,05:05:41,114.3423,22.713499,0,0
30011,05:06:36,114.343216,22.7141,0,4
30011,05:07:31,114.343216,22.7141,0,0
30011,05:08:26,114.342979,22.713833,0,0
30011,05:09:21,114.342979,22.713833,0,0
30011,05:10:16,114.343651,22.713367,0,6
30011,05:11:11,114.343063,22.7134,0,11
30011,05:13:01,114.343002,22.713516,0,0
30011,05:13:56,114.343002,22.713516,0,0
30011,05:14:51,114.343002,22.713516,0,0
30011,05:15:46,114.343002,22.713516,0,0
30011,05:16:41,114.343002,22.713516,0,0
30011,05:17:36,114.343002,22.713516,0,0
30011,05:18:31,114.343002,22.713516,0,0
30011,05:19:26,114.343567,22.713367,0,7
30011,05:20:21,114.342751,22.713284,0,5
30011,05:21:16,114.343666,22.713301,0,6
30011,05:22:11,114.342964,22.713551,0,6
30011,05:23:06,114.342964,22.713551,0,0
30011,05:24:01,114.342964,22.713551,0,0
30011,05:24:56,114.344437,22.714968,0,13
30011,05:25:52,114.347534,22.717251,0,26
30011,05:26:47,114.350365,22.719151,0,24
30011,05:27:42,114.34845,22.716167,0,25
30011,05:28:37,114.346916,22.710882,0,39
30011,05:29:32,114.345932,22.707632,0,23
30011,05:30:27,114.343567,22.703068,0,36
30011,05:31:22,114.34108,22.698366,0,37
30011,05:32:17,114.33815,22.694317,0,36
30011,05:33:12,114.334618,22.696583,0,28
30011,05:34:07,114.331665,22.698618,0,24
30011,05:35:02,114.331848,22.698851,0,0
30011,05:35:57,114.331848,22.698851,0,0
30011,05:36:52,114.331848,22.698851,0,0
30011,05:37:47,114.331848,22.698851,0,0
30011,05:38:42,114.331848,22.698851,0,0
30011,05:39:37,114.326653,22.7013,0,41
30011,05:40:32,114.322548,22.702368,0,28
30011,05:41:27,114.316635,22.706383,0,46
30011,05:42:22,114.316635,22.706383,0,0
30011,05:43:17,114.308632,22.711582,0,64
30011,05:44:12,114.303146,22.7166,0,56
30011,05:45:07,114.299767,22.720533,0,34
30011,05:46:02,114.291084,22.724583,0,64
30011,05:46:57,114.285233,22.726933,0,48
30011,05:47:52,114.285919,22.726217,0,7
30011,05:48:47,114.285919,22.726217,0,0
30011,05:49:42,114.285919,22.726217,0,0
30011,05:50:37,114.285919,22.726217,0,0
30011,05:51:32,114.285919,22.726217,0,0
30011,05:52:27,114.285919,22.726217,0,0
30011,05:53:22,114.285919,22.726217,0,0
30011,05:54:17,114.285919,22.726217,0,0
30011,05:55:12,114.285919,22.726217,0,0
30011,05:56:07,114.285919,22.726217,0,0
30011,05:57:02,114.285919,22.726217,0,0
30011,05:57:57,114.285919,22.726217,0,0
30011,05:59:47,114.285919,22.726217,0,0
30011,06:00:42,114.285919,22.726217,0,0
30011,06:01:37,114.285919,22.726217,0,0
30011,06:02:32,114.285919,22.726217,0,0
30011,06:03:27,114.286949,22.726299,0,8
30011,06:04:22,114.290047,22.724934,0,22
30011,06:05:17,114.289803,22.725166,0,5
30011,06:06:12,114.282417,22.727983,0,52
30011,06:07:07,114.278664,22.730017,0,27
30011,06:08:02,114.273697,22.7323,0,55
30011,06:08:57,114.27227,22.732817,0,12
30011,06:09:52,114.27227,22.732817,0,0
30011,06:10:47,114.27227,22.732817,0,0
30011,06:11:42,114.27227,22.732817,0,0
30011,06:13:32,114.274269,22.733368,0,26
30011,06:14:27,114.277031,22.731417,0,23
30011,06:15:22,114.277214,22.729218,0,21
30011,06:16:17,114.276917,22.728367,0,6
30011,06:17:12,114.276917,22.728367,0,0
30011,06:18:07,114.276917,22.728367,0,0
30011,06:19:02,114.276917,22.728367,0,0
30011,06:19:57,114.276917,22.728367,0,0
30011,06:20:52,114.276917,22.728367,0,0
30011,06:21:47,114.276917,22.728367,0,0
30011,06:22:42,114.276917,22.728367,0,0
30011,06:23:37,114.276917,22.728367,0,0
30011,06:24:32,114.276917,22.728367,0,0
30011,06:25:27,114.276917,22.728367,0,0
30011,06:26:22,114.276917,22.728367,0,0
30011,06:27:17,114.276917,22.728367,0,0
30011,06:28:12,114.276917,22.728367,0,0
30011,06:29:07,114.276917,22.728367,0,0
30011,06:30:02,114.276917,22.728367,0,0
30011,06:30:57,114.276917,22.728367,0,0
30011,06:31:52,114.276917,22.728367,0,0
30011,06:32:47,114.276917,22.728367,0,0
30011,06:33:42,114.276917,22.728367,0,0
30011,06:34:37,114.276917,22.728367,0,0
30011,06:35:32,114.276917,22.728367,0,0
30011,06:36:27,114.276917,22.728367,0,0
30011,06:37:22,114.276917,22.728367,0,0
30011,06:38:17,114.276917,22.728367,0,0
30011,06:39:12,114.276917,22.728367,0,0
30011,06:40:07,114.276917,22.728367,0,0
30011,06:41:02,114.276917,22.728367,0,0
30011,06:41:57,114.276917,22.728367,0,0
30011,06:42:52,114.276917,22.728367,0,0
30011,06:43:47,114.276917,22.728367,0,0
30011,06:44:42,114.276917,22.728367,0,0
30011,06:45:37,114.276917,22.728367,0,0
30011,06:46:32,114.276917,22.728367,0,0
30011,06:47:27,114.276917,22.728367,0,0
30011,06:48:22,114.276917,22.728367,0,0
30011,06:49:17,114.276917,22.728367,0,0
30011,06:50:12,114.276917,22.728367,0,0
30011,06:51:07,114.276917,22.728367,0,0
30011,06:52:02,114.276917,22.728367,0,0
30011,06:52:57,114.276917,22.728367,0,0
30011,06:53:52,114.276917,22.728367,0,0
30011,06:54:47,114.276917,22.728367,0,0
30011,06:55:42,114.276917,22.728367,0,0
30011,06:56:37,114.276917,22.728367,0,0
30011,06:57:32,114.276917,22.728367,0,0
30011,06:58:27,114.276917,22.728367,0,0
30011,06:59:22,114.276917,22.728367,0,0
30011,07:00:17,114.276917,22.728367,0,0
30011,07:02:07,114.276917,22.728367,0,0
30011,07:03:02,114.276917,22.728367,0,0
30011,07:03:57,114.276917,22.728367,0,0
30011,07:04:52,114.276917,22.728367,0,0
30011,07:05:47,114.276917,22.728367,0,0
30011,07:06:42,114.276917,22.728367,0,0
30011,07:07:37,114.276917,22.728367,0,0
30011,07:08:32,114.276917,22.728367,0,0
30011,07:09:27,114.276917,22.728367,0,0
30011,07:10:22,114.277046,22.728268,0,0
30011,07:11:17,114.277046,22.728268,0,0
30011,07:12:12,114.277046,22.728268,0,0
30011,07:13:07,114.277046,22.728268,0,0
30011,07:14:02,114.277046,22.728268,0,0
30011,07:14:57,114.277046,22.728268,0,0
30011,07:15:52,114.277046,22.728268,0,0
30011,07:16:47,114.277046,22.728268,0,0
30011,07:17:42,114.277046,22.728268,0,0
30011,07:19:32,114.277046,22.728268,0,0
30011,07:20:27,114.277046,22.728268,0,0
30011,07:21:22,114.277046,22.728268,0,0
30011,07:22:17,114.277046,22.728268,0,0
30011,07:23:12,114.277046,22.728268,0,0
30011,07:24:07,114.277046,22.728268,0,0
30011,07:25:02,114.277046,22.728268,0,0
30011,07:25:57,114.277046,22.728268,0,0
30011,07:26:52,114.277046,22.728268,0,0
30011,07:27:38,114.277046,22.728268,1,0
30011,07:28:33,114.277367,22.728483,1,9
30011,07:29:28,114.278015,22.725183,1,23
30011,07:30:23,114.278267,22.718567,1,49
30011,07:31:18,114.27832,22.711599,1,50
30011,07:32:13,114.278297,22.710484,1,23
30011,07:33:08,114.286316,22.7155,1,67
30011,07:33:30,114.286835,22.716566,0,20
30011,07:34:25,114.288132,22.720249,0,26
30011,07:35:20,114.290314,22.7244,0,33
30011,07:36:15,114.290314,22.7244,0,0
30011,07:37:10,114.285233,22.727167,0,40
30011,07:38:05,114.285233,22.727167,0,0
30011,07:39:00,114.282486,22.727983,0,17
30011,07:39:55,114.282486,22.727983,0,0
30011,07:40:50,114.278282,22.73045,0,33
30011,07:41:45,114.272614,22.731899,0,58
30011,07:43:35,114.270752,22.731001,0,10
30011,07:44:30,114.268402,22.732668,0,23
30011,07:45:25,114.264351,22.733,0,27
30011,07:46:20,114.262215,22.733633,0,14
30011,07:47:15,114.2593,22.730066,0,34
30011,07:48:10,114.260071,22.727516,0,20
30011,07:49:05,114.262886,22.7223,0,42
30011,07:50:00,114.261864,22.721582,0,9
30011,07:50:55,114.261864,22.721582,0,0
30011,07:51:50,114.261864,22.721582,0,0
30011,07:52:45,114.259804,22.722601,0,18
30011,07:53:40,114.261803,22.7248,0,26
30011,07:54:35,114.262016,22.721617,0,26
30011,07:55:30,114.256897,22.720034,0,36
30011,07:56:25,114.253502,22.719032,0,23
30011,07:57:23,114.251602,22.719868,0,0
30011,07:57:39,114.251602,22.719868,0,0
30011,07:58:35,114.251602,22.719868,0,0
30011,07:59:30,114.251602,22.719868,0,0
30011,08:00:18,114.250381,22.720133,1,9
30011,08:02:08,114.247704,22.725651,1,23
30011,08:03:03,114.247581,22.727917,1,15
30011,08:03:54,114.24585,22.73015,0,23
30011,08:04:39,114.24588,22.732416,0,31
30011,08:05:35,114.246964,22.734133,0,14
30011,08:06:30,114.246964,22.734133,0,0
30011,08:07:25,114.25,22.735167,0,20
30011,08:08:20,114.250565,22.73525,0,2
30011,08:09:15,114.255768,22.736116,0,34
30011,08:10:10,114.258163,22.729982,0,48
30011,08:11:05,114.258553,22.729584,0,3
30011,08:12:00,114.260384,22.727133,0,20
30011,08:12:55,114.261314,22.725834,0,11
30011,08:13:50,114.261314,22.725834,0,0
30011,08:14:45,114.261414,22.725668,0,0
30011,08:15:40,114.26445,22.726851,0,23
30011,08:16:35,114.266319,22.728018,0,13
30011,08:17:30,114.266319,22.728018,0,0
30011,08:18:25,114.266319,22.728018,0,0
30011,08:19:20,114.268997,22.729633,0,17
30011,08:20:15,114.271065,22.730618,0,13
30011,08:21:10,114.271065,22.730618,0,0
30011,08:23:00,114.272102,22.731567,0,22
30011,08:23:55,114.26973,22.732267,0,22
30011,08:24:50,114.266914,22.732349,0,18
30011,08:25:45,114.262779,22.73345,0,28
30011,08:26:40,114.2621,22.73365,0,4
30011,08:27:35,114.261002,22.732599,0,11
30011,08:28:30,114.259102,22.7297,0,24
30011,08:29:25,114.259949,22.727617,0,16
30011,08:30:20,114.259583,22.724783,0,31
30011,08:31:15,114.2575,22.727966,0,28
30011,08:32:10,114.257347,22.728067,0,0
30011,08:33:05,114.252701,22.724318,0,40
30011,08:34:00,114.251053,22.720333,0,36
30011,08:34:25,114.250153,22.720167,1,12
30011,08:35:20,114.247719,22.722183,1,33
30011,08:36:15,114.24765,22.727734,1,39
30011,08:37:10,114.247635,22.72855,1,4
30011,08:38:05,114.247498,22.733816,1,37
30011,08:39:00,114.247498,22.733816,1,0
30011,08:39:55,114.247482,22.734882,1,6
30011,08:40:41,114.247719,22.740383,0,47
30011,08:41:36,114.249496,22.740667,0,12
30011,08:42:31,114.255684,22.73995,0,42
30011,08:43:26,114.259033,22.744749,0,47
30011,08:44:21,114.264481,22.74415,0,36
30011,08:45:16,114.269318,22.743549,0,32
30011,08:46:11,114.273064,22.743082,0,24
30011,08:46:35,114.273399,22.743017,1,2
30011,08:47:30,114.277168,22.742533,1,24
30011,08:48:25,114.277069,22.7384,1,29
30011,08:49:20,114.278984,22.729549,1,70
30011,08:50:15,114.281464,22.728117,1,19
30011,08:51:10,114.282486,22.727818,1,6
30011,08:52:05,114.288429,22.725582,1,43
30011,08:53:00,114.288734,22.7218,1,36
30011,08:53:41,114.287399,22.7206,0,19
30011,08:54:36,114.286064,22.721167,0,8
30011,08:55:31,114.285896,22.72505,0,31
30011,08:56:26,114.289467,22.725166,0,35
30011,08:57:21,114.290367,22.724817,0,5
30011,08:58:16,114.285568,22.727083,0,36
30011,08:59:11,114.283035,22.727818,0,16
30011,09:01:01,114.277451,22.732582,0,50
30011,09:01:56,114.272018,22.7316,0,45
30011,09:02:51,114.269814,22.731899,0,18
30011,09:03:46,114.267014,22.73245,0,21
30011,09:04:17,114.265671,22.73255,1,13
30011,09:05:12,114.262169,22.733967,1,23
30011,09:06:07,114.26667,22.736834,1,38
30011,09:07:02,114.266731,22.737101,1,0
30011,09:07:35,114.266014,22.7376,0,7
30011,09:08:30,114.263702,22.74085,0,27
30011,09:09:25,114.263367,22.743168,0,13
30011,09:10:20,114.266701,22.743868,0,31
30011,09:11:15,114.272781,22.743099,0,40
30011,09:12:10,114.277,22.742567,0,28
30011,09:13:05,114.277,22.742567,0,0
30011,09:14:00,114.276985,22.738832,0,26
30011,09:14:17,114.276947,22.738667,1,3
30011,09:15:12,114.276917,22.7376,1,6
30011,09:16:07,114.277397,22.739799,1,16
30011,09:17:02,114.277534,22.741318,1,8
30011,09:17:57,114.277534,22.741318,1,0
30011,09:18:52,114.277351,22.7414,1,5
30011,09:19:47,114.27282,22.741016,1,36
30011,09:20:42,114.270203,22.740168,1,19
30011,09:21:37,114.266335,22.7397,1,34
30011,09:21:54,114.265602,22.739532,0,15
30011,09:22:49,114.263702,22.740868,0,19
30011,09:23:44,114.263336,22.743366,0,16
30011,09:24:39,114.264847,22.744101,0,15
30011,09:25:35,114.269852,22.743483,0,33
30011,09:26:30,114.274879,22.742849,0,33
30011,09:27:25,114.27597,22.742718,0,6
30011,09:27:29,114.27597,22.742718,1,0
30011,09:28:24,114.270317,22.743483,1,36
30011,09:29:19,114.264771,22.744167,1,37
30011,09:30:14,114.260353,22.744682,1,29
30011,09:31:09,114.259499,22.744801,1,5
30011,09:32:04,114.259499,22.744801,1,0
30011,09:32:59,114.256851,22.740482,1,37
30011,09:33:54,114.249916,22.740732,1,48
30011,09:34:49,114.249046,22.743067,1,28
30011,09:35:24,114.247734,22.742533,0,15
30011,09:36:19,114.247704,22.74235,0,0
30011,09:37:14,114.247498,22.740368,0,10
30011,09:38:09,114.247398,22.73485,0,39
30011,09:39:04,114.249046,22.734768,0,13
30011,09:59:14,114.259499,22.724367,1,0
30011,09:59:46,114.258415,22.723749,1,19
30011,10:00:41,114.251701,22.720484,1,50
30011,10:01:36,114.249718,22.71995,1,12
30011,10:02:31,114.243034,22.715733,1,54
30011,10:03:26,114.237198,22.712767,1,52
30011,10:04:21,114.235283,22.714718,1,18
30011,10:05:16,114.234154,22.71595,1,10
30011,10:06:11,114.233582,22.721916,1,43
30011,10:07:06,114.233582,22.721916,1,0
30011,10:08:01,114.232552,22.722418,1,8
30011,10:08:56,114.227753,22.722334,1,31
30011,10:09:54,114.224533,22.722267,1,0
30011,10:10:06,114.224533,22.722267,1,0
30011,10:11:02,114.221481,22.722218,1,19
30011,10:11:57,114.218498,22.722183,1,18
30011,10:12:52,114.211716,22.722134,1,45
30011,10:13:02,114.211266,22.722151,0,15
30011,10:13:57,114.210968,22.722151,0,1
30011,10:14:23,114.21022,22.722134,1,10
30011,10:15:18,114.211769,22.721983,1,22
30011,10:16:13,114.21328,22.718349,1,33
30011,10:17:08,114.213333,22.714634,1,25
30011,10:18:03,114.213387,22.710899,1,25
30011,10:18:58,114.214516,22.7076,1,29
30011,10:20:48,114.222214,22.704067,1,20
30011,10:21:43,114.22377,22.702801,1,12
30011,10:22:38,114.227936,22.699568,1,36
30011,10:23:33,114.228401,22.6992,1,3
30011,10:24:28,114.228851,22.698883,1,2
30011,10:25:23,114.232368,22.696733,1,25
30011,10:25:53,114.232315,22.69545,0,20
30011,10:26:48,114.232498,22.695333,0,0
30011,10:27:43,114.231865,22.695683,0,4
30011,10:28:38,114.229713,22.696867,0,13
30011,10:29:33,114.228447,22.697567,0,7
30011,10:30:28,114.2304,22.701418,0,30
30011,10:31:23,114.233315,22.705633,0,36
30011,10:32:18,114.23632,22.709267,0,34
30011,10:32:54,114.238586,22.71125,1,31
30011,10:33:49,114.243965,22.716284,1,49
30011,10:34:44,114.245102,22.717583,1,43
30011,10:35:39,114.238953,22.712168,1,56
30011,10:36:34,114.235703,22.714251,1,29
30011,10:37:29,114.235252,22.714684,1,2
30011,10:38:24,114.235252,22.714684,1,0
30011,10:39:19,114.233833,22.7164,1,14
30011,10:40:14,114.233665,22.7192,1,19
30011,10:41:09,114.235435,22.722418,1,31
30011,10:42:04,114.235435,22.722418,1,0
30011,10:42:25,114.235634,22.7229,0,8
30011,10:43:20,114.235634,22.7229,0,0
30011,10:44:16,114.233582,22.723984,0,21
30011,10:46:06,114.235634,22.728399,0,2
30011,10:46:38,114.236153,22.728382,1,5
30011,10:47:33,114.238548,22.728434,1,14
30011,10:48:32,114.246384,22.72855,1,30
30011,10:48:46,114.247017,22.728567,1,15
30011,10:50:37,114.24765,22.734301,1,41
30011,10:51:32,114.250069,22.735201,1,17
30011,10:52:27,114.250603,22.736717,1,11
30011,10:52:32,114.250603,22.736816,0,6
30011,10:53:15,114.250549,22.735916,0,12
30011,10:54:11,114.251266,22.735518,0,6
30011,10:55:06,114.256233,22.735817,0,33
30011,10:56:01,114.258453,22.729584,0,48
30011,10:56:56,114.25853,22.729099,0,10
30011,10:57:51,114.258217,22.730249,0,8
30011,10:58:46,114.256485,22.735434,0,39
30011,10:59:41,114.2565,22.73645,0,6
30011,11:00:36,114.256798,22.74025,0,26
30011,11:01:31,114.256149,22.74115,0,11
30011,11:02:26,114.258118,22.742849,0,37
30011,11:03:21,114.259033,22.744801,0,13
30011,11:04:16,114.263466,22.744301,0,29
30011,11:05:11,114.265648,22.744066,0,15
30011,11:07:02,114.264435,22.738899,0,28
30011,11:07:57,114.266052,22.737499,0,14
30011,11:08:52,114.264053,22.735533,0,24
30011,11:09:47,114.264267,22.732918,0,40
30011,11:10:42,114.265633,22.729733,0,28
30011,11:11:37,114.264915,22.727432,0,18
30011,11:12:32,114.264915,22.727432,0,0
30011,11:13:27,114.265816,22.727734,0,10
30011,11:14:22,114.267799,22.728901,0,13
30011,11:15:17,114.271217,22.730783,0,23
30011,11:16:12,114.275047,22.732483,0,26
30011,11:17:07,114.272469,22.731783,0,21
30011,11:18:02,114.272369,22.73175,0,0
30011,11:18:57,114.272369,22.73175,0,0
30011,11:19:52,114.272369,22.73175,0,0
30011,11:20:47,114.272369,22.73175,0,0
30011,11:21:42,114.272369,22.73175,0,0
30011,11:22:37,114.272369,22.73175,0,0
30011,11:23:32,114.272369,22.73175,0,0
30011,11:23:36,114.272369,22.73175,1,0
30011,11:24:31,114.270134,22.730667,1,15
30011,11:25:26,114.26915,22.730049,1,6
30011,11:26:21,114.261864,22.72555,1,58
30011,11:27:16,114.262337,22.723766,1,12
30011,11:28:12,114.263016,22.7222,1,11
30011,11:29:07,114.263199,22.721649,1,2
30011,11:30:02,114.264603,22.71315,1,62
30011,11:30:57,114.262833,22.7113,1,23
30011,11:31:52,114.262451,22.710667,1,5
30011,11:32:47,114.264816,22.705667,1,39
30011,11:33:42,114.268951,22.701349,1,41
30011,11:34:37,114.271515,22.700251,1,24
30011,11:35:32,114.274948,22.69895,1,23
30011,11:36:22,114.279182,22.697567,0,32
30011,11:37:18,114.277618,22.698067,0,10
30011,11:38:13,114.272697,22.696533,0,41
30011,11:39:08,114.269882,22.700184,0,33
30011,11:40:03,114.267281,22.703251,0,28
30011,11:40:29,114.267181,22.70335,1,2
30011,11:41:24,114.262703,22.70915,1,50
30011,11:42:19,114.263313,22.71125,1,17
30011,11:43:14,114.264397,22.711267,1,6
30011,11:44:09,114.26413,22.718967,1,57
30011,11:45:04,114.266968,22.722717,1,44
30011,11:45:59,114.266113,22.7241,1,10
30011,11:46:54,114.265434,22.727583,1,27
30011,11:47:49,114.269402,22.730049,1,31
30011,11:48:15,114.269447,22.730734,0,11
30011,11:49:10,114.268066,22.732183,0,12
30011,11:50:05,114.269333,22.73085,0,11
30011,11:51:00,114.269333,22.73085,0,0
30011,11:51:55,114.270615,22.730551,0,6
30011,11:52:50,114.271019,22.730734,0,3
30011,11:53:46,114.271019,22.730734,0,0
30011,11:54:41,114.272415,22.731449,0,8
30011,11:55:36,114.278252,22.730232,0,48
30011,11:56:31,114.276985,22.728933,0,11
30011,11:57:26,114.276871,22.728333,0,5
30011,11:58:21,114.277168,22.7281,0,0
30011,11:59:16,114.277168,22.7281,0,0
30011,12:00:11,114.277168,22.7281,0,0
30011,12:01:06,114.277168,22.7281,0,0
30011,12:02:01,114.277168,22.7281,0,0
30011,12:02:56,114.277168,22.7281,0,0
30011,12:03:51,114.277168,22.7281,0,0
30011,12:04:46,114.277168,22.7281,0,0
30011,12:05:41,114.277168,22.7281,0,0
30011,12:06:36,114.277168,22.7281,0,0
30011,12:07:31,114.277168,22.7281,0,0
30011,12:08:26,114.277168,22.7281,0,0
30011,12:09:21,114.277168,22.7281,0,0
30011,12:10:16,114.277168,22.7281,0,0
30011,12:11:11,114.277168,22.7281,0,0
30011,12:12:06,114.277168,22.7281,0,0
30011,12:13:01,114.277168,22.7281,0,0
30011,12:13:56,114.277168,22.7281,0,0
30011,12:14:51,114.277168,22.7281,0,0
30011,12:15:46,114.277168,22.7281,0,0
30011,12:16:41,114.277168,22.7281,0,0
30011,12:17:36,114.277168,22.7281,0,0
30011,12:20:21,114.277168,22.7281,0,0
30011,12:21:16,114.277168,22.7281,0,0
30011,12:22:11,114.277168,22.7281,0,0
30011,12:23:06,114.277168,22.7281,0,0
30011,12:24:01,114.277168,22.7281,0,0
30011,12:24:56,114.277168,22.7281,0,0
30011,12:25:51,114.277168,22.7281,0,0
30011,12:26:46,114.277168,22.7281,0,0
30011,12:27:41,114.277168,22.7281,0,0
30011,12:28:36,114.277168,22.7281,0,0
30011,12:29:31,114.277168,22.7281,0,0
30011,12:30:26,114.277168,22.7281,0,0
30011,12:31:21,114.277168,22.7281,0,0
30011,12:32:16,114.277168,22.7281,0,0
30011,12:33:11,114.275902,22.728832,0,6
30011,12:34:06,114.276619,22.731567,0,21
30011,12:37:46,114.276451,22.73485,0,46
30011,12:38:41,114.272583,22.731817,0,36
30011,12:40:31,114.270302,22.730984,0,12
30011,12:41:26,114.267784,22.73245,0,25
30011,12:42:21,114.262604,22.733549,0,34
30011,12:43:16,114.261917,22.733749,0,3
30011,12:44:11,114.261917,22.733749,0,0
30011,12:45:06,114.258415,22.734983,0,22
30011,12:46:01,114.255714,22.740183,0,53
30011,12:46:56,114.251884,22.740633,0,25
30011,12:47:51,114.248718,22.742617,0,35
30011,12:50:36,114.243797,22.749166,0,9
30011,12:51:31,114.242531,22.751051,0,16
30011,12:52:26,114.240318,22.749201,0,21
30011,12:53:21,114.236183,22.749983,0,28
30011,12:54:16,114.231514,22.74955,0,30
30011,12:55:11,114.230286,22.749649,0,7
30011,12:56:06,114.227585,22.749701,0,15
30011,12:57:01,114.225754,22.749733,0,10
30011,12:57:56,114.225754,22.749733,0,0
30011,12:58:51,114.227386,22.749634,0,9
30011,12:59:46,114.229515,22.749567,0,14
30011,13:00:41,114.229515,22.749567,0,0
30011,13:01:36,114.233597,22.751167,0,36
30011,13:02:31,114.238297,22.7565,0,53
30011,13:03:26,114.240067,22.75605,0,15
30011,13:04:21,114.240067,22.75605,0,0
30011,13:06:11,114.243263,22.756901,0,19
30011,13:07:06,114.243652,22.753767,0,30
30011,13:08:01,114.243629,22.752884,0,5
30011,13:08:56,114.243767,22.749216,0,28
30011,13:09:51,114.245499,22.745649,0,26
30011,13:10:46,114.247536,22.742468,0,26
30011,13:11:41,114.247833,22.740883,0,8
30011,13:12:36,114.253418,22.740232,0,38
30011,13:13:31,114.256432,22.736366,0,45
30011,13:14:26,114.261269,22.733883,0,36
30011,13:15:21,114.261269,22.733883,0,0
30011,13:16:16,114.265152,22.732634,0,25
30011,13:17:11,114.266403,22.732317,0,5
30011,13:18:06,114.269234,22.730682,0,22
30011,13:19:01,114.269234,22.730682,0,0
30011,13:19:56,114.273232,22.731867,0,28
30011,13:20:51,114.279617,22.729082,0,55
30011,13:21:46,114.281647,22.728067,0,15
30011,13:22:41,114.283333,22.7276,0,10
30011,13:24:31,114.293732,22.723167,0,33
30011,13:25:26,114.293869,22.723083,0,0
30011,13:26:21,114.291718,22.7244,0,27
30011,13:26:43,114.291718,22.7244,1,0
30011,13:27:38,114.290466,22.724951,1,5
30011,13:28:33,114.284401,22.727449,1,44
30011,13:29:28,114.282669,22.727934,1,11
30011,13:30:23,114.277931,22.730833,1,37
30011,13:31:18,114.273148,22.7323,1,50
30011,13:31:40,114.272751,22.73315,0,16
30011,13:32:35,114.270882,22.732967,0,10
30011,13:33:30,114.266098,22.732367,0,32
30011,13:34:25,114.262367,22.733618,0,24
30011,13:35:20,114.262367,22.733618,0,0
30011,13:36:15,114.261169,22.733133,0,9
30011,13:37:10,114.25898,22.729601,0,28
30011,13:38:05,114.25898,22.729601,0,0
30011,13:39:00,114.258965,22.72905,0,3
30011,13:39:55,114.260986,22.725183,0,31
30011,13:41:45,114.257515,22.727983,0,26
30011,13:42:40,114.256065,22.727016,0,12
30011,13:44:30,114.250786,22.720234,0,26
30011,13:46:20,114.248047,22.719383,0,0
30011,13:47:15,114.249252,22.719482,0,11
30011,13:47:58,114.249252,22.719482,1,0
30011,13:49:48,114.256569,22.722549,1,41
30011,13:50:43,114.26133,22.724983,1,36
30011,13:51:38,114.26133,22.724983,1,0
30011,13:52:33,114.263496,22.726351,1,16
30011,13:53:28,114.269699,22.730066,1,49
30011,13:54:23,114.273735,22.73205,1,30
30011,13:55:18,114.278236,22.730083,1,40
30011,13:56:13,114.276703,22.728451,1,13
30011,13:58:03,114.276947,22.728184,1,0
30011,13:58:58,114.276985,22.728701,1,4
30011,13:59:53,114.277603,22.726801,1,14
30011,14:00:48,114.281433,22.723133,1,40
30011,14:01:43,114.286133,22.721083,1,34
30011,14:02:38,114.287651,22.720432,1,10
30011,14:03:33,114.289467,22.72275,1,21
30011,14:04:28,114.293953,22.7232,1,38
30011,14:05:23,114.294479,22.72295,1,2
30011,14:06:18,114.299683,22.720449,1,37
30011,14:07:13,114.30423,22.714317,1,54
30011,14:08:08,114.309036,22.711201,1,40
30011,14:09:03,114.315681,22.706818,1,54
30011,14:09:58,114.319054,22.704599,1,26
30011,14:10:53,114.328079,22.700632,1,68
30011,14:11:48,114.332085,22.698133,1,31
30011,14:12:43,114.334251,22.696751,1,16
30011,14:13:38,114.337715,22.694366,1,28
30011,14:14:33,114.338852,22.6943,1,8
30011,14:15:28,114.342529,22.700817,1,52
30011,14:16:24,114.347,22.7024,1,45
30011,14:17:19,114.350754,22.7038,1,32
30011,14:18:14,114.354767,22.705183,1,27
30011,14:19:09,114.359482,22.706034,1,31
30011,14:20:04,114.3563,22.705549,1,21
30011,14:20:59,114.348251,22.701918,1,60
30011,14:21:54,114.344498,22.703983,1,29
30011,14:22:49,114.344498,22.703983,1,0
30011,14:23:44,114.344498,22.703983,1,0
30011,14:24:39,114.34388,22.70365,1,5
30011,14:25:34,114.3395,22.69565,1,64
30011,14:26:29,114.338669,22.694117,1,12
30011,14:27:24,114.338669,22.694117,1,0
30011,14:28:19,114.338448,22.693783,1,1
30011,14:28:44,114.338135,22.693233,0,9
30011,14:29:39,114.338135,22.693233,0,0
30011,14:30:34,114.336998,22.690718,0,18
30011,14:31:29,114.336998,22.690718,0,0
30011,14:32:24,114.336998,22.690718,0,0
30011,14:33:19,114.338066,22.689751,0,9
30011,14:34:14,114.338219,22.689117,0,5
30011,14:35:09,114.338219,22.689117,0,0
30011,14:36:04,114.338219,22.689117,0,0
30011,14:36:59,114.338219,22.689117,0,0
30011,14:38:49,114.338219,22.689117,0,0
30011,14:39:44,114.338219,22.689117,0,0
30011,14:40:39,114.338219,22.689117,0,0
30011,14:41:34,114.338219,22.689117,0,0
30011,14:42:29,114.338219,22.689117,0,0
30011,14:43:24,114.338219,22.689117,0,0
30011,14:44:19,114.338219,22.689117,0,0
30011,14:45:14,114.338219,22.689117,0,0
30011,14:46:09,114.338219,22.689117,0,0
30011,14:47:04,114.338219,22.689117,0,0
30011,14:47:59,114.338219,22.689117,0,0
30011,14:48:54,114.338219,22.689117,0,0
30011,14:49:49,114.338219,22.689117,0,0
30011,14:51:39,114.338219,22.689117,0,0
30011,14:52:34,114.338219,22.689117,0,0
30011,14:53:29,114.338219,22.689117,0,0
30011,14:54:24,114.338219,22.689117,0,0
30011,14:55:19,114.338219,22.689117,0,0
30011,14:56:14,114.338219,22.689117,0,0
30011,14:57:09,114.338219,22.689117,0,0
30011,14:58:04,114.338219,22.689117,0,0
30011,14:58:59,114.338219,22.689117,0,0
30011,14:59:54,114.338219,22.689117,0,0
30011,15:00:49,114.338219,22.689117,0,0
30011,15:02:40,114.338219,22.689117,0,0
30011,15:03:35,114.338219,22.689117,0,0
30011,15:04:30,114.338219,22.689117,0,0
30011,15:05:25,114.338219,22.689117,0,0
30011,15:06:20,114.338219,22.689117,0,0
30011,15:07:15,114.338219,22.689117,0,0
30011,15:08:10,114.338219,22.689117,0,0
30011,15:09:05,114.338219,22.689117,0,0
30011,15:10:00,114.338219,22.689117,0,0
30011,15:10:55,114.338219,22.689117,0,0
30011,15:11:50,114.338219,22.689117,0,0
30011,15:12:45,114.338219,22.689117,0,0
30011,15:13:40,114.338219,22.689117,0,0
30011,15:14:35,114.338219,22.689117,0,0
30011,15:15:30,114.338219,22.689117,0,0
30011,15:16:25,114.338219,22.689117,0,0
30011,15:17:20,114.338219,22.689117,0,0
30011,15:18:15,114.338219,22.689117,0,0
30011,15:19:10,114.338219,22.689117,0,0
30011,15:20:05,114.338219,22.689117,0,0
30011,15:21:00,114.338219,22.689117,0,0
30011,15:21:55,114.338219,22.689117,0,0
30011,15:22:50,114.338219,22.689117,0,0
30011,15:23:45,114.338219,22.689117,0,0
30011,15:24:40,114.338219,22.689117,0,0
30011,15:25:35,114.338219,22.689117,0,0
30011,15:26:30,114.338219,22.689117,0,0
30011,15:27:25,114.338219,22.689117,0,0
30011,15:28:20,114.338219,22.689117,0,0
30011,15:29:15,114.338219,22.689117,0,0
30011,15:30:10,114.338219,22.689117,0,0
30011,15:31:05,114.338219,22.689117,0,0
30011,15:32:00,114.338219,22.689117,0,0
30011,15:32:55,114.338219,22.689117,0,0
30011,15:33:50,114.338219,22.689117,0,0
30011,15:34:45,114.338219,22.689117,0,0
30011,15:35:40,114.338219,22.689117,0,0
30011,15:36:35,114.338219,22.689117,0,0
30011,15:37:30,114.338219,22.689117,0,0
30011,15:38:25,114.338219,22.689117,0,0
30011,15:39:20,114.338219,22.689117,0,0
30011,15:40:15,114.338219,22.689117,0,0
30011,15:41:10,114.338219,22.689117,0,0
30011,15:42:05,114.338219,22.689117,0,0
30011,15:43:00,114.338219,22.689117,0,0
30011,15:43:55,114.338219,22.689117,0,0
30011,15:44:50,114.338219,22.689117,0,0
30011,15:45:45,114.338219,22.689117,0,0
30011,15:47:35,114.338219,22.689117,0,0
30011,15:48:30,114.338219,22.689117,0,0
30011,15:49:25,114.338219,22.689117,0,0
30011,15:51:15,114.338219,22.689117,0,0
30011,15:52:10,114.338219,22.689117,0,0
30011,15:53:05,114.338219,22.689117,0,0
30011,15:54:00,114.338219,22.689117,0,0
30011,15:54:55,114.338219,22.689117,0,0
30011,15:55:50,114.338219,22.689117,0,0
30011,15:56:45,114.338219,22.689117,0,0
30011,15:57:40,114.338219,22.689117,0,0
30011,15:58:35,114.338219,22.689117,0,0
30011,15:59:30,114.338219,22.689117,0,0
30011,16:00:25,114.338219,22.689117,0,0
30011,16:01:20,114.338219,22.689117,0,0
30011,16:02:15,114.338219,22.689117,0,0
30011,16:03:10,114.338219,22.689117,0,0
30011,16:04:05,114.338219,22.689117,0,0
30011,16:05:00,114.338219,22.689117,0,0
30011,16:05:55,114.338219,22.689117,0,0
30011,16:06:50,114.338219,22.689117,0,0
30011,16:07:45,114.338219,22.689117,0,0
30011,16:08:40,114.338219,22.689117,0,0
30011,16:09:35,114.338219,22.689117,0,0
30011,16:10:30,114.338219,22.689117,0,0
30011,16:11:25,114.338219,22.689117,0,0
30011,16:12:20,114.338219,22.689117,0,0
30011,16:13:15,114.338219,22.689117,0,0
30011,16:14:10,114.338219,22.689117,0,0
30011,16:15:05,114.338318,22.68915,0,0
30011,16:16:00,114.338318,22.68915,0,0
30011,16:16:55,114.338303,22.689768,0,1
30011,16:17:50,114.338303,22.689768,0,0
30011,16:18:45,114.338051,22.689899,0,0
30011,16:19:40,114.334663,22.6917,0,23
30011,16:20:35,114.334663,22.6917,0,0
30011,16:21:30,114.332497,22.696533,0,35
30011,16:22:25,114.330551,22.699318,0,25
30011,16:23:20,114.322037,22.702732,0,62
30011,16:24:15,114.317131,22.706066,0,40
30011,16:25:10,114.315514,22.707184,0,11
30011,16:26:05,114.30867,22.711634,0,55
30011,16:27:00,114.302902,22.717133,0,58
30011,16:27:55,114.298782,22.721167,0,40
30011,16:28:50,114.295303,22.722782,0,26
30011,16:29:45,114.292336,22.724051,0,21
30011,16:30:40,114.288467,22.721382,0,37
30011,16:31:35,114.285896,22.721216,0,18
30011,16:32:30,114.282654,22.722683,0,22
30011,16:33:25,114.278702,22.724449,0,28
30011,16:34:20,114.278702,22.724449,0,0
30011,16:35:15,114.278099,22.724951,0,4
30011,16:36:10,114.277534,22.728382,0,25
30011,16:37:05,114.277046,22.7283,0,6
30011,16:38:00,114.277046,22.7283,0,0
30011,16:38:55,114.277046,22.7283,0,0
30011,16:39:50,114.277046,22.7283,0,0
30011,16:40:45,114.277046,22.7283,0,0
30011,16:41:40,114.277046,22.7283,0,0
30011,16:42:35,114.277046,22.7283,0,0
30011,16:43:30,114.277046,22.7283,0,0
30011,16:44:25,114.277046,22.7283,0,0
30011,16:45:20,114.277046,22.7283,0,0
30011,16:46:15,114.277046,22.7283,0,0
30011,16:47:10,114.277046,22.7283,0,0
30011,16:48:05,114.27668,22.728533,0,3
30011,16:49:00,114.274963,22.7297,0,12
30011,16:49:55,114.27523,22.732018,0,14
30011,16:50:50,114.2743,22.733217,0,10
30011,16:51:45,114.272232,22.733282,0,11
30011,16:52:40,114.269669,22.732918,0,17
30011,16:53:35,114.266418,22.732349,0,21
30011,16:54:30,114.266418,22.732349,0,0
30011,16:55:25,114.269402,22.732582,0,19
30011,16:56:20,114.272598,22.733168,0,21
30011,16:57:15,114.275932,22.733732,0,22
30011,16:58:10,114.276802,22.734882,0,7
30011,16:59:05,114.278999,22.735567,0,15
30011,17:00:00,114.281883,22.736317,0,20
30011,17:00:55,114.28373,22.73645,0,7
30011,17:01:50,114.287598,22.736633,0,24
30011,17:02:45,114.292419,22.736317,0,40
30011,17:04:35,114.296982,22.734501,0,6
30011,17:05:30,114.29287,22.7286,0,51
30011,17:06:25,114.288651,22.731466,0,34
30011,17:08:16,114.28685,22.730783,0,8
30011,17:09:11,114.285583,22.728483,0,16
30011,17:10:06,114.283386,22.727783,0,17
30011,17:11:03,114.280151,22.728951,0,26
30011,17:11:17,114.278687,22.730066,0,49
30011,17:12:12,114.274384,22.732582,0,49
30011,17:13:07,114.271179,22.731068,0,23
30011,17:14:02,114.270081,22.730482,0,4
30011,17:14:57,114.271118,22.730749,0,10
30011,17:15:52,114.274414,22.732433,0,23
30011,17:16:47,114.276749,22.7355,0,51
30011,17:17:43,114.277634,22.740717,0,39
30011,17:18:38,114.27282,22.740967,0,32
30011,17:19:33,114.269264,22.739468,0,32
30011,17:20:28,114.265266,22.738083,0,31
30011,17:21:23,114.263702,22.740784,0,22
30011,17:22:18,114.262764,22.742649,0,14
30011,17:23:13,114.261719,22.742701,0,5
30011,17:24:08,114.263313,22.742617,0,8
30011,17:25:03,114.264297,22.739183,0,25
30011,17:25:58,114.266098,22.736418,0,28
30011,17:26:42,114.262085,22.734533,1,37
30011,17:27:37,114.265137,22.732683,1,30
30011,17:28:32,114.265785,22.73245,1,3
30011,17:29:27,114.269585,22.732718,1,25
30011,17:30:22,114.273399,22.733368,1,24
30011,17:30:57,114.274864,22.733534,0,11
30011,17:31:52,114.27388,22.73345,0,6
30011,17:32:47,114.272469,22.73325,0,6
30011,17:33:42,114.270233,22.732901,0,9
30011,17:34:37,114.268021,22.732567,0,14
30011,17:35:32,114.265251,22.7327,0,17
30011,17:36:27,114.261902,22.733767,0,23
30011,17:37:22,114.261902,22.733767,0,0
30011,17:38:17,114.260231,22.734318,0,10
30011,17:39:12,114.256653,22.7381,0,42
30011,17:40:07,114.252586,22.740566,0,43
30011,17:41:02,114.248352,22.742083,0,38
30011,17:41:57,114.248596,22.743017,0,8
30011,17:42:52,114.246063,22.744818,0,28
30011,17:43:47,114.244049,22.7488,0,31
30011,17:44:42,114.244003,22.748882,0,0
30011,17:45:37,114.245049,22.749517,0,6
30011,17:46:32,114.242966,22.750982,0,22
30011,17:47:27,114.244484,22.747749,0,24
30011,17:49:00,114.247086,22.743168,1,28
30011,17:49:55,114.247704,22.742416,1,6
30011,17:50:50,114.248314,22.740833,1,9
30011,17:51:45,114.2528,22.740299,1,29
30011,17:52:40,114.256485,22.737267,1,42
30011,17:53:35,114.260048,22.734318,1,36
30011,17:54:30,114.264717,22.732782,1,33
30011,17:55:25,114.265297,22.73255,1,3
30011,17:55:55,114.265999,22.732332,0,3
30011,17:56:51,114.266853,22.7323,0,4
30011,17:57:45,114.267952,22.7325,0,3
30011,17:58:40,114.265564,22.732599,0,14
30011,17:59:36,114.262665,22.733517,0,19
30011,18:00:30,114.262665,22.733517,0,0
30011,18:02:20,114.257965,22.73525,0,19
30011,18:03:15,114.25663,22.737967,0,23
30011,18:04:10,114.253853,22.740351,0,36
30011,18:05:05,114.248299,22.741068,0,37
30011,18:06:00,114.248947,22.742933,0,15
30011,18:06:55,114.24688,22.743532,0,19
30011,18:07:51,114.244019,22.744034,0,23
30011,18:08:46,114.24218,22.746233,0,16
30011,18:09:41,114.241486,22.747316,0,7
30011,18:10:36,114.241364,22.750183,0,22
30011,18:11:31,114.2435,22.74975,0,20
30011,18:12:26,114.243767,22.749233,0,1
30011,18:12:54,114.244118,22.748484,1,5
30011,18:13:49,114.246635,22.743799,1,35
30011,18:14:45,114.247032,22.743233,1,4
30011,18:21:17,114.256386,22.736183,1,33
30011,18:22:12,114.261101,22.733932,1,36
30011,18:23:07,114.264099,22.733,1,19
30011,18:24:02,114.265549,22.732533,1,10
30011,18:24:57,114.265549,22.732533,1,0
30011,18:25:52,114.267883,22.732517,1,11
30011,18:26:47,114.270782,22.732967,1,18
30011,18:27:42,114.271103,22.732983,1,2
30011,18:27:47,114.271103,22.732983,0,0
30011,18:28:42,114.271103,22.732983,0,0
30011,18:29:37,114.271103,22.732983,0,0
30011,18:30:32,114.271103,22.732983,0,0
30011,18:31:01,114.271103,22.732983,1,0
30011,18:31:56,114.268036,22.732483,1,20
30011,18:32:51,114.266769,22.732367,1,5
30011,18:33:46,114.261581,22.73385,1,36
30011,18:34:41,114.256882,22.7358,1,34
30011,18:35:36,114.256798,22.735849,1,0
30011,18:36:31,114.256798,22.735849,1,0
30011,18:37:26,114.256798,22.735849,1,0
30011,18:38:21,114.249847,22.735184,1,46
30011,18:39:16,114.248901,22.736183,1,11
30011,18:39:37,114.248596,22.736334,0,2
30011,18:40:32,114.248596,22.736334,0,0
30011,18:41:27,114.248596,22.736334,0,0
30011,18:42:22,114.247353,22.736282,0,5
30011,18:43:17,114.247368,22.734583,0,12
30011,18:45:07,114.247368,22.734583,0,0
30011,18:46:02,114.246002,22.731117,0,31
30011,18:46:57,114.245918,22.730083,0,8
30011,18:47:52,114.245918,22.730083,0,0
30011,18:48:47,114.245918,22.730083,0,0
30011,18:49:42,114.245918,22.730083,0,0
30011,18:50:37,114.245918,22.730083,0,0
30011,18:51:32,114.245918,22.730083,0,0
30011,18:52:27,114.245918,22.730083,0,0
30011,18:53:23,114.245918,22.730083,0,0
30011,18:54:18,114.245918,22.730083,0,0
30011,18:55:13,114.245918,22.730083,0,0
30011,18:56:08,114.245918,22.730083,0,0
30011,18:57:03,114.245918,22.730083,0,0
30011,18:57:58,114.245918,22.730083,0,0
30011,18:58:53,114.245918,22.730083,0,0
30011,18:59:48,114.245918,22.730083,0,0
30011,19:00:43,114.245918,22.730083,0,0
30011,19:01:38,114.245918,22.730083,0,0
30011,19:02:33,114.245918,22.730083,0,0
30011,19:03:28,114.24585,22.728718,0,8
30011,19:04:23,114.246986,22.728518,0,5
30011,19:05:18,114.24765,22.728867,0,4
30011,19:06:13,114.247704,22.734283,0,38
30011,19:07:08,114.249901,22.735067,0,15
30011,19:08:03,114.249901,22.735067,0,0
30011,19:08:26,114.250648,22.7353,1,8
30011,19:09:21,114.255699,22.736267,1,32
30011,19:10:16,114.255699,22.736267,1,0
30011,19:11:11,114.255699,22.736267,1,0
30011,19:12:06,114.256653,22.738234,1,18
30011,19:13:01,114.258636,22.744066,1,44
30011,19:13:56,114.259804,22.74765,1,25
30011,19:14:51,114.259834,22.747766,1,0
30011,19:15:46,114.264954,22.749634,1,36
30011,19:16:41,114.265984,22.749901,1,6
30011,19:17:36,114.265984,22.749901,1,0
30011,19:18:31,114.273537,22.750532,1,49
30011,19:19:26,114.274681,22.750616,1,6
30011,19:20:21,114.277885,22.750816,1,20
30011,19:21:16,114.278214,22.750933,1,1
30011,19:22:11,114.281181,22.75625,1,44
30011,19:23:06,114.281181,22.75625,1,0
30011,19:24:01,114.281281,22.762182,1,41
30011,19:24:56,114.284218,22.763617,1,37
30011,19:25:51,114.287018,22.7665,1,42
30011,19:26:46,114.286613,22.767483,1,11
30011,19:27:41,114.287453,22.764933,1,22
30011,19:28:36,114.287086,22.7647,1,1
30011,19:29:19,114.283752,22.763767,0,35
30011,19:30:14,114.281235,22.764366,0,17
30011,19:31:09,114.28125,22.759382,0,35
30011,19:32:04,114.278954,22.75425,0,43
30011,19:32:59,114.277901,22.748716,0,41
30011,19:33:54,114.27742,22.74305,0,41
30011,19:34:47,114.277351,22.742268,1,8
30011,19:35:42,114.276703,22.736,1,43
30011,19:36:37,114.272003,22.731466,1,49
30011,19:37:32,114.265381,22.727682,1,52
30011,19:38:27,114.26503,22.727484,1,2
30011,19:39:22,114.265381,22.725668,1,14
30011,19:40:17,114.263565,22.722151,1,40
30011,19:40:52,114.261581,22.721367,0,22
30011,19:41:47,114.261253,22.7213,0,1
30011,19:42:42,114.259865,22.722866,0,14
30011,19:43:37,114.260918,22.724701,0,17
30011,19:44:32,114.26107,22.724783,0,1
30011,19:45:27,114.264053,22.726618,0,19
30011,19:46:22,114.264435,22.726851,0,2
30011,19:47:17,114.264748,22.727083,0,1
30011,19:48:12,114.269783,22.730101,0,40
30011,19:49:07,114.271286,22.730783,0,11
30011,19:50:02,114.271286,22.730783,0,0
30011,19:50:57,114.273064,22.731649,0,8
30011,19:51:52,114.275253,22.732567,0,15
30011,19:52:47,114.2743,22.7334,0,6
30011,19:53:42,114.273201,22.733299,0,5
30011,19:53:47,114.273201,22.733299,1,0
30011,19:54:42,114.273781,22.7334,1,3
30011,19:55:37,114.276253,22.734484,1,19
30011,19:56:32,114.277199,22.735018,1,3
30011,19:57:27,114.279266,22.735701,1,11
30011,19:58:22,114.281052,22.736151,1,10
30011,19:59:17,114.283386,22.73645,1,11
30011,19:59:36,114.284615,22.736433,0,22
30011,20:00:31,114.286049,22.736532,0,7
30011,20:01:26,114.288147,22.73435,0,31
30011,20:02:21,114.287666,22.73245,0,13
30011,20:03:16,114.287666,22.73245,0,0
30011,20:04:11,114.286697,22.730417,0,14
30011,20:04:51,114.2864,22.729933,1,3
30011,20:05:46,114.284332,22.727484,1,24
30011,20:06:41,114.280815,22.728518,1,21
30011,20:07:36,114.277267,22.733534,1,47
30011,20:08:31,114.271797,22.731382,1,39
30011,20:09:26,114.271385,22.731199,1,1
30011,20:10:21,114.270782,22.7309,1,0
30011,20:11:16,114.270782,22.7309,1,0
30011,20:12:11,114.267616,22.729082,1,20
30011,20:13:06,114.261536,22.725317,1,48
30011,20:14:01,114.254402,22.721617,1,54
30011,20:14:56,114.251732,22.718849,1,30
30011,20:15:40,114.252235,22.716801,0,18
30011,20:16:35,114.252029,22.718033,0,8
30011,20:17:30,114.254997,22.719467,0,24
30011,20:18:25,114.25943,22.720699,0,30
30011,20:19:20,114.260551,22.721117,0,6
30011,20:20:15,114.261398,22.725033,0,33
30011,20:21:10,114.263069,22.726017,0,13
30011,20:22:05,114.26532,22.725683,0,17
30011,20:23:00,114.267082,22.728451,0,26
30011,20:23:55,114.267883,22.728933,0,6
30011,20:24:50,114.26915,22.729767,0,8
30011,20:25:45,114.271446,22.730984,0,16
30011,20:26:40,114.278168,22.730499,0,54
30011,20:27:35,114.281631,22.728033,0,28
30011,20:28:30,114.284035,22.727318,0,16
30011,20:29:25,114.288681,22.725483,0,32
30011,20:30:20,114.289932,22.72485,0,7
30011,20:31:15,114.2948,22.72275,0,35
30011,20:32:10,114.301414,22.718983,0,52
30011,20:33:05,114.301781,22.718599,0,3
30011,20:34:00,114.302017,22.718451,0,0
30011,20:34:55,114.30677,22.722067,0,41
30011,20:35:50,114.311684,22.723734,0,34
30011,20:36:45,114.317413,22.726549,0,42
30011,20:38:35,114.31987,22.723867,0,11
30011,20:39:30,114.319969,22.723667,0,0
30011,20:40:25,114.318871,22.724117,0,7
30011,20:41:20,114.318016,22.725634,0,9
30011,20:42:15,114.315735,22.725733,0,19
30011,20:43:10,114.315735,22.725733,0,0
30011,20:44:05,114.315735,22.725733,0,0
30011,20:45:00,114.313499,22.724716,0,15
30011,20:45:55,114.312798,22.72435,0,3
30011,20:46:50,114.308998,22.722668,0,28
30011,20:47:36,114.306,22.721817,1,23
30011,20:48:31,114.301598,22.719067,1,36
30011,20:49:26,114.296349,22.722349,1,42
30011,20:50:21,114.290718,22.725483,1,45
30011,20:51:16,114.283836,22.72765,1,50
30011,20:52:11,114.2826,22.728018,1,8
30011,20:53:06,114.279182,22.729517,1,24
30011,20:54:01,114.276634,22.734882,1,45
30011,20:54:56,114.277634,22.742434,1,55
30011,20:55:15,114.276985,22.742718,0,14
30011,20:56:10,114.277351,22.741966,0,5
30011,20:57:05,114.276482,22.735132,0,49
30011,20:58:00,114.273247,22.732183,0,33
30011,20:58:55,114.271782,22.733133,0,9
30011,20:59:19,114.271217,22.733067,1,8
30011,21:00:14,114.269318,22.732849,1,8
30011,21:01:09,114.267487,22.73255,1,7
30011,21:02:04,114.262802,22.733482,1,32
30011,21:02:59,114.262535,22.733583,1,1
30011,21:03:54,114.259834,22.734467,1,17
30011,21:04:49,114.257431,22.735518,1,16
30011,21:05:45,114.257133,22.735666,1,2
30011,21:06:40,114.257133,22.735666,1,0
30011,21:07:35,114.25145,22.735634,1,36
30011,21:08:30,114.24855,22.734768,1,19
30011,21:09:25,114.248268,22.734699,1,1
30011,21:10:20,114.247803,22.734568,1,3
30011,21:11:15,114.247803,22.734568,1,0
30011,21:12:10,114.241402,22.73245,1,44
30011,21:13:05,114.23542,22.732149,1,39
30011,21:14:00,114.233353,22.728884,1,35
30011,21:14:55,114.231186,22.730083,1,26
30011,21:15:50,114.228371,22.7295,1,22
30011,21:15:56,114.228371,22.7295,0,0
30011,21:16:51,114.228371,22.7295,0,0
30011,21:17:06,114.228371,22.7295,1,0
30011,21:18:01,114.231834,22.728283,1,31
30011,21:18:56,114.233383,22.727667,1,12
30011,21:19:51,114.233452,22.722601,1,36
30011,21:20:46,114.233452,22.722601,1,0
30011,21:21:41,114.233932,22.715883,1,47
30011,21:22:36,114.234665,22.715082,1,7
30011,21:23:31,114.238182,22.711767,1,31
30011,21:24:26,114.238182,22.711767,1,0
30011,21:25:21,114.238647,22.7115,1,2
30011,21:26:00,114.239914,22.71245,0,15
30011,21:26:55,114.241966,22.71435,0,17
30011,21:27:50,114.246933,22.718767,0,45
30011,21:28:45,114.245186,22.717667,0,14
30011,21:29:40,114.23938,22.712517,0,53
30011,21:30:33,114.237984,22.712168,1,12
30011,21:31:28,114.235397,22.7146,1,22
30011,21:32:23,114.234535,22.715366,1,6
30011,21:33:18,114.23362,22.720966,1,41
30011,21:34:13,114.233582,22.722033,1,7
30011,21:35:08,114.233582,22.722033,1,0
30011,21:36:03,114.227654,22.722334,1,41
30011,21:36:58,114.22435,22.72345,1,28
30011,21:37:22,114.22435,22.72345,0,0
30011,21:38:17,114.227066,22.725183,0,27
30011,21:39:25,114.228752,22.726168,1,6
30011,21:40:20,114.23172,22.72835,1,24
30011,21:41:16,114.233215,22.72835,1,9
30011,21:42:11,114.233215,22.72835,1,0
30011,21:43:06,114.238617,22.728434,1,34
30011,21:43:56,114.24202,22.728483,1,40
30011,21:44:52,114.242599,22.7285,1,3
30011,21:45:47,114.242798,22.731434,1,19
30011,21:46:03,114.242821,22.732149,0,17
30011,21:46:58,114.242821,22.732149,0,0
30011,21:47:53,114.247437,22.733418,0,37
30011,21:48:48,114.24765,22.734249,0,6
30011,21:50:38,114.255997,22.736116,0,35
30011,21:51:33,114.257584,22.741751,0,45
30011,21:52:28,114.258797,22.744467,0,20
30011,21:53:23,114.263519,22.744301,0,30
30011,21:53:38,114.263802,22.744249,1,6
30011,21:54:33,114.261131,22.7446,1,14
30011,21:55:28,114.259354,22.744833,1,11
30011,21:56:23,114.258614,22.744617,1,4
30011,21:57:18,114.252731,22.7404,1,60
30011,21:58:13,114.248016,22.740917,1,31
30011,21:59:08,114.248016,22.740917,1,0
30011,22:00:03,114.247299,22.735533,1,39
30011,22:00:58,114.240303,22.732283,1,56
30011,22:01:53,114.233299,22.731916,1,47
30011,22:02:48,114.2313,22.728251,1,38
30011,22:02:54,114.23127,22.728216,0,2
30011,22:03:49,114.23127,22.728216,0,0
30011,22:04:44,114.233215,22.728251,0,12
30011,22:05:39,114.233498,22.722933,0,38
30011,22:06:34,114.23542,22.722267,0,14
30011,22:06:52,114.23542,22.722267,1,0
30011,22:07:47,114.232536,22.722401,1,21
30011,22:08:42,114.224701,22.722334,1,51
30011,22:09:37,114.219101,22.722183,1,35
30011,22:10:32,114.213615,22.722099,1,36
30011,22:11:27,114.213615,22.722099,1,0
30011,22:12:22,114.213303,22.716049,1,43
30011,22:13:17,114.213402,22.708267,1,56
30011,22:14:12,114.213501,22.70365,1,31
30011,22:15:07,114.213531,22.702801,1,5
30011,22:16:02,114.213783,22.704082,1,10
30011,22:16:57,114.213783,22.705067,1,5
30011,22:16:59,114.213783,22.705299,0,46
30011,22:17:54,114.217964,22.707533,0,43
30011,22:18:49,114.220566,22.705482,0,21
30011,22:19:44,114.224869,22.705517,0,38
30011,22:20:39,114.22728,22.707733,0,20
30011,22:21:34,114.22937,22.7096,0,17
30011,22:22:29,114.233536,22.713333,0,38
30011,22:23:24,114.237968,22.711983,0,38
30011,22:23:48,114.237968,22.711983,1,0
30011,22:24:43,114.235298,22.714649,1,23
30011,22:25:38,114.234901,22.715067,1,2
30011,22:26:33,114.23365,22.721067,1,45
30011,22:27:28,114.233635,22.722151,1,7
30011,22:28:23,114.233597,22.723682,1,9
30011,22:29:18,114.231598,22.728399,1,46
30011,22:29:39,114.23082,22.727682,0,19
30011,22:30:35,114.23082,22.727682,0,0
30011,22:31:29,114.233383,22.727934,0,19
30011,22:32:20,114.233437,22.723482,1,34
30011,22:33:15,114.233582,22.728067,1,31
30011,22:34:10,114.236954,22.728399,1,22
30011,22:35:05,114.2425,22.7285,1,36
30011,22:36:00,114.244865,22.7285,1,14
30011,22:36:55,114.247551,22.726667,1,28
30011,22:37:50,114.248001,22.726566,1,4
30011,22:38:45,114.250702,22.729082,1,25
30011,22:39:40,114.251816,22.730034,1,3
30011,22:40:28,114.252815,22.731382,0,14
30011,22:41:23,114.252716,22.730867,0,2
30011,22:42:18,114.250214,22.728634,0,22
30011,22:42:29,114.250214,22.728634,1,0
30011,22:43:24,114.247597,22.728718,1,31
30011,22:44:19,114.247498,22.734016,1,37
30011,22:45:14,114.247498,22.734016,1,0
30011,22:46:07,114.248337,22.736282,0,20
30011,22:47:02,114.248863,22.735567,0,5
30011,22:47:57,114.248001,22.73455,0,10
30011,22:48:52,114.247368,22.733917,0,5
30011,22:49:16,114.247368,22.732332,1,25
30011,22:51:06,114.247482,22.734768,1,40
30011,22:52:01,114.248314,22.742067,1,53
30011,22:52:54,114.247749,22.742434,0,20
30011,22:53:49,114.245354,22.746149,0,25
30011,22:54:44,114.245468,22.749767,0,31
30011,22:55:39,114.249519,22.748417,0,41
30011,22:57:29,114.257248,22.744932,0,53
30011,22:58:24,114.261848,22.74445,0,31
30011,22:59:19,114.259499,22.744801,0,15
30011,23:00:14,114.252449,22.746283,0,48
30011,23:01:09,114.251083,22.746967,0,8
30011,23:02:04,114.247368,22.750784,0,41
30011,23:02:59,114.24337,22.750084,0,34
30011,23:03:54,114.240181,22.749268,0,32
30011,23:04:49,114.234901,22.749718,0,36
30011,23:05:44,114.229782,22.749666,0,34
30011,23:06:39,114.224518,22.749483,0,35
30011,23:07:34,114.219353,22.750982,0,36
30011,23:08:29,114.215218,22.750418,0,29
30011,23:09:24,114.215218,22.750418,0,0
30011,23:10:19,114.215218,22.750418,0,0
30011,23:11:14,114.219185,22.751101,0,25
30011,23:12:09,114.223831,22.749666,0,32
30011,23:13:04,114.227669,22.749617,0,25
30011,23:13:59,114.228035,22.749599,0,2
30011,23:14:54,114.229385,22.749567,0,7
30011,23:15:49,114.229866,22.745867,0,27
30011,23:16:44,114.230049,22.738199,0,54
30011,23:17:39,114.233002,22.736349,0,31
30011,23:18:34,114.233398,22.736401,0,1
30011,23:19:29,114.235451,22.736433,0,13
30011,23:20:25,114.238503,22.736467,0,18
30011,23:21:20,114.241066,22.736532,0,15
30011,23:22:05,114.245903,22.736601,1,38
30011,23:23:00,114.246033,22.734484,1,27
30011,23:23:55,114.245697,22.734501,1,2
30011,23:24:50,114.247398,22.73465,1,16
30011,23:25:34,114.249336,22.734867,0,17
30011,23:26:29,114.253151,22.736032,0,25
30011,23:27:24,114.256035,22.736151,0,19
30011,23:28:19,114.256767,22.738832,0,21
30011,23:29:14,114.258652,22.744066,0,39
30011,23:30:09,114.261749,22.744499,0,23
30011,23:31:04,114.26635,22.743917,0,30
30011,23:31:43,114.26783,22.743717,1,13
30011,23:32:38,114.263901,22.744249,1,28
30011,23:33:33,114.259384,22.744801,1,30
30011,23:34:28,114.256668,22.740267,1,39
30011,23:35:23,114.256317,22.736282,1,29
30011,23:37:13,114.25238,22.730618,1,34
30011,23:38:08,114.250702,22.72905,1,15
30011,23:39:03,114.247971,22.726667,1,23
30011,23:39:58,114.244415,22.725599,1,30
30011,23:40:31,114.245567,22.726933,0,20
30011,23:40:59,114.245567,22.726933,1,0
30011,23:41:54,114.247452,22.727882,1,22
30011,23:42:49,114.247566,22.722733,1,37
30011,23:43:44,114.249435,22.722584,1,12
30011,23:44:39,114.252716,22.7264,1,35
30011,23:45:01,114.253067,22.7269,0,10
30011,23:45:43,114.253067,22.7269,1,0
30011,23:46:38,114.252052,22.725866,1,24
30011,23:47:33,114.248398,22.723301,1,37
30011,23:48:28,114.247665,22.728201,1,48
30011,23:49:23,114.247536,22.736134,1,56
30011,23:49:58,114.248215,22.736267,0,7
30011,23:50:26,114.248253,22.736267,1,0
30011,23:51:21,114.250481,22.735849,1,15
30011,23:52:16,114.250648,22.735332,1,1
30011,23:53:11,114.256302,22.735067,1,44
