32898,00:00:17,114.151001,22.645533,0,64
32898,00:01:12,114.151619,22.642267,0,27
32898,00:02:07,114.149963,22.641333,0,38
32898,00:03:02,114.151283,22.632784,0,62
32898,00:03:57,114.151833,22.6287,0,29
32898,00:04:52,114.152267,22.626699,0,14
32898,00:05:47,114.151718,22.624149,0,16
32898,00:06:42,114.144135,22.622601,0,51
32898,00:07:37,114.137848,22.621849,0,42
32898,00:08:32,114.137848,22.621849,0,0
32898,00:09:27,114.133553,22.617451,0,41
32898,00:10:22,114.128014,22.611668,0,55
32898,00:11:17,114.12117,22.607567,0,54
32898,00:12:12,114.116264,22.603817,0,43
32898,00:13:07,114.112221,22.59845,0,47
32898,00:14:02,114.10907,22.590651,0,60
32898,00:14:57,114.112984,22.584351,0,52
32898,00:15:52,114.115532,22.5772,0,55
32898,00:16:47,114.108315,22.57575,0,51
32898,00:17:42,114.099968,22.570883,0,65
32898,00:18:37,114.094368,22.568533,0,41
32898,00:19:32,114.087135,22.566433,0,49
32898,00:20:27,114.081367,22.558367,0,69
32898,00:21:22,114.077385,22.55335,0,41
32898,00:22:17,114.070534,22.551117,0,51
32898,00:22:58,114.070396,22.551132,1,1
32898,00:23:53,114.067848,22.555616,1,45
32898,00:24:48,114.067833,22.557734,1,14
32898,00:25:43,114.067703,22.563417,1,39
32898,00:26:38,114.065666,22.569384,1,61
32898,00:27:33,114.059151,22.566982,1,45
32898,00:28:28,114.049469,22.565067,1,67
32898,00:29:23,114.038452,22.563299,1,75
32898,00:30:18,114.028084,22.561567,1,70
32898,00:31:13,114.019432,22.560368,1,58
32898,00:32:08,114.01413,22.564632,1,56
32898,00:35:49,114.011398,22.598618,1,69
32898,00:36:44,114.010468,22.608717,1,74
32898,00:37:39,114.008385,22.618668,1,74
32898,00:38:34,114.007202,22.6278,1,67
32898,00:39:29,114.001579,22.635616,1,67
32898,00:40:24,113.999046,22.644817,1,70
32898,00:41:19,113.994331,22.653383,1,69
32898,00:42:14,113.988029,22.661234,1,71
32898,00:43:09,113.982666,22.669233,1,71
32898,00:44:04,113.976883,22.67765,1,72
32898,00:44:59,113.971848,22.683599,1,54
32898,00:45:57,113.963684,22.684566,1,28
32898,00:46:07,113.962379,22.685049,1,51
32898,00:47:03,113.95993,22.686684,1,18
32898,00:47:58,113.954536,22.687332,1,36
32898,00:48:53,113.951385,22.689432,1,26
32898,00:49:48,113.946815,22.68515,1,42
32898,00:50:43,113.940132,22.683451,1,47
32898,00:51:38,113.934013,22.683083,1,39
32898,00:52:33,113.929787,22.683733,1,27
32898,00:53:28,113.929749,22.683733,1,0
32898,00:54:23,113.928452,22.681467,1,17
32898,00:55:18,113.927498,22.680384,1,11
32898,00:56:16,113.927582,22.680433,1,0
32898,00:56:40,113.927582,22.680433,1,0
32898,00:57:15,113.927582,22.680433,0,0
32898,00:58:13,113.92588,22.67835,0,19
32898,00:58:34,113.925697,22.677883,1,5
32898,00:59:03,113.924751,22.675867,1,29
32898,00:59:59,113.922134,22.673233,1,24
32898,01:00:54,113.920197,22.668882,1,33
32898,01:03:00,113.915932,22.655317,1,65
32898,01:03:03,113.915703,22.654882,1,65
32898,01:03:59,113.918999,22.646099,1,71
32898,01:04:54,113.926735,22.637518,1,81
32898,01:05:49,113.933296,22.629667,1,72
32898,01:06:47,113.934769,22.621799,1,81
32898,01:07:42,113.933853,22.611366,1,69
32898,01:08:04,113.932564,22.608767,1,51
32898,01:09:00,113.927734,22.606916,1,34
32898,01:09:55,113.926636,22.602882,1,54
32898,01:10:50,113.926537,22.602383,1,3
32898,01:12:40,113.924835,22.582199,1,81
32898,01:13:35,113.927498,22.573467,1,69
32898,01:14:30,113.92907,22.563284,1,76
32898,01:15:25,113.92868,22.552017,1,81
32898,01:16:20,113.925346,22.543283,1,68
32898,01:18:10,113.919403,22.543266,1,0
32898,01:19:05,113.915802,22.543383,1,20
32898,01:20:00,113.915154,22.541782,1,10
32898,01:20:37,113.917152,22.540882,0,23
32898,01:21:32,113.918983,22.540318,0,10
32898,01:22:27,113.921219,22.542999,0,34
32898,01:23:22,113.927032,22.5399,0,50
32898,01:24:17,113.924614,22.530916,0,67
32898,01:25:12,113.925499,22.525667,0,50
32898,01:26:07,113.936432,22.524366,0,73
32898,01:27:02,113.94767,22.524,0,75
32898,01:27:57,113.959816,22.522667,0,82
32898,01:29:47,113.980202,22.522467,0,64
32898,01:30:42,113.990135,22.524799,0,69
32898,01:32:32,114.01088,22.529818,0,77
32898,01:33:27,114.016899,22.529066,0,50
32898,01:34:22,114.021484,22.5249,0,41
32898,01:35:17,114.024353,22.52335,0,21
32898,01:36:12,114.029099,22.520817,0,32
32898,01:37:07,114.030434,22.5224,0,15
32898,01:38:02,114.031334,22.521784,0,4
32898,01:39:31,114.031334,22.521784,1,0
32898,01:40:26,114.030602,22.520433,1,10
32898,01:41:21,114.030998,22.523649,1,25
32898,01:42:16,114.032501,22.5259,1,17
32898,01:43:11,114.032501,22.5259,1,0
32898,01:44:06,114.034081,22.530001,1,28
32898,01:45:01,114.041885,22.530899,1,50
32898,01:45:56,114.04277,22.5289,1,12
32898,01:46:51,114.042847,22.528299,1,1
32898,01:47:02,114.042847,22.528299,0,0
32898,01:47:57,114.040283,22.527233,0,12
32898,01:48:52,114.035614,22.527582,0,26
32898,01:49:47,114.034164,22.52825,0,6
32898,01:50:42,114.03363,22.528,0,2
32898,01:51:37,114.031052,22.523899,0,31
32898,01:52:32,114.031219,22.521833,0,16
32898,01:53:27,114.031219,22.521833,0,0
32898,01:54:22,114.031219,22.521833,0,0
32898,01:55:17,114.031219,22.521833,0,0
32898,01:56:12,114.031219,22.521833,0,0
32898,01:57:07,114.031219,22.521833,0,0
32898,01:58:02,114.031219,22.521833,0,0
32898,01:58:57,114.031219,22.521833,0,0
32898,01:59:52,114.031219,22.521833,0,0
32898,02:00:47,114.031219,22.521833,0,0
32898,02:01:42,114.031219,22.521833,0,0
32898,02:02:37,114.031219,22.521833,0,0
32898,02:03:32,114.031219,22.521833,0,0
32898,02:04:27,114.031219,22.521833,0,0
32898,02:04:43,114.031219,22.521833,1,0
32898,02:05:38,114.030815,22.521084,1,3
32898,02:06:33,114.030602,22.520782,1,2
32898,02:07:28,114.030113,22.522266,1,15
32898,02:08:23,114.030983,22.523666,1,9
32898,02:09:18,114.032532,22.525917,1,17
32898,02:10:13,114.032883,22.526501,1,3
32898,02:11:08,114.033798,22.528233,1,13
32898,02:12:03,114.035881,22.530083,1,22
32898,02:12:58,114.047752,22.531334,1,80
32898,02:13:53,114.059052,22.531467,1,75
32898,02:14:48,114.067169,22.530666,1,54
32898,02:15:43,114.06588,22.52475,1,47
32898,02:16:38,114.068047,22.52145,1,39
32898,02:17:30,114.068085,22.521601,0,8
32898,02:18:25,114.06543,22.52405,0,29
32898,02:19:20,114.067665,22.5245,0,28
32898,02:20:15,114.068336,22.531134,0,49
32898,02:21:10,114.066017,22.531918,0,43
32898,02:22:05,114.062981,22.531,0,47
32898,02:23:00,114.061569,22.527666,0,28
32898,02:23:55,114.059586,22.527483,0,12
32898,02:24:51,114.05677,22.5277,0,13
32898,02:25:46,114.054535,22.527233,0,11
32898,02:26:41,114.053383,22.5285,0,8
32898,02:27:36,114.054047,22.527317,0,2
32898,02:28:31,114.054298,22.5275,0,0
32898,02:29:26,114.054298,22.5275,0,0
32898,02:30:21,114.054298,22.5275,0,0
32898,02:31:16,114.054298,22.5275,0,0
32898,02:32:11,114.054298,22.5275,0,0
32898,02:33:06,114.054298,22.5275,0,0
32898,02:34:01,114.054298,22.5275,0,0
32898,02:34:56,114.054298,22.5275,0,0
32898,02:35:51,114.054298,22.5275,0,0
32898,02:36:46,114.054298,22.5275,0,0
32898,02:37:41,114.054298,22.5275,0,0
32898,02:38:36,114.054298,22.5275,0,0
32898,02:39:31,114.054298,22.5275,0,0
32898,02:40:26,114.054298,22.5275,0,0
32898,02:41:21,114.054298,22.5275,0,0
32898,02:43:11,114.054298,22.5275,0,0
32898,02:44:06,114.054298,22.5275,0,0
32898,02:45:56,114.054298,22.5275,0,0
32898,02:46:51,114.053329,22.5284,0,10
32898,02:47:46,114.052567,22.528334,0,4
32898,02:48:41,114.052567,22.528334,0,0
32898,02:49:36,114.052567,22.528334,0,0
32898,02:50:31,114.052567,22.528334,0,0
32898,02:51:26,114.052567,22.528334,0,0
32898,02:52:21,114.052567,22.528334,0,0
32898,02:53:16,114.052567,22.528334,0,0
32898,02:54:11,114.052567,22.528334,0,0
32898,02:55:06,114.052567,22.528334,0,0
32898,02:56:01,114.052567,22.528334,0,0
32898,02:56:56,114.052567,22.528334,0,0
32898,02:57:51,114.052567,22.528334,0,0
32898,02:58:46,114.052567,22.528334,0,0
32898,02:59:41,114.052567,22.528334,0,0
32898,03:00:36,114.052567,22.528334,0,0
32898,03:01:31,114.052567,22.528334,0,0
32898,03:02:26,114.052567,22.528334,0,0
32898,03:03:21,114.052567,22.528334,0,0
32898,03:04:16,114.052567,22.528334,0,0
32898,03:05:11,114.052567,22.528334,0,0
32898,03:06:06,114.052567,22.528334,0,0
32898,03:07:01,114.052567,22.528334,0,0
32898,03:07:56,114.052567,22.528334,0,0
32898,03:08:51,114.052567,22.528334,0,0
32898,03:09:46,114.052567,22.528334,0,0
32898,03:10:41,114.052567,22.528334,0,0
32898,03:11:36,114.052567,22.528334,0,0
32898,03:12:31,114.052567,22.528334,0,0
32898,03:13:26,114.052567,22.528334,0,0
32898,03:14:21,114.052567,22.528334,0,0
32898,03:16:11,114.052567,22.528334,0,0
32898,03:17:06,114.052567,22.528334,0,0
32898,03:18:01,114.052567,22.528334,0,0
32898,03:18:56,114.052567,22.528334,0,0
32898,03:19:52,114.052567,22.528334,0,0
32898,03:20:47,114.052567,22.528334,0,0
32898,03:21:42,114.052567,22.528334,0,0
32898,03:22:37,114.052567,22.528334,0,0
32898,03:23:32,114.052567,22.528334,0,0
32898,03:24:27,114.052567,22.528334,0,0
32898,03:25:22,114.052567,22.528334,0,0
32898,03:26:17,114.052567,22.528334,0,0
32898,03:27:12,114.052567,22.528334,0,0
32898,03:28:07,114.052567,22.528334,0,0
32898,03:29:02,114.052567,22.528334,0,0
32898,03:29:57,114.052567,22.528334,0,0
32898,03:30:52,114.052567,22.528334,0,0
32898,03:31:47,114.052567,22.528334,0,0
32898,03:32:42,114.052567,22.528334,0,0
32898,03:33:37,114.052567,22.528334,0,0
32898,03:34:32,114.052567,22.528334,0,0
32898,03:35:27,114.052567,22.528334,0,0
32898,03:36:22,114.052567,22.528334,0,0
32898,03:37:17,114.052567,22.528334,0,0
32898,03:38:12,114.052567,22.528334,0,0
32898,03:39:07,114.052567,22.528334,0,0
32898,03:40:02,114.052567,22.528334,0,0
32898,03:40:57,114.052567,22.528334,0,0
32898,03:41:52,114.052567,22.528334,0,0
32898,03:42:47,114.052567,22.528334,0,0
32898,03:43:42,114.052567,22.528334,0,0
32898,03:44:37,114.052567,22.528334,0,0
32898,03:45:32,114.052567,22.528334,0,0
32898,03:46:27,114.052567,22.528334,0,0
32898,03:47:22,114.052567,22.528334,0,0
32898,03:48:17,114.052567,22.528334,0,0
32898,03:49:12,114.052567,22.528334,0,0
32898,03:50:07,114.052567,22.528334,0,0
32898,03:51:02,114.052567,22.528334,0,0
32898,03:51:57,114.052567,22.528334,0,0
32898,03:52:52,114.052567,22.528334,0,0
32898,03:53:47,114.052567,22.528334,0,0
32898,03:54:42,114.052567,22.528334,0,0
32898,03:55:37,114.052567,22.528334,0,0
32898,03:56:32,114.052567,22.528334,0,0
32898,03:57:27,114.052567,22.528334,0,0
32898,03:58:22,114.052567,22.528334,0,0
32898,03:59:17,114.052567,22.528334,0,0
32898,04:00:12,114.052567,22.528334,0,0
32898,04:01:07,114.052567,22.528334,0,0
32898,04:02:02,114.052567,22.528334,0,0
32898,04:02:57,114.052567,22.528334,0,0
32898,04:03:52,114.052567,22.528334,0,0
32898,04:04:47,114.052567,22.528334,0,0
32898,04:05:42,114.052567,22.528334,0,0
32898,04:06:37,114.052567,22.528334,0,0
32898,04:07:32,114.052567,22.528334,0,0
32898,04:08:27,114.052567,22.528334,0,0
32898,04:09:22,114.052567,22.528334,0,0
32898,04:10:17,114.052567,22.528334,0,0
32898,04:11:12,114.052567,22.528334,0,0
32898,04:12:07,114.052567,22.528334,0,0
32898,04:13:02,114.052567,22.528334,0,0
32898,04:13:57,114.052567,22.528334,0,0
32898,04:14:52,114.052567,22.528334,0,0
32898,04:15:47,114.052567,22.528334,0,0
32898,04:16:42,114.052567,22.528334,0,0
32898,04:17:37,114.052567,22.528334,0,0
32898,04:18:32,114.052567,22.528334,0,0
32898,04:19:27,114.052567,22.528334,0,0
32898,04:20:22,114.052567,22.528334,0,0
32898,04:21:17,114.052567,22.528334,0,0
32898,04:22:12,114.053215,22.528732,0,0
32898,04:23:07,114.053215,22.528732,0,0
32898,04:24:02,114.053215,22.528732,0,0
32898,04:24:57,114.053215,22.528732,0,0
32898,04:25:52,114.053215,22.528732,0,0
32898,04:26:47,114.053215,22.528732,0,0
32898,04:27:42,114.053215,22.528732,0,0
32898,04:28:37,114.053215,22.528732,0,0
32898,04:29:32,114.053215,22.528732,0,0
32898,04:30:27,114.053215,22.528732,0,0
32898,04:32:18,114.053215,22.528732,0,0
32898,04:34:08,114.053215,22.528732,0,0
32898,04:35:03,114.053215,22.528732,0,0
32898,04:35:58,114.053215,22.528732,0,0
32898,04:36:53,114.053215,22.528732,0,0
32898,04:37:48,114.053215,22.528732,0,0
32898,04:38:43,114.053215,22.528732,0,0
32898,04:39:38,114.053215,22.528732,0,0
32898,04:40:33,114.053215,22.528732,0,0
32898,04:41:28,114.053215,22.528732,0,0
32898,04:42:23,114.053215,22.528732,0,0
32898,04:43:18,114.053215,22.528732,0,0
32898,04:44:13,114.053215,22.528732,0,0
32898,04:45:08,114.053215,22.528732,0,0
32898,04:46:03,114.053215,22.528732,0,0
32898,04:46:58,114.053215,22.528732,0,0
32898,04:47:53,114.053215,22.528732,0,0
32898,04:48:48,114.053215,22.528732,0,0
32898,04:49:43,114.053215,22.528732,0,0
32898,04:50:38,114.053215,22.528732,0,0
32898,04:51:33,114.053215,22.528732,0,0
32898,04:52:28,114.053215,22.528732,0,0
32898,04:53:23,114.053215,22.528732,0,0
32898,04:54:18,114.053215,22.528732,0,0
32898,04:55:13,114.053215,22.528732,0,0
32898,04:56:08,114.053215,22.528732,0,0
32898,04:57:03,114.053215,22.528732,0,0
32898,04:57:58,114.053215,22.528732,0,0
32898,04:58:53,114.053215,22.528732,0,0
32898,04:59:48,114.053215,22.528732,0,0
32898,05:00:43,114.053215,22.528732,0,0
32898,05:01:38,114.053215,22.528732,0,0
32898,05:02:33,114.053215,22.528732,0,0
32898,05:03:28,114.053215,22.528732,0,0
32898,05:04:23,114.053215,22.528732,0,0
32898,05:05:18,114.053215,22.528732,0,0
32898,05:06:13,114.053215,22.528732,0,0
32898,05:07:08,114.053215,22.528732,0,0
32898,05:08:03,114.053215,22.528732,0,0
32898,05:08:58,114.053215,22.528732,0,0
32898,05:09:53,114.053215,22.528732,0,0
32898,05:10:48,114.053215,22.528732,0,0
32898,05:11:43,114.053215,22.528732,0,0
32898,05:12:38,114.053215,22.528732,0,0
32898,05:13:33,114.053215,22.528732,0,0
32898,05:14:28,114.053215,22.528732,0,0
32898,05:16:18,114.053215,22.528732,0,0
32898,05:17:13,114.053215,22.528732,0,0
32898,05:18:08,114.053215,22.528732,0,0
32898,05:19:03,114.053215,22.528732,0,0
32898,05:19:58,114.053215,22.528732,0,0
32898,05:20:53,114.053215,22.528732,0,0
32898,05:21:48,114.053215,22.528732,0,0
32898,05:22:43,114.053215,22.528732,0,0
32898,05:23:38,114.053215,22.528732,0,0
32898,05:24:33,114.053215,22.528732,0,0
32898,05:25:28,114.053215,22.528732,0,0
32898,05:26:23,114.053215,22.528732,0,0
32898,05:27:18,114.053215,22.528732,0,0
32898,05:28:14,114.053215,22.528732,0,0
32898,05:29:09,114.053215,22.528732,0,0
32898,05:30:04,114.053215,22.528732,0,0
32898,05:30:59,114.053215,22.528732,0,0
32898,05:31:54,114.053215,22.528732,0,0
32898,05:32:49,114.053215,22.528732,0,0
32898,05:33:44,114.053215,22.528732,0,0
32898,05:34:39,114.053215,22.528732,0,0
32898,05:35:34,114.053215,22.528732,0,0
32898,05:36:29,114.053215,22.528732,0,0
32898,05:37:24,114.053215,22.528732,0,0
32898,05:38:19,114.053215,22.528732,0,0
32898,05:39:14,114.053215,22.528732,0,0
32898,05:40:09,114.053215,22.528732,0,0
32898,05:41:04,114.053215,22.528732,0,0
32898,05:41:59,114.053215,22.528732,0,0
32898,05:42:54,114.053215,22.528732,0,0
32898,05:43:49,114.053215,22.528732,0,0
32898,05:44:44,114.053215,22.528732,0,0
32898,05:45:39,114.053215,22.528732,0,0
32898,05:46:34,114.053215,22.528732,0,0
32898,05:47:29,114.053215,22.528732,0,0
32898,05:48:24,114.053215,22.528732,0,0
32898,05:49:19,114.053215,22.528732,0,0
32898,05:50:14,114.053215,22.528732,0,0
32898,05:51:09,114.053215,22.528732,0,0
32898,05:52:04,114.053215,22.528732,0,0
32898,05:52:59,114.053215,22.528732,0,0
32898,05:53:54,114.053215,22.528732,0,0
32898,05:54:49,114.053215,22.528732,0,0
32898,05:55:44,114.053215,22.528732,0,0
32898,05:56:39,114.053215,22.528732,0,0
32898,05:57:34,114.053215,22.528732,0,0
32898,05:58:29,114.053215,22.528732,0,0
32898,05:59:24,114.053215,22.528732,0,0
32898,06:00:19,114.053215,22.528732,0,0
32898,06:01:14,114.053215,22.528732,0,0
32898,06:02:09,114.053215,22.528732,0,0
32898,06:03:04,114.053215,22.528732,0,0
32898,06:03:59,114.053215,22.528732,0,0
32898,06:04:54,114.053215,22.528732,0,0
32898,06:05:49,114.053215,22.528732,0,0
32898,06:06:44,114.053215,22.528732,0,0
32898,06:07:39,114.053215,22.528732,0,0
32898,06:08:34,114.053215,22.528732,0,0
32898,06:09:29,114.053215,22.528732,0,0
32898,06:10:24,114.053215,22.528732,0,0
32898,06:11:19,114.053215,22.528732,0,0
32898,06:12:14,114.053215,22.528732,0,0
32898,06:13:09,114.053215,22.528732,0,0
32898,06:14:04,114.053215,22.528732,0,0
32898,06:14:59,114.053215,22.528732,0,0
32898,06:15:54,114.053215,22.528732,0,0
32898,06:16:49,114.053215,22.528732,0,0
32898,06:17:44,114.053215,22.528732,0,0
32898,06:18:39,114.053215,22.528732,0,0
32898,06:19:34,114.053215,22.528732,0,0
32898,06:20:29,114.053215,22.528732,0,0
32898,06:21:24,114.053215,22.528732,0,0
32898,06:22:19,114.053215,22.528732,0,0
32898,06:23:14,114.053215,22.528732,0,0
32898,06:24:09,114.053215,22.528732,0,0
32898,06:25:04,114.053215,22.528732,0,0
32898,06:25:59,114.053215,22.528732,0,0
32898,06:26:54,114.053215,22.528732,0,0
32898,06:27:49,114.053215,22.528732,0,0
32898,06:28:44,114.053215,22.528732,0,0
32898,06:29:39,114.053215,22.528732,0,0
32898,06:30:34,114.053215,22.528732,0,0
32898,06:31:29,114.053215,22.528732,0,0
32898,06:32:24,114.053215,22.528732,0,0
32898,06:33:19,114.053131,22.528618,0,3
32898,06:33:35,114.053131,22.528618,1,0
32898,06:34:30,114.053665,22.530567,1,13
32898,06:35:25,114.053833,22.531099,1,0
32898,06:36:20,114.060417,22.531366,1,41
32898,06:37:15,114.067352,22.530567,1,48
32898,06:38:10,114.065765,22.524584,1,48
32898,06:39:05,114.068047,22.521549,1,37
32898,06:39:51,114.067764,22.520849,0,6
32898,06:40:46,114.067818,22.522182,0,5
32898,06:42:36,114.0672,22.524782,0,26
32898,06:43:31,114.068283,22.532017,0,53
32898,06:44:26,114.068817,22.534416,0,29
32898,06:45:21,114.068787,22.534233,0,0
32898,06:46:16,114.068787,22.534233,0,0
32898,06:47:11,114.068787,22.534233,0,0
32898,06:48:06,114.068787,22.534233,0,0
32898,06:49:01,114.068787,22.534233,0,0
32898,06:50:51,114.068787,22.534233,0,0
32898,06:51:46,114.068787,22.534233,0,0
32898,06:52:41,114.068787,22.534233,0,0
32898,06:53:36,114.068787,22.534233,0,0
32898,06:54:31,114.068787,22.534233,0,0
32898,06:55:26,114.068787,22.534233,0,0
32898,06:56:21,114.068787,22.534233,0,0
32898,06:57:16,114.068787,22.534233,0,0
32898,06:58:11,114.068787,22.534233,0,0
32898,06:59:06,114.068787,22.534233,0,0
32898,07:00:01,114.068382,22.534866,0,6
32898,07:01:51,114.062218,22.531866,0,28
32898,07:02:46,114.053635,22.531717,0,57
32898,07:03:41,114.046204,22.531633,0,49
32898,07:04:36,114.044533,22.530634,0,37
32898,07:05:31,114.044518,22.526068,0,34
32898,07:06:26,114.042702,22.522318,0,34
32898,07:07:21,114.044769,22.521667,0,14
32898,07:08:16,114.044235,22.520634,0,4
32898,07:09:11,114.04377,22.521217,0,4
32898,07:10:06,114.04377,22.521217,0,0
32898,07:11:01,114.04377,22.521217,0,0
32898,07:11:56,114.04377,22.521217,0,0
32898,07:12:51,114.04377,22.521217,0,0
32898,07:13:46,114.04377,22.521217,0,0
32898,07:14:41,114.04377,22.521217,0,0
32898,07:15:36,114.04377,22.521217,0,0
32898,07:16:31,114.04377,22.521217,0,0
32898,07:17:26,114.04377,22.521217,0,0
32898,07:19:16,114.04377,22.521217,0,0
32898,07:20:11,114.04377,22.521217,0,0
32898,07:21:06,114.04377,22.521217,0,0
32898,07:22:01,114.04377,22.521217,0,0
32898,07:22:56,114.04377,22.521217,0,0
32898,07:23:51,114.04377,22.521217,0,0
32898,07:24:46,114.04377,22.521217,0,0
32898,07:25:41,114.04377,22.521217,0,0
32898,07:26:36,114.04377,22.521217,0,0
32898,07:27:31,114.04377,22.521217,0,0
32898,07:28:26,114.04377,22.521217,0,0
32898,07:30:16,114.04377,22.521217,0,0
32898,07:31:11,114.04377,22.521217,0,0
32898,07:32:06,114.04377,22.521217,0,0
32898,07:33:01,114.04377,22.521217,0,0
32898,07:33:56,114.04377,22.521217,0,0
32898,07:34:51,114.04377,22.521217,0,0
32898,07:35:46,114.04377,22.521217,0,0
32898,07:37:36,114.04377,22.521217,0,0
32898,07:38:31,114.044067,22.520666,0,3
32898,07:39:26,114.040421,22.522133,0,27
32898,07:40:21,114.040398,22.522266,0,0
32898,07:41:17,114.039734,22.523733,0,13
32898,07:41:51,114.038963,22.524349,1,4
32898,07:43:41,114.033699,22.525833,1,18
32898,07:44:36,114.032318,22.526751,1,8
32898,07:45:31,114.031418,22.52725,1,5
32898,07:46:26,114.030365,22.527849,1,1
32898,07:47:21,114.026886,22.529583,1,23
32898,07:48:16,114.021049,22.532333,1,45
32898,07:49:11,114.013435,22.530649,1,52
32898,07:50:06,114.002296,22.530199,1,75
32898,07:51:01,113.992104,22.525932,1,77
32898,07:51:56,113.981667,22.523033,1,73
32898,07:52:51,113.970299,22.522882,1,76
32898,07:53:46,113.959213,22.5229,1,74
32898,07:54:41,113.948334,22.524151,1,73
32898,07:55:36,113.936897,22.524668,1,76
32898,07:56:31,113.927116,22.525482,1,67
32898,07:57:26,113.92437,22.5266,1,30
32898,07:58:21,113.923431,22.52195,1,32
32898,07:59:16,113.922363,22.5193,1,20
32898,08:00:11,113.922363,22.5193,1,0
32898,08:01:06,113.922234,22.518351,1,4
32898,08:02:01,113.921967,22.516466,1,11
32898,08:02:52,113.919785,22.514717,0,34
32898,08:03:47,113.918884,22.515249,0,7
32898,08:04:42,113.917534,22.516382,0,7
32898,08:05:04,113.917534,22.516382,1,0
32898,08:05:59,113.914902,22.513733,1,23
32898,08:06:54,113.91362,22.512484,1,12
32898,08:07:49,113.916367,22.509733,1,24
32898,08:08:44,113.91848,22.507917,1,18
32898,08:09:39,113.917336,22.504032,1,29
32898,08:10:34,113.91732,22.50395,1,0
32898,08:12:24,113.915787,22.500467,1,21
32898,08:13:19,113.914436,22.49765,1,20
32898,08:14:14,113.911064,22.49235,1,43
32898,08:15:09,113.909149,22.488632,1,25
32898,08:16:04,113.907471,22.484318,1,30
32898,08:16:59,113.907448,22.481216,1,20
32898,08:17:54,113.907684,22.480917,1,2
32898,08:18:33,113.908165,22.479767,0,13
32898,08:19:28,113.908165,22.479767,0,0
32898,08:20:23,113.90802,22.482201,0,24
32898,08:21:18,113.908836,22.485451,0,21
32898,08:22:13,113.909798,22.487,0,12
32898,08:23:08,113.91095,22.487766,0,7
32898,08:23:24,113.911018,22.487801,1,1
32898,08:24:19,113.910217,22.4874,1,5
32898,08:25:14,113.909203,22.4862,1,9
32898,08:26:09,113.90863,22.485201,1,5
32898,08:26:39,113.908417,22.484432,0,6
32898,08:27:34,113.909248,22.481701,0,24
32898,08:28:29,113.912132,22.484467,0,28
32898,08:29:24,113.915749,22.48745,0,33
32898,08:30:19,113.918999,22.488483,0,23
32898,08:31:14,113.919518,22.4883,0,1
32898,08:32:09,113.924553,22.486883,0,30
32898,08:33:04,113.925781,22.484632,0,21
32898,08:33:59,113.925568,22.483116,0,10
32898,08:34:54,113.925568,22.483116,0,0
32898,08:35:49,113.925568,22.483116,0,0
32898,08:36:44,113.925568,22.483116,0,0
32898,08:37:39,113.925568,22.483116,0,0
32898,08:38:34,113.925568,22.483116,0,0
32898,08:38:45,113.925568,22.483116,1,0
32898,08:39:40,113.92585,22.485767,1,19
32898,08:40:35,113.925903,22.4858,1,0
32898,08:41:30,113.929169,22.485216,1,18
32898,08:42:25,113.930603,22.484716,1,8
32898,08:43:20,113.934586,22.485416,1,27
32898,08:44:15,113.937599,22.4881,1,26
32898,08:45:10,113.940384,22.489918,1,21
32898,08:46:05,113.946648,22.494499,1,71
32898,08:47:00,113.946747,22.501917,1,53
32898,08:47:55,113.946747,22.509434,1,52
32898,08:48:50,113.948265,22.516768,1,53
32898,08:49:45,113.949051,22.522568,1,42
32898,08:50:40,113.954849,22.523149,1,43
32898,08:51:35,113.965752,22.522633,1,73
32898,08:52:30,113.975967,22.5224,1,68
32898,08:53:25,113.977783,22.526882,1,54
32898,08:54:20,113.985466,22.529417,1,60
32898,08:56:00,113.989914,22.529984,0,7
32898,08:58:45,113.989418,22.528784,0,0
32898,08:59:40,113.988281,22.530567,0,10
32898,09:00:35,113.99025,22.5326,0,23
32898,09:01:30,113.992119,22.532316,0,11
32898,09:01:56,113.992432,22.532551,1,0
32898,09:02:51,113.990303,22.532833,1,11
32898,09:03:46,113.988365,22.530951,1,15
32898,09:04:41,113.988319,22.530567,1,0
32898,09:05:36,113.992882,22.530951,1,31
32898,09:06:31,113.994064,22.534283,1,30
32898,09:07:26,113.998665,22.535067,1,28
32898,09:08:21,114.000397,22.535351,1,9
32898,09:09:16,114.002701,22.535749,1,15
32898,09:10:11,114.010368,22.537167,1,50
32898,09:11:06,114.013786,22.538616,1,26
32898,09:12:01,114.0159,22.540199,1,23
32898,09:13:51,114.018883,22.5422,1,0
32898,09:14:05,114.018883,22.5422,0,0
32898,09:14:43,114.020332,22.5425,1,11
32898,09:15:38,114.022636,22.541416,1,16
32898,09:16:33,114.022903,22.542566,1,12
32898,09:18:23,114.030266,22.546766,1,25
32898,09:19:18,114.035316,22.54825,1,35
32898,09:20:13,114.039497,22.549417,1,28
32898,09:21:08,114.039497,22.549417,1,0
32898,09:22:03,114.039497,22.549417,1,0
32898,09:22:58,114.043854,22.550417,1,28
32898,09:24:48,114.043854,22.550417,1,0
32898,09:25:43,114.050514,22.551149,1,44
32898,09:26:38,114.051216,22.551201,1,2
32898,09:27:33,114.057419,22.551233,1,41
32898,09:28:28,114.057419,22.551233,1,0
32898,09:29:23,114.061653,22.5513,1,26
32898,09:30:18,114.067467,22.550966,1,39
32898,09:31:13,114.067482,22.550966,1,0
32898,09:32:08,114.067482,22.550966,1,0
32898,09:33:03,114.072266,22.55105,1,31
32898,09:33:58,114.074768,22.551332,1,15
32898,09:34:53,114.074768,22.551332,1,0
32898,09:35:48,114.074768,22.551332,1,0
32898,09:36:43,114.0774,22.551533,1,14
32898,09:37:38,114.080399,22.5516,1,17
32898,09:38:33,114.083801,22.551666,1,20
32898,09:39:28,114.086502,22.551683,1,18
32898,09:39:32,114.086502,22.551683,0,0
32898,09:59:42,114.045868,22.531584,1,1
32898,10:00:19,114.044914,22.531584,1,2
32898,10:01:14,114.044731,22.531567,1,0
32898,10:02:09,114.044182,22.531532,1,0
32898,10:03:04,114.044182,22.531532,1,0
32898,10:03:59,114.044182,22.531532,1,0
32898,10:04:54,114.044403,22.531834,1,1
32898,10:05:49,114.044701,22.529484,1,12
32898,10:06:44,114.044601,22.526167,1,23
32898,10:07:39,114.041786,22.521433,1,37
32898,10:08:34,114.04007,22.522232,1,9
32898,10:08:59,114.039803,22.522467,0,0
32898,10:10:20,114.039803,22.522467,1,0
32898,10:11:02,114.039032,22.5229,0,4
32898,10:11:11,114.038666,22.5231,1,16
32898,10:11:33,114.038017,22.523466,0,12
32898,10:12:29,114.038017,22.523466,0,0
32898,10:13:23,114.038017,22.523466,0,0
32898,10:13:52,114.038582,22.524067,1,10
32898,10:14:47,114.040581,22.523649,1,7
32898,10:15:42,114.041985,22.521667,1,18
32898,10:16:37,114.038765,22.516317,1,42
32898,10:17:32,114.03437,22.518017,1,34
32898,10:17:40,114.034019,22.5182,0,21
32898,10:18:36,114.034019,22.5182,0,0
32898,10:19:00,114.034019,22.5182,1,0
32898,10:20:50,114.040619,22.513617,1,23
32898,10:21:45,114.046204,22.5123,1,38
32898,10:22:40,114.052353,22.512966,1,41
32898,10:23:35,114.057014,22.51475,1,32
32898,10:24:30,114.059868,22.516718,1,23
32898,10:25:25,114.062332,22.518467,1,20
32898,10:26:11,114.062737,22.51755,0,20
32898,10:27:06,114.06308,22.517584,0,1
32898,10:28:01,114.06308,22.517584,0,0
32898,10:28:56,114.06308,22.517584,0,0
32898,10:29:51,114.06308,22.517584,0,0
32898,10:30:46,114.06308,22.517584,0,0
32898,10:31:41,114.063652,22.517616,0,0
32898,10:32:36,114.063652,22.517616,0,0
32898,10:33:21,114.063652,22.517616,1,0
32898,10:34:16,114.062668,22.517933,1,1
32898,10:35:11,114.063004,22.518482,1,3
32898,10:36:06,114.063316,22.518732,1,0
32898,10:37:01,114.063316,22.518732,1,0
32898,10:37:56,114.061485,22.5207,1,15
32898,10:38:51,114.061836,22.518133,1,27
32898,10:39:46,114.057365,22.514584,1,40
32898,10:40:41,114.057365,22.514584,1,0
32898,10:41:36,114.057365,22.514584,1,0
32898,10:42:31,114.057365,22.514584,1,0
32898,10:43:26,114.060432,22.517082,1,25
32898,10:44:21,114.062263,22.518417,1,15
32898,10:45:16,114.062714,22.517567,1,18
32898,10:45:22,114.062767,22.517584,0,3
32898,10:46:17,114.063416,22.51745,0,0
32898,10:47:12,114.063416,22.51745,0,0
32898,10:48:07,114.063416,22.51745,0,0
32898,10:49:02,114.063416,22.51745,0,0
32898,10:49:57,114.063416,22.51745,0,0
32898,10:50:52,114.063416,22.51745,0,0
32898,10:51:47,114.063416,22.51745,0,0
32898,10:52:42,114.063416,22.51745,0,0
32898,10:53:37,114.063416,22.51745,0,0
32898,10:54:32,114.063416,22.51745,0,0
32898,10:55:27,114.063416,22.51745,0,0
32898,10:56:22,114.063416,22.51745,0,0
32898,10:57:17,114.063416,22.51745,0,0
32898,10:58:02,114.063416,22.51745,1,0
32898,10:58:57,114.063248,22.518682,1,8
32898,10:59:52,114.061401,22.520933,1,18
32898,11:00:47,114.063232,22.52655,1,42
32898,11:01:42,114.063232,22.530817,1,29
32898,11:03:32,114.067017,22.527,1,29
32898,11:04:18,114.068481,22.523733,0,46
32898,11:05:13,114.068481,22.523733,0,0
32898,11:07:03,114.067566,22.524233,0,0
32898,11:07:58,114.067566,22.524233,0,0
32898,11:08:53,114.067566,22.524233,0,0
32898,11:09:48,114.067566,22.524233,0,0
32898,11:10:43,114.067566,22.524233,0,0
32898,11:11:38,114.067566,22.524233,0,0
32898,11:12:33,114.067566,22.524233,0,0
32898,11:13:18,114.067566,22.524233,1,0
32898,11:14:13,114.068253,22.529682,1,43
32898,11:15:08,114.0681,22.539818,1,72
32898,11:16:03,114.067635,22.543118,1,41
32898,11:16:58,114.060783,22.543484,1,43
32898,11:17:40,114.059013,22.544132,0,19
32898,11:18:35,114.061897,22.545483,0,22
32898,11:19:30,114.062782,22.540466,0,38
32898,11:21:20,114.062782,22.540466,0,0
32898,11:22:15,114.062782,22.540466,0,0
32898,11:23:10,114.062782,22.540466,0,0
32898,11:23:36,114.062782,22.540466,1,0
32898,11:24:31,114.063271,22.540716,1,28
32898,11:25:26,114.06308,22.546551,1,41
32898,11:26:21,114.062866,22.547068,1,0
32898,11:27:16,114.062767,22.547318,1,0
32898,11:28:11,114.058182,22.547632,1,30
32898,11:29:06,114.058182,22.547632,1,0
32898,11:30:01,114.052414,22.547434,1,37
32898,11:30:56,114.051468,22.5474,1,6
32898,11:31:15,114.050751,22.5474,0,10
32898,11:32:10,114.048683,22.547483,0,10
32898,11:33:05,114.047585,22.54595,0,17
32898,11:34:00,114.046883,22.543867,0,13
32898,11:34:24,114.046898,22.5438,1,0
32898,11:35:19,114.046432,22.542683,1,12
32898,11:36:14,114.04425,22.541967,1,42
32898,11:37:09,114.044533,22.531883,1,71
32898,11:38:04,114.044502,22.525967,1,43
32898,11:38:59,114.044502,22.525967,1,0
32898,11:39:54,114.04203,22.521467,1,34
32898,11:40:49,114.045235,22.519417,1,26
32898,11:41:44,114.0504,22.515568,1,54
32898,11:42:39,114.054337,22.515066,1,34
32898,11:43:16,114.055435,22.513968,0,14
32898,11:44:11,114.055435,22.513968,0,0
32898,11:44:13,114.055435,22.513968,1,0
32898,11:45:08,114.05542,22.5172,1,21
32898,11:46:03,114.058365,22.5196,1,31
32898,11:46:58,114.058685,22.519751,1,0
32898,11:47:53,114.058685,22.519751,1,0
32898,11:48:43,114.058968,22.5222,0,18
32898,11:49:12,114.058968,22.5222,1,0
32898,11:50:07,114.059052,22.520184,1,13
32898,11:51:02,114.059052,22.520184,1,0
32898,11:51:57,114.054886,22.518551,1,29
32898,11:52:52,114.046432,22.519033,1,58
32898,11:53:47,114.042648,22.522284,1,40
32898,11:54:42,114.043732,22.52425,1,15
32898,11:55:37,114.044365,22.525534,1,8
32898,11:56:32,114.044365,22.525534,1,0
32898,11:57:27,114.044853,22.529617,1,29
32898,11:58:22,114.044434,22.540483,1,78
32898,11:59:17,114.044281,22.549667,1,65
32898,12:00:12,114.040314,22.5499,1,32
32898,12:01:07,114.04023,22.549883,1,0
32898,12:02:02,114.036369,22.549232,1,26
32898,12:02:57,114.035698,22.5522,1,14
32898,12:03:37,114.035286,22.554167,0,14
32898,12:04:32,114.035881,22.5555,0,8
32898,12:06:09,114.036484,22.5557,1,0
32898,12:07:04,114.039413,22.554783,1,21
32898,12:07:59,114.03965,22.553432,1,5
32898,12:08:54,114.036232,22.551933,1,17
32898,12:09:49,114.033783,22.551517,1,20
32898,12:10:44,114.033447,22.55315,1,10
32898,12:11:39,114.030197,22.556168,1,28
32898,12:12:34,114.030029,22.556232,1,0
32898,12:13:29,114.025215,22.555866,1,28
32898,12:14:24,114.018547,22.555634,1,43
32898,12:15:19,114.015533,22.557301,1,29
32898,12:16:14,114.013016,22.56035,1,46
32898,12:17:09,114.0047,22.556417,1,62
32898,12:18:04,113.994881,22.556534,1,67
32898,12:18:59,113.985046,22.558867,1,70
32898,12:19:54,113.975647,22.556784,1,64
32898,12:20:49,113.966751,22.557632,1,60
32898,12:21:44,113.956566,22.556482,1,69
32898,12:22:39,113.945396,22.555401,1,75
32898,12:23:34,113.935265,22.555468,1,68
32898,12:24:29,113.924782,22.555433,1,70
32898,12:25:24,113.91465,22.554882,1,69
32898,12:26:19,113.907318,22.55265,1,57
32898,12:27:14,113.903,22.558268,1,52
32898,12:28:09,113.89592,22.563784,1,61
32898,12:29:04,113.89035,22.569633,1,56
32898,12:29:59,113.884064,22.5756,1,60
32898,12:30:54,113.883316,22.578501,1,27
32898,12:31:49,113.885353,22.580183,1,15
32898,12:32:44,113.886932,22.581783,1,14
32898,12:33:39,113.88945,22.583883,1,21
32898,12:34:34,113.890083,22.584482,1,3
32898,12:37:30,113.889664,22.588367,0,0
32898,12:38:25,113.890053,22.588118,0,3
32898,12:39:20,113.889954,22.586967,0,2
32898,12:40:15,113.889297,22.586067,0,2
32898,12:41:09,113.889915,22.5842,1,11
32898,12:42:04,113.888763,22.582382,1,14
32898,12:42:59,113.892014,22.579018,1,32
32898,12:43:54,113.888283,22.575466,1,35
32898,12:44:49,113.88752,22.57485,1,5
32898,12:45:44,113.888985,22.572767,1,14
32898,12:46:39,113.892853,22.56905,1,30
32898,12:47:18,113.894279,22.567516,0,12
32898,12:50:58,113.899147,22.566433,0,0
32898,12:51:53,113.899269,22.56675,0,0
32898,12:52:48,113.897064,22.568884,0,18
32898,12:53:43,113.897064,22.568884,0,0
32898,12:54:38,113.896614,22.569401,0,3
32898,12:55:33,113.892181,22.566483,0,37
32898,12:56:28,113.895821,22.563417,0,33
32898,12:57:23,113.898582,22.561899,0,20
32898,12:58:18,113.902603,22.558367,0,31
32898,12:59:16,113.904869,22.553967,0,29
32898,13:00:12,113.908798,22.549732,0,39
32898,13:01:07,113.9095,22.546783,0,20
32898,13:02:02,113.909821,22.544399,0,15
32898,13:02:57,113.910187,22.538483,0,42
32898,13:03:52,113.910271,22.534767,0,26
32898,13:04:47,113.910271,22.534767,0,0
32898,13:05:42,113.910286,22.53245,0,15
32898,13:06:37,113.910248,22.530233,0,13
32898,13:07:32,113.909767,22.526234,0,26
32898,13:08:27,113.914383,22.5266,0,34
32898,13:09:22,113.914383,22.5266,0,0
32898,13:10:17,113.9151,22.526934,0,3
32898,13:11:12,113.91777,22.527117,0,17
32898,13:12:07,113.918152,22.527,0,1
32898,13:13:02,113.91835,22.524418,0,20
32898,13:13:57,113.919884,22.522984,0,13
32898,13:14:52,113.920685,22.521183,0,13
32898,13:15:47,113.920685,22.521183,0,0
32898,13:16:42,113.920685,22.521183,0,0
32898,13:17:37,113.920685,22.521183,0,0
32898,13:18:32,113.920685,22.521183,0,0
32898,13:19:27,113.920685,22.521183,0,0
32898,13:20:22,113.920685,22.521183,0,0
32898,13:21:17,113.920685,22.521183,0,0
32898,13:22:12,113.920685,22.521183,0,0
32898,13:23:07,113.920685,22.521183,0,0
32898,13:24:02,113.920685,22.521183,0,0
32898,13:24:57,113.920685,22.521183,0,0
32898,13:25:52,113.920685,22.521183,0,0
32898,13:26:47,113.920685,22.521183,0,0
32898,13:27:42,113.920685,22.521183,0,0
32898,13:28:37,113.920685,22.521183,0,0
32898,13:29:32,113.920685,22.521183,0,0
32898,13:30:27,113.920685,22.521183,0,0
32898,13:31:22,113.920685,22.521183,0,0
32898,13:32:17,113.921898,22.522232,0,10
32898,13:32:59,113.922447,22.522533,1,0
32898,13:33:54,113.92218,22.518351,1,35
32898,13:34:49,113.922333,22.518999,1,8
32898,13:35:44,113.924599,22.525999,1,52
32898,13:36:39,113.925697,22.532801,1,50
32898,13:37:34,113.927086,22.539083,1,46
32898,13:38:29,113.927719,22.546867,1,56
32898,13:39:24,113.928764,22.552401,1,38
32898,13:40:19,113.934166,22.552633,1,34
32898,13:41:09,113.936752,22.552683,0,16
32898,13:42:04,113.937935,22.552668,0,4
32898,13:43:54,113.94043,22.549217,0,12
32898,13:44:49,113.940468,22.546766,0,17
32898,13:45:44,113.940468,22.544733,0,10
32898,13:46:39,113.940468,22.544733,0,0
32898,13:47:34,113.940468,22.544733,0,0
32898,13:48:29,113.940468,22.544733,0,0
32898,13:49:24,113.940468,22.544733,0,0
32898,13:50:19,113.940468,22.544733,0,0
32898,13:51:14,113.940468,22.544733,0,0
32898,13:51:22,113.940468,22.544733,1,0
32898,13:52:17,113.940666,22.540117,1,29
32898,13:53:12,113.940681,22.536182,1,26
32898,13:54:07,113.94075,22.533001,1,21
32898,13:55:02,113.940819,22.527582,1,38
32898,13:55:57,113.941147,22.522417,1,48
32898,13:56:52,113.946419,22.523884,1,44
32898,13:57:47,113.955132,22.523216,1,58
32898,13:58:42,113.96508,22.522734,1,66
32898,14:00:32,113.985046,22.523434,1,73
32898,14:01:27,113.993935,22.527267,1,67
32898,14:02:22,114.004036,22.530001,1,72
32898,14:03:17,114.014366,22.530783,1,70
32898,14:04:12,114.021133,22.532167,1,46
32898,14:05:07,114.030334,22.530149,1,63
32898,14:06:02,114.039032,22.530649,1,58
32898,14:06:57,114.044479,22.530434,1,37
32898,14:07:52,114.044968,22.527582,1,20
32898,14:08:47,114.044868,22.526882,1,2
32898,14:09:42,114.044868,22.526882,1,0
32898,14:10:37,114.044868,22.526882,1,0
32898,14:11:32,114.046364,22.5257,1,20
32898,14:12:27,114.048149,22.525551,1,9
32898,14:13:22,114.048485,22.524467,1,7
32898,14:13:53,114.048485,22.524467,0,0
32898,14:14:46,114.048485,22.524467,1,0
32898,14:15:41,114.048553,22.521667,1,16
32898,14:16:36,114.048569,22.519217,1,12
32898,14:17:31,114.043381,22.520384,1,38
32898,14:18:26,114.042099,22.521067,1,9
32898,14:19:21,114.040337,22.522034,1,12
32898,14:20:16,114.038071,22.523466,1,18
32898,14:21:11,114.038071,22.523466,1,0
32898,14:22:06,114.034714,22.525133,1,24
32898,14:23:01,114.032852,22.526217,1,14
32898,14:23:56,114.032852,22.526217,1,0
32898,14:24:51,114.028519,22.52865,1,32
32898,14:25:46,114.024651,22.534767,1,53
32898,14:26:41,114.023331,22.5401,1,39
32898,14:28:31,114.018097,22.539734,1,24
32898,14:28:47,114.018097,22.539734,0,0
32898,14:29:42,114.018097,22.539734,0,0
32898,14:30:37,114.018097,22.539734,0,0
32898,14:31:32,114.018135,22.53985,0,0
32898,14:32:20,114.01947,22.5404,1,11
32898,14:33:15,114.018135,22.539618,1,10
32898,14:34:12,114.014236,22.53805,1,29
32898,14:35:06,114.007935,22.53705,1,40
32898,14:35:39,114.003983,22.5364,1,15
32898,14:36:34,114.001404,22.535833,1,16
32898,14:37:29,113.996498,22.535017,1,31
32898,14:38:24,113.99012,22.535732,1,43
32898,14:39:20,113.984283,22.536467,1,36
32898,14:40:15,113.975517,22.537382,1,59
32898,14:41:10,113.968597,22.540283,1,51
32898,14:42:05,113.960503,22.543217,1,57
32898,14:43:00,113.960503,22.543217,1,0
32898,14:43:55,113.957436,22.543516,1,18
32898,14:44:50,113.950203,22.543383,1,47
32898,14:45:45,113.949585,22.54335,1,2
32898,14:46:40,113.949585,22.54335,1,0
32898,14:47:35,113.949135,22.542316,1,7
32898,14:48:30,113.948631,22.541918,1,1
32898,14:49:04,113.946266,22.541767,0,19
32898,14:49:59,113.946266,22.541767,0,0
32898,14:50:54,113.948669,22.541866,0,16
32898,14:51:49,113.949783,22.542017,0,4
32898,14:52:17,113.949898,22.542032,1,1
32898,14:53:12,113.9487,22.541918,1,2
32898,14:54:07,113.946434,22.541718,1,11
32898,14:55:02,113.94133,22.541616,1,31
32898,14:55:57,113.940636,22.545517,1,28
32898,14:56:52,113.940567,22.549383,1,26
32898,14:57:47,113.940498,22.550716,1,8
32898,14:58:42,113.940468,22.552532,1,12
32898,14:59:37,113.940453,22.554518,1,12
32898,15:00:32,113.940453,22.557383,1,18
32898,15:01:26,113.935951,22.557333,0,28
32898,15:02:21,113.936333,22.557333,0,2
32898,15:03:16,113.940269,22.5574,0,23
32898,15:05:06,113.943848,22.558849,0,8
32898,15:06:01,113.943848,22.558849,0,0
32898,15:06:56,113.943848,22.558849,0,0
32898,15:07:51,113.943848,22.558849,0,0
32898,15:08:46,113.943848,22.558849,0,0
32898,15:09:41,113.943848,22.558849,0,0
32898,15:10:36,113.946854,22.559967,0,23
32898,15:11:31,113.946671,22.562767,0,19
32898,15:12:25,113.946587,22.56325,1,3
32898,15:13:20,113.9468,22.560101,1,19
32898,15:14:15,113.946953,22.559233,1,5
32898,15:15:10,113.952202,22.559868,1,35
32898,15:16:05,113.953514,22.554001,1,46
32898,15:17:00,113.959648,22.55645,1,48
32898,15:17:55,113.964531,22.557234,1,32
32898,15:18:50,113.968414,22.557501,1,26
32898,15:19:45,113.971466,22.557034,1,19
32898,15:20:40,113.973969,22.556549,1,17
32898,15:21:35,113.978516,22.557318,1,30
32898,15:22:30,113.985916,22.558867,1,50
32898,15:23:25,113.988167,22.559032,1,13
32898,15:24:20,113.991135,22.558233,1,19
32898,15:25:15,113.995583,22.556183,1,33
32898,15:26:10,114.00013,22.555782,1,31
32898,15:27:05,114.006485,22.557051,1,44
32898,15:28:00,114.014786,22.55995,1,59
32898,15:28:55,114.022865,22.560249,1,54
32898,15:29:50,114.028503,22.561132,1,38
32898,15:30:45,114.03363,22.560699,1,38
32898,15:31:40,114.035515,22.559217,1,14
32898,15:32:35,114.037804,22.558968,1,14
32898,15:33:30,114.039452,22.557949,1,13
32898,15:34:25,114.040154,22.5569,1,6
32898,15:34:45,114.040268,22.556467,0,2
32898,15:35:40,114.040268,22.556467,0,0
32898,15:36:17,114.040268,22.556467,1,0
32898,15:37:12,114.043182,22.556667,1,20
32898,15:38:08,114.043182,22.556667,1,0
32898,15:39:02,114.041397,22.561268,1,39
32898,15:39:58,114.045715,22.5646,1,43
32898,15:40:52,114.051147,22.564951,1,37
32898,15:41:47,114.056618,22.565617,1,37
32898,15:42:42,114.061401,22.5679,1,36
32898,15:43:37,114.066353,22.568832,1,33
32898,15:44:32,114.071953,22.569633,1,37
32898,15:45:28,114.078102,22.572517,1,45
32898,15:46:23,114.080704,22.572384,1,17
32898,15:47:18,114.082916,22.571632,1,12
32898,15:48:13,114.084549,22.570316,1,14
32898,15:49:08,114.085564,22.568701,1,12
32898,15:50:03,114.086067,22.567818,1,1
32898,15:50:58,114.090553,22.567232,1,32
32898,15:51:53,114.09333,22.567867,1,15
32898,15:52:48,114.099968,22.570383,1,47
32898,15:53:43,114.098846,22.576082,1,49
32898,15:54:38,114.098663,22.584732,1,64
32898,15:56:30,114.09845,22.6015,1,65
32898,15:57:06,114.099503,22.604584,1,42
32898,15:58:02,114.099701,22.606649,1,13
32898,15:58:57,114.102852,22.60885,1,25
32898,15:59:52,114.104416,22.609333,1,10
32898,16:00:47,114.105186,22.608967,1,3
32898,16:01:42,114.105667,22.608316,1,2
32898,16:02:37,114.107201,22.608749,1,8
32898,16:03:32,114.108017,22.6085,1,2
32898,16:04:27,114.108017,22.6085,1,0
32898,16:05:22,114.108017,22.6085,1,0
32898,16:06:17,114.108017,22.6085,1,0
32898,16:07:12,114.108017,22.6085,1,0
32898,16:08:08,114.108017,22.6085,1,0
32898,16:09:58,114.108017,22.6085,1,0
32898,16:10:53,114.107368,22.608784,1,0
32898,16:11:48,114.105881,22.608232,1,5
32898,16:12:43,114.10527,22.608833,1,3
32898,16:13:38,114.103554,22.609318,1,8
32898,16:14:33,114.100929,22.6082,1,11
32898,16:15:28,114.099648,22.606733,1,11
32898,16:16:23,114.099197,22.604532,1,12
32898,16:17:18,114.097664,22.602016,1,37
32898,16:19:10,114.097801,22.586117,1,37
32898,16:20:05,114.099113,22.577732,1,63
32898,16:20:09,114.098984,22.577066,1,67
32898,16:21:04,114.098015,22.569983,1,52
32898,16:22:00,114.095634,22.5688,1,17
32898,16:22:55,114.093536,22.568132,1,11
32898,16:23:50,114.091217,22.567432,1,15
32898,16:24:45,114.0868,22.566282,1,30
32898,16:25:40,114.081734,22.559151,1,61
32898,16:26:35,114.07222,22.558233,1,65
32898,16:27:30,114.069397,22.558184,1,18
32898,16:28:25,114.064735,22.55805,1,29
32898,16:29:20,114.058365,22.56205,1,52
32898,16:30:15,114.058281,22.562134,1,0
32898,16:31:10,114.053551,22.562532,1,30
32898,16:32:05,114.04583,22.558649,1,61
32898,16:33:00,114.039917,22.5562,1,45
32898,16:33:55,114.040802,22.555866,1,5
32898,16:34:50,114.041199,22.553867,1,8
32898,16:35:45,114.039635,22.554268,1,10
32898,16:35:54,114.039482,22.554533,0,11
32898,16:36:49,114.039482,22.554533,0,0
32898,16:37:44,114.03965,22.553551,0,4
32898,16:38:15,114.039764,22.551683,1,22
32898,16:39:10,114.039864,22.5501,1,6
32898,16:40:05,114.039864,22.5501,1,0
32898,16:41:00,114.044151,22.549833,1,31
32898,16:41:55,114.04438,22.539516,1,73
32898,16:42:50,114.044418,22.534599,1,35
32898,16:43:45,114.043816,22.530518,1,32
32898,16:44:40,114.049385,22.531183,1,45
32898,16:45:35,114.058197,22.531033,1,60
32898,16:46:30,114.059349,22.526966,1,30
32898,16:47:04,114.059631,22.525734,0,11
32898,16:47:59,114.059982,22.52495,0,4
32898,16:48:54,114.059669,22.525766,0,13
32898,16:49:49,114.059669,22.525766,0,0
32898,16:50:44,114.055634,22.525833,0,26
32898,16:51:39,114.051682,22.525883,0,25
32898,16:52:34,114.051682,22.525883,0,0
32898,16:53:29,114.049599,22.525999,0,12
32898,16:54:24,114.049599,22.525999,0,0
32898,16:55:20,114.049599,22.525999,0,0
32898,16:56:15,114.049599,22.525999,0,0
32898,16:57:10,114.049599,22.525999,0,0
32898,16:58:05,114.049599,22.525999,0,0
32898,16:59:00,114.049599,22.525999,0,0
32898,16:59:55,114.049599,22.525999,0,0
32898,17:00:50,114.049599,22.525999,0,0
32898,17:01:45,114.049599,22.525999,0,0
32898,17:02:40,114.049599,22.525999,0,0
32898,17:04:30,114.049599,22.52895,0,14
32898,17:04:59,114.049919,22.528999,1,5
32898,17:05:54,114.051414,22.526083,1,22
32898,17:06:49,114.051414,22.526083,1,0
32898,17:07:44,114.051216,22.522551,1,24
32898,17:08:39,114.05088,22.518566,1,28
32898,17:09:34,114.050369,22.515318,1,22
32898,17:10:29,114.054802,22.515301,1,33
32898,17:11:24,114.055336,22.514317,1,0
32898,17:12:19,114.055336,22.514317,1,0
32898,17:13:17,114.057365,22.514517,1,14
32898,17:13:54,114.057365,22.514517,0,0
32898,17:14:20,114.057434,22.515017,1,5
32898,17:15:15,114.061081,22.517584,1,29
32898,17:16:10,114.0625,22.518667,1,10
32898,17:17:05,114.062981,22.519083,1,2
32898,17:18:00,114.061386,22.520933,1,15
32898,17:18:55,114.061386,22.520933,1,0
32898,17:19:51,114.061386,22.520933,1,0
32898,17:20:46,114.060417,22.523268,1,16
32898,17:21:40,114.059853,22.525284,1,13
32898,17:22:36,114.059433,22.527349,1,12
32898,17:23:31,114.059433,22.527349,1,0
32898,17:24:26,114.058266,22.534468,1,49
32898,17:25:21,114.058266,22.534468,1,0
32898,17:26:10,114.058197,22.5368,0,16
32898,17:27:04,114.057968,22.53705,0,1
32898,17:27:59,114.058769,22.536766,0,4
32898,17:28:55,114.059334,22.535601,0,6
32898,17:30:45,114.058632,22.535534,0,1
32898,17:31:40,114.058632,22.535534,0,0
32898,17:32:35,114.057236,22.535334,0,2
32898,17:33:30,114.056664,22.535482,0,3
32898,17:34:25,114.055946,22.536367,0,4
32898,17:35:20,114.055763,22.536467,0,0
32898,17:36:15,114.055931,22.5392,0,17
32898,17:36:45,114.055931,22.5392,1,0
32898,17:37:40,114.054214,22.539583,1,10
32898,17:38:35,114.051682,22.539568,1,16
32898,17:39:30,114.049271,22.539482,1,13
32898,17:40:25,114.047752,22.539467,1,5
32898,17:41:20,114.046249,22.5394,1,4
32898,17:42:15,114.044617,22.543667,1,35
32898,17:43:10,114.042419,22.542534,1,29
32898,17:44:05,114.037651,22.542032,1,31
32898,17:45:00,114.037186,22.541933,1,1
32898,17:45:55,114.033218,22.541283,1,26
32898,17:46:50,114.033218,22.541283,1,0
32898,17:47:45,114.028198,22.5404,1,31
32898,17:48:40,114.021385,22.539316,1,45
32898,17:49:35,114.015846,22.538401,1,37
32898,17:50:30,114.01255,22.537884,1,19
32898,17:51:25,114.00943,22.538267,1,29
32898,17:52:20,114.011887,22.535151,1,31
32898,17:53:15,114.010353,22.535366,1,14
32898,17:53:51,114.01033,22.5354,0,0
32898,17:54:46,114.01033,22.5354,0,0
32898,17:55:41,114.01033,22.5354,0,0
32898,17:56:36,114.010452,22.534901,0,7
32898,17:57:31,114.012169,22.532784,0,16
32898,17:58:26,114.012154,22.529867,0,30
32898,17:59:21,114.015869,22.530933,0,26
32898,18:00:16,114.019417,22.531668,0,22
32898,18:02:06,114.028069,22.528549,0,35
32898,18:03:01,114.031418,22.526699,0,25
32898,18:03:56,114.031631,22.5266,0,0
32898,18:04:51,114.0355,22.52475,0,25
32898,18:05:46,114.0355,22.52475,0,0
32898,18:07:39,114.036797,22.524099,0,0
32898,18:07:46,114.036797,22.524099,0,0
32898,18:08:42,114.036797,22.524099,0,0
32898,18:09:37,114.037415,22.523817,0,3
32898,18:10:32,114.041214,22.521482,0,30
32898,18:11:27,114.042831,22.522467,0,14
32898,18:12:22,114.042831,22.522467,0,0
32898,18:13:17,114.04377,22.522133,0,2
32898,18:14:12,114.04377,22.522133,0,0
32898,18:21:33,114.041519,22.520884,0,8
32898,18:21:36,114.041519,22.520884,1,0
32898,18:22:31,114.039085,22.516899,1,30
32898,18:23:26,114.038551,22.516033,1,5
32898,18:24:21,114.038551,22.516033,1,0
32898,18:25:16,114.038597,22.515682,1,2
32898,18:26:11,114.044418,22.514168,1,40
32898,18:27:06,114.050964,22.514517,1,42
32898,18:28:01,114.055016,22.51515,1,28
32898,18:28:56,114.055565,22.514151,1,1
32898,18:29:51,114.060982,22.5175,1,43
32898,18:30:46,114.06147,22.517782,1,3
32898,18:31:41,114.06147,22.517782,1,0
32898,18:33:31,114.06147,22.517782,1,0
32898,18:34:26,114.06147,22.517782,1,0
32898,18:35:21,114.06147,22.517782,1,0
32898,18:36:10,114.06147,22.517782,0,0
32898,18:37:05,114.06147,22.517782,0,0
32898,18:38:00,114.06147,22.517782,0,0
32898,18:39:50,114.063133,22.517817,0,18
32898,18:40:25,114.063133,22.517817,1,0
32898,18:41:20,114.063286,22.518749,1,8
32898,18:42:18,114.063286,22.518766,1,0
32898,18:42:58,114.062401,22.520018,1,7
32898,18:43:53,114.062202,22.522118,1,18
32898,18:44:48,114.063049,22.528017,1,43
32898,18:45:43,114.06308,22.533167,1,36
32898,18:46:38,114.063049,22.534567,1,5
32898,18:47:33,114.063118,22.535017,1,0
32898,18:48:28,114.063034,22.536949,1,11
32898,18:49:23,114.062965,22.537201,1,1
32898,18:50:18,114.062965,22.537201,1,0
32898,18:51:14,114.062386,22.541668,1,30
32898,18:52:10,114.063934,22.5476,1,48
32898,18:53:05,114.067497,22.547632,1,23
32898,18:54:00,114.067497,22.547632,1,0
32898,18:54:55,114.071602,22.548067,1,26
32898,18:55:50,114.074852,22.5473,1,21
32898,18:56:45,114.0755,22.547167,1,1
32898,18:57:40,114.077667,22.547001,1,13
32898,18:58:35,114.079849,22.547216,1,6
32898,18:59:30,114.08017,22.547199,1,1
32898,19:00:25,114.08017,22.547199,1,0
32898,19:01:20,114.08017,22.547199,1,0
32898,19:02:15,114.08017,22.547199,1,0
32898,19:03:10,114.08017,22.547199,1,0
32898,19:04:05,114.08017,22.547199,1,0
32898,19:05:00,114.08017,22.547199,1,0
32898,19:05:55,114.08017,22.547199,1,0
32898,19:06:50,114.08017,22.547199,1,0
32898,19:07:15,114.08017,22.547199,0,0
32898,19:08:10,114.08017,22.547199,0,0
32898,19:09:05,114.08017,22.547199,0,0
32898,19:10:55,114.08017,22.547199,0,0
32898,19:11:50,114.08017,22.547199,0,0
32898,19:12:45,114.084015,22.547083,0,3
32898,19:13:40,114.084152,22.5464,0,0
32898,19:14:35,114.084198,22.546249,0,0
32898,19:16:25,114.084198,22.546249,0,0
32898,19:17:23,114.084167,22.545218,0,0
32898,19:17:30,114.084167,22.545218,0,0
32898,19:18:26,114.084129,22.5436,0,2
32898,19:19:14,114.083252,22.543217,1,3
32898,19:20:09,114.081131,22.542982,1,9
32898,19:21:04,114.078918,22.543133,1,14
32898,19:21:05,114.078918,22.543133,1,14
32898,19:21:59,114.077271,22.542883,1,8
32898,19:22:55,114.071297,22.543068,1,37
32898,19:23:49,114.06768,22.54315,1,30
32898,19:24:45,114.068085,22.536234,1,48
32898,19:25:40,114.068069,22.5347,1,9
32898,19:26:39,114.064598,22.531918,1,23
32898,19:27:20,114.058533,22.5319,1,53
32898,19:28:16,114.058151,22.534883,1,21
32898,19:29:12,114.058151,22.534883,1,0
32898,19:30:07,114.058151,22.534883,1,0
32898,19:31:02,114.05835,22.530968,1,30
32898,19:31:57,114.058968,22.52845,1,17
32898,19:32:52,114.058983,22.527666,1,4
32898,19:34:05,114.057671,22.527567,0,2
32898,19:35:00,114.058098,22.527582,0,5
32898,19:35:55,114.058098,22.527582,0,0
32898,19:36:50,114.058952,22.531401,0,25
32898,19:37:45,114.064453,22.5315,0,35
32898,19:37:51,114.064453,22.5315,1,0
32898,19:38:46,114.069054,22.530649,1,35
32898,19:39:41,114.068199,22.537733,1,53
32898,19:40:36,114.07135,22.538683,1,23
32898,19:41:31,114.06752,22.538668,1,28
32898,19:42:26,114.064117,22.537783,0,21
32898,19:43:21,114.063034,22.538433,0,8
32898,19:44:16,114.062965,22.540817,0,10
32898,19:45:11,114.066963,22.542183,0,36
32898,19:46:04,114.067986,22.53895,1,26
32898,19:46:59,114.067863,22.533484,1,37
32898,19:47:54,114.061966,22.531883,1,42
32898,19:48:49,114.054337,22.531601,1,50
32898,19:49:44,114.045067,22.531401,1,61
32898,19:50:39,114.034302,22.530283,1,72
32898,19:51:34,114.024651,22.531532,1,65
32898,19:52:29,114.017464,22.531668,1,48
32898,19:53:24,114.009735,22.5298,1,53
32898,19:54:19,114.001083,22.530149,1,58
32898,19:55:14,113.99292,22.526533,1,61
32898,19:56:09,113.985519,22.523567,1,54
32898,19:57:59,113.963753,22.522818,1,74
32898,19:58:54,113.953049,22.52355,1,71
32898,19:59:49,113.942833,22.524517,1,68
32898,20:01:39,113.926987,22.525467,1,41
32898,20:02:34,113.92453,22.525482,1,37
32898,20:03:16,113.9235,22.522499,0,30
32898,20:04:11,113.9235,22.522499,0,0
32898,20:05:06,113.922333,22.523466,0,9
32898,20:06:01,113.922333,22.523466,1,0
32898,20:06:56,113.926003,22.525066,1,29
32898,20:07:51,113.928619,22.5245,1,15
32898,20:08:46,113.936783,22.52445,1,53
32898,20:09:41,113.94783,22.524033,1,74
32898,20:10:37,113.956886,22.522717,1,60
32898,20:11:32,113.959068,22.525433,1,51
32898,20:12:27,113.958969,22.528334,1,19
32898,20:13:22,113.959282,22.534201,1,42
32898,20:14:17,113.959167,22.538267,1,27
32898,20:15:12,113.959167,22.538267,1,0
32898,20:16:07,113.959549,22.541451,1,20
32898,20:17:02,113.963135,22.542017,1,32
32898,20:17:57,113.967529,22.540449,1,29
32898,20:18:52,113.972153,22.538767,1,30
32898,20:19:47,113.972366,22.539017,1,37
32898,20:20:42,113.972198,22.540268,1,9
32898,20:21:37,113.973801,22.54085,1,6
32898,20:22:32,113.97747,22.541033,1,20
32898,20:23:27,113.978065,22.5404,1,2
32898,20:23:28,113.978065,22.5404,0,0
32898,20:23:54,113.978485,22.540117,1,2
32898,20:24:49,113.981766,22.539499,1,18
32898,20:25:44,113.984886,22.538683,1,20
32898,20:26:39,113.987015,22.539667,1,12
32898,20:27:34,113.988083,22.541384,1,9
32898,20:28:29,113.991364,22.54175,1,20
32898,20:29:24,113.992531,22.536066,1,41
32898,20:30:19,113.99292,22.53335,1,17
32898,20:31:14,113.993263,22.531601,1,10
32898,20:32:09,113.993553,22.529984,1,10
32898,20:33:04,113.993202,22.5263,1,50
32898,20:33:59,114.000916,22.529984,1,59
32898,20:34:54,114.011818,22.530033,1,73
32898,20:35:49,114.016632,22.529867,1,38
32898,20:36:44,114.018402,22.527683,1,19
32898,20:38:02,114.01918,22.527349,0,0
32898,20:38:57,114.01918,22.527349,0,0
32898,20:39:52,114.020699,22.527233,0,0
32898,20:40:47,114.022301,22.526033,0,0
32898,20:41:42,114.02388,22.5236,0,13
32898,20:42:37,114.028549,22.521133,0,34
32898,20:43:32,114.029282,22.5212,0,2
32898,20:44:06,114.030113,22.522484,0,1
32898,20:45:02,114.031364,22.521833,0,4
32898,20:45:57,114.031364,22.521833,0,0
32898,20:46:52,114.031364,22.521833,0,0
32898,20:47:34,114.031364,22.521833,1,0
32898,20:48:29,114.030632,22.520733,1,4
32898,20:49:24,114.029282,22.520832,1,9
32898,20:50:19,114.028053,22.521482,1,7
32898,20:51:14,114.025032,22.523399,1,24
32898,20:52:09,114.025032,22.523399,1,0
32898,20:53:04,114.027435,22.525101,1,16
32898,20:53:59,114.026802,22.5271,1,6
32898,20:54:54,114.025681,22.528032,1,3
32898,20:55:49,114.025146,22.528467,1,0
32898,20:56:44,114.025146,22.528467,1,0
32898,20:57:39,114.024399,22.5308,1,5
32898,20:58:12,114.024399,22.5308,0,0
32898,20:59:07,114.025681,22.530466,0,8
32898,21:00:02,114.02755,22.529133,0,12
32898,21:00:57,114.029953,22.527582,0,13
32898,21:01:52,114.031685,22.524933,0,26
32898,21:02:47,114.030266,22.522499,0,18
32898,21:03:42,114.030266,22.522499,0,0
32898,21:05:32,114.030266,22.522499,0,0
32898,21:06:27,114.030968,22.522133,0,2
32898,21:07:22,114.030968,22.522133,0,0
32898,21:08:17,114.030968,22.522133,0,0
32898,21:09:12,114.030968,22.522133,0,0
32898,21:10:07,114.030968,22.522133,0,0
32898,21:10:41,114.030968,22.522133,1,0
32898,21:11:36,114.03093,22.521267,1,3
32898,21:12:31,114.029633,22.520666,1,9
32898,21:13:26,114.030998,22.523684,1,25
32898,21:15:16,114.031815,22.526951,1,12
32898,21:16:11,114.026604,22.530033,1,41
32898,21:17:06,114.0243,22.536318,1,48
32898,21:18:01,114.02282,22.542368,1,42
32898,21:18:56,114.021469,22.547234,1,36
32898,21:19:51,114.017166,22.552999,1,50
32898,21:20:46,114.014771,22.561184,1,62
32898,21:21:41,114.012947,22.567484,1,47
32898,21:27:11,114.015335,22.591118,1,46
32898,21:28:06,114.024429,22.5942,1,64
32898,21:29:01,114.033897,22.5945,1,64
32898,21:29:56,114.042397,22.5923,1,59
32898,21:30:51,114.050049,22.59165,1,57
32898,21:31:46,114.04863,22.595949,1,39
32898,21:32:41,114.044121,22.600117,1,43
32898,21:33:36,114.044533,22.607433,1,53
32898,21:34:31,114.044746,22.610666,1,19
32898,21:35:26,114.043533,22.622032,1,82
32898,21:36:21,114.04422,22.634199,1,89
32898,21:37:16,114.049469,22.6436,1,76
32898,21:38:11,114.053947,22.644466,1,30
32898,21:39:06,114.053947,22.644466,1,0
32898,21:40:01,114.056847,22.644283,1,17
32898,21:41:51,114.057098,22.646549,1,17
32898,21:42:46,114.060219,22.649,1,37
32898,21:43:41,114.061897,22.652617,1,29
32898,21:44:13,114.062897,22.6549,0,30
32898,21:45:08,114.062897,22.6549,0,0
32898,21:46:03,114.062866,22.655083,0,18
32898,21:46:58,114.060219,22.653534,0,25
32898,21:47:53,114.060471,22.653351,0,13
32898,21:48:48,114.060471,22.653351,0,0
32898,21:50:38,114.060471,22.653351,0,0
32898,21:51:33,114.060471,22.653351,0,0
32898,21:52:28,114.060471,22.653351,0,0
32898,21:53:23,114.060471,22.653351,0,0
32898,21:54:18,114.060471,22.653351,0,0
32898,21:55:13,114.061134,22.653316,0,5
32898,21:56:08,114.058517,22.653967,0,15
32898,21:57:03,114.055,22.654034,0,20
32898,21:57:32,114.054085,22.654034,1,11
32898,21:58:27,114.052429,22.659683,1,47
32898,21:59:22,114.052353,22.660816,1,7
32898,22:00:17,114.048416,22.661699,1,27
32898,22:01:12,114.049286,22.658434,1,20
32898,22:02:07,114.049751,22.646967,1,83
32898,22:03:02,114.044479,22.635033,1,93
32898,22:03:57,114.042816,22.625067,1,73
32898,22:04:52,114.044647,22.614332,1,78
32898,22:05:47,114.043999,22.608282,1,43
32898,22:06:42,114.043999,22.608282,1,0
32898,22:07:37,114.043617,22.604967,1,19
32898,22:08:32,114.041321,22.608017,1,26
32898,22:09:27,114.038834,22.607599,1,20
32898,22:10:22,114.038635,22.607332,1,0
32898,22:11:17,114.039383,22.606167,1,9
32898,22:11:18,114.039383,22.606167,0,0
32898,22:12:13,114.042053,22.603033,0,26
32898,22:13:08,114.042053,22.603033,0,0
32898,22:14:03,114.044083,22.599632,0,26
32898,22:14:58,114.048035,22.592783,0,59
32898,22:15:53,114.052864,22.58675,0,54
32898,22:16:48,114.05603,22.579132,0,59
32898,22:17:43,114.060204,22.577049,0,33
32898,22:18:38,114.061035,22.571068,0,45
32898,22:18:51,114.060867,22.571033,1,4
32898,22:19:46,114.058647,22.5711,1,9
32898,22:20:41,114.058548,22.569418,1,12
32898,22:21:36,114.054832,22.565451,1,42
32898,22:22:31,114.047119,22.565216,1,51
32898,22:23:26,114.039703,22.563667,1,50
32898,22:24:21,114.041901,22.560017,1,43
32898,22:25:16,114.043533,22.557034,1,23
32898,22:26:11,114.043533,22.557034,1,0
32898,22:27:06,114.044067,22.553984,1,20
32898,22:28:01,114.044067,22.553984,1,0
32898,22:28:56,114.044067,22.553301,1,3
32898,22:29:51,114.044067,22.553301,1,0
32898,22:30:46,114.044083,22.552334,1,5
32898,22:31:41,114.044083,22.552334,1,0
32898,22:32:36,114.043564,22.55055,1,13
32898,22:33:31,114.04007,22.550083,1,29
32898,22:33:48,114.04007,22.550083,0,0
32898,22:34:14,114.04007,22.550083,1,0
32898,22:35:09,114.044067,22.550432,1,32
32898,22:36:04,114.044281,22.541733,1,63
32898,22:36:59,114.044434,22.5338,1,57
32898,22:37:54,114.040482,22.530968,1,39
32898,22:38:49,114.030083,22.530333,1,69
32898,22:39:44,114.022453,22.532267,1,55
32898,22:40:39,114.019783,22.534067,1,25
32898,22:41:34,114.017731,22.534033,1,14
32898,22:42:29,114.019348,22.534218,1,10
32898,22:43:24,114.01947,22.5357,1,8
32898,22:44:19,114.02002,22.533216,1,17
32898,22:45:14,114.018364,22.533382,1,4
32898,22:46:09,114.019402,22.534233,1,15
32898,22:47:04,114.019516,22.535482,1,7
32898,22:47:59,114.022301,22.535851,1,20
32898,22:48:00,114.022301,22.535851,0,0
32898,22:48:55,114.022247,22.535151,0,4
32898,22:48:57,114.022247,22.535151,1,0
32898,22:49:52,114.024582,22.533783,1,19
32898,22:50:47,114.027916,22.528749,1,43
32898,22:51:42,114.03318,22.525833,1,41
32898,22:52:37,114.037682,22.52355,1,32
32898,22:53:32,114.04142,22.521282,1,29
32898,22:54:27,114.0476,22.518566,1,44
32898,22:55:22,114.050514,22.518118,1,19
32898,22:56:17,114.052116,22.518118,1,7
32898,22:57:12,114.058983,22.519899,1,47
32898,22:58:07,114.060066,22.524483,1,40
32898,22:59:02,114.059303,22.52725,1,17
32898,22:59:57,114.058197,22.532682,1,38
32898,23:00:52,114.057335,22.536266,1,31
32898,23:01:47,114.057335,22.536266,1,0
32898,23:02:15,114.058014,22.537884,0,17
32898,23:03:10,114.057716,22.538151,0,7
32898,23:04:05,114.058136,22.534367,0,18
32898,23:05:00,114.055901,22.531767,0,30
32898,23:05:55,114.047134,22.531584,0,58
32898,23:06:50,114.035896,22.530518,0,75
32898,23:07:45,114.024666,22.531567,0,76
32898,23:08:40,114.015617,22.531099,0,62
32898,23:09:35,114.005501,22.529949,0,68
32898,23:10:30,113.997116,22.529467,0,56
32898,23:11:25,113.993767,22.52935,0,26
32898,23:12:20,113.993431,22.530783,0,10
32898,23:12:59,113.993431,22.530783,1,0
32898,23:13:54,113.994034,22.5264,1,33
32898,23:14:49,113.995003,22.527451,1,37
32898,23:15:44,113.999313,22.529667,1,32
32898,23:16:39,114.009979,22.529667,1,71
32898,23:17:34,114.017052,22.531134,1,48
32898,23:18:29,114.020348,22.531799,0,22
32898,23:18:55,114.021103,22.531816,1,7
32898,23:19:50,114.030968,22.530067,1,66
32898,23:20:45,114.041618,22.530916,1,71
32898,23:21:40,114.045349,22.530533,1,33
32898,23:22:36,114.044586,22.535933,1,39
32898,23:23:31,114.047546,22.537367,1,24
32898,23:24:26,114.049065,22.53735,1,6
32898,23:24:37,114.049347,22.537399,0,9
32898,23:25:32,114.049347,22.537399,0,0
32898,23:25:34,114.049347,22.537399,1,0
32898,23:26:29,114.050064,22.531799,1,31
32898,23:27:24,114.041153,22.531099,1,59
32898,23:28:19,114.0308,22.530268,1,69
32898,23:29:14,114.024765,22.534283,1,55
32898,23:30:10,114.022797,22.542868,1,62
32898,23:31:05,114.021385,22.547449,1,33
32898,23:31:49,114.020081,22.549168,1,15
32898,23:32:01,114.020081,22.549168,0,0
32898,23:32:56,114.018532,22.55125,0,14
32898,23:33:51,114.018379,22.555384,0,46
32898,23:34:06,114.018379,22.555384,1,0
32898,23:35:02,114.027634,22.556116,1,59
32898,23:35:56,114.033234,22.553499,1,44
32898,23:36:51,114.034264,22.549049,1,30
32898,23:37:46,114.034386,22.548283,1,5
32898,23:38:41,114.031403,22.547132,1,18
32898,23:39:14,114.029816,22.545767,0,31
32898,23:39:56,114.029816,22.545767,1,0
32898,23:40:51,114.034264,22.545683,1,32
32898,23:41:46,114.035652,22.541933,1,30
32898,23:42:41,114.03833,22.541918,1,19
32898,23:43:36,114.044167,22.540182,1,49
32898,23:44:31,114.04583,22.5373,1,50
32898,23:45:44,114.048264,22.5373,0,2
32898,23:46:06,114.048981,22.537317,1,3
32898,23:47:01,114.049835,22.537367,1,17
32898,23:47:56,114.048065,22.53735,1,8
32898,23:48:51,114.046547,22.537518,1,7
32898,23:49:46,114.044418,22.532801,1,55
32898,23:50:41,114.037865,22.530832,1,49
32898,23:51:36,114.028465,22.530718,1,63
32898,23:52:31,114.024284,22.536133,1,53
32898,23:53:26,114.022369,22.544399,1,60
