28324,00:00:13,114.036102,22.684017,1,58
28324,00:02:03,114.030182,22.682167,1,39
28324,00:02:58,114.030434,22.681667,1,3
28324,00:03:53,114.031097,22.681267,1,1
28324,00:04:51,114.031532,22.67865,1,21
28324,00:05:38,114.031136,22.676884,1,13
28324,00:06:33,114.028664,22.6752,1,20
28324,00:07:28,114.026665,22.67465,1,14
28324,00:08:23,114.024666,22.674549,1,5
28324,00:09:18,114.023598,22.674368,1,3
28324,00:10:13,114.023315,22.674,1,1
28324,00:10:14,114.023315,22.674,1,1
28324,00:10:15,114.023315,22.674,1,1
28324,00:10:16,114.023315,22.674,1,1
28324,00:10:17,114.023315,22.674,1,1
28324,00:10:18,114.023315,22.674,1,1
28324,00:10:19,114.023315,22.674,1,1
28324,00:10:20,114.023315,22.674,1,1
28324,00:10:21,114.023315,22.674,1,1
28324,00:10:22,114.023315,22.674,1,1
28324,00:10:23,114.023315,22.674,1,1
28324,00:10:24,114.023315,22.674,1,1
28324,00:10:25,114.023315,22.674,1,1
28324,00:10:26,114.023315,22.674,1,1
28324,00:10:27,114.023315,22.674,1,1
28324,00:10:28,114.023315,22.674,1,1
28324,00:10:29,114.023315,22.674,1,1
28324,00:10:30,114.023315,22.674,1,1
28324,00:10:31,114.023315,22.674,1,1
28324,00:10:32,114.023315,22.674,1,1
28324,00:10:33,114.023315,22.674,1,1
28324,00:10:34,114.023315,22.674,1,1
28324,00:10:35,114.023315,22.674,1,1
28324,00:10:36,114.023315,22.674,1,1
28324,00:10:37,114.023315,22.674,1,1
28324,00:10:38,114.023315,22.674,1,1
28324,00:10:39,114.023315,22.674,1,1
28324,00:10:40,114.023315,22.674,1,1
28324,00:10:41,114.023315,22.674,1,1
28324,00:10:42,114.023315,22.674,1,1
28324,00:10:43,114.023315,22.674,1,1
28324,00:10:44,114.023315,22.674,1,1
28324,00:10:45,114.023315,22.674,1,1
28324,00:10:46,114.023315,22.674,1,1
28324,00:10:47,114.023315,22.674,1,1
28324,00:10:48,114.023315,22.674,1,1
28324,00:10:49,114.023315,22.674,1,1
28324,00:10:50,114.023315,22.674,1,1
28324,00:10:51,114.023315,22.674,1,1
28324,00:10:52,114.023315,22.674,1,1
28324,00:10:53,114.023315,22.674,1,1
28324,00:10:54,114.023315,22.674,1,1
28324,00:10:55,114.023315,22.674,1,1
28324,00:10:56,114.023315,22.674,1,1
28324,00:10:57,114.023315,22.674,1,1
28324,00:10:58,114.023315,22.674,1,1
28324,00:10:59,114.023315,22.674,1,1
28324,00:11:00,114.023315,22.674,1,1
28324,00:11:01,114.023315,22.674,1,1
28324,00:11:02,114.023315,22.674,1,1
28324,00:11:03,114.023315,22.674,1,1
28324,00:11:04,114.023315,22.674,1,1
28324,00:11:05,114.023315,22.674,1,1
28324,00:11:06,114.023315,22.674,1,1
28324,00:11:07,114.023315,22.674,1,1
28324,00:11:08,114.023315,22.674,1,1
28324,00:11:09,114.023315,22.674,1,1
28324,00:11:10,114.023315,22.674,1,1
28324,00:11:11,114.023315,22.674,1,1
28324,00:11:12,114.023315,22.674,1,1
28324,00:11:13,114.023315,22.674,1,1
28324,00:11:14,114.023315,22.674,1,1
28324,00:11:15,114.023315,22.674,1,1
28324,00:11:16,114.023315,22.674,1,1
28324,00:11:17,114.023315,22.674,1,1
28324,00:11:18,114.023315,22.674,1,1
28324,00:11:19,114.023315,22.674,1,1
28324,00:11:20,114.023315,22.674,1,1
28324,00:11:21,114.023315,22.674,1,1
28324,00:11:22,114.023315,22.674,1,1
28324,00:11:23,114.023315,22.674,1,1
28324,00:11:24,114.023315,22.674,1,1
28324,00:11:25,114.023315,22.674,1,1
28324,00:11:26,114.023315,22.674,1,1
28324,00:11:27,114.023315,22.674,1,1
28324,00:11:28,114.023315,22.674,1,1
28324,00:11:29,114.023315,22.674,1,1
28324,00:11:30,114.023315,22.674,1,1
28324,00:11:31,114.023315,22.674,1,1
28324,00:11:32,114.023315,22.674,1,1
28324,00:11:33,114.023315,22.674,1,1
28324,00:11:34,114.023315,22.674,1,1
28324,00:11:35,114.023315,22.674,1,1
28324,00:11:36,114.023315,22.674,1,1
28324,00:11:37,114.023315,22.674,1,1
28324,00:11:38,114.023315,22.674,1,1
28324,00:11:39,114.023315,22.674,1,1
28324,00:11:40,114.023315,22.674,1,1
28324,00:11:41,114.023315,22.674,1,1
28324,00:11:42,114.023315,22.674,1,1
28324,00:11:43,114.023315,22.674,1,1
28324,00:11:44,114.023315,22.674,1,1
28324,00:11:45,114.023315,22.674,1,1
28324,00:11:46,114.023315,22.674,1,1
28324,09:11:00,114.020615,22.673933,1,0
28324,09:11:55,114.020615,22.673933,1,0
28324,09:12:50,114.020615,22.673933,1,0
28324,09:13:45,114.020615,22.673933,1,0
28324,09:14:40,114.020615,22.673933,1,0
28324,09:15:37,114.020615,22.673933,1,0
28324,09:16:33,114.020615,22.673933,1,0
28324,09:17:28,114.020615,22.673933,1,0
28324,09:18:23,114.020615,22.673933,1,0
28324,09:20:19,114.020615,22.673933,1,0
28324,09:21:14,114.020615,22.673933,1,0
28324,09:22:09,114.020615,22.673933,1,0
28324,09:23:04,114.020615,22.673933,1,0
28324,09:24:02,114.020615,22.673933,1,0
28324,09:24:57,114.020615,22.673933,1,0
28324,09:25:52,114.020615,22.673933,1,0
28324,09:26:47,114.020615,22.673933,1,0
28324,09:27:42,114.020615,22.673933,1,0
28324,09:28:39,114.020615,22.673933,1,0
28324,09:29:34,114.020615,22.673933,1,0
28324,09:30:29,114.020615,22.673933,1,0
28324,09:31:24,114.020615,22.673933,1,0
28324,09:32:22,114.02092,22.673817,1,0
28324,09:33:17,114.020432,22.671917,1,9
28324,09:34:12,114.01712,22.6698,1,27
28324,09:34:13,114.017166,22.66975,1,23
28324,09:35:09,114.02047,22.668934,1,21
28324,09:36:04,114.022919,22.666901,1,20
28324,09:36:59,114.025017,22.664734,1,19
28324,09:37:54,114.027267,22.662083,1,23
28324,09:38:49,114.027267,22.662083,1,0
28324,09:59:49,114.02845,22.659,1,0
28324,10:00:44,114.02845,22.659,1,0
28324,10:01:39,114.02845,22.659,1,0
28324,10:02:34,114.02845,22.659,1,0
28324,10:03:29,114.02845,22.659,1,0
28324,10:04:24,114.026764,22.6588,1,10
28324,10:05:19,114.028252,22.658367,1,9
28324,10:06:14,114.030151,22.65905,1,12
28324,10:07:09,114.033386,22.661417,1,29
28324,10:08:04,114.0308,22.664333,1,26
28324,10:08:59,114.0308,22.664333,1,0
28324,10:09:57,114.030647,22.664482,1,0
28324,10:10:13,114.030647,22.664482,1,0
28324,10:11:09,114.030647,22.664482,1,0
28324,10:12:04,114.030647,22.664482,1,0
28324,10:12:59,114.028847,22.666651,1,17
28324,10:13:54,114.029404,22.6677,1,11
28324,10:14:49,114.029404,22.6677,1,0
28324,10:15:44,114.029404,22.6677,1,0
28324,10:16:39,114.029404,22.6677,1,0
28324,10:17:34,114.029404,22.6677,1,0
28324,10:18:29,114.029404,22.6677,1,0
28324,10:21:14,114.029404,22.6677,1,0
28324,10:22:09,114.029404,22.6677,1,0
28324,10:23:04,114.029404,22.6677,1,0
28324,10:23:59,114.029404,22.6677,1,0
28324,10:24:54,114.028519,22.668833,1,5
28324,10:25:49,114.028519,22.668833,1,0
28324,10:26:44,114.028519,22.668833,1,0
28324,10:27:39,114.028397,22.667032,1,13
28324,10:28:34,114.028954,22.666367,1,5
28324,10:29:29,114.028954,22.666367,1,0
28324,10:30:24,114.028954,22.666367,1,0
28324,10:31:19,114.028954,22.666367,1,0
28324,10:32:14,114.028954,22.666367,1,0
28324,10:33:09,114.028954,22.666367,1,0
28324,10:34:04,114.028954,22.666367,1,0
28324,10:34:59,114.028954,22.666367,1,0
28324,10:35:54,114.028954,22.666367,1,0
28324,10:36:49,114.028954,22.666367,1,0
28324,10:37:44,114.028954,22.666367,1,0
28324,10:38:39,114.028954,22.666367,1,0
28324,10:39:35,114.028954,22.666367,1,0
28324,10:40:30,114.028954,22.666367,1,0
28324,10:41:25,114.028954,22.666367,1,0
28324,10:42:20,114.028954,22.666367,1,0
28324,10:43:15,114.028954,22.666367,1,0
28324,10:44:10,114.028954,22.666367,1,0
28324,10:45:05,114.028954,22.666367,1,0
28324,10:46:00,114.027519,22.665199,1,11
28324,10:46:55,114.025917,22.663668,1,13
28324,10:47:50,114.025948,22.660749,1,27
28324,10:48:45,114.024765,22.65995,1,9
28324,10:49:40,114.026497,22.660816,1,14
28324,10:50:35,114.026398,22.660583,1,0
28324,10:52:25,114.026398,22.660583,1,0
28324,10:54:15,114.026398,22.660583,1,0
28324,10:55:10,114.026398,22.660583,1,0
28324,10:57:00,114.026398,22.660583,1,0
28324,10:57:55,114.026398,22.660583,1,0
28324,10:58:50,114.026398,22.660583,1,0
28324,10:59:45,114.026398,22.660583,1,0
28324,11:00:40,114.026398,22.660583,1,0
28324,11:01:35,114.026398,22.660583,1,0
28324,11:02:30,114.026398,22.660583,1,0
28324,11:03:25,114.026398,22.660583,1,0
28324,11:04:20,114.026398,22.660583,1,0
28324,11:05:15,114.026398,22.660583,1,0
28324,11:07:06,114.026398,22.660583,1,0
28324,11:08:01,114.026398,22.660583,1,0
28324,11:08:56,114.026398,22.660583,1,0
28324,11:09:51,114.026398,22.660583,1,0
28324,11:10:46,114.026398,22.660583,1,0
28324,11:11:41,114.026398,22.660583,1,0
28324,11:12:36,114.026398,22.660583,1,0
28324,11:13:31,114.026398,22.660583,1,0
28324,11:14:26,114.026398,22.660583,1,0
28324,11:15:21,114.026398,22.660583,1,0
28324,11:16:16,114.026398,22.660583,1,0
28324,11:17:11,114.026398,22.660583,1,0
28324,11:18:06,114.026398,22.660583,1,0
28324,11:19:01,114.026398,22.660583,1,0
28324,11:19:56,114.026398,22.660583,1,0
28324,11:20:51,114.026398,22.660583,1,0
28324,11:21:46,114.026398,22.660583,1,0
28324,11:22:41,114.026398,22.660583,1,0
28324,11:23:36,114.026398,22.660583,1,0
28324,11:24:31,114.026398,22.660583,1,0
28324,11:25:26,114.026398,22.660583,1,0
28324,11:26:21,114.026398,22.660583,1,0
28324,11:27:16,114.026398,22.660583,1,0
28324,11:28:11,114.026398,22.660583,1,0
28324,11:29:06,114.026398,22.660583,1,0
28324,11:30:01,114.026398,22.660583,1,0
28324,11:30:56,114.026398,22.660583,1,0
28324,11:31:51,114.026398,22.660583,1,0
28324,11:32:46,114.026398,22.660583,1,0
28324,11:33:41,114.026398,22.660583,1,0
28324,11:34:36,114.026398,22.660583,1,0
28324,11:35:31,114.026398,22.660583,1,0
28324,11:36:26,114.026398,22.660583,1,0
28324,11:37:21,114.026398,22.660583,1,0
28324,11:38:16,114.026398,22.660583,1,0
28324,11:39:11,114.026398,22.660583,1,0
28324,11:40:06,114.026398,22.660583,1,0
28324,11:41:01,114.026398,22.660583,1,0
28324,11:41:56,114.026398,22.660583,1,0
28324,11:42:51,114.026398,22.660583,1,0
28324,11:43:46,114.026398,22.660583,1,0
28324,11:44:41,114.026398,22.660583,1,0
28324,11:45:36,114.026398,22.660583,1,0
28324,11:46:31,114.026398,22.660583,1,0
28324,11:47:26,114.026398,22.660583,1,0
28324,11:48:21,114.026398,22.660583,1,0
28324,11:49:16,114.026398,22.660583,1,0
28324,11:50:11,114.026398,22.660583,1,0
28324,11:51:06,114.026398,22.660583,1,0
28324,11:52:01,114.026398,22.660583,1,0
28324,11:52:56,114.026398,22.660583,1,0
28324,11:53:51,114.026398,22.660583,1,0
28324,11:54:46,114.026398,22.660583,1,0
28324,11:55:41,114.026398,22.660583,1,0
28324,11:56:36,114.026398,22.660583,1,0
28324,11:57:31,114.026398,22.660583,1,0
28324,11:58:26,114.026398,22.660583,1,0
28324,11:59:21,114.026398,22.660583,1,0
28324,12:00:16,114.026398,22.660583,1,0
28324,12:01:11,114.026398,22.660583,1,0
28324,12:02:06,114.026398,22.660583,1,0
28324,12:03:01,114.026398,22.660583,1,0
28324,12:03:56,114.026398,22.660583,1,0
28324,12:04:51,114.026398,22.660583,1,0
28324,12:05:46,114.026398,22.660583,1,0
28324,12:06:41,114.026398,22.660583,1,0
28324,12:07:36,114.026398,22.660583,1,0
28324,12:08:31,114.026398,22.660583,1,0
28324,12:09:26,114.026398,22.660583,1,0
28324,12:10:21,114.026398,22.660583,1,0
28324,12:11:16,114.026398,22.660583,1,0
28324,12:12:11,114.026398,22.660583,1,0
28324,12:13:06,114.026398,22.660583,1,0
28324,12:14:01,114.026703,22.660482,1,0
28324,12:14:56,114.0271,22.66135,1,5
28324,12:15:51,114.027451,22.661682,1,2
28324,12:16:46,114.024879,22.6649,1,28
28324,12:17:41,114.0242,22.665817,1,6
28324,12:18:36,114.021614,22.668034,1,21
28324,12:19:31,114.021164,22.668432,1,4
28324,12:20:26,114.021164,22.668432,1,0
28324,12:21:21,114.018036,22.669567,1,22
28324,12:22:16,114.017166,22.669933,1,5
28324,12:22:17,114.017166,22.669933,1,5
28324,12:22:19,114.017166,22.669933,1,5
28324,12:22:20,114.017166,22.669933,1,5
28324,12:22:21,114.017166,22.669933,1,5
28324,12:22:22,114.017166,22.669933,1,5
28324,12:22:23,114.017166,22.669933,1,5
28324,12:22:24,114.017166,22.669933,1,5
28324,12:22:25,114.017166,22.669933,1,5
28324,12:22:26,114.017166,22.669933,1,5
28324,12:22:27,114.017166,22.669933,1,5
28324,12:22:28,114.017166,22.669933,1,5
28324,12:22:29,114.017166,22.669933,1,5
28324,12:22:30,114.017166,22.669933,1,5
28324,12:22:31,114.017166,22.669933,1,5
28324,12:22:32,114.017166,22.669933,1,5
28324,12:22:33,114.017166,22.669933,1,5
28324,12:22:34,114.017166,22.669933,1,5
28324,12:22:35,114.017166,22.669933,1,5
28324,12:22:36,114.017166,22.669933,1,5
28324,12:22:37,114.017166,22.669933,1,5
28324,12:22:38,114.017166,22.669933,1,5
28324,12:22:39,114.017166,22.669933,1,5
28324,12:22:40,114.017166,22.669933,1,5
28324,12:22:41,114.017166,22.669933,1,5
28324,12:22:42,114.017166,22.669933,1,5
28324,12:22:43,114.017166,22.669933,1,5
28324,12:22:44,114.017166,22.669933,1,5
28324,12:22:45,114.017166,22.669933,1,5
28324,12:22:46,114.017166,22.669933,1,5
28324,12:22:47,114.017166,22.669933,1,5
28324,12:22:48,114.017166,22.669933,1,5
28324,12:22:49,114.017166,22.669933,1,5
28324,12:22:50,114.017166,22.669933,1,5
28324,12:22:51,114.017166,22.669933,1,5
28324,12:22:52,114.017166,22.669933,1,5
28324,12:22:53,114.017166,22.669933,1,5
28324,12:22:54,114.017166,22.669933,1,5
28324,16:11:27,114.022614,22.673834,0,11
28324,16:12:24,114.022614,22.673834,0,0
28324,16:13:19,114.024315,22.674583,0,11
28324,16:14:14,114.025848,22.674168,0,9
28324,16:15:09,114.025848,22.674168,0,0
28324,16:16:04,114.025848,22.674168,0,0
28324,16:16:59,114.026337,22.673532,0,2
28324,16:17:54,114.026421,22.673283,0,1
28324,16:18:49,114.026421,22.673283,0,0
28324,16:19:44,114.026421,22.673283,0,0
28324,16:20:39,114.026421,22.673283,0,0
28324,16:21:34,114.026421,22.673283,0,0
28324,16:22:29,114.026421,22.673283,0,0
28324,16:23:25,114.026421,22.673283,0,0
28324,16:24:20,114.026421,22.673283,0,0
28324,16:25:15,114.026421,22.673283,0,0
28324,16:26:10,114.026421,22.673283,0,0
28324,16:28:00,114.033066,22.6723,0,36
28324,16:28:55,114.03347,22.672117,0,2
28324,16:29:50,114.03553,22.675234,0,27
28324,16:30:46,114.038284,22.674517,0,20
28324,16:31:41,114.039398,22.674583,0,7
28324,16:32:36,114.041603,22.676733,0,21
28324,16:33:31,114.043701,22.679583,0,24
28324,16:34:26,114.043701,22.679583,0,0
28324,16:35:21,114.04435,22.686367,0,48
28324,16:36:16,114.04467,22.691982,0,40
28324,16:38:06,114.057518,22.69125,0,51
28324,16:39:01,114.066498,22.692301,0,61
28324,16:39:56,114.072182,22.693382,0,38
28324,16:40:51,114.078636,22.695534,0,46
28324,16:41:46,114.084831,22.697968,0,45
28324,16:42:41,114.08773,22.701517,0,32
28324,16:43:36,114.094368,22.702168,0,46
28324,16:44:31,114.096436,22.701567,0,14
28324,16:45:26,114.096436,22.701567,0,0
28324,16:46:21,114.099449,22.700233,0,20
28324,16:47:16,114.106148,22.69845,0,46
28324,16:48:11,114.106552,22.698351,0,2
28324,16:49:06,114.106552,22.698351,0,0
28324,16:50:01,114.111664,22.697451,0,34
28324,16:50:56,114.115753,22.69685,0,27
28324,16:51:51,114.115913,22.696716,0,1
28324,16:52:46,114.119781,22.6978,0,26
28324,16:53:41,114.121552,22.698433,0,9
28324,16:54:36,114.124352,22.69775,0,20
28324,16:55:31,114.124352,22.69775,0,0
28324,16:56:26,114.124886,22.697117,0,1
28324,16:57:21,114.124886,22.697117,0,0
28324,16:58:16,114.124847,22.696501,0,3
28324,16:59:11,114.124847,22.696501,0,0
28324,17:00:06,114.124847,22.696501,0,0
28324,17:00:56,114.125114,22.697001,1,2
28324,17:01:14,114.12413,22.698017,1,29
28324,17:01:32,114.122681,22.698483,1,30
28324,17:01:50,114.122467,22.6985,1,21
28324,17:02:08,114.122467,22.6985,1,0
28324,17:02:26,114.122467,22.6985,1,0
28324,17:02:44,114.122467,22.6985,1,0
28324,17:03:56,114.119553,22.700783,1,40
28324,17:04:14,114.118584,22.702932,1,46
28324,17:04:32,114.117432,22.705618,1,52
28324,17:04:50,114.117332,22.705851,1,0
28324,17:05:08,114.117065,22.706333,1,4
28324,17:05:26,114.115753,22.708532,1,22
28324,17:05:44,114.114914,22.709784,1,22
28324,17:06:02,114.114914,22.709784,1,9
28324,17:06:20,114.114067,22.710983,1,16
28324,17:06:38,114.112747,22.7129,1,40
28324,17:06:56,114.112747,22.7129,1,16
28324,17:07:14,114.112747,22.7129,1,10
28324,17:07:32,114.112083,22.713249,1,22
28324,17:07:50,114.108917,22.713417,1,48
28324,17:08:08,114.105148,22.713449,1,59
28324,17:08:26,114.101616,22.713499,1,60
28324,17:08:44,114.098419,22.713249,1,63
28324,17:09:02,114.097267,22.713882,1,52
28324,17:09:20,114.097198,22.715183,1,8
28324,17:09:38,114.097198,22.715183,1,2
28324,17:09:56,114.095482,22.715349,1,12
28324,17:10:14,114.09478,22.715616,1,16
28324,17:10:32,114.094398,22.716249,1,16
28324,17:10:50,114.094368,22.7169,1,15
28324,17:11:08,114.094101,22.71785,1,25
28324,17:11:26,114.093513,22.719316,1,30
28324,17:11:44,114.093452,22.719534,1,19
28324,17:12:02,114.093216,22.719883,1,5
28324,17:12:20,114.092781,22.720266,1,10
28324,17:12:38,114.092468,22.720533,1,9
28324,17:12:56,114.092468,22.720533,1,0
28324,17:13:14,114.091881,22.721416,1,11
28324,17:13:32,114.09095,22.722733,1,21
28324,17:14:44,114.08828,22.727217,1,22
28324,17:15:02,114.087334,22.728333,1,28
28324,17:15:20,114.087051,22.728683,1,19
28324,17:15:38,114.086151,22.728149,1,37
28324,17:15:56,114.085014,22.727667,1,25
28324,17:16:14,114.084381,22.727417,1,19
28324,17:16:32,114.083649,22.727133,1,0
28324,17:16:50,114.083649,22.727133,1,0
28324,17:17:08,114.083649,22.727133,1,0
28324,17:17:33,114.083649,22.727133,0,0
28324,17:19:24,114.077736,22.726351,0,17
28324,17:20:19,114.07592,22.726067,0,11
28324,17:21:14,114.074783,22.725433,0,5
28324,17:22:09,114.073647,22.7251,0,5
28324,17:23:04,114.071915,22.7246,0,10
28324,17:23:59,114.067764,22.723917,0,28
28324,17:24:01,114.067764,22.723917,1,0
28324,17:24:19,114.065735,22.724716,1,39
28324,17:24:37,114.064415,22.727182,1,49
28324,17:24:55,114.063103,22.729683,1,53
28324,17:25:13,114.062553,22.730818,1,24
28324,17:25:31,114.062386,22.731117,1,13
28324,17:25:49,114.060921,22.732883,1,25
28324,17:26:07,114.057831,22.7339,1,69
28324,17:26:25,114.054283,22.733982,1,71
28324,17:26:43,114.051147,22.7341,1,68
28324,17:27:01,114.047302,22.734234,1,79
28324,17:27:19,114.0439,22.733801,1,74
28324,17:27:37,114.041534,22.733217,1,65
28324,17:27:38,114.041534,22.733217,1,65
28324,17:28:49,114.039932,22.729349,1,0
28324,17:29:07,114.03952,22.72875,1,4
28324,17:29:25,114.03952,22.72875,1,2
28324,17:29:43,114.03952,22.72875,1,0
28324,17:30:01,114.03952,22.72875,1,0
28324,17:30:19,114.03952,22.72875,1,0
28324,17:30:37,114.03952,22.72875,1,0
28324,17:30:55,114.038803,22.728132,1,0
28324,17:31:13,114.038803,22.728132,1,0
28324,17:31:31,114.038803,22.728132,1,0
28324,17:33:14,114.037415,22.725483,1,12
28324,17:34:09,114.043182,22.717484,1,71
28324,17:34:55,114.047432,22.707867,1,89
28324,17:35:50,114.050331,22.696432,1,85
28324,17:36:46,114.048615,22.68395,1,89
28324,17:37:41,114.04863,22.6717,1,88
28324,17:38:36,114.048798,22.663401,1,60
28324,17:39:31,114.050468,22.663668,1,10
28324,17:40:26,114.050468,22.663668,1,0
28324,17:41:21,114.051765,22.663651,1,3
28324,17:43:11,114.054718,22.666918,1,15
28324,17:44:06,114.055016,22.666651,1,0
28324,17:45:01,114.056381,22.664917,1,15
28324,17:45:56,114.057549,22.663549,1,9
28324,17:46:51,114.060417,22.6614,1,23
28324,17:47:46,114.063835,22.661383,1,22
28324,17:48:41,114.066803,22.65995,1,21
28324,17:50:31,114.063721,22.656584,1,4
28324,17:51:26,114.064865,22.65765,1,11
28324,17:51:40,114.0653,22.658068,0,15
28324,17:52:35,114.066399,22.659283,0,9
28324,17:53:30,114.066948,22.659866,0,5
28324,17:54:25,114.066681,22.660816,0,8
28324,17:55:20,114.062019,22.66135,0,29
28324,17:56:15,114.05825,22.662968,0,29
28324,17:57:10,114.057899,22.663267,0,1
28324,17:57:12,114.057899,22.663267,1,0
28324,17:58:07,114.057587,22.663549,1,0
28324,17:59:02,114.056831,22.664284,1,5
28324,17:59:57,114.056282,22.665033,1,5
28324,18:00:52,114.055435,22.666082,1,7
28324,18:01:47,114.054749,22.666883,1,5
28324,18:02:42,114.0504,22.669333,1,33
28324,18:04:32,114.04187,22.674683,1,33
28324,18:05:27,114.040268,22.674683,1,10
28324,18:06:25,114.040253,22.674683,1,0
28324,18:07:20,114.038002,22.674667,1,14
28324,18:08:15,114.036316,22.675632,1,11
28324,18:08:51,114.035881,22.67585,1,4
28324,18:09:47,114.035454,22.676067,1,0
28324,18:10:42,114.033546,22.677099,1,10
28324,18:11:37,114.032303,22.677668,1,7
28324,18:12:32,114.032303,22.677668,1,0
28324,18:13:27,114.032303,22.677668,1,0
28324,18:14:22,114.03093,22.676382,1,15
28324,18:21:17,114.026382,22.673267,0,0
28324,18:22:12,114.026382,22.673267,0,0
28324,18:23:07,114.026382,22.673267,0,0
28324,18:24:02,114.026382,22.673267,0,0
28324,18:24:57,114.026382,22.673267,0,0
28324,18:25:52,114.026382,22.673267,0,0
28324,18:26:47,114.026382,22.673267,0,0
28324,18:27:42,114.026382,22.673267,0,0
28324,18:28:37,114.026382,22.673267,0,0
28324,18:29:32,114.026382,22.673267,0,0
28324,18:30:27,114.026382,22.673267,0,0
28324,18:31:22,114.026382,22.673267,0,0
28324,18:33:12,114.026382,22.673267,0,0
28324,18:34:07,114.026382,22.673267,0,0
28324,18:35:02,114.026382,22.673267,0,0
28324,18:35:58,114.024948,22.672234,0,1
28324,18:37:48,114.024681,22.67215,0,1
28324,18:38:43,114.023453,22.673901,0,14
28324,18:39:38,114.024498,22.674633,0,9
28324,18:40:25,114.02552,22.674583,0,3
28324,18:41:21,114.026451,22.673317,0,10
28324,18:42:16,114.026451,22.673317,0,0
28324,18:43:11,114.026451,22.673317,0,0
28324,18:45:01,114.033546,22.672016,0,34
28324,18:45:56,114.034416,22.671682,0,4
28324,18:46:51,114.038383,22.670317,0,27
28324,18:47:46,114.040482,22.672033,0,23
28324,18:48:41,114.041916,22.672251,0,6
28324,18:49:36,114.042015,22.670668,0,11
28324,18:49:51,114.041885,22.6707,1,2
28324,18:50:46,114.039299,22.672716,1,18
28324,18:51:41,114.039635,22.673933,1,8
28324,18:52:36,114.039467,22.673634,1,9
28324,18:53:31,114.038353,22.670567,1,23
28324,18:54:26,114.037483,22.668249,1,17
28324,18:55:21,114.036736,22.662783,1,43
28324,18:56:16,114.033981,22.661301,1,20
28324,18:57:11,114.030701,22.659451,1,24
28324,18:58:06,114.028732,22.658068,1,14
28324,18:58:51,114.026733,22.656418,0,20
28324,18:59:46,114.024734,22.655849,0,13
28324,19:00:41,114.024498,22.659433,0,36
28324,19:01:36,114.026932,22.661133,0,20
28324,19:02:31,114.030235,22.659384,0,29
28324,19:03:26,114.028519,22.657932,1,13
28324,19:04:21,114.025734,22.655666,1,21
28324,19:05:16,114.025734,22.655666,1,0
28324,19:06:11,114.02298,22.657967,1,23
28324,19:07:06,114.022682,22.658199,1,0
28324,19:08:01,114.0205,22.6607,1,23
28324,19:08:56,114.017601,22.664568,1,33
28324,19:09:51,114.015785,22.666018,1,17
28324,19:10:19,114.014885,22.665833,0,9
28324,19:11:14,114.013748,22.665449,0,4
28324,19:11:21,114.013748,22.665449,1,0
28324,19:12:16,114.011566,22.6637,1,17
28324,19:13:11,114.011566,22.6637,1,0
28324,19:14:06,114.011566,22.6637,1,0
28324,19:15:01,114.013313,22.661383,1,20
28324,19:15:56,114.014336,22.660316,1,10
28324,19:16:51,114.014336,22.660316,1,0
28324,19:17:46,114.014503,22.660183,1,0
28324,19:18:41,114.016266,22.658117,1,18
28324,19:19:36,114.017502,22.65675,1,11
28324,19:20:19,114.017532,22.654617,0,21
28324,19:20:58,114.017532,22.654617,1,0
28324,19:21:53,114.016319,22.653732,1,6
28324,19:22:48,114.012749,22.651182,1,29
28324,19:23:43,114.01033,22.65,1,18
28324,19:24:38,114.007332,22.6539,1,33
28324,19:24:44,114.007286,22.65395,0,4
28324,19:25:39,114.007286,22.65395,0,0
28324,19:25:48,114.007286,22.65395,1,0
28324,19:26:43,114.008568,22.652218,1,15
28324,19:27:38,114.01078,22.649767,1,22
28324,19:28:33,114.01355,22.6514,1,20
28324,19:29:28,114.016319,22.653967,1,26
28324,19:30:23,114.015251,22.655367,1,9
28324,19:30:49,114.014969,22.655634,0,1
28324,19:31:44,114.014366,22.656601,0,5
28324,19:31:49,114.014366,22.656601,1,0
28324,19:32:44,114.012535,22.655518,1,13
28324,19:33:39,114.013069,22.651667,1,27
28324,19:34:34,114.013069,22.651667,1,0
28324,19:35:29,114.014236,22.650333,1,10
28324,19:36:24,114.015732,22.6485,1,16
28324,19:37:19,114.01828,22.646566,1,20
28324,19:38:14,114.01828,22.646566,1,0
28324,19:39:09,114.024536,22.646168,1,40
28324,19:40:04,114.02623,22.641434,1,47
28324,19:40:59,114.024551,22.6371,1,33
28324,19:41:54,114.024551,22.6371,1,0
28324,19:42:49,114.024483,22.635817,1,8
28324,19:43:44,114.02562,22.630083,1,41
28324,19:44:39,114.027397,22.624416,1,41
28324,19:45:34,114.02755,22.623882,1,3
28324,19:46:29,114.02755,22.623882,1,0
28324,19:47:24,114.02755,22.623882,1,0
28324,19:48:19,114.030182,22.624018,1,15
28324,19:49:15,114.030296,22.624033,1,0
28324,19:50:10,114.030853,22.624083,1,0
28324,19:51:05,114.030418,22.625799,1,8
28324,19:51:33,114.030281,22.626484,0,5
28324,19:52:29,114.030281,22.626484,0,0
28324,19:53:24,114.029999,22.6273,0,4
28324,19:54:19,114.030602,22.629717,0,19
28324,19:55:14,114.032433,22.631216,0,17
28324,19:55:45,114.032318,22.632099,1,9
28324,19:56:40,114.032501,22.6341,1,9
28324,19:57:35,114.039848,22.6329,1,49
28324,19:58:30,114.042435,22.632633,1,17
28324,19:59:25,114.042435,22.632633,1,0
28324,20:00:20,114.04425,22.635967,1,28
28324,20:01:15,114.047684,22.638149,1,32
28324,20:02:10,114.053818,22.636168,1,43
28324,20:03:05,114.055054,22.636,1,8
28324,20:04:00,114.055054,22.636,1,0
28324,20:04:55,114.055481,22.63625,1,2
28324,20:05:50,114.054649,22.643967,1,56
28324,20:06:45,114.05838,22.6443,1,25
28324,20:07:40,114.063347,22.644333,1,31
28324,20:08:35,114.068565,22.6448,1,35
28324,20:09:30,114.069603,22.64945,1,34
28324,20:10:02,114.069931,22.649851,0,6
28324,20:10:57,114.069115,22.648632,0,10
28324,20:11:52,114.068466,22.644684,0,28
28324,20:12:47,114.06517,22.644182,0,22
28324,20:13:42,114.065414,22.642134,0,12
28324,20:13:55,114.065414,22.642134,1,0
28324,20:14:50,114.06263,22.639032,1,27
28324,20:15:45,114.060387,22.638733,1,13
28324,20:16:40,114.059883,22.638634,1,1
28324,20:17:35,114.059402,22.6385,1,0
28324,20:18:30,114.059402,22.6385,1,0
28324,20:19:25,114.058464,22.638067,1,1
28324,20:20:20,114.056351,22.636551,1,15
28324,20:21:15,114.052216,22.637083,1,28
28324,20:22:10,114.050964,22.635782,1,10
28324,20:22:47,114.050453,22.63475,0,11
28324,20:23:42,114.050484,22.634983,0,0
28324,20:24:37,114.051186,22.637449,0,20
28324,20:25:32,114.045937,22.638517,0,35
28324,20:26:27,114.045998,22.642401,0,27
28324,20:27:22,114.046051,22.643517,0,5
28324,20:27:37,114.046051,22.643517,1,0
28324,20:28:32,114.045547,22.648867,1,35
28324,20:29:27,114.040253,22.651567,1,41
28324,20:30:22,114.039001,22.652067,1,8
28324,20:31:17,114.039001,22.652067,1,0
28324,20:32:12,114.036331,22.654118,1,21
28324,20:33:07,114.036331,22.654118,1,0
28324,20:34:02,114.035187,22.655117,1,8
28324,20:34:57,114.032631,22.657368,1,21
28324,20:35:52,114.030617,22.658684,1,19
28324,20:36:47,114.027313,22.656683,1,23
28324,20:37:48,114.026703,22.656483,1,0
28324,20:38:43,114.029366,22.658583,1,22
28324,20:39:38,114.032234,22.660366,1,20
28324,20:40:35,114.0336,22.660833,1,2
28324,20:40:59,114.0336,22.660833,1,0
28324,20:41:55,114.030746,22.66465,1,31
28324,20:42:50,114.032547,22.668417,1,29
28324,20:43:45,114.03257,22.668449,1,0
28324,20:44:40,114.03257,22.668449,1,0
28324,20:45:35,114.034882,22.673433,1,37
28324,20:46:30,114.03553,22.67515,1,12
28324,20:47:25,114.032768,22.677549,1,26
28324,20:48:20,114.032135,22.679518,1,17
28324,20:49:15,114.034752,22.687332,1,59
28324,20:50:10,114.035736,22.694401,1,51
28324,20:50:41,114.035751,22.693417,0,12
28324,20:51:22,114.035751,22.693417,1,0
28324,20:52:17,114.035049,22.688766,1,30
28324,20:53:12,114.033386,22.681833,1,50
28324,20:54:07,114.031334,22.677549,1,34
28324,20:55:02,114.027367,22.673416,1,41
28324,20:55:57,114.025299,22.671867,1,17
28324,20:56:52,114.025299,22.671867,1,0
28324,20:57:47,114.025299,22.671867,1,0
28324,20:58:42,114.027229,22.667999,1,33
28324,20:59:37,114.024467,22.66605,1,22
28324,21:00:32,114.025185,22.664551,1,12
28324,21:00:53,114.025452,22.664183,0,4
28324,21:01:48,114.026436,22.6611,0,28
28324,21:02:43,114.024651,22.660084,0,12
28324,21:03:38,114.026566,22.660683,0,11
28324,21:05:28,114.030533,22.664066,0,30
28324,21:06:23,114.030602,22.6642,0,1
28324,21:07:18,114.030968,22.665182,0,5
28324,21:08:13,114.030968,22.665182,0,0
28324,21:09:08,114.032715,22.668934,0,24
28324,21:10:03,114.033897,22.671633,0,20
28324,21:10:58,114.033966,22.671867,0,0
28324,21:11:53,114.034164,22.67675,0,43
28324,21:12:48,114.032448,22.680082,0,35
28324,21:13:43,114.035065,22.688683,0,64
28324,21:14:38,114.035835,22.694267,0,40
28324,21:15:33,114.035835,22.694267,0,0
28324,21:16:28,114.035416,22.697132,0,19
28324,21:17:23,114.037216,22.704567,0,54
28324,21:18:18,114.037498,22.705667,0,7
28324,21:19:13,114.037498,22.705667,0,0
28324,21:20:08,114.033882,22.707684,0,29
28324,21:21:03,114.031235,22.7132,0,46
28324,21:21:58,114.033447,22.714483,0,13
28324,21:22:53,114.032631,22.716118,0,16
28324,21:23:48,114.027168,22.718616,0,40
28324,21:24:43,114.022247,22.722834,0,46
28324,21:25:38,114.021347,22.728233,0,40
28324,21:26:33,114.0214,22.732218,0,28
28324,21:27:28,114.021301,22.733618,0,4
28324,21:29:18,114.017601,22.737949,0,16
28324,21:30:13,114.01712,22.740633,0,19
28324,21:31:08,114.016365,22.742933,0,15
28324,21:32:03,114.014366,22.74415,0,16
28324,21:32:58,114.013153,22.743683,0,4
28324,21:33:53,114.012535,22.74435,0,6
28324,21:34:48,114.012131,22.744867,0,1
28324,21:35:43,114.011536,22.745518,0,1
28324,21:36:38,114.01255,22.746599,0,7
28324,21:37:34,114.014053,22.746933,0,11
28324,21:38:29,114.014053,22.746933,0,0
28324,21:39:24,114.014053,22.746933,0,0
28324,21:40:19,114.014053,22.746933,0,0
28324,21:41:14,114.014053,22.746933,0,0
28324,21:42:09,114.014053,22.746933,0,0
28324,21:43:04,114.014053,22.746933,0,0
28324,21:43:59,114.014053,22.746933,0,0
28324,21:44:54,114.014053,22.746933,0,0
28324,21:45:49,114.014053,22.746933,0,0
28324,21:46:44,114.014771,22.747784,0,7
28324,21:47:39,114.01783,22.748768,0,21
28324,21:48:34,114.019615,22.745001,0,28
28324,21:50:24,114.021835,22.735683,0,41
28324,21:51:19,114.026466,22.73105,0,45
28324,21:52:14,114.029099,22.727568,0,40
28324,21:53:09,114.033333,22.727301,0,28
28324,21:54:04,114.035484,22.728468,0,15
28324,21:54:59,114.042816,22.733282,0,60
28324,21:55:54,114.054802,22.733868,0,81
28324,21:56:49,114.06205,22.731382,0,55
28324,21:57:44,114.065201,22.725416,0,46
28324,21:58:29,114.062317,22.72345,1,39
28324,21:59:24,114.058548,22.723633,1,26
28324,22:00:13,114.056015,22.723383,0,19
28324,22:01:08,114.05323,22.721001,0,23
28324,22:02:03,114.050636,22.718683,0,22
28324,22:02:58,114.047882,22.717068,0,20
28324,22:03:53,114.044617,22.7159,0,20
28324,22:04:48,114.044617,22.7159,0,0
28324,22:05:43,114.044617,22.7159,0,0
28324,22:06:38,114.043648,22.714832,0,7
28324,22:07:33,114.042931,22.712566,0,17
28324,22:08:28,114.043083,22.70525,0,54
28324,22:09:23,114.044182,22.7029,0,18
28324,22:10:18,114.044296,22.69875,0,29
28324,22:11:13,114.044334,22.698366,0,0
28324,22:12:08,114.044464,22.695534,0,18
28324,22:13:03,114.044533,22.693783,0,12
28324,22:13:58,114.044479,22.691418,0,15
28324,22:14:53,114.044098,22.684317,0,51
28324,22:15:48,114.04303,22.678699,0,41
28324,22:16:43,114.039169,22.67285,0,49
28324,22:17:38,114.035851,22.671083,0,36
28324,22:18:33,114.034218,22.6719,0,10
28324,22:19:28,114.031883,22.667933,0,30
28324,22:19:29,114.031883,22.667933,0,30
28324,22:21:18,114.030563,22.665733,0,10
28324,22:22:13,114.031082,22.665751,0,9
28324,22:23:08,114.033447,22.67075,0,35
28324,22:24:06,114.037483,22.670433,0,17
28324,22:25:01,114.0401,22.672234,0,27
28324,22:25:56,114.042786,22.670467,0,22
28324,22:26:51,114.043716,22.669617,0,8
28324,22:27:20,114.044167,22.6696,0,2
28324,22:29:11,114.047714,22.669849,0,7
28324,22:30:06,114.047485,22.671633,0,10
28324,22:31:03,114.041466,22.67465,0,30
28324,22:31:48,114.04023,22.67465,0,9
28324,22:32:43,114.04023,22.67465,0,0
28324,22:33:38,114.036201,22.675667,0,28
28324,22:34:33,114.032082,22.6777,0,28
28324,22:35:29,114.028336,22.674133,0,37
28324,22:36:24,114.025131,22.67185,0,26
28324,22:37:19,114.025131,22.67185,0,0
28324,22:38:14,114.023354,22.6705,0,12
28324,22:39:09,114.020767,22.6686,0,20
28324,22:40:04,114.017082,22.666267,0,29
28324,22:40:59,114.017082,22.666267,0,0
28324,22:41:54,114.018349,22.6633,0,25
28324,22:43:44,114.016899,22.659468,0,20
28324,22:44:39,114.017319,22.658733,0,2
28324,22:45:34,114.017151,22.65905,0,2
28324,22:46:29,114.016464,22.660116,0,5
28324,22:47:25,114.018585,22.661966,0,23
28324,22:48:20,114.0168,22.665817,0,33
28324,22:50:10,114.020798,22.668917,0,3
28324,22:50:43,114.020416,22.669067,1,2
28324,22:51:38,114.022736,22.667032,1,18
28324,22:52:24,114.023918,22.665899,1,0
28324,22:53:20,114.022697,22.664818,1,6
28324,22:54:13,114.020882,22.663433,0,15
28324,22:55:08,114.020515,22.663151,0,0
28324,22:55:43,114.01963,22.66255,1,4
28324,22:56:38,114.016647,22.665882,1,33
28324,22:57:33,114.016563,22.6658,1,1
28324,22:58:08,114.016884,22.66535,0,1
28324,22:59:03,114.018768,22.662649,0,21
28324,22:59:58,114.020851,22.660151,0,21
28324,23:00:37,114.022102,22.6586,1,19
28324,23:02:28,114.01532,22.653049,1,26
28324,23:03:23,114.013199,22.651567,1,15
28324,23:04:18,114.00898,22.651649,1,37
28324,23:05:13,114.005348,22.656317,1,41
28324,23:06:08,114.00145,22.657433,1,37
28324,23:07:03,113.998154,22.662018,1,39
28324,23:07:58,113.995552,22.664267,1,22
28324,23:08:53,113.9888,22.669933,1,60
28324,23:09:48,113.986168,22.6712,1,36
28324,23:10:09,113.987434,22.670349,0,26
28324,23:11:04,113.990952,22.668083,0,27
28324,23:11:59,113.995583,22.663933,0,43
28324,23:12:34,113.997231,22.662399,1,24
28324,23:13:29,113.997231,22.662399,1,0
28324,23:14:24,114.001602,22.661383,1,25
28324,23:15:19,114.002586,22.661133,1,6
28324,23:16:14,114.007668,22.660933,1,31
28324,23:17:09,114.010864,22.6632,1,25
28324,23:18:04,114.015221,22.665783,1,34
28324,23:18:59,114.016319,22.665983,1,7
28324,23:19:54,114.02095,22.66865,1,35
28324,23:21:45,114.024414,22.67205,1,13
28324,23:22:40,114.022598,22.675266,1,24
28324,23:23:35,114.019836,22.679016,1,31
28324,23:24:30,114.016632,22.680883,1,25
28324,23:25:24,114.014336,22.684067,0,39
28324,23:26:19,114.012482,22.684,0,10
28324,23:27:14,114.008667,22.683416,0,25
28324,23:28:09,114.012833,22.681217,0,39
28324,23:29:04,114.019051,22.679382,0,43
28324,23:29:59,114.022034,22.676332,0,31
28324,23:30:49,114.02327,22.674168,1,18
28324,23:31:44,114.025635,22.670334,1,31
28324,23:32:39,114.028633,22.66695,1,31
28324,23:35:24,114.034386,22.661699,1,33
28324,23:37:14,114.034737,22.652834,1,17
28324,23:38:09,114.031418,22.648399,1,37
28324,23:39:04,114.02697,22.643299,1,48
28324,23:39:41,114.025703,22.640568,0,32
28324,23:40:36,114.025703,22.640568,0,0
28324,23:41:31,114.0224,22.641317,0,20
28324,23:42:26,114.021347,22.638866,0,17
28324,23:43:21,114.022118,22.641018,0,23
28324,23:44:16,114.025352,22.639317,0,32
28324,23:44:35,114.024551,22.637117,1,47
28324,23:45:30,114.024666,22.634533,1,16
28324,23:45:45,114.025131,22.6322,0,61
28324,23:46:41,114.027084,22.625217,0,50
28324,23:46:51,114.027153,22.625017,1,2
28324,23:47:46,114.02243,22.623617,1,43
28324,23:48:41,114.016197,22.621367,1,55
28324,23:49:36,114.012314,22.62705,1,46
28324,23:50:31,114.007629,22.6273,1,42
28324,23:51:26,114.002884,22.633734,1,52
28324,23:52:21,113.99913,22.643833,1,80
28324,23:53:16,113.99395,22.653816,1,81
