33555,00:00:46,114.129799,22.5588,0,34
33555,00:01:46,114.132103,22.562201,0,23
33555,00:03:46,114.136902,22.567699,0,20
33555,00:04:16,114.137604,22.569,0,13
33555,00:04:46,114.134903,22.5704,0,13
33555,00:05:16,114.133598,22.571199,0,6
33555,00:05:46,114.133904,22.572399,0,15
33555,00:06:16,114.133003,22.5739,0,24
33555,00:06:46,114.130402,22.5748,0,16
33555,00:07:46,114.127098,22.573999,0,0
33555,00:08:46,114.124603,22.572399,0,0
33555,00:09:46,114.122902,22.5776,0,17
33555,00:10:16,114.122398,22.5793,0,16
33555,00:10:46,114.118896,22.5793,0,19
33555,00:11:46,114.114197,22.583099,0,33
33555,00:12:16,114.112,22.5865,0,28
33555,00:12:46,114.109802,22.5898,0,33
33555,00:13:16,114.110298,22.5945,0,35
33555,00:14:46,114.1129,22.6003,0,0
33555,00:15:16,114.1129,22.6003,0,0
33555,00:16:16,114.112503,22.6005,0,6
33555,00:17:16,114.112396,22.6005,0,0
33555,00:18:16,114.111298,22.6015,0,5
33555,00:18:46,114.111397,22.6017,0,0
33555,00:19:16,114.111397,22.6017,0,0
33555,00:19:46,114.111801,22.601801,0,6
33555,00:20:16,114.112198,22.601299,0,0
33555,00:21:16,114.112701,22.600401,0,6
33555,00:21:46,114.1119,22.597799,0,19
33555,00:22:16,114.109901,22.5938,0,35
33555,00:23:46,114.114403,22.581699,0,34
33555,00:24:16,114.116302,22.5774,0,38
33555,00:24:46,114.117798,22.572001,0,41
33555,00:25:16,114.117897,22.568001,0,25
33555,00:25:46,114.118797,22.5632,0,36
33555,00:26:16,114.119904,22.558701,0,27
33555,00:26:46,114.123596,22.555201,0,37
33555,00:27:46,114.125397,22.553101,0,0
33555,00:28:46,114.1241,22.552401,0,5
33555,00:30:16,114.122498,22.552099,0,5
33555,00:32:46,114.119904,22.556101,0,20
33555,00:33:18,114.1203,22.558399,0,25
33555,00:35:48,114.115601,22.579201,0,21
33555,00:36:48,114.120102,22.579399,0,13
33555,00:38:18,114.1231,22.577101,0,31
33555,00:39:18,114.124603,22.572201,0,14
33555,00:39:48,114.125,22.5697,0,28
33555,00:40:18,114.125397,22.566,0,24
33555,00:40:48,114.124901,22.563999,0,21
33555,00:42:48,114.125801,22.558701,0,19
33555,00:43:18,114.127998,22.556801,0,18
33555,00:43:48,114.125999,22.5532,0,14
33555,00:44:48,114.125397,22.552601,0,11
33555,00:45:18,114.124702,22.552401,0,0
33555,00:45:48,114.123596,22.5522,0,6
33555,00:46:18,114.123001,22.552,0,3
33555,00:47:18,114.122498,22.551001,0,5
33555,00:47:48,114.122704,22.5502,0,4
33555,00:48:18,114.122803,22.5495,0,6
33555,00:49:18,114.122803,22.5494,0,0
33555,00:49:48,114.123398,22.548599,0,16
33555,00:50:18,114.124298,22.548,0,6
33555,00:51:18,114.125099,22.547701,0,5
33555,00:52:19,114.124496,22.548,0,11
33555,00:52:49,114.1241,22.547501,0,0
33555,00:53:18,114.1241,22.547501,0,0
33555,00:54:48,114.117599,22.546499,0,0
33555,00:55:18,114.1175,22.5452,0,30
33555,00:55:48,114.117203,22.5431,0,26
33555,00:56:48,114.114601,22.542601,0,0
33555,00:57:18,114.114601,22.542601,0,0
33555,00:57:48,114.114197,22.541401,0,0
33555,00:58:18,114.114197,22.541401,0,0
33555,00:58:48,114.114304,22.540899,0,5
33555,00:59:18,114.114098,22.541401,0,0
33555,00:59:48,114.113899,22.5422,0,0
33555,01:00:18,114.113899,22.5422,0,0
33555,01:00:48,114.113503,22.5436,0,10
33555,01:02:18,114.113403,22.5438,0,0
33555,01:02:48,114.113403,22.5438,0,0
33555,01:03:18,114.113403,22.5438,0,0
33555,01:03:48,114.113403,22.5438,0,0
33555,01:05:18,114.113403,22.5438,0,0
33555,01:05:48,114.113403,22.5438,0,0
33555,01:06:18,114.113403,22.5438,0,0
33555,01:06:48,114.113403,22.5438,0,0
33555,01:07:18,114.113403,22.5438,0,0
33555,01:07:48,114.113899,22.5443,0,6
33555,01:07:55,114.113899,22.544201,0,0
33555,01:08:13,114.113899,22.544201,0,3
33555,01:08:19,114.116096,22.5446,0,12
33555,01:09:18,114.116798,22.5434,0,4
33555,01:09:48,114.116898,22.5434,0,0
33555,01:10:18,114.116898,22.5434,0,0
33555,01:10:48,114.117302,22.5438,0,4
33555,01:11:18,114.119598,22.542,0,0
33555,01:12:18,114.120598,22.5425,0,23
33555,01:13:18,114.122002,22.5431,0,0
33555,01:13:48,114.1222,22.5432,0,3
33555,01:14:18,114.121399,22.543501,0,4
33555,01:15:18,114.121597,22.5436,0,0
33555,01:15:48,114.120598,22.542299,0,15
33555,01:16:48,114.120399,22.541901,0,0
33555,01:17:48,114.118202,22.5397,0,4
33555,01:18:18,114.117302,22.539801,0,5
33555,01:19:48,114.113602,22.5406,0,5
33555,01:20:18,114.113503,22.542299,0,14
33555,01:21:48,114.113503,22.5439,0,0
33555,01:22:18,114.113503,22.5439,0,0
33555,01:22:48,114.113503,22.5439,0,0
33555,01:23:18,114.113503,22.5439,0,0
33555,01:23:48,114.113503,22.5439,0,0
33555,01:24:18,114.1138,22.5429,0,9
33555,01:25:18,114.110298,22.543301,0,23
33555,01:27:48,114.1045,22.5378,0,30
33555,01:28:18,114.099098,22.5382,0,43
33555,01:28:48,114.093498,22.5382,0,26
33555,01:29:18,114.0914,22.5399,0,16
33555,01:29:48,114.093697,22.540001,0,13
33555,01:30:18,114.095497,22.5401,0,8
33555,01:30:48,114.096703,22.5401,0,6
33555,01:31:18,114.098099,22.5411,0,21
33555,01:31:48,114.099098,22.541201,0,0
33555,01:32:18,114.099098,22.541201,0,0
33555,01:32:48,114.101997,22.5413,0,23
33555,01:33:18,114.1026,22.5408,0,0
33555,01:33:48,114.102898,22.5404,0,14
33555,01:34:48,114.105003,22.541,0,7
33555,01:35:18,114.105103,22.5411,0,0
33555,01:36:18,114.104897,22.541201,0,7
33555,01:36:48,114.104797,22.541,0,0
33555,01:37:18,114.1026,22.5404,0,5
33555,01:37:48,114.101898,22.5411,0,6
33555,01:39:48,114.105202,22.5415,0,2
33555,01:42:48,114.099998,22.5413,0,0
33555,01:43:18,114.098396,22.541201,0,17
33555,01:44:18,114.097198,22.541201,0,0
33555,01:44:48,114.098801,22.5411,0,22
33555,01:45:48,114.103203,22.538,0,35
33555,01:46:18,114.108101,22.5373,0,37
33555,01:46:48,114.114197,22.5385,0,39
33555,01:47:18,114.117203,22.5396,0,14
33555,01:48:48,114.120102,22.541401,0,0
33555,01:49:18,114.120102,22.541401,0,0
33555,01:50:48,114.121201,22.543301,0,0
33555,01:51:18,114.121201,22.543301,0,0
33555,01:51:48,114.1213,22.543501,0,0
33555,01:52:18,114.121498,22.544001,0,18
33555,01:52:48,114.121201,22.5431,0,21
33555,01:53:18,114.120697,22.5418,0,0
33555,01:53:48,114.120697,22.5418,0,0
33555,01:54:18,114.120697,22.5418,0,0
33555,01:54:48,114.120399,22.5418,0,11
33555,01:55:18,114.1175,22.5396,0,26
33555,01:56:18,114.113899,22.538601,0,27
33555,01:57:18,114.101898,22.5382,0,43
33555,01:57:48,114.0951,22.538,0,45
33555,01:58:18,114.088501,22.5376,0,44
33555,01:58:48,114.082001,22.5373,0,38
33555,01:59:18,114.0783,22.5345,0,8
33555,01:59:48,114.077797,22.5348,0,9
33555,02:01:18,114.075897,22.534401,0,0
33555,02:02:18,114.072701,22.5319,0,31
33555,02:02:48,114.068604,22.533501,0,29
33555,02:03:48,114.068497,22.5446,0,39
33555,02:04:18,114.067902,22.5474,0,0
33555,02:06:18,114.062599,22.546801,0,0
33555,02:06:48,114.062599,22.546801,0,0
33555,02:08:18,114.062599,22.546801,0,0
33555,02:09:18,114.062599,22.546801,0,0
33555,02:09:48,114.062798,22.5466,0,21
33555,02:10:18,114.061897,22.544001,0,26
33555,02:10:48,114.057297,22.5436,0,34
33555,02:12:19,114.041397,22.5424,0,39
33555,02:12:49,114.036102,22.5418,0,18
33555,02:13:19,114.032303,22.5411,0,28
33555,02:14:19,114.0242,22.539,0,20
33555,02:16:10,114.023399,22.5427,0,0
33555,02:16:40,114.023399,22.5427,0,0
33555,02:18:10,114.023399,22.5427,0,0
33555,02:20:10,114.023399,22.5427,0,0
33555,02:20:40,114.023399,22.5427,0,0
33555,02:21:10,114.023399,22.5427,0,0
33555,02:21:40,114.023399,22.5427,0,0
33555,02:22:10,114.023399,22.5427,0,0
33555,02:24:10,114.023399,22.5427,0,0
33555,02:25:10,114.023399,22.5427,0,0
33555,02:25:40,114.023399,22.5427,0,0
33555,02:26:10,114.023399,22.5427,0,0
33555,02:26:40,114.023399,22.5427,0,0
33555,02:27:10,114.023399,22.5427,0,0
33555,02:28:10,114.023399,22.5427,0,0
33555,02:28:40,114.023399,22.5427,0,0
33555,02:29:10,114.023399,22.5427,0,0
33555,02:29:40,114.023399,22.5427,0,0
33555,02:30:40,114.023399,22.5427,0,0
33555,02:31:10,114.023399,22.5427,0,0
33555,02:32:10,114.023399,22.5427,0,0
33555,02:33:10,114.023399,22.5427,0,0
33555,02:33:40,114.023399,22.5427,0,0
33555,02:34:10,114.023399,22.5427,0,0
33555,02:35:40,114.023399,22.5427,0,0
33555,02:36:10,114.023399,22.5427,0,0
33555,02:36:40,114.023399,22.5427,0,0
33555,02:37:10,114.023399,22.5427,0,0
33555,02:37:40,114.023399,22.5427,0,0
33555,02:38:40,114.023399,22.5427,0,0
33555,02:39:40,114.023399,22.5427,0,0
33555,02:40:10,114.023399,22.5427,0,0
33555,02:40:40,114.023399,22.5427,0,0
33555,02:41:10,114.023399,22.5427,0,0
33555,02:41:40,114.023399,22.5427,0,0
33555,02:42:10,114.023399,22.5427,0,0
33555,02:43:10,114.023399,22.5427,0,0
33555,02:44:10,114.023399,22.5427,0,0
33555,02:44:40,114.023399,22.5427,0,0
33555,02:45:10,114.023399,22.5427,0,0
33555,02:45:40,114.023399,22.5427,0,0
33555,02:46:10,114.023399,22.5427,0,0
33555,02:46:40,114.023399,22.5427,0,0
33555,02:48:10,114.023399,22.5427,0,0
33555,02:48:40,114.023399,22.5427,0,0
33555,02:49:40,114.023399,22.5427,0,0
33555,02:50:10,114.023399,22.5427,0,0
33555,02:50:40,114.023399,22.5427,0,0
33555,02:51:40,114.023399,22.5427,0,0
33555,02:52:10,114.023399,22.5427,0,0
33555,02:53:40,114.023399,22.5427,0,0
33555,02:54:10,114.023399,22.5427,0,0
33555,02:54:40,114.023399,22.5427,0,0
33555,02:55:40,114.023399,22.5427,0,0
33555,02:57:10,114.023399,22.5427,0,0
33555,02:57:40,114.023399,22.5427,0,0
33555,02:58:10,114.023399,22.5427,0,0
33555,02:58:40,114.023399,22.5427,0,0
33555,02:59:40,114.023399,22.5427,0,0
33555,03:00:10,114.023399,22.5427,0,0
33555,03:02:40,114.023399,22.5427,0,0
33555,03:03:40,114.023399,22.5427,0,0
33555,03:04:40,114.023399,22.5427,0,0
33555,03:05:10,114.023399,22.5427,0,0
33555,03:06:10,114.023399,22.5427,0,0
33555,03:06:40,114.023399,22.5427,0,0
33555,03:08:40,114.023399,22.5427,0,0
33555,03:09:10,114.023399,22.5427,0,0
33555,03:10:10,114.023399,22.5427,0,0
33555,03:10:40,114.023399,22.5427,0,0
33555,03:11:10,114.023399,22.5427,0,0
33555,03:12:10,114.023399,22.5427,0,0
33555,03:12:40,114.023399,22.5427,0,0
33555,03:14:10,114.023399,22.5427,0,0
33555,03:14:40,114.023399,22.5427,0,0
33555,03:15:40,114.023399,22.5427,0,0
33555,03:16:40,114.023399,22.5427,0,0
33555,03:18:40,114.023399,22.5427,0,0
33555,03:19:10,114.023399,22.5427,0,0
33555,03:19:40,114.023399,22.5427,0,0
33555,03:20:10,114.023399,22.5427,0,0
33555,03:20:40,114.023399,22.5427,0,0
33555,03:21:10,114.023399,22.5427,0,0
33555,03:21:40,114.023399,22.5427,0,0
33555,03:22:10,114.023399,22.5427,0,0
33555,03:22:40,114.023399,22.5427,0,0
33555,03:23:10,114.023399,22.5427,0,0
33555,03:24:10,114.023399,22.5427,0,0
33555,03:24:40,114.023399,22.5427,0,0
33555,03:25:40,114.023399,22.5427,0,0
33555,03:26:10,114.023399,22.5427,0,0
33555,03:26:40,114.023399,22.5427,0,0
33555,03:27:10,114.023399,22.5427,0,0
33555,03:28:10,114.023399,22.5427,0,0
33555,03:28:40,114.023399,22.5427,0,0
33555,03:29:10,114.023399,22.5427,0,0
33555,03:30:10,114.023399,22.5427,0,0
33555,03:32:10,114.023399,22.5427,0,0
33555,03:33:40,114.023399,22.5427,0,0
33555,03:34:10,114.023399,22.5427,0,0
33555,03:34:14,114.023399,22.5427,0,0
33555,03:34:44,114.022903,22.5424,0,12
33555,03:35:14,114.022797,22.544901,0,22
33555,03:35:44,114.0271,22.545799,0,27
33555,03:36:14,114.0298,22.5459,0,14
33555,03:37:14,114.0299,22.5457,0,0
33555,03:37:44,114.030197,22.5457,0,15
33555,03:38:14,114.032402,22.547001,0,22
33555,03:39:14,114.034302,22.548,0,0
33555,03:40:44,114.039703,22.549601,0,0
33555,03:41:14,114.0383,22.5499,0,14
33555,03:41:44,114.037697,22.5499,0,0
33555,03:42:14,114.037697,22.5499,0,0
33555,03:42:44,114.036499,22.548901,0,8
33555,03:43:14,114.038902,22.549299,0,30
33555,03:43:44,114.040199,22.5483,0,11
33555,03:45:14,114.039597,22.5485,0,15
33555,03:46:14,114.039803,22.549299,0,0
33555,03:46:44,114.043701,22.550501,0,18
33555,03:47:44,114.044296,22.5422,0,32
33555,03:48:14,114.043999,22.5422,0,20
33555,03:48:44,114.0476,22.5418,0,17
33555,03:49:14,114.048103,22.540701,0,2
33555,03:49:44,114.048798,22.5397,0,4
33555,03:51:14,114.048401,22.538601,0,0
33555,03:52:44,114.048401,22.538601,0,0
33555,03:55:44,114.048401,22.538601,0,0
33555,03:56:14,114.048401,22.538601,0,0
33555,03:57:44,114.048103,22.537901,0,0
33555,03:58:14,114.048103,22.537901,0,0
33555,03:58:44,114.048103,22.537901,0,0
33555,03:59:14,114.048103,22.537901,0,0
33555,04:00:14,114.048103,22.537901,0,0
33555,04:00:44,114.048103,22.537901,0,0
33555,04:02:14,114.047897,22.537901,0,6
33555,04:02:44,114.047997,22.537701,0,0
33555,04:03:14,114.047997,22.537701,0,0
33555,04:04:14,114.048103,22.5373,0,0
33555,04:04:44,114.048103,22.5373,0,0
33555,04:06:14,114.052002,22.5376,0,25
33555,04:07:14,114.057999,22.5375,0,14
33555,04:08:14,114.058296,22.531401,0,32
33555,04:08:44,114.059097,22.528,0,15
33555,04:09:14,114.059196,22.5278,0,0
33555,04:10:14,114.058403,22.5277,0,0
33555,04:10:44,114.058403,22.5277,0,0
33555,04:11:14,114.058403,22.5277,0,0
33555,04:11:44,114.058403,22.5277,0,0
33555,04:12:14,114.058403,22.5277,0,0
33555,04:12:44,114.058403,22.5277,0,0
33555,04:13:45,114.058403,22.5277,0,0
33555,04:14:15,114.058403,22.5277,0,0
33555,04:14:45,114.058403,22.5277,0,0
33555,04:15:15,114.058403,22.5277,0,0
33555,04:15:45,114.058403,22.5277,0,0
33555,04:17:15,114.058403,22.5277,0,0
33555,04:18:45,114.058899,22.5287,0,28
33555,04:19:15,114.059601,22.5313,0,31
33555,04:20:15,114.0681,22.529699,0,28
33555,04:21:15,114.0662,22.5226,0,24
33555,04:22:15,114.067902,22.521099,0,0
33555,04:22:45,114.068001,22.521299,0,6
33555,04:23:15,114.0681,22.5217,0,4
33555,04:24:45,114.068398,22.523701,0,12
33555,04:25:15,114.067001,22.5254,0,17
33555,04:26:15,114.068199,22.535,0,36
33555,04:28:15,114.072098,22.535801,0,10
33555,04:28:45,114.073402,22.5359,0,11
33555,04:29:15,114.074501,22.535101,0,0
33555,04:29:45,114.074501,22.535101,0,0
33555,04:30:15,114.073601,22.535801,0,7
33555,04:30:45,114.071999,22.5361,0,19
33555,04:31:46,114.068199,22.539301,0,28
33555,04:32:46,114.068398,22.5459,0,0
33555,04:33:16,114.070503,22.545799,0,11
33555,04:33:46,114.071602,22.5459,0,0
33555,04:34:46,114.071602,22.5466,0,0
33555,04:35:16,114.071602,22.5466,0,0
33555,04:35:46,114.071602,22.5466,0,0
33555,04:36:16,114.071602,22.546499,0,0
33555,04:36:46,114.071602,22.546499,0,0
33555,04:37:16,114.071602,22.546499,0,0
33555,04:37:46,114.071602,22.546499,0,0
33555,04:38:46,114.071503,22.5464,0,0
33555,04:39:46,114.071701,22.548,0,14
33555,04:40:16,114.075897,22.547001,0,23
33555,04:40:46,114.0793,22.5471,0,14
33555,04:41:16,114.0812,22.547001,0,0
33555,04:41:46,114.081703,22.5469,0,11
33555,04:42:16,114.0839,22.547001,0,0
33555,04:42:46,114.084198,22.5467,0,4
33555,04:43:16,114.0849,22.545601,0,11
33555,04:44:16,114.087799,22.5455,0,0
33555,04:44:46,114.087799,22.5455,0,0
33555,04:45:16,114.087898,22.5478,0,25
33555,04:46:16,114.085899,22.5492,0,24
33555,04:46:46,114.081802,22.5492,0,18
33555,04:47:16,114.078697,22.549,0,4
33555,04:49:46,114.073997,22.547501,0,37
33555,04:50:16,114.069199,22.547899,0,29
33555,04:50:46,114.068298,22.547701,0,0
33555,04:51:16,114.068298,22.547701,0,0
33555,04:51:46,114.067802,22.547701,0,23
33555,04:52:16,114.063698,22.547501,0,33
33555,04:53:16,114.057899,22.549,0,10
33555,04:53:46,114.057899,22.549101,0,0
33555,04:54:46,114.055702,22.551399,0,40
33555,04:55:46,114.045998,22.5509,0,31
33555,04:57:16,114.0401,22.5497,0,9
33555,04:57:46,114.039803,22.551701,0,18
33555,04:58:16,114.039803,22.5532,0,0
33555,04:59:16,114.041199,22.554199,0,0
33555,04:59:46,114.040901,22.5562,0,13
33555,05:00:16,114.042801,22.556601,0,15
33555,05:00:46,114.043404,22.5567,0,0
33555,05:01:16,114.043602,22.556801,0,11
33555,05:01:46,114.041901,22.5602,0,36
33555,05:02:16,114.039597,22.564501,0,36
33555,05:02:46,114.0411,22.5667,0,19
33555,05:03:16,114.0429,22.567499,0,0
33555,05:03:46,114.046501,22.5674,0,25
33555,05:04:46,114.048698,22.5672,0,11
33555,05:05:16,114.048698,22.566099,0,0
33555,05:05:56,114.048698,22.566099,0,0
33555,05:06:26,114.048698,22.566099,0,0
33555,05:06:56,114.048698,22.566099,0,0
33555,05:07:26,114.048698,22.566099,0,0
33555,05:07:56,114.048698,22.566099,0,0
33555,05:08:26,114.048698,22.566099,0,0
33555,05:09:26,114.048698,22.566099,0,0
33555,05:09:56,114.048698,22.566099,0,0
33555,05:10:26,114.048698,22.566099,0,0
33555,05:11:26,114.048698,22.566099,0,0
33555,05:11:56,114.048698,22.566099,0,0
33555,05:12:26,114.048698,22.566099,0,0
33555,05:13:26,114.048698,22.566099,0,0
33555,05:13:56,114.048698,22.566099,0,0
33555,05:14:26,114.048698,22.566099,0,0
33555,05:14:56,114.048698,22.566099,0,0
33555,05:15:56,114.048698,22.566099,0,0
33555,05:16:26,114.048698,22.566099,0,0
33555,05:16:56,114.048698,22.566099,0,0
33555,05:17:56,114.048698,22.566099,0,0
33555,05:18:26,114.048698,22.566099,0,0
33555,05:18:56,114.048698,22.566099,0,0
33555,05:19:26,114.048698,22.566099,0,0
33555,05:19:56,114.048698,22.566099,0,0
33555,05:20:26,114.048698,22.566099,0,0
33555,05:21:26,114.048698,22.566099,0,0
33555,05:21:56,114.048698,22.566099,0,0
33555,05:22:56,114.048698,22.566099,0,0
33555,05:23:56,114.048698,22.566099,0,0
33555,05:24:26,114.048698,22.566099,0,0
33555,05:24:56,114.048698,22.566099,0,0
33555,05:26:26,114.048698,22.566099,0,0
33555,05:27:26,114.048698,22.566099,0,0
33555,05:27:56,114.048698,22.566099,0,0
33555,05:28:26,114.048698,22.566099,0,0
33555,05:29:26,114.048698,22.566099,0,0
33555,05:30:56,114.048698,22.566099,0,0
33555,05:31:26,114.048698,22.566099,0,0
33555,05:31:56,114.048698,22.566099,0,0
33555,05:32:26,114.048698,22.566099,0,0
33555,05:32:56,114.048698,22.566099,0,0
33555,05:33:56,114.048698,22.566099,0,0
33555,05:34:56,114.048698,22.566099,0,0
33555,05:35:26,114.048698,22.566099,0,0
33555,05:35:56,114.048698,22.566099,0,0
33555,05:36:56,114.048698,22.566099,0,0
33555,05:37:26,114.048698,22.566099,0,0
33555,05:37:56,114.048698,22.566099,0,0
33555,05:38:56,114.048698,22.566099,0,0
33555,05:39:56,114.048698,22.566099,0,0
33555,05:40:25,114.048698,22.566099,0,0
33555,05:40:55,114.047897,22.5655,0,22
33555,05:41:55,114.039101,22.5637,0,19
33555,05:42:25,114.0411,22.561501,0,39
33555,05:42:55,114.043503,22.557199,0,9
33555,05:43:55,114.043999,22.555401,0,37
33555,05:45:56,114.044197,22.548201,0,39
33555,05:47:26,114.044403,22.531401,0,19
33555,05:47:56,114.044197,22.5312,0,31
33555,05:48:26,114.049301,22.5312,0,23
33555,05:48:56,114.051399,22.5291,0,25
33555,05:49:26,114.050697,22.527399,0,10
33555,05:49:56,114.049599,22.5266,0,0
33555,05:50:56,114.049599,22.5264,0,0
33555,05:51:56,114.049599,22.5264,0,0
33555,05:52:56,114.049599,22.5264,0,0
33555,05:54:26,114.049599,22.5264,0,0
33555,05:54:56,114.049599,22.5264,0,0
33555,05:55:26,114.049599,22.5264,0,0
33555,05:55:56,114.049599,22.5264,0,0
33555,05:56:56,114.048302,22.5257,0,12
33555,05:57:26,114.046097,22.5257,0,14
33555,05:58:56,114.045898,22.5257,0,0
33555,05:59:26,114.045898,22.5257,0,0
33555,06:00:26,114.045898,22.5257,0,0
33555,06:00:56,114.045898,22.5257,0,0
33555,06:01:26,114.045898,22.5257,0,0
33555,06:01:56,114.045898,22.5257,0,0
33555,06:02:26,114.045898,22.5257,0,0
33555,06:02:56,114.045898,22.5257,0,0
33555,06:03:26,114.045898,22.5257,0,0
33555,06:03:56,114.045898,22.5257,0,0
33555,06:04:26,114.044701,22.5261,0,13
33555,06:04:56,114.044899,22.5299,0,32
33555,06:05:26,114.045303,22.5322,0,21
33555,06:05:47,114.044601,22.5315,0,0
33555,06:05:54,114.044601,22.5315,0,25
33555,06:05:57,114.043297,22.531401,0,26
33555,06:06:56,114.033798,22.5303,0,32
33555,06:08:26,114.023598,22.5385,0,37
33555,06:08:56,114.023102,22.5425,0,14
33555,06:09:26,114.023399,22.5427,0,0
33555,06:10:10,114.023399,22.5427,0,0
33555,06:10:40,114.023399,22.5427,0,0
33555,06:11:10,114.023399,22.5427,0,0
33555,06:11:40,114.023399,22.5427,0,0
33555,06:13:10,114.023399,22.5427,0,0
33555,06:14:10,114.023399,22.5427,0,0
33555,06:14:40,114.023399,22.5427,0,0
33555,06:16:10,114.023399,22.5427,0,0
33555,06:16:40,114.023399,22.5427,0,0
33555,06:17:10,114.023399,22.5427,0,0
33555,06:17:40,114.023399,22.5427,0,0
33555,06:18:40,114.023399,22.5427,0,0
33555,06:19:10,114.023399,22.5427,0,0
33555,06:20:10,114.023399,22.5427,0,0
33555,06:20:40,114.023399,22.5427,0,0
33555,06:21:10,114.023399,22.5427,0,0
33555,06:21:40,114.023399,22.5427,0,0
33555,06:22:40,114.023399,22.5427,0,0
33555,06:23:40,114.023399,22.5427,0,0
33555,06:24:10,114.023399,22.5427,0,0
33555,06:24:40,114.023399,22.5427,0,0
33555,06:25:10,114.023399,22.5427,0,0
33555,06:26:10,114.023399,22.5427,0,0
33555,06:27:40,114.023399,22.5427,0,0
33555,06:28:40,114.023399,22.5427,0,0
33555,06:29:10,114.023399,22.5427,0,0
33555,06:30:10,114.023399,22.5427,0,0
33555,06:31:10,114.023399,22.5427,0,0
33555,06:31:40,114.023399,22.5427,0,0
33555,06:32:10,114.023399,22.5427,0,0
33555,06:32:26,114.023399,22.5427,0,0
33555,06:32:56,114.0233,22.5422,0,5
33555,06:33:26,114.024002,22.541201,0,10
33555,06:33:56,114.025101,22.540701,0,7
33555,06:34:56,114.023399,22.5394,0,30
33555,06:35:26,114.024498,22.534201,0,37
33555,06:35:56,114.026802,22.530701,0,33
33555,06:36:26,114.0317,22.530001,0,28
33555,06:37:26,114.039398,22.5308,0,4
33555,06:37:56,114.039398,22.530701,0,0
33555,06:38:26,114.039398,22.530701,0,0
33555,06:38:56,114.039398,22.530701,0,0
33555,06:39:26,114.039398,22.530701,0,0
33555,06:40:26,114.039398,22.530701,0,0
33555,06:40:56,114.039398,22.530701,0,0
33555,06:41:26,114.039398,22.530701,0,0
33555,06:42:26,114.039398,22.530701,0,0
33555,06:42:56,114.039398,22.530701,0,0
33555,06:43:56,114.039398,22.530701,0,0
33555,06:45:26,114.039398,22.530701,0,0
33555,06:45:56,114.039398,22.530701,0,0
33555,06:46:26,114.039497,22.5306,0,0
33555,06:46:56,114.039497,22.5306,0,0
33555,06:47:26,114.039497,22.5306,0,0
33555,06:47:56,114.039497,22.5306,0,0
33555,06:48:26,114.039497,22.5306,0,0
33555,06:48:56,114.039497,22.5306,0,0
33555,06:49:26,114.040901,22.5308,0,4
33555,06:49:56,114.041,22.5301,0,0
33555,06:50:56,114.042297,22.527399,0,14
33555,06:51:26,114.042999,22.5277,0,0
33555,06:52:26,114.042999,22.5277,0,0
33555,06:53:26,114.042999,22.5277,0,0
33555,06:54:26,114.042999,22.5277,0,0
33555,06:54:56,114.042999,22.5277,0,0
33555,06:55:26,114.042999,22.5277,0,0
33555,06:55:56,114.042999,22.5277,0,0
33555,06:56:26,114.042999,22.5277,0,0
33555,06:56:56,114.042999,22.5277,0,0
33555,06:57:26,114.042999,22.5277,0,0
33555,06:57:56,114.042999,22.5277,0,0
33555,06:58:26,114.042999,22.5277,0,0
33555,06:58:56,114.042999,22.5277,0,0
33555,06:59:26,114.042999,22.5277,0,0
33555,06:59:56,114.042999,22.5277,0,0
33555,07:00:26,114.042999,22.5277,0,0
33555,07:00:56,114.042999,22.5277,0,0
33555,07:01:56,114.042999,22.5277,0,0
33555,07:02:56,114.042999,22.5277,0,0
33555,07:03:26,114.042999,22.5277,0,0
33555,07:03:56,114.042999,22.5277,0,0
33555,07:04:26,114.042999,22.5277,0,0
33555,07:05:26,114.043098,22.527399,0,0
33555,07:05:56,114.043098,22.527399,0,0
33555,07:06:26,114.043098,22.527399,0,0
33555,07:07:26,114.043098,22.527399,0,0
33555,07:07:56,114.043098,22.527399,0,0
33555,07:08:26,114.043098,22.527399,0,0
33555,07:09:56,114.043098,22.527399,0,0
33555,07:10:26,114.043098,22.527399,0,0
33555,07:10:56,114.043098,22.527399,0,0
33555,07:11:26,114.043098,22.527399,0,0
33555,07:12:56,114.042702,22.5273,0,0
33555,07:13:26,114.040901,22.527201,0,4
33555,07:13:56,114.038902,22.527399,0,0
33555,07:15:26,114.034203,22.5282,0,0
33555,07:15:56,114.034203,22.5282,0,0
33555,07:16:26,114.0336,22.527901,0,18
33555,07:16:56,114.031898,22.526899,0,17
33555,07:17:26,114.029099,22.528299,0,15
33555,07:17:56,114.026199,22.530399,0,34
33555,07:19:26,114.024696,22.5352,0,0
33555,07:19:56,114.024399,22.5368,0,6
33555,07:20:26,114.026497,22.5373,0,11
33555,07:20:56,114.026901,22.5366,0,7
33555,07:21:26,114.026398,22.5361,0,13
33555,07:21:56,114.025803,22.534201,0,10
33555,07:22:26,114.025497,22.5341,0,0
33555,07:22:56,114.024399,22.5357,0,29
33555,07:23:26,114.0233,22.5401,0,29
33555,07:23:56,114.022499,22.544001,0,27
33555,07:24:56,114.029198,22.546499,0,14
33555,07:25:26,114.0299,22.5457,0,5
33555,07:26:26,114.032501,22.545799,0,0
33555,07:27:26,114.032501,22.545799,0,0
33555,07:27:56,114.032501,22.545799,0,0
33555,07:28:26,114.032501,22.545799,0,0
33555,07:29:26,114.032501,22.545799,0,0
33555,07:29:56,114.032501,22.545799,0,0
33555,07:30:26,114.032501,22.545799,0,0
33555,07:30:56,114.032501,22.545799,0,0
33555,07:31:26,114.032501,22.545799,0,0
33555,07:31:56,114.032501,22.545799,0,0
33555,07:32:26,114.032501,22.545799,0,0
33555,07:32:56,114.032501,22.545799,0,0
33555,07:33:56,114.032501,22.545799,0,0
33555,07:34:56,114.034302,22.5457,0,16
33555,07:35:26,114.035004,22.544901,0,22
33555,07:36:26,114.0354,22.5434,0,0
33555,07:36:56,114.037003,22.544201,0,14
33555,07:37:26,114.039497,22.5445,0,4
33555,07:37:56,114.039803,22.544701,0,0
33555,07:38:26,114.039803,22.5462,0,8
33555,07:39:26,114.039703,22.549299,0,2
33555,07:40:26,114.039703,22.549299,0,0
33555,07:41:56,114.039703,22.5509,0,8
33555,07:42:26,114.039803,22.550301,0,0
33555,07:43:26,114.043503,22.550301,0,19
33555,07:43:56,114.044197,22.5474,0,40
33555,07:44:26,114.044296,22.5422,0,37
33555,07:45:27,114.046501,22.5422,0,22
33555,07:46:27,114.048897,22.541201,0,0
33555,07:46:57,114.048897,22.541201,0,0
33555,07:47:57,114.048103,22.539801,0,0
33555,07:48:57,114.048103,22.539801,0,0
33555,07:50:57,114.049599,22.5354,0,0
33555,07:52:27,114.047997,22.531799,0,13
33555,07:52:57,114.046303,22.533199,0,22
33555,07:53:42,114.044701,22.534599,0,0
33555,07:53:50,114.044197,22.5347,0,5
33555,07:53:57,114.043999,22.5347,0,6
33555,07:54:27,114.042503,22.5343,0,13
33555,07:54:57,114.0411,22.533701,0,3
33555,07:55:57,114.041801,22.533899,0,3
33555,07:56:27,114.042801,22.534599,0,6
33555,07:56:57,114.043999,22.5341,0,14
33555,07:57:27,114.044197,22.532801,0,1
33555,07:57:29,114.044197,22.532801,0,0
33555,07:57:41,114.044197,22.532801,0,4
33555,07:57:57,114.044601,22.5336,0,18
33555,07:58:57,114.044403,22.542299,0,37
33555,07:59:27,114.044296,22.547701,0,37
33555,08:00:27,114.044296,22.5499,0,0
33555,08:02:27,114.043999,22.556299,0,14
33555,08:04:27,114.0438,22.5567,0,13
33555,08:04:57,114.043198,22.557899,0,0
33555,08:05:27,114.043198,22.557899,0,0
33555,08:05:57,114.043198,22.558001,0,12
33555,08:06:27,114.041702,22.560499,0,23
33555,08:06:57,114.042297,22.563601,0,24
33555,08:07:27,114.045601,22.5646,0,26
33555,08:07:57,114.048203,22.564899,0,22
33555,08:08:57,114.054298,22.562901,0,15
33555,08:09:27,114.054298,22.5627,0,0
33555,08:09:57,114.054298,22.5627,0,0
33555,08:10:27,114.054298,22.5627,0,0
33555,08:10:57,114.057098,22.5623,0,20
33555,08:11:27,114.0597,22.560801,0,35
33555,08:12:27,114.067703,22.5569,0,36
33555,08:12:57,114.067802,22.551701,0,19
33555,08:13:27,114.067802,22.5515,0,0
33555,08:14:27,114.067802,22.5515,0,0
33555,08:14:57,114.067802,22.550301,0,23
33555,08:15:27,114.067902,22.5485,0,12
33555,08:15:57,114.068001,22.545799,0,22
33555,08:16:27,114.068901,22.5429,0,20
33555,08:16:57,114.068802,22.5427,0,20
33555,08:17:57,114.072502,22.5431,0,0
33555,08:18:27,114.073601,22.5431,0,0
33555,08:18:57,114.073601,22.5431,0,0
33555,08:19:27,114.075104,22.542999,0,13
33555,08:19:57,114.075401,22.5431,0,0
33555,08:20:27,114.076797,22.5431,0,19
33555,08:20:58,114.0793,22.543301,0,17
33555,08:21:28,114.082497,22.543699,0,11
33555,08:21:58,114.083504,22.543699,0,2
33555,08:22:58,114.085297,22.5436,0,9
33555,08:23:28,114.085602,22.543699,0,0
33555,08:23:58,114.087502,22.543699,0,0
33555,08:24:28,114.087502,22.543699,0,0
33555,08:24:58,114.089203,22.5439,0,0
33555,08:25:28,114.091103,22.5441,0,15
33555,08:25:58,114.092003,22.5441,0,16
33555,08:26:28,114.094704,22.543699,0,8
33555,08:26:58,114.096802,22.5436,0,3
33555,08:27:28,114.097198,22.5415,0,18
33555,08:27:58,114.096901,22.5408,0,10
33555,08:28:28,114.096298,22.5401,0,0
33555,08:28:58,114.0951,22.540199,0,9
33555,08:29:28,114.093803,22.541599,0,20
33555,08:29:58,114.091904,22.5418,0,0
33555,08:30:28,114.091904,22.5418,0,0
33555,08:30:58,114.091904,22.5418,0,0
33555,08:31:28,114.091904,22.5418,0,0
33555,08:31:58,114.091904,22.5418,0,0
33555,08:33:28,114.091797,22.541401,0,0
33555,08:33:58,114.091797,22.541401,0,0
33555,08:34:28,114.091499,22.541401,0,6
33555,08:34:58,114.091301,22.5415,0,0
33555,08:35:58,114.091301,22.5415,0,0
33555,08:36:28,114.091301,22.5417,0,7
33555,08:36:58,114.091103,22.542801,0,0
33555,08:37:58,114.091103,22.542801,0,0
33555,08:38:28,114.091103,22.542801,0,0
33555,08:38:58,114.091103,22.542801,0,0
33555,08:39:58,114.088898,22.543301,0,0
33555,08:40:28,114.0868,22.543301,0,25
33555,08:40:58,114.082497,22.5432,0,27
33555,08:41:28,114.078102,22.5431,0,27
33555,08:41:58,114.0765,22.542999,0,16
33555,08:42:28,114.072998,22.542999,0,25
33555,08:46:28,114.039001,22.542601,0,0
33555,08:46:58,114.039101,22.5434,0,7
33555,08:47:28,114.0392,22.5439,0,4
33555,08:47:58,114.039398,22.5443,0,15
33555,08:49:28,114.039597,22.549,0,0
33555,08:50:28,114.039597,22.549,0,0
33555,08:50:58,114.039803,22.549601,0,11
33555,08:52:58,114.039703,22.553101,0,0
33555,08:53:28,114.039803,22.5532,0,6
33555,08:53:58,114.041298,22.553499,0,16
33555,08:54:28,114.042297,22.553499,0,0
33555,08:54:58,114.043602,22.554199,0,16
33555,08:55:28,114.043297,22.555901,0,5
33555,08:55:58,114.043503,22.5564,0,0
33555,08:56:28,114.044098,22.5548,0,4
33555,08:56:58,114.044197,22.553699,0,16
33555,08:57:28,114.044197,22.552999,0,2
33555,08:57:58,114.044197,22.5527,0,7
33555,08:58:28,114.044197,22.551399,0,0
33555,08:58:58,114.044197,22.551399,0,0
33555,08:59:58,114.0466,22.5504,0,17
33555,09:00:28,114.0467,22.5494,0,9
33555,09:01:58,114.049896,22.549299,0,0
33555,09:02:28,114.050301,22.549299,0,0
33555,09:02:58,114.050301,22.549299,0,0
33555,09:03:28,114.050301,22.549299,0,0
33555,09:03:58,114.051102,22.5481,0,7
33555,09:04:28,114.049797,22.5473,0,21
33555,09:04:58,114.0476,22.547899,0,9
33555,09:05:28,114.046303,22.549299,0,19
33555,09:05:58,114.044601,22.549299,0,3
33555,09:06:58,114.044403,22.551399,0,0
33555,09:07:28,114.044197,22.554199,0,37
33555,09:08:28,114.042198,22.5597,0,15
33555,09:08:58,114.040497,22.5627,0,27
33555,09:09:28,114.038803,22.565901,0,13
33555,09:09:58,114.037399,22.5658,0,0
33555,09:10:28,114.037399,22.5658,0,0
33555,09:10:58,114.036301,22.5662,0,10
33555,09:11:28,114.036201,22.566401,0,0
33555,09:11:58,114.036201,22.566401,0,0
33555,09:12:28,114.036301,22.566299,0,13
33555,09:12:58,114.036598,22.565701,0,0
33555,09:13:28,114.039001,22.5655,0,19
33555,09:13:58,114.037003,22.563299,0,30
33555,09:14:58,114.0308,22.562201,0,26
33555,09:15:28,114.025803,22.5611,0,38
33555,09:15:58,114.022202,22.5604,0,19
33555,09:17:01,114.015602,22.560699,0,26
33555,09:17:31,114.014297,22.5641,0,27
33555,09:18:29,114.011398,22.569799,0,0
33555,09:18:31,114.011398,22.569799,0,0
33555,09:19:01,114.011398,22.569799,0,0
33555,09:19:31,114.011398,22.569799,0,0
33555,09:20:01,114.011398,22.569799,0,0
33555,09:21:01,114.011398,22.569799,0,0
33555,09:21:14,114.011398,22.569799,0,32
33555,09:21:32,114.011902,22.591299,0,27
33555,09:22:02,114.011497,22.5903,0,5
33555,09:22:32,114.010597,22.5902,0,11
33555,09:26:01,114.000198,22.590799,0,13
33555,09:27:31,113.9935,22.588301,0,12
33555,09:28:31,113.990402,22.5872,0,4
33555,09:29:01,113.989601,22.587,0,5
33555,09:29:31,113.988602,22.586901,0,3
33555,09:31:01,113.983498,22.586599,0,0
33555,09:31:31,113.983498,22.586599,0,0
33555,09:32:31,113.981697,22.587999,0,24
33555,09:33:01,113.978401,22.5875,0,13
33555,09:34:01,113.977798,22.587799,0,15
33555,09:34:31,113.9776,22.5896,0,17
33555,09:35:01,113.9776,22.5919,0,6
33555,09:35:31,113.9776,22.591999,0,0
33555,09:36:01,113.977402,22.591801,0,9
33555,09:36:31,113.977097,22.5926,0,0
33555,09:37:31,113.981499,22.5933,0,0
33555,09:38:01,113.981499,22.5933,0,0
33555,09:38:31,113.981903,22.593201,0,9
33555,09:39:01,113.980797,22.591801,0,10
33555,09:39:31,113.978798,22.589899,0,15
33555,09:40:01,113.977898,22.589399,0,12
33555,09:40:31,113.977798,22.587999,0,0
33555,09:41:01,113.976997,22.587601,0,15
33555,09:41:31,113.973701,22.587601,0,27
33555,09:42:01,113.9701,22.586599,0,20
33555,09:43:01,113.9645,22.5858,0,21
33555,09:43:31,113.960701,22.5856,0,9
33555,09:44:01,113.959602,22.5853,0,26
33555,09:44:31,113.958199,22.584801,0,0
33555,09:45:01,113.955803,22.584299,0,0
33555,09:45:31,113.955803,22.584299,0,0
33555,09:46:01,113.955803,22.584299,0,0
33555,09:46:31,113.9543,22.583799,0,20
33555,09:47:01,113.952797,22.583799,0,0
33555,09:48:01,113.952499,22.583799,0,0
33555,09:48:31,113.952499,22.583799,0,0
33555,09:49:01,113.952499,22.583799,0,0
33555,09:49:31,113.952003,22.583799,0,3
33555,09:50:01,113.952599,22.583599,0,29
33555,09:50:31,113.954201,22.5826,0,33
33555,09:51:31,113.9515,22.5797,0,0
33555,09:52:01,113.9515,22.5797,0,0
33555,09:52:31,113.951202,22.579,0,10
33555,09:53:31,113.953102,22.5758,0,6
33555,09:54:01,113.953201,22.5756,0,0
33555,09:54:31,113.953201,22.5756,0,0
33555,09:55:01,113.952904,22.5749,0,10
33555,09:56:01,113.951797,22.572399,0,14
33555,09:56:31,113.953003,22.569799,0,27
33555,09:57:01,113.955299,22.566,0,27
33555,09:57:31,113.958504,22.5651,0,15
33555,09:58:01,113.959999,22.564699,0,0
33555,09:58:31,113.960899,22.5634,0,19
33555,09:59:01,113.962097,22.558599,0,39
33555,09:59:31,113.961304,22.5534,0,33
33555,10:00:01,113.960701,22.549801,0,0
33555,10:00:31,113.960701,22.549801,0,0
33555,10:01:02,113.960701,22.5494,0,22
33555,10:01:32,113.960297,22.5473,0,0
33555,10:02:32,113.959702,22.5438,0,0
33555,10:03:32,113.959099,22.539101,0,5
33555,10:04:32,113.959099,22.535101,0,0
33555,10:05:02,113.959099,22.535101,0,0
33555,10:05:32,113.959297,22.534599,0,16
33555,10:06:32,113.963203,22.5333,0,33
33555,10:07:02,113.9673,22.531799,0,37
33555,10:08:02,113.9692,22.531099,0,0
33555,10:08:32,113.969299,22.531099,0,0
33555,10:09:32,113.969398,22.5308,0,0
33555,10:10:02,113.969398,22.5308,0,0
33555,10:11:02,113.966202,22.5324,0,0
33555,10:13:02,113.962502,22.533701,0,0
33555,10:14:32,113.962196,22.5338,0,0
33555,10:15:02,113.961998,22.535101,0,16
33555,10:15:32,113.961998,22.536699,0,17
33555,10:16:32,113.960602,22.5383,0,10
33555,10:17:02,113.959602,22.538401,0,10
33555,10:17:32,113.959503,22.5417,0,32
33555,10:18:02,113.959602,22.5424,0,0
33555,10:19:02,113.953796,22.5434,0,37
33555,10:19:32,113.950302,22.5434,0,0
33555,10:20:32,113.946404,22.5432,0,29
33555,10:21:02,113.941704,22.542999,0,30
33555,10:21:32,113.937103,22.5429,0,33
33555,10:22:02,113.931801,22.542601,0,41
33555,10:22:32,113.927399,22.542999,0,20
33555,10:23:02,113.927399,22.546101,0,23
33555,10:23:32,113.928497,22.548599,0,21
33555,10:24:02,113.928703,22.5516,0,21
33555,10:25:32,113.9291,22.564301,0,35
33555,10:26:02,113.929001,22.569099,0,38
33555,10:26:32,113.927902,22.5737,0,32
33555,10:27:32,113.925201,22.5811,0,13
33555,10:28:02,113.925201,22.5823,0,6
33555,10:28:32,113.925201,22.582701,0,0
33555,10:29:02,113.925201,22.582701,0,0
33555,10:29:32,113.925201,22.582701,0,0
33555,10:30:02,113.925201,22.5858,0,21
33555,10:31:02,113.9254,22.5902,0,10
33555,10:31:32,113.924202,22.5891,0,0
33555,10:32:02,113.924202,22.5891,0,0
33555,10:33:02,113.9244,22.5893,0,21
33555,10:33:32,113.924896,22.587999,0,24
33555,10:34:32,113.924896,22.584999,0,6
33555,10:35:02,113.9272,22.584299,0,17
33555,10:35:32,113.927803,22.584299,0,9
33555,10:36:02,113.931099,22.5837,0,23
33555,10:36:32,113.932602,22.581301,0,31
33555,10:37:32,113.933296,22.5755,0,16
33555,10:39:02,113.929001,22.580601,0,28
33555,10:40:32,113.9328,22.5832,0,14
33555,10:41:32,113.938797,22.583401,0,0
33555,10:42:02,113.939903,22.583401,0,28
33555,10:42:32,113.943199,22.5832,0,18
33555,10:43:02,113.943298,22.5788,0,26
33555,10:43:32,113.944099,22.578199,0,5
33555,10:44:32,113.944901,22.5781,0,0
33555,10:45:32,113.947098,22.5769,0,6
33555,10:46:32,113.949097,22.5756,0,0
33555,10:47:02,113.949097,22.5756,0,0
33555,10:47:32,113.9496,22.5741,0,37
33555,10:48:32,113.950203,22.570499,0,6
33555,10:49:02,113.951897,22.567499,0,36
33555,10:53:02,113.950996,22.5618,0,8
33555,10:54:02,113.952599,22.559799,0,7
33555,10:54:32,113.952698,22.556299,0,28
33555,10:55:02,113.954201,22.554701,0,31
33555,10:55:32,113.9561,22.556101,0,16
33555,10:56:02,113.960098,22.5562,0,27
33555,10:56:32,113.961197,22.553499,0,18
33555,10:59:32,113.9683,22.5527,0,17
33555,11:00:32,113.969597,22.5543,0,13
33555,11:01:02,113.969597,22.555901,0,5
33555,11:01:32,113.969398,22.555901,0,5
33555,11:02:02,113.968498,22.555901,0,8
33555,11:02:32,113.966599,22.555901,0,0
33555,11:03:32,113.966599,22.555901,0,0
33555,11:04:02,113.966599,22.555901,0,0
33555,11:04:32,113.966599,22.556101,0,0
33555,11:05:33,113.969299,22.5569,0,6
33555,11:06:03,113.969597,22.5571,0,21
33555,11:07:33,113.985802,22.5588,0,41
33555,11:08:03,113.991402,22.558001,0,31
33555,11:08:33,113.996002,22.556101,0,37
33555,11:09:03,114.001602,22.555799,0,36
33555,11:10:33,114.0186,22.560101,0,36
33555,11:11:03,114.0242,22.5606,0,35
33555,11:11:33,114.0299,22.561701,0,39
33555,11:12:03,114.0355,22.562599,0,37
33555,11:13:33,114.051903,22.564899,0,34
33555,11:14:03,114.057297,22.565901,0,36
33555,11:14:33,114.061798,22.5681,0,29
33555,11:15:33,114.071602,22.569599,0,30
33555,11:17:03,114.084198,22.570601,0,32
33555,11:18:03,114.088501,22.563,0,25
33555,11:18:33,114.090302,22.5595,0,23
33555,11:19:33,114.090599,22.559,0,0
33555,11:20:03,114.090599,22.559,0,0
33555,11:20:33,114.090599,22.559,0,0
33555,11:21:03,114.090897,22.5581,0,23
33555,11:21:33,114.091003,22.554701,0,10
33555,11:22:03,114.091103,22.551901,0,9
33555,11:22:33,114.091103,22.5499,0,3
33555,11:24:33,114.091202,22.5439,0,0
33555,11:25:33,114.091797,22.543301,0,11
33555,11:26:03,114.091904,22.543301,0,0
33555,11:26:33,114.093102,22.543301,0,8
33555,11:27:03,114.095001,22.5434,0,0
33555,11:27:33,114.095299,22.5424,0,5
33555,11:28:03,114.0952,22.5415,0,0
33555,11:28:33,114.094902,22.5399,0,15
33555,11:29:03,114.092697,22.5383,0,31
33555,11:29:33,114.088097,22.5376,0,30
33555,11:30:33,114.079803,22.5362,0,17
33555,11:32:33,114.063599,22.5317,0,36
33555,11:33:03,114.058502,22.531601,0,35
33555,11:33:33,114.053101,22.531601,0,27
33555,11:34:03,114.049004,22.5315,0,33
33555,11:34:33,114.0438,22.531401,0,32
33555,11:35:34,114.033997,22.5303,0,31
33555,11:36:34,114.026199,22.5313,0,4
33555,11:37:04,114.025002,22.5334,0,21
33555,11:37:34,114.024101,22.5373,0,30
33555,11:38:04,114.022903,22.5418,0,22
33555,11:38:34,114.023399,22.542801,0,0
33555,11:39:34,114.023399,22.542801,0,0
33555,11:40:34,114.023399,22.542801,0,0
33555,11:41:05,114.023399,22.5427,0,0
33555,11:41:58,114.023399,22.5427,0,0
33555,11:42:28,114.023399,22.5427,0,0
33555,11:42:58,114.023399,22.5427,0,0
33555,11:43:28,114.023399,22.5427,0,0
33555,11:43:58,114.023399,22.5427,0,0
33555,11:44:28,114.023399,22.5427,0,0
33555,11:45:28,114.023399,22.5427,0,0
33555,11:45:58,114.023399,22.5427,0,0
33555,11:46:58,114.023399,22.5427,0,0
33555,11:47:28,114.023399,22.5427,0,0
33555,11:47:58,114.023399,22.5427,0,0
33555,11:48:28,114.023399,22.5427,0,0
33555,11:48:58,114.023399,22.5427,0,0
33555,11:49:28,114.023399,22.5427,0,0
33555,11:50:28,114.023399,22.5427,0,0
33555,11:50:58,114.023399,22.5427,0,0
33555,11:51:28,114.023399,22.5427,0,0
33555,11:51:58,114.023399,22.5427,0,0
33555,11:52:28,114.023399,22.5427,0,0
33555,11:52:58,114.023399,22.5427,0,0
33555,11:53:28,114.023399,22.5427,0,0
33555,11:53:58,114.023399,22.5427,0,0
33555,11:54:28,114.023399,22.5427,0,0
33555,11:54:58,114.023399,22.5427,0,0
33555,11:55:28,114.023399,22.5427,0,0
33555,11:55:58,114.023399,22.5427,0,0
33555,11:56:28,114.023399,22.5427,0,0
33555,11:56:58,114.023399,22.5427,0,0
33555,11:57:28,114.023399,22.5427,0,0
33555,11:57:58,114.023399,22.5427,0,0
33555,11:58:28,114.023399,22.5427,0,0
33555,11:58:58,114.023399,22.5427,0,0
33555,11:59:28,114.023399,22.5427,0,0
33555,11:59:58,114.023399,22.5427,0,0
33555,12:00:30,114.023399,22.5427,0,0
33555,12:01:00,114.023399,22.5427,0,0
33555,12:01:30,114.023399,22.5427,0,0
33555,12:02:36,114.023399,22.5427,0,0
33555,12:04:06,114.023399,22.5427,0,0
33555,12:04:36,114.023399,22.5427,0,0
33555,12:05:06,114.023399,22.5427,0,0
33555,12:06:35,114.023399,22.5427,0,0
33555,12:07:05,114.023399,22.5427,0,0
33555,12:08:05,114.023399,22.5427,0,0
33555,12:09:35,114.023399,22.5427,0,0
33555,12:10:35,114.023399,22.5427,0,0
33555,12:11:35,114.023399,22.5427,0,0
33555,12:12:05,114.023399,22.5427,0,0
33555,12:12:35,114.023399,22.5427,0,0
33555,12:13:35,114.023399,22.5427,0,0
33555,12:14:05,114.023399,22.5427,0,0
33555,12:14:35,114.023399,22.5427,0,0
33555,12:15:35,114.023399,22.5427,0,0
33555,12:16:05,114.023399,22.5427,0,0
33555,12:16:35,114.023399,22.5427,0,0
33555,12:17:05,114.023399,22.5427,0,0
33555,12:17:35,114.023399,22.5427,0,0
33555,12:18:05,114.023399,22.5427,0,0
33555,12:18:35,114.023399,22.5427,0,0
33555,12:19:05,114.023399,22.5427,0,0
33555,12:19:35,114.023399,22.5427,0,0
33555,12:20:35,114.023399,22.5427,0,0
33555,12:21:35,114.023399,22.5427,0,0
33555,12:22:05,114.023399,22.5427,0,0
33555,12:22:35,114.023399,22.5427,0,0
33555,12:23:05,114.023399,22.5427,0,0
33555,12:24:35,114.023399,22.5427,0,0
33555,12:25:05,114.023399,22.5427,0,0
33555,12:25:35,114.023399,22.5427,0,0
33555,12:26:05,114.023399,22.5427,0,0
33555,12:26:35,114.023399,22.5427,0,0
33555,12:27:35,114.023399,22.5427,0,0
33555,12:28:05,114.023399,22.5427,0,0
33555,12:28:35,114.023399,22.5427,0,0
33555,12:30:35,114.023399,22.5427,0,0
33555,12:31:05,114.023399,22.5427,0,0
33555,12:32:05,114.023399,22.5427,0,0
33555,12:33:05,114.023399,22.5427,0,0
33555,12:34:35,114.023399,22.5427,0,0
33555,12:36:05,114.023399,22.5427,0,0
33555,12:36:08,114.023399,22.5427,0,0
33555,12:37:08,114.023499,22.5427,0,0
33555,12:39:08,114.025101,22.5406,0,13
33555,12:41:08,114.011803,22.5378,0,26
33555,12:42:38,114.010803,22.533899,0,27
33555,12:43:08,114.007004,22.5343,0,4
33555,12:43:38,114.006401,22.5343,0,0
33555,12:44:08,114.006401,22.5343,0,0
33555,12:45:57,114.007797,22.5348,0,0
33555,12:46:08,114.007797,22.5348,0,0
33555,12:46:38,114.007797,22.5348,0,0
33555,12:47:38,114.007797,22.5348,0,0
33555,12:48:08,114.007797,22.5348,0,0
33555,12:48:38,114.007797,22.5348,0,0
33555,12:50:08,114.007797,22.5348,0,0
33555,12:50:43,114.007797,22.5348,0,9
33555,12:51:09,114.005898,22.535999,0,6
33555,12:51:39,114.005898,22.5362,0,0
33555,12:52:09,114.007698,22.536501,0,11
33555,12:52:38,114.010696,22.537001,0,27
33555,12:53:08,114.014397,22.5376,0,18
33555,12:53:38,114.016602,22.538099,0,12
33555,12:54:38,114.018997,22.537901,0,10
33555,12:55:08,114.019402,22.5362,0,8
33555,12:55:38,114.021202,22.5364,0,8
33555,12:56:08,114.022301,22.5366,0,8
33555,12:56:38,114.023102,22.536699,0,0
33555,12:57:08,114.025597,22.5371,0,17
33555,12:57:38,114.027,22.5373,0,7
33555,12:58:38,114.027603,22.5347,0,14
33555,12:59:08,114.027802,22.5341,0,3
33555,12:59:38,114.027298,22.5352,0,20
33555,13:00:08,114.0271,22.5369,0,0
33555,13:00:38,114.025902,22.5369,0,13
33555,13:01:09,114.023598,22.5368,0,11
33555,13:01:39,114.022102,22.5364,0,6
33555,13:03:08,114.0224,22.535299,0,0
33555,13:03:38,114.023804,22.5352,0,15
33555,13:05:08,114.0299,22.5277,0,21
33555,13:05:38,114.032303,22.526501,0,0
33555,13:06:38,114.033302,22.5273,0,22
33555,13:07:38,114.035103,22.527901,0,0
33555,13:08:38,114.038696,22.5275,0,15
33555,13:09:08,114.040901,22.527201,0,4
33555,13:09:57,114.042801,22.5275,0,0
33555,13:10:05,114.042999,22.5275,0,5
33555,13:10:09,114.042801,22.5275,0,6
33555,13:11:08,114.042099,22.5296,0,12
33555,13:12:38,114.046402,22.5312,0,25
33555,13:13:08,114.0504,22.530199,0,27
33555,13:13:38,114.0513,22.5284,0,17
33555,13:14:08,114.050102,22.527599,0,11
33555,13:14:38,114.049301,22.5277,0,10
33555,13:15:08,114.047501,22.527599,0,3
33555,13:15:32,114.046997,22.527599,0,2
33555,13:16:38,114.044899,22.5296,0,19
33555,13:17:08,114.044701,22.531799,0,16
33555,13:18:08,114.042198,22.5313,0,14
33555,13:18:38,114.0392,22.530899,0,38
33555,13:19:08,114.033096,22.5303,0,39
33555,13:20:08,114.025803,22.5317,0,5
33555,13:20:38,114.025002,22.5336,0,29
33555,13:21:08,114.023903,22.537701,0,29
33555,13:21:38,114.022797,22.5422,0,28
33555,13:22:08,114.022202,22.5453,0,20
33555,13:22:38,114.021004,22.548,0,19
33555,13:23:38,114.015999,22.554899,0,26
33555,13:25:17,114.011299,22.569901,0,0
33555,13:25:38,114.011299,22.569901,0,0
33555,13:26:08,114.011299,22.569901,0,0
33555,13:26:38,114.011299,22.569901,0,0
33555,13:27:08,114.011299,22.569901,0,0
33555,13:28:41,114.010902,22.594999,0,0
33555,13:29:09,114.011597,22.6,0,40
33555,13:30:09,114.009499,22.610701,0,37
33555,13:31:08,114.0084,22.6199,0,34
33555,13:33:08,114.000702,22.6369,0,23
33555,13:35:09,113.999298,22.642,0,0
33555,13:35:39,113.999298,22.642,0,0
33555,13:36:39,114.001099,22.6437,0,9
33555,13:37:09,114.003899,22.6453,0,31
33555,13:37:39,114.007301,22.6474,0,22
33555,13:38:09,114.009499,22.6488,0,16
33555,13:39:39,114.0103,22.649401,0,0
33555,13:40:09,114.010498,22.649599,0,12
33555,13:40:39,114.012901,22.6511,0,2
33555,13:41:09,114.015297,22.6528,0,28
33555,13:42:39,114.013802,22.6518,0,17
33555,13:43:09,114.015701,22.653099,0,22
33555,13:44:39,114.0186,22.655001,0,9
33555,13:45:09,114.019699,22.653999,0,12
33555,13:46:09,114.022598,22.6506,0,24
33555,13:46:39,114.023499,22.647699,0,20
33555,13:47:09,114.023598,22.6467,0,0
33555,13:47:39,114.023598,22.6467,0,0
33555,13:48:39,114.023201,22.6448,0,24
33555,13:49:39,114.021599,22.639799,0,0
33555,13:50:39,114.021004,22.6378,0,10
33555,13:51:39,114.021004,22.637699,0,0
33555,13:52:39,114.0205,22.636101,0,31
33555,13:53:09,114.018097,22.6325,0,24
33555,13:54:09,114.0121,22.628799,0,6
33555,13:54:39,114.009804,22.627399,0,24
33555,13:55:39,114.008102,22.6248,0,22
33555,13:56:09,114.008202,22.6213,0,18
33555,13:57:39,114.010201,22.608999,0,33
33555,13:58:09,114.011398,22.6047,0,33
33555,13:59:05,114.010696,22.5968,0,0
33555,13:59:09,114.010696,22.5968,0,0
33555,13:59:56,114.009697,22.5888,0,0
33555,14:00:09,114.009697,22.5888,0,0
33555,14:00:39,114.009697,22.5888,0,0
33555,14:01:09,114.009697,22.5888,0,0
33555,14:01:39,114.009697,22.5888,0,0
33555,14:02:09,114.009697,22.5888,0,0
33555,14:02:23,114.009697,22.5888,0,24
33555,14:03:39,114.015404,22.5564,0,34
33555,14:04:09,114.017899,22.551901,0,37
33555,14:04:39,114.0205,22.548599,0,23
33555,14:05:09,114.022003,22.5455,0,21
33555,14:06:09,114.023499,22.539101,0,21
33555,14:07:39,114.021896,22.532301,0,27
33555,14:08:09,114.018799,22.532,0,19
33555,14:09:09,114.0093,22.5298,0,38
33555,14:10:09,113.999397,22.5299,0,39
33555,14:11:09,113.989601,22.524799,0,42
33555,14:11:39,113.983498,22.5233,0,40
33555,14:12:09,113.977303,22.523001,0,42
33555,14:13:09,113.964401,22.5229,0,41
33555,14:14:09,113.953003,22.523701,0,19
33555,14:14:39,113.949799,22.5242,0,28
33555,14:15:09,113.9487,22.5256,0,19
33555,14:16:09,113.947998,22.516701,0,41
33555,14:16:39,113.946899,22.5109,0,40
33555,14:17:39,113.942497,22.506599,0,15
33555,14:18:09,113.943199,22.5065,0,0
33555,14:18:39,113.943604,22.507299,0,21
33555,14:19:09,113.945297,22.5068,0,0
33555,14:21:39,113.945198,22.5068,0,0
33555,14:22:09,113.944901,22.5072,0,0
33555,14:23:09,113.944901,22.5072,0,0
33555,14:25:39,113.945099,22.5065,0,0
33555,14:26:39,113.945297,22.5065,0,0
33555,14:27:09,113.945297,22.5065,0,0
33555,14:28:09,113.945297,22.5065,0,0
33555,14:29:09,113.945297,22.5065,0,0
33555,14:29:39,113.945297,22.5065,0,0
33555,14:30:09,113.945297,22.5075,0,23
33555,14:30:39,113.942703,22.507601,0,7
33555,14:32:09,113.946899,22.509899,0,24
33555,14:32:39,113.9478,22.5142,0,37
33555,14:33:09,113.948502,22.519501,0,34
33555,14:33:39,113.949203,22.5243,0,30
33555,14:34:39,113.949997,22.5319,0,32
33555,14:35:09,113.950996,22.536501,0,25
33555,14:36:39,113.954903,22.5481,0,37
33555,14:37:09,113.9534,22.552401,0,34
33555,14:38:09,113.953003,22.5611,0,12
33555,14:38:39,113.952904,22.5623,0,9
33555,14:39:09,113.953499,22.5641,0,15
33555,14:39:39,113.955902,22.563801,0,19
33555,14:40:09,113.960602,22.563299,0,40
33555,14:41:09,113.966599,22.5718,0,37
33555,14:41:39,113.966499,22.5735,0,0
33555,14:42:10,113.968002,22.582899,0,43
33555,14:44:39,113.9813,22.586,0,4
33555,14:45:09,113.981598,22.586,0,0
33555,14:45:39,113.981697,22.586,0,0
33555,14:46:09,113.982101,22.586,0,0
33555,14:46:39,113.982498,22.586,0,3
33555,14:47:09,113.982803,22.586,0,0
33555,14:47:39,113.9832,22.586,0,2
33555,14:49:09,113.9841,22.586201,0,0
33555,14:49:39,113.984299,22.586201,0,0
33555,14:50:39,113.985001,22.586399,0,0
33555,14:51:39,113.985703,22.5865,0,0
33555,14:52:39,113.986603,22.5865,0,2
33555,14:53:09,113.986702,22.586599,0,0
33555,14:53:39,113.987503,22.586599,0,6
33555,14:54:09,113.988403,22.5867,0,7
33555,14:54:39,113.989502,22.586901,0,8
33555,14:55:09,113.990501,22.587099,0,4
33555,14:56:39,113.9935,22.5882,0,14
33555,14:58:09,113.996101,22.5893,0,6
33555,14:58:39,113.997498,22.589899,0,12
33555,15:00:09,114.001602,22.5909,0,7
33555,15:00:39,114.002998,22.5909,0,15
33555,15:01:09,114.007599,22.5903,0,38
33555,15:01:39,114.012398,22.5903,0,32
33555,15:02:39,114.022697,22.5937,0,39
33555,15:04:39,114.042503,22.5924,0,43
33555,15:05:29,114.052399,22.5926,0,0
33555,15:05:39,114.052399,22.5926,0,0
33555,15:06:03,114.052399,22.5926,0,23
33555,15:06:39,114.058403,22.6007,0,31
33555,15:07:09,114.060799,22.6043,0,31
33555,15:07:36,114.064301,22.6063,0,0
33555,15:07:39,114.064301,22.6063,0,0
33555,15:08:40,114.071701,22.613899,0,37
33555,15:09:10,114.074997,22.618,0,44
33555,15:10:10,114.0811,22.628,0,38
33555,15:10:40,114.086899,22.6299,0,44
33555,15:11:10,114.092903,22.632299,0,41
33555,15:12:10,114.096397,22.633499,0,0
33555,15:13:10,114.096802,22.633699,0,0
33555,15:13:40,114.096802,22.633699,0,2
33555,15:14:10,114.097198,22.6339,0,0
33555,15:15:40,114.097702,22.6341,0,0
33555,15:16:10,114.098,22.634199,0,8
33555,15:16:40,114.098396,22.634399,0,0
33555,15:17:10,114.098602,22.634501,0,0
33555,15:18:40,114.099297,22.6346,0,0
33555,15:21:10,114.1082,22.640499,0,47
33555,15:22:10,114.1231,22.6402,0,54
33555,15:23:40,114.1437,22.639799,0,47
33555,15:25:40,114.170601,22.65,0,54
33555,15:26:10,114.177498,22.6539,0,51
33555,15:27:40,114.196297,22.663401,0,52
33555,15:28:10,114.202202,22.666901,0,47
33555,15:28:40,114.2033,22.6731,0,47
33555,15:29:10,114.204102,22.679399,0,34
33555,15:30:10,114.204399,22.680901,0,0
33555,15:30:40,114.204803,22.684799,0,42
33555,15:32:40,114.214203,22.695,0,21
33555,15:33:10,114.214798,22.695601,0,27
33555,15:34:10,114.221603,22.7026,0,35
33555,15:34:40,114.222504,22.7036,0,0
33555,15:35:40,114.222504,22.7036,0,0
33555,15:36:10,114.225403,22.7062,0,21
33555,15:36:40,114.2285,22.7089,0,8
33555,15:37:10,114.230301,22.7106,0,32
33555,15:37:40,114.234299,22.7143,0,22
33555,15:38:40,114.234001,22.716,0,25
33555,15:40:40,114.233597,22.722099,0,0
33555,15:41:10,114.2323,22.722401,0,20
33555,15:43:10,114.227402,22.723301,0,20
33555,15:43:40,114.227501,22.723101,0,18
33555,15:44:41,114.225403,22.7223,0,20
33555,15:46:11,114.228401,22.7223,0,31
33555,15:46:41,114.231903,22.7223,0,0
33555,15:49:11,114.234596,22.7152,0,0
33555,15:49:41,114.234596,22.7152,0,0
33555,15:50:41,114.2351,22.714701,0,23
33555,15:51:41,114.238197,22.7117,0,15
33555,15:52:11,114.2407,22.713301,0,32
33555,15:54:41,114.247398,22.719,0,0
33555,15:55:41,114.247803,22.7225,0,0
33555,15:56:11,114.248299,22.7225,0,10
33555,15:56:41,114.249298,22.722601,0,7
33555,16:00:11,114.236198,22.7097,0,28
33555,16:01:11,114.2323,22.705299,0,5
33555,16:03:11,114.227997,22.699699,0,23
33555,16:04:11,114.225403,22.7017,0,0
33555,16:04:41,114.225304,22.701799,0,4
33555,16:06:11,114.225304,22.7059,0,3
33555,16:08:41,114.225304,22.7059,0,0
33555,16:09:11,114.225304,22.7059,0,0
33555,16:10:11,114.225304,22.7059,0,0
33555,16:10:41,114.225304,22.7059,0,0
33555,16:11:11,114.225304,22.7059,0,0
33555,16:11:41,114.225304,22.7059,0,0
33555,16:13:41,114.225304,22.7059,0,0
33555,16:14:11,114.225304,22.7059,0,0
33555,16:14:41,114.225304,22.7059,0,0
33555,16:15:11,114.225304,22.7059,0,0
33555,16:15:41,114.225304,22.7059,0,0
33555,16:16:11,114.225304,22.7059,0,0
33555,16:16:41,114.227203,22.708,0,26
33555,16:17:11,114.228104,22.7087,0,0
33555,16:17:41,114.227501,22.7083,0,23
33555,16:18:11,114.224503,22.705601,0,25
33555,16:18:41,114.221603,22.7029,0,30
33555,16:19:11,114.219902,22.701,0,0
33555,16:20:11,114.217102,22.698299,0,0
33555,16:21:41,114.210602,22.691601,0,28
33555,16:22:41,114.204903,22.6854,0,34
33555,16:23:41,114.204002,22.681499,0,1
33555,16:24:11,114.204002,22.681299,0,0
33555,16:24:41,114.204002,22.680901,0,17
33555,16:25:11,114.203499,22.6756,0,46
33555,16:25:41,114.2034,22.669001,0,47
33555,16:27:11,114.185402,22.658199,0,49
33555,16:27:41,114.179001,22.6548,0,46
33555,16:28:11,114.172997,22.6514,0,44
33555,16:28:42,114.167198,22.6485,0,43
33555,16:29:12,114.160599,22.6472,0,47
33555,16:29:42,114.153801,22.6455,0,49
33555,16:30:42,114.141502,22.638399,0,46
33555,16:31:12,114.135002,22.6359,0,45
33555,16:31:42,114.128403,22.638,0,47
33555,16:32:42,114.115997,22.6429,0,42
33555,16:33:42,114.1045,22.6378,0,42
33555,16:34:12,114.101303,22.635401,0,6
33555,16:34:42,114.101097,22.6353,0,0
33555,16:36:12,114.100899,22.635099,0,0
33555,16:36:42,114.100899,22.635099,0,0
33555,16:37:12,114.100899,22.635099,0,0
33555,16:38:12,114.100899,22.635099,0,0
33555,16:39:12,114.099602,22.6346,0,0
33555,16:39:42,114.096901,22.633699,0,37
33555,16:40:12,114.091599,22.632,0,34
33555,16:40:42,114.086899,22.6301,0,35
33555,16:41:12,114.082001,22.628799,0,32
33555,16:41:42,114.080002,22.626699,0,5
33555,16:42:12,114.079697,22.6257,0,8
33555,16:42:42,114.079201,22.6241,0,11
33555,16:43:12,114.078796,22.622801,0,13
33555,16:43:42,114.078003,22.620899,0,8
33555,16:44:12,114.077599,22.620199,0,12
33555,16:44:42,114.076599,22.619101,0,8
33555,16:45:12,114.0756,22.618401,0,12
33555,16:45:42,114.073799,22.617201,0,12
33555,16:47:12,114.071999,22.614799,0,0
33555,16:47:42,114.071701,22.614,0,6
33555,16:48:42,114.071198,22.6131,0,8
33555,16:49:12,114.071098,22.6127,0,0
33555,16:49:42,114.070999,22.612499,0,7
33555,16:50:12,114.070801,22.612101,0,0
33555,16:51:42,114.070396,22.611401,0,1
33555,16:53:12,114.070099,22.610901,0,3
33555,16:54:42,114.067596,22.608601,0,18
33555,16:55:12,114.065102,22.6071,0,18
33555,16:55:21,114.064903,22.607,0,0
33555,16:55:43,114.061501,22.605101,0,31
33555,16:56:13,114.058998,22.6022,0,26
33555,16:56:42,114.057602,22.5991,0,27
33555,16:57:12,114.056,22.594999,0,28
33555,16:57:24,114.055801,22.594801,0,0
33555,16:58:42,114.048897,22.590599,0,30
33555,16:59:12,114.051804,22.5882,0,28
33555,17:00:42,114.056297,22.579,0,14
33555,17:01:12,114.057999,22.5784,0,10
33555,17:01:42,114.059898,22.577499,0,18
33555,17:03:12,114.061401,22.5721,0,13
33555,17:03:42,114.061699,22.570999,0,7
33555,17:04:12,114.061996,22.569799,0,7
33555,17:05:12,114.062401,22.5646,0,31
33555,17:06:12,114.0625,22.555099,0,36
33555,17:07:42,114.0625,22.5518,0,0
33555,17:08:12,114.0625,22.5518,0,0
33555,17:08:42,114.062698,22.549999,0,27
33555,17:09:42,114.062798,22.540701,0,28
33555,17:10:42,114.063202,22.538099,0,0
33555,17:11:12,114.063202,22.538099,0,0
33555,17:12:42,114.064201,22.5376,0,0
33555,17:13:12,114.064201,22.537701,0,0
33555,17:13:42,114.065102,22.538,0,6
33555,17:14:12,114.066704,22.5385,0,20
33555,17:14:42,114.067001,22.538799,0,7
33555,17:15:12,114.065697,22.538099,0,0
33555,17:15:42,114.0644,22.537701,0,0
33555,17:16:12,114.063499,22.537701,0,0
33555,17:17:12,114.0606,22.537701,0,19
33555,17:17:42,114.058296,22.5375,0,0
33555,17:17:50,114.058098,22.5375,0,0
33555,17:18:13,114.058098,22.5375,0,0
33555,17:19:42,114.054703,22.5375,0,19
33555,17:21:12,114.049797,22.5373,0,23
33555,17:22:42,114.048103,22.537399,0,0
33555,17:23:42,114.044403,22.540199,0,20
33555,17:24:12,114.044899,22.5439,0,19
33555,17:24:42,114.042503,22.5425,0,40
33555,17:24:50,114.0411,22.5424,0,0
33555,17:25:13,114.039497,22.542299,0,0
33555,17:25:43,114.038902,22.5422,0,29
33555,17:26:13,114.0336,22.5413,0,26
33555,17:26:42,114.030899,22.540899,0,5
33555,17:27:12,114.028099,22.5404,0,23
33555,17:27:42,114.025497,22.5401,0,5
33555,17:28:12,114.024101,22.5406,0,10
33555,17:28:43,114.022903,22.541901,0,11
33555,17:29:13,114.023399,22.542801,0,3
33555,17:29:43,114.023399,22.542801,0,0
33555,17:30:13,114.023399,22.542801,0,0
33555,17:30:43,114.023399,22.542801,0,0
33555,17:31:13,114.023399,22.542801,0,0
33555,17:31:43,114.023399,22.542801,0,0
33555,17:32:13,114.023399,22.542801,0,0
33555,17:33:43,114.023399,22.542801,0,0
33555,17:34:43,114.023399,22.542801,0,0
33555,17:36:13,114.023399,22.542801,0,0
33555,17:36:43,114.023399,22.542801,0,0
33555,17:37:13,114.023399,22.542801,0,0
33555,17:37:45,114.023399,22.5427,0,0
33555,17:38:15,114.023399,22.5427,0,0
33555,17:39:45,114.023399,22.5427,0,0
33555,17:40:45,114.023399,22.5427,0,0
33555,17:41:15,114.023399,22.5427,0,0
33555,17:42:45,114.023399,22.5427,0,0
33555,17:43:15,114.023399,22.5427,0,0
33555,17:43:45,114.023399,22.5427,0,0
33555,17:44:15,114.023399,22.5427,0,0
33555,17:45:15,114.023399,22.5427,0,0
33555,17:46:15,114.023399,22.5427,0,0
33555,17:47:45,114.023399,22.5427,0,0
33555,17:48:45,114.023399,22.5427,0,0
33555,17:49:15,114.023399,22.5427,0,0
33555,17:50:45,114.023399,22.5427,0,0
33555,17:51:15,114.023399,22.5427,0,0
33555,17:51:45,114.023399,22.5427,0,0
33555,17:52:15,114.023399,22.5427,0,0
33555,17:52:45,114.023399,22.5427,0,0
33555,17:53:45,114.023399,22.5427,0,0
33555,17:54:15,114.023399,22.5427,0,0
33555,17:54:45,114.023399,22.5427,0,0
33555,17:55:15,114.023399,22.5427,0,0
33555,17:56:45,114.023399,22.5427,0,0
33555,17:57:45,114.023399,22.5427,0,0
33555,17:58:15,114.023399,22.5427,0,0
33555,17:58:45,114.023399,22.5427,0,0
33555,18:00:15,114.023399,22.5427,0,0
33555,18:00:45,114.023399,22.5427,0,0
33555,18:01:15,114.023399,22.5427,0,0
33555,18:01:45,114.023399,22.5427,0,0
33555,18:02:45,114.023399,22.5427,0,0
33555,18:03:15,114.023399,22.5427,0,0
33555,18:03:45,114.023399,22.5427,0,0
33555,18:05:45,114.023399,22.5427,0,0
33555,18:06:15,114.023399,22.5427,0,0
33555,18:07:15,114.023399,22.5427,0,0
33555,18:07:45,114.023399,22.5427,0,0
33555,18:08:45,114.023399,22.5427,0,0
33555,18:11:15,114.023399,22.5427,0,0
33555,18:11:45,114.023399,22.5427,0,0
33555,18:12:15,114.023399,22.5427,0,0
33555,18:13:45,114.023399,22.5427,0,0
33555,18:14:15,114.023399,22.5427,0,0
33555,18:14:45,114.023399,22.5427,0,0
33555,18:20:45,114.023399,22.5427,0,0
33555,18:21:45,114.023399,22.5427,0,0
33555,18:22:15,114.023399,22.5427,0,0
33555,18:24:15,114.023399,22.5427,0,0
33555,18:24:45,114.023399,22.5427,0,0
33555,18:26:15,114.023399,22.5427,0,0
33555,18:26:45,114.023399,22.5427,0,0
33555,18:27:15,114.023399,22.5427,0,0
33555,18:27:45,114.023399,22.5427,0,0
33555,18:30:45,114.023399,22.5427,0,0
33555,18:31:15,114.023399,22.5427,0,0
33555,18:31:45,114.023399,22.5427,0,0
33555,18:32:15,114.023399,22.5427,0,0
33555,18:32:45,114.023399,22.5427,0,0
33555,18:33:15,114.023399,22.5427,0,0
33555,18:33:45,114.023399,22.5427,0,0
33555,18:34:15,114.023399,22.5427,0,0
33555,18:34:45,114.023399,22.5427,0,0
33555,18:35:45,114.023399,22.5427,0,0
33555,18:36:15,114.023399,22.5427,0,0
33555,18:36:45,114.023399,22.5427,0,0
33555,18:39:15,114.023399,22.5427,0,0
33555,18:39:45,114.023399,22.5427,0,0
33555,18:40:15,114.023399,22.5427,0,0
33555,18:40:45,114.023399,22.5427,0,0
33555,18:41:15,114.023399,22.5427,0,0
33555,18:41:45,114.023399,22.5427,0,0
33555,18:42:45,114.023399,22.5427,0,0
33555,18:43:15,114.023399,22.5427,0,0
33555,18:44:15,114.023399,22.5427,0,0
33555,18:44:45,114.023399,22.5427,0,0
33555,18:45:15,114.023399,22.5427,0,0
33555,18:45:45,114.023399,22.5427,0,0
33555,18:46:15,114.023399,22.5427,0,0
33555,18:46:45,114.023399,22.5427,0,0
33555,18:47:45,114.023399,22.5427,0,0
33555,18:48:45,114.023399,22.5427,0,0
33555,18:49:45,114.023399,22.5427,0,0
33555,18:50:45,114.023399,22.5427,0,0
33555,18:51:15,114.023399,22.5427,0,0
33555,18:51:45,114.023399,22.5427,0,0
33555,18:52:45,114.023399,22.5427,0,0
33555,18:53:15,114.023399,22.5427,0,0
33555,18:53:45,114.023399,22.5427,0,0
33555,18:54:45,114.023399,22.5427,0,0
33555,18:55:15,114.023399,22.5427,0,0
33555,18:56:45,114.023399,22.5427,0,0
33555,18:57:15,114.023399,22.5427,0,0
33555,18:59:15,114.023399,22.5427,0,0
33555,19:00:15,114.023399,22.5427,0,0
33555,19:00:45,114.023399,22.5427,0,0
33555,19:01:15,114.023399,22.5427,0,0
33555,19:01:45,114.023399,22.5427,0,0
33555,19:02:15,114.023399,22.5427,0,0
33555,19:03:15,114.023399,22.5427,0,0
33555,19:04:45,114.023399,22.5427,0,0
33555,19:05:15,114.023399,22.5427,0,0
33555,19:05:45,114.023399,22.5427,0,0
33555,19:06:15,114.023399,22.5427,0,0
33555,19:06:45,114.023399,22.5427,0,0
33555,19:07:15,114.023399,22.5427,0,0
33555,19:07:45,114.023399,22.5427,0,0
33555,19:08:15,114.023399,22.5427,0,0
33555,19:09:15,114.023399,22.5427,0,0
33555,19:09:45,114.023399,22.5427,0,0
33555,19:10:15,114.023399,22.5427,0,0
33555,19:11:15,114.023399,22.5427,0,0
33555,19:11:45,114.023399,22.5427,0,0
33555,19:12:15,114.023399,22.5427,0,0
33555,19:12:45,114.023399,22.5427,0,0
33555,19:13:15,114.023399,22.5427,0,0
33555,19:13:45,114.023399,22.5427,0,0
33555,19:14:15,114.023399,22.5427,0,0
33555,19:14:45,114.023399,22.5427,0,0
33555,19:15:15,114.023399,22.5427,0,0
33555,19:15:45,114.023399,22.5427,0,0
33555,19:16:45,114.023399,22.5427,0,0
33555,19:17:15,114.023399,22.5427,0,0
33555,19:17:45,114.023399,22.5427,0,0
33555,19:18:45,114.023399,22.5427,0,0
33555,19:19:15,114.023399,22.5427,0,0
33555,19:20:15,114.023399,22.5427,0,0
33555,19:20:45,114.023399,22.5427,0,0
33555,19:21:15,114.023399,22.5427,0,0
33555,19:21:45,114.023399,22.5427,0,0
33555,19:22:15,114.023399,22.5427,0,0
33555,19:22:45,114.023399,22.5427,0,0
33555,19:23:45,114.023399,22.5427,0,0
33555,19:24:15,114.023399,22.5427,0,0
33555,19:24:45,114.023399,22.5427,0,0
33555,19:25:15,114.023399,22.5427,0,0
33555,19:26:15,114.023399,22.5427,0,0
33555,19:27:15,114.023399,22.5427,0,0
33555,19:27:45,114.023399,22.5427,0,0
33555,19:28:15,114.023399,22.5427,0,0
33555,19:29:23,114.023399,22.5427,0,0
33555,19:29:53,114.023399,22.5427,0,0
33555,19:31:23,114.023399,22.5427,0,0
33555,19:32:53,114.022499,22.544001,0,20
33555,19:33:53,114.029602,22.5466,0,30
33555,19:34:23,114.031799,22.547199,0,0
33555,19:35:23,114.033203,22.547701,0,13
33555,19:35:53,114.0336,22.5478,0,0
33555,19:36:23,114.0336,22.5478,0,0
33555,19:36:53,114.0336,22.5478,0,0
33555,19:37:53,114.034103,22.547899,0,11
33555,19:38:23,114.036301,22.548599,0,16
33555,19:39:23,114.039803,22.5495,0,16
33555,19:40:23,114.041,22.549801,0,16
33555,19:40:53,114.042603,22.5502,0,25
33555,19:41:53,114.044296,22.5459,0,26
33555,19:43:53,114.050102,22.5424,0,33
33555,19:44:53,114.0606,22.542601,0,33
33555,19:45:23,114.065498,22.5427,0,34
33555,19:45:53,114.069603,22.542801,0,13
33555,19:46:23,114.070396,22.542801,0,0
33555,19:46:53,114.070999,22.542801,0,6
33555,19:47:53,114.072098,22.5429,0,0
33555,19:48:53,114.0728,22.5429,0,9
33555,19:49:53,114.074203,22.542999,0,0
33555,19:50:23,114.074203,22.542999,0,0
33555,19:50:53,114.074203,22.542999,0,0
33555,19:51:28,114.0746,22.542999,0,0
33555,19:52:53,114.075401,22.542999,0,0
33555,19:53:23,114.077797,22.542999,0,19
33555,19:53:53,114.080597,22.5431,0,2
33555,19:54:23,114.082001,22.5431,0,6
33555,19:55:54,114.0839,22.5432,0,7
33555,19:56:54,114.084999,22.5432,0,0
33555,19:57:24,114.084999,22.5432,0,0
33555,19:57:54,114.085197,22.5432,0,0
33555,19:58:24,114.085297,22.5432,0,0
33555,19:59:54,114.086197,22.543301,0,0
33555,20:00:54,114.087601,22.5432,0,0
33555,20:01:54,114.090202,22.543301,0,3
33555,20:02:24,114.090302,22.543301,0,0
33555,20:02:54,114.090302,22.543301,0,0
33555,20:03:24,114.090599,22.543301,0,9
33555,20:03:54,114.091698,22.543301,0,9
33555,20:04:24,114.0924,22.543301,0,0
33555,20:06:54,114.094902,22.543301,0,0
33555,20:07:24,114.0952,22.5427,0,6
33555,20:07:54,114.0951,22.542,0,3
33555,20:09:24,114.096497,22.540199,0,9
33555,20:10:24,114.099503,22.539301,0,17
33555,20:10:56,114.101303,22.538,0,11
33555,20:12:26,114.106102,22.5369,0,27
33555,20:12:56,114.110199,22.537701,0,6
33555,20:13:56,114.111198,22.535601,0,15
33555,20:15:09,114.113998,22.5317,0,0
33555,20:17:26,114.113899,22.538,0,7
33555,20:18:26,114.113701,22.5392,0,18
33555,20:18:56,114.113602,22.5404,0,0
33555,20:19:26,114.113701,22.5413,0,5
33555,20:20:26,114.113602,22.542101,0,0
33555,20:20:56,114.113602,22.542101,0,0
33555,20:21:26,114.113602,22.542101,0,0
33555,20:21:56,114.113701,22.544201,0,19
33555,20:22:56,114.113602,22.5455,0,0
33555,20:23:26,114.113602,22.5455,0,0
33555,20:23:56,114.113602,22.5455,0,0
33555,20:24:56,114.110603,22.546101,0,24
33555,20:25:26,114.110397,22.547199,0,0
33555,20:25:56,114.110397,22.547199,0,0
33555,20:26:26,114.1101,22.5483,0,16
33555,20:27:26,114.109802,22.5536,0,0
33555,20:27:56,114.109802,22.553801,0,0
33555,20:28:26,114.111801,22.558001,0,27
33555,20:29:26,114.119598,22.559299,0,30
33555,20:29:56,114.119598,22.5599,0,27
33555,20:30:26,114.118599,22.563499,0,21
33555,20:30:56,114.117996,22.567101,0,26
33555,20:31:56,114.117798,22.573099,0,30
33555,20:32:26,114.116898,22.576401,0,19
33555,20:33:26,114.114197,22.582899,0,27
33555,20:33:56,114.112396,22.5856,0,20
33555,20:34:26,114.110703,22.588301,0,23
33555,20:35:56,114.112198,22.597099,0,10
33555,20:36:56,114.113998,22.5959,0,5
33555,20:37:56,114.1147,22.594601,0,0
33555,20:39:56,114.115799,22.596399,0,10
33555,20:40:26,114.117599,22.5965,0,7
33555,20:41:26,114.114304,22.5965,0,6
33555,20:41:56,114.113899,22.596399,0,6
33555,20:42:26,114.1119,22.5975,0,14
33555,20:42:56,114.1147,22.6015,0,22
33555,20:44:26,114.111801,22.5979,0,0
33555,20:46:26,114.109703,22.5935,0,34
33555,20:46:56,114.109703,22.589199,0,35
33555,20:47:56,114.114304,22.5823,0,37
33555,20:48:26,114.116096,22.577801,0,35
33555,20:49:26,114.1175,22.568899,0,22
33555,20:49:56,114.118301,22.565001,0,29
33555,20:50:26,114.119202,22.5616,0,29
33555,20:50:56,114.1203,22.5583,0,18
33555,20:51:26,114.1203,22.5564,0,26
33555,20:52:56,114.116997,22.551201,0,12
33555,20:53:26,114.116798,22.5506,0,0
33555,20:53:56,114.116699,22.550301,0,6
33555,20:54:56,114.116699,22.549601,0,0
33555,20:55:26,114.116699,22.549601,0,0
33555,20:55:56,114.116798,22.549,0,10
33555,20:56:26,114.116997,22.5476,0,1
33555,20:57:56,114.117302,22.5462,0,1
33555,20:59:26,114.119003,22.5424,0,5
33555,20:59:56,114.119698,22.541901,0,0
33555,21:00:56,114.119698,22.5406,0,0
33555,21:01:26,114.119698,22.5406,0,0
33555,21:02:26,114.1185,22.5403,0,0
33555,21:02:56,114.117897,22.540001,0,5
33555,21:03:56,114.116203,22.539499,0,0
33555,21:05:26,114.113701,22.539801,0,22
33555,21:05:56,114.113701,22.541,0,14
33555,21:06:26,114.113503,22.5434,0,18
33555,21:06:56,114.113602,22.5448,0,6
33555,21:07:26,114.113602,22.546,0,15
33555,21:09:26,114.120399,22.5474,0,14
33555,21:09:56,114.1231,22.5478,0,12
33555,21:10:26,114.123802,22.5481,0,12
33555,21:10:56,114.124496,22.5481,0,0
33555,21:11:26,114.124496,22.5481,0,0
33555,21:12:56,114.125702,22.5485,0,7
33555,21:14:26,114.127701,22.5501,0,0
33555,21:14:56,114.128197,22.550301,0,0
33555,21:15:26,114.128197,22.550301,0,0
33555,21:15:56,114.128197,22.550301,0,0
33555,21:16:26,114.128197,22.550301,0,0
33555,21:17:26,114.128197,22.550301,0,2
33555,21:19:26,114.125999,22.549101,0,0
33555,21:19:56,114.125999,22.549101,0,0
33555,21:20:26,114.125999,22.5495,0,8
33555,21:20:56,114.125801,22.552,0,1
33555,21:21:26,114.125397,22.553301,0,14
33555,21:21:56,114.123398,22.555099,0,24
33555,21:22:26,114.121101,22.558001,0,26
33555,21:22:56,114.118202,22.558901,0,34
33555,21:23:26,114.112396,22.5588,0,37
33555,21:23:56,114.107803,22.559,0,27
33555,21:25:26,114.1073,22.5662,0,6
33555,21:26:56,114.107498,22.567101,0,0
33555,21:27:26,114.107597,22.5676,0,6
33555,21:27:56,114.107697,22.567699,0,0
33555,21:28:26,114.107498,22.5683,0,7
33555,21:28:56,114.107597,22.569099,0,0
33555,21:29:56,114.107903,22.5718,0,3
33555,21:31:26,114.107002,22.5741,0,19
33555,21:32:26,114.1054,22.577499,0,0
33555,21:32:56,114.104698,22.5791,0,22
33555,21:33:26,114.103897,22.581499,0,10
33555,21:33:56,114.101402,22.581499,0,8
33555,21:34:27,114.101097,22.582199,0,18
33555,21:35:26,114.1026,22.5877,0,29
33555,21:35:56,114.1054,22.5898,0,4
33555,21:36:26,114.105797,22.590099,0,2
33555,21:37:27,114.107697,22.591999,0,3
33555,21:37:36,114.107597,22.592199,0,0
33555,21:39:26,114.110802,22.598,0,19
33555,21:39:56,114.1119,22.6001,0,0
33555,21:40:26,114.1119,22.6001,0,0
33555,21:40:57,114.1119,22.6001,0,0
33555,21:41:27,114.1119,22.600201,0,0
33555,21:42:57,114.113197,22.603901,0,0
33555,21:43:27,114.113098,22.604099,0,7
33555,21:43:57,114.112801,22.6054,0,8
33555,21:44:27,114.113503,22.6057,0,0
33555,21:45:57,114.113998,22.6059,0,0
33555,21:46:27,114.113998,22.6059,0,0
33555,21:46:57,114.113403,22.6057,0,10
33555,21:47:57,114.112602,22.606001,0,0
33555,21:48:27,114.112602,22.606001,0,0
33555,21:49:27,114.112801,22.605499,0,9
33555,21:50:27,114.113197,22.603001,0,0
33555,21:50:57,114.112602,22.6017,0,0
33555,21:52:27,114.112198,22.600901,0,0
33555,21:52:57,114.112198,22.600901,0,0
33555,21:53:57,114.1119,22.598,0,0
33555,21:54:27,114.1119,22.598,0,0
33555,21:54:57,114.1119,22.598,0,0
33555,21:55:57,114.1119,22.597799,0,0
33555,21:57:27,114.112503,22.5851,0,30
33555,21:58:27,114.117302,22.5756,0,36
33555,21:58:57,114.117699,22.570801,0,30
33555,21:59:57,114.111298,22.566299,0,36
33555,22:00:27,114.108002,22.5667,0,0
33555,22:00:57,114.107697,22.5667,0,0
33555,22:02:57,114.107697,22.568001,0,7
33555,22:03:27,114.107597,22.568701,0,0
33555,22:03:57,114.107597,22.5693,0,3
33555,22:04:27,114.107597,22.5695,0,9
33555,22:04:57,114.107903,22.572001,0,9
33555,22:05:27,114.106499,22.5716,0,20
33555,22:05:57,114.102898,22.5695,0,25
33555,22:06:27,114.101799,22.568899,0,0
33555,22:06:57,114.100998,22.568701,0,5
33555,22:07:27,114.099998,22.568001,0,3
33555,22:08:27,114.099701,22.568899,0,0
33555,22:08:57,114.099701,22.569099,0,0
33555,22:09:27,114.099701,22.5681,0,7
33555,22:09:57,114.099403,22.5683,0,11
33555,22:11:27,114.099403,22.569201,0,0
33555,22:11:57,114.0989,22.5693,0,10
33555,22:12:27,114.099098,22.566799,0,8
33555,22:13:27,114.094803,22.566299,0,8
33555,22:13:57,114.094498,22.565001,0,18
33555,22:14:27,114.094498,22.5618,0,20
33555,22:14:57,114.094597,22.5604,0,6
33555,22:16:27,114.095596,22.5599,0,3
33555,22:16:57,114.096298,22.5599,0,8
33555,22:17:27,114.097397,22.560101,0,0
33555,22:17:57,114.097603,22.559999,0,3
33555,22:18:27,114.098,22.560101,0,6
33555,22:18:57,114.098701,22.559999,0,0
33555,22:19:27,114.099098,22.559,0,0
33555,22:19:57,114.099098,22.559,0,0
33555,22:20:57,114.099297,22.5588,0,9
33555,22:23:27,114.104202,22.553801,0,0
33555,22:24:57,114.104401,22.5534,0,3
33555,22:25:27,114.106102,22.5534,0,14
33555,22:26:27,114.105598,22.5516,0,7
33555,22:26:57,114.1054,22.5516,0,0
33555,22:27:27,114.105103,22.551701,0,10
33555,22:27:57,114.105003,22.5518,0,0
33555,22:28:27,114.105003,22.5518,0,0
33555,22:28:57,114.104599,22.552099,0,0
33555,22:29:27,114.104599,22.552099,0,0
33555,22:30:57,114.104301,22.555,0,11
33555,22:32:57,114.115601,22.557501,0,28
33555,22:34:27,114.114799,22.560301,0,13
33555,22:36:57,114.118401,22.5609,0,8
33555,22:38:27,114.123703,22.555099,0,30
33555,22:38:57,114.125603,22.552799,0,3
33555,22:40:57,114.1259,22.5525,0,0
33555,22:41:27,114.1241,22.554701,0,18
33555,22:42:27,114.119301,22.561501,0,22
33555,22:42:57,114.118401,22.564501,0,21
33555,22:43:34,114.117897,22.5686,0,0
33555,22:44:57,114.119499,22.573799,0,10
33555,22:46:27,114.121696,22.573999,0,0
33555,22:47:27,114.1222,22.571501,0,15
33555,22:47:57,114.122597,22.569401,0,19
33555,22:48:27,114.120903,22.5688,0,16
33555,22:48:57,114.115501,22.567699,0,40
33555,22:49:27,114.110199,22.566401,0,37
33555,22:50:27,114.107597,22.566799,0,0
33555,22:50:57,114.107498,22.566999,0,0
33555,22:51:27,114.107498,22.566999,0,0
33555,22:51:57,114.107498,22.566999,0,0
33555,22:52:27,114.107498,22.566999,0,0
33555,22:53:27,114.107697,22.567801,0,0
33555,22:54:27,114.107597,22.570499,0,11
33555,22:54:57,114.107803,22.571899,0,7
33555,22:55:27,114.107903,22.5723,0,2
33555,22:56:27,114.106903,22.5751,0,17
33555,22:56:57,114.104103,22.573099,0,34
33555,22:57:27,114.099297,22.570299,0,33
33555,22:57:57,114.094002,22.5683,0,33
33555,22:59:27,114.082603,22.571899,0,40
33555,23:00:57,114.067596,22.5702,0,19
33555,23:01:27,114.067398,22.5725,0,25
33555,23:01:57,114.066101,22.576,0,28
33555,23:02:27,114.061897,22.577999,0,34
33555,23:02:57,114.056999,22.578699,0,27
33555,23:03:27,114.054497,22.5818,0,26
33555,23:04:27,114.050499,22.5895,0,26
33555,23:04:57,114.047401,22.592501,0,33
33555,23:05:27,114.0448,22.5944,0,1
33555,23:06:27,114.040604,22.596901,0,35
33555,23:07:57,114.033897,22.603001,0,31
33555,23:08:27,114.0308,22.6061,0,33
33555,23:09:02,114.027199,22.6106,0,0
33555,23:09:27,114.027199,22.6106,0,0
33555,23:09:42,114.027199,22.6106,0,37
33555,23:09:58,114.018898,22.6182,0,37
33555,23:10:28,114.017601,22.619499,0,0
33555,23:11:27,114.014099,22.6245,0,29
33555,23:11:57,114.013496,22.625401,0,0
33555,23:12:57,114.014297,22.629801,0,11
33555,23:13:27,114.016197,22.627399,0,6
33555,23:13:57,114.017303,22.625799,0,33
33555,23:14:27,114.019203,22.623199,0,23
33555,23:15:27,114.021599,22.6231,0,23
33555,23:16:27,114.0243,22.621599,0,0
33555,23:17:57,114.023003,22.6201,0,0
33555,23:19:28,114.024803,22.619801,0,28
33555,23:20:58,114.028099,22.6143,0,22
33555,23:21:28,114.0298,22.6115,0,32
33555,23:22:28,114.034103,22.6068,0,0
33555,23:22:58,114.0364,22.605,0,0
33555,23:23:58,114.036499,22.6049,0,7
33555,23:24:58,114.041199,22.604099,0,22
33555,23:25:28,114.041496,22.603701,0,0
33555,23:26:28,114.042,22.603201,0,0
33555,23:26:58,114.042,22.603201,0,0
33555,23:27:28,114.042999,22.6019,0,12
33555,23:27:58,114.044098,22.599701,0,24
33555,23:28:58,114.048698,22.5916,0,39
33555,23:30:58,114.059799,22.5776,0,28
33555,23:31:58,114.062202,22.568399,0,30
33555,23:34:28,114.062599,22.5511,0,23
33555,23:34:58,114.062698,22.5478,0,0
33555,23:35:58,114.062698,22.5478,0,0
33555,23:36:28,114.062798,22.545099,0,40
33555,23:37:28,114.055702,22.5431,0,31
33555,23:37:58,114.051498,22.5427,0,32
33555,23:38:28,114.048302,22.543301,0,19
33555,23:39:28,114.046799,22.5436,0,0
33555,23:39:58,114.047096,22.5459,0,22
33555,23:40:28,114.050201,22.5459,0,0
33555,23:41:28,114.0513,22.545601,0,16
33555,23:42:28,114.057899,22.5448,0,22
33555,23:42:58,114.057899,22.5401,0,28
33555,23:43:28,114.057899,22.539801,0,0
33555,23:44:28,114.057999,22.537701,0,0
33555,23:44:58,114.057999,22.5357,0,0
33555,23:45:28,114.058098,22.534599,0,30
33555,23:45:58,114.059196,22.5313,0,33
33555,23:46:28,114.064003,22.5315,0,15
33555,23:46:58,114.068001,22.5317,0,35
33555,23:47:28,114.074898,22.531799,0,45
33555,23:47:58,114.078598,22.5336,0,18
33555,23:48:58,114.084396,22.537399,0,39
33555,23:49:28,114.090698,22.538,0,42
33555,23:50:28,114.103203,22.538099,0,30
33555,23:50:58,114.107201,22.5371,0,30
33555,23:51:28,114.111702,22.537901,0,32
33555,23:52:58,114.1185,22.540501,0,9
33555,23:53:28,114.119598,22.539301,0,0
33555,23:59:58,114.113098,22.538799,0,35
