30738,00:06:18,114.007004,22.660999,1,31
30738,00:06:48,114.003502,22.6612,1,12
30738,00:07:49,114.002998,22.6616,1,37
30738,00:08:19,114.001801,22.6651,1,53
30738,00:08:49,113.998596,22.668501,1,53
30738,00:10:50,113.995903,22.667999,1,46
30738,00:11:20,113.994904,22.6667,1,5
30738,00:12:01,113.992599,22.666901,0,31
30738,00:13:01,113.986801,22.6712,1,46
30738,00:13:41,113.986298,22.673901,0,50
30738,00:15:11,113.989799,22.676901,0,37
30738,00:15:41,113.992401,22.6779,0,20
30738,00:16:39,113.996696,22.6807,1,53
30738,00:17:40,113.999802,22.681999,1,37
30738,00:18:10,114.001701,22.6824,1,3
30738,00:18:40,114.002899,22.681801,1,24
30738,00:19:10,114.003799,22.681101,1,1
30738,00:19:40,114.004097,22.6807,1,20
30738,00:20:11,114.005302,22.680201,1,25
30738,00:20:41,114.004997,22.6821,1,22
30738,00:21:11,114.006302,22.683001,1,35
30738,00:21:41,114.008102,22.683201,1,16
30738,00:22:11,114.008797,22.684601,1,29
30738,00:22:41,114.010201,22.685699,1,35
30738,00:24:00,114.012604,22.6856,0,1
30738,00:24:31,114.011703,22.6856,0,31
30738,00:25:01,114.009003,22.685699,0,24
30738,00:25:30,114.008797,22.6835,0,18
30738,00:26:28,114.006104,22.683001,1,40
30738,00:26:58,114.005203,22.681601,1,38
30738,00:27:28,114.0047,22.680201,1,27
30738,00:27:59,114.002998,22.6817,1,25
30738,00:28:29,114.001404,22.6824,1,37
30738,00:29:44,113.998596,22.6819,0,27
30738,00:30:14,113.999496,22.680099,0,37
30738,00:30:44,114.000702,22.678699,0,24
30738,00:31:14,114.001701,22.676701,0,35
30738,00:31:45,114.003304,22.675301,0,38
30738,00:32:15,114.005096,22.6765,0,27
30738,00:32:45,114.0075,22.676701,0,27
30738,00:33:15,114.009903,22.674299,0,44
30738,00:33:45,114.012299,22.672501,0,35
30738,00:34:15,114.013802,22.6703,0,40
30738,00:35:16,114.015602,22.6675,0,42
30738,00:35:46,114.016403,22.6663,0,16
30738,00:36:16,114.019302,22.6674,0,42
30738,00:37:16,114.021599,22.6691,0,42
30738,00:37:46,114.023697,22.6707,0,50
30738,00:38:47,114.025902,22.6721,0,14
30738,00:40:17,114.028198,22.674,0,53
30738,00:40:47,114.031097,22.6765,0,46
30738,00:41:48,114.032402,22.68,0,59
30738,00:42:16,114.033997,22.683901,0,59
30738,00:42:48,114.035103,22.6887,0,55
30738,00:43:18,114.035896,22.693501,0,51
30738,00:44:48,114.0354,22.697599,0,59
30738,00:45:18,114.036598,22.702101,0,64
30738,00:45:48,114.037498,22.7057,0,7
30738,00:46:19,114.037498,22.7057,0,5
30738,00:46:49,114.035797,22.706499,0,11
30738,00:47:19,114.035202,22.705601,0,44
30738,00:48:18,114.033501,22.7041,0,7
30738,00:48:48,114.035301,22.705799,0,40
30738,00:49:19,114.036903,22.7062,0,37
30738,00:50:49,114.037697,22.706499,0,31
30738,00:51:19,114.038498,22.7096,0,44
30738,00:51:49,114.039398,22.712999,0,42
30738,00:52:20,114.040604,22.714701,0,9
30738,00:52:50,114.039497,22.7136,0,33
30738,00:53:20,114.038696,22.7108,0,22
30738,00:54:20,114.038399,22.7096,0,46
30738,00:54:50,114.037598,22.706499,0,18
30738,00:55:51,114.036797,22.703501,0,50
30738,00:56:21,114.035896,22.6998,0,38
30738,00:56:51,114.0355,22.695999,0,38
30738,00:57:51,114.0355,22.691,0,42
30738,00:58:21,114.034698,22.6877,0,48
30738,00:58:51,114.033897,22.684099,0,46
30738,01:01:22,114.031601,22.678801,0,1
30738,01:01:52,114.031197,22.677,0,42
30738,01:02:21,114.029198,22.675301,0,24
30738,01:03:52,114.023201,22.674299,0,22
30738,01:04:22,114.022102,22.6766,0,25
30738,01:04:52,114.020699,22.6786,0,37
30738,01:05:52,114.013802,22.6812,0,48
30738,01:06:22,114.0093,22.682699,0,62
30738,01:06:52,114.006302,22.6831,0,35
30738,01:07:52,114.005302,22.680201,0,16
30738,01:08:22,114.004601,22.6803,0,18
30738,01:08:51,114.003799,22.6807,0,5
30738,01:09:22,114.002098,22.679501,0,38
30738,01:09:52,114.000603,22.6782,0,35
30738,01:10:22,113.998596,22.6768,0,42
30738,01:10:52,113.996399,22.677601,0,37
30738,01:12:23,113.9944,22.6793,0,11
30738,01:13:53,113.992203,22.677799,0,18
30738,01:14:22,113.993202,22.6749,0,46
30738,01:15:52,113.996498,22.675501,0,33
30738,01:16:22,113.997597,22.6754,0,35
30738,01:16:52,114.000298,22.6751,0,46
30738,01:17:22,114.003197,22.6754,0,42
30738,01:17:53,114.005096,22.6765,0,25
30738,01:18:23,114.0075,22.676701,0,33
30738,01:18:53,114.009399,22.674601,0,31
30738,01:19:53,114.012199,22.672701,0,38
30738,01:20:23,114.014397,22.669399,0,61
30738,01:20:53,114.016602,22.6661,0,38
30738,01:21:23,114.018402,22.663401,0,35
30738,01:21:53,114.019699,22.6616,0,40
30738,01:22:23,114.021797,22.6591,0,38
30738,01:23:53,114.023399,22.657101,0,48
30738,01:24:53,114.026703,22.6534,0,62
30738,01:26:53,114.032204,22.6485,0,44
30738,01:27:53,114.035698,22.6474,0,25
30738,01:28:23,114.039803,22.6458,0,25
30738,01:29:54,114.045403,22.643801,0,51
30738,01:32:24,114.043297,22.639,0,25
30738,01:33:54,114.039101,22.641399,0,40
30738,01:34:24,114.0382,22.641899,0,22
30738,01:34:51,114.0392,22.6439,0,33
30738,01:35:54,114.038597,22.6464,0,42
30738,01:36:25,114.036201,22.647699,0,29
30738,01:36:55,114.037804,22.6509,0,46
30738,01:38:25,114.038399,22.652201,0,24
30738,01:40:56,114.0336,22.656601,0,48
30738,01:41:26,114.030998,22.658899,0,44
30738,01:41:56,114.028297,22.6612,0,42
30738,01:42:55,114.026299,22.661301,0,11
30738,01:43:25,114.026497,22.6618,0,1
30738,01:45:55,114.026398,22.6616,0,1
30738,01:46:55,114.027,22.661699,0,3
30738,01:47:55,114.026802,22.661699,0,3
30738,01:49:25,114.027199,22.6618,0,1
30738,01:49:55,114.026398,22.6611,0,22
30738,01:50:56,114.021698,22.659201,0,38
30738,01:51:26,114.019501,22.661699,0,50
30738,01:51:56,114.017799,22.6642,0,37
30738,01:53:26,114.016098,22.6668,0,42
30738,01:53:56,114.014198,22.668501,0,27
30738,01:59:27,114.013298,22.6684,0,1
30738,02:05:28,114.013298,22.6684,0,1
30738,02:05:59,114.013397,22.6684,0,3
30738,02:14:29,114.013298,22.6684,0,1
30738,02:17:30,114.013199,22.668501,0,1
30738,02:21:01,114.013298,22.668501,0,1
30738,02:22:01,114.0131,22.6686,0,3
30738,02:23:31,114.0131,22.668501,0,1
30738,02:24:01,114.0131,22.668501,0,1
30738,02:33:03,114.0131,22.668501,0,1
30738,04:35:34,114.0131,22.668301,0,1
30738,04:37:34,114.0131,22.668301,0,1
30738,04:47:36,114.013199,22.668301,0,1
30738,05:23:44,114.012901,22.667999,0,3
30738,05:30:15,114.0131,22.668301,0,1
30738,05:40:18,114.012703,22.667999,0,1
30738,06:06:24,114.013496,22.668501,0,1
30738,06:07:54,114.013802,22.6686,0,1
30738,06:09:55,114.013298,22.6684,0,3
30738,06:10:25,114.013702,22.6686,0,1
30738,06:10:55,114.013199,22.6684,0,1
30738,06:11:25,114.013199,22.6684,0,1
30738,06:11:55,114.013397,22.668501,0,3
30738,07:19:08,114.0149,22.668501,0,22
30738,07:20:08,114.016998,22.6661,0,33
30738,07:20:38,114.0196,22.6675,0,37
30738,07:21:08,114.021004,22.6684,0,18
30738,07:22:09,114.024399,22.666,0,27
30738,07:22:38,114.026001,22.6672,0,27
30738,07:23:09,114.028198,22.6674,0,25
30738,07:23:39,114.0299,22.665501,0,37
30738,07:24:09,114.030197,22.665001,0,3
30738,07:25:39,114.030998,22.665501,0,16
30738,07:27:40,114.032303,22.6681,0,31
30738,07:29:10,114.0327,22.669201,0,35
30738,07:29:40,114.033997,22.671801,0,37
30738,07:30:10,114.035301,22.6747,0,35
30738,07:30:40,114.037201,22.6751,0,42
30738,07:31:10,114.039902,22.6745,0,24
30738,07:31:40,114.042397,22.677601,0,61
30738,07:33:41,114.043602,22.679399,0,7
30738,07:34:11,114.044502,22.679501,0,3
30738,07:36:11,114.044098,22.681,0,40
30738,07:36:41,114.044296,22.685301,0,57
30738,07:37:41,114.044502,22.6887,0,50
30738,07:39:12,114.044701,22.6929,0,18
30738,07:39:42,114.044701,22.6952,0,18
30738,07:40:12,114.044601,22.696501,0,44
30738,07:41:12,114.044502,22.698299,0,29
30738,07:41:42,114.044296,22.7015,0,38
30738,07:42:13,114.0439,22.7045,0,25
30738,07:42:43,114.042801,22.706301,0,48
30738,07:43:13,114.041801,22.7099,0,55
30738,07:44:13,114.042702,22.7118,0,18
30738,07:44:43,114.0438,22.714399,0,33
30738,07:46:14,114.047096,22.7174,0,27
30738,07:46:44,114.047302,22.718599,0,7
30738,07:47:44,114.047302,22.719,0,9
30738,07:48:14,114.047203,22.7174,0,16
30738,07:48:44,114.047501,22.716999,0,18
30738,07:49:14,114.0494,22.717699,0,11
30738,07:49:44,114.050598,22.718599,0,22
30738,07:50:37,114.048599,22.7174,1,44
30738,07:51:07,114.046303,22.7166,1,40
30738,07:52:38,114.043602,22.714199,1,55
30738,07:53:08,114.041901,22.7106,1,59
30738,07:53:38,114.042603,22.7062,1,62
30738,07:56:09,114.044296,22.700899,1,61
30738,07:56:39,114.044403,22.697001,1,55
30738,07:57:39,114.044502,22.692101,1,51
30738,07:58:10,114.044296,22.688,1,42
30738,07:58:40,114.043999,22.6847,1,38
30738,07:59:10,114.0439,22.6814,1,20
30738,07:59:40,114.0438,22.681,1,18
30738,08:00:10,114.042503,22.677999,1,59
30738,08:00:40,114.0401,22.674999,1,11
30738,08:01:41,114.039803,22.6744,1,35
30738,08:02:11,114.038498,22.6709,1,42
30738,08:03:41,114.038101,22.67,1,29
30738,08:04:11,114.036797,22.6672,1,29
30738,08:04:42,114.033501,22.6686,1,33
30738,08:05:42,114.032097,22.6684,1,37
30738,08:07:49,114.030899,22.6653,0,24
30738,08:12:19,114.031303,22.665701,0,1
30738,08:18:20,114.031998,22.667601,0,40
30738,08:18:50,114.033096,22.6688,0,18
30738,08:19:20,114.033798,22.671301,0,29
30738,08:19:50,114.036301,22.670799,0,40
30738,08:21:50,114.0373,22.667801,0,37
30738,08:22:20,114.035599,22.667601,0,20
30738,08:22:50,114.033997,22.6684,0,20
30738,08:23:20,114.0327,22.6691,0,24
30738,08:23:50,114.034203,22.671801,0,27
30738,08:24:20,114.037399,22.670401,0,18
30738,08:24:50,114.037598,22.6703,0,1
30738,08:27:20,114.040497,22.6754,0,46
30738,08:27:50,114.043503,22.679199,0,62
30738,08:28:20,114.044296,22.6835,0,70
30738,08:28:50,114.044502,22.6873,0,3
30738,08:29:20,114.044502,22.688801,0,37
30738,08:29:51,114.044701,22.6924,0,33
30738,08:30:21,114.046898,22.6929,0,44
30738,08:31:51,114.059502,22.6912,0,48
30738,08:32:21,114.064102,22.691799,0,68
30738,08:32:51,114.068901,22.692699,0,62
30738,08:34:21,114.0728,22.693501,0,40
30738,08:34:51,114.076599,22.694799,0,51
30738,08:35:22,114.0811,22.6964,0,61
30738,08:35:52,114.084602,22.6978,0,37
30738,08:36:22,114.086998,22.7003,0,42
30738,08:39:22,114.086899,22.7026,0,33
30738,08:40:53,114.086403,22.705,0,22
30738,08:41:53,114.086899,22.7059,0,5
30738,08:42:23,114.086098,22.704599,0,24
30738,08:42:53,114.085403,22.703199,0,11
30738,08:43:24,114.083702,22.704,0,33
30738,08:43:53,114.081497,22.705601,0,33
30738,08:44:24,114.079597,22.707399,0,18
30738,08:45:24,114.078796,22.708,0,27
30738,08:45:54,114.077698,22.708799,0,20
30738,08:46:24,114.0756,22.7103,0,46
30738,08:46:54,114.073303,22.712601,0,22
30738,08:47:24,114.070999,22.714399,0,37
30738,08:47:54,114.068802,22.716,0,20
30738,08:49:25,114.065002,22.7171,0,44
30738,08:49:55,114.0625,22.7195,0,44
30738,08:50:25,114.061897,22.7215,0,42
30738,08:51:25,114.060997,22.7229,0,20
30738,08:53:25,114.059402,22.7234,0,7
30738,08:54:25,114.057198,22.7236,0,38
30738,08:54:55,114.055496,22.7232,0,14
30738,08:55:25,114.054398,22.7222,0,31
30738,08:56:25,114.050903,22.718901,0,37
30738,08:56:55,114.050201,22.718399,0,5
30738,08:57:25,114.049698,22.718,0,1
30738,08:57:55,114.047699,22.7171,0,31
30738,08:58:56,114.049301,22.7176,0,42
30738,08:59:26,114.050598,22.7185,0,11
30738,08:59:56,114.052002,22.7199,0,40
30738,09:02:26,114.051697,22.7197,0,16
30738,09:03:56,114.049202,22.717699,0,35
30738,09:04:27,114.046402,22.7166,0,46
30738,09:06:27,114.041397,22.7152,0,24
30738,09:06:57,114.040604,22.715401,0,18
30738,09:07:57,114.038597,22.7155,0,7
30738,09:08:57,114.038399,22.7153,0,5
30738,09:10:28,114.037697,22.7152,0,7
30738,09:12:58,114.0373,22.7153,0,1
30738,09:13:29,114.0364,22.715,0,12
30738,09:14:59,114.034401,22.7148,0,14
30738,09:15:29,114.033203,22.7143,0,22
30738,09:15:59,114.032097,22.713699,0,1
30738,09:16:29,114.031197,22.7134,0,12
30738,09:17:00,114.029297,22.712999,0,44
30738,09:17:30,114.026199,22.7134,0,29
30738,09:19:00,114.025597,22.714199,0,20
30738,09:19:30,114.0271,22.7132,0,40
30738,09:20:00,114.0308,22.713301,0,37
30738,09:20:31,114.032501,22.7139,0,20
30738,09:21:01,114.033798,22.7146,0,7
30738,09:21:31,114.034302,22.7148,0,3
30738,09:22:31,114.033401,22.7155,0,33
30738,09:23:30,114.033401,22.7155,0,12
30738,09:24:00,114.033798,22.715099,0,9
30738,09:24:30,114.033401,22.714399,0,18
30738,09:25:01,114.031998,22.7136,0,3
30738,09:25:30,114.031197,22.7127,0,31
30738,09:26:00,114.031502,22.710501,0,35
30738,09:26:30,114.033203,22.708401,0,18
30738,09:27:00,114.035698,22.706499,0,29
30738,09:27:31,114.0373,22.705099,0,44
30738,09:28:01,114.036201,22.701099,0,61
30738,09:28:31,114.0354,22.697701,0,48
30738,09:29:31,114.0355,22.695499,0,3
30738,09:30:01,114.035599,22.694799,0,16
30738,09:30:31,114.035797,22.693001,0,27
30738,09:31:01,114.0354,22.690399,0,33
30738,09:31:32,114.034698,22.6875,0,46
30738,09:32:02,114.033897,22.684299,0,40
30738,09:32:31,114.033302,22.681499,0,44
30738,09:34:32,114.031502,22.6784,0,12
30738,09:35:01,114.031998,22.6777,0,7
30738,09:35:31,114.033302,22.6772,0,27
30738,09:36:31,114.035202,22.6761,0,22
30738,09:37:32,114.035004,22.674299,0,33
30738,09:39:32,114.033798,22.6721,0,16
30738,09:40:02,114.032799,22.6698,0,25
30738,09:40:32,114.032402,22.6689,0,22
30738,09:43:33,114.030502,22.6647,0,16
30738,09:53:05,114.031403,22.6668,0,29
30738,09:54:04,114.031998,22.6682,0,31
30738,09:54:34,114.030998,22.666401,0,16
30738,09:57:35,114.030701,22.666401,0,7
30738,09:58:35,114.030701,22.666401,0,1
30738,10:02:06,114.030998,22.6656,0,14
30738,10:04:07,114.032799,22.6695,0,31
30738,10:04:37,114.033897,22.6716,0,18
30738,10:05:07,114.0364,22.670799,0,5
30738,10:06:37,114.0373,22.670401,0,14
30738,10:07:07,114.0373,22.6679,0,50
30738,10:10:07,114.030899,22.666201,0,11
30738,10:12:07,114.030403,22.664801,0,12
30738,10:12:37,114.030998,22.6656,0,11
30738,10:17:24,114.031998,22.6677,1,27
30738,10:18:55,114.032303,22.6684,1,16
30738,10:19:25,114.033501,22.6707,1,31
30738,10:19:55,114.0354,22.6712,1,51
30738,10:20:25,114.037102,22.6705,1,12
30738,10:21:56,114.037498,22.6703,1,24
30738,10:22:26,114.039001,22.672001,1,57
30738,10:22:56,114.040497,22.6745,1,38
30738,10:24:43,114.040497,22.6744,1,31
30738,10:25:14,114.043198,22.6747,1,48
30738,10:25:44,114.046303,22.672899,1,59
30738,10:26:11,114.048698,22.6702,1,29
30738,10:26:44,114.052498,22.6682,1,44
30738,10:27:14,114.053703,22.666201,1,53
30738,10:28:45,114.052299,22.663601,1,25
30738,10:29:15,114.051102,22.6614,1,48
30738,10:29:45,114.048599,22.6611,1,37
30738,10:30:15,114.049202,22.659201,1,46
30738,10:30:45,114.0495,22.654301,1,64
30738,10:31:15,114.049797,22.6485,1,90
30738,10:31:46,114.048203,22.6415,1,94
30738,10:32:16,114.0448,22.6357,1,83
30738,10:32:46,114.042999,22.6299,1,81
30738,10:33:16,114.042999,22.6241,1,74
30738,10:33:46,114.044197,22.618401,1,81
30738,10:34:16,114.044701,22.612,1,83
30738,10:34:46,114.043999,22.608101,1,5
30738,10:35:47,114.043999,22.6066,1,38
30738,10:36:14,114.043602,22.603399,1,57
30738,10:36:47,114.043503,22.6008,1,18
30738,10:37:17,114.044197,22.599501,1,14
30738,10:38:04,114.044296,22.5996,0,31
30738,10:38:34,114.043602,22.601999,0,38
30738,10:39:04,114.044601,22.604601,0,33
30738,10:39:34,114.042503,22.6031,0,29
30738,10:40:04,114.040199,22.6056,0,29
30738,10:40:34,114.039001,22.6075,0,29
30738,10:41:35,114.040703,22.6085,0,16
30738,10:42:05,114.040604,22.6101,0,33
30738,10:42:35,114.039703,22.6127,0,35
30738,10:43:05,114.0382,22.6152,0,12
30738,10:44:11,114.037201,22.6171,1,3
30738,10:46:12,114.037201,22.6171,1,11
30738,10:46:42,114.0345,22.6161,1,55
30738,10:48:13,114.032501,22.615101,1,7
30738,10:48:43,114.029999,22.613199,1,40
30738,10:49:09,114.028,22.614599,1,61
30738,10:50:43,114.025299,22.618799,1,51
30738,10:52:51,114.024399,22.622601,0,38
30738,10:53:21,114.026398,22.6236,0,35
30738,10:54:56,114.026703,22.627399,1,53
30738,10:55:56,114.0252,22.632799,1,55
30738,10:56:27,114.0252,22.6359,1,37
30738,10:56:57,114.0299,22.6346,1,62
30738,11:14:19,114.054497,22.643299,0,7
30738,11:15:01,114.055,22.6402,1,61
30738,11:15:31,114.055298,22.636299,1,16
30738,11:18:01,114.055397,22.635401,1,31
30738,11:18:32,114.055397,22.632299,1,53
30738,11:19:02,114.055298,22.6306,1,7
30738,11:20:22,114.052399,22.630699,0,25
30738,11:20:52,114.052399,22.632099,0,29
30738,11:21:23,114.051598,22.6334,0,31
30738,11:21:53,114.049004,22.633301,0,12
30738,11:22:23,114.050201,22.634501,0,18
30738,11:22:53,114.051102,22.6366,0,7
30738,11:23:23,114.050797,22.6376,0,37
30738,11:24:23,114.045898,22.639999,0,38
30738,11:24:53,114.045898,22.642099,0,46
30738,11:25:54,114.045998,22.6436,0,22
30738,11:27:24,114.046204,22.646299,0,44
30738,11:27:54,114.045303,22.6493,0,40
30738,11:30:41,114.039299,22.653799,1,55
30738,11:31:11,114.040001,22.6565,1,11
30738,11:32:11,114.036797,22.6586,1,46
30738,11:33:12,114.033302,22.661501,1,38
30738,11:33:42,114.030899,22.664301,1,29
30738,11:35:12,114.030403,22.664801,1,29
30738,11:35:42,114.028397,22.6672,1,33
30738,11:38:13,114.027603,22.6681,1,12
30738,11:38:43,114.025597,22.670401,1,40
30738,11:41:14,114.025101,22.671101,1,5
30738,11:42:44,114.023804,22.673201,1,38
30738,11:43:15,114.022903,22.6749,1,24
30738,11:43:45,114.022102,22.6763,1,9
30738,11:44:45,114.022003,22.6763,0,11
30738,11:45:15,114.023102,22.674101,0,24
30738,11:45:45,114.021698,22.673201,0,11
30738,11:46:15,114.020699,22.6724,0,11
30738,11:46:45,114.018898,22.6712,0,33
30738,11:47:15,114.016998,22.670099,0,22
30738,11:48:16,114.015297,22.6689,0,16
30738,11:48:46,114.013397,22.6682,0,25
30738,11:49:16,114.011902,22.6679,0,1
30738,11:50:16,114.011002,22.667101,0,1
30738,12:35:20,114.011597,22.667801,0,16
30738,12:35:51,114.013496,22.6682,0,20
30738,12:38:21,114.014702,22.6686,0,16
30738,12:42:57,114.019096,22.667299,1,44
30738,12:43:57,114.020798,22.668501,1,20
30738,12:44:27,114.0233,22.670401,1,33
30738,12:44:57,114.024597,22.6714,1,14
30738,12:45:58,114.024803,22.6721,1,20
30738,12:47:00,114.023697,22.673201,1,5
30738,12:49:01,114.025597,22.6703,1,42
30738,12:51:31,114.027901,22.6675,1,33
30738,12:52:02,114.029999,22.6651,1,29
30738,12:53:32,114.030998,22.6656,1,18
30738,12:56:33,114.031799,22.6675,1,35
30738,12:58:07,114.032402,22.6688,0,11
30738,12:58:37,114.031502,22.6672,0,35
30738,13:00:03,114.030403,22.664801,1,12
30738,13:00:33,114.031097,22.665899,1,9
30738,13:01:03,114.032501,22.6686,1,27
30738,13:01:34,114.033203,22.6703,1,53
30738,13:02:04,114.036201,22.671,1,59
30738,13:04:04,114.038597,22.6709,1,48
30738,13:04:34,114.040398,22.6751,1,51
30738,13:05:05,114.043404,22.679001,1,50
30738,13:06:35,114.0438,22.679701,1,25
30738,13:07:05,114.044197,22.683399,1,42
30738,13:08:36,114.044502,22.688601,1,48
30738,13:09:06,114.044701,22.6931,1,38
30738,13:11:06,114.044502,22.6991,1,46
30738,13:11:37,114.044296,22.7027,1,46
30738,13:14:07,114.041801,22.708401,1,59
30738,13:18:39,114.044197,22.7185,1,29
30738,13:19:09,114.0438,22.7208,1,18
30738,13:19:39,114.044098,22.7216,1,20
30738,13:20:39,114.046501,22.721901,1,22
30738,13:21:15,114.048203,22.723301,0,11
30738,13:23:15,114.047798,22.723301,0,24
30738,13:23:45,114.046402,22.7218,0,18
30738,13:24:16,114.043701,22.7216,0,31
30738,13:24:46,114.041901,22.721901,0,7
30738,13:25:16,114.041,22.722401,0,33
30738,13:26:46,114.038101,22.7239,0,5
30738,13:27:16,114.036499,22.7253,0,40
30738,13:27:46,114.035202,22.723801,0,33
30738,13:28:16,114.0345,22.7243,0,42
30738,13:28:47,114.033798,22.727301,0,14
30738,13:30:47,114.033096,22.727501,0,40
30738,13:31:17,114.028999,22.7278,0,59
30738,13:31:46,114.027397,22.730101,0,48
30738,13:32:17,114.026497,22.731199,0,46
30738,13:32:47,114.022797,22.7341,0,50
30738,13:33:47,114.021301,22.7344,0,24
30738,13:34:17,114.020103,22.7351,0,20
30738,13:34:47,114.018997,22.7363,0,22
30738,13:35:17,114.017403,22.7384,0,33
30738,13:35:48,114.017097,22.7407,0,27
30738,13:36:18,114.0168,22.742201,0,22
30738,13:36:48,114.0159,22.7435,0,22
30738,13:37:18,114.0149,22.7444,0,24
30738,13:38:48,114.012802,22.7428,0,33
30738,13:39:19,114.0131,22.740801,0,46
30738,13:40:19,114.017303,22.738701,0,33
30738,13:40:49,114.018501,22.736799,0,22
30738,13:41:19,114.019501,22.735701,0,14
30738,13:41:48,114.020599,22.734501,0,24
30738,13:42:19,114.0214,22.7328,0,12
30738,13:42:49,114.021301,22.7314,0,29
30738,13:43:19,114.0214,22.729,0,40
30738,13:44:19,114.022102,22.723801,0,31
30738,13:44:49,114.023003,22.7213,0,33
30738,13:45:19,114.025597,22.7194,0,57
30738,13:45:49,114.0299,22.7174,0,59
30738,13:46:19,114.032501,22.7162,0,18
30738,13:46:49,114.033897,22.714701,0,20
30738,13:47:20,114.031502,22.713499,0,35
30738,13:48:20,114.0326,22.709,0,18
30738,13:48:50,114.031197,22.706499,0,37
30738,13:49:20,114.029503,22.7057,0,37
30738,13:49:50,114.029099,22.7059,0,5
30738,13:52:21,114.0336,22.708,0,51
30738,13:52:51,114.031197,22.711201,0,50
30738,13:53:21,114.0317,22.7136,0,29
30738,13:54:20,114.034798,22.7148,0,35
30738,13:56:21,114.0364,22.715,0,1
30738,13:57:21,114.035698,22.719601,0,44
30738,13:57:51,114.034897,22.723101,0,44
30738,13:58:22,114.034599,22.724199,0,40
30738,13:59:52,114.033798,22.7271,0,14
30738,14:01:00,114.029602,22.727501,1,53
30738,14:01:30,114.0271,22.729601,1,46
30738,14:02:00,114.025101,22.731899,1,61
30738,14:02:30,114.022598,22.7344,1,7
30738,14:03:00,114.022598,22.7344,1,9
30738,14:03:31,114.021698,22.736601,1,38
30738,14:04:01,114.021202,22.7402,1,48
30738,14:04:31,114.020203,22.743999,1,48
30738,14:05:01,114.019096,22.746401,1,38
30738,14:05:31,114.017799,22.748899,1,14
30738,14:06:01,114.017601,22.749201,1,1
30738,14:07:22,114.017303,22.75,0,18
30738,14:07:52,114.016998,22.748699,0,33
30738,14:08:22,114.016098,22.7484,0,11
30738,14:09:23,114.013199,22.7495,0,27
30738,14:09:53,114.012802,22.7502,0,16
30738,14:10:23,114.013702,22.7479,0,25
30738,14:10:53,114.013802,22.7474,0,24
30738,14:11:23,114.014503,22.745399,0,14
30738,14:11:53,114.015602,22.743799,0,27
30738,14:12:23,114.016502,22.7425,0,20
30738,14:13:23,114.017197,22.739,0,14
30738,14:13:53,114.018204,22.737101,0,29
30738,14:14:23,114.019096,22.736099,0,9
30738,14:14:53,114.020401,22.734699,0,29
30738,14:15:23,114.021004,22.733999,0,3
30738,14:15:54,114.021301,22.7335,0,1
30738,14:16:24,114.021301,22.7332,0,3
30738,14:19:54,114.021301,22.7318,0,7
30738,14:20:24,114.0214,22.73,0,40
30738,14:20:54,114.021202,22.7271,0,9
30738,14:21:24,114.0215,22.725,0,35
30738,14:22:24,114.022202,22.722799,0,48
30738,14:22:55,114.0243,22.719999,0,33
30738,14:23:25,114.027298,22.7185,0,37
30738,14:23:55,114.031502,22.7167,0,51
30738,14:24:25,114.033798,22.715,0,16
30738,14:24:55,114.033401,22.714399,0,5
30738,14:25:25,114.033096,22.7143,0,3
30738,14:25:55,114.031403,22.713499,0,16
30738,14:26:25,114.0308,22.7117,0,29
30738,14:26:55,114.032501,22.709299,0,38
30738,14:27:26,114.034599,22.7071,0,35
30738,14:27:56,114.036301,22.706301,0,16
30738,14:28:26,114.037003,22.7045,0,46
30738,14:28:56,114.036102,22.700701,0,48
30738,14:29:26,114.0354,22.698,0,42
30738,14:30:57,114.035797,22.6936,0,42
30738,14:31:27,114.035301,22.6903,0,35
30738,14:31:57,114.034599,22.687,0,51
30738,14:32:57,114.032204,22.6798,0,3
30738,14:33:27,114.031898,22.679399,0,14
30738,14:33:57,114.031502,22.678499,0,12
30738,14:36:28,114.031403,22.677999,0,12
30738,14:36:58,114.033096,22.677299,0,29
30738,14:37:28,114.035004,22.676201,0,20
30738,14:38:28,114.0355,22.6759,0,27
30738,14:38:58,114.034798,22.674101,0,9
30738,14:39:29,114.0336,22.671499,0,44
30738,14:40:29,114.032303,22.6688,0,25
30738,14:43:29,114.030403,22.664801,0,5
30738,14:49:18,114.031303,22.6665,1,37
30738,14:50:49,114.032402,22.668699,1,22
30738,14:51:19,114.0336,22.6712,1,5
30738,14:51:49,114.0345,22.673201,1,37
30738,14:53:20,114.0354,22.6751,1,9
30738,14:53:50,114.034897,22.6763,1,27
30738,14:54:20,114.032898,22.6775,1,9
30738,14:54:50,114.031799,22.6779,1,16
30738,14:55:20,114.031799,22.6789,1,18
30738,14:55:50,114.032898,22.680799,1,11
30738,14:56:21,114.033897,22.683599,1,51
30738,14:56:51,114.034897,22.688,1,40
30738,14:57:21,114.035698,22.6915,1,48
30738,14:59:52,114.035698,22.694099,1,29
30738,15:00:22,114.033699,22.6931,1,42
30738,15:00:52,114.030502,22.6926,1,40
30738,15:01:22,114.027496,22.6922,1,24
30738,15:01:52,114.025597,22.691299,1,31
30738,15:02:53,114.024803,22.6912,1,12
30738,15:03:23,114.025902,22.6933,1,42
30738,15:04:23,114.0261,22.698601,1,38
30738,15:04:53,114.027702,22.700701,1,42
30738,15:05:23,114.030602,22.702299,1,37
30738,15:06:24,114.035301,22.7059,1,24
30738,15:06:54,114.035599,22.7066,1,7
30738,15:07:24,114.033302,22.708401,1,57
30738,15:07:54,114.031197,22.7111,1,38
30738,15:08:24,114.031197,22.7134,1,16
30738,15:08:54,114.033096,22.7143,1,7
30738,15:09:25,114.033897,22.714701,1,7
30738,15:09:55,114.0336,22.715401,1,20
30738,15:10:25,114.031197,22.716999,1,33
30738,15:10:55,114.028,22.718201,1,24
30738,15:11:25,114.026199,22.719101,1,42
30738,15:11:55,114.023003,22.721399,1,48
30738,15:12:26,114.021896,22.7244,1,37
30738,15:12:56,114.0215,22.7258,1,12
30738,15:13:26,114.020699,22.7271,1,31
30738,15:13:56,114.017601,22.727699,1,38
30738,15:14:26,114.017899,22.7306,1,33
30738,15:14:56,114.017799,22.7321,1,9
30738,15:15:26,114.018204,22.732901,1,16
30738,15:15:57,114.019402,22.7323,1,9
30738,15:16:27,114.020699,22.731701,1,20
30738,15:19:28,114.0214,22.731701,1,5
30738,15:22:46,114.0177,22.738701,0,3
30738,15:23:16,114.017601,22.739799,0,9
30738,15:23:47,114.016899,22.741501,0,14
30738,15:24:47,114.0159,22.743401,0,18
30738,15:25:17,114.015404,22.7442,0,25
30738,15:25:47,114.014198,22.746,0,20
30738,15:26:17,114.014801,22.747801,0,12
30738,15:26:31,114.015099,22.7479,0,12
30738,15:37:04,114.013901,22.747499,0,29
30738,15:37:34,114.014297,22.7458,0,16
30738,15:38:04,114.014999,22.7446,0,18
30738,15:38:34,114.015999,22.743099,0,27
30738,15:39:04,114.016998,22.7409,0,31
30738,15:39:34,114.017303,22.739,0,14
30738,15:40:04,114.018303,22.737,0,27
30738,15:40:34,114.019302,22.7358,0,16
30738,15:41:05,114.020699,22.734301,0,16
30738,15:41:35,114.021004,22.733999,0,3
30738,15:42:05,114.021202,22.733601,0,5
30738,15:42:35,114.021301,22.732901,0,9
30738,15:43:05,114.021301,22.732201,0,1
30738,15:43:35,114.021301,22.7316,0,16
30738,15:44:05,114.0214,22.73,0,25
30738,15:44:36,114.021301,22.726601,0,16
30738,15:46:06,114.022797,22.7215,0,42
30738,15:46:36,114.025803,22.7192,0,59
30738,15:47:06,114.0298,22.7174,0,59
30738,15:47:36,114.0327,22.716,0,27
30738,15:48:36,114.033897,22.714701,0,12
30738,15:49:06,114.032303,22.7138,0,25
30738,15:49:37,114.031197,22.712799,0,27
30738,15:50:37,114.0336,22.707899,0,40
30738,15:51:07,114.035599,22.7066,0,16
30738,15:51:37,114.0373,22.7057,0,37
30738,15:52:07,114.0364,22.7017,0,48
30738,15:52:37,114.035599,22.698799,0,38
30738,15:54:38,114.035301,22.697201,0,16
30738,15:55:08,114.0355,22.6957,0,5
30738,15:57:09,114.0354,22.695601,0,9
30738,15:57:39,114.035797,22.6938,0,37
30738,15:58:39,114.034599,22.686899,0,57
30738,15:59:08,114.033897,22.684099,0,50
30738,15:59:40,114.0327,22.6807,0,51
30738,16:00:10,114.031403,22.678101,0,31
30738,16:00:39,114.030098,22.675501,0,25
30738,16:01:09,114.028297,22.6742,0,16
30738,16:01:39,114.028,22.673901,0,12
30738,16:02:10,114.027397,22.6735,0,7
30738,16:05:10,114.027702,22.673401,0,11
30738,16:06:11,114.028,22.672899,0,14
30738,16:06:41,114.028801,22.6719,0,16
30738,16:07:11,114.029297,22.671301,0,11
30738,16:07:41,114.029701,22.670799,0,14
30738,16:08:11,114.029999,22.67,0,22
30738,16:08:41,114.0317,22.669201,0,14
30738,16:09:42,114.033798,22.6684,0,38
30738,16:10:12,114.036903,22.667101,0,38
30738,16:10:42,114.037804,22.6633,0,42
30738,16:11:11,114.037903,22.659901,0,57
30738,16:11:41,114.0373,22.6584,0,16
30738,16:12:11,114.039001,22.657101,0,29
30738,16:12:41,114.040298,22.655899,0,29
30738,16:13:12,114.038803,22.652901,0,11
30738,16:14:12,114.038696,22.6527,0,14
30738,16:14:42,114.039902,22.651699,0,29
30738,16:15:12,114.042099,22.650801,0,14
30738,16:17:12,114.040199,22.6462,0,27
30738,16:19:43,114.041801,22.6451,0,5
30738,16:22:44,114.038498,22.6464,0,48
30738,16:23:14,114.036697,22.6471,0,12
30738,16:23:44,114.034798,22.647699,0,37
30738,16:26:14,114.0317,22.648899,0,25
30738,16:27:14,114.028,22.651899,0,44
30738,16:27:44,114.025497,22.6549,0,42
30738,16:28:14,114.024101,22.6565,0,42
30738,16:29:45,114.022003,22.658899,0,20
30738,16:30:15,114.020798,22.660299,0,12
30738,16:31:15,114.021599,22.6611,0,24
30738,16:31:45,114.019798,22.661501,0,37
30738,16:33:15,114.019203,22.6623,0,16
30738,16:33:45,114.017502,22.6647,0,29
30738,16:34:15,114.015999,22.666901,0,42
30738,16:35:25,114.013802,22.6684,0,25
30738,16:35:55,114.012703,22.6681,0,29
30738,16:36:25,114.011803,22.6677,0,7
30738,16:44:57,114.0121,22.6679,0,1
30738,16:45:58,114.011703,22.667801,0,3
30738,16:46:28,114.0131,22.6682,0,20
30738,16:49:29,114.015099,22.668301,0,33
30738,16:51:58,114.016296,22.666401,0,16
30738,16:52:29,114.018997,22.6672,0,38
30738,16:52:58,114.0205,22.668301,0,16
30738,16:53:29,114.022202,22.667601,0,29
30738,16:53:58,114.023499,22.666401,0,9
30738,16:55:59,114.023903,22.666,0,18
30738,16:56:59,114.028397,22.6672,0,46
30738,16:57:29,114.029602,22.666401,0,7
30738,16:57:59,114.030296,22.666901,0,7
30738,16:58:59,114.030899,22.666201,0,3
30738,16:59:42,114.031197,22.666201,0,1
30738,17:00:36,114.029602,22.665701,1,38
30738,17:01:06,114.028,22.6677,1,9
30738,17:02:06,114.027199,22.6686,1,7
30738,17:02:37,114.0271,22.6688,1,9
30738,17:03:07,114.026497,22.6695,1,16
30738,17:11:09,114.024902,22.671301,1,14
30738,17:11:39,114.024902,22.6721,1,1
30738,17:13:00,114.024597,22.672001,0,9
30738,17:13:30,114.023697,22.6735,0,24
30738,17:14:00,114.023499,22.6738,0,9
30738,17:14:30,114.0242,22.6745,0,11
30738,17:15:00,114.025299,22.674601,0,11
30738,17:15:30,114.026199,22.6737,0,18
30738,17:18:01,114.029198,22.674601,0,5
30738,17:18:31,114.030502,22.6756,0,16
30738,17:20:01,114.030998,22.676201,0,5
30738,17:20:31,114.031097,22.676399,0,12
30738,17:21:01,114.031601,22.678101,0,12
30738,17:21:31,114.031799,22.678801,0,5
30738,17:22:01,114.032402,22.6798,0,14
30738,17:22:32,114.032997,22.680799,0,16
30738,17:23:02,114.033997,22.6838,0,42
30738,17:23:32,114.034798,22.687401,0,40
30738,17:24:02,114.035202,22.689199,0,27
30738,17:24:32,114.035896,22.692301,0,48
30738,17:25:32,114.035896,22.6933,0,20
30738,17:26:32,114.035202,22.690001,0,40
30738,17:27:02,114.0345,22.6866,0,50
30738,17:28:02,114.031898,22.6793,0,16
30738,17:28:32,114.031502,22.678499,0,1
30738,17:29:02,114.031303,22.677601,0,27
30738,17:29:31,114.030197,22.6756,0,40
30738,17:30:01,114.028198,22.674999,0,27
30738,17:30:32,114.026604,22.6747,0,7
30738,17:31:02,114.025703,22.6745,0,12
30738,17:32:10,114.026497,22.672899,1,9
30738,17:35:11,114.025398,22.672001,1,9
30738,17:37:41,114.025002,22.6717,1,14
30738,17:38:12,114.026299,22.6695,1,38
30738,17:38:42,114.027901,22.6677,1,35
30738,17:39:12,114.029404,22.665899,1,35
30738,17:40:17,114.030701,22.6649,0,25
30738,17:40:47,114.031502,22.6667,0,29
30738,17:41:17,114.032303,22.6684,0,16
30738,17:42:17,114.031601,22.667299,0,9
30738,17:43:17,114.031097,22.666401,0,1
30738,17:44:43,114.030502,22.6651,1,3
30738,17:46:14,114.030403,22.665001,1,14
30738,17:46:44,114.031197,22.6639,1,33
30738,17:47:14,114.033302,22.6614,1,22
30738,17:48:14,114.035599,22.6595,1,51
30738,17:48:44,114.036797,22.6574,1,40
30738,17:49:15,114.036201,22.656099,1,5
30738,17:50:15,114.034401,22.651899,1,46
30738,17:50:45,114.032501,22.6493,1,31
30738,17:53:16,114.031998,22.6486,1,22
30738,17:54:27,114.0336,22.648001,1,33
30738,17:54:57,114.0354,22.647499,1,11
30738,17:55:27,114.037102,22.6469,1,11
30738,17:55:57,114.039497,22.645901,1,33
30738,17:57:58,114.040001,22.6457,1,25
30738,17:58:28,114.042603,22.6448,1,33
30738,18:00:20,114.045898,22.641199,0,9
30738,18:00:51,114.046097,22.6437,0,18
30738,18:01:21,114.046204,22.646099,0,38
30738,18:01:51,114.045799,22.6486,0,38
30738,18:03:48,114.042603,22.650801,1,31
30738,18:04:19,114.039803,22.6518,1,35
30738,18:05:19,114.040398,22.655899,1,9
30738,18:05:49,114.040199,22.656401,1,7
30738,18:06:49,114.040001,22.6565,1,1
30738,18:07:20,114.039597,22.656799,1,1
30738,18:07:50,114.039299,22.657,1,5
30738,18:08:20,114.038498,22.657499,1,22
30738,18:08:50,114.037903,22.6595,1,44
30738,18:09:20,114.0382,22.662701,1,46
30738,18:10:20,114.037598,22.6646,1,50
30738,18:10:51,114.037903,22.6691,1,55
30738,18:12:21,114.0383,22.669901,1,14
30738,18:14:05,114.0373,22.665199,1,57
30738,18:21:38,114.033798,22.650999,1,16
30738,18:23:38,114.032799,22.649799,1,7
30738,18:26:39,114.033302,22.6481,1,53
30738,18:29:10,114.036697,22.646999,1,35
30738,18:29:40,114.039803,22.6458,1,20
30738,18:31:41,114.042198,22.644899,1,11
30738,18:34:00,114.044701,22.643999,0,61
30738,18:35:30,114.0457,22.6437,0,12
30738,18:36:00,114.043701,22.644501,0,53
30738,18:36:30,114.040901,22.6455,0,16
30738,18:37:31,114.039001,22.6462,0,40
30738,18:38:01,114.036301,22.647301,0,5
30738,18:39:31,114.035004,22.647699,0,29
30738,18:40:31,114.033096,22.6483,0,18
30738,18:43:32,114.031303,22.649099,0,27
30738,18:44:02,114.029999,22.650101,0,27
30738,18:44:32,114.027901,22.651899,0,29
30738,18:45:02,114.025497,22.6548,0,44
30738,18:47:03,114.024597,22.6558,0,40
30738,18:50:04,114.021698,22.659201,0,37
30738,18:50:34,114.020599,22.660601,0,35
30738,18:52:34,114.017998,22.6639,0,51
30738,18:53:04,114.016899,22.665701,0,12
30738,18:53:35,114.015701,22.6674,0,40
30738,18:54:35,114.014198,22.6698,0,27
30738,18:55:05,114.013298,22.671101,0,12
30738,18:55:35,114.012199,22.672701,0,20
30738,18:56:05,114.010597,22.674,0,35
30738,18:56:36,114.008698,22.6754,0,33
30738,18:57:06,114.0075,22.6768,0,14
30738,18:57:35,114.005798,22.676701,0,27
30738,18:58:06,114.004402,22.675699,0,31
30738,18:59:06,114.003998,22.675301,0,1
30738,18:59:36,114.004898,22.6763,0,29
30738,19:00:06,114.007004,22.677,0,16
30738,19:00:57,114.008698,22.675301,1,35
30738,19:01:27,114.010101,22.6742,1,40
30738,19:02:27,114.013397,22.670799,1,22
30738,19:02:57,114.014503,22.6691,1,24
30738,19:04:28,114.015503,22.6675,1,37
30738,19:05:28,114.016403,22.6661,1,20
30738,19:05:58,114.017502,22.6646,1,14
30738,19:06:28,114.018402,22.6632,1,31
30738,19:07:59,114.019501,22.6618,1,35
30738,19:08:29,114.020699,22.660299,1,14
30738,19:08:59,114.022102,22.6586,1,18
30738,19:11:00,114.023102,22.6574,1,24
30738,19:11:30,114.024498,22.6558,1,29
30738,19:13:30,114.025497,22.654499,1,35
30738,19:14:00,114.027298,22.6525,1,1
30738,19:14:31,114.028603,22.6511,1,44
30738,19:15:01,114.031197,22.649099,1,24
30738,19:16:01,114.031303,22.648899,1,9
30738,19:16:31,114.032898,22.648199,1,24
30738,19:17:01,114.034599,22.647699,1,31
30738,19:18:02,114.036499,22.646999,1,18
30738,19:18:32,114.0383,22.6464,1,24
30738,19:20:02,114.039803,22.6458,1,7
30738,19:20:33,114.042099,22.645,1,24
30738,19:21:03,114.045097,22.6439,1,27
30738,19:21:33,114.045998,22.642799,1,18
30738,19:22:33,114.045898,22.640301,1,11
30738,19:23:03,114.045799,22.6392,1,25
30738,19:24:34,114.045799,22.638599,1,16
30738,19:25:04,114.049004,22.637899,1,50
30738,19:25:34,114.051804,22.637199,1,33
30738,19:26:04,114.054604,22.6359,1,29
30738,19:26:34,114.055397,22.6357,1,22
30738,19:28:05,114.056099,22.6334,1,9
30738,19:32:52,114.055496,22.634899,0,51
30738,19:34:52,114.055397,22.635599,0,3
30738,19:35:22,114.053902,22.636299,0,35
30738,19:36:16,114.050102,22.6378,1,38
30738,19:36:46,114.046997,22.6383,1,29
30738,19:37:16,114.045502,22.6385,1,31
30738,19:37:46,114.042702,22.6394,1,35
30738,19:38:17,114.039803,22.641001,1,38
30738,19:39:17,114.038498,22.6416,1,12
30738,19:39:47,114.035698,22.642401,1,44
30738,19:40:17,114.033798,22.643,1,3
30738,19:41:48,114.033501,22.643,1,27
30738,19:42:18,114.030197,22.6439,1,50
30738,19:45:49,114.027199,22.644199,1,38
30738,19:46:49,114.025902,22.6408,1,25
30738,19:47:20,114.024696,22.6408,1,5
30738,19:48:50,114.023399,22.641001,1,9
30738,19:49:50,114.022003,22.641001,1,31
30738,19:50:20,114.021599,22.6397,1,1
30738,19:50:51,114.021301,22.638901,1,11
30738,19:52:45,114.019897,22.6378,1,42
30738,19:54:15,114.012001,22.642799,1,40
30738,19:58:16,113.9981,22.6619,1,22
30738,20:01:17,113.996002,22.663799,1,40
30738,20:01:47,113.993599,22.666,1,33
30738,20:02:17,113.990501,22.6686,1,59
30738,20:02:47,113.986702,22.671101,1,62
30738,20:03:18,113.981903,22.674,1,64
30738,20:03:48,113.977997,22.676701,1,53
30738,20:04:18,113.975403,22.679199,1,46
30738,20:04:48,113.973396,22.681601,1,48
30738,20:05:18,113.970596,22.684,1,42
30738,20:08:49,113.956902,22.6866,1,35
30738,20:09:19,113.953201,22.6887,1,48
30738,20:09:49,113.9515,22.6894,1,18
30738,20:10:20,113.949402,22.688299,1,38
30738,20:11:50,113.947304,22.685801,1,20
30738,20:12:20,113.945198,22.683901,1,44
30738,20:12:50,113.941803,22.683701,1,40
30738,20:13:21,113.939102,22.6833,1,31
30738,20:14:21,113.938103,22.683001,0,9
30738,20:14:51,113.939697,22.683399,0,42
30738,20:15:51,113.942703,22.683701,0,44
30738,20:16:21,113.945702,22.684099,0,44
30738,20:16:51,113.9478,22.686199,0,37
30738,20:17:21,113.949997,22.688801,0,37
30738,20:17:52,113.953003,22.6889,0,51
30738,20:18:22,113.955803,22.686399,0,33
30738,20:18:52,113.958397,22.6868,0,48
30738,20:19:52,113.959503,22.687099,0,27
30738,20:20:22,113.958603,22.6908,0,57
30738,20:20:52,113.958099,22.695,0,53
30738,20:21:22,113.959099,22.698799,0,31
30738,20:23:53,113.961502,22.701,0,31
30738,20:24:23,113.959702,22.699699,0,29
30738,20:24:53,113.959297,22.700199,0,14
30738,20:25:24,113.957603,22.698601,0,33
30738,20:25:54,113.955597,22.6989,0,29
30738,20:26:24,113.9552,22.698099,0,14
30738,20:27:54,113.954498,22.697399,0,5
30738,20:28:24,113.955299,22.6984,0,25
30738,20:28:54,113.956703,22.6987,0,7
30738,20:29:24,113.958504,22.698601,0,25
30738,20:30:24,113.959503,22.6994,0,7
30738,20:30:54,113.9608,22.701099,0,22
30738,20:31:24,113.9617,22.700899,0,3
30738,20:32:25,113.9627,22.7008,0,3
30738,20:33:25,113.963203,22.700701,0,3
30738,20:33:55,113.963799,22.7006,0,7
30738,20:34:25,113.964401,22.700399,0,9
30738,20:34:55,113.964798,22.700701,0,5
30738,20:35:25,113.965202,22.7005,0,14
30738,20:35:55,113.964996,22.6987,0,18
30738,20:36:25,113.965202,22.6973,0,29
30738,20:36:55,113.9664,22.695601,0,25
30738,20:37:25,113.968697,22.696501,0,33
30738,20:37:55,113.970802,22.696699,0,24
30738,20:41:25,113.981499,22.692801,0,37
30738,20:41:55,113.984299,22.692801,0,31
30738,20:42:25,113.986397,22.692801,0,9
30738,20:42:55,113.986397,22.690701,0,40
30738,20:43:24,113.987602,22.688,0,35
30738,20:43:55,113.988602,22.685699,0,5
30738,20:44:55,113.989403,22.684,0,35
30738,20:45:25,113.990501,22.6817,0,29
30738,20:45:55,113.991501,22.6791,0,37
30738,20:46:25,113.9925,22.676701,0,31
30738,20:46:55,113.993301,22.6745,0,22
30738,20:47:24,113.994102,22.672501,0,25
30738,20:47:54,113.995903,22.6705,0,44
30738,20:50:25,113.999298,22.6677,0,24
30738,20:50:55,113.999802,22.6661,0,40
30738,20:51:25,113.999496,22.6633,0,25
30738,20:52:25,113.997803,22.662001,0,18
30738,20:52:55,114.0,22.6593,0,50
30738,20:53:26,114.002197,22.656099,0,50
30738,20:54:56,114.003403,22.6544,0,40
30738,20:55:26,114.005501,22.651501,0,44
30738,20:55:56,114.0075,22.6485,0,22
30738,20:57:56,114.005997,22.646799,1,25
30738,20:58:27,114.003098,22.6451,1,33
30738,21:03:28,114.000702,22.636299,1,53
30738,21:03:54,114.002998,22.6332,1,53
30738,21:04:28,114.005798,22.629299,1,57
30738,21:04:58,114.007599,22.626301,1,29
30738,21:05:29,114.010201,22.627501,1,53
30738,21:06:15,114.015503,22.6306,0,42
30738,21:09:45,114.020798,22.6367,1,9
30738,21:11:15,114.021004,22.6376,1,44
30738,21:11:45,114.022003,22.6408,1,18
30738,21:12:15,114.022202,22.6415,1,16
30738,21:12:45,114.022598,22.6429,1,9
30738,21:13:15,114.023598,22.645901,1,37
30738,21:15:16,114.023598,22.647301,1,38
30738,21:15:46,114.022903,22.65,1,40
30738,21:16:16,114.021301,22.6525,1,12
30738,21:16:46,114.022499,22.6535,1,18
30738,21:17:16,114.024101,22.654699,1,25
30738,21:18:47,114.024803,22.655199,1,11
30738,21:19:17,114.023598,22.657,1,27
30738,21:19:45,114.023598,22.659,1,48
30738,21:20:17,114.024803,22.6598,1,29
30738,21:21:18,114.025299,22.66,0,1
30738,21:21:50,114.026604,22.6611,1,12
30738,21:24:21,114.027298,22.6616,1,7
30738,21:24:51,114.025497,22.6604,1,38
30738,21:25:21,114.024399,22.6597,1,27
30738,21:25:52,114.022202,22.6586,1,29
30738,21:26:22,114.019897,22.661301,1,27
30738,21:26:52,114.0196,22.661699,1,12
30738,21:27:22,114.018898,22.6626,1,18
30738,21:27:52,114.017899,22.6642,1,22
30738,21:28:22,114.016899,22.6656,1,3
30738,21:30:23,114.016197,22.6661,1,22
30738,21:31:23,114.011803,22.664101,1,1
30738,21:32:24,114.010002,22.6626,1,44
30738,21:32:54,114.0075,22.660999,1,27
30738,21:33:24,114.005699,22.6611,1,29
30738,21:33:54,114.003601,22.6612,1,16
30738,21:34:24,114.002403,22.663,1,38
30738,21:35:55,114.001297,22.667601,1,9
30738,21:37:32,114.001701,22.6679,0,5
30738,21:38:03,114.001602,22.667801,0,7
30738,21:38:33,114.001297,22.667601,0,7
30738,21:39:03,114.000504,22.667299,0,14
30738,21:39:33,114.000504,22.6665,0,31
30738,21:40:03,114.002098,22.663601,0,57
30738,21:40:33,114.0037,22.660999,0,40
30738,21:41:03,114.007301,22.6609,0,44
30738,21:43:34,114.010399,22.6628,0,55
30738,21:44:34,114.011002,22.6632,0,3
30738,21:45:04,114.012901,22.6647,0,40
30738,21:46:13,114.015404,22.6658,1,44
30738,21:47:43,114.016296,22.666,1,20
30738,21:48:13,114.018898,22.667101,1,31
30738,21:49:14,114.022903,22.670099,1,44
30738,21:50:44,114.0242,22.671,1,18
30738,21:51:14,114.0261,22.6723,1,7
30738,21:52:14,114.029503,22.6749,1,37
30738,21:52:45,114.031403,22.677099,1,22
30738,21:53:15,114.031898,22.679001,1,29
30738,21:53:42,114.032898,22.680799,1,27
30738,21:54:15,114.033997,22.683901,1,33
30738,21:55:15,114.0345,22.6852,1,12
30738,21:57:47,114.034203,22.684799,0,35
30738,21:58:17,114.035004,22.688,0,22
30738,21:59:17,114.035004,22.689301,0,29
30738,21:59:47,114.034302,22.6859,0,48
30738,22:00:17,114.033501,22.6826,0,55
30738,22:00:48,114.031502,22.678699,0,31
30738,22:01:48,114.031097,22.6768,0,40
30738,22:02:18,114.029404,22.675301,0,14
30738,22:03:49,114.026299,22.6747,0,18
30738,22:04:19,114.024902,22.674601,0,16
30738,22:04:49,114.023499,22.674299,0,5
30738,22:05:19,114.022301,22.6759,0,42
30738,22:05:49,114.0215,22.678101,0,35
30738,22:06:19,114.018898,22.679501,0,16
30738,22:06:49,114.016899,22.6805,0,37
30738,22:07:20,114.0131,22.6812,0,48
30738,22:08:20,114.007301,22.683201,0,20
30738,22:08:50,114.005699,22.683001,0,20
30738,22:09:20,114.005096,22.682301,0,18
30738,22:10:51,114.004997,22.680099,0,22
30738,22:11:21,114.003601,22.6812,0,27
30738,22:12:21,113.999298,22.681999,0,40
30738,22:14:22,113.997704,22.681601,0,11
30738,22:15:22,113.994698,22.6793,0,33
30738,22:15:52,113.992699,22.6782,0,37
30738,22:16:52,113.991096,22.6775,0,29
30738,22:17:53,113.990997,22.677299,0,24
30738,22:18:23,113.993202,22.678301,0,38
30738,22:19:23,113.995102,22.679399,0,14
30738,22:20:23,113.998596,22.681,0,29
30738,22:20:53,114.0,22.679501,0,22
30738,22:22:54,114.0009,22.678499,0,9
30738,22:23:24,113.999496,22.677299,0,29
30738,22:23:54,113.997398,22.6761,0,20
30738,22:24:24,113.995399,22.674999,0,27
30738,22:26:24,113.993599,22.674,0,25
30738,22:26:54,113.991501,22.6733,0,33
30738,22:27:24,113.989197,22.673901,0,40
30738,22:28:55,113.987801,22.677401,0,9
30738,22:29:24,113.986603,22.680201,0,51
30738,22:30:24,113.983597,22.681601,0,62
30738,22:30:54,113.979401,22.681601,0,27
30738,22:31:25,113.976402,22.680099,0,44
30738,22:31:55,113.974098,22.680599,0,51
30738,22:32:21,113.971802,22.683599,0,59
30738,22:32:55,113.966698,22.684299,0,55
30738,22:33:25,113.962502,22.684999,0,53
30738,22:34:56,113.960098,22.6866,0,16
30738,22:35:26,113.958603,22.687,0,25
30738,22:36:26,113.954102,22.687901,0,64
30738,22:36:56,113.951897,22.6894,0,1
30738,22:37:26,113.950302,22.6891,0,29
30738,22:37:57,113.948303,22.686899,0,24
30738,22:38:57,113.947899,22.686501,0,7
30738,22:39:27,113.946602,22.684799,0,38
30738,22:39:57,113.942398,22.683701,0,51
30738,22:40:27,113.938202,22.6831,0,51
30738,22:41:27,113.9347,22.6803,0,25
30738,22:41:58,113.934799,22.677601,0,37
30738,22:42:28,113.934303,22.6754,0,37
30738,22:42:58,113.932198,22.6754,0,3
30738,22:44:28,113.930702,22.6758,0,7
30738,22:44:58,113.929604,22.676399,0,27
30738,22:45:28,113.928596,22.676901,0,11
30738,22:46:29,113.927803,22.677401,0,1
30738,22:46:58,113.926804,22.6779,0,12
30738,22:47:29,113.9263,22.6782,0,12
30738,22:47:59,113.926498,22.679399,0,25
30738,22:48:58,113.928596,22.6814,0,40
30738,22:49:29,113.929604,22.683599,0,24
30738,22:50:59,113.934402,22.683001,0,11
30738,22:51:29,113.9366,22.682899,0,12
30738,22:51:59,113.939003,22.6831,0,37
30738,22:52:29,113.942299,22.6835,0,57
30738,22:53:29,113.948097,22.686501,0,48
30738,22:53:59,113.950203,22.6889,0,25
30738,22:54:59,113.951599,22.689301,0,31
30738,22:56:00,113.953796,22.688,0,40
30738,22:56:29,113.956497,22.686399,0,31
30738,22:56:59,113.958801,22.6868,0,7
30738,22:57:29,113.9599,22.686501,0,29
30738,22:58:30,113.967903,22.684099,0,66
30738,22:59:00,113.971901,22.682899,0,53
30738,22:59:30,113.974998,22.6793,0,57
30738,23:01:00,113.982399,22.673599,0,72
30738,23:01:30,113.9879,22.6703,0,85
30738,23:02:31,113.995201,22.664301,0,64
30738,23:03:01,113.997704,22.662001,0,35
30738,23:03:31,113.999901,22.6593,0,48
30738,23:04:01,114.001999,22.6565,0,40
30738,23:04:31,114.0028,22.655399,0,11
30738,23:05:01,114.004501,22.653,0,48
30738,23:05:31,114.007301,22.649099,0,46
30738,23:06:31,114.009697,22.6457,0,64
30738,23:07:01,114.012901,22.6413,0,81
30738,23:07:32,114.0168,22.638399,0,40
30738,23:08:02,114.020798,22.6373,0,68
30738,23:08:32,114.026299,22.635799,0,68
30738,23:09:02,114.030899,22.634501,0,31
30738,23:10:02,114.031898,22.634199,0,24
30738,23:10:33,114.035797,22.633301,0,51
30738,23:12:03,114.0392,22.6329,0,24
30738,23:12:33,114.040901,22.6327,0,7
30738,23:13:33,114.041603,22.632601,0,3
30738,23:16:34,114.042503,22.6325,0,14
30738,23:18:05,114.0429,22.632401,0,29
30738,23:18:35,114.047798,22.631399,0,75
30738,23:19:05,114.053902,22.629801,0,75
30738,23:19:35,114.060402,22.629499,0,79
30738,23:20:05,114.065399,22.630199,0,3
30738,23:22:06,114.065498,22.630199,0,14
30738,23:22:36,114.065102,22.6329,0,7
30738,23:23:36,114.064697,22.634001,0,48
30738,23:24:06,114.063202,22.637899,0,50
30738,23:24:37,114.0634,22.639099,0,14
30738,23:25:07,114.0644,22.6409,0,29
30738,23:25:37,114.065804,22.642599,0,22
30738,23:26:07,114.065804,22.644501,0,35
30738,23:26:37,114.0681,22.644501,0,16
30738,23:27:07,114.068802,22.6465,0,59
30738,23:27:38,114.069901,22.649799,0,7
30738,23:28:38,114.069702,22.649599,0,25
30738,23:29:08,114.068703,22.646799,0,40
30738,23:29:38,114.068298,22.644501,0,14
30738,23:30:08,114.065804,22.644501,0,33
30738,23:30:38,114.0625,22.6444,0,50
30738,23:31:38,114.061401,22.6422,0,50
30738,23:32:08,114.062202,22.639099,0,11
30738,23:32:38,114.060204,22.638599,0,33
30738,23:33:37,114.058701,22.638,0,7
30738,23:34:08,114.057701,22.6373,0,25
30738,23:34:37,114.056297,22.6364,0,31
30738,23:35:37,114.055603,22.636101,0,22
30738,23:36:07,114.052597,22.636999,0,46
30738,23:36:38,114.049301,22.637899,0,42
30738,23:37:04,114.046501,22.6383,0,44
30738,23:37:38,114.045898,22.641399,0,42
30738,23:38:08,114.045998,22.6434,0,5
30738,23:38:38,114.043503,22.6446,0,53
30738,23:39:08,114.040398,22.6457,0,27
30738,23:39:38,114.039299,22.6462,0,7
30738,23:40:08,114.036301,22.647301,0,38
30738,23:40:38,114.033203,22.648199,0,46
30738,23:41:09,114.030602,22.6497,0,31
30738,23:42:09,114.0271,22.653,0,37
30738,23:42:39,114.0252,22.655199,0,9
30738,23:43:09,114.0252,22.655199,0,11
30738,23:43:39,114.023499,22.657101,0,42
30738,23:45:34,114.027,22.6614,1,25
30738,23:46:04,114.026199,22.6635,1,57
30738,23:47:35,114.022903,22.666901,1,50
30738,23:48:05,114.020599,22.668501,1,31
30738,23:48:35,114.016998,22.6663,1,46
30738,23:50:05,114.016197,22.6661,1,33
30738,23:50:35,114.013603,22.6654,1,1
30738,23:51:57,114.013298,22.665199,0,27
30738,23:52:57,114.013496,22.665199,0,37
30738,23:53:27,114.015297,22.665701,0,12
30738,23:53:57,114.016701,22.665701,0,29
