36092,00:01:39,113.940697,22.5518,0,0
36092,00:02:09,113.940598,22.5518,0,0
36092,00:03:09,113.940498,22.551901,0,0
36092,00:03:39,113.940697,22.551701,0,0
36092,00:04:09,113.940903,22.551701,0,0
36092,00:05:09,113.941803,22.5513,0,0
36092,00:05:39,113.941597,22.5513,0,0
36092,00:06:08,113.941597,22.5513,0,0
36092,00:06:38,113.941597,22.5513,0,0
36092,00:07:08,113.941597,22.5513,0,0
36092,00:08:08,113.941597,22.5513,0,0
36092,00:09:10,113.941299,22.5513,0,4
36092,00:09:40,113.941498,22.549801,0,0
36092,00:11:39,113.939102,22.5432,0,25
36092,00:12:09,113.933701,22.5429,0,40
36092,00:13:40,113.919098,22.544201,0,18
36092,00:14:40,113.918602,22.5483,0,0
36092,00:15:40,113.9189,22.5492,0,7
36092,00:16:40,113.923103,22.5492,0,18
36092,00:17:09,113.9272,22.549299,0,25
36092,00:19:09,113.927299,22.5466,0,3
36092,00:20:09,113.928703,22.5445,0,4
36092,00:20:39,113.929398,22.544001,0,0
36092,00:21:09,113.929398,22.5441,0,0
36092,00:22:09,113.929199,22.543699,0,0
36092,00:23:38,113.928802,22.5436,0,0
36092,00:24:41,113.929703,22.5436,0,0
36092,00:25:11,113.929802,22.543699,0,0
36092,00:26:11,113.930801,22.542999,0,11
36092,00:26:41,113.9263,22.542801,0,25
36092,00:27:11,113.926903,22.5424,0,28
36092,00:27:41,113.927101,22.542601,0,27
36092,00:28:10,113.932999,22.5424,0,43
36092,00:28:40,113.939903,22.5427,0,48
36092,00:29:40,113.948997,22.5431,0,14
36092,00:30:10,113.953796,22.542101,0,36
36092,00:30:40,113.958504,22.543301,0,31
36092,00:31:10,113.959396,22.543301,0,0
36092,00:32:10,113.960297,22.546499,0,15
36092,00:32:40,113.960403,22.546801,0,0
36092,00:33:39,113.9618,22.5471,0,0
36092,00:34:10,113.961998,22.547001,0,0
36092,00:36:10,113.958603,22.5436,0,28
36092,00:36:40,113.953201,22.543501,0,40
36092,00:38:10,113.9468,22.543301,0,24
36092,00:38:40,113.942299,22.5431,0,30
36092,00:39:10,113.938103,22.542999,0,18
36092,00:40:10,113.933701,22.543301,0,20
36092,00:41:10,113.930702,22.5441,0,6
36092,00:42:40,113.929901,22.544399,0,0
36092,00:43:40,113.929901,22.5445,0,0
36092,00:44:12,113.930099,22.544701,0,0
36092,00:44:42,113.929901,22.544399,0,0
36092,00:45:11,113.930099,22.5441,0,0
36092,00:45:41,113.930099,22.5441,0,0
36092,00:46:11,113.93,22.544201,0,0
36092,00:46:41,113.93,22.544201,0,0
36092,00:47:11,113.93,22.544201,0,0
36092,00:47:41,113.93,22.544201,0,0
36092,00:48:11,113.930199,22.5439,0,0
36092,00:48:41,113.930199,22.5439,0,0
36092,00:49:12,113.930397,22.544201,0,0
36092,00:50:41,113.930099,22.5438,0,5
36092,00:51:11,113.9291,22.5452,0,18
36092,00:51:41,113.927399,22.5457,0,11
36092,00:52:11,113.928101,22.5483,0,23
36092,00:52:41,113.928398,22.551901,0,24
36092,00:54:11,113.9272,22.5495,0,0
36092,00:54:41,113.927002,22.549299,0,6
36092,00:55:40,113.9244,22.5469,0,14
36092,00:56:10,113.9226,22.5459,0,4
36092,00:56:40,113.922401,22.545799,0,12
36092,00:57:10,113.922302,22.542101,0,31
36092,00:57:41,113.922501,22.538799,0,0
36092,00:58:11,113.9235,22.5359,0,0
36092,00:58:41,113.923203,22.531799,0,0
36092,00:59:41,113.924896,22.529499,0,0
36092,01:00:13,113.924103,22.525801,0,25
36092,01:01:41,113.926399,22.5222,0,0
36092,01:02:11,113.9263,22.5222,0,0
36092,01:02:41,113.926598,22.5222,0,0
36092,01:03:11,113.926598,22.5222,0,0
36092,01:04:11,113.926399,22.5222,0,0
36092,01:04:41,113.926201,22.5222,0,4
36092,01:05:11,113.925598,22.5221,0,0
36092,01:05:41,113.925697,22.5219,0,0
36092,01:06:42,113.925797,22.5219,0,0
36092,01:07:12,113.925903,22.5221,0,0
36092,01:07:42,113.925903,22.5221,0,0
36092,01:10:12,113.925903,22.5221,0,0
36092,01:10:42,113.925903,22.5221,0,0
36092,01:12:42,113.924797,22.5221,0,0
36092,01:15:12,113.924896,22.5217,0,0
36092,01:16:43,113.925003,22.5215,0,0
36092,01:17:13,113.925003,22.5215,0,0
36092,01:17:43,113.925102,22.521799,0,0
36092,01:18:12,113.925102,22.5219,0,0
36092,01:18:42,113.925102,22.5219,0,0
36092,01:19:42,113.924896,22.5215,0,0
36092,01:20:42,113.925003,22.5217,0,0
36092,01:21:12,113.925003,22.5217,0,0
36092,01:21:43,113.924004,22.521799,0,20
36092,01:22:13,113.9245,22.5252,0,32
36092,01:22:43,113.924698,22.530701,0,38
36092,01:23:13,113.927101,22.5354,0,10
36092,01:23:42,113.9254,22.5326,0,32
36092,01:24:43,113.921501,22.528,0,0
36092,01:25:12,113.921303,22.5268,0,0
36092,01:26:12,113.922401,22.5273,0,3
36092,01:27:12,113.923599,22.527201,0,25
36092,01:27:42,113.925797,22.5252,0,20
36092,01:28:12,113.926102,22.5226,0,0
36092,01:28:44,113.9263,22.521999,0,6
36092,01:29:14,113.926102,22.5219,0,2
36092,01:29:43,113.926003,22.521999,0,0
36092,01:30:13,113.926003,22.5222,0,0
36092,01:30:43,113.926003,22.521999,0,0
36092,01:31:13,113.926003,22.521999,0,0
36092,01:31:43,113.926003,22.521999,0,0
36092,01:32:13,113.926003,22.5221,0,0
36092,01:32:43,113.926003,22.5221,0,0
36092,01:34:44,113.926003,22.5221,0,0
36092,01:35:13,113.926003,22.5221,0,0
36092,01:35:43,113.926003,22.5221,0,0
36092,01:36:13,113.926003,22.5221,0,0
36092,01:36:43,113.926003,22.5221,0,0
36092,01:37:13,113.925797,22.5222,0,0
36092,01:37:43,113.925797,22.5222,0,0
36092,01:38:43,113.925499,22.5219,0,0
36092,01:39:13,113.925003,22.5215,0,0
36092,01:39:43,113.925003,22.5215,0,0
36092,01:40:13,113.925003,22.5215,0,0
36092,01:40:43,113.925003,22.5215,0,0
36092,01:42:12,113.925003,22.5215,0,0
36092,01:42:42,113.925003,22.5215,0,0
36092,01:43:44,113.925201,22.521799,0,0
36092,01:45:14,113.925003,22.5215,0,0
36092,01:45:44,113.925003,22.5214,0,0
36092,01:46:14,113.925003,22.5214,0,0
36092,01:47:13,113.925003,22.5214,0,0
36092,01:47:43,113.925003,22.5214,0,0
36092,01:48:13,113.925003,22.521601,0,0
36092,01:48:44,113.924896,22.521799,0,0
36092,01:49:14,113.9254,22.5233,0,8
36092,01:50:14,113.9254,22.523001,0,4
36092,01:50:44,113.925003,22.5219,0,0
36092,01:52:13,113.925003,22.521799,0,0
36092,01:52:43,113.924896,22.5217,0,0
36092,01:53:13,113.924896,22.5217,0,0
36092,01:53:44,113.924896,22.5217,0,0
36092,01:54:14,113.924896,22.5217,0,0
36092,01:55:14,113.924896,22.5217,0,0
36092,01:55:44,113.924698,22.521999,0,0
36092,01:57:14,113.9245,22.5308,0,37
36092,01:57:43,113.9272,22.5366,0,43
36092,01:58:44,113.926003,22.5441,0,25
36092,01:59:44,113.922096,22.5431,0,28
36092,02:00:44,113.913902,22.5439,0,32
36092,02:01:14,113.910202,22.547501,0,40
36092,02:01:44,113.907303,22.5527,0,32
36092,02:03:14,113.895599,22.5641,0,48
36092,02:03:44,113.8909,22.569099,0,51
36092,02:04:14,113.885803,22.5741,0,39
36092,02:04:44,113.882103,22.5774,0,26
36092,02:05:14,113.879097,22.580299,0,23
36092,02:05:44,113.8787,22.5821,0,19
36092,02:06:14,113.879402,22.582701,0,14
36092,02:06:44,113.881203,22.584101,0,7
36092,02:08:15,113.883499,22.5819,0,0
36092,02:08:45,113.883499,22.5819,0,0
36092,02:09:15,113.883598,22.5821,0,8
36092,02:09:45,113.881798,22.584,0,21
36092,02:10:15,113.881599,22.584299,0,0
36092,02:10:45,113.880402,22.583799,0,24
36092,02:11:45,113.877502,22.582199,0,16
36092,02:15:14,113.855103,22.5895,0,32
36092,02:15:44,113.852203,22.5895,0,35
36092,02:16:14,113.848198,22.593201,0,45
36092,02:16:44,113.844498,22.5991,0,30
36092,02:17:44,113.844299,22.599701,0,0
36092,02:18:46,113.840797,22.606899,0,14
36092,02:19:45,113.837799,22.613001,0,24
36092,02:20:15,113.835503,22.618,0,38
36092,02:20:45,113.8349,22.6192,0,10
36092,02:21:15,113.831001,22.617901,0,31
36092,02:21:45,113.8255,22.6152,0,41
36092,02:22:15,113.819397,22.6126,0,50
36092,02:22:45,113.816299,22.614401,0,39
36092,02:23:15,113.813004,22.620399,0,50
36092,02:23:45,113.813004,22.623301,0,14
36092,02:24:45,113.813499,22.6245,0,0
36092,02:25:14,113.813599,22.624701,0,0
36092,02:25:44,113.813499,22.625099,0,5
36092,02:28:46,113.813202,22.625601,0,0
36092,02:29:16,113.813004,22.625799,0,7
36092,02:29:46,113.8125,22.6269,0,0
36092,02:30:16,113.8125,22.6269,0,0
36092,02:30:45,113.812302,22.6273,0,7
36092,02:31:15,113.811096,22.6278,0,2
36092,02:31:45,113.811096,22.6276,0,0
36092,02:32:15,113.811096,22.6276,0,0
36092,02:32:45,113.810799,22.627199,0,7
36092,02:33:15,113.810204,22.6271,0,0
36092,02:33:45,113.810097,22.6271,0,0
36092,02:34:15,113.809898,22.626801,0,0
36092,02:34:45,113.809898,22.626801,0,0
36092,02:35:45,113.809097,22.625299,0,16
36092,02:36:15,113.807198,22.622601,0,24
36092,02:36:45,113.809196,22.6192,0,38
36092,02:38:45,113.824997,22.614799,0,38
36092,02:39:15,113.831596,22.617901,0,51
36092,02:39:45,113.838799,22.620501,0,46
36092,02:40:45,113.850098,22.624701,0,29
36092,02:41:17,113.852097,22.6255,0,18
36092,02:43:16,113.876198,22.615999,0,57
36092,02:44:16,113.886299,22.6031,0,56
36092,02:44:46,113.8927,22.598499,0,53
36092,02:45:46,113.904503,22.587601,0,56
36092,02:46:16,113.910004,22.5816,0,56
36092,02:46:46,113.915497,22.575701,0,51
36092,02:47:45,113.921997,22.568701,0,32
36092,02:49:15,113.927696,22.564501,0,30
36092,02:49:45,113.9291,22.5613,0,41
36092,02:50:45,113.928101,22.548,0,44
36092,02:51:47,113.927101,22.536301,0,45
36092,02:52:17,113.9245,22.5305,0,37
36092,02:53:16,113.922401,22.5191,0,40
36092,02:54:16,113.921204,22.513399,0,13
36092,02:54:46,113.9179,22.5159,0,27
36092,02:55:16,113.916901,22.5168,0,0
36092,02:55:46,113.916901,22.5168,0,0
36092,02:56:17,113.916801,22.517,0,6
36092,02:56:47,113.9189,22.5182,0,23
36092,02:57:17,113.9216,22.5182,0,19
36092,02:57:47,113.921898,22.5179,0,0
36092,02:59:16,113.924301,22.5235,0,46
36092,02:59:46,113.9245,22.530001,0,47
36092,03:01:16,113.924797,22.5431,0,32
36092,03:01:47,113.919296,22.543301,0,15
36092,03:02:17,113.919197,22.543301,0,0
36092,03:03:47,113.9104,22.5469,0,51
36092,03:04:46,113.904602,22.556499,0,34
36092,03:05:16,113.899597,22.5609,0,51
36092,03:05:46,113.8937,22.565901,0,53
36092,03:06:16,113.889,22.5709,0,47
36092,03:06:48,113.883499,22.575899,0,52
36092,03:07:18,113.877701,22.581499,0,57
36092,03:07:48,113.872902,22.586901,0,39
36092,03:08:48,113.867699,22.5847,0,36
36092,03:09:18,113.863899,22.5842,0,37
36092,03:09:47,113.8592,22.5879,0,21
36092,03:10:47,113.852699,22.5891,0,34
36092,03:11:17,113.848602,22.592699,0,43
36092,03:13:17,113.8396,22.6091,0,41
36092,03:13:47,113.836601,22.615499,0,50
36092,03:14:17,113.8349,22.6192,0,12
36092,03:14:47,113.830902,22.617901,0,42
36092,03:15:16,113.8246,22.614799,0,40
36092,03:15:46,113.818497,22.612101,0,37
36092,03:16:16,113.816002,22.615,0,47
36092,03:17:18,113.813202,22.6238,0,25
36092,03:17:48,113.812897,22.626101,0,19
36092,03:18:18,113.811401,22.628,0,0
36092,03:18:48,113.811401,22.628,0,0
36092,03:19:18,113.8116,22.6283,0,0
36092,03:19:48,113.811501,22.628099,0,6
36092,03:20:18,113.809799,22.6271,0,5
36092,03:20:47,113.809898,22.6269,0,0
36092,03:22:17,113.810204,22.626301,0,10
36092,03:23:18,113.807198,22.622601,0,24
36092,03:23:48,113.808998,22.6196,0,29
36092,03:24:18,113.811401,22.6154,0,36
36092,03:24:48,113.813797,22.611099,0,32
36092,03:25:18,113.818398,22.610201,0,29
36092,03:25:48,113.821999,22.6134,0,38
36092,03:27:48,113.843002,22.621599,0,33
36092,03:28:48,113.851799,22.625401,0,3
36092,03:29:18,113.854301,22.625799,0,36
36092,03:29:48,113.860397,22.6241,0,46
36092,03:30:48,113.873596,22.6182,0,54
36092,03:31:18,113.879204,22.6122,0,56
36092,03:32:17,113.889801,22.600401,0,54
36092,03:32:47,113.896599,22.5954,0,56
36092,03:33:19,113.902603,22.589701,0,56
36092,03:33:49,113.908096,22.5837,0,56
36092,03:34:19,113.913597,22.5777,0,55
36092,03:34:49,113.918297,22.572901,0,36
36092,03:35:19,113.9216,22.5697,0,26
36092,03:35:49,113.925102,22.5667,0,34
36092,03:36:19,113.925903,22.565901,0,0
36092,03:36:49,113.928596,22.564301,0,23
36092,03:37:18,113.9291,22.5595,0,45
36092,03:37:48,113.928596,22.5527,0,50
36092,03:38:18,113.927299,22.546301,0,41
36092,03:38:48,113.926903,22.540701,0,43
36092,03:39:18,113.926498,22.534401,0,46
36092,03:39:48,113.924202,22.5287,0,44
36092,03:40:48,113.9217,22.518299,0,15
36092,03:41:48,113.914398,22.5184,0,5
36092,03:42:18,113.912399,22.5166,0,35
36092,03:42:47,113.907898,22.5149,0,28
36092,03:43:18,113.904999,22.5158,0,0
36092,03:44:18,113.900803,22.5138,0,27
36092,03:45:18,113.896599,22.5098,0,36
36092,03:45:49,113.893997,22.5077,0,18
36092,03:46:19,113.892601,22.5056,0,0
36092,03:47:19,113.892303,22.5051,0,15
36092,03:48:18,113.891899,22.5042,0,12
36092,03:49:48,113.887299,22.498899,0,0
36092,03:50:18,113.888802,22.500299,0,4
36092,03:50:49,113.889198,22.5007,0,18
36092,03:51:19,113.891602,22.503901,0,26
36092,03:52:19,113.894096,22.5077,0,10
36092,03:52:49,113.8955,22.509501,0,0
36092,03:54:18,113.900398,22.513399,0,18
36092,03:54:48,113.903503,22.5163,0,17
36092,03:55:18,113.9048,22.5159,0,0
36092,03:55:50,113.9077,22.514799,0,24
36092,03:56:20,113.908302,22.514799,0,0
36092,03:57:20,113.911102,22.5152,0,12
36092,03:58:20,113.915398,22.5193,0,34
36092,03:59:19,113.921898,22.5179,0,0
36092,04:01:19,113.924599,22.5257,0,40
36092,04:01:49,113.925102,22.5291,0,22
36092,04:02:19,113.927803,22.5287,0,4
36092,04:02:49,113.928398,22.528799,0,5
36092,04:03:19,113.929298,22.5291,0,0
36092,04:03:49,113.929298,22.5291,0,0
36092,04:04:18,113.930298,22.528999,0,1
36092,04:04:48,113.930199,22.528,0,14
36092,04:05:50,113.926102,22.5228,0,20
36092,04:06:20,113.925499,22.5219,0,0
36092,04:07:20,113.925697,22.521999,0,0
36092,04:08:20,113.925797,22.522301,0,0
36092,04:09:49,113.925797,22.522301,0,0
36092,04:10:19,113.925797,22.522301,0,0
36092,04:11:20,113.925797,22.522301,0,0
36092,04:11:50,113.925797,22.522301,0,0
36092,04:12:20,113.925797,22.522301,0,0
36092,04:12:50,113.925797,22.522301,0,0
36092,04:13:20,113.925797,22.522301,0,0
36092,04:13:50,113.925499,22.5221,0,0
36092,04:14:50,113.925499,22.5221,0,0
36092,04:15:19,113.9254,22.5219,0,0
36092,04:15:49,113.9254,22.5219,0,0
36092,04:17:20,113.925697,22.5222,0,0
36092,04:18:20,113.925697,22.5222,0,0
36092,04:19:20,113.9254,22.521999,0,0
36092,04:19:50,113.925499,22.5219,0,0
36092,04:21:20,113.925499,22.5219,0,0
36092,04:22:50,113.925499,22.5219,0,0
36092,04:24:20,113.9254,22.521999,0,0
36092,04:26:20,113.9254,22.521999,0,0
36092,04:27:50,113.925201,22.5219,0,0
36092,04:28:50,113.925201,22.5219,0,0
36092,04:29:20,113.925201,22.5219,0,0
36092,04:29:50,113.925201,22.5219,0,0
36092,04:30:20,113.9254,22.5219,0,0
36092,04:31:21,113.9254,22.5219,0,0
36092,04:31:50,113.9254,22.5219,0,0
36092,04:32:20,113.9254,22.5219,0,0
36092,04:34:20,113.925301,22.5219,0,0
36092,04:34:50,113.925301,22.5219,0,0
36092,04:35:50,113.925301,22.5219,0,0
36092,04:36:51,113.925301,22.5219,0,0
36092,04:38:21,113.925201,22.5219,0,0
36092,04:39:21,113.925201,22.521799,0,0
36092,04:39:51,113.925201,22.521799,0,0
36092,04:40:21,113.925102,22.521601,0,0
36092,04:40:51,113.925102,22.521601,0,0
36092,04:41:21,113.925102,22.521601,0,0
36092,04:41:52,113.925201,22.521799,0,0
36092,04:42:22,113.925201,22.521799,0,0
36092,04:42:51,113.925201,22.521799,0,0
36092,04:43:21,113.925301,22.5219,0,0
36092,04:44:21,113.925301,22.5217,0,0
36092,04:44:51,113.925301,22.5217,0,0
36092,04:45:21,113.9254,22.5219,0,0
36092,04:45:51,113.9254,22.5219,0,0
36092,04:47:22,113.9254,22.5219,0,0
36092,04:47:51,113.925499,22.521799,0,0
36092,04:48:21,113.925499,22.521799,0,0
36092,04:48:51,113.925499,22.521799,0,0
36092,04:49:21,113.925499,22.521799,0,0
36092,04:49:51,113.925499,22.521799,0,0
36092,04:50:21,113.925499,22.521799,0,0
36092,04:51:21,113.925499,22.521799,0,0
36092,04:51:52,113.925499,22.521799,0,0
36092,04:52:22,113.925499,22.521799,0,0
36092,04:52:52,113.925499,22.521799,0,0
36092,04:53:51,113.925499,22.521799,0,0
36092,04:55:21,113.925499,22.521799,0,0
36092,04:57:52,113.925598,22.5212,0,20
36092,04:58:22,113.925697,22.5201,0,0
36092,04:58:52,113.925499,22.519199,0,13
36092,04:59:51,113.9217,22.5182,0,19
36092,05:00:21,113.918404,22.5203,0,24
36092,05:01:21,113.917297,22.521099,0,9
36092,05:02:52,113.912201,22.5191,0,0
36092,05:03:22,113.912201,22.5191,0,0
36092,05:03:52,113.912201,22.5189,0,0
36092,05:05:21,113.912102,22.5194,0,0
36092,05:05:51,113.912201,22.5194,0,6
36092,05:06:21,113.913498,22.5189,0,26
36092,05:06:51,113.913101,22.5172,0,33
36092,05:07:23,113.908997,22.5151,0,19
36092,05:08:53,113.9086,22.5161,0,0
36092,05:09:23,113.9086,22.516199,0,0
36092,05:10:52,113.9086,22.516199,0,0
36092,05:11:52,113.9086,22.516399,0,0
36092,05:12:22,113.9086,22.516399,0,0
36092,05:12:52,113.9086,22.516399,0,0
36092,05:13:52,113.908699,22.516001,0,0
36092,05:14:22,113.908699,22.516001,0,0
36092,05:15:22,113.9086,22.5163,0,0
36092,05:16:51,113.9086,22.5163,0,0
36092,05:17:23,113.9086,22.5163,0,0
36092,05:17:53,113.9086,22.5163,0,0
36092,05:18:23,113.9086,22.5163,0,0
36092,05:18:53,113.9086,22.5163,0,0
36092,05:19:53,113.9086,22.5163,0,0
36092,05:20:23,113.9086,22.5163,0,0
36092,05:21:22,113.9086,22.5163,0,0
36092,05:21:52,113.9086,22.5163,0,0
36092,05:22:23,113.9086,22.5163,0,0
36092,05:23:23,113.9086,22.5163,0,0
36092,05:24:23,113.9086,22.5163,0,0
36092,05:24:53,113.908699,22.5161,0,0
36092,05:25:23,113.908699,22.5161,0,0
36092,05:25:53,113.908501,22.5163,0,0
36092,05:26:52,113.908501,22.516199,0,0
36092,05:27:23,113.908501,22.516199,0,0
36092,05:27:53,113.908501,22.516199,0,0
36092,05:28:23,113.908501,22.516199,0,0
36092,05:28:53,113.908501,22.516199,0,0
36092,05:30:23,113.908798,22.516001,0,0
36092,05:30:53,113.908798,22.516001,0,0
36092,05:31:23,113.908798,22.516001,0,0
36092,05:31:52,113.908798,22.516001,0,0
36092,05:32:23,113.908798,22.516001,0,0
36092,05:32:54,113.908798,22.516001,0,0
36092,05:33:24,113.908798,22.516001,0,0
36092,05:33:54,113.908798,22.516001,0,0
36092,05:34:24,113.908699,22.5161,0,0
36092,05:34:54,113.908699,22.5161,0,0
36092,05:35:24,113.908699,22.5161,0,0
36092,05:35:54,113.908699,22.5161,0,0
36092,05:36:24,113.908699,22.5161,0,0
36092,05:36:54,113.908699,22.5161,0,0
36092,05:37:23,113.908699,22.5163,0,0
36092,05:39:53,113.908798,22.5161,0,0
36092,05:40:23,113.908798,22.5161,0,0
36092,05:40:53,113.908798,22.5161,0,0
36092,05:43:24,113.908798,22.5161,0,0
36092,05:43:54,113.908798,22.5161,0,0
36092,05:44:54,113.908798,22.5161,0,0
36092,05:45:24,113.908798,22.5161,0,0
36092,05:45:54,113.908798,22.5161,0,0
36092,05:46:54,113.908798,22.5161,0,0
36092,05:47:24,113.908798,22.5161,0,0
36092,05:48:24,113.908798,22.5161,0,0
36092,05:48:53,113.908798,22.5161,0,0
36092,05:49:23,113.908798,22.5161,0,0
36092,05:49:53,113.908798,22.5161,0,0
36092,05:50:23,113.908798,22.5161,0,0
36092,05:51:23,113.908798,22.5161,0,0
36092,05:51:53,113.908798,22.5161,0,0
36092,05:52:55,113.908699,22.5161,0,0
36092,05:54:24,113.908798,22.5161,0,0
36092,05:54:54,113.908798,22.5161,0,0
36092,05:55:54,113.908798,22.5161,0,0
36092,05:56:24,113.908997,22.5159,0,0
36092,05:56:54,113.908997,22.5159,0,0
36092,05:57:55,113.908798,22.516001,0,0
36092,05:58:25,113.908798,22.516001,0,0
36092,05:58:55,113.9086,22.516001,0,0
36092,05:59:54,113.908699,22.5161,0,0
36092,06:00:24,113.908699,22.516001,0,0
36092,06:00:54,113.908699,22.516001,0,0
36092,06:01:24,113.908699,22.516001,0,0
36092,06:01:54,113.908699,22.5161,0,0
36092,06:02:24,113.9086,22.5161,0,0
36092,06:02:54,113.9086,22.5161,0,0
36092,06:03:25,113.9086,22.5161,0,0
36092,06:03:55,113.9086,22.5161,0,0
36092,06:06:54,113.9086,22.5161,0,0
36092,06:07:24,113.9086,22.5161,0,0
36092,06:07:54,113.9086,22.5161,0,0
36092,06:08:56,113.9086,22.5161,0,0
36092,06:10:55,113.9086,22.5161,0,0
36092,06:11:55,113.9086,22.516001,0,0
36092,06:12:25,113.9086,22.516001,0,0
36092,06:12:55,113.9086,22.516001,0,0
36092,06:14:55,113.908401,22.516001,0,0
36092,06:15:25,113.9086,22.516001,0,0
36092,06:15:55,113.908501,22.516001,0,4
36092,06:16:54,113.908798,22.5165,0,0
36092,06:17:24,113.908401,22.516399,0,0
36092,06:17:54,113.908401,22.516399,0,0
36092,06:18:56,113.908401,22.516399,0,0
36092,06:19:26,113.907997,22.5163,0,0
36092,06:19:56,113.908401,22.516399,0,0
36092,06:20:26,113.908699,22.516399,0,0
36092,06:20:56,113.908699,22.516399,0,0
36092,06:21:26,113.908897,22.5165,0,0
36092,06:22:25,113.908997,22.5166,0,1
36092,06:22:55,113.909103,22.5165,0,0
36092,06:23:25,113.909103,22.5165,0,0
36092,06:23:55,113.9095,22.516399,0,1
36092,06:24:25,113.909302,22.5165,0,0
36092,06:25:25,113.908997,22.516399,0,0
36092,06:25:55,113.908997,22.516399,0,0
36092,06:26:55,113.908997,22.516399,0,0
36092,06:27:24,113.908897,22.5165,0,0
36092,06:28:26,113.908897,22.5165,0,0
36092,06:28:56,113.908897,22.5165,0,0
36092,06:29:26,113.908897,22.5165,0,0
36092,06:29:56,113.908897,22.5165,0,0
36092,06:31:26,113.908897,22.5165,0,0
36092,06:31:56,113.908897,22.5165,0,0
36092,06:32:26,113.908997,22.5165,0,0
36092,06:32:55,113.908997,22.5165,0,0
36092,06:33:25,113.908897,22.5165,0,0
36092,06:33:56,113.908897,22.5165,0,0
36092,06:34:56,113.908897,22.5165,0,0
36092,06:36:26,113.909401,22.516399,0,1
36092,06:36:56,113.909698,22.516399,0,0
36092,06:37:26,113.909401,22.516399,0,0
36092,06:38:25,113.909103,22.5165,0,0
36092,06:39:26,113.909103,22.5168,0,0
36092,06:39:56,113.909203,22.516701,0,0
36092,06:40:56,113.909203,22.516701,0,0
36092,06:42:56,113.908997,22.5166,0,1
36092,06:43:56,113.908897,22.5168,0,0
36092,06:44:26,113.908897,22.516701,0,0
36092,06:45:26,113.908897,22.5166,0,0
36092,06:45:56,113.908798,22.516899,0,1
36092,06:46:26,113.908798,22.516899,0,0
36092,06:46:55,113.908798,22.516899,0,0
36092,06:46:56,113.908798,22.5168,0,0
36092,06:47:26,113.908997,22.5165,0,0
36092,06:47:56,113.908997,22.516399,0,0
36092,06:48:26,113.908897,22.5166,0,0
36092,06:48:57,113.908897,22.5166,0,0
36092,06:49:27,113.908897,22.5166,0,0
36092,06:50:56,113.908897,22.5166,0,0
36092,06:51:26,113.908897,22.5166,0,0
36092,06:51:56,113.908897,22.5166,0,0
36092,06:52:26,113.908897,22.5166,0,0
36092,06:52:56,113.908897,22.5166,0,0
36092,06:53:26,113.908897,22.5166,0,0
36092,06:53:58,113.908897,22.5166,0,0
36092,06:54:28,113.908897,22.5166,0,0
36092,06:55:27,113.908897,22.5166,0,0
36092,06:55:57,113.908897,22.5166,0,0
36092,06:58:10,113.908798,22.516899,0,0
36092,06:58:54,113.908897,22.5166,0,0
36092,06:59:24,113.909103,22.5165,0,0
36092,06:59:54,113.908798,22.5166,0,0
36092,07:01:24,113.909203,22.518499,0,1
36092,07:01:54,113.911697,22.519199,0,17
36092,07:02:23,113.913597,22.5189,0,15
36092,07:02:53,113.914001,22.5184,0,0
36092,07:04:25,113.914001,22.5184,0,0
36092,07:04:55,113.914001,22.5184,0,0
36092,07:05:25,113.914101,22.518299,0,8
36092,07:06:25,113.912399,22.5135,0,32
36092,07:06:55,113.915001,22.5107,0,16
36092,07:07:25,113.917099,22.5091,0,31
36092,07:08:24,113.917099,22.5035,0,0
36092,07:09:54,113.919403,22.502501,0,25
36092,07:10:24,113.9198,22.500999,0,0
36092,07:11:24,113.919899,22.497101,0,0
36092,07:11:54,113.919998,22.494301,0,28
36092,07:12:54,113.920097,22.4928,0,0
36092,07:13:23,113.921097,22.4921,0,5
36092,07:14:24,113.923401,22.490999,0,24
36092,07:15:24,113.930397,22.489201,0,26
36092,07:16:24,113.929703,22.489201,0,11
36092,07:16:54,113.927696,22.489,0,0
36092,07:17:24,113.927597,22.489,0,3
36092,07:17:54,113.927101,22.4891,0,0
36092,07:18:24,113.927101,22.4891,0,0
36092,07:18:53,113.927002,22.489201,0,0
36092,07:19:24,113.925301,22.49,0,20
36092,07:19:54,113.9245,22.4904,0,0
36092,07:20:24,113.9235,22.4909,0,17
36092,07:20:54,113.922302,22.491501,0,0
36092,07:21:24,113.922302,22.4916,0,3
36092,07:22:24,113.9226,22.493299,0,0
36092,07:22:54,113.920898,22.493299,0,13
36092,07:24:24,113.919899,22.497101,0,12
36092,07:24:54,113.919899,22.500099,0,2
36092,07:25:24,113.919899,22.500799,0,13
36092,07:25:54,113.9198,22.501699,0,0
36092,07:27:24,113.918198,22.5061,0,23
36092,07:27:54,113.918503,22.506901,0,13
36092,07:28:24,113.918701,22.507601,0,0
36092,07:28:54,113.918701,22.507601,0,0
36092,07:29:55,113.9188,22.507601,0,10
36092,07:30:25,113.919899,22.510599,0,13
36092,07:31:25,113.9216,22.514999,0,23
36092,07:32:25,113.922203,22.5173,0,0
36092,07:32:55,113.922096,22.5173,0,0
36092,07:33:25,113.922096,22.5177,0,14
36092,07:34:26,113.923897,22.5231,0,29
36092,07:35:25,113.924698,22.531099,0,23
36092,07:36:25,113.924698,22.5355,0,15
36092,07:36:55,113.9244,22.5355,0,0
36092,07:37:25,113.9244,22.535601,0,8
36092,07:38:25,113.920403,22.5355,0,0
36092,07:38:55,113.920403,22.5355,0,0
36092,07:39:26,113.920403,22.5355,0,0
36092,07:39:56,113.920403,22.5355,0,0
36092,07:40:26,113.920403,22.5354,0,0
36092,07:41:25,113.919899,22.534201,0,0
36092,07:41:55,113.919899,22.534201,0,0
36092,07:42:25,113.919899,22.5341,0,0
36092,07:42:55,113.919899,22.534,0,0
36092,07:43:25,113.9198,22.533001,0,19
36092,07:43:55,113.919601,22.531,0,6
36092,07:44:25,113.918297,22.5308,0,11
36092,07:44:56,113.916603,22.531099,0,0
36092,07:45:26,113.915604,22.531099,0,12
36092,07:46:25,113.910301,22.531099,0,0
36092,07:46:55,113.910896,22.531099,0,7
36092,07:47:55,113.9133,22.5312,0,1
36092,07:48:55,113.914497,22.527,0,7
36092,07:50:56,113.914398,22.5235,0,7
36092,07:51:55,113.9132,22.521099,0,3
36092,07:52:55,113.909698,22.5182,0,31
36092,07:53:55,113.910698,22.514999,0,28
36092,07:54:25,113.912903,22.512899,0,2
36092,07:54:56,113.9132,22.5126,0,0
36092,07:56:26,113.918198,22.508301,0,0
36092,07:56:56,113.918198,22.508301,0,0
36092,07:57:25,113.918098,22.5061,0,27
36092,07:57:55,113.917198,22.5037,0,0
36092,07:58:25,113.917198,22.5037,0,0
36092,07:58:55,113.917198,22.5037,0,4
36092,07:59:25,113.916,22.5009,0,23
36092,08:01:26,113.915298,22.499201,0,20
36092,08:01:56,113.912804,22.4958,0,36
36092,08:02:26,113.910698,22.491899,0,30
36092,08:02:56,113.908997,22.4883,0,15
36092,08:03:25,113.907997,22.486401,0,15
36092,08:04:25,113.907402,22.4821,0,0
36092,08:04:57,113.906998,22.481899,0,15
36092,08:05:57,113.9077,22.4809,0,0
36092,08:06:27,113.908203,22.479799,0,0
36092,08:12:25,113.908203,22.479799,0,0
36092,08:18:22,113.908203,22.479799,0,0
36092,08:24:20,113.908203,22.479799,0,0
36092,08:24:57,113.940399,22.508101,0,28
36092,08:25:27,113.941597,22.507999,0,0
36092,08:25:57,113.942902,22.507999,0,15
36092,08:26:27,113.945801,22.508101,0,20
36092,08:26:57,113.947403,22.507401,0,12
36092,08:27:27,113.946701,22.508801,0,22
36092,08:27:57,113.947701,22.513201,0,38
36092,08:28:27,113.948601,22.5186,0,33
36092,08:28:57,113.948898,22.521299,0,4
36092,08:29:27,113.948997,22.5222,0,13
36092,08:29:57,113.949898,22.523399,0,21
36092,08:30:28,113.954903,22.5229,0,39
36092,08:30:57,113.959801,22.5224,0,32
36092,08:31:27,113.963402,22.5226,0,8
36092,08:31:57,113.9655,22.522699,0,21
36092,08:32:27,113.969101,22.522699,0,22
36092,08:32:57,113.9729,22.522699,0,28
36092,08:33:27,113.977402,22.522499,0,35
36092,08:33:57,113.982803,22.5229,0,37
36092,08:35:58,113.999298,22.529699,0,37
36092,08:36:27,114.004097,22.5298,0,31
36092,08:36:57,114.008499,22.529499,0,24
36092,08:37:57,114.013901,22.5305,0,11
36092,08:38:27,114.015701,22.530899,0,4
36092,08:38:57,114.017502,22.531601,0,18
36092,08:39:27,114.020103,22.5322,0,10
36092,08:39:57,114.022903,22.532499,0,21
36092,08:40:29,114.027702,22.530399,0,35
36092,08:41:29,114.035698,22.5303,0,33
36092,08:42:28,114.0382,22.5306,0,0
36092,08:43:28,114.039101,22.530701,0,3
36092,08:43:58,114.039497,22.531,0,0
36092,08:46:28,114.043198,22.531099,0,5
36092,08:47:28,114.044601,22.5312,0,3
36092,08:47:57,114.044998,22.531099,0,0
36092,08:48:27,114.0457,22.531099,0,1
36092,08:48:57,114.045799,22.531,0,0
36092,08:49:27,114.045898,22.530899,0,0
36092,08:50:27,114.045502,22.5306,0,0
36092,08:50:59,114.045097,22.5305,0,0
36092,08:51:59,114.044601,22.5336,0,32
36092,08:52:29,114.044403,22.5387,0,33
36092,08:52:59,114.044296,22.5429,0,42
36092,08:53:28,114.043999,22.546801,0,8
36092,08:53:58,114.046997,22.547199,0,21
36092,08:54:28,114.047302,22.547199,0,0
36092,08:55:28,114.051201,22.547501,0,23
36092,08:55:59,114.055298,22.5474,0,26
36092,08:56:29,114.057602,22.5474,0,0
36092,08:57:29,114.057602,22.5474,0,0
36092,08:58:29,114.057899,22.5474,0,12
36092,08:59:28,114.058502,22.5474,0,0
36092,08:59:58,114.058701,22.5476,0,0
36092,09:00:28,114.058701,22.5476,0,0
36092,09:00:59,114.058701,22.5476,0,0
36092,09:01:59,114.0588,22.547501,0,0
36092,09:03:29,114.0588,22.547501,0,0
36092,09:03:59,114.058899,22.547701,0,0
36092,09:04:29,114.058899,22.547701,0,0
36092,09:04:58,114.058899,22.5481,0,0
36092,09:05:28,114.058899,22.5485,0,0
36092,09:05:59,114.058899,22.5485,0,0
36092,09:07:29,114.058998,22.548,0,0
36092,09:07:59,114.058899,22.5476,0,0
36092,09:08:29,114.0588,22.5473,0,0
36092,09:08:59,114.0588,22.5473,0,0
36092,09:09:29,114.0588,22.5473,0,0
36092,09:10:28,114.059097,22.5469,0,12
36092,09:10:59,114.058899,22.5457,0,9
36092,09:11:29,114.058197,22.545601,0,0
36092,09:11:59,114.056,22.545401,0,18
36092,09:12:29,114.053299,22.5453,0,22
36092,09:12:59,114.051399,22.5453,0,0
36092,09:13:29,114.050499,22.545401,0,16
36092,09:13:59,114.047997,22.545401,0,0
36092,09:14:29,114.047699,22.545799,0,12
36092,09:14:59,114.047501,22.546101,0,11
36092,09:15:28,114.046898,22.5448,0,16
36092,09:15:58,114.046898,22.543501,0,4
36092,09:16:29,114.045898,22.543301,0,5
36092,09:16:59,114.044998,22.544001,0,1
36092,09:18:29,114.040604,22.5425,0,4
36092,09:18:59,114.040001,22.5425,0,0
36092,09:19:29,114.039299,22.5424,0,11
36092,09:19:59,114.0364,22.5418,0,16
36092,09:20:29,114.033501,22.541401,0,16
36092,09:20:59,114.030098,22.5408,0,28
36092,09:21:30,114.0261,22.5401,0,14
36092,09:22:00,114.023399,22.539801,0,11
36092,09:22:30,114.021301,22.539499,0,14
36092,09:23:00,114.019402,22.539499,0,7
36092,09:23:30,114.0186,22.5394,0,5
36092,09:24:00,114.016403,22.5401,0,10
36092,09:24:30,114.013901,22.5392,0,4
36092,09:26:00,114.010002,22.5375,0,19
36092,09:26:31,114.007103,22.537001,0,21
36092,09:27:00,114.004898,22.5364,0,20
36092,09:27:30,114.003403,22.5362,0,0
36092,09:28:00,114.003403,22.5362,0,0
36092,09:28:30,114.003403,22.5362,0,0
36092,09:29:00,114.003403,22.5362,0,0
36092,09:29:30,114.000198,22.5357,0,19
36092,09:30:00,113.997002,22.5352,0,23
36092,09:30:30,113.992599,22.535299,0,29
36092,09:31:00,113.989197,22.5361,0,9
36092,09:31:30,113.986,22.536501,0,26
36092,09:32:00,113.982101,22.5366,0,29
36092,09:32:29,113.977699,22.536699,0,28
36092,09:32:59,113.974998,22.5378,0,22
36092,09:33:29,113.972504,22.5389,0,13
36092,09:33:59,113.971802,22.539499,0,12
36092,09:34:29,113.972099,22.5399,0,0
36092,09:34:59,113.971497,22.5399,0,0
36092,09:35:29,113.971703,22.540001,0,2
36092,09:35:59,113.972397,22.5403,0,2
36092,09:36:31,113.972397,22.5403,0,0
36092,09:37:31,113.972603,22.5404,0,0
36092,09:38:00,113.973099,22.5406,0,0
36092,09:38:30,113.973602,22.540701,0,4
36092,09:39:00,113.973297,22.542101,0,13
36092,09:40:00,113.973602,22.5467,0,22
36092,09:40:30,113.974197,22.5483,0,10
36092,09:41:00,113.972603,22.5494,0,12
36092,09:41:31,113.972298,22.550501,0,11
36092,09:42:31,113.971703,22.552099,0,19
36092,09:43:01,113.9702,22.5534,0,16
36092,09:43:30,113.969704,22.5553,0,8
36092,09:44:30,113.972298,22.5555,0,0
36092,09:45:00,113.972504,22.5553,0,4
36092,09:45:30,113.973701,22.5534,0,19
36092,09:46:00,113.972397,22.5522,0,0
36092,09:48:01,113.974998,22.552799,0,13
36092,09:48:31,113.977402,22.5511,0,18
36092,09:49:01,113.979301,22.5504,0,1
36092,09:49:30,113.9795,22.5502,0,5
36092,09:50:00,113.978401,22.5513,0,29
36092,09:50:30,113.976799,22.552299,0,0
36092,09:52:01,113.973,22.555,0,31
36092,09:52:31,113.969704,22.5576,0,23
36092,09:53:01,113.966103,22.558001,0,28
36092,09:54:01,113.957199,22.5567,0,30
36092,09:54:31,113.952301,22.556499,0,28
36092,09:55:00,113.952599,22.556999,0,18
36092,09:55:31,113.952904,22.553801,0,23
36092,09:56:01,113.953598,22.5515,0,22
36092,09:56:31,113.954697,22.547199,0,37
36092,09:57:01,113.954002,22.542101,0,37
36092,09:57:31,113.952003,22.5382,0,0
36092,09:58:01,113.952003,22.5382,0,0
36092,09:59:01,113.949898,22.5331,0,45
36092,09:59:31,113.949699,22.5303,0,7
36092,10:00:01,113.949303,22.527,0,27
36092,10:00:31,113.946701,22.524799,0,24
36092,10:01:01,113.943497,22.5249,0,17
36092,10:01:31,113.940102,22.525101,0,23
36092,10:02:01,113.937302,22.5257,0,18
36092,10:02:31,113.936203,22.5228,0,21
36092,10:03:31,113.932899,22.5221,0,0
36092,10:04:31,113.932297,22.5212,0,9
36092,10:05:32,113.932404,22.5208,0,0
36092,10:06:31,113.931801,22.518999,0,0
36092,10:08:01,113.931999,22.516899,0,22
36092,10:08:31,113.933296,22.514799,0,29
36092,10:09:01,113.9328,22.5133,0,0
36092,10:09:31,113.932701,22.5114,0,32
36092,10:10:01,113.932701,22.508301,0,0
36092,10:10:31,113.932701,22.508301,0,0
36092,10:11:03,113.932701,22.508301,0,0
36092,10:11:32,113.9347,22.5079,0,29
36092,10:12:02,113.936096,22.5079,0,17
36092,10:13:02,113.938698,22.506201,0,0
36092,10:14:02,113.938202,22.503099,0,14
36092,10:14:32,113.9366,22.5028,0,6
36092,10:15:02,113.936699,22.502899,0,0
36092,10:16:03,113.936699,22.502899,0,0
36092,10:17:02,113.936699,22.502899,0,0
36092,10:17:32,113.936699,22.502899,0,0
36092,10:18:02,113.936699,22.502899,0,0
36092,10:19:02,113.936699,22.502899,0,0
36092,10:19:32,113.936699,22.502899,0,0
36092,10:20:02,113.936699,22.502899,0,0
36092,10:20:32,113.936699,22.502899,0,0
36092,10:21:03,113.936699,22.502899,0,0
36092,10:21:33,113.936699,22.502899,0,0
36092,10:22:03,113.936699,22.502899,0,0
36092,10:22:32,113.936699,22.502899,0,0
36092,10:23:32,113.936699,22.502899,0,0
36092,10:24:02,113.936699,22.502899,0,0
36092,10:24:32,113.936699,22.502899,0,0
36092,10:25:32,113.936699,22.502899,0,0
36092,10:26:33,113.936699,22.502899,0,0
36092,10:27:03,113.936699,22.502899,0,0
36092,10:27:33,113.936699,22.502899,0,0
36092,10:28:02,113.936699,22.502899,0,0
36092,10:28:32,113.936699,22.502899,0,0
36092,10:29:02,113.936699,22.502899,0,0
36092,10:29:32,113.936699,22.502899,0,0
36092,10:30:32,113.936699,22.502899,0,0
36092,10:31:03,113.936699,22.502899,0,0
36092,10:31:33,113.936699,22.502899,0,0
36092,10:33:03,113.936699,22.502899,0,0
36092,10:33:32,113.936699,22.502899,0,0
36092,10:34:32,113.936699,22.502899,0,0
36092,10:36:33,113.936699,22.502899,0,0
36092,10:37:03,113.936699,22.502899,0,0
36092,10:37:33,113.936501,22.502899,0,0
36092,10:38:33,113.936501,22.503,0,0
36092,10:40:02,113.936501,22.503,0,0
36092,10:40:32,113.936501,22.503,0,0
36092,10:41:02,113.936501,22.503,0,0
36092,10:41:33,113.9366,22.502899,0,0
36092,10:42:03,113.9366,22.502899,0,0
36092,10:42:33,113.9366,22.502899,0,0
36092,10:43:03,113.9366,22.502899,0,0
36092,10:43:33,113.9366,22.502899,0,0
36092,10:44:03,113.9366,22.502899,0,0
36092,10:44:32,113.9366,22.502899,0,0
36092,10:45:32,113.9366,22.5028,0,0
36092,10:46:02,113.9366,22.5028,0,0
36092,10:46:34,113.9366,22.5028,0,0
36092,10:47:34,113.9366,22.5028,0,0
36092,10:48:04,113.936501,22.503,0,9
36092,10:48:34,113.937103,22.5012,0,23
36092,10:49:04,113.936096,22.499701,0,13
36092,10:49:34,113.935097,22.4995,0,5
36092,10:50:03,113.933601,22.4991,0,0
36092,10:50:33,113.933601,22.4991,0,0
36092,10:51:34,113.933502,22.4967,0,3
36092,10:53:04,113.933197,22.4918,0,0
36092,10:54:04,113.933098,22.4918,0,0
36092,10:55:04,113.932899,22.4918,0,0
36092,10:55:33,113.9328,22.491699,0,0
36092,10:56:03,113.9328,22.491699,0,0
36092,10:57:04,113.932701,22.4918,0,0
36092,10:57:34,113.9328,22.4918,0,0
36092,10:58:04,113.9328,22.4918,0,0
36092,10:58:34,113.9328,22.4918,0,0
36092,10:59:04,113.9328,22.4918,0,0
36092,10:59:34,113.9328,22.4918,0,0
36092,11:00:04,113.9328,22.4918,0,0
36092,11:00:33,113.9328,22.4918,0,0
36092,11:01:03,113.9328,22.4918,0,0
36092,11:02:04,113.932999,22.491699,0,0
36092,11:02:34,113.932999,22.491699,0,0
36092,11:04:04,113.930702,22.493401,0,9
36092,11:04:34,113.930603,22.493401,0,0
36092,11:05:04,113.930496,22.493401,0,6
36092,11:05:34,113.929604,22.495701,0,32
36092,11:06:03,113.9291,22.497601,0,0
36092,11:06:33,113.9291,22.4977,0,7
36092,11:07:04,113.928497,22.501301,0,37
36092,11:07:34,113.927498,22.5065,0,23
36092,11:08:04,113.927299,22.507999,0,20
36092,11:08:34,113.927696,22.5124,0,20
36092,11:09:04,113.927696,22.5126,0,0
36092,11:09:34,113.927696,22.5126,0,0
36092,11:11:04,113.927696,22.5173,0,0
36092,11:11:33,113.926697,22.518,0,22
36092,11:12:34,113.922302,22.518,0,12
36092,11:13:04,113.923401,22.5212,0,26
36092,11:16:04,113.927101,22.5434,0,29
36092,11:16:34,113.927597,22.546801,0,27
36092,11:17:04,113.928802,22.550699,0,30
36092,11:18:04,113.929199,22.560699,0,30
36092,11:18:12,113.923401,22.5212,0,0
36092,11:18:34,113.929199,22.563999,0,20
36092,11:19:04,113.929604,22.5669,0,21
36092,11:19:34,113.929298,22.566,0,31
36092,11:20:05,113.9263,22.566999,0,0
36092,11:20:35,113.924202,22.567699,0,32
36092,11:21:35,113.919197,22.5746,0,26
36092,11:22:05,113.916603,22.574699,0,32
36092,11:22:34,113.912102,22.579599,0,52
36092,11:23:04,113.906799,22.5853,0,56
36092,11:23:34,113.901299,22.591299,0,60
36092,11:24:04,113.894997,22.596901,0,55
36092,11:24:34,113.888199,22.6017,0,57
36092,11:25:04,113.882698,22.607201,0,51
36092,11:25:34,113.878998,22.612801,0,44
36092,11:27:04,113.863503,22.623199,0,41
36092,11:27:34,113.857201,22.625601,0,48
36092,11:28:03,113.852402,22.629101,0,37
36092,11:29:03,113.850197,22.627501,0,3
36092,11:29:33,113.850304,22.6273,0,0
36092,11:30:05,113.850304,22.6273,0,0
36092,11:30:35,113.850304,22.6273,0,0
36092,11:31:05,113.850502,22.6269,0,17
36092,11:31:35,113.848099,22.623501,0,39
36092,11:32:05,113.842697,22.6217,0,40
36092,11:32:35,113.836601,22.6201,0,41
36092,11:33:34,113.8256,22.615299,0,38
36092,11:35:04,113.814499,22.617201,0,38
36092,11:35:36,113.811996,22.621901,0,35
36092,11:36:36,113.809601,22.627501,0,5
36092,11:37:36,113.809601,22.627501,0,0
36092,11:38:36,113.806503,22.6238,0,30
36092,11:39:35,113.809196,22.6229,0,31
36092,11:40:36,113.813202,22.623199,0,9
36092,11:41:06,113.813698,22.623699,0,0
36092,11:42:06,113.813698,22.623699,0,0
36092,11:42:36,113.813698,22.623699,0,0
36092,11:43:06,113.813698,22.623699,0,0
36092,11:44:06,113.813698,22.623699,0,0
36092,11:44:35,113.813698,22.623699,0,0
36092,11:47:36,113.813698,22.623699,0,0
36092,11:48:36,113.813698,22.623699,0,0
36092,11:49:06,113.813698,22.623699,0,0
36092,11:49:36,113.813698,22.623699,0,0
36092,11:50:05,113.813698,22.623699,0,0
36092,11:50:36,113.813698,22.623699,0,0
36092,11:51:36,113.813698,22.623699,0,0
36092,11:52:06,113.813698,22.623699,0,0
36092,11:54:36,113.813698,22.623699,0,0
36092,11:55:06,113.813698,22.623699,0,0
36092,11:55:36,113.813698,22.623699,0,0
36092,11:56:36,113.813698,22.623699,0,0
36092,11:59:06,113.813698,22.623699,0,0
36092,11:59:36,113.813698,22.623699,0,0
36092,12:00:38,113.813698,22.623699,0,0
36092,12:01:07,113.813698,22.623699,0,0
36092,12:01:37,113.813698,22.623699,0,0
36092,12:02:07,113.813698,22.623699,0,0
36092,12:03:07,113.813698,22.623699,0,0
36092,12:03:37,113.813698,22.623699,0,0
36092,12:04:07,113.813698,22.623699,0,0
36092,12:05:07,113.813698,22.623699,0,0
36092,12:05:37,113.813698,22.623699,0,0
36092,12:06:36,113.813698,22.623699,0,0
36092,12:07:36,113.813698,22.623699,0,0
36092,12:08:06,113.813698,22.623699,0,0
36092,12:08:36,113.813698,22.623699,0,0
36092,12:09:06,113.813698,22.623699,0,0
36092,12:09:36,113.813698,22.623699,0,0
36092,12:10:06,113.813698,22.623699,0,0
36092,12:10:36,113.813698,22.623699,0,0
36092,12:11:38,113.813698,22.623699,0,0
36092,12:13:07,113.813698,22.623699,0,0
36092,12:15:07,113.813698,22.623699,0,0
36092,12:16:08,113.813698,22.623699,0,0
36092,12:16:38,113.813698,22.623699,0,0
36092,12:17:37,113.813698,22.623699,0,0
36092,12:18:37,113.813698,22.623699,0,0
36092,12:19:07,113.813698,22.623699,0,0
36092,12:19:37,113.813698,22.623699,0,0
36092,12:21:08,113.813698,22.623699,0,0
36092,12:21:38,113.813698,22.623699,0,0
36092,12:22:38,113.813698,22.623699,0,0
36092,12:23:07,113.813698,22.623699,0,0
36092,12:24:07,113.813904,22.6241,0,0
36092,12:24:37,113.813698,22.624599,0,2
36092,12:25:37,113.813698,22.624599,0,0
36092,12:26:08,113.813698,22.624701,0,3
36092,12:27:08,113.812897,22.626101,0,0
36092,12:27:38,113.812798,22.626101,0,3
36092,12:28:08,113.8125,22.626699,0,0
36092,12:28:37,113.8125,22.626699,0,0
36092,12:29:07,113.8125,22.626699,0,0
36092,12:29:37,113.8125,22.6271,0,10
36092,12:31:07,113.811897,22.6278,0,6
36092,12:31:38,113.811699,22.628,0,0
36092,12:32:08,113.811203,22.628099,0,6
36092,12:33:08,113.810204,22.6273,0,0
36092,12:33:38,113.810204,22.6273,0,0
36092,12:35:07,113.809799,22.6269,0,3
36092,12:35:37,113.809799,22.6269,0,0
36092,12:36:39,113.809799,22.6269,0,0
36092,12:38:09,113.809799,22.6269,0,0
36092,12:39:09,113.809898,22.6259,0,18
36092,12:39:38,113.8069,22.623899,0,0
36092,12:41:08,113.8134,22.611601,0,34
36092,12:42:08,113.820999,22.6129,0,40
36092,12:43:38,113.8367,22.6199,0,37
36092,12:45:08,113.851601,22.6252,0,12
36092,12:45:38,113.853401,22.6257,0,29
36092,12:47:08,113.873001,22.6187,0,48
36092,12:47:38,113.878098,22.613701,0,52
36092,12:48:08,113.882599,22.6073,0,53
36092,12:48:38,113.887802,22.601801,0,54
36092,12:49:08,113.894402,22.5972,0,56
36092,12:49:39,113.900803,22.5916,0,56
36092,12:50:09,113.906303,22.585699,0,58
36092,12:50:38,113.911903,22.5797,0,55
36092,12:51:08,113.916603,22.5746,0,32
36092,12:51:38,113.919601,22.572001,0,33
36092,12:52:08,113.922096,22.568701,0,32
36092,12:53:08,113.934799,22.565201,0,52
36092,12:53:38,113.943497,22.565001,0,54
36092,12:54:08,113.951698,22.5641,0,53
36092,12:54:38,113.959198,22.562599,0,51
36092,12:56:08,113.979599,22.5543,0,55
36092,12:56:38,113.986702,22.5495,0,56
36092,12:57:08,113.994102,22.546499,0,52
36092,12:57:38,114.001999,22.5446,0,53
36092,12:58:08,114.008301,22.541,0,44
36092,12:58:38,114.009399,22.539301,0,0
36092,12:59:08,114.009399,22.5394,0,0
36092,13:00:40,114.011803,22.534,0,24
36092,13:01:10,114.013,22.5301,0,22
36092,13:01:39,114.013603,22.5305,0,28
36092,13:02:09,114.017601,22.531601,0,20
36092,13:04:09,114.039703,22.5308,0,37
36092,13:04:39,114.045502,22.5312,0,37
36092,13:05:40,114.053703,22.5312,0,20
36092,13:06:11,114.054001,22.534901,0,0
36092,13:06:40,114.053398,22.535101,0,0
36092,13:07:09,114.053497,22.5354,0,12
36092,13:07:39,114.053497,22.537001,0,0
36092,13:08:39,114.056297,22.537399,0,26
36092,13:09:09,114.056801,22.5373,0,0
36092,13:09:39,114.057198,22.5373,0,10
36092,13:10:39,114.057899,22.5369,0,0
36092,13:11:09,114.057999,22.5369,0,5
36092,13:12:10,114.057701,22.533001,0,20
36092,13:12:40,114.056503,22.5317,0,16
36092,13:13:09,114.052101,22.5317,0,31
36092,13:13:39,114.047997,22.531601,0,19
36092,13:14:09,114.0448,22.531601,0,18
36092,13:15:09,114.044701,22.529699,0,28
36092,13:16:09,114.044197,22.525299,0,23
36092,13:17:10,114.042,22.5215,0,0
36092,13:18:39,114.041298,22.520599,0,7
36092,13:19:09,114.040802,22.5198,0,12
36092,13:19:39,114.039597,22.518,0,6
36092,13:20:39,114.037201,22.518999,0,0
36092,13:21:41,114.039001,22.516899,0,12
36092,13:22:41,114.041702,22.5208,0,0
36092,13:24:10,114.044296,22.525299,0,13
36092,13:24:40,114.0448,22.527,0,8
36092,13:25:10,114.046097,22.527399,0,12
36092,13:26:10,114.049103,22.5277,0,13
36092,13:27:11,114.0495,22.528799,0,5
36092,13:27:41,114.050697,22.5291,0,10
36092,13:28:41,114.048599,22.527399,0,9
36092,13:29:10,114.047203,22.5275,0,6
36092,13:30:10,114.044998,22.5278,0,8
36092,13:31:10,114.045097,22.530399,0,6
36092,13:31:40,114.042999,22.530001,0,0
36092,13:33:40,114.041603,22.526899,0,2
36092,13:34:10,114.040703,22.527,0,4
36092,13:34:39,114.0401,22.528799,0,10
36092,13:35:09,114.040901,22.529699,0,4
36092,13:35:39,114.041801,22.530899,0,25
36092,13:36:09,114.045197,22.5315,0,28
36092,13:37:11,114.054199,22.531401,0,28
36092,13:38:41,114.065697,22.531601,0,22
36092,13:39:11,114.068298,22.531601,0,21
36092,13:39:41,114.068298,22.5313,0,22
36092,13:40:10,114.068199,22.5359,0,31
36092,13:41:10,114.071503,22.538601,0,8
36092,13:42:40,114.071999,22.535801,0,15
36092,13:43:10,114.071999,22.5327,0,13
36092,13:43:40,114.070396,22.532,0,14
36092,13:44:10,114.068604,22.533701,0,8
36092,13:44:42,114.066498,22.5324,0,0
36092,13:45:11,114.064796,22.532301,0,0
36092,13:45:40,114.0644,22.532,0,1
36092,13:46:40,114.0644,22.532,0,0
36092,13:47:40,114.0644,22.532101,0,2
36092,13:48:40,114.064201,22.5322,0,0
36092,13:49:10,114.064201,22.5322,0,0
36092,13:49:40,114.064201,22.5322,0,0
36092,13:50:12,114.063797,22.532101,0,10
36092,13:50:42,114.062103,22.5329,0,28
36092,13:52:41,114.042297,22.5315,0,36
36092,13:53:11,114.036102,22.5308,0,42
36092,13:54:11,114.028297,22.5308,0,11
36092,13:54:41,114.027298,22.531,0,8
36092,13:55:42,114.025703,22.5319,0,10
36092,13:56:42,114.024002,22.5371,0,22
36092,13:57:11,114.022903,22.5413,0,33
36092,13:58:41,114.024902,22.5408,0,8
36092,13:59:11,114.025002,22.540701,0,0
36092,13:59:41,114.024696,22.540001,0,20
36092,14:00:11,114.021301,22.5396,0,21
36092,14:01:11,114.0168,22.538601,0,14
36092,14:02:40,114.010902,22.537701,0,22
36092,14:03:10,114.006798,22.537001,0,28
36092,14:04:10,114.003403,22.536301,0,0
36092,14:04:40,114.003403,22.536301,0,0
36092,14:05:13,114.001198,22.535999,0,27
36092,14:05:43,113.997498,22.535299,0,23
36092,14:06:43,113.988998,22.5362,0,8
36092,14:07:13,113.988701,22.538601,0,13
36092,14:07:43,113.987701,22.539801,0,7
36092,14:08:12,113.9869,22.5408,0,11
36092,14:09:12,113.986801,22.5401,0,21
36092,14:10:12,113.985001,22.5364,0,28
36092,14:10:42,113.978798,22.536501,0,42
36092,14:11:12,113.974098,22.538,0,35
36092,14:11:42,113.971901,22.539,0,0
36092,14:12:12,113.9701,22.5397,0,30
36092,14:12:42,113.964798,22.541599,0,28
36092,14:13:12,113.963501,22.542101,0,0
36092,14:13:41,113.963501,22.542101,0,0
36092,14:14:11,113.9627,22.5425,0,25
36092,14:14:41,113.9608,22.5431,0,0
36092,14:15:13,113.960503,22.5432,0,0
36092,14:15:43,113.960503,22.5432,0,0
36092,14:16:13,113.960503,22.5432,0,6
36092,14:16:43,113.959198,22.5434,0,10
36092,14:18:13,113.9496,22.543301,0,0
36092,14:18:43,113.9496,22.543301,0,0
36092,14:19:12,113.9496,22.543301,0,0
36092,14:19:42,113.948997,22.542801,0,15
36092,14:20:43,113.947701,22.5418,0,14
36092,14:22:13,113.945099,22.5418,0,13
36092,14:24:13,113.9589,22.5434,0,0
36092,14:25:12,113.960297,22.5466,0,0
36092,14:25:43,113.960297,22.546801,0,0
36092,14:26:13,113.960297,22.546801,0,0
36092,14:26:43,113.960602,22.548401,0,31
36092,14:29:13,113.954102,22.543501,0,27
36092,14:29:43,113.952103,22.5387,0,30
36092,14:31:13,113.949898,22.533199,0,42
36092,14:31:43,113.9496,22.5291,0,22
36092,14:32:13,113.948402,22.5259,0,26
36092,14:32:43,113.944901,22.524799,0,24
36092,14:33:13,113.940903,22.525,0,27
36092,14:34:43,113.933701,22.5215,0,21
36092,14:35:13,113.933998,22.5208,0,2
36092,14:35:43,113.933899,22.5187,0,20
36092,14:36:43,113.9319,22.518801,0,0
36092,14:37:13,113.931099,22.518999,0,23
36092,14:38:13,113.927399,22.5182,0,10
36092,14:38:43,113.924004,22.518,0,16
36092,14:39:13,113.923698,22.518,0,0
36092,14:39:43,113.923698,22.518,0,0
36092,14:40:45,113.923103,22.5179,0,0
36092,14:42:14,113.923103,22.5179,0,0
36092,14:42:44,113.922997,22.5179,0,0
36092,14:43:14,113.922997,22.5179,0,0
36092,14:44:14,113.922501,22.5182,0,0
36092,14:44:44,113.922501,22.5182,0,0
36092,14:45:44,113.922501,22.5182,0,0
36092,14:46:43,113.921997,22.5172,0,24
36092,14:47:13,113.921097,22.513599,0,14
36092,14:47:43,113.920799,22.513,0,0
36092,14:48:13,113.9207,22.512501,0,9
36092,14:48:43,113.920097,22.5107,0,10
36092,14:49:13,113.919998,22.5107,0,0
36092,14:49:43,113.919502,22.510599,0,12
36092,14:50:13,113.918999,22.509001,0,0
36092,14:51:45,113.916298,22.509701,0,0
36092,14:52:15,113.917297,22.509001,0,0
36092,14:52:44,113.917297,22.509001,0,0
36092,14:53:14,113.917297,22.509001,0,0
36092,14:53:44,113.917999,22.508499,0,8
36092,14:54:44,113.918404,22.508101,0,0
36092,14:55:14,113.918404,22.508101,0,0
36092,14:55:44,113.918404,22.508101,0,0
36092,14:56:14,113.918503,22.5079,0,7
36092,14:59:13,113.915604,22.510401,0,7
36092,14:59:43,113.913696,22.511999,0,0
36092,15:01:45,113.9095,22.5152,0,0
36092,15:02:45,113.908997,22.5151,0,8
36092,15:03:15,113.905998,22.515499,0,27
36092,15:04:14,113.905296,22.5184,0,35
36092,15:05:14,113.909302,22.524099,0,32
36092,15:05:44,113.909698,22.525499,0,0
36092,15:06:14,113.909698,22.525499,0,0
36092,15:07:44,113.910301,22.530701,0,0
36092,15:08:14,113.910103,22.531401,0,0
36092,15:09:13,113.910301,22.529699,0,30
36092,15:10:13,113.909302,22.5245,0,32
36092,15:11:45,113.9039,22.517,0,0
36092,15:12:45,113.903702,22.516701,0,15
36092,15:13:15,113.901703,22.5147,0,21
36092,15:14:15,113.8992,22.5123,0,26
36092,15:14:45,113.897202,22.5103,0,17
36092,15:15:14,113.895798,22.509899,0,6
36092,15:15:44,113.8937,22.507401,0,16
36092,15:16:14,113.892502,22.5056,0,10
36092,15:16:44,113.892097,22.5049,0,0
36092,15:17:14,113.892502,22.5054,0,20
36092,15:17:44,113.8937,22.507401,0,0
36092,15:18:14,113.895599,22.5096,0,27
36092,15:18:44,113.899002,22.5117,0,0
36092,15:19:16,113.899902,22.513,0,0
36092,15:19:46,113.9002,22.513201,0,10
36092,15:20:15,113.900398,22.513201,0,6
36092,15:20:45,113.902702,22.515499,0,29
36092,15:21:15,113.903397,22.5163,0,0
36092,15:21:45,113.903397,22.5163,0,0
36092,15:22:15,113.905602,22.5186,0,36
36092,15:22:45,113.908798,22.5222,0,25
36092,15:23:45,113.909698,22.525499,0,0
36092,15:24:16,113.909698,22.525499,0,0
36092,15:25:46,113.9104,22.5305,0,9
36092,15:26:15,113.9104,22.530899,0,0
36092,15:27:45,113.910202,22.5313,0,12
36092,15:28:15,113.908997,22.5313,0,0
36092,15:29:16,113.909897,22.531401,0,0
36092,15:29:46,113.912003,22.531401,0,15
36092,15:31:45,113.916397,22.528601,0,0
36092,15:32:45,113.915398,22.527201,0,0
36092,15:33:15,113.915398,22.527201,0,0
36092,15:34:16,113.913597,22.526501,0,7
36092,15:35:46,113.909599,22.5257,0,9
36092,15:36:16,113.908798,22.5226,0,0
36092,15:36:46,113.908798,22.522499,0,9
36092,15:37:45,113.903801,22.516899,0,0
36092,15:38:15,113.903801,22.516899,0,0
36092,15:38:45,113.903801,22.516899,0,0
36092,15:39:16,113.903603,22.5166,0,15
36092,15:39:46,113.901299,22.5144,0,7
36092,15:40:16,113.9011,22.514299,0,0
36092,15:41:16,113.901604,22.5145,0,19
36092,15:43:15,113.908699,22.514999,0,11
36092,15:44:47,113.911301,22.5154,0,18
36092,15:45:17,113.914001,22.518,0,13
36092,15:47:17,113.920303,22.5191,0,33
36092,15:48:46,113.921402,22.518299,0,0
36092,15:49:16,113.921402,22.518299,0,0
36092,15:50:16,113.923302,22.5205,0,26
36092,15:50:46,113.925201,22.523701,0,27
36092,15:51:16,113.9245,22.527901,0,29
36092,15:52:16,113.927002,22.5357,0,30
36092,15:53:45,113.934402,22.5425,0,39
36092,15:54:15,113.940002,22.542601,0,36
36092,15:54:47,113.944298,22.5427,0,22
36092,15:55:17,113.944801,22.542,0,0
36092,15:57:17,113.944199,22.540899,0,0
36092,15:57:47,113.944199,22.540899,0,0
36092,15:59:16,113.941399,22.5394,0,16
36092,15:59:47,113.940903,22.5394,0,0
36092,16:00:17,113.940804,22.5394,0,8
36092,16:00:47,113.938202,22.539301,0,17
36092,16:02:17,113.936897,22.535101,0,0
36092,16:02:47,113.935501,22.5341,0,24
36092,16:04:17,113.929802,22.5268,0,29
36092,16:04:48,113.9282,22.5231,0,17
36092,16:05:17,113.926399,22.5235,0,13
36092,16:05:47,113.928902,22.524401,0,25
36092,16:06:17,113.932701,22.5242,0,10
36092,16:07:17,113.932701,22.523899,0,15
36092,16:07:47,113.935699,22.524099,0,28
36092,16:08:17,113.936096,22.5224,0,18
36092,16:08:47,113.937698,22.5259,0,27
36092,16:09:17,113.936302,22.5249,0,23
36092,16:10:16,113.928497,22.525,0,10
36092,16:11:17,113.925301,22.525999,0,17
36092,16:11:47,113.9245,22.5289,0,30
36092,16:12:17,113.925903,22.5329,0,30
36092,16:12:47,113.9272,22.5359,0,20
36092,16:13:17,113.927101,22.5397,0,32
36092,16:14:47,113.9235,22.5432,0,0
36092,16:15:46,113.923302,22.544201,0,0
36092,16:16:16,113.924599,22.5443,0,3
36092,16:16:48,113.9244,22.545799,0,15
36092,16:17:18,113.924301,22.548201,0,8
36092,16:17:48,113.9245,22.549101,0,0
36092,16:18:48,113.9245,22.549101,0,0
36092,16:19:48,113.922997,22.5492,0,4
36092,16:21:17,113.922401,22.5445,0,16
36092,16:22:18,113.921799,22.539,0,0
36092,16:22:48,113.919296,22.5389,0,20
36092,16:23:48,113.916397,22.537201,0,0
36092,16:24:18,113.916298,22.5369,0,0
36092,16:24:48,113.916298,22.5369,0,0
36092,16:26:18,113.915901,22.533199,0,6
36092,16:26:48,113.915901,22.5324,0,14
36092,16:27:18,113.916199,22.5305,0,18
36092,16:27:47,113.916199,22.5305,0,0
36092,16:27:48,113.916603,22.528,0,10
36092,16:28:18,113.915497,22.527399,0,0
36092,16:28:48,113.914597,22.526699,0,14
36092,16:31:39,113.9114,22.519199,0,1
36092,16:32:09,113.9114,22.5191,0,0
36092,16:32:39,113.9114,22.5191,0,0
36092,16:33:09,113.911499,22.518999,0,3
36092,16:33:39,113.911499,22.5191,0,0
36092,16:34:11,113.916199,22.5305,0,0
36092,16:34:39,113.911598,22.519199,0,2
36092,16:35:08,113.911598,22.519199,0,0
36092,16:35:39,113.911598,22.519199,0,0
36092,16:36:09,113.911697,22.519199,0,0
36092,16:36:39,113.911697,22.519199,0,0
36092,16:37:39,113.911697,22.519199,0,0
36092,16:38:09,113.911697,22.519199,0,0
36092,16:38:39,113.912003,22.5193,0,1
36092,16:39:09,113.912003,22.5193,0,0
36092,16:40:40,113.912003,22.5193,0,0
36092,16:41:40,113.912003,22.5193,0,0
36092,16:43:10,113.912003,22.5196,0,0
36092,16:43:40,113.912201,22.5194,0,7
36092,16:45:39,113.909698,22.518299,0,17
36092,16:46:09,113.908997,22.5168,0,0
36092,16:46:38,113.908997,22.5168,0,0
36092,16:47:38,113.908699,22.5166,0,0
36092,16:48:08,113.908699,22.5166,0,0
36092,16:48:38,113.908699,22.5166,0,0
36092,16:49:08,113.908699,22.5166,0,0
36092,16:49:38,113.908699,22.5166,0,0
36092,16:50:08,113.908699,22.5166,0,0
36092,16:50:38,113.908699,22.5166,0,0
36092,16:51:10,113.908699,22.5166,0,0
36092,16:51:40,113.908699,22.5163,0,0
36092,16:52:09,113.908699,22.516399,0,4
36092,16:54:39,113.912201,22.513901,0,8
36092,16:55:09,113.9133,22.5124,0,0
36092,16:55:39,113.9133,22.5124,0,0
36092,16:56:39,113.9123,22.5137,0,30
36092,16:57:09,113.912804,22.5168,0,34
36092,16:57:38,113.915001,22.518999,0,13
36092,16:59:08,113.918404,22.525801,0,0
36092,16:59:38,113.918503,22.525999,0,8
36092,17:00:38,113.918701,22.5266,0,0
36092,17:01:10,113.918701,22.5266,0,0
36092,17:01:40,113.918701,22.5266,0,0
36092,17:02:10,113.918701,22.5266,0,0
36092,17:02:40,113.918701,22.5266,0,0
36092,17:03:39,113.9189,22.5294,0,26
36092,17:04:09,113.919197,22.5301,0,0
36092,17:04:39,113.919601,22.5301,0,0
36092,17:05:39,113.919998,22.5329,0,25
36092,17:06:10,113.920097,22.534401,0,0
36092,17:06:40,113.9198,22.5326,0,20
36092,17:07:10,113.919701,22.5317,0,0
36092,17:09:39,113.922897,22.5298,0,0
36092,17:10:09,113.922699,22.5299,0,0
36092,17:10:39,113.923698,22.5296,0,6
36092,17:11:10,113.924599,22.526699,0,30
36092,17:12:10,113.923203,22.521,0,0
36092,17:12:40,113.923103,22.521,0,5
36092,17:13:40,113.922501,22.519501,0,0
36092,17:15:09,113.922203,22.5186,0,0
36092,17:15:39,113.922203,22.518299,0,4
36092,17:16:38,113.9272,22.518,0,6
36092,17:17:38,113.927399,22.5114,0,19
36092,17:18:38,113.925102,22.510799,0,6
36092,17:19:08,113.924698,22.510799,0,0
36092,17:19:38,113.9244,22.5107,0,7
36092,17:20:07,113.9244,22.5096,0,10
36092,17:20:37,113.924202,22.508101,0,10
36092,17:21:07,113.9226,22.507999,0,17
36092,17:21:40,113.919899,22.507999,0,14
36092,17:22:40,113.919701,22.510099,0,26
36092,17:23:40,113.920403,22.511,0,8
36092,17:24:10,113.920998,22.5128,0,13
36092,17:24:40,113.921204,22.513599,0,0
36092,17:25:10,113.921204,22.5138,0,0
36092,17:25:39,113.921501,22.514799,0,11
36092,17:27:11,113.921997,22.516399,0,2
36092,17:28:11,113.922096,22.517099,0,20
36092,17:28:41,113.924301,22.5179,0,16
36092,17:29:41,113.926598,22.518,0,0
36092,17:30:11,113.927803,22.518999,0,22
36092,17:30:41,113.929199,22.5194,0,12
36092,17:31:10,113.929604,22.5205,0,0
36092,17:31:40,113.929604,22.5208,0,0
36092,17:32:10,113.928902,22.521,0,6
36092,17:33:10,113.928902,22.521,0,0
36092,17:36:10,113.928902,22.521,0,0
36092,17:36:40,113.928902,22.521,0,0
36092,17:37:10,113.928902,22.521,0,0
36092,17:37:40,113.928902,22.521,0,0
36092,17:38:10,113.928902,22.521,0,0
36092,17:40:11,113.93,22.5198,0,0
36092,17:40:41,113.930199,22.519899,0,0
36092,17:42:11,113.929001,22.5201,0,0
36092,17:42:40,113.930397,22.5191,0,0
36092,17:43:10,113.928299,22.5196,0,7
36092,17:43:40,113.928001,22.519699,0,0
36092,17:44:40,113.928001,22.519699,0,0
36092,17:46:10,113.927597,22.5189,0,18
36092,17:46:40,113.925201,22.518101,0,15
36092,17:47:10,113.925102,22.518,0,0
36092,17:47:41,113.923103,22.518,0,9
36092,17:48:11,113.9226,22.5179,0,0
36092,17:49:11,113.9226,22.5179,0,0
36092,17:52:11,113.921402,22.513901,0,0
36092,17:54:11,113.920898,22.512699,0,0
36092,17:55:41,113.9207,22.511999,0,16
36092,17:56:41,113.920403,22.5105,0,0
36092,17:57:11,113.919899,22.509399,0,14
36092,17:57:41,113.919701,22.5084,0,0
36092,17:58:41,113.919701,22.5084,0,0
36092,18:01:41,113.917297,22.5035,0,0
36092,18:02:11,113.916199,22.501101,0,32
36092,18:02:41,113.9161,22.500099,0,0
36092,18:04:12,113.917,22.4986,0,8
36092,18:04:42,113.915199,22.496,0,11
36092,18:05:12,113.9142,22.4951,0,0
36092,18:05:42,113.9142,22.4951,0,0
36092,18:06:12,113.914398,22.4953,0,0
36092,18:06:42,113.914497,22.495501,0,8
36092,18:07:12,113.913902,22.496,0,0
36092,18:07:42,113.913498,22.496401,0,0
36092,18:08:12,113.914101,22.497299,0,22
36092,18:08:42,113.915604,22.499399,0,13
36092,18:10:41,113.915901,22.5005,0,25
36092,18:11:41,113.917198,22.5037,0,12
36092,18:12:11,113.917999,22.5056,0,0
36092,18:12:41,113.917999,22.5056,0,0
36092,18:13:43,113.918198,22.506201,0,9
36092,18:14:13,113.918503,22.506901,0,14
36092,18:21:42,113.9282,22.5196,0,17
36092,18:22:12,113.930801,22.5191,0,10
36092,18:23:12,113.931,22.519699,0,0
36092,18:23:43,113.932297,22.521099,0,0
36092,18:24:13,113.932098,22.520201,0,18
36092,18:24:43,113.928802,22.519899,0,0
36092,18:26:42,113.927597,22.518499,0,0
36092,18:27:12,113.927498,22.517401,0,15
36092,18:27:42,113.927597,22.5154,0,16
36092,18:28:42,113.927299,22.509701,0,0
36092,18:29:12,113.927101,22.508301,0,11
36092,18:29:44,113.9245,22.507999,0,11
36092,18:31:13,113.921898,22.5079,0,0
36092,18:32:13,113.919601,22.507799,0,0
36092,18:32:43,113.919601,22.507799,0,0
36092,18:33:13,113.918999,22.5079,0,9
36092,18:33:43,113.918297,22.508499,0,0
36092,18:34:13,113.918297,22.508499,0,0
36092,18:34:43,113.917801,22.508699,0,11
36092,18:35:13,113.916603,22.5096,0,0
36092,18:35:43,113.916298,22.51,0,6
36092,18:36:13,113.915703,22.510401,0,0
36092,18:36:42,113.915703,22.510401,0,0
36092,18:37:12,113.915703,22.510401,0,0
36092,18:37:42,113.915001,22.510799,0,23
36092,18:38:42,113.9132,22.5126,0,19
36092,18:39:12,113.911903,22.514299,0,5
36092,18:39:44,113.911797,22.5145,0,0
36092,18:40:44,113.913696,22.517599,0,21
36092,18:41:14,113.915703,22.5196,0,31
36092,18:41:44,113.917,22.5208,0,0
36092,18:42:13,113.917603,22.522499,0,22
36092,18:44:13,113.918503,22.5263,0,0
36092,18:45:43,113.918503,22.5263,0,0
36092,18:46:13,113.918503,22.5263,0,0
36092,18:46:43,113.918503,22.5263,0,0
36092,18:47:42,113.918404,22.526501,0,3
36092,18:48:12,113.918404,22.5268,0,4
36092,18:49:12,113.919296,22.529499,0,0
36092,18:49:42,113.919296,22.529499,0,0
36092,18:51:14,113.919998,22.5329,0,0
36092,18:52:14,113.919998,22.5345,0,0
36092,18:52:44,113.919899,22.5345,0,7
36092,18:54:43,113.919601,22.5317,0,0
36092,18:55:15,113.919601,22.5317,0,0
36092,18:56:15,113.919296,22.5292,0,9
36092,18:56:45,113.919197,22.5294,0,0
36092,18:57:45,113.918297,22.527599,0,18
36092,18:58:44,113.914497,22.5256,0,14
36092,18:59:14,113.914398,22.5245,0,0
36092,18:59:44,113.914299,22.5235,0,1
36092,19:00:14,113.913696,22.5221,0,17
36092,19:00:44,113.913101,22.521099,0,0
36092,19:01:44,113.909302,22.517799,0,23
36092,19:02:14,113.908897,22.515699,0,12
36092,19:03:14,113.910698,22.515301,0,0
36092,19:04:43,113.913902,22.517799,0,2
36092,19:06:45,113.920197,22.5194,0,12
36092,19:07:15,113.920403,22.5191,0,6
36092,19:10:14,113.921501,22.518299,0,0
36092,19:11:14,113.925102,22.5179,0,18
36092,19:12:14,113.927597,22.518,0,10
36092,19:12:44,113.927803,22.5194,0,0
36092,19:13:14,113.928497,22.5196,0,16
36092,19:13:44,113.930702,22.518999,0,21
36092,19:14:14,113.931099,22.5189,0,0
36092,19:15:45,113.9319,22.5207,0,18
36092,19:16:45,113.931297,22.5217,0,0
36092,19:17:15,113.931297,22.5217,0,0
36092,19:17:45,113.93,22.5191,0,0
36092,19:18:15,113.928802,22.519501,0,11
36092,19:18:45,113.928497,22.5196,0,0
36092,19:19:45,113.927696,22.5184,0,0
36092,19:20:15,113.927696,22.5168,0,27
36092,19:20:44,113.927597,22.5126,0,25
36092,19:22:14,113.9272,22.508699,0,0
36092,19:22:45,113.9272,22.508699,0,0
36092,19:23:45,113.9272,22.508699,0,0
36092,19:24:15,113.9272,22.508301,0,9
36092,19:24:45,113.929802,22.5079,0,12
36092,19:25:45,113.930099,22.505699,0,0
36092,19:26:44,113.930199,22.503201,0,8
36092,19:27:46,113.928497,22.502899,0,0
36092,19:28:16,113.928497,22.502899,0,0
36092,19:30:46,113.923401,22.502701,0,20
36092,19:35:46,113.918198,22.5058,0,0
36092,19:36:11,113.923401,22.502701,0,0
36092,19:36:16,113.918404,22.5068,0,18
36092,19:36:46,113.918701,22.507401,0,0
36092,19:37:16,113.918701,22.507401,0,0
36092,19:37:46,113.918701,22.507401,0,0
36092,19:38:16,113.918503,22.5082,0,17
36092,19:38:46,113.916199,22.51,0,15
36092,19:39:16,113.914497,22.5112,0,9
36092,19:39:46,113.914001,22.5116,0,0
36092,19:40:16,113.913803,22.511801,0,1
36092,19:40:46,113.912804,22.513,0,23
36092,19:41:16,113.9114,22.514999,0,0
36092,19:41:46,113.9114,22.514999,0,0
36092,19:42:16,113.9114,22.514999,0,0
36092,19:42:46,113.911003,22.515301,0,12
36092,19:43:16,113.909798,22.5152,0,0
36092,19:43:46,113.908699,22.514999,0,15
36092,19:44:46,113.905403,22.515699,0,0
36092,19:45:16,113.905403,22.515699,0,0
36092,19:45:46,113.905403,22.515699,0,0
36092,19:46:16,113.904099,22.5163,0,9
36092,19:46:46,113.902702,22.5156,0,13
36092,19:47:16,113.901604,22.514601,0,12
36092,19:47:46,113.900902,22.513901,0,15
36092,19:48:15,113.900597,22.513599,0,0
36092,19:49:45,113.900597,22.513599,0,0
36092,19:50:45,113.896896,22.5103,0,31
36092,19:52:15,113.892502,22.5056,0,0
36092,19:53:17,113.893799,22.507299,0,17
36092,19:53:47,113.893997,22.507601,0,9
36092,19:54:47,113.899597,22.5126,0,0
36092,19:55:16,113.9002,22.5131,0,0
36092,19:56:16,113.9002,22.5133,0,0
36092,19:56:46,113.901001,22.513901,0,22
36092,19:57:16,113.903397,22.516199,0,15
36092,19:57:46,113.904701,22.5159,0,0
36092,19:58:16,113.905296,22.5156,0,20
36092,19:59:15,113.908203,22.514799,0,0
36092,19:59:45,113.908997,22.514799,0,22
36092,20:00:17,113.912003,22.514099,0,27
36092,20:00:47,113.914299,22.511101,0,27
36092,20:01:17,113.915398,22.510401,0,14
36092,20:01:47,113.917603,22.508301,0,14
36092,20:02:17,113.918297,22.507799,0,0
36092,20:02:47,113.918297,22.5079,0,0
36092,20:03:17,113.918602,22.507799,0,10
36092,20:04:16,113.917297,22.504101,0,0
36092,20:05:47,113.916,22.500299,0,0
36092,20:06:17,113.915497,22.4993,0,21
36092,20:06:47,113.913696,22.4967,0,9
36092,20:07:47,113.911797,22.4939,0,31
36092,20:08:17,113.910301,22.4909,0,0
36092,20:08:47,113.910202,22.490801,0,7
36092,20:09:46,113.911499,22.488199,0,19
36092,20:11:17,113.910202,22.487499,0,0
36092,20:13:17,113.9105,22.4911,0,21
36092,20:13:47,113.912201,22.494499,0,24
36092,20:14:17,113.912903,22.495701,0,0
36092,20:14:47,113.912903,22.496,0,9
36092,20:16:18,113.916603,22.5021,0,21
36092,20:17:18,113.916801,22.5028,0,0
36092,20:17:48,113.917,22.5033,0,13
36092,20:18:18,113.918198,22.5061,0,19
36092,20:18:48,113.918701,22.507401,0,0
36092,20:19:18,113.918701,22.507401,0,0
36092,20:19:48,113.918701,22.507401,0,0
36092,20:20:18,113.918701,22.507401,0,0
36092,20:20:48,113.918701,22.507601,0,10
36092,20:21:17,113.919998,22.5107,0,28
36092,20:21:47,113.921402,22.514099,0,33
36092,20:22:17,113.922096,22.5168,0,8
36092,20:22:47,113.922096,22.517099,0,0
36092,20:23:17,113.922096,22.5177,0,0
36092,20:24:17,113.922096,22.5177,0,0
36092,20:25:19,113.923401,22.521799,0,10
36092,20:25:49,113.924698,22.5222,0,10
36092,20:26:19,113.925598,22.5219,0,8
36092,20:26:48,113.925797,22.521999,0,0
36092,20:27:48,113.925598,22.5217,0,3
36092,20:28:48,113.9254,22.52,0,0
36092,20:30:18,113.927498,22.519501,0,0
36092,20:30:48,113.927696,22.519699,0,14
36092,20:31:18,113.928398,22.5196,0,4
36092,20:31:47,113.929001,22.5194,0,3
36092,20:32:17,113.929703,22.5193,0,13
36092,20:33:17,113.930801,22.5193,0,0
36092,20:34:17,113.931297,22.5203,0,3
36092,20:34:47,113.930901,22.5208,0,0
36092,20:35:49,113.931503,22.520901,0,0
36092,20:36:19,113.931702,22.520901,0,0
36092,20:36:49,113.931702,22.5205,0,0
36092,20:37:48,113.932404,22.520201,0,3
36092,20:38:18,113.930801,22.521799,0,0
36092,20:39:18,113.931297,22.5214,0,4
36092,20:39:48,113.931503,22.5214,0,0
36092,20:41:49,113.928398,22.5196,0,0
36092,20:42:19,113.928398,22.5196,0,0
36092,20:42:49,113.928398,22.5196,0,0
36092,20:43:48,113.927696,22.519501,0,14
36092,20:44:18,113.927498,22.5182,0,0
36092,20:45:19,113.927498,22.5182,0,0
36092,20:45:49,113.927696,22.516199,0,31
36092,20:46:19,113.927803,22.5133,0,0
36092,20:47:19,113.927597,22.510599,0,33
36092,20:47:49,113.926804,22.5079,0,21
36092,20:48:19,113.922302,22.5079,0,30
36092,20:48:48,113.919296,22.5079,0,0
36092,20:49:48,113.919296,22.5079,0,0
36092,20:50:19,113.918404,22.5082,0,14
36092,20:50:49,113.9161,22.509899,0,17
36092,20:52:19,113.915298,22.510201,0,8
36092,20:52:49,113.914703,22.5084,0,5
36092,20:53:19,113.913498,22.508301,0,0
36092,20:53:49,113.913498,22.508301,0,0
36092,20:54:18,113.9133,22.508499,0,0
36092,20:54:48,113.913399,22.508301,0,0
36092,20:55:19,113.913498,22.5084,0,3
36092,20:55:49,113.914398,22.5084,0,3
36092,20:56:19,113.915298,22.509899,0,9
36092,20:56:49,113.915298,22.510099,0,0
36092,20:58:19,113.915703,22.5145,0,18
36092,20:58:49,113.916801,22.5158,0,14
36092,20:59:19,113.917198,22.5163,0,0
36092,20:59:48,113.917603,22.516701,0,0
36092,21:00:20,113.917801,22.516701,0,0
36092,21:01:20,113.919998,22.5186,0,21
36092,21:01:50,113.921898,22.5173,0,3
36092,21:02:50,113.920799,22.512501,0,4
36092,21:03:20,113.920502,22.511999,0,11
36092,21:03:50,113.920403,22.511801,0,0
36092,21:04:20,113.921204,22.513901,0,33
36092,21:06:19,113.922096,22.5177,0,0
36092,21:07:19,113.922096,22.5177,0,0
36092,21:08:49,113.924599,22.525999,0,33
36092,21:09:19,113.9245,22.5305,0,23
36092,21:09:49,113.926102,22.5336,0,12
36092,21:10:19,113.927002,22.535999,0,22
36092,21:10:49,113.927101,22.539301,0,23
36092,21:11:49,113.925903,22.5439,0,20
36092,21:12:19,113.9235,22.5432,0,0
36092,21:12:49,113.922997,22.5432,0,19
36092,21:13:19,113.920898,22.544001,0,18
36092,21:14:19,113.9207,22.5452,0,11
36092,21:14:49,113.921997,22.545799,0,12
36092,21:15:19,113.922203,22.5459,0,0
36092,21:16:20,113.922401,22.5445,0,16
36092,21:16:50,113.922203,22.542601,0,15
36092,21:17:20,113.922401,22.5397,0,15
36092,21:17:50,113.922501,22.5392,0,0
36092,21:19:20,113.922997,22.535801,0,0
36092,21:19:50,113.922997,22.535801,0,0
36092,21:20:20,113.9245,22.535299,0,24
36092,21:20:50,113.926498,22.5354,0,0
36092,21:21:49,113.927299,22.537399,0,19
36092,21:22:20,113.9272,22.5408,0,27
36092,21:22:50,113.9291,22.5425,0,32
36092,21:23:50,113.940399,22.542801,0,40
36092,21:24:20,113.946701,22.5431,0,39
36092,21:25:50,113.959198,22.543301,0,0
36092,21:26:20,113.959198,22.543301,0,0
36092,21:27:21,113.960701,22.544201,0,12
36092,21:28:21,113.961098,22.544001,0,6
36092,21:29:21,113.963402,22.5434,0,4
36092,21:29:51,113.9636,22.5436,0,0
36092,21:30:21,113.963501,22.5434,0,0
36092,21:31:21,113.9636,22.5429,0,0
36092,21:32:21,113.963501,22.5424,0,0
36092,21:32:51,113.963303,22.5424,0,0
36092,21:33:50,113.962303,22.542801,0,0
36092,21:34:20,113.961998,22.5429,0,0
36092,21:34:50,113.961502,22.5429,0,7
36092,21:35:20,113.961403,22.542999,0,1
36092,21:35:50,113.961403,22.542999,0,0
36092,21:36:20,113.961403,22.542999,0,0
36092,21:36:50,113.961098,22.5431,0,7
36092,21:37:22,113.959999,22.5438,0,5
36092,21:39:21,113.962097,22.5581,0,28
36092,21:41:21,113.967003,22.5625,0,0
36092,21:41:51,113.967003,22.5625,0,0
36092,21:42:21,113.967003,22.5625,0,0
36092,21:43:51,113.971497,22.565901,0,18
36092,21:44:21,113.973297,22.564899,0,30
36092,21:44:51,113.975899,22.5639,0,1
36092,21:46:21,113.975601,22.5639,0,4
36092,21:46:51,113.974602,22.5644,0,12
36092,21:47:21,113.972397,22.5655,0,0
36092,21:47:52,113.972397,22.5655,0,0
36092,21:48:22,113.972,22.565201,0,9
36092,21:49:22,113.971397,22.563,0,7
36092,21:49:51,113.970901,22.561501,0,4
36092,21:50:51,113.970901,22.5613,0,0
36092,21:51:21,113.9701,22.5616,0,13
36092,21:51:51,113.969002,22.562,0,3
36092,21:52:52,113.967598,22.5625,0,0
36092,21:53:22,113.966599,22.5618,0,25
36092,21:54:22,113.962303,22.559999,0,12
36092,21:54:52,113.9618,22.556601,0,33
36092,21:55:21,113.960999,22.5518,0,34
36092,21:55:51,113.960403,22.5476,0,3
36092,21:56:21,113.960297,22.546801,0,20
36092,21:56:51,113.959801,22.544001,0,3
36092,21:57:21,113.959801,22.544001,0,0
36092,21:58:52,113.959801,22.543699,0,0
36092,21:59:22,113.959801,22.543699,0,0
36092,21:59:52,113.959801,22.543699,0,0
36092,22:01:21,113.962402,22.542299,0,5
36092,22:02:21,113.968002,22.540199,0,22
36092,22:02:52,113.970703,22.539301,0,2
36092,22:03:52,113.974503,22.537701,0,18
36092,22:05:22,113.981697,22.536301,0,5
36092,22:05:52,113.984497,22.5362,0,30
36092,22:06:21,113.988503,22.535999,0,18
36092,22:07:52,113.992599,22.5345,0,10
36092,22:08:22,113.993202,22.531401,0,2
36092,22:08:52,113.993301,22.5313,0,0
36092,22:09:52,113.993301,22.531,0,10
36092,22:10:22,113.993896,22.526899,0,33
36092,22:11:51,114.001297,22.530001,0,43
36092,22:12:21,114.007698,22.5296,0,37
36092,22:13:23,114.016998,22.531401,0,27
36092,22:14:23,114.026703,22.5308,0,45
36092,22:15:23,114.036499,22.530399,0,20
36092,22:15:53,114.0392,22.530701,0,17
36092,22:17:23,114.044502,22.5305,0,10
36092,22:19:23,114.043999,22.525101,0,19
36092,22:19:53,114.042702,22.522699,0,20
36092,22:20:23,114.041702,22.5212,0,14
36092,22:20:53,114.040604,22.5193,0,8
36092,22:21:53,114.0382,22.5161,0,3
36092,22:22:53,114.037498,22.516399,0,11
36092,22:23:23,114.035599,22.5172,0,24
36092,22:23:53,114.032303,22.518999,0,30
36092,22:24:23,114.029297,22.520599,0,0
36092,22:24:53,114.028397,22.521099,0,25
36092,22:25:23,114.0261,22.522499,0,20
36092,22:25:53,114.0252,22.5231,0,0
36092,22:26:23,114.023903,22.523701,0,9
36092,22:26:53,114.021202,22.525101,0,15
36092,22:27:53,114.020401,22.5256,0,0
36092,22:28:24,114.019402,22.5264,0,20
36092,22:28:54,114.017502,22.5285,0,18
36092,22:29:53,114.017601,22.5312,0,21
36092,22:30:23,114.019501,22.531601,0,0
36092,22:30:53,114.020897,22.531799,0,15
36092,22:32:23,114.0298,22.527599,0,18
36092,22:32:53,114.032204,22.526501,0,11
36092,22:33:54,114.025703,22.5308,0,28
36092,22:34:53,114.018097,22.5319,0,24
36092,22:35:23,114.014297,22.530899,0,32
36092,22:35:53,114.009201,22.5298,0,35
36092,22:36:23,114.003998,22.5301,0,35
36092,22:36:53,113.9991,22.5299,0,24
36092,22:37:23,113.996002,22.528799,0,17
36092,22:38:23,113.988998,22.525101,0,23
36092,22:39:53,113.988197,22.5256,0,0
36092,22:40:23,113.989304,22.525999,0,11
36092,22:41:54,113.988998,22.5301,0,19
36092,22:42:54,113.992699,22.5308,0,0
36092,22:43:24,113.992798,22.530899,0,0
36092,22:43:54,113.992798,22.530899,0,6
36092,22:44:24,113.993103,22.533199,0,26
36092,22:45:23,113.992996,22.534201,0,8
36092,22:46:24,113.990097,22.535801,0,0
36092,22:47:24,113.988899,22.537201,0,16
36092,22:47:54,113.988297,22.539,0,13
36092,22:49:24,113.987,22.5399,0,0
36092,22:49:54,113.986801,22.539101,0,17
36092,22:50:24,113.986603,22.5368,0,6
36092,22:50:53,113.9841,22.536301,0,26
36092,22:51:23,113.980301,22.5366,0,31
36092,22:52:23,113.973999,22.5383,0,16
36092,22:52:53,113.973297,22.5387,0,0
36092,22:53:53,113.971298,22.539301,0,0
36092,22:54:23,113.9692,22.5401,0,26
36092,22:54:53,113.964699,22.5418,0,20
36092,22:56:24,113.960701,22.5432,0,0
36092,22:56:54,113.960701,22.5432,0,0
36092,22:57:24,113.960701,22.5432,0,0
36092,22:58:24,113.956001,22.543501,0,30
36092,22:59:24,113.949303,22.5434,0,11
36092,23:00:54,113.940598,22.5429,0,3
36092,23:01:55,113.938202,22.540199,0,31
36092,23:02:55,113.936302,22.534599,0,29
36092,23:03:55,113.930298,22.528299,0,11
36092,23:04:25,113.928703,22.5282,0,9
36092,23:04:55,113.927399,22.528299,0,8
36092,23:05:25,113.926498,22.5284,0,0
36092,23:05:55,113.926399,22.528601,0,0
36092,23:06:26,113.9254,22.528799,0,18
36092,23:06:55,113.9245,22.5308,0,26
36092,23:07:25,113.926598,22.534401,0,23
36092,23:08:25,113.927101,22.5422,0,25
36092,23:08:55,113.926201,22.5441,0,19
36092,23:09:25,113.924202,22.5431,0,10
36092,23:09:55,113.923302,22.544001,0,7
36092,23:10:55,113.924301,22.5445,0,0
36092,23:11:25,113.9245,22.545401,0,9
36092,23:11:56,113.926498,22.546,0,9
36092,23:12:55,113.9263,22.544201,0,13
36092,23:13:25,113.927002,22.5443,0,14
36092,23:13:55,113.928299,22.545601,0,4
36092,23:14:25,113.928398,22.5445,0,0
36092,23:14:55,113.929604,22.5443,0,10
36092,23:15:25,113.930801,22.5439,0,5
36092,23:16:25,113.927299,22.5429,0,35
36092,23:16:56,113.921898,22.5431,0,23
36092,23:17:26,113.919197,22.5432,0,20
36092,23:18:55,113.914398,22.5368,0,32
36092,23:19:25,113.914299,22.535801,0,0
36092,23:19:55,113.914299,22.535801,0,0
36092,23:20:55,113.914001,22.530199,0,28
36092,23:22:26,113.914597,22.5257,0,0
36092,23:22:56,113.915001,22.5268,0,15
36092,23:24:25,113.9198,22.5271,0,21
36092,23:24:55,113.9245,22.525299,0,27
36092,23:25:55,113.930901,22.524799,0,21
36092,23:26:25,113.932404,22.5235,0,0
36092,23:26:57,113.932297,22.523001,0,15
36092,23:27:27,113.932503,22.5224,0,0
36092,23:27:57,113.930702,22.5224,0,20
36092,23:29:27,113.931099,22.526899,0,0
36092,23:29:56,113.929298,22.528,0,14
36092,23:30:26,113.926598,22.528601,0,14
36092,23:30:56,113.9244,22.5294,0,15
36092,23:31:57,113.927002,22.536301,0,0
36092,23:32:27,113.927101,22.5413,0,29
36092,23:32:57,113.926498,22.5443,0,22
36092,23:33:27,113.923798,22.5432,0,6
36092,23:33:57,113.921402,22.5432,0,3
36092,23:34:57,113.920502,22.5432,0,0
36092,23:35:26,113.920502,22.5432,0,0
36092,23:35:56,113.919899,22.543301,0,5
36092,23:37:57,113.917099,22.5436,0,14
36092,23:38:27,113.914902,22.543699,0,21
36092,23:39:27,113.908798,22.5501,0,34
36092,23:39:57,113.907303,22.553499,0,25
36092,23:40:27,113.904999,22.5562,0,27
36092,23:41:26,113.897301,22.5627,0,43
36092,23:41:56,113.892998,22.5667,0,39
36092,23:42:26,113.888901,22.570999,0,35
36092,23:42:56,113.885002,22.574699,0,35
36092,23:43:26,113.881699,22.577801,0,28
36092,23:44:26,113.874298,22.5854,0,34
36092,23:44:56,113.871902,22.5888,0,20
36092,23:45:26,113.871101,22.587099,0,30
36092,23:45:56,113.867302,22.584299,0,31
36092,23:46:26,113.8647,22.582199,0,10
36092,23:47:27,113.864304,22.5816,0,0
36092,23:47:57,113.863503,22.5812,0,17
36092,23:48:27,113.859497,22.5844,0,33
36092,23:49:57,113.849701,22.5916,0,52
36092,23:50:27,113.845299,22.5975,0,47
36092,23:50:57,113.8442,22.599701,0,23
36092,23:51:57,113.841003,22.606501,0,0
36092,23:52:57,113.838203,22.6122,0,0
36092,23:53:57,113.838097,22.6122,0,5
