29595,00:01:17,114.111015,22.548033,0,0
29595,00:02:12,114.111015,22.548033,0,0
29595,00:02:58,114.111015,22.548033,1,0
29595,00:03:53,114.106621,22.546618,1,23
29595,00:04:48,114.105064,22.5492,1,22
29595,00:05:43,114.104202,22.552883,1,26
29595,00:06:38,114.10405,22.55475,1,9
29595,00:07:33,114.104179,22.55615,1,6
29595,00:08:28,114.104034,22.560383,1,29
29595,00:09:23,114.101913,22.56155,1,20
29595,00:10:18,114.099434,22.561617,1,13
29595,00:11:13,114.099319,22.5597,1,13
29595,00:12:08,114.091904,22.558533,1,53
29595,00:13:03,114.091248,22.558533,1,4
29595,00:13:58,114.083916,22.558533,1,47
29595,00:14:53,114.07795,22.554117,1,54
29595,00:15:48,114.076317,22.552082,1,16
29595,00:16:43,114.068336,22.551018,1,54
29595,00:17:38,114.068184,22.551018,1,1
29595,00:18:33,114.067764,22.5492,1,13
29595,00:19:28,114.06768,22.541651,1,54
29595,00:20:23,114.065735,22.538218,1,34
29595,00:20:39,114.065269,22.537983,0,12
29595,00:21:34,114.065269,22.537983,0,0
29595,00:22:29,114.064301,22.53775,0,5
29595,00:23:24,114.063385,22.5392,0,16
29595,00:24:19,114.062881,22.544233,0,34
29595,00:25:05,114.062683,22.546133,1,15
29595,00:26:00,114.062767,22.550617,1,28
29595,00:26:55,114.06282,22.551416,1,3
29595,00:27:50,114.064865,22.557949,1,58
29595,00:28:45,114.071014,22.55805,1,38
29595,00:29:40,114.080734,22.55805,1,65
29595,00:30:35,114.086365,22.565283,1,65
29595,00:31:30,114.095634,22.568533,1,67
29595,00:32:25,114.105583,22.573851,1,77
29595,00:33:20,114.114754,22.576433,1,66
29595,00:34:15,114.117104,22.576166,1,36
29595,00:35:10,114.114418,22.58275,1,50
29595,00:36:49,114.115448,22.584583,0,4
29595,00:37:44,114.11515,22.584682,0,0
29595,00:38:39,114.114319,22.584217,0,0
29595,00:39:34,114.115463,22.583567,0,4
29595,00:40:29,114.112801,22.585083,0,19
29595,00:42:19,114.1147,22.5805,0,43
29595,00:43:14,114.117683,22.571016,0,72
29595,00:44:10,114.118484,22.563749,0,51
29595,00:45:05,114.119385,22.559883,0,27
29595,00:46:00,114.12043,22.561068,0,7
29595,00:46:55,114.124481,22.562134,0,23
29595,00:47:50,114.125084,22.560249,0,11
29595,00:48:45,114.125084,22.560249,0,0
29595,00:49:40,114.125084,22.560249,0,0
29595,00:50:35,114.125084,22.560249,0,0
29595,00:51:30,114.125267,22.5602,0,0
29595,00:52:25,114.125267,22.5602,0,0
29595,00:53:20,114.125267,22.5602,0,0
29595,00:54:15,114.125267,22.5602,0,0
29595,00:55:10,114.125267,22.5602,0,0
29595,00:56:05,114.125267,22.5602,0,0
29595,00:57:00,114.125267,22.5602,0,0
29595,00:57:55,114.125267,22.5602,0,0
29595,00:58:50,114.125267,22.5602,0,0
29595,00:59:45,114.125267,22.5602,0,0
29595,01:00:40,114.125267,22.5602,0,0
29595,01:01:35,114.125267,22.5602,0,0
29595,01:02:30,114.125267,22.5602,0,0
29595,01:03:25,114.125267,22.5602,0,0
29595,01:04:20,114.125267,22.5602,0,0
29595,01:05:15,114.125267,22.5602,0,0
29595,01:06:10,114.125267,22.5602,0,0
29595,01:07:05,114.125267,22.5602,0,0
29595,01:08:00,114.125267,22.5602,0,0
29595,01:08:55,114.125069,22.559334,0,1
29595,01:09:50,114.121231,22.557568,0,40
29595,01:11:40,114.123314,22.5522,0,8
29595,01:12:35,114.12117,22.552067,0,2
29595,01:14:25,114.118248,22.551149,0,2
29595,01:15:20,114.116699,22.5504,0,6
29595,01:16:15,114.114685,22.546984,0,26
29595,01:17:10,114.113197,22.547617,0,9
29595,01:18:05,114.112999,22.547701,0,1
29595,01:19:00,114.111267,22.547882,0,6
29595,01:19:55,114.108215,22.547167,0,15
29595,01:20:50,114.107483,22.5483,0,6
29595,01:21:45,114.107246,22.551567,0,20
29595,01:22:40,114.10495,22.552067,0,11
29595,01:23:35,114.104286,22.553183,0,11
29595,01:24:30,114.104019,22.553083,0,1
29595,01:25:25,114.104019,22.553083,0,0
29595,01:26:20,114.104019,22.553083,0,0
29595,01:27:15,114.104019,22.553083,0,0
29595,01:28:10,114.104019,22.553083,0,0
29595,01:29:05,114.104019,22.553083,0,0
29595,01:30:00,114.104553,22.553066,0,0
29595,01:30:55,114.104584,22.552868,0,0
29595,01:32:45,114.103485,22.55315,0,0
29595,01:33:40,114.103149,22.552717,0,0
29595,01:34:35,114.102982,22.5525,0,0
29595,01:35:30,114.102783,22.552532,0,0
29595,01:36:25,114.102783,22.552584,0,0
29595,01:37:20,114.102997,22.552767,0,0
29595,01:38:15,114.103119,22.552732,0,0
29595,01:39:10,114.102814,22.552467,0,0
29595,01:40:05,114.102715,22.552366,0,0
29595,01:41:55,114.10273,22.552349,0,0
29595,01:43:45,114.103035,22.552633,0,0
29595,01:44:28,114.103035,22.552267,1,0
29595,01:45:23,114.099785,22.551733,1,16
29595,01:46:18,114.09935,22.557867,1,41
29595,01:47:13,114.096985,22.558666,1,18
29595,01:48:08,114.089813,22.5604,1,55
29595,01:49:03,114.089615,22.561016,1,2
29595,01:49:58,114.085632,22.569218,1,63
29595,01:50:53,114.076302,22.572283,1,72
29595,01:51:48,114.065651,22.5688,1,77
29595,01:52:43,114.055283,22.565216,1,75
29595,01:53:38,114.044167,22.56465,1,75
29595,01:54:33,114.033333,22.562349,1,74
29595,01:55:28,114.022331,22.560368,1,75
29595,01:56:23,114.011185,22.559116,1,75
29595,01:57:18,114.001083,22.555834,1,72
29595,01:58:13,113.990334,22.558599,1,76
29595,01:59:08,113.979149,22.557533,1,76
29595,02:00:03,113.9674,22.557617,1,80
29595,02:00:58,113.955551,22.556417,1,80
29595,02:01:53,113.943764,22.555134,1,79
29595,02:02:48,113.932198,22.555317,1,77
29595,02:03:43,113.920433,22.555651,1,79
29595,02:04:38,113.909554,22.551983,1,79
29595,02:05:33,113.903,22.546551,1,61
29595,02:06:28,113.896301,22.5525,1,62
29595,02:07:23,113.888702,22.559784,1,72
29595,02:08:18,113.887131,22.56115,1,14
29595,02:09:13,113.888496,22.559467,1,18
29595,02:09:17,113.888496,22.559467,0,0
29595,02:10:12,113.88958,22.558517,0,8
29595,02:11:07,113.893532,22.554667,0,38
29595,02:12:02,113.894096,22.554132,0,5
29595,02:12:57,113.897682,22.55645,0,28
29595,02:13:52,113.897751,22.556517,0,0
29595,02:14:47,113.90052,22.5588,0,22
29595,02:15:42,113.903297,22.557684,0,22
29595,02:16:37,113.905151,22.553932,0,31
29595,02:17:32,113.90567,22.553316,0,5
29595,02:18:27,113.90567,22.553316,0,0
29595,02:19:22,113.90567,22.553316,0,0
29595,02:19:46,113.906685,22.553066,1,10
29595,02:20:41,113.904564,22.54685,1,49
29595,02:21:36,113.904686,22.537884,1,65
29595,02:22:31,113.905235,22.53145,1,48
29595,02:22:42,113.905746,22.531384,0,16
29595,02:23:37,113.907585,22.531218,0,10
29595,02:24:32,113.909752,22.531401,0,13
29595,02:25:27,113.912369,22.531267,0,14
29595,02:27:17,113.914566,22.538366,0,38
29595,02:28:12,113.914833,22.539534,0,4
29595,02:30:02,113.918701,22.542999,0,23
29595,02:30:57,113.92643,22.542683,0,48
29595,02:31:52,113.937836,22.5425,0,76
29595,02:32:47,113.9468,22.542883,0,60
29595,02:33:42,113.948784,22.542999,0,13
29595,02:34:37,113.958321,22.5432,0,62
29595,02:35:32,113.964836,22.541283,0,45
29595,02:36:27,113.971985,22.538651,0,51
29595,02:37:22,113.978432,22.536066,0,45
29595,02:38:17,113.980484,22.535917,0,8
29595,02:39:12,113.981567,22.535933,0,4
29595,02:40:07,113.98275,22.5362,0,5
29595,02:41:02,113.991783,22.535101,0,61
29595,02:41:57,114.002167,22.53565,0,70
29595,02:42:52,114.010948,22.537018,0,59
29595,02:43:47,114.01683,22.538067,0,39
29595,02:44:42,114.01902,22.537399,0,18
29595,02:45:37,114.02018,22.536182,0,9
29595,02:46:32,114.021248,22.536667,0,7
29595,02:47:27,114.024315,22.5369,0,12
29595,02:48:22,114.028053,22.538,0,29
29595,02:49:17,114.030167,22.54055,0,30
29595,02:50:12,114.035568,22.541451,0,36
29595,02:51:07,114.0355,22.543051,0,11
29595,02:52:02,114.03923,22.544233,0,29
29595,02:52:57,114.03968,22.546734,0,16
29595,02:54:47,114.039864,22.553432,0,22
29595,02:55:42,114.041168,22.555599,0,18
29595,02:56:37,114.04377,22.556999,0,23
29595,02:57:32,114.040298,22.563232,0,50
29595,02:58:27,114.04232,22.567232,0,43
29595,02:59:22,114.044029,22.567516,0,10
29595,03:00:17,114.048416,22.56735,0,27
29595,03:01:12,114.048782,22.569782,0,14
29595,03:02:07,114.050331,22.571167,0,19
29595,03:03:02,114.055733,22.571367,0,36
29595,03:03:57,114.060417,22.5711,0,31
29595,03:04:52,114.060951,22.575001,0,36
29595,03:05:47,114.059731,22.578501,0,49
29595,03:06:42,114.053535,22.58395,0,63
29595,03:07:37,114.048569,22.59235,0,71
29595,03:08:32,114.046753,22.597866,0,49
29595,03:09:27,114.044281,22.600567,0,27
29595,03:10:22,114.044281,22.600567,0,0
29595,03:11:17,114.044281,22.600567,0,0
29595,03:12:12,114.044281,22.600567,0,0
29595,03:13:07,114.044281,22.600567,0,0
29595,03:14:02,114.044281,22.600567,0,0
29595,03:14:58,114.044281,22.600567,0,0
29595,03:15:53,114.044281,22.600567,0,0
29595,03:16:48,114.044281,22.600567,0,0
29595,03:17:43,114.044281,22.600567,0,0
29595,03:18:38,114.043983,22.601683,0,6
29595,03:19:33,114.045013,22.601133,0,6
29595,03:20:28,114.045013,22.601133,0,0
29595,03:21:23,114.045013,22.601133,0,0
29595,03:22:18,114.045013,22.601133,0,0
29595,03:23:13,114.045013,22.601133,0,0
29595,03:24:08,114.045013,22.601133,0,0
29595,03:25:03,114.045013,22.601133,0,0
29595,03:25:58,114.045013,22.601133,0,0
29595,03:26:53,114.045013,22.601133,0,0
29595,03:27:48,114.045013,22.601133,0,0
29595,03:28:43,114.045013,22.601133,0,0
29595,03:29:38,114.045013,22.601133,0,0
29595,03:30:33,114.045013,22.601133,0,0
29595,03:31:28,114.045013,22.601133,0,0
29595,03:32:23,114.045013,22.601133,0,0
29595,03:33:18,114.045013,22.601133,0,0
29595,03:34:13,114.04425,22.601717,0,7
29595,03:35:08,114.04425,22.601717,0,0
29595,03:36:03,114.043602,22.603434,0,34
29595,03:36:58,114.038879,22.607166,0,45
29595,03:37:53,114.034447,22.612617,0,49
29595,03:38:48,114.035004,22.616333,0,38
29595,03:39:43,114.037682,22.615917,0,22
29595,03:40:38,114.037766,22.6157,0,0
29595,03:41:33,114.037766,22.6157,0,0
29595,03:42:28,114.037766,22.6157,0,0
29595,03:43:23,114.037766,22.6157,0,0
29595,03:44:18,114.037766,22.6157,0,0
29595,03:45:13,114.037766,22.6157,0,0
29595,03:46:08,114.037766,22.6157,0,0
29595,03:47:03,114.037766,22.6157,0,0
29595,03:47:58,114.037766,22.6157,0,0
29595,03:48:53,114.037766,22.6157,0,0
29595,03:49:48,114.037766,22.6157,0,0
29595,03:50:43,114.037766,22.6157,0,0
29595,03:51:38,114.037766,22.6157,0,0
29595,03:52:33,114.037766,22.6157,0,0
29595,03:53:28,114.037766,22.6157,0,0
29595,03:54:23,114.037766,22.6157,0,0
29595,03:55:18,114.037766,22.6157,0,0
29595,03:56:13,114.037766,22.6157,0,0
29595,03:57:08,114.037766,22.6157,0,0
29595,03:58:03,114.037766,22.6157,0,0
29595,03:58:58,114.037766,22.6157,0,0
29595,03:59:53,114.037766,22.6157,0,0
29595,04:00:48,114.037766,22.6157,0,0
29595,04:01:43,114.037766,22.6157,0,0
29595,04:02:38,114.037766,22.6157,0,0
29595,04:04:28,114.037766,22.6157,0,0
29595,04:05:23,114.037766,22.6157,0,0
29595,04:06:18,114.037766,22.6157,0,0
29595,04:07:13,114.037766,22.6157,0,0
29595,04:08:08,114.037766,22.6157,0,0
29595,04:09:03,114.037766,22.6157,0,0
29595,04:09:58,114.037766,22.6157,0,0
29595,04:10:53,114.037766,22.6157,0,0
29595,04:12:43,114.037766,22.6157,0,0
29595,04:13:38,114.037766,22.6157,0,0
29595,04:14:33,114.037766,22.6157,0,0
29595,04:15:28,114.037766,22.6157,0,0
29595,04:16:23,114.037766,22.6157,0,0
29595,04:17:18,114.037766,22.6157,0,0
29595,04:18:13,114.037766,22.6157,0,0
29595,04:19:08,114.037766,22.6157,0,0
29595,04:20:03,114.037766,22.6157,0,0
29595,04:20:58,114.037766,22.6157,0,0
29595,04:21:53,114.037766,22.6157,0,0
29595,04:22:48,114.037766,22.6157,0,0
29595,04:23:43,114.037766,22.6157,0,0
29595,04:24:38,114.037766,22.6157,0,0
29595,04:25:33,114.037766,22.6157,0,0
29595,04:26:28,114.037766,22.6157,0,0
29595,04:27:23,114.037766,22.6157,0,0
29595,04:28:18,114.037766,22.6157,0,0
29595,04:29:13,114.037766,22.6157,0,0
29595,04:30:08,114.037766,22.6157,0,0
29595,04:31:04,114.037766,22.6157,0,0
29595,04:31:59,114.037766,22.6157,0,0
29595,04:32:54,114.037766,22.6157,0,0
29595,04:33:49,114.037766,22.6157,0,0
29595,04:34:44,114.037766,22.6157,0,0
29595,04:35:39,114.037766,22.6157,0,0
29595,04:36:34,114.037766,22.6157,0,0
29595,04:37:29,114.037766,22.6157,0,0
29595,04:38:24,114.037766,22.6157,0,0
29595,04:39:19,114.037766,22.6157,0,0
29595,04:40:14,114.037766,22.6157,0,0
29595,04:41:09,114.037766,22.6157,0,0
29595,04:42:04,114.037766,22.6157,0,0
29595,04:42:59,114.037766,22.6157,0,0
29595,04:43:54,114.037766,22.6157,0,0
29595,04:44:49,114.037766,22.6157,0,0
29595,04:45:44,114.037766,22.6157,0,0
29595,04:46:39,114.037766,22.6157,0,0
29595,04:47:34,114.037766,22.6157,0,0
29595,04:49:03,114.037766,22.6157,0,0
29595,04:49:59,114.037766,22.6157,0,0
29595,04:50:54,114.037766,22.6157,0,0
29595,04:51:49,114.037766,22.6157,0,0
29595,04:52:44,114.037766,22.6157,0,0
29595,04:54:34,114.037766,22.6157,0,0
29595,04:55:29,114.037766,22.6157,0,0
29595,04:56:24,114.037766,22.6157,0,0
29595,04:57:19,114.037766,22.6157,0,0
29595,04:58:14,114.037766,22.6157,0,0
29595,04:59:09,114.037766,22.6157,0,0
29595,05:00:04,114.037766,22.6157,0,0
29595,05:00:59,114.037766,22.6157,0,0
29595,05:01:54,114.037766,22.6157,0,0
29595,05:02:49,114.037766,22.6157,0,0
29595,05:04:39,114.037766,22.6157,0,0
29595,05:05:34,114.037766,22.6157,0,0
29595,05:06:29,114.037766,22.6157,0,0
29595,05:07:24,114.037766,22.6157,0,0
29595,05:08:19,114.037766,22.6157,0,0
29595,05:09:14,114.037766,22.6157,0,0
29595,05:10:09,114.037766,22.6157,0,0
29595,05:11:04,114.037766,22.6157,0,0
29595,05:12:54,114.037766,22.6157,0,0
29595,05:13:49,114.037766,22.6157,0,0
29595,05:14:44,114.037766,22.6157,0,0
29595,05:15:39,114.037766,22.6157,0,0
29595,05:16:34,114.037766,22.6157,0,0
29595,05:17:29,114.037766,22.6157,0,0
29595,05:18:24,114.037766,22.6157,0,0
29595,05:19:19,114.037766,22.6157,0,0
29595,05:20:14,114.037766,22.6157,0,0
29595,05:21:09,114.037766,22.6157,0,0
29595,05:22:04,114.037766,22.6157,0,0
29595,05:22:59,114.037766,22.6157,0,0
29595,05:23:54,114.037766,22.6157,0,0
29595,05:24:49,114.037766,22.6157,0,0
29595,05:25:44,114.037766,22.6157,0,0
29595,05:26:39,114.037766,22.6157,0,0
29595,05:27:34,114.037766,22.6157,0,0
29595,05:28:29,114.037766,22.6157,0,0
29595,05:29:24,114.037766,22.6157,0,0
29595,05:30:19,114.037766,22.6157,0,0
29595,05:31:14,114.037766,22.6157,0,0
29595,05:32:09,114.037766,22.6157,0,0
29595,05:33:04,114.037766,22.6157,0,0
29595,05:33:59,114.037766,22.6157,0,0
29595,05:34:54,114.037766,22.6157,0,0
29595,05:35:49,114.037766,22.6157,0,0
29595,05:36:44,114.037766,22.6157,0,0
29595,05:37:39,114.037766,22.6157,0,0
29595,05:38:34,114.037766,22.6157,0,0
29595,05:39:30,114.037766,22.6157,0,0
29595,05:40:25,114.037766,22.6157,0,0
29595,05:41:20,114.037766,22.6157,0,0
29595,05:42:15,114.037766,22.6157,0,0
29595,05:43:10,114.037766,22.6157,0,0
29595,05:44:04,114.037766,22.6157,0,0
29595,05:45:00,114.037766,22.6157,0,0
29595,05:45:55,114.037766,22.6157,0,0
29595,05:46:50,114.037766,22.6157,0,0
29595,05:47:45,114.037766,22.6157,0,0
29595,05:48:40,114.037766,22.6157,0,0
29595,05:49:35,114.037766,22.6157,0,0
29595,05:50:30,114.037766,22.6157,0,0
29595,05:51:25,114.037766,22.6157,0,0
29595,05:52:20,114.037766,22.6157,0,0
29595,05:53:15,114.037766,22.6157,0,0
29595,05:54:10,114.037766,22.6157,0,0
29595,05:55:05,114.037766,22.6157,0,0
29595,05:56:00,114.037766,22.6157,0,0
29595,05:56:55,114.037766,22.6157,0,0
29595,05:57:50,114.037766,22.6157,0,0
29595,05:58:45,114.037766,22.6157,0,0
29595,05:59:40,114.037766,22.6157,0,0
29595,06:00:35,114.037766,22.6157,0,0
29595,06:01:30,114.037766,22.6157,0,0
29595,06:02:25,114.037766,22.6157,0,0
29595,06:03:20,114.037766,22.6157,0,0
29595,06:04:15,114.037766,22.6157,0,0
29595,06:05:10,114.037766,22.6157,0,0
29595,06:06:05,114.037766,22.6157,0,0
29595,06:07:00,114.037766,22.6157,0,0
29595,06:07:55,114.037766,22.6157,0,0
29595,06:08:50,114.037766,22.6157,0,0
29595,06:09:45,114.037766,22.6157,0,0
29595,06:10:40,114.037766,22.6157,0,0
29595,06:11:35,114.037766,22.6157,0,0
29595,06:12:30,114.037766,22.6157,0,0
29595,06:13:25,114.037766,22.6157,0,0
29595,06:14:20,114.037766,22.6157,0,0
29595,06:15:15,114.037766,22.6157,0,0
29595,06:16:10,114.037766,22.6157,0,0
29595,06:17:05,114.037766,22.6157,0,0
29595,06:18:00,114.037766,22.6157,0,0
29595,06:18:55,114.037766,22.6157,0,0
29595,06:19:50,114.037766,22.6157,0,0
29595,06:20:45,114.037766,22.6157,0,0
29595,06:21:40,114.037766,22.6157,0,0
29595,06:22:35,114.037766,22.6157,0,0
29595,06:23:30,114.037766,22.6157,0,0
29595,06:24:25,114.037766,22.6157,0,0
29595,06:25:20,114.037766,22.6157,0,0
29595,06:26:15,114.037766,22.6157,0,0
29595,06:27:10,114.037766,22.6157,0,0
29595,06:28:05,114.037766,22.6157,0,0
29595,06:29:00,114.037766,22.6157,0,0
29595,06:29:55,114.037766,22.6157,0,0
29595,06:30:50,114.037766,22.6157,0,0
29595,06:31:45,114.037781,22.615816,0,0
29595,06:32:40,114.037781,22.615816,0,0
29595,06:33:35,114.037766,22.615883,0,0
29595,06:34:30,114.037697,22.616133,0,0
29595,06:35:25,114.037697,22.616133,0,0
29595,06:36:20,114.037697,22.616133,0,0
29595,06:37:15,114.037697,22.616133,0,0
29595,06:38:10,114.037697,22.616133,0,0
29595,06:39:05,114.037697,22.616133,0,0
29595,06:40:01,114.037697,22.616133,0,0
29595,06:40:56,114.037697,22.616133,0,0
29595,06:41:51,114.038231,22.61515,0,4
29595,06:42:46,114.039734,22.612118,0,20
29595,06:43:41,114.040298,22.610317,0,12
29595,06:44:36,114.040298,22.610317,0,0
29595,06:45:31,114.040298,22.610317,0,0
29595,06:46:26,114.040298,22.610317,0,0
29595,06:47:21,114.040298,22.610317,0,0
29595,06:48:16,114.040298,22.610317,0,0
29595,06:49:11,114.040298,22.610317,0,0
29595,06:50:06,114.040298,22.610317,0,0
29595,06:51:01,114.040298,22.610317,0,0
29595,06:51:56,114.040298,22.610317,0,0
29595,06:52:51,114.040298,22.610317,0,0
29595,06:53:46,114.039314,22.607901,0,21
29595,06:54:41,114.036133,22.611851,0,42
29595,06:55:37,114.039017,22.61375,0,24
29595,06:56:32,114.040581,22.608749,0,35
29595,06:59:53,114.040367,22.610849,0,17
29595,07:01:43,114.040436,22.610416,0,0
29595,07:02:38,114.040436,22.610416,0,0
29595,07:03:33,114.040436,22.610416,0,0
29595,07:04:28,114.040665,22.610268,0,1
29595,07:05:23,114.038483,22.607767,0,26
29595,07:06:18,114.036766,22.612417,0,42
29595,07:06:32,114.037003,22.6127,1,9
29595,07:07:27,114.037849,22.616051,1,26
29595,07:08:22,114.037216,22.617283,1,9
29595,07:08:38,114.037216,22.617283,0,0
29595,07:09:33,114.036049,22.619484,0,26
29595,07:10:28,114.03495,22.616318,0,30
29595,07:11:23,114.035667,22.616583,0,23
29595,07:12:18,114.036636,22.617149,0,5
29595,07:13:13,114.036636,22.617149,0,0
29595,07:14:08,114.036636,22.617149,0,0
29595,07:15:03,114.036652,22.618349,0,6
29595,07:15:58,114.034447,22.624916,0,50
29595,07:16:35,114.032715,22.624617,1,19
29595,07:17:30,114.031082,22.624201,1,9
29595,07:19:20,114.028549,22.620518,1,31
29595,07:20:15,114.027,22.61735,1,34
29595,07:21:10,114.026031,22.616783,1,6
29595,07:22:05,114.017403,22.612551,1,65
29595,07:23:00,114.011002,22.606501,1,63
29595,07:23:55,114.003883,22.599449,1,69
29595,07:24:50,113.996735,22.593317,1,66
29595,07:25:45,113.988068,22.590033,1,63
29595,07:26:40,113.978104,22.587168,1,70
29595,07:27:35,113.969566,22.585667,1,60
29595,07:28:30,113.960869,22.585033,1,59
29595,07:30:20,113.963898,22.584932,1,20
29595,07:30:57,113.96608,22.584618,0,23
29595,07:31:52,113.965714,22.584883,0,3
29595,07:32:47,113.96637,22.585117,0,23
29595,07:33:42,113.971733,22.586666,0,38
29595,07:34:37,113.968117,22.585217,0,26
29595,07:35:32,113.964882,22.585583,0,22
29595,07:36:27,113.964699,22.58765,0,10
29595,07:37:22,113.962379,22.589483,0,21
29595,07:38:17,113.959732,22.588133,0,31
29595,07:39:12,113.96035,22.585733,0,17
29595,07:39:24,113.96035,22.585733,1,0
29595,07:40:19,113.957001,22.584583,1,19
29595,07:41:14,113.95433,22.5839,1,17
29595,07:42:09,113.953979,22.583883,1,2
29595,07:43:04,113.953979,22.583883,1,0
29595,07:43:59,113.953979,22.583883,1,0
29595,07:44:54,113.953979,22.583883,1,0
29595,07:45:49,113.953979,22.583883,1,0
29595,07:47:39,113.953979,22.583883,1,0
29595,07:48:34,113.953979,22.583883,1,0
29595,07:49:29,113.953979,22.583883,1,0
29595,07:50:24,113.953979,22.583883,1,0
29595,07:51:19,113.953979,22.583883,1,0
29595,07:52:14,113.953979,22.583883,1,0
29595,07:53:09,113.953979,22.583883,1,0
29595,07:54:04,113.952148,22.583782,1,2
29595,07:54:59,113.951767,22.583767,1,0
29595,07:55:54,113.951767,22.583767,1,0
29595,07:56:49,113.95047,22.583651,1,5
29595,07:57:44,113.95047,22.583651,1,0
29595,07:58:39,113.95047,22.583651,1,0
29595,07:59:34,113.949997,22.583567,1,1
29595,08:00:29,113.94928,22.581051,1,16
29595,08:01:24,113.949203,22.5767,1,31
29595,08:02:19,113.949219,22.57605,1,4
29595,08:03:14,113.949669,22.573532,1,14
29595,08:04:09,113.949768,22.571867,1,11
29595,08:05:04,113.949768,22.571867,1,0
29595,08:05:59,113.951233,22.568533,1,24
29595,08:06:54,113.952347,22.565849,1,19
29595,08:07:49,113.951469,22.564516,1,15
29595,08:08:44,113.948196,22.564684,1,20
29595,08:09:39,113.947601,22.563833,1,4
29595,08:10:34,113.947601,22.563833,1,0
29595,08:12:24,113.940666,22.561632,1,38
29595,08:13:19,113.940651,22.55925,1,13
29595,08:14:14,113.940514,22.556049,1,21
29595,08:15:09,113.940514,22.556049,1,0
29595,08:16:04,113.940514,22.556049,1,0
29595,08:16:41,113.940353,22.553667,0,20
29595,08:17:36,113.940414,22.553017,0,3
29595,08:18:31,113.941101,22.552717,0,2
29595,08:19:26,113.944717,22.552868,0,21
29595,08:20:06,113.945953,22.552233,1,10
29595,08:21:01,113.945618,22.548834,1,18
29595,08:21:56,113.944382,22.546949,1,16
29595,08:22:51,113.945053,22.5445,1,11
29595,08:24:41,113.940399,22.5431,1,1
29595,08:25:36,113.940567,22.540367,1,15
29595,08:26:31,113.940567,22.540367,1,0
29595,08:27:26,113.94062,22.539267,1,6
29595,08:28:21,113.94072,22.5359,1,24
29595,08:29:16,113.94075,22.533367,1,16
29595,08:30:11,113.940765,22.531166,1,14
29595,08:32:01,113.936836,22.52475,1,50
29595,08:32:56,113.932137,22.52235,1,45
29595,08:33:21,113.931114,22.52195,0,19
29595,08:34:16,113.931152,22.521383,0,2
29595,08:35:11,113.931351,22.518801,0,13
29595,08:36:06,113.932465,22.518499,0,5
29595,08:37:01,113.932465,22.518499,0,0
29595,08:37:14,113.932465,22.518499,1,0
29595,08:38:09,113.933815,22.521767,1,20
29595,08:39:04,113.935097,22.521999,1,6
29595,08:39:59,113.937347,22.524017,1,18
29595,08:40:54,113.945518,22.524218,1,54
29595,08:41:49,113.957115,22.522984,1,78
29595,08:42:44,113.962936,22.522734,1,39
29595,08:43:39,113.96917,22.522766,1,41
29595,08:44:34,113.977486,22.5228,1,55
29595,08:45:29,113.985847,22.523582,1,56
29595,08:46:24,113.991852,22.525667,1,43
29595,08:47:19,113.997749,22.529284,1,47
29595,08:48:14,114.001663,22.530067,1,26
29595,08:49:09,114.008614,22.529583,1,46
29595,08:50:04,114.011269,22.530067,1,16
29595,08:50:59,114.014351,22.530783,1,21
29595,08:51:54,114.017715,22.531683,1,20
29595,08:52:49,114.023148,22.531866,1,36
29595,08:53:44,114.031448,22.53005,1,57
29595,08:54:39,114.035919,22.530268,1,28
29595,08:55:34,114.035919,22.530268,1,0
29595,08:56:29,114.035919,22.530268,1,0
29595,08:57:24,114.035919,22.530268,1,0
29595,08:58:20,114.037514,22.530466,1,0
29595,08:59:15,114.038284,22.530533,1,1
29595,09:01:05,114.03923,22.5306,1,0
29595,09:02:00,114.0401,22.530733,1,1
29595,09:02:55,114.0401,22.530733,1,0
29595,09:05:40,114.041634,22.530899,1,0
29595,09:06:35,114.04303,22.531033,1,0
29595,09:07:30,114.043365,22.531099,1,0
29595,09:08:25,114.0439,22.531116,1,0
29595,09:09:20,114.045799,22.531134,1,6
29595,09:10:15,114.045799,22.531134,1,0
29595,09:11:10,114.045418,22.530533,1,0
29595,09:12:05,114.044716,22.532133,1,4
29595,09:13:00,114.044434,22.54175,1,69
29595,09:13:55,114.044365,22.545933,1,30
29595,09:14:50,114.044182,22.546467,1,2
29595,09:15:45,114.044167,22.5469,1,2
29595,09:16:40,114.044167,22.5469,1,0
29595,09:17:35,114.044167,22.5469,1,0
29595,09:18:30,114.044182,22.547832,1,0
29595,09:19:25,114.044182,22.547832,1,0
29595,09:20:20,114.044182,22.547832,1,0
29595,09:21:15,114.04438,22.549982,1,12
29595,09:22:10,114.04438,22.549982,1,0
29595,09:23:05,114.044334,22.5506,1,2
29595,09:24:31,114.043266,22.557934,0,15
29595,09:25:26,114.043266,22.557934,0,0
29595,09:26:21,114.043266,22.557934,0,0
29595,09:27:06,114.043266,22.557934,1,0
29595,09:28:01,114.041649,22.560932,1,20
29595,09:28:56,114.040215,22.561934,1,8
29595,09:29:51,114.043236,22.5576,1,37
29595,09:30:46,114.043671,22.556749,1,5
29595,09:32:36,114.04425,22.549732,1,9
29595,09:33:31,114.04438,22.540751,1,64
29595,09:34:26,114.044502,22.532867,1,56
29595,09:35:21,114.044533,22.526083,1,49
29595,09:36:49,114.043152,22.525084,1,0
29595,09:37:17,114.042786,22.524733,0,2
29595,09:38:12,114.041321,22.525766,0,4
29595,09:39:07,114.040848,22.526917,0,5
29595,09:39:18,114.040848,22.526917,1,0
29595,10:00:09,113.9459,22.508232,1,31
29595,10:01:05,113.93927,22.50815,1,42
29595,10:02:00,113.938187,22.508167,1,5
29595,10:02:55,113.936981,22.509632,1,18
29595,10:03:50,113.937035,22.511433,1,9
29595,10:04:00,113.93705,22.511833,0,15
29595,10:04:55,113.936996,22.513117,0,7
29595,10:05:51,113.937683,22.5172,0,27
29595,10:06:46,113.937569,22.51745,0,0
29595,10:07:41,113.933197,22.519217,0,33
29595,10:08:36,113.933601,22.521282,0,13
29595,10:08:49,113.933601,22.521282,1,0
29595,10:10:17,113.935654,22.521917,1,0
29595,10:11:13,113.938652,22.525284,1,41
29595,10:12:08,113.929031,22.524782,1,64
29595,10:13:03,113.921364,22.526632,1,52
29595,10:13:58,113.920532,22.526951,1,3
29595,10:14:53,113.920532,22.526951,1,0
29595,10:15:48,113.91938,22.527201,1,5
29595,10:16:43,113.91938,22.527201,1,0
29595,10:17:38,113.91938,22.527201,1,0
29595,10:18:33,113.9189,22.527384,1,2
29595,10:19:28,113.916397,22.529633,1,28
29595,10:20:52,113.916069,22.531166,0,2
29595,10:21:45,113.916336,22.529751,1,10
29595,10:22:40,113.918381,22.530666,1,21
29595,10:23:35,113.920486,22.530283,1,10
29595,10:24:30,113.922585,22.529766,1,13
29595,10:25:25,113.92318,22.529249,1,4
29595,10:25:49,113.923149,22.527817,0,23
29595,10:26:33,113.923149,22.527817,1,0
29595,10:27:28,113.923264,22.528784,1,5
29595,10:28:23,113.923248,22.529284,1,0
29595,10:29:18,113.923248,22.5296,1,0
29595,10:30:13,113.923553,22.526484,1,29
29595,10:31:08,113.931366,22.524517,1,56
29595,10:32:03,113.939163,22.52405,1,51
29595,10:32:58,113.941071,22.523783,1,44
29595,10:33:53,113.941017,22.5296,1,41
29595,10:34:48,113.941002,22.5322,1,17
29595,10:35:43,113.943649,22.535717,1,40
29595,10:36:38,113.945114,22.53875,1,28
29595,10:37:16,113.947151,22.5394,0,24
29595,10:38:11,113.947479,22.539368,0,3
29595,10:39:06,113.94912,22.54105,0,19
29595,10:40:01,113.948463,22.54195,0,7
29595,10:40:56,113.94532,22.541782,0,21
29595,10:41:51,113.94532,22.541782,0,0
29595,10:42:46,113.943634,22.541582,0,11
29595,10:43:41,113.943634,22.541582,0,0
29595,10:44:36,113.943634,22.541582,0,0
29595,10:45:31,113.943634,22.541582,0,0
29595,10:46:23,113.943634,22.541582,1,0
29595,10:47:18,113.944946,22.53985,1,17
29595,10:48:13,113.946953,22.539333,1,14
29595,10:49:08,113.951347,22.538168,1,29
29595,10:50:03,113.953453,22.5404,1,22
29595,10:50:58,113.954269,22.550432,1,74
29595,10:51:53,113.95298,22.560734,1,75
29595,10:52:48,113.95298,22.562799,1,14
29595,10:53:43,113.950836,22.569584,1,50
29595,10:54:38,113.950203,22.570818,1,8
29595,10:55:33,113.950203,22.570818,1,0
29595,10:56:28,113.950081,22.571016,1,0
29595,10:57:23,113.944069,22.57155,1,42
29595,10:58:18,113.943497,22.577883,1,47
29595,10:59:13,113.94342,22.579567,1,10
29595,11:00:08,113.943352,22.583117,1,25
29595,11:01:03,113.943314,22.583782,1,3
29595,11:01:54,113.943253,22.586918,0,23
29595,11:02:49,113.943253,22.586918,0,0
29595,11:03:44,113.943184,22.587967,0,10
29595,11:04:39,113.943184,22.587967,0,0
29595,11:05:34,113.943184,22.587967,0,0
29595,11:06:29,113.943184,22.587967,0,0
29595,11:07:24,113.943184,22.587967,0,0
29595,11:08:19,113.943184,22.587967,0,0
29595,11:09:14,113.943184,22.587967,0,0
29595,11:11:04,113.943184,22.587967,0,0
29595,11:11:59,113.943184,22.587967,0,0
29595,11:12:54,113.943184,22.587967,0,0
29595,11:13:49,113.943184,22.587967,0,0
29595,11:14:44,113.943184,22.587967,0,0
29595,11:15:39,113.943184,22.587967,0,0
29595,11:16:34,113.943184,22.587967,0,0
29595,11:17:29,113.943184,22.587967,0,0
29595,11:18:24,113.943184,22.587967,0,0
29595,11:19:19,113.943184,22.587967,0,0
29595,11:20:14,113.943184,22.587967,0,0
29595,11:21:09,113.943184,22.587967,0,0
29595,11:22:04,113.943184,22.587967,0,0
29595,11:22:59,113.943184,22.587967,0,0
29595,11:23:54,113.943184,22.587967,0,0
29595,11:24:49,113.943184,22.587967,0,0
29595,11:25:44,113.943184,22.587967,0,0
29595,11:26:39,113.943184,22.587967,0,0
29595,11:27:34,113.943184,22.587967,0,0
29595,11:28:29,113.943184,22.587967,0,0
29595,11:29:24,113.943184,22.587967,0,0
29595,11:30:19,113.94323,22.587917,0,0
29595,11:31:14,113.943436,22.587067,0,2
29595,11:32:09,113.947281,22.587317,0,26
29595,11:32:58,113.949669,22.58655,1,19
29595,11:33:53,113.949837,22.5847,1,10
29595,11:34:48,113.949837,22.5847,1,0
29595,11:35:43,113.949654,22.582684,1,10
29595,11:36:38,113.949249,22.579617,1,22
29595,11:37:33,113.949303,22.575666,1,26
29595,11:38:28,113.94973,22.57165,1,26
29595,11:39:23,113.950531,22.57,1,11
29595,11:40:18,113.952766,22.563683,1,49
29595,11:41:13,113.952919,22.555218,1,58
29595,11:42:08,113.954132,22.544916,1,77
29595,11:43:03,113.951851,22.538218,1,51
29595,11:43:58,113.951782,22.53805,1,0
29595,11:44:53,113.946297,22.535883,1,42
29595,11:45:48,113.940353,22.535784,1,38
29595,11:46:43,113.937469,22.535299,1,19
29595,11:47:38,113.932335,22.531433,1,42
29595,11:48:33,113.930496,22.528717,1,22
29595,11:49:28,113.928452,22.52405,1,35
29595,11:50:21,113.926003,22.522966,0,21
29595,11:51:16,113.926003,22.522966,0,0
29595,11:52:11,113.926651,22.52305,0,1
29595,11:52:35,113.927048,22.522984,1,4
29595,11:53:30,113.927567,22.51685,1,44
29595,11:54:25,113.927032,22.512951,1,28
29595,11:55:20,113.924149,22.513067,1,15
29595,11:56:15,113.922165,22.511583,1,18
29595,11:56:35,113.921204,22.511383,0,17
29595,11:57:30,113.920685,22.511433,0,1
29595,11:58:25,113.920685,22.511433,0,0
29595,11:59:20,113.920685,22.511433,0,0
29595,12:00:15,113.921982,22.51585,0,29
29595,12:01:10,113.921982,22.51585,0,0
29595,12:01:25,113.921982,22.51585,1,0
29595,12:02:20,113.922119,22.51775,1,13
29595,12:03:15,113.921921,22.516567,1,9
29595,12:04:10,113.92038,22.5121,1,33
29595,12:05:05,113.919098,22.50865,1,24
29595,12:06:00,113.919083,22.508633,1,0
29595,12:06:55,113.917381,22.504417,1,30
29595,12:07:50,113.917099,22.503733,1,4
29595,12:08:45,113.915497,22.499718,1,28
29595,12:09:40,113.912331,22.495001,1,39
29595,12:10:35,113.909164,22.488667,1,50
29595,12:11:30,113.908165,22.486349,1,18
29595,12:12:25,113.907997,22.480516,1,41
29595,12:12:38,113.908417,22.480034,0,17
29595,12:13:33,113.908417,22.480034,0,0
29595,12:14:28,113.908417,22.480034,0,0
29595,12:15:23,113.908417,22.480034,0,0
29595,12:16:18,113.908417,22.480034,0,0
29595,12:17:13,113.908417,22.480034,0,0
29595,12:18:08,113.908234,22.479633,0,0
29595,12:19:03,113.908234,22.479633,0,0
29595,12:19:58,113.908234,22.479633,0,0
29595,12:20:53,113.908234,22.479633,0,0
29595,12:21:48,113.908234,22.479633,0,0
29595,12:22:43,113.908234,22.479633,0,0
29595,12:23:38,113.908234,22.479633,0,0
29595,12:23:55,113.908234,22.479633,1,0
29595,12:24:50,113.908264,22.480284,1,2
29595,12:25:45,113.90728,22.482517,1,15
29595,12:26:40,113.907768,22.485518,1,20
29595,12:27:35,113.909935,22.490049,1,33
29595,12:28:30,113.912537,22.4909,1,20
29595,12:29:25,113.915184,22.491516,1,18
29595,12:30:33,113.915581,22.49155,0,0
29595,12:31:28,113.915916,22.492416,0,4
29595,12:32:23,113.917236,22.493116,0,9
29595,12:32:56,113.919014,22.493168,1,17
29595,12:33:51,113.91993,22.496201,1,25
29595,12:37:31,113.918114,22.5061,1,25
29595,12:38:26,113.918701,22.507467,1,8
29595,12:39:21,113.918701,22.507467,1,0
29595,12:40:16,113.918701,22.507467,1,0
29595,12:41:11,113.915649,22.510349,1,28
29595,12:42:06,113.913681,22.512016,1,16
29595,12:43:01,113.91008,22.515167,1,34
29595,12:43:56,113.908951,22.515034,1,7
29595,12:44:51,113.907913,22.514883,1,4
29595,12:45:46,113.90522,22.515783,1,18
29595,12:46:41,113.90403,22.516399,1,7
29595,12:47:36,113.904099,22.522232,1,55
29595,12:50:21,113.903687,22.529716,1,21
29595,12:50:40,113.903687,22.529716,0,0
29595,12:51:35,113.903717,22.5315,0,7
29595,12:52:30,113.907387,22.531233,0,23
29595,12:53:25,113.908134,22.531183,0,5
29595,12:54:20,113.908134,22.531183,0,0
29595,12:55:15,113.908134,22.531183,0,0
29595,12:56:10,113.908134,22.531183,0,0
29595,12:57:05,113.908134,22.531183,0,0
29595,12:58:00,113.908134,22.531183,0,0
29595,12:58:55,113.908134,22.531183,0,0
29595,12:59:50,113.908134,22.531183,0,0
29595,13:00:45,113.908134,22.531183,0,0
29595,13:01:40,113.908134,22.531183,0,0
29595,13:02:35,113.908134,22.531183,0,0
29595,13:03:30,113.908134,22.531183,0,0
29595,13:04:25,113.908134,22.531183,0,0
29595,13:06:15,113.910004,22.531567,0,0
29595,13:07:08,113.9105,22.531532,1,3
29595,13:08:03,113.910385,22.538334,1,47
29595,13:08:58,113.910217,22.540968,1,17
29595,13:09:53,113.909935,22.544132,1,22
29595,13:10:48,113.909897,22.544434,1,0
29595,13:11:43,113.910286,22.551867,1,56
29595,13:12:41,113.919746,22.5553,1,46
29595,13:12:44,113.920097,22.555317,1,43
29595,13:13:40,113.926186,22.555117,1,40
29595,13:14:35,113.928703,22.554382,1,36
29595,13:15:30,113.929153,22.56275,1,60
29595,13:16:25,113.930901,22.5665,1,40
29595,13:17:20,113.926102,22.5669,1,37
29595,13:18:15,113.921997,22.572433,1,51
29595,13:19:10,113.916931,22.574318,1,51
29595,13:20:05,113.908768,22.583099,1,83
29595,13:21:00,113.8993,22.593149,1,96
29595,13:21:55,113.88855,22.6014,1,93
29595,13:22:50,113.880768,22.610018,1,81
29595,13:23:45,113.875954,22.616266,1,55
29595,13:24:40,113.86795,22.621532,1,66
29595,13:25:35,113.857948,22.625299,1,72
29595,13:27:28,113.85022,22.625233,1,6
29595,13:28:23,113.840446,22.621033,1,69
29595,13:29:18,113.829933,22.6173,1,75
29595,13:30:13,113.820534,22.6129,1,70
29595,13:31:08,113.814468,22.61735,1,63
29595,13:32:05,113.812881,22.62575,1,50
29595,13:33:00,113.807503,22.626467,1,47
29595,13:33:01,113.807503,22.626467,0,0
29595,13:33:56,113.807503,22.626467,0,0
29595,13:34:51,113.808952,22.61985,0,56
29595,13:36:44,113.819283,22.611601,0,47
29595,13:37:39,113.82795,22.616167,0,67
29595,13:38:34,113.836952,22.619984,0,66
29595,13:39:29,113.845154,22.621782,0,57
29595,13:40:27,113.845596,22.621616,0,0
29595,13:41:22,113.845596,22.621616,0,0
29595,13:42:17,113.845764,22.622168,0,3
29595,13:43:03,113.849548,22.620483,0,39
29595,13:43:59,113.850998,22.617783,0,31
29595,13:44:54,113.855286,22.619766,0,37
29595,13:45:49,113.85643,22.616751,0,22
29595,13:46:44,113.85643,22.616751,0,0
29595,13:47:39,113.85643,22.616751,0,0
29595,13:48:34,113.85643,22.616751,0,0
29595,13:49:29,113.85643,22.616751,0,0
29595,13:50:25,113.85643,22.616751,0,0
29595,13:51:20,113.85643,22.616751,0,0
29595,13:52:15,113.85643,22.616751,0,0
29595,13:54:07,113.856453,22.616899,0,0
29595,13:55:02,113.856453,22.616899,0,0
29595,13:55:19,113.856453,22.616899,0,0
29595,13:56:15,113.856453,22.616899,0,0
29595,13:58:05,113.856453,22.616899,0,0
29595,13:59:00,113.856453,22.616899,0,0
29595,13:59:55,113.856453,22.616899,0,0
29595,14:01:45,113.856453,22.616899,0,0
29595,14:02:40,113.856453,22.616899,0,0
29595,14:03:35,113.856453,22.616899,0,0
29595,14:04:30,113.856453,22.616899,0,0
29595,14:05:25,113.856453,22.616899,0,0
29595,14:06:20,113.856453,22.616899,0,0
29595,14:07:15,113.856453,22.616899,0,0
29595,14:08:10,113.856453,22.616899,0,0
29595,14:09:05,113.856453,22.616899,0,0
29595,14:10:00,113.856453,22.616899,0,0
29595,14:10:55,113.856453,22.616899,0,0
29595,14:11:50,113.856453,22.616899,0,0
29595,14:12:45,113.856453,22.616899,0,0
29595,14:13:40,113.856453,22.616899,0,0
29595,14:14:35,113.856453,22.616899,0,0
29595,14:15:30,113.856453,22.616899,0,0
29595,14:16:25,113.856453,22.616899,0,0
29595,14:17:20,113.856453,22.616899,0,0
29595,14:18:15,113.856453,22.616899,0,0
29595,14:19:10,113.856453,22.616899,0,0
29595,14:20:05,113.856453,22.616899,0,0
29595,14:21:00,113.856453,22.616899,0,0
29595,14:21:55,113.856453,22.616899,0,0
29595,14:22:50,113.856453,22.616899,0,0
29595,14:23:45,113.856453,22.616899,0,0
29595,14:24:40,113.856453,22.616899,0,0
29595,14:25:35,113.856453,22.616899,0,0
29595,14:26:30,113.856453,22.616899,0,0
29595,14:27:25,113.856453,22.616899,0,0
29595,14:28:31,113.856148,22.618868,1,14
29595,14:30:21,113.858383,22.62245,1,18
29595,14:31:16,113.858383,22.62245,1,0
29595,14:32:11,113.857269,22.621317,1,9
29595,14:33:06,113.85675,22.619034,1,19
29595,14:34:01,113.856529,22.619017,1,0
29595,14:34:56,113.854935,22.620567,1,15
29595,14:35:51,113.856316,22.616533,1,27
29595,14:36:46,113.859917,22.611168,1,46
29595,14:37:41,113.865303,22.605734,1,53
29595,14:38:36,113.869415,22.60165,1,38
29595,14:39:34,113.872849,22.598101,1,12
29595,14:40:29,113.87323,22.597782,1,3
29595,14:40:48,113.87323,22.597782,1,0
29595,14:42:42,113.878181,22.592833,1,31
29595,14:43:37,113.878181,22.592833,1,0
29595,14:43:45,113.878181,22.592833,1,0
29595,14:44:41,113.880447,22.590683,1,19
29595,14:45:36,113.880447,22.590683,1,0
29595,14:46:31,113.883583,22.5875,1,29
29595,14:47:26,113.887871,22.583166,1,42
29595,14:48:21,113.889267,22.581867,1,11
29595,14:49:16,113.892601,22.578484,1,32
29595,14:50:11,113.89518,22.575951,1,24
29595,14:51:06,113.894363,22.574083,1,17
29595,14:51:14,113.89402,22.573868,0,8
29595,14:52:11,113.894585,22.57135,0,20
29595,14:53:06,113.895119,22.568716,0,24
29595,14:54:01,113.894333,22.56815,0,4
29595,14:54:56,113.894165,22.5676,0,2
29595,14:55:51,113.896736,22.5651,0,15
29595,14:56:46,113.899048,22.566334,0,16
29595,14:57:41,113.90007,22.565866,0,8
29595,14:58:36,113.901253,22.564751,0,6
29595,14:59:31,113.903534,22.562384,0,17
29595,15:00:26,113.901733,22.560249,0,19
29595,15:01:21,113.900383,22.558832,0,41
29595,15:02:05,113.901131,22.559433,1,8
29595,15:03:00,113.904716,22.554417,1,43
29595,15:03:55,113.907036,22.552633,1,20
29595,15:04:50,113.911064,22.55245,1,45
29595,15:05:45,113.919067,22.555668,1,59
29595,15:06:40,113.927597,22.555166,1,57
29595,15:07:35,113.935081,22.555349,1,50
29595,15:09:25,113.951981,22.556267,1,63
29595,15:10:20,113.961334,22.55665,1,62
29595,15:11:15,113.966248,22.557467,1,33
29595,15:12:10,113.969116,22.557449,1,16
29595,15:13:05,113.972153,22.556868,1,20
29595,15:14:00,113.976067,22.556784,1,26
29595,15:14:55,113.982803,22.558268,1,46
29595,15:15:50,113.98597,22.558933,1,20
29595,15:16:45,113.98922,22.558884,1,21
29595,15:18:35,113.996414,22.555967,1,28
29595,15:19:30,114.000435,22.555767,1,26
29595,15:21:20,114.016586,22.560167,1,70
29595,15:22:15,114.027046,22.561251,1,71
29595,15:23:13,114.03698,22.562918,1,54
29595,15:24:08,114.045319,22.56485,1,57
29595,15:24:11,114.045883,22.564934,1,70
29595,15:25:07,114.055565,22.565216,1,64
29595,15:26:02,114.062836,22.568434,1,54
29595,15:26:57,114.067497,22.568968,1,31
29595,15:27:52,114.07412,22.570868,1,48
29595,15:28:47,114.081703,22.572166,1,54
29595,15:29:42,114.084236,22.570732,1,20
29595,15:30:37,114.085831,22.568382,1,19
29595,15:31:32,114.089783,22.567118,1,33
29595,15:32:27,114.096634,22.568983,1,47
29595,15:33:22,114.10498,22.5735,1,64
29595,15:34:17,114.111549,22.576418,1,48
29595,15:35:12,114.115967,22.576401,1,27
29595,15:36:07,114.117386,22.575718,1,17
29595,15:37:02,114.114799,22.580967,1,41
29595,15:37:57,114.112518,22.585501,1,36
29595,15:39:22,114.111954,22.586767,0,0
29595,15:40:17,114.111954,22.586767,0,0
29595,15:41:12,114.112114,22.585699,0,24
29595,15:42:07,114.11483,22.579849,0,46
29595,15:43:02,114.113113,22.5767,0,37
29595,15:43:57,114.105766,22.574118,0,54
29595,15:44:52,114.099083,22.57015,0,52
29595,15:45:47,114.096649,22.569099,0,17
29595,15:47:37,114.0914,22.567568,0,21
29595,15:48:32,114.085953,22.565233,0,41
29595,15:49:27,114.081566,22.558701,0,55
29595,15:50:22,114.078102,22.554268,0,38
29595,15:51:17,114.077881,22.554001,0,0
29595,15:52:12,114.077019,22.55295,0,9
29595,15:53:07,114.076118,22.551849,0,8
29595,15:54:02,114.076118,22.551849,0,0
29595,15:54:57,114.075897,22.551533,0,1
29595,15:55:52,114.075935,22.549732,0,12
29595,15:56:47,114.076035,22.547533,0,13
29595,15:57:42,114.076035,22.547533,0,0
29595,15:58:37,114.075981,22.546101,0,8
29595,15:59:32,114.075615,22.543583,0,16
29595,16:00:27,114.069885,22.543167,0,37
29595,16:01:22,114.068016,22.539932,0,46
29595,16:02:17,114.068085,22.532034,0,56
29595,16:03:12,114.068069,22.531433,0,3
29595,16:04:07,114.068069,22.531033,0,1
29595,16:05:02,114.068069,22.531033,0,0
29595,16:05:57,114.067863,22.531483,0,3
29595,16:06:52,114.07103,22.531651,0,14
29595,16:07:47,114.072121,22.5292,0,21
29595,16:08:42,114.072121,22.529051,0,0
29595,16:09:37,114.071785,22.528067,0,5
29595,16:10:32,114.071449,22.5277,0,0
29595,16:11:27,114.071053,22.52755,0,0
29595,16:12:22,114.071053,22.52755,0,0
29595,16:13:17,114.071053,22.52755,0,0
29595,16:14:12,114.071053,22.52755,0,0
29595,16:15:07,114.071053,22.52755,0,0
29595,16:16:02,114.071053,22.52755,0,0
29595,16:16:57,114.071053,22.52755,0,0
29595,16:17:52,114.071053,22.52755,0,0
29595,16:18:47,114.071053,22.52755,0,0
29595,16:19:42,114.071053,22.52755,0,0
29595,16:21:34,114.071053,22.52755,0,0
29595,16:22:29,114.071053,22.52755,0,0
29595,16:22:41,114.071053,22.52755,0,0
29595,16:23:37,114.071053,22.52755,0,0
29595,16:24:32,114.070747,22.527666,0,0
29595,16:25:27,114.070747,22.527666,0,0
29595,16:26:03,114.070747,22.527666,1,0
29595,16:26:58,114.070747,22.527666,1,0
29595,16:27:53,114.067947,22.528067,1,30
29595,16:28:48,114.068199,22.537617,1,69
29595,16:29:43,114.071098,22.5387,1,24
29595,16:30:38,114.067818,22.538668,1,26
29595,16:31:33,114.063782,22.538433,1,29
29595,16:31:57,114.063751,22.538517,0,0
29595,16:32:52,114.063881,22.53875,0,0
29595,16:33:50,114.062752,22.54565,0,24
29595,16:34:45,114.062881,22.548983,0,21
29595,16:35:00,114.06282,22.550699,0,44
29595,16:35:56,114.062836,22.550882,0,1
29595,16:36:52,114.062653,22.556368,0,36
29595,16:37:47,114.062515,22.564283,0,56
29595,16:38:42,114.062401,22.565317,0,7
29595,16:39:37,114.062416,22.567301,0,4
29595,16:40:32,114.062401,22.567949,0,0
29595,16:41:27,114.062149,22.56925,0,3
29595,16:42:22,114.061729,22.571083,0,10
29595,16:43:17,114.06147,22.5723,0,8
29595,16:44:12,114.061432,22.574667,0,12
29595,16:45:07,114.06105,22.575382,0,5
29595,16:46:02,114.06105,22.575382,0,0
29595,16:46:57,114.060684,22.5767,0,1
29595,16:47:52,114.059448,22.578518,0,38
29595,16:48:47,114.053764,22.5833,0,56
29595,16:49:42,114.049614,22.590532,0,61
29595,16:50:37,114.045799,22.5989,0,66
29595,16:51:32,114.043953,22.6017,0,27
29595,16:52:27,114.044281,22.601767,0,0
29595,16:53:22,114.044281,22.601767,0,0
29595,16:54:17,114.043831,22.60305,0,8
29595,16:55:12,114.043198,22.603333,0,28
29595,16:56:07,114.039467,22.606533,0,36
29595,16:57:02,114.039085,22.607,0,4
29595,16:57:57,114.03653,22.610117,0,26
29595,16:58:52,114.037651,22.613234,0,28
29595,16:59:47,114.038902,22.613783,0,9
29595,17:00:04,114.039116,22.613483,1,3
29595,17:00:59,114.040314,22.611532,1,11
29595,17:01:54,114.039597,22.608116,1,27
29595,17:02:51,114.039253,22.607866,1,0
29595,17:03:46,114.041183,22.604017,1,33
29595,17:04:41,114.042931,22.601967,1,16
29595,17:05:36,114.043701,22.600483,1,8
29595,17:06:18,114.045052,22.596518,1,40
29595,17:07:14,114.050514,22.589367,1,63
29595,17:08:09,114.053802,22.582968,1,53
29595,17:09:04,114.057869,22.578382,1,45
29595,17:09:59,114.060768,22.575184,1,33
29595,17:10:54,114.060921,22.574551,1,4
29595,17:11:49,114.061165,22.57305,1,3
29595,17:12:44,114.061218,22.572683,1,0
29595,17:13:39,114.061348,22.572033,1,4
29595,17:15:29,114.061501,22.5714,1,0
29595,17:17:19,114.061966,22.568716,1,15
29595,17:18:14,114.05442,22.565468,1,55
29595,17:19:09,114.045448,22.565033,1,60
29595,17:20:04,114.035583,22.562883,1,68
29595,17:21:00,114.029114,22.562183,1,43
29595,17:21:55,114.025398,22.562483,1,29
29595,17:22:50,114.026115,22.559032,1,32
29595,17:23:45,114.028885,22.55695,1,23
29595,17:24:40,114.028885,22.55695,1,0
29595,17:25:35,114.032768,22.554001,1,31
29595,17:26:30,114.034233,22.549334,1,35
29595,17:27:25,114.034233,22.549334,1,0
29595,17:28:20,114.034233,22.549334,1,0
29595,17:29:15,114.034767,22.546583,1,16
29595,17:30:10,114.03553,22.542168,1,30
29595,17:31:05,114.032249,22.541451,1,24
29595,17:32:00,114.031998,22.542784,1,5
29595,17:32:55,114.031815,22.543833,1,5
29595,17:33:14,114.031815,22.543833,0,0
29595,17:34:09,114.031815,22.543833,0,0
29595,17:35:01,114.031853,22.542933,1,4
29595,17:35:56,114.030914,22.540983,1,17
29595,17:36:51,114.025017,22.539949,1,39
29595,17:37:46,114.021469,22.53945,1,20
29595,17:38:41,114.02005,22.539267,1,8
29595,17:39:36,114.02005,22.539267,1,0
29595,17:40:31,114.019585,22.53895,1,0
29595,17:41:26,114.0186,22.53965,1,2
29595,17:42:21,114.0186,22.53965,1,0
29595,17:43:16,114.0177,22.541866,1,12
29595,17:44:11,114.017433,22.543318,1,9
29595,17:45:06,114.015785,22.54735,1,29
29595,17:46:01,114.010864,22.55245,1,50
29595,17:46:56,114.012535,22.555349,1,41
29595,17:47:51,114.015236,22.555384,1,17
29595,17:49:41,114.015984,22.555616,1,3
29595,17:51:31,114.018486,22.558617,1,29
29595,17:51:42,114.018501,22.557899,0,25
29595,17:52:37,114.018631,22.55645,0,7
29595,17:53:32,114.018166,22.555634,0,8
29595,17:53:58,114.018166,22.555634,1,0
29595,17:55:48,114.019249,22.549883,1,46
29595,17:57:39,114.023315,22.539433,1,39
29595,17:58:34,114.023819,22.537649,1,10
29595,17:59:29,114.024117,22.53635,1,4
29595,18:02:14,114.025986,22.530951,1,26
29595,18:03:09,114.033966,22.530199,1,54
29595,18:04:04,114.043381,22.531183,1,63
29595,18:04:59,114.051651,22.531467,1,55
29595,18:05:54,114.055603,22.531467,1,26
29595,18:06:49,114.058784,22.531517,1,18
29595,18:07:44,114.060768,22.531584,1,12
29595,18:08:39,114.062347,22.531616,1,6
29595,18:09:34,114.0634,22.531668,1,4
29595,18:10:29,114.06398,22.531633,1,2
29595,18:11:24,114.065666,22.531651,1,4
29595,18:12:19,114.065933,22.531633,1,0
29595,18:13:14,114.065933,22.531633,1,0
29595,18:14:09,114.067268,22.531668,1,1
29595,18:15:04,114.068466,22.531733,1,2
29595,18:21:29,114.07962,22.535851,1,6
29595,18:22:24,114.08065,22.536734,1,9
29595,18:23:19,114.082001,22.537216,1,0
29595,18:24:14,114.0839,22.5373,1,7
29595,18:25:09,114.084969,22.537333,1,3
29595,18:26:04,114.084969,22.537333,1,0
29595,18:26:59,114.086914,22.537367,1,0
29595,18:27:54,114.08802,22.537399,1,3
29595,18:28:49,114.089867,22.537718,1,6
29595,18:29:44,114.090599,22.537884,1,1
29595,18:30:39,114.093048,22.53805,1,10
29595,18:31:34,114.094666,22.537983,1,8
29595,18:33:24,114.099854,22.537832,1,15
29595,18:34:19,114.100365,22.537817,1,0
29595,18:35:14,114.101219,22.537817,1,1
29595,18:36:09,114.102234,22.538,1,1
29595,18:37:04,114.107018,22.540367,1,39
29595,18:37:59,114.106514,22.543533,1,25
29595,18:39:49,114.112198,22.545532,1,18
29595,18:40:44,114.112617,22.54575,1,2
29595,18:41:39,114.115982,22.54635,1,19
29595,18:42:34,114.115982,22.54635,1,0
29595,18:43:29,114.118965,22.546818,1,15
29595,18:44:24,114.120781,22.547234,1,10
29595,18:45:19,114.121101,22.5471,1,0
29595,18:46:14,114.121101,22.5471,1,0
29595,18:47:09,114.122749,22.547251,1,5
29595,18:48:04,114.123215,22.547333,1,0
29595,18:48:59,114.124947,22.5476,1,9
29595,18:49:54,114.124947,22.5476,1,0
29595,18:50:49,114.124947,22.5476,1,0
29595,18:51:44,114.128502,22.548283,1,17
29595,18:52:39,114.129585,22.5481,1,6
29595,18:53:34,114.129616,22.545383,1,19
29595,18:54:12,114.12957,22.544451,0,9
29595,18:55:07,114.129066,22.544033,0,1
29595,18:56:02,114.125999,22.544333,0,28
29595,18:56:57,114.125954,22.542917,0,10
29595,18:57:52,114.123764,22.540833,0,20
29595,18:58:47,114.123337,22.539783,0,7
29595,18:59:42,114.121803,22.539267,0,4
29595,19:00:37,114.119118,22.539667,0,8
29595,19:01:32,114.11895,22.539801,0,1
29595,19:01:57,114.118698,22.540051,1,1
29595,19:02:52,114.118698,22.540051,1,0
29595,19:03:47,114.118118,22.540882,1,1
29595,19:05:37,114.119637,22.541967,1,0
29595,19:06:32,114.119637,22.541967,1,0
29595,19:07:27,114.118416,22.543367,1,13
29595,19:08:19,114.118469,22.543333,1,0
29595,19:09:15,114.118202,22.546682,1,22
29595,19:11:05,114.122383,22.547318,1,10
29595,19:12:00,114.122749,22.547382,1,2
29595,19:12:55,114.122749,22.547382,1,0
29595,19:13:50,114.122749,22.547382,1,0
29595,19:14:45,114.122749,22.547382,1,0
29595,19:15:40,114.122749,22.547382,1,0
29595,19:16:35,114.122749,22.547382,1,0
29595,19:17:30,114.122749,22.547382,1,0
29595,19:18:25,114.122749,22.547382,1,0
29595,19:19:20,114.122749,22.547382,1,0
29595,19:20:15,114.122749,22.547382,1,0
29595,19:21:10,114.124046,22.547617,1,4
29595,19:22:05,114.124046,22.547617,1,0
29595,19:23:00,114.124046,22.547617,1,0
29595,19:23:55,114.123901,22.5476,1,7
29595,19:24:50,114.122971,22.548082,1,5
29595,19:25:45,114.122849,22.54925,1,1
29595,19:25:50,114.122849,22.54925,0,0
29595,19:26:45,114.122849,22.54925,0,0
29595,19:27:40,114.12233,22.547367,0,12
29595,19:28:17,114.119797,22.547001,1,20
29595,19:29:12,114.116653,22.548332,1,27
29595,19:30:07,114.116653,22.55035,1,14
29595,19:31:02,114.117302,22.551916,1,9
29595,19:31:57,114.121498,22.557383,1,49
29595,19:32:52,114.118668,22.563583,1,50
29595,19:33:47,114.11795,22.56905,1,42
29595,19:34:42,114.117882,22.569201,1,0
29595,19:35:37,114.117821,22.57015,1,1
29595,19:36:32,114.117821,22.57015,1,0
29595,19:37:27,114.117851,22.572832,1,6
29595,19:38:22,114.117882,22.573917,1,3
29595,19:39:17,114.117599,22.575251,1,5
29595,19:40:12,114.116432,22.5774,1,17
29595,19:41:07,114.115501,22.579283,1,11
29595,19:42:02,114.114731,22.5814,1,15
29595,19:42:57,114.111565,22.58725,1,44
29595,19:43:41,114.109482,22.591984,0,47
29595,19:44:36,114.109703,22.592916,0,4
29595,19:45:31,114.110634,22.595066,0,14
29595,19:46:26,114.113014,22.5968,0,23
29595,19:47:21,114.11602,22.596451,0,20
29595,19:48:16,114.118866,22.596718,0,18
29595,19:49:11,114.119499,22.596533,0,0
29595,19:49:35,114.119682,22.595934,1,3
29595,19:50:30,114.119751,22.591467,1,31
29595,19:51:25,114.116882,22.588699,1,26
29595,19:52:20,114.114815,22.5882,1,13
29595,19:53:15,114.114281,22.587084,1,9
29595,19:54:10,114.114815,22.586117,1,4
29595,19:55:05,114.112114,22.584299,1,20
29595,19:56:00,114.113968,22.583117,1,27
29595,19:56:55,114.117035,22.575968,1,55
29595,19:57:50,114.117569,22.569283,1,49
29595,19:58:45,114.115135,22.564533,1,40
29595,19:59:40,114.115021,22.558968,1,44
29595,20:00:35,114.112015,22.559433,1,35
29595,20:01:30,114.109985,22.551268,1,62
29595,20:02:25,114.110252,22.547934,1,24
29595,20:03:20,114.110031,22.544317,1,24
29595,20:04:15,114.110619,22.539967,1,33
29595,20:05:10,114.110802,22.538567,1,8
29595,20:06:05,114.11132,22.534384,1,28
29595,20:07:00,114.113968,22.531782,1,33
29595,20:07:22,114.113968,22.531782,0,0
29595,20:09:12,114.114433,22.535433,0,34
29595,20:10:07,114.11235,22.536484,0,17
29595,20:11:02,114.111847,22.538483,0,11
29595,20:11:57,114.111465,22.541599,0,21
29595,20:12:46,114.111465,22.541599,1,0
29595,20:13:41,114.110382,22.547501,1,40
29595,20:14:36,114.109932,22.552,1,31
29595,20:15:31,114.110847,22.557068,1,38
29595,20:16:26,114.111969,22.558849,1,28
29595,20:17:21,114.104317,22.558666,1,50
29595,20:18:16,114.100349,22.558933,1,24
29595,20:18:18,114.100349,22.558933,0,0
29595,20:19:13,114.099533,22.558832,0,3
29595,20:20:08,114.099518,22.558832,0,0
29595,20:21:03,114.097916,22.561466,0,27
29595,20:21:21,114.097801,22.561132,1,1
29595,20:22:16,114.097168,22.56115,1,2
29595,20:23:11,114.097687,22.561466,1,0
29595,20:24:06,114.097687,22.561466,1,0
29595,20:25:01,114.09877,22.561518,1,3
29595,20:25:56,114.09877,22.561518,1,0
29595,20:26:51,114.099251,22.5588,1,20
29595,20:27:46,114.099251,22.5588,1,0
29595,20:28:41,114.101234,22.558617,1,14
29595,20:29:36,114.103149,22.558533,1,11
29595,20:30:31,114.103569,22.55855,1,2
29595,20:31:26,114.109154,22.558666,1,35
29595,20:32:21,114.118202,22.558767,1,60
29595,20:33:16,114.123047,22.557783,1,37
29595,20:34:04,114.127235,22.560316,0,38
29595,20:34:59,114.127281,22.560284,0,0
29595,20:35:54,114.129883,22.559032,0,21
29595,20:36:49,114.127403,22.557301,0,26
29595,20:36:58,114.127403,22.557301,1,0
29595,20:37:53,114.129883,22.559,1,26
29595,20:38:48,114.134247,22.559366,1,48
29595,20:39:43,114.135086,22.558517,1,6
29595,20:40:38,114.13842,22.556017,1,29
29595,20:41:33,114.144417,22.555416,1,40
29595,20:42:28,114.153015,22.557417,1,60
29595,20:43:23,114.158653,22.560583,1,49
29595,20:44:18,114.15773,22.564251,1,35
29595,20:45:13,114.161133,22.564133,1,21
29595,20:46:08,114.16555,22.564449,1,27
29595,20:47:03,114.165848,22.564716,1,2
29595,20:47:05,114.165848,22.564716,0,0
29595,20:48:00,114.165848,22.564716,0,0
29595,20:48:55,114.165848,22.564716,0,0
29595,20:49:50,114.165154,22.564501,0,2
29595,20:50:45,114.163635,22.564417,0,8
29595,20:51:40,114.159485,22.564182,0,27
29595,20:52:35,114.157753,22.56415,0,10
29595,20:53:30,114.157585,22.563482,0,4
29595,20:54:25,114.154518,22.559,0,40
29595,20:55:20,114.146515,22.555616,0,60
29595,20:56:15,114.14122,22.555834,0,36
29595,20:57:10,114.134186,22.55965,0,57
29595,20:57:36,114.133904,22.55995,1,4
29595,20:58:31,114.132217,22.5616,1,15
29595,20:59:26,114.132317,22.561399,1,6
29595,21:00:21,114.13485,22.55875,1,25
29595,21:01:16,114.13485,22.55875,1,0
29595,21:02:11,114.138901,22.55405,1,41
29595,21:03:06,114.133904,22.54665,1,63
29595,21:04:01,114.126266,22.542633,1,58
29595,21:04:56,114.123497,22.540934,1,22
29595,21:05:51,114.121849,22.539534,1,11
29595,21:06:46,114.120865,22.539167,1,4
29595,21:07:41,114.118301,22.5375,1,14
29595,21:08:36,114.115768,22.535151,1,21
29595,21:09:09,114.11425,22.5341,0,15
29595,21:11:50,114.115982,22.535316,1,17
29595,21:12:45,114.117767,22.53735,1,17
29595,21:13:40,114.120918,22.539017,1,22
29595,21:14:35,114.124817,22.541533,1,31
29595,21:15:30,114.12883,22.543699,1,31
29595,21:16:25,114.134766,22.547333,1,47
29595,21:17:20,114.139282,22.554466,1,60
29595,21:18:15,114.140915,22.562349,1,58
29595,21:19:10,114.140831,22.562517,1,1
29595,21:20:05,114.140167,22.563334,1,4
29595,21:21:00,114.138931,22.564699,1,11
29595,21:21:55,114.137634,22.566317,1,14
29595,21:22:50,114.137131,22.568083,1,12
29595,21:23:45,114.137398,22.568968,1,5
29595,21:24:40,114.137604,22.571033,1,14
29595,21:26:30,114.138481,22.573833,1,10
29595,21:27:25,114.138481,22.573833,1,0
29595,21:28:20,114.139351,22.576166,1,14
29595,21:29:15,114.140381,22.578882,1,17
29595,21:31:05,114.13723,22.581249,1,5
29595,21:32:00,114.136497,22.582684,1,8
29595,21:32:55,114.137634,22.583317,1,3
29595,21:33:50,114.137398,22.584949,1,5
29595,21:34:03,114.137398,22.584949,0,0
29595,21:34:58,114.137398,22.584949,0,0
29595,21:35:53,114.137398,22.584949,0,0
29595,21:36:48,114.137604,22.583433,0,6
29595,21:37:43,114.137352,22.582582,0,1
29595,21:38:38,114.137215,22.580883,0,10
29595,21:39:33,114.136818,22.57995,0,4
29595,21:40:28,114.13623,22.5795,0,2
29595,21:41:21,114.135384,22.5793,1,1
29595,21:42:16,114.133118,22.579634,1,12
29595,21:44:06,114.124664,22.579433,1,24
29595,21:45:01,114.123665,22.579332,1,4
29595,21:45:56,114.122047,22.580183,1,11
29595,21:46:51,114.1213,22.580584,1,2
29595,21:47:46,114.123001,22.580168,1,8
29595,21:48:41,114.122932,22.579901,1,1
29595,21:49:25,114.122948,22.577232,0,18
29595,21:50:20,114.122948,22.573767,0,31
29595,21:51:15,114.121964,22.57135,0,22
29595,21:51:49,114.120399,22.571016,1,13
29595,21:52:44,114.117867,22.572683,1,24
29595,21:53:39,114.116486,22.5772,1,34
29595,21:54:34,114.114967,22.580282,1,24
29595,21:55:29,114.11322,22.584368,1,32
29595,21:56:24,114.111153,22.587584,1,26
29595,21:57:19,114.109818,22.593599,1,46
29595,21:58:14,114.112183,22.59815,1,36
29595,21:59:09,114.115219,22.601868,1,33
29595,22:00:04,114.115379,22.602016,1,0
29595,22:00:59,114.117218,22.60285,1,15
29595,22:01:54,114.121269,22.603251,1,26
29595,22:02:49,114.12458,22.603149,1,21
29595,22:03:44,114.127136,22.600668,1,34
29595,22:04:39,114.128952,22.601183,1,23
29595,22:05:05,114.128967,22.602449,0,19
29595,22:06:00,114.128883,22.602716,0,0
29595,22:06:55,114.129814,22.603951,0,13
29595,22:07:50,114.131165,22.603683,0,3
29595,22:08:45,114.132103,22.604799,0,11
29595,22:09:40,114.132118,22.605583,0,5
29595,22:10:35,114.131371,22.606649,0,8
29595,22:11:17,114.130547,22.607018,1,5
29595,22:12:12,114.130486,22.60965,1,12
29595,22:13:07,114.130814,22.61055,1,6
29595,22:14:02,114.126251,22.613251,1,35
29595,22:14:57,114.119652,22.619383,1,63
29595,22:15:52,114.115402,22.621349,1,30
29595,22:16:47,114.111366,22.6217,1,25
29595,22:17:42,114.106865,22.623417,1,32
29595,22:17:57,114.106781,22.623484,0,3
29595,22:18:52,114.106781,22.623484,0,0
29595,22:19:47,114.10778,22.622517,0,10
29595,22:20:42,114.11367,22.621384,0,40
29595,22:21:37,114.118736,22.619984,0,35
29595,22:22:32,114.122986,22.615032,0,44
29595,22:23:27,114.127502,22.616899,0,41
29595,22:24:22,114.125504,22.61525,0,35
29595,22:25:17,114.122147,22.612867,0,26
29595,22:26:12,114.120331,22.611601,0,14
29595,22:27:07,114.120331,22.611601,0,0
29595,22:28:02,114.121567,22.609617,0,16
29595,22:28:57,114.117653,22.605301,0,48
29595,22:29:52,114.112183,22.598417,0,61
29595,22:30:47,114.108971,22.591217,0,56
29595,22:31:42,114.108971,22.591217,0,0
29595,22:32:37,114.11097,22.587067,0,30
29595,22:33:32,114.114784,22.580334,0,55
29595,22:34:27,114.117798,22.572617,0,60
29595,22:35:22,114.117966,22.5669,0,42
29595,22:36:17,114.116669,22.56345,0,34
29595,22:37:12,114.1157,22.562401,0,9
29595,22:38:07,114.115997,22.561216,0,8
29595,22:39:02,114.115997,22.561216,0,0
29595,22:39:57,114.115997,22.561216,0,0
29595,22:40:52,114.115997,22.561216,0,0
29595,22:41:47,114.115997,22.561216,0,0
29595,22:42:42,114.115997,22.561216,0,0
29595,22:43:37,114.115997,22.561216,0,0
29595,22:44:32,114.115997,22.561216,0,0
29595,22:45:27,114.115997,22.561216,0,0
29595,22:46:22,114.115997,22.561216,0,0
29595,22:47:17,114.115997,22.561216,0,0
29595,22:48:12,114.115997,22.561216,0,0
29595,22:49:07,114.115997,22.561216,0,0
29595,22:50:02,114.11718,22.559383,0,13
29595,22:50:57,114.10968,22.55875,0,53
29595,22:51:52,114.104301,22.5588,0,35
29595,22:52:47,114.100548,22.5585,0,35
29595,22:53:42,114.102234,22.557199,0,13
29595,22:54:37,114.101265,22.5553,0,9
29595,22:55:32,114.100548,22.55475,0,4
29595,22:56:27,114.098381,22.551867,0,30
29595,22:57:22,114.091965,22.551832,0,42
29595,22:58:17,114.089935,22.5492,0,28
29595,22:58:33,114.089714,22.549133,1,6
29595,22:59:28,114.087799,22.551582,1,21
29595,23:00:23,114.090736,22.551733,1,17
29595,23:01:18,114.091103,22.553432,1,12
29595,23:02:13,114.091019,22.557333,1,26
29595,23:03:08,114.090981,22.55855,1,7
29595,23:04:03,114.089951,22.560734,1,16
29595,23:04:58,114.090752,22.561367,1,7
29595,23:05:53,114.09388,22.560217,1,22
29595,23:06:48,114.095215,22.560368,1,3
29595,23:07:43,114.097298,22.559851,1,5
29595,23:08:05,114.097504,22.559834,0,3
29595,23:09:00,114.098549,22.559967,0,3
29595,23:09:55,114.096886,22.558683,0,20
29595,23:10:50,114.094551,22.560301,0,25
29595,23:11:08,114.094551,22.560301,1,0
29595,23:12:03,114.097,22.561382,1,19
29595,23:12:58,114.098953,22.561501,1,10
29595,23:13:53,114.099266,22.562218,1,4
29595,23:14:48,114.099167,22.569017,1,48
29595,23:15:43,114.099197,22.576851,1,55
29595,23:16:38,114.099403,22.578133,1,7
29595,23:17:33,114.101135,22.585083,1,53
29595,23:18:28,114.1054,22.589783,1,46
29595,23:19:23,114.107666,22.591867,1,22
29595,23:20:18,114.105721,22.592867,1,15
29595,23:21:13,114.105721,22.592867,1,0
29595,23:22:08,114.106514,22.593067,1,2
29595,23:23:03,114.106949,22.594101,1,3
29595,23:23:09,114.106949,22.594101,0,0
29595,23:24:04,114.106949,22.594101,0,0
29595,23:24:59,114.10598,22.594883,0,0
29595,23:25:54,114.105583,22.593884,0,3
29595,23:26:49,114.105637,22.593033,0,3
29595,23:27:44,114.106133,22.590282,0,28
29595,23:28:39,114.101067,22.585632,0,48
29595,23:29:34,114.099716,22.579117,0,49
29595,23:30:29,114.099098,22.577717,0,11
29595,23:31:24,114.098534,22.574318,0,25
29595,23:32:19,114.099083,22.566917,0,52
29595,23:33:14,114.095169,22.566282,0,28
29595,23:34:09,114.094536,22.56525,0,9
29595,23:35:04,114.094536,22.564951,0,0
29595,23:36:00,114.094704,22.561716,0,19
29595,23:36:55,114.094681,22.560017,0,10
29595,23:37:50,114.095184,22.5604,0,3
29595,23:37:52,114.095184,22.5604,1,0
29595,23:38:47,114.098083,22.560049,1,12
29595,23:39:42,114.096184,22.558599,1,31
29595,23:40:37,114.089546,22.561199,1,55
29595,23:41:32,114.08622,22.568233,1,55
29595,23:42:27,114.07872,22.57275,1,63
29595,23:43:22,114.069168,22.569332,1,69
29595,23:44:17,114.05838,22.566549,1,75
29595,23:45:12,114.04718,22.565149,1,77
29595,23:46:07,114.036003,22.562799,1,77
29595,23:47:02,114.024414,22.56085,1,78
29595,23:47:57,114.015167,22.560368,1,62
29595,23:48:52,114.015152,22.55695,1,50
29595,23:49:47,114.009369,22.554916,1,50
29595,23:50:42,114.00692,22.549732,1,38
29595,23:51:37,113.999565,22.54645,1,55
29595,23:52:32,113.991447,22.543833,1,57
29595,23:53:27,113.98822,22.54155,1,34
