33157,00:11:04,114.036766,22.605534,0,0
33157,00:15:39,114.036766,22.605534,0,0
33157,00:16:34,114.036766,22.605534,0,0
33157,00:33:58,114.036766,22.605534,1,0
33157,01:33:52,114.036766,22.605534,1,0
33157,01:34:12,114.036766,22.605534,1,0
33157,01:34:32,114.036766,22.605534,1,0
33157,01:34:52,114.036766,22.605534,1,0
33157,01:35:12,114.036766,22.605534,1,0
33157,01:35:32,114.036766,22.605534,1,0
33157,03:16:33,114.036766,22.605534,0,0
33157,03:27:33,114.036766,22.605534,0,0
33157,04:13:44,114.036766,22.605534,0,0
33157,04:17:59,114.036766,22.605534,0,0
33157,05:02:47,114.036766,22.605534,0,0
33157,05:03:02,114.036766,22.605534,0,0
33157,05:03:17,114.036766,22.605534,0,0
33157,05:03:32,114.036766,22.605534,0,0
33157,05:03:47,114.036766,22.605534,0,0
33157,05:04:02,114.036766,22.605534,0,0
33157,05:04:17,114.036766,22.605534,0,0
33157,05:04:32,114.036766,22.605534,0,0
33157,05:04:47,114.036766,22.605534,0,0
33157,05:05:02,114.036766,22.605534,0,0
33157,05:37:33,114.036766,22.605534,0,0
33157,05:37:48,114.036766,22.605534,0,0
33157,05:38:03,114.036766,22.605534,0,0
33157,05:41:18,114.036766,22.605534,0,0
33157,05:41:33,114.036766,22.605534,0,0
33157,06:06:47,114.036766,22.605534,0,0
33157,06:07:03,114.036766,22.605534,0,0
33157,06:07:18,114.036766,22.605534,0,0
33157,06:07:48,114.036766,22.605534,0,0
33157,06:08:03,114.036766,22.605534,0,0
33157,06:08:18,114.036766,22.605534,0,0
33157,06:08:33,114.036766,22.605534,0,0
33157,06:08:48,114.036766,22.605534,0,0
33157,06:09:03,114.036766,22.605534,0,0
33157,06:09:18,114.036766,22.605534,0,0
33157,06:09:33,114.036766,22.605534,0,0
33157,06:10:33,114.036766,22.605534,0,0
33157,06:10:48,114.036766,22.605534,0,0
33157,06:16:03,114.036766,22.605534,0,0
33157,06:16:18,114.036766,22.605534,0,0
33157,06:16:33,114.036766,22.605534,0,0
33157,06:16:48,114.036766,22.605534,0,0
33157,06:17:03,114.036766,22.605534,0,0
33157,06:17:18,114.036766,22.605534,0,0
33157,06:17:33,114.036766,22.605534,0,0
33157,06:17:48,114.036766,22.605534,0,0
33157,06:18:03,114.036766,22.605534,0,0
33157,06:18:18,114.036766,22.605534,0,0
33157,06:18:33,114.036766,22.605534,0,0
33157,06:18:48,114.036766,22.605534,0,0
33157,06:19:03,114.036766,22.605534,0,0
33157,06:19:19,114.036766,22.605534,0,0
33157,06:19:34,114.036766,22.605534,0,0
33157,06:19:49,114.036766,22.605534,0,0
33157,06:20:04,114.036766,22.605534,0,0
33157,06:20:19,114.036766,22.605534,0,0
33157,06:44:09,114.036766,22.605534,1,0
33157,06:44:29,114.036766,22.605534,1,0
33157,06:50:09,114.036766,22.605534,1,0
33157,06:50:29,114.036766,22.605534,1,0
33157,06:50:49,114.036766,22.605534,1,0
33157,06:51:09,114.036766,22.605534,1,0
33157,06:51:30,114.036766,22.605534,1,0
33157,06:51:49,114.036766,22.605534,1,0
33157,06:52:09,114.036766,22.605534,1,0
33157,06:52:30,114.036766,22.605534,1,0
33157,06:52:50,114.036766,22.605534,1,0
33157,06:53:10,114.036766,22.605534,1,0
33157,06:53:30,114.036766,22.605534,1,0
33157,06:53:50,114.035515,22.530399,1,69
33157,06:54:10,114.031769,22.530117,1,69
33157,06:54:30,114.02803,22.530649,1,69
33157,06:54:50,114.024399,22.531532,1,68
33157,06:55:10,114.021019,22.532217,1,64
33157,06:55:30,114.017616,22.531668,1,62
33157,06:55:50,114.014183,22.53075,1,65
33157,06:56:10,114.010864,22.529984,1,63
33157,06:56:30,114.007149,22.529699,1,68
33157,06:56:50,114.003365,22.530132,1,70
33157,06:57:10,113.999603,22.529966,1,69
33157,06:57:30,113.995979,22.528667,1,72
33157,06:57:50,113.993301,22.526966,1,60
33157,06:58:10,113.990585,22.5252,1,61
33157,06:58:30,113.98732,22.523968,1,65
33157,06:59:10,113.980049,22.522932,1,70
33157,06:59:30,113.976418,22.5229,1,67
33157,06:59:50,113.972771,22.522882,1,67
33157,07:00:10,113.969002,22.52285,1,69
33157,07:00:30,113.965248,22.522833,1,69
33157,07:01:30,113.953751,22.523466,1,70
33157,07:01:50,113.95005,22.523884,1,68
33157,07:02:10,113.946266,22.524332,1,70
33157,07:02:30,113.94252,22.524483,1,69
33157,07:02:50,113.938797,22.524549,1,68
33157,07:03:10,113.934952,22.524616,1,71
33157,07:03:30,113.931152,22.52475,1,70
33157,07:03:50,113.927483,22.525133,1,67
33157,07:04:10,113.924553,22.526199,1,59
33157,07:04:30,113.924286,22.529333,1,58
33157,07:04:50,113.925148,22.53195,1,54
33157,07:05:10,113.92672,22.534718,1,56
33157,07:05:30,113.927147,22.537582,1,58
33157,07:05:50,113.927101,22.540733,1,62
33157,07:06:10,113.927071,22.543716,1,58
33157,07:06:30,113.927635,22.546833,1,63
33157,07:06:50,113.928719,22.549583,1,58
33157,07:07:10,113.928703,22.5527,1,62
33157,07:07:30,113.928719,22.556101,1,67
33157,07:07:50,113.929115,22.559633,1,70
33157,07:08:10,113.9291,22.562584,1,58
33157,07:08:30,113.929031,22.56575,1,63
33157,07:08:50,113.929001,22.569017,1,64
33157,07:09:10,113.928665,22.572218,1,64
33157,07:09:30,113.927132,22.575268,1,65
33157,07:09:50,113.925835,22.578033,1,59
33157,07:10:10,113.925133,22.580933,1,40
33157,07:10:30,113.925049,22.5847,1,73
33157,07:10:50,113.925186,22.5884,1,73
33157,07:11:10,113.925697,22.591967,1,71
33157,07:12:30,113.925819,22.592617,1,0
33157,07:14:30,113.925819,22.592617,1,0
33157,07:14:50,113.925819,22.592617,1,0
33157,07:15:10,113.925819,22.592617,1,0
33157,07:15:30,113.925819,22.592617,1,0
33157,07:15:50,113.925819,22.592617,1,0
33157,07:16:10,113.925819,22.592617,1,0
33157,07:16:30,113.925819,22.592617,1,0
33157,07:16:50,113.925819,22.592617,1,0
33157,07:17:10,113.925819,22.592617,1,0
33157,07:17:30,113.925819,22.592617,1,0
33157,07:17:50,113.925819,22.592617,1,0
33157,07:18:10,113.925819,22.592617,1,0
33157,07:18:50,113.925819,22.592617,1,0
33157,07:19:10,113.925819,22.592617,1,0
33157,07:19:30,113.925819,22.592617,1,0
33157,07:19:50,113.925819,22.592617,1,0
33157,07:20:10,113.925819,22.592617,1,0
33157,07:20:30,113.925819,22.592617,1,0
33157,07:20:50,113.925819,22.592617,1,0
33157,07:21:10,113.925819,22.592617,1,0
33157,07:21:30,113.925819,22.592617,1,0
33157,07:21:50,113.925819,22.592617,1,0
33157,07:22:10,113.925819,22.592617,1,0
33157,07:22:30,113.925819,22.592617,1,0
33157,07:22:50,113.925819,22.592617,1,0
33157,07:23:10,113.925819,22.592617,1,0
33157,07:23:50,113.925819,22.592617,1,0
33157,07:24:10,113.925819,22.592617,1,0
33157,07:24:30,113.925819,22.592617,1,0
33157,07:24:50,113.925819,22.592617,1,0
33157,07:25:10,113.925819,22.592617,1,0
33157,07:25:30,113.925819,22.592617,1,0
33157,07:25:50,113.925819,22.592617,1,0
33157,07:26:10,113.925819,22.592617,1,0
33157,07:26:30,113.925819,22.592617,1,0
33157,07:26:50,113.925819,22.592617,1,0
33157,07:27:10,113.868614,22.7677,1,86
33157,07:27:30,113.867882,22.771999,1,86
33157,07:27:50,113.867401,22.776417,1,88
33157,07:28:10,113.866951,22.780767,1,87
33157,07:29:31,113.87178,22.794518,1,52
33157,07:29:51,113.87178,22.794518,1,0
33157,07:30:11,113.872101,22.794983,1,8
33157,07:30:31,113.873314,22.7966,1,39
33157,07:30:51,113.874214,22.797968,1,37
33157,07:31:11,113.876564,22.799267,1,49
33157,07:31:31,113.879463,22.799732,1,55
33157,07:31:51,113.882584,22.799999,1,58
33157,07:32:11,113.88485,22.80015,1,41
33157,07:32:31,113.887047,22.79985,1,41
33157,07:32:51,113.889771,22.799049,1,52
33157,07:33:11,113.892616,22.798183,1,55
33157,07:33:31,113.894852,22.797466,1,43
33157,07:34:11,113.898567,22.796101,1,54
33157,07:34:31,113.900284,22.794399,1,45
33157,07:34:51,113.901131,22.793667,1,22
33157,07:35:11,113.90332,22.792032,1,51
33157,07:35:31,113.90583,22.790182,1,59
33157,07:35:51,113.906952,22.7876,1,56
33157,07:36:11,113.906952,22.785032,1,51
33157,07:36:31,113.906952,22.784433,1,12
33157,07:36:51,113.906967,22.784267,1,1
33157,07:37:11,113.907021,22.782534,1,34
33157,07:37:31,113.907021,22.780283,1,44
33157,07:37:51,113.906685,22.777817,1,49
33157,07:38:11,113.905266,22.775734,1,49
33157,07:38:31,113.904152,22.774532,1,32
33157,07:38:51,113.903183,22.773466,1,27
33157,07:39:11,113.903,22.773233,1,4
33157,07:39:31,113.902199,22.77235,1,22
33157,07:39:51,113.900269,22.771151,1,42
33157,07:40:11,113.898567,22.770451,1,33
33157,07:40:31,113.898102,22.770267,1,7
33157,07:40:51,113.897583,22.770082,1,10
33157,07:41:11,113.897652,22.769167,1,19
33157,07:41:31,113.8983,22.767218,1,40
33157,07:41:51,113.898865,22.765266,1,40
33157,07:42:11,113.899483,22.763332,1,39
33157,07:42:31,113.899498,22.763132,1,4
33157,07:42:51,113.899498,22.763132,1,0
33157,07:43:11,113.899498,22.763132,1,0
33157,07:43:31,113.89975,22.7628,1,6
33157,07:43:51,113.900116,22.762051,1,13
33157,07:44:11,113.899933,22.762934,1,22
33157,07:44:31,113.899147,22.7652,1,46
33157,07:44:51,113.898315,22.767651,1,50
33157,07:45:11,113.897667,22.769583,1,39
33157,07:45:31,113.897667,22.769583,1,0
33157,07:45:51,113.897667,22.769583,1,0
33157,07:46:11,113.897667,22.769583,1,0
33157,07:46:31,113.897148,22.771017,1,28
33157,07:46:51,113.896317,22.773184,1,45
33157,07:47:11,113.894997,22.775551,1,52
33157,07:47:31,113.893417,22.777384,1,46
33157,07:47:51,113.891151,22.778784,1,50
33157,07:48:11,113.88868,22.779783,1,50
33157,07:48:19,113.888115,22.779984,0,27
33157,07:48:26,113.887367,22.780251,0,41
33157,07:48:41,113.885551,22.780951,0,47
33157,07:48:56,113.885216,22.781082,0,8
33157,07:49:11,113.885216,22.781082,0,0
33157,07:49:26,113.885117,22.781134,0,1
33157,07:49:41,113.885651,22.780832,0,16
33157,07:49:56,113.887215,22.780216,0,40
33157,07:50:11,113.888,22.779867,0,20
33157,07:50:26,113.888,22.779867,0,0
33157,07:50:41,113.888,22.779867,0,0
33157,07:50:56,113.888,22.779867,0,0
33157,07:51:11,113.888,22.779867,0,0
33157,07:51:26,113.888115,22.779833,0,0
33157,07:51:41,113.888283,22.7798,0,4
33157,07:51:56,113.88858,22.779699,0,2
33157,07:52:11,113.890015,22.77915,0,38
33157,07:52:26,113.891983,22.778299,0,53
33157,07:52:41,113.893547,22.777201,0,48
33157,07:52:56,113.894135,22.776583,0,20
33157,07:53:11,113.894135,22.776583,0,0
33157,07:53:26,113.894135,22.776583,0,0
33157,07:53:41,113.894135,22.776583,0,0
33157,07:53:56,113.894135,22.776583,0,0
33157,07:54:11,113.894135,22.776583,0,0
33157,07:54:26,113.894135,22.776583,0,0
33157,07:54:41,113.894135,22.776583,0,0
33157,07:54:56,113.894135,22.776583,0,0
33157,07:55:11,113.894333,22.776466,0,6
33157,07:55:26,113.893219,22.777533,0,38
33157,07:55:41,113.891602,22.778566,0,47
33157,07:55:56,113.889816,22.779301,0,47
33157,07:56:11,113.88868,22.779734,0,29
33157,07:56:26,113.88868,22.779734,0,0
33157,07:56:41,113.88868,22.779734,0,0
33157,07:56:56,113.888351,22.77985,0,4
33157,07:57:11,113.888153,22.779367,0,14
33157,07:57:26,113.887985,22.778833,0,14
33157,07:57:41,113.887604,22.777918,0,25
33157,07:57:56,113.886948,22.778049,0,16
33157,07:58:11,113.88652,22.778168,0,10
33157,07:58:26,113.886368,22.777849,0,5
33157,07:58:41,113.886131,22.777267,0,16
33157,07:58:56,113.886131,22.777267,0,0
33157,07:59:11,113.886131,22.777267,0,0
33157,07:59:26,113.88607,22.777,0,4
33157,07:59:41,113.886314,22.776518,0,18
33157,07:59:56,113.887169,22.776283,0,21
33157,08:00:11,113.88765,22.777517,0,35
33157,08:00:26,113.888115,22.778967,0,38
33157,08:00:41,113.888214,22.779167,0,5
33157,08:00:56,113.888969,22.779249,0,18
33157,08:01:11,113.890015,22.778799,0,27
33157,08:01:26,113.891617,22.778099,0,43
33157,08:01:41,113.893021,22.7775,0,38
33157,08:01:56,113.894165,22.776333,0,41
33157,08:02:11,113.895035,22.775167,0,37
33157,08:02:27,113.896019,22.7735,0,47
33157,08:02:41,113.896667,22.771967,0,46
33157,08:02:57,113.897247,22.770184,0,46
33157,08:03:11,113.897781,22.768717,0,44
33157,08:03:27,113.898354,22.767033,0,43
33157,08:03:42,113.89888,22.765467,0,43
33157,08:03:57,113.899452,22.763849,0,45
33157,08:04:12,113.899963,22.762283,0,42
33157,08:04:27,113.900032,22.762051,0,5
33157,08:04:42,113.900032,22.762051,0,0
33157,08:04:57,113.900032,22.762051,0,0
33157,08:05:12,113.900032,22.762051,0,0
33157,08:05:27,113.900581,22.760567,0,39
33157,08:05:42,113.901199,22.758783,0,49
33157,08:05:57,113.90155,22.757717,0,28
33157,08:06:12,113.90168,22.757282,0,10
33157,08:06:27,113.902184,22.755966,0,37
33157,08:06:42,113.902748,22.754084,0,52
33157,08:06:57,113.902916,22.752251,0,48
33157,08:07:12,113.90255,22.750433,0,49
33157,08:07:27,113.902069,22.748934,0,42
33157,08:07:42,113.901718,22.7477,0,34
33157,08:07:57,113.901482,22.7463,0,36
33157,08:08:12,113.901497,22.744734,0,41
33157,08:08:27,113.901733,22.743168,0,41
33157,08:08:42,113.901917,22.741632,0,40
33157,08:08:57,113.902016,22.740601,0,27
33157,08:09:12,113.90107,22.740133,0,30
33157,08:09:27,113.898964,22.740067,0,50
33157,08:09:42,113.89682,22.73975,0,53
33157,08:09:57,113.894798,22.739433,0,50
33157,08:10:12,113.892937,22.739149,0,46
33157,08:10:27,113.890999,22.738867,0,48
33157,08:10:42,113.889,22.738701,0,48
33157,08:10:57,113.887085,22.73875,0,47
33157,08:11:12,113.885368,22.738768,0,42
33157,08:11:27,113.88488,22.739201,0,17
33157,08:12:12,113.884621,22.740267,0,0
33157,08:12:27,113.884621,22.740267,0,0
33157,08:12:42,113.884621,22.740267,0,0
33157,08:12:57,113.884621,22.740267,0,0
33157,08:13:12,113.884621,22.740267,0,0
33157,08:13:42,113.884621,22.740267,0,0
33157,08:13:57,113.884621,22.740267,0,0
33157,08:14:12,113.886635,22.7335,0,5
33157,08:14:27,113.887466,22.733517,0,21
33157,08:14:42,113.889198,22.7335,0,39
33157,08:14:57,113.890686,22.733232,0,36
33157,08:15:12,113.891365,22.733032,0,17
33157,08:15:27,113.892502,22.732718,0,28
33157,08:15:42,113.892982,22.732483,0,13
33157,08:15:57,113.893234,22.732433,0,3
33157,08:16:12,113.89328,22.732416,0,1
33157,08:16:27,113.89328,22.732416,0,0
33157,08:16:42,113.893814,22.732567,0,4
33157,08:19:57,113.893814,22.732567,0,0
33157,08:20:12,113.893814,22.732567,0,0
33157,08:20:27,113.893814,22.732567,0,0
33157,08:20:42,113.893814,22.732567,0,0
33157,08:20:57,113.893814,22.732567,0,0
33157,08:43:42,113.893814,22.732567,0,0
33157,08:47:28,113.893814,22.732567,0,0
33157,08:48:13,113.893814,22.732567,0,0
33157,08:48:28,113.893814,22.732567,0,0
33157,08:48:43,113.89183,22.732918,0,19
33157,08:48:58,113.890518,22.733282,0,33
33157,08:49:13,113.889183,22.733633,0,33
33157,08:49:28,113.887352,22.733767,0,44
33157,08:49:43,113.886368,22.734266,0,33
33157,08:49:58,113.885651,22.736183,0,53
33157,08:50:13,113.884918,22.738117,0,53
33157,08:50:28,113.886185,22.738567,0,40
33157,08:50:43,113.888535,22.73855,0,55
33157,08:50:58,113.890953,22.738649,0,59
33157,08:51:13,113.893349,22.738983,0,59
33157,08:51:28,113.895714,22.739367,0,59
33157,08:51:43,113.897919,22.7397,0,54
33157,08:51:58,113.89875,22.739782,0,21
33157,08:52:13,113.900635,22.739933,0,46
33157,08:52:28,113.902153,22.739582,0,36
33157,08:52:43,113.902382,22.73785,0,46
33157,08:52:58,113.902435,22.73595,0,50
33157,08:53:13,113.902382,22.734882,0,27
33157,08:53:28,113.902382,22.734882,0,0
33157,08:53:43,113.902382,22.734882,0,0
33157,08:53:58,113.902382,22.734882,0,0
33157,08:54:13,113.902382,22.734751,0,2
33157,08:54:28,113.90242,22.7334,0,35
33157,08:54:43,113.902481,22.731833,0,40
33157,08:54:58,113.902481,22.731417,0,10
33157,08:55:28,113.902481,22.731417,0,0
33157,08:55:43,113.902481,22.731417,0,0
33157,08:55:58,113.902481,22.731417,0,0
33157,08:56:13,113.902519,22.731016,0,9
33157,08:56:28,113.902534,22.729467,0,41
33157,08:56:43,113.902565,22.727617,0,48
33157,08:56:58,113.90258,22.72575,0,48
33157,08:57:13,113.902481,22.72385,0,50
33157,08:57:28,113.902336,22.721901,0,51
33157,08:57:43,113.902153,22.720066,0,48
33157,08:57:58,113.901985,22.718599,0,38
33157,08:58:13,113.901871,22.717649,0,26
33157,08:58:28,113.901703,22.716101,0,41
33157,08:58:43,113.901848,22.714367,0,45
33157,08:59:13,113.904015,22.711349,0,48
33157,08:59:28,113.905365,22.710083,0,47
33157,08:59:43,113.906731,22.708799,0,47
33157,08:59:58,113.908447,22.707951,0,47
33157,09:00:13,113.910332,22.707317,0,48
33157,09:00:28,113.912064,22.706432,0,48
33157,09:00:43,113.913254,22.704983,0,48
33157,09:00:58,113.913719,22.703234,0,47
33157,09:01:13,113.913803,22.702032,0,29
33157,09:01:29,113.913948,22.700583,0,36
33157,09:01:44,113.914215,22.698282,0,61
33157,09:01:59,113.914818,22.696133,0,59
33157,09:02:14,113.915581,22.694201,0,54
33157,09:02:29,113.916016,22.69315,0,28
33157,09:02:44,113.916016,22.69315,0,0
33157,09:02:59,113.916016,22.69315,0,0
33157,09:03:14,113.916229,22.6926,0,11
33157,09:03:29,113.916786,22.69145,0,33
33157,09:03:59,113.919052,22.688833,0,45
33157,09:04:29,113.921814,22.687183,0,35
33157,09:05:14,113.921799,22.681284,0,59
33157,09:05:29,113.9217,22.6791,0,57
33157,09:05:44,113.9216,22.677933,0,29
33157,09:05:59,113.9216,22.677933,0,0
33157,09:06:14,113.921501,22.677299,0,17
33157,09:06:29,113.921387,22.676083,0,31
33157,09:06:44,113.921082,22.67445,0,43
33157,09:06:59,113.920731,22.673018,0,39
33157,09:07:14,113.92057,22.672283,0,16
33157,09:07:29,113.92057,22.672283,0,0
33157,09:07:44,113.92057,22.672283,0,0
33157,09:07:59,113.920486,22.671818,0,9
33157,09:08:14,113.92038,22.671499,0,5
33157,09:08:29,113.92028,22.670967,0,14
33157,09:08:44,113.920166,22.669317,0,43
33157,09:08:59,113.920052,22.6682,0,28
33157,09:09:14,113.920052,22.6682,0,0
33157,09:09:23,113.92012,22.667883,1,8
33157,09:09:34,113.920151,22.666918,1,34
33157,09:09:54,113.920181,22.664734,1,41
33157,09:10:14,113.919884,22.6621,1,53
33157,09:10:34,113.918335,22.659433,1,61
33157,09:10:54,113.916618,22.6565,1,66
33157,09:11:14,113.915215,22.653784,1,58
33157,09:11:34,113.915131,22.651417,1,47
33157,09:11:54,113.916519,22.648783,1,58
33157,09:12:14,113.918648,22.646433,1,60
33157,09:12:34,113.920898,22.643967,1,64
33157,09:13:14,113.925301,22.639099,1,62
33157,09:13:34,113.926865,22.637266,1,45
33157,09:13:54,113.926781,22.636333,1,18
33157,09:14:34,113.928001,22.636084,1,30
33157,09:14:54,113.929947,22.633917,1,55
33157,09:15:14,113.931931,22.631683,1,57
33157,09:15:34,113.933434,22.629333,1,54
33157,09:15:54,113.933952,22.6278,1,34
33157,09:16:14,113.934319,22.626083,1,34
33157,09:16:34,113.934349,22.6259,1,3
33157,09:16:54,113.934349,22.6259,1,0
33157,09:17:14,113.934532,22.624117,1,33
33157,09:17:54,113.934631,22.618834,1,51
33157,09:18:14,113.934517,22.616167,1,53
33157,09:18:34,113.934349,22.613199,1,59
33157,09:18:54,113.93325,22.610033,1,65
33157,09:19:14,113.932465,22.608017,1,41
33157,09:19:34,113.932365,22.6057,1,46
33157,09:19:54,113.933884,22.6033,1,55
33157,09:20:14,113.936218,22.601067,1,62
33157,09:20:34,113.938797,22.598766,1,65
33157,09:20:54,113.940964,22.597033,1,54
33157,09:21:14,113.941071,22.596951,1,3
33157,09:21:34,113.942451,22.595984,1,28
33157,09:21:54,113.944336,22.59495,1,40
33157,09:22:54,113.949402,22.590799,1,10
33157,09:24:34,113.949883,22.59025,1,26
33157,09:24:54,113.949852,22.587366,1,56
33157,09:25:14,113.949852,22.585449,1,37
33157,09:25:34,113.949883,22.585266,1,2
33157,09:25:54,113.949883,22.585266,1,0
33157,09:26:14,113.949883,22.585266,1,0
33157,09:26:34,113.949883,22.585266,1,0
33157,09:26:54,113.949883,22.585266,1,0
33157,09:27:14,113.949883,22.585266,1,0
33157,09:27:34,113.949852,22.584433,1,13
33157,09:27:54,113.949852,22.584118,1,5
33157,09:28:14,113.949852,22.584118,1,0
33157,09:28:34,113.949852,22.584118,1,0
33157,09:28:54,113.949852,22.584118,1,0
33157,09:29:14,113.949852,22.584118,1,0
33157,09:29:34,113.949852,22.584118,1,0
33157,09:29:54,113.949852,22.584118,1,0
33157,09:30:14,113.949783,22.583782,1,5
33157,09:30:34,113.949753,22.582382,1,27
33157,09:30:54,113.949432,22.5811,1,25
33157,09:31:14,113.949303,22.578934,1,43
33157,09:31:34,113.949265,22.57745,1,30
33157,09:31:54,113.949364,22.575768,1,33
33157,09:32:14,113.949387,22.575718,1,1
33157,09:32:34,113.949387,22.575718,1,0
33157,09:32:54,113.949387,22.575718,1,0
33157,09:33:14,113.949501,22.5753,1,7
33157,09:33:34,113.949715,22.572718,1,52
33157,09:33:54,113.949799,22.571783,1,17
33157,09:34:14,113.949799,22.571783,1,0
33157,09:34:34,113.950081,22.5709,1,17
33157,09:34:54,113.951469,22.568268,1,58
33157,09:35:14,113.952698,22.565483,1,58
33157,09:35:34,113.952766,22.565149,1,6
33157,09:36:59,113.952751,22.564234,0,0
33157,09:37:15,113.952751,22.564234,0,0
33157,09:38:15,113.952751,22.564234,0,0
33157,09:38:30,113.952751,22.564234,0,0
33157,09:38:45,113.952751,22.564234,0,0
33157,09:38:59,113.952751,22.564234,0,0
33157,09:39:15,113.952751,22.564234,0,0
33157,09:39:30,113.952751,22.564234,0,0
33157,09:39:45,113.952751,22.564234,0,0
33157,09:59:40,113.924065,22.529249,1,15
33157,09:59:59,113.924034,22.528683,1,11
33157,10:00:20,113.924034,22.528683,1,0
33157,10:00:40,113.923737,22.528517,1,1
33157,10:00:59,113.923653,22.5278,1,17
33157,10:01:02,113.923584,22.527718,1,12
33157,10:01:22,113.923531,22.5277,1,0
33157,10:01:42,113.923531,22.5277,1,0
33157,10:02:02,113.923531,22.5277,1,0
33157,10:02:22,113.92308,22.5284,1,8
33157,10:02:42,113.923035,22.528749,1,5
33157,10:03:02,113.923035,22.528749,1,0
33157,10:03:22,113.922966,22.5294,1,11
33157,10:03:42,113.922882,22.529467,1,0
33157,10:04:02,113.922882,22.529467,1,0
33157,10:04:22,113.922882,22.529467,1,0
33157,10:04:42,113.923065,22.529751,1,4
33157,10:05:02,113.923065,22.530317,1,11
33157,10:05:22,113.923164,22.531017,1,12
33157,10:05:42,113.923134,22.532482,1,28
33157,10:06:02,113.923035,22.534233,1,33
33157,10:06:22,113.923065,22.534483,1,4
33157,10:06:42,113.923065,22.534483,1,0
33157,10:07:02,113.923065,22.534483,1,0
33157,10:07:22,113.923065,22.534483,1,0
33157,10:07:43,113.923203,22.535101,1,9
33157,10:08:02,113.923203,22.535101,1,0
33157,10:08:23,113.923203,22.535101,1,0
33157,10:08:43,113.923203,22.535101,1,0
33157,10:09:43,113.923218,22.535351,1,4
33157,10:10:03,113.924782,22.5354,1,28
33157,10:10:11,113.92527,22.53545,1,22
33157,10:10:31,113.925835,22.535418,1,8
33157,10:10:51,113.92662,22.535433,1,15
33157,10:11:11,113.927681,22.535967,1,24
33157,10:11:31,113.928215,22.53595,1,7
33157,10:11:51,113.929619,22.53565,1,28
33157,10:12:51,113.929871,22.535732,0,0
33157,10:13:06,113.927818,22.536016,0,15
33157,10:13:21,113.927818,22.536016,0,0
33157,10:13:36,113.927086,22.536533,0,18
33157,10:13:51,113.926987,22.537518,0,27
33157,10:14:06,113.926903,22.539284,0,46
33157,10:14:21,113.926949,22.540716,0,37
33157,10:14:36,113.927017,22.541866,0,30
33157,10:14:51,113.926285,22.541567,0,15
33157,10:15:06,113.926399,22.541166,0,16
33157,10:15:21,113.926765,22.539949,0,33
33157,10:15:36,113.926781,22.537983,0,50
33157,10:15:51,113.926636,22.535801,0,55
33157,10:16:06,113.925163,22.535467,0,39
33157,10:16:21,113.923332,22.535433,0,42
33157,10:16:36,113.923332,22.535433,0,0
33157,10:16:51,113.923332,22.535433,0,0
33157,10:17:06,113.923332,22.535433,0,0
33157,10:17:21,113.922997,22.535334,0,10
33157,10:17:36,113.92308,22.534317,0,26
33157,10:17:51,113.923233,22.53315,0,30
33157,10:18:07,113.923103,22.532267,0,22
33157,10:18:22,113.92305,22.531384,0,22
33157,10:18:37,113.92308,22.530533,0,22
33157,10:18:52,113.92305,22.52965,0,20
33157,10:19:07,113.922935,22.528767,0,23
33157,10:19:22,113.922798,22.528032,0,18
33157,10:19:37,113.922699,22.527651,0,9
33157,10:20:32,113.92292,22.529583,1,9
33157,10:20:52,113.922966,22.53105,1,28
33157,10:21:12,113.922897,22.53125,1,4
33157,10:21:32,113.923134,22.531816,1,8
33157,10:21:52,113.922997,22.532118,1,3
33157,10:22:32,113.922836,22.534767,1,24
33157,10:22:52,113.922836,22.534767,1,0
33157,10:23:12,113.922836,22.534767,1,0
33157,10:23:32,113.922836,22.534767,1,0
33157,10:23:52,113.922783,22.535049,1,4
33157,10:24:12,113.924316,22.535433,1,30
33157,10:24:32,113.92617,22.535433,1,32
33157,10:24:52,113.92617,22.535433,1,0
33157,10:25:12,113.926468,22.535467,1,3
33157,10:25:32,113.927086,22.536501,1,30
33157,10:25:52,113.926933,22.539,1,49
33157,10:26:12,113.926933,22.541733,1,54
33157,10:26:32,113.92897,22.542534,1,47
33157,10:26:52,113.931885,22.542418,1,53
33157,10:27:12,113.93502,22.5425,1,57
33157,10:27:32,113.938271,22.542683,1,59
33157,10:27:52,113.94162,22.542833,1,61
33157,10:28:12,113.945152,22.542982,1,64
33157,10:28:32,113.947769,22.54285,1,50
33157,10:28:52,113.94783,22.542732,1,2
33157,10:29:12,113.94783,22.542732,1,0
33157,10:29:32,113.94783,22.542732,1,0
33157,10:29:52,113.94783,22.542732,1,0
33157,10:30:12,113.947899,22.542816,1,9
33157,10:30:32,113.947899,22.542816,1,0
33157,10:30:52,113.947899,22.542816,1,0
33157,10:31:12,113.947899,22.542816,1,0
33157,10:31:32,113.947899,22.542816,1,0
33157,10:31:52,113.947899,22.542816,1,0
33157,10:32:12,113.947899,22.542816,1,0
33157,10:32:32,113.948967,22.5425,1,12
33157,10:32:52,113.948967,22.542067,1,6
33157,10:33:12,113.949615,22.541983,1,17
33157,10:33:32,113.950752,22.541983,1,20
33157,10:33:52,113.950966,22.542116,1,19
33157,10:33:55,113.950966,22.542116,0,0
33157,10:34:07,113.950447,22.541567,0,5
33157,10:34:22,113.95015,22.541283,0,9
33157,10:34:37,113.950081,22.541616,0,14
33157,10:34:52,113.949631,22.541433,0,10
33157,10:35:07,113.949783,22.541901,0,5
33157,10:35:37,113.949066,22.541767,0,0
33157,10:35:52,113.948952,22.542168,0,6
33157,10:36:07,113.948967,22.542217,0,0
33157,10:36:22,113.948967,22.542217,0,0
33157,10:36:37,113.948967,22.542217,0,0
33157,10:36:52,113.948967,22.542217,0,0
33157,10:37:07,113.949081,22.542784,0,12
33157,10:37:22,113.950584,22.543133,0,41
33157,10:37:37,113.953018,22.5432,0,59
33157,10:37:52,113.955399,22.543249,0,58
33157,10:38:07,113.958084,22.543283,0,66
33157,10:38:22,113.959099,22.543217,0,23
33157,10:38:37,113.959099,22.543217,0,0
33157,10:38:52,113.959099,22.543217,0,0
33157,10:39:07,113.959099,22.543217,0,0
33157,10:39:22,113.959099,22.543217,0,0
33157,10:39:37,113.959785,22.5431,0,15
33157,10:39:52,113.961082,22.5427,0,33
33157,10:40:07,113.962547,22.542116,0,39
33157,10:40:22,113.963951,22.541616,0,36
33157,10:40:37,113.96582,22.540882,0,49
33157,10:40:52,113.967316,22.54035,0,39
33157,10:41:07,113.968414,22.539949,0,28
33157,10:41:22,113.969086,22.539734,0,17
33157,10:41:37,113.970467,22.539232,0,36
33157,10:41:52,113.970901,22.539066,0,10
33157,10:42:07,113.97187,22.538683,0,24
33157,10:42:22,113.973801,22.537832,0,52
33157,10:42:37,113.975769,22.536917,0,53
33157,10:42:52,113.977501,22.536333,0,44
33157,10:43:07,113.978264,22.536182,0,18
33157,10:43:22,113.978897,22.536083,0,15
33157,10:43:37,113.979614,22.535982,0,16
33157,10:43:52,113.979614,22.535982,0,0
33157,10:44:07,113.980064,22.535999,0,5
33157,10:44:22,113.981171,22.535967,0,26
33157,10:44:37,113.981651,22.535982,0,11
33157,10:44:52,113.981651,22.535982,0,0
33157,10:45:07,113.981651,22.535982,0,0
33157,10:45:22,113.981651,22.535982,0,0
33157,10:45:37,113.981651,22.535982,0,0
33157,10:46:07,113.981651,22.535982,0,0
33157,10:46:22,113.981651,22.535982,0,0
33157,10:46:37,113.981651,22.535982,0,0
33157,10:46:52,113.981651,22.535982,0,0
33157,10:47:07,113.981651,22.535982,0,0
33157,10:47:22,113.981651,22.535982,0,0
33157,10:47:37,113.981651,22.535982,0,0
33157,10:47:52,113.981651,22.535982,0,0
33157,10:48:07,113.981651,22.535982,0,0
33157,10:48:22,113.981651,22.535982,0,0
33157,10:48:37,113.982834,22.5362,0,27
33157,10:48:52,113.984947,22.536217,0,51
33157,10:49:07,113.987251,22.536167,0,56
33157,10:49:22,113.989647,22.535717,0,60
33157,10:49:37,113.992065,22.535101,0,61
33157,10:49:52,113.994469,22.53475,0,59
33157,10:50:07,113.995819,22.534767,0,31
33157,10:50:22,113.99662,22.534849,0,18
33157,10:50:37,113.998383,22.535133,0,44
33157,10:50:52,114.000198,22.535482,0,46
33157,10:51:07,114.001785,22.535717,0,39
33157,10:51:37,114.002014,22.535767,0,0
33157,10:51:52,114.002014,22.535767,0,0
33157,10:52:07,114.002014,22.535767,0,0
33157,10:52:22,114.002014,22.535767,0,0
33157,10:52:37,114.002014,22.535767,0,0
33157,10:52:52,114.002014,22.535767,0,0
33157,10:53:07,114.002014,22.535767,0,0
33157,10:53:37,114.002403,22.535833,0,7
33157,10:54:07,114.002403,22.535833,0,0
33157,10:54:22,114.002403,22.535833,0,0
33157,10:54:37,114.002403,22.535833,0,0
33157,10:54:52,114.002403,22.535833,0,0
33157,10:55:07,114.002403,22.535833,0,0
33157,10:55:22,114.002403,22.535833,0,0
33157,10:55:37,114.002403,22.535833,0,0
33157,10:55:52,114.002403,22.535833,0,0
33157,10:56:07,114.002403,22.535833,0,0
33157,10:56:22,114.003014,22.536301,0,19
33157,10:56:37,114.002853,22.537167,0,23
33157,10:56:52,114.002098,22.537434,0,25
33157,10:57:07,114.001099,22.537216,0,27
33157,10:57:22,114.002235,22.537451,0,28
33157,10:57:37,114.00235,22.537434,0,2
33157,10:57:52,114.00248,22.537283,0,0
33157,10:58:07,114.00248,22.537283,0,0
33157,10:58:22,114.00248,22.537283,0,0
33157,10:58:37,114.002647,22.537018,0,0
33157,10:58:52,114.002647,22.537018,0,0
33157,10:59:07,114.002647,22.537018,0,0
33157,10:59:22,114.002647,22.537018,0,0
33157,10:59:37,114.002647,22.537018,0,0
33157,10:59:52,114.002647,22.537018,0,0
33157,11:00:07,114.002647,22.537018,0,0
33157,11:00:22,114.002647,22.537018,0,0
33157,11:00:37,114.002647,22.537018,0,0
33157,11:00:52,114.002647,22.537018,0,0
33157,11:01:07,114.002647,22.537018,0,0
33157,11:01:22,114.002647,22.537018,0,0
33157,11:01:37,114.002647,22.537018,0,0
33157,11:01:52,114.002647,22.537018,0,0
33157,11:02:07,114.002647,22.537018,0,0
33157,11:02:22,114.002647,22.537018,0,0
33157,11:02:37,114.002647,22.537018,0,0
33157,11:02:52,114.002647,22.537018,0,0
33157,11:03:07,114.002647,22.537018,0,0
33157,11:03:22,114.002647,22.537018,0,0
33157,11:03:37,114.002647,22.537018,0,0
33157,11:03:52,114.002647,22.537018,0,0
33157,11:04:08,114.002647,22.537018,0,0
33157,11:04:22,114.002647,22.537018,0,0
33157,11:04:38,114.002647,22.537018,0,0
33157,11:04:53,114.002647,22.537018,0,0
33157,11:05:08,114.002647,22.537018,0,0
33157,11:05:23,114.002647,22.537018,0,0
33157,11:05:38,114.002647,22.537018,0,0
33157,11:05:53,114.002647,22.537018,0,0
33157,11:06:23,114.002647,22.537018,0,0
33157,11:06:38,114.002647,22.537018,0,0
33157,11:07:08,114.002647,22.537018,0,0
33157,11:07:23,114.002647,22.537018,0,0
33157,11:07:38,114.002647,22.537018,0,0
33157,11:07:53,114.002647,22.537018,0,0
33157,11:08:08,114.002647,22.537018,0,0
33157,11:08:23,114.002647,22.537018,0,0
33157,11:08:38,114.002647,22.537018,0,0
33157,11:08:53,114.002647,22.537018,0,0
33157,11:09:08,114.002647,22.537018,0,0
33157,11:09:23,114.002647,22.537018,0,0
33157,11:09:38,114.002647,22.537018,0,0
33157,11:09:53,114.002647,22.537018,0,0
33157,11:10:23,114.002647,22.537018,0,0
33157,11:10:38,114.002647,22.537018,0,0
33157,11:10:53,114.002647,22.537018,0,0
33157,11:11:08,114.002647,22.537018,0,0
33157,11:11:23,114.002647,22.537018,0,0
33157,11:11:38,114.002647,22.537018,0,0
33157,11:11:53,114.002647,22.537018,0,0
33157,11:12:08,114.002647,22.537018,0,0
33157,11:12:23,114.002647,22.537018,0,0
33157,11:12:38,114.002647,22.537018,0,0
33157,11:12:53,114.002647,22.537018,0,0
33157,11:13:08,114.002647,22.537018,0,0
33157,11:13:23,114.002647,22.537018,0,0
33157,11:13:53,114.002647,22.537018,0,0
33157,11:14:08,114.002647,22.537018,0,0
33157,11:14:23,114.002647,22.537018,0,0
33157,11:14:38,114.002647,22.537018,0,0
33157,11:14:53,114.002647,22.537018,0,0
33157,11:15:08,114.002647,22.537018,0,0
33157,11:15:23,114.002647,22.537018,0,0
33157,11:15:38,114.002647,22.537018,0,0
33157,11:15:53,114.002647,22.537018,0,0
33157,11:16:08,114.002647,22.537018,0,0
33157,11:16:23,114.002647,22.537018,0,0
33157,11:16:38,114.002647,22.537018,0,0
33157,11:16:53,114.002647,22.537018,0,0
33157,11:17:08,114.002647,22.537018,0,0
33157,11:17:23,114.002647,22.537018,0,0
33157,11:17:39,114.002647,22.537018,0,0
33157,11:17:54,114.002647,22.537018,0,0
33157,11:18:24,114.002647,22.537018,0,0
33157,11:18:39,114.002647,22.537018,0,0
33157,11:18:54,114.002647,22.537018,0,0
33157,11:19:09,114.002647,22.537018,0,0
33157,11:19:24,114.002647,22.537018,0,0
33157,11:19:39,114.002647,22.537018,0,0
33157,11:19:54,114.002647,22.537018,0,0
33157,11:20:09,114.002647,22.537018,0,0
33157,11:20:39,114.002647,22.537018,0,0
33157,11:20:54,114.002647,22.537018,0,0
33157,11:21:09,114.002647,22.537018,0,0
33157,11:21:24,114.002647,22.537018,0,0
33157,11:21:39,114.002647,22.537018,0,0
33157,11:21:54,114.002647,22.537018,0,0
33157,11:22:09,114.002647,22.537018,0,0
33157,11:22:24,114.002647,22.537018,0,0
33157,11:22:39,114.002647,22.537018,0,0
33157,11:22:54,114.002647,22.537018,0,0
33157,11:23:09,114.002647,22.537018,0,0
33157,11:23:24,114.002647,22.537018,0,0
33157,11:23:39,114.002647,22.537018,0,0
33157,11:23:54,114.002647,22.537018,0,0
33157,11:24:09,114.002647,22.537018,0,0
33157,11:24:24,114.002647,22.537018,0,0
33157,11:24:39,114.002647,22.537018,0,0
33157,11:24:54,114.002647,22.537018,0,0
33157,11:25:09,114.002647,22.537018,0,0
33157,11:25:24,114.002647,22.537018,0,0
33157,11:25:39,114.002647,22.537018,0,0
33157,11:25:54,114.002647,22.537018,0,0
33157,11:26:09,114.002647,22.537018,0,0
33157,11:26:24,114.002647,22.537018,0,0
33157,11:26:39,114.002647,22.537018,0,0
33157,11:26:54,114.002647,22.537018,0,0
33157,11:27:09,114.002647,22.537018,0,0
33157,11:27:24,114.002647,22.537018,0,0
33157,11:27:39,114.002647,22.537018,0,0
33157,11:27:54,114.002647,22.537018,0,0
33157,11:28:09,114.002647,22.537018,0,0
33157,11:28:24,114.002647,22.537018,0,0
33157,11:28:39,114.002647,22.537018,0,0
33157,11:28:54,114.002647,22.537018,0,0
33157,11:29:09,114.002647,22.537018,0,0
33157,11:29:24,114.002647,22.537018,0,0
33157,11:29:39,114.002647,22.537018,0,0
33157,11:29:54,114.002647,22.537018,0,0
33157,11:30:09,114.002647,22.537018,0,0
33157,11:30:24,114.002647,22.537018,0,0
33157,11:30:39,114.002647,22.537018,0,0
33157,11:30:54,114.002647,22.537018,0,0
33157,11:31:09,114.002647,22.537018,0,0
33157,11:31:24,114.002647,22.537018,0,0
33157,11:31:39,114.002647,22.537018,0,0
33157,11:31:54,114.002647,22.537018,0,0
33157,11:32:09,114.002647,22.537018,0,0
33157,11:32:24,114.002647,22.537018,0,0
33157,11:32:39,114.002647,22.537018,0,0
33157,11:32:54,114.002647,22.537018,0,0
33157,11:33:09,114.002647,22.537018,0,0
33157,11:33:24,114.002647,22.537018,0,0
33157,11:33:39,114.002647,22.537018,0,0
33157,11:33:54,114.002647,22.537018,0,0
33157,11:34:09,114.002518,22.536867,0,2
33157,11:34:25,114.00267,22.536917,0,2
33157,11:34:40,114.00267,22.536917,0,0
33157,11:34:55,114.00267,22.536917,0,0
33157,11:35:10,114.00267,22.536917,0,0
33157,11:35:25,114.00267,22.536917,0,0
33157,11:35:40,114.00267,22.536917,0,0
33157,11:35:55,114.00267,22.536917,0,0
33157,11:36:10,114.00267,22.536917,0,0
33157,11:36:25,114.00267,22.536917,0,0
33157,11:36:40,114.00267,22.536917,0,0
33157,11:36:55,114.00267,22.536917,0,0
33157,11:37:10,114.002281,22.537582,0,6
33157,11:37:25,114.002281,22.537582,0,0
33157,11:37:40,114.001419,22.537317,0,26
33157,11:37:55,114.00087,22.537968,0,27
33157,11:38:10,114.000885,22.538549,0,12
33157,11:38:25,114.000801,22.538918,0,6
33157,11:38:40,114.000519,22.53985,0,24
33157,11:38:55,114.000916,22.54035,0,17
33157,11:39:10,114.001335,22.540417,0,7
33157,11:39:25,114.001953,22.54055,0,8
33157,11:39:40,114.00238,22.539749,0,22
33157,11:39:52,114.002632,22.5394,1,6
33157,11:39:59,114.002769,22.53875,1,38
33157,11:40:20,114.00293,22.537184,1,29
33157,11:40:40,114.003014,22.536568,1,12
33157,11:40:59,114.003014,22.536568,1,0
33157,11:41:20,114.003448,22.535816,1,15
33157,11:41:40,114.005615,22.536283,1,43
33157,11:41:59,114.008415,22.536783,1,55
33157,11:42:20,114.011948,22.537367,1,63
33157,11:42:40,114.015503,22.538033,1,67
33157,11:42:59,114.01828,22.5389,1,59
33157,11:43:20,114.02195,22.539583,1,64
33157,11:43:40,114.025299,22.5397,1,60
33157,11:43:59,114.027786,22.540083,1,47
33157,11:44:20,114.029587,22.540483,1,30
33157,11:44:40,114.031136,22.540667,1,28
33157,11:44:59,114.033417,22.541,1,45
33157,11:45:20,114.035332,22.5413,1,31
33157,11:45:39,114.035332,22.5413,1,0
33157,11:45:59,114.036049,22.541451,1,11
33157,11:46:19,114.038582,22.541883,1,47
33157,11:46:39,114.039185,22.541983,1,8
33157,11:46:59,114.041321,22.542267,1,39
33157,11:47:19,114.044319,22.542368,1,55
33157,11:47:39,114.047417,22.542418,1,56
33157,11:47:59,114.050613,22.542467,1,58
33157,11:48:19,114.054298,22.542049,1,68
33157,11:48:39,114.057983,22.542601,1,69
33157,11:48:59,114.061584,22.542683,1,66
33157,11:49:19,114.064934,22.542749,1,62
33157,11:49:39,114.067932,22.542801,1,55
33157,11:49:59,114.068115,22.542784,1,2
33157,11:50:19,114.068115,22.542784,1,0
33157,11:50:39,114.068115,22.542784,1,0
33157,11:50:59,114.068382,22.542801,1,3
33157,11:51:19,114.069885,22.542868,1,27
33157,11:51:39,114.072334,22.542982,1,45
33157,11:51:59,114.07457,22.543034,1,40
33157,11:52:19,114.074921,22.543016,1,5
33157,11:52:39,114.074921,22.543016,1,0
33157,11:52:59,114.076065,22.543051,1,20
33157,11:53:19,114.077736,22.543133,1,30
33157,11:53:40,114.077919,22.54315,1,2
33157,11:53:59,114.07972,22.543283,1,26
33157,11:54:19,114.08268,22.543182,1,51
33157,11:54:40,114.085464,22.543318,1,48
33157,11:55:00,114.087051,22.543249,1,27
33157,11:55:20,114.089081,22.543301,1,36
33157,11:55:39,114.090515,22.543367,1,25
33157,11:55:59,114.090515,22.543367,1,0
33157,11:56:19,114.092964,22.543283,1,40
33157,11:56:39,114.095818,22.5434,1,53
33157,11:57:00,114.098534,22.543432,1,47
33157,11:57:20,114.099503,22.543484,1,18
33157,11:57:40,114.099503,22.543484,1,0
33157,11:58:00,114.099503,22.543484,1,0
33157,11:58:20,114.099503,22.543484,1,0
33157,11:58:40,114.099503,22.543484,1,0
33157,11:59:00,114.099503,22.543484,1,0
33157,11:59:20,114.099503,22.543484,1,0
33157,11:59:40,114.099617,22.5452,1,35
33157,11:59:56,114.099648,22.546568,0,32
33157,12:00:11,114.099648,22.546568,0,0
33157,12:00:26,114.099648,22.546568,0,0
33157,12:00:41,114.099648,22.546568,0,0
33157,12:00:56,114.099648,22.546568,0,0
33157,12:01:11,114.099617,22.547333,0,18
33157,12:01:26,114.099998,22.547382,0,5
33157,12:01:49,114.100319,22.547449,1,2
33157,12:02:01,114.101234,22.547733,1,20
33157,12:02:21,114.102036,22.548367,1,17
33157,12:02:41,114.102585,22.548866,1,15
33157,12:03:01,114.104202,22.549232,1,31
33157,12:03:21,114.104317,22.549299,1,2
33157,12:03:41,114.104317,22.549299,1,0
33157,12:04:01,114.104317,22.549299,1,0
33157,12:04:21,114.105019,22.548967,1,7
33157,12:04:41,114.105919,22.547001,1,41
33157,12:05:01,114.105919,22.547001,1,0
33157,12:05:21,114.105919,22.547001,1,0
33157,12:05:41,114.105919,22.547001,1,0
33157,12:06:01,114.105919,22.547001,1,0
33157,12:06:21,114.105919,22.547001,1,0
33157,12:06:41,114.106331,22.5467,1,4
33157,12:07:01,114.106171,22.546583,1,2
33157,12:07:21,114.106171,22.546583,1,0
33157,12:07:41,114.106171,22.546583,1,0
33157,12:08:01,114.106171,22.546583,1,0
33157,12:08:21,114.106171,22.546583,1,0
33157,12:08:41,114.106171,22.546583,1,0
33157,12:09:01,114.106171,22.546583,1,0
33157,12:09:21,114.106171,22.546583,1,0
33157,12:09:41,114.106171,22.546583,1,0
33157,12:10:01,114.106003,22.5448,1,35
33157,12:10:21,114.10817,22.545017,1,38
33157,12:10:41,114.111732,22.545532,1,63
33157,12:11:01,114.113403,22.545834,1,32
33157,12:11:21,114.113403,22.545834,1,0
33157,12:11:41,114.113403,22.545834,1,0
33157,12:12:01,114.11528,22.546017,1,29
33157,12:12:21,114.117554,22.546316,1,38
33157,12:12:41,114.119003,22.545668,1,26
33157,12:13:21,114.119484,22.545433,1,0
33157,12:13:41,114.120331,22.546551,1,22
33157,12:14:01,114.120537,22.544968,1,30
33157,12:14:05,114.120598,22.544683,0,28
33157,12:14:16,114.120583,22.544582,0,4
33157,12:14:31,114.120583,22.544582,0,0
33157,12:14:46,114.120583,22.544582,0,0
33157,12:15:01,114.120583,22.544582,0,0
33157,12:15:11,114.119667,22.5446,1,3
33157,12:15:41,114.118629,22.5439,1,12
33157,12:16:01,114.117119,22.544167,1,19
33157,12:16:21,114.116066,22.5443,1,19
33157,12:16:41,114.115349,22.544382,1,6
33157,12:17:01,114.11853,22.543583,1,7
33157,12:19:02,114.118668,22.543417,1,0
33157,12:19:42,114.118347,22.542,1,25
33157,12:20:02,114.117699,22.541599,1,14
33157,12:20:22,114.116348,22.541384,1,16
33157,12:20:42,114.116348,22.541384,1,0
33157,12:21:02,114.116066,22.541033,1,6
33157,12:21:22,114.116035,22.540117,1,19
33157,12:21:42,114.116837,22.539583,1,13
33157,12:22:02,114.114998,22.5389,1,33
33157,12:22:22,114.11232,22.538168,1,43
33157,12:22:42,114.109001,22.537617,1,62
33157,12:23:02,114.105682,22.537268,1,62
33157,12:23:22,114.103264,22.538218,1,49
33157,12:23:42,114.100433,22.538183,1,52
33157,12:24:02,114.097,22.538134,1,62
33157,12:24:22,114.093399,22.538134,1,65
33157,12:24:42,114.08992,22.537901,1,66
33157,12:25:02,114.086533,22.537434,1,63
33157,12:25:22,114.082947,22.537382,1,66
33157,12:25:42,114.07988,22.536417,1,63
33157,12:26:02,114.078552,22.534718,1,41
33157,12:26:22,114.077248,22.532499,1,49
33157,12:26:42,114.074699,22.5319,1,51
33157,12:27:02,114.071198,22.531851,1,65
33157,12:27:22,114.067299,22.531851,1,70
33157,12:27:42,114.063286,22.531883,1,73
33157,12:28:02,114.06205,22.532383,1,43
33157,12:28:22,114.06308,22.531982,1,33
33157,12:28:42,114.062935,22.528883,1,61
33157,12:29:02,114.06295,22.526583,1,44
33157,12:29:22,114.063103,22.525351,1,24
33157,12:30:22,114.062836,22.524401,1,0
33157,12:30:42,114.062836,22.524401,1,0
33157,12:31:02,114.062599,22.5231,1,26
33157,12:31:22,114.061653,22.521767,1,31
33157,12:31:42,114.060982,22.521084,1,18
33157,12:32:02,114.061996,22.519983,1,28
33157,12:32:22,114.060867,22.51895,1,28
33157,12:32:42,114.058868,22.517467,1,41
33157,12:33:42,114.052299,22.514433,1,47
33157,12:34:02,114.050201,22.514383,1,39
33157,12:34:22,114.0466,22.51405,1,65
33157,12:37:22,114.02845,22.521133,1,19
33157,12:37:42,114.027016,22.522051,1,33
33157,12:38:02,114.025452,22.523083,1,34
33157,12:38:22,114.023598,22.523968,1,35
33157,12:38:43,114.022102,22.524866,1,33
33157,12:38:56,114.020981,22.5252,0,34
33157,12:38:58,114.020866,22.52515,0,28
33157,12:39:13,114.01963,22.525101,0,29
33157,12:40:58,114.019447,22.525101,0,0
33157,12:41:13,114.019447,22.525101,0,0
33157,12:41:28,114.017166,22.529249,0,17
33157,12:41:43,114.017052,22.529867,0,19
33157,12:41:58,114.016914,22.531017,0,19
33157,12:42:13,114.017136,22.531099,0,3
33157,12:42:28,114.018433,22.531401,0,30
33157,12:42:43,114.020248,22.53175,0,44
33157,12:42:58,114.020752,22.531799,0,9
33157,12:43:13,114.021881,22.531767,0,28
33157,12:43:43,114.024284,22.5313,0,21
33157,12:43:58,114.025536,22.5306,0,36
33157,12:44:13,114.02668,22.5292,0,47
33157,12:44:28,114.028381,22.528316,0,45
33157,12:44:43,114.029701,22.52755,0,38
33157,12:44:58,114.031281,22.526699,0,43
33157,12:45:13,114.032265,22.525766,0,38
33157,12:45:28,114.031731,22.52495,0,23
33157,12:45:43,114.031235,22.524082,0,23
33157,12:45:58,114.03112,22.523983,0,1
33157,12:46:13,114.030167,22.522533,0,44
33157,12:46:28,114.029297,22.52125,0,39
33157,12:46:43,114.029732,22.520267,0,36
33157,12:46:58,114.03183,22.519133,0,58
33157,12:47:13,114.033852,22.51825,0,53
33157,12:47:28,114.033867,22.51825,0,3
33157,12:47:43,114.033867,22.51825,0,0
33157,12:47:49,114.033752,22.518417,1,9
33157,12:50:23,114.032433,22.52585,1,44
33157,12:50:43,114.032547,22.525999,1,2
33157,12:51:03,114.032547,22.525999,1,0
33157,12:51:23,114.032547,22.525999,1,0
33157,12:51:43,114.032669,22.526283,1,5
33157,12:52:03,114.031036,22.527433,1,37
33157,12:52:23,114.02977,22.528267,1,31
33157,12:52:43,114.027451,22.529417,1,46
33157,12:53:03,114.024879,22.531567,1,57
33157,12:53:23,114.021797,22.532232,1,58
33157,12:53:43,114.019035,22.532101,1,53
33157,12:54:03,114.016586,22.531418,1,47
33157,12:54:23,114.013351,22.530701,1,60
33157,12:54:43,114.009666,22.529934,1,69
33157,12:55:03,114.006348,22.529882,1,60
33157,12:55:23,114.003616,22.530149,1,50
33157,12:55:43,114.000366,22.530149,1,60
33157,12:56:03,113.996834,22.529217,1,68
33157,12:56:23,113.995567,22.528717,1,26
33157,12:56:43,113.993767,22.529833,1,55
33157,12:57:03,113.993614,22.53055,1,13
33157,12:57:23,113.993614,22.530867,1,4
33157,12:57:43,113.993202,22.533182,1,46
33157,12:58:03,113.993034,22.534117,1,18
33157,12:58:23,113.993034,22.534117,1,0
33157,12:58:43,113.993034,22.534117,1,0
33157,12:59:03,113.993034,22.534117,1,0
33157,12:59:23,113.993034,22.534117,1,0
33157,12:59:43,113.992714,22.535351,1,24
33157,13:00:03,113.990967,22.535732,1,32
33157,13:00:23,113.989136,22.536118,1,36
33157,13:00:43,113.987885,22.536367,1,25
33157,13:01:03,113.986298,22.5364,1,29
33157,13:01:23,113.9841,22.536417,1,37
33157,13:01:43,113.982353,22.536467,1,32
33157,13:02:03,113.982353,22.536467,1,0
33157,13:02:23,113.981735,22.536467,1,7
33157,13:02:43,113.978798,22.536467,1,54
33157,13:03:03,113.975281,22.537483,1,68
33157,13:03:23,113.972687,22.538683,1,52
33157,13:03:43,113.97168,22.539049,1,20
33157,13:04:03,113.97168,22.539049,1,0
33157,13:04:23,113.97168,22.539049,1,0
33157,13:04:43,113.970886,22.539482,1,19
33157,13:05:03,113.967529,22.540716,1,61
33157,13:05:23,113.965019,22.541367,1,52
33157,13:05:43,113.9674,22.5404,1,41
33157,13:06:02,113.970116,22.53945,0,43
33157,13:06:17,113.970116,22.53945,0,0
33157,13:06:32,113.970116,22.53945,0,0
33157,13:06:47,113.973167,22.53875,0,20
33157,13:07:02,113.973167,22.53875,0,0
33157,13:07:17,113.973167,22.53875,0,0
33157,13:07:32,113.972183,22.5387,0,11
33157,13:07:47,113.97393,22.537933,0,43
33157,13:08:02,113.976135,22.536867,0,60
33157,13:08:17,113.978302,22.5362,0,54
33157,13:08:32,113.979332,22.536016,0,28
33157,13:08:47,113.97998,22.535801,0,18
33157,13:09:02,113.980469,22.535816,0,12
33157,13:09:17,113.981697,22.535933,0,28
33157,13:09:32,113.98172,22.535967,0,0
33157,13:09:47,113.98172,22.535967,0,0
33157,13:10:02,113.98172,22.535967,0,0
33157,13:10:17,113.98172,22.535967,0,0
33157,13:10:32,113.98172,22.535967,0,0
33157,13:10:47,113.981934,22.536217,0,15
33157,13:11:17,113.985313,22.536118,0,35
33157,13:11:32,113.988083,22.535967,0,63
33157,13:11:48,113.990349,22.535366,0,53
33157,13:12:02,113.991714,22.535116,0,39
33157,13:12:17,113.992165,22.534599,0,29
33157,13:12:32,113.992897,22.532984,0,43
33157,13:12:48,113.993134,22.531467,0,37
33157,13:13:02,113.993286,22.530167,0,39
33157,13:13:17,113.993515,22.527983,0,58
33157,13:13:33,113.99382,22.525867,0,52
33157,13:13:48,113.993179,22.525,0,33
33157,13:14:03,113.993103,22.526217,0,38
33157,13:14:18,113.994469,22.527184,0,41
33157,13:14:33,113.995621,22.527901,0,33
33157,13:14:47,113.99688,22.528784,0,42
33157,13:15:03,113.998901,22.529568,0,50
33157,13:15:18,114.001419,22.530001,0,63
33157,13:15:33,114.004036,22.529882,0,65
33157,13:15:48,114.006599,22.529551,0,64
33157,13:16:03,114.009132,22.529551,0,63
33157,13:16:18,114.011368,22.529966,0,56
33157,13:16:33,114.0131,22.530333,0,43
33157,13:16:48,114.014748,22.530718,0,41
33157,13:17:03,114.016296,22.530867,0,36
33157,13:17:18,114.01667,22.529833,0,28
33157,13:17:33,114.017082,22.528967,0,24
33157,13:17:48,114.01783,22.528217,0,23
33157,13:18:03,114.018234,22.527468,0,25
33157,13:18:18,114.018913,22.526649,0,26
33157,13:18:33,114.019585,22.525633,0,31
33157,13:18:48,114.020248,22.524733,0,30
33157,13:19:03,114.024086,22.523567,0,43
33157,13:19:18,114.025452,22.522667,0,39
33157,13:19:33,114.026749,22.5219,0,36
33157,13:19:48,114.029266,22.520582,0,55
33157,13:20:03,114.031349,22.519533,0,54
33157,13:20:18,114.033302,22.518667,0,52
33157,13:20:33,114.034302,22.518101,0,39
33157,13:20:48,114.035347,22.51755,0,30
33157,13:21:03,114.037117,22.5165,0,42
33157,13:21:18,114.038879,22.515734,0,48
33157,13:21:33,114.039352,22.515417,0,28
33157,13:21:48,114.040787,22.514933,0,41
33157,13:22:03,114.042732,22.514418,0,52
33157,13:22:18,114.044701,22.514084,0,52
33157,13:22:33,114.045166,22.51335,0,27
33157,13:22:48,114.045517,22.51165,0,38
33157,13:23:03,114.046387,22.512367,0,25
33157,13:23:11,114.046532,22.512383,1,15
33157,13:23:23,114.047783,22.512266,1,40
33157,13:23:43,114.050102,22.512449,1,43
33157,13:24:03,114.052315,22.512833,1,41
33157,13:24:23,114.054581,22.513451,1,42
33157,13:24:42,114.055946,22.51335,0,33
33157,13:24:57,114.055969,22.513332,0,0
33157,13:25:12,114.055969,22.513332,0,0
33157,13:25:27,114.056786,22.5123,0,17
33157,13:25:42,114.057114,22.51185,0,16
33157,13:25:57,114.057404,22.511749,0,9
33157,13:26:12,114.053185,22.511316,0,10
33157,13:26:27,114.050964,22.511168,0,33
33157,13:26:42,114.049416,22.5112,0,20
33157,13:26:57,114.049133,22.511217,0,6
33157,13:27:12,114.048981,22.511232,0,5
33157,13:28:12,114.04892,22.51125,0,0
33157,13:28:27,114.04892,22.51125,0,0
33157,13:28:42,114.04892,22.51125,0,0
33157,13:28:57,114.04892,22.51125,0,0
33157,13:29:12,114.04892,22.51125,0,0
33157,13:29:27,114.04892,22.51125,0,0
33157,13:29:42,114.058701,22.515699,0,48
33157,13:29:57,114.060036,22.516632,0,41
33157,13:30:12,114.061401,22.517633,0,42
33157,13:30:27,114.062782,22.518667,0,43
33157,13:30:42,114.063332,22.519199,0,21
33157,13:30:57,114.062653,22.5198,0,23
33157,13:31:12,114.061333,22.521049,0,43
33157,13:31:27,114.0606,22.522217,0,32
33157,13:31:42,114.060364,22.522499,0,10
33157,13:31:57,114.060219,22.522699,0,1
33157,13:32:00,114.06015,22.522833,1,19
33157,13:32:17,114.059715,22.5235,1,19
33157,13:32:37,114.063332,22.522182,1,47
33157,13:35:57,114.065315,22.521549,1,0
33157,13:36:17,114.065315,22.521549,1,0
33157,13:36:37,114.065315,22.521549,1,0
33157,13:36:57,114.065315,22.521549,1,0
33157,13:37:37,114.065315,22.521549,1,0
33157,13:37:57,114.080231,22.53635,1,32
33157,13:38:17,114.081596,22.536783,1,35
33157,13:38:37,114.081566,22.538668,1,36
33157,13:38:57,114.081367,22.537951,1,20
33157,13:39:17,114.081436,22.538168,1,18
33157,13:39:37,114.082314,22.538233,1,9
33157,13:39:57,114.083717,22.538467,1,13
33157,13:40:17,114.083351,22.539766,1,27
33157,13:40:57,114.083267,22.540199,1,0
33157,13:41:17,114.083267,22.540199,1,0
33157,13:41:38,114.083733,22.541149,1,12
33157,13:41:58,114.083565,22.5418,1,12
33157,13:41:59,114.083565,22.5418,0,0
33157,13:43:58,114.083565,22.5418,0,0
33157,13:44:13,114.085266,22.54315,0,22
33157,13:44:28,114.087166,22.5431,0,45
33157,13:44:43,114.087265,22.543051,0,2
33157,13:44:58,114.087433,22.5431,0,2
33157,13:45:13,114.088486,22.543234,0,24
33157,13:45:28,114.090515,22.543301,0,47
33157,13:45:43,114.091331,22.54225,0,38
33157,13:45:58,114.09137,22.542067,0,5
33157,13:46:13,114.09137,22.542067,0,0
33157,13:46:28,114.091515,22.541468,0,16
33157,13:46:30,114.091614,22.541468,0,23
33157,13:46:45,114.093185,22.541451,0,39
33157,13:47:00,114.093719,22.541433,0,12
33157,13:49:05,114.087601,22.541149,1,6
33157,13:49:25,114.087181,22.541,1,6
33157,13:49:45,114.087181,22.541,1,0
33157,13:50:05,114.086349,22.540768,1,13
33157,13:50:25,114.08532,22.540768,1,18
33157,13:50:45,114.08532,22.540768,1,0
33157,13:51:05,114.08532,22.540768,1,0
33157,13:51:25,114.08448,22.540667,1,10
33157,13:51:45,114.084,22.540701,1,7
33157,13:52:05,114.083054,22.540716,1,14
33157,13:52:25,114.08223,22.540716,1,15
33157,13:52:45,114.08223,22.540716,1,0
33157,13:53:05,114.08223,22.540716,1,0
33157,13:54:05,114.08223,22.540716,1,0
33157,13:54:45,114.08223,22.540716,1,0
33157,13:55:05,114.08223,22.540716,1,0
33157,13:56:05,114.08223,22.540716,1,0
33157,13:57:05,114.08223,22.540716,1,0
33157,13:57:57,114.08223,22.540716,0,0
33157,13:58:27,114.08223,22.540716,0,0
33157,13:58:42,114.08223,22.540716,0,0
33157,13:58:57,114.076897,22.542633,0,5
33157,14:03:27,114.07692,22.54265,0,0
33157,14:03:42,114.077667,22.54285,0,4
33157,14:03:57,114.079384,22.54295,0,43
33157,14:04:12,114.081314,22.543051,0,48
33157,14:04:27,114.081551,22.543051,0,4
33157,14:04:57,114.081932,22.543034,0,9
33157,14:05:12,114.084183,22.543068,0,53
33157,14:05:27,114.086136,22.543133,0,47
33157,14:05:43,114.087402,22.543133,0,28
33157,14:05:58,114.088837,22.543182,0,35
33157,14:06:13,114.090034,22.5432,0,28
33157,14:06:28,114.090034,22.5432,0,0
33157,14:06:43,114.090034,22.5432,0,0
33157,14:06:58,114.090332,22.5432,0,6
33157,14:07:13,114.091751,22.543217,0,34
33157,14:07:28,114.093185,22.543234,0,34
33157,14:07:43,114.094948,22.543283,0,43
33157,14:07:58,114.096764,22.543318,0,43
33157,14:08:13,114.098198,22.543301,0,35
33157,14:08:28,114.098282,22.543266,0,2
33157,14:08:37,114.098717,22.543301,1,16
33157,14:08:48,114.09948,22.543034,1,32
33157,14:09:08,114.099915,22.541817,1,25
33157,14:09:28,114.100487,22.540751,1,18
33157,14:09:48,114.101036,22.539667,1,23
33157,14:10:08,114.101433,22.538851,1,17
33157,14:10:48,114.102684,22.536417,1,18
33157,14:11:08,114.102432,22.536551,1,35
33157,14:11:28,114.101883,22.537968,1,43
33157,14:11:48,114.103996,22.537884,1,38
33157,14:12:08,114.104332,22.537767,1,4
33157,14:12:28,114.104752,22.5376,1,8
33157,14:12:48,114.10508,22.537451,1,7
33157,14:13:08,114.105331,22.5373,1,4
33157,14:13:28,114.10585,22.537067,1,9
33157,14:13:48,114.106766,22.536966,1,17
33157,14:14:08,114.10817,22.537317,1,26
33157,14:14:28,114.109581,22.537617,1,26
33157,14:14:48,114.111053,22.537817,1,27
33157,14:15:08,114.113281,22.538168,1,41
33157,14:15:28,114.116165,22.539066,1,55
33157,14:15:48,114.117302,22.539568,1,25
33157,14:16:08,114.118965,22.539949,1,32
33157,14:16:28,114.120399,22.538418,1,39
33157,14:16:48,114.120598,22.53805,1,33
33157,14:17:08,114.121635,22.537083,1,18
33157,14:19:28,114.12188,22.536833,1,0
33157,14:19:48,114.12188,22.536833,1,0
33157,14:20:28,114.12188,22.536833,1,0
33157,14:20:28,114.12188,22.536833,0,0
33157,14:20:43,114.12188,22.536833,0,0
33157,14:20:58,114.12188,22.536833,0,0
33157,14:21:13,114.12188,22.536833,0,0
33157,14:21:28,114.12188,22.536833,0,0
33157,14:21:43,114.12188,22.536833,0,0
33157,14:21:58,114.12188,22.536833,0,0
33157,14:22:13,114.12188,22.536833,0,0
33157,14:22:14,114.12188,22.536833,1,0
33157,14:22:33,114.12188,22.536833,1,0
33157,14:22:53,114.12188,22.536833,1,0
33157,14:23:13,114.12188,22.536833,1,0
33157,14:24:33,114.12188,22.536833,1,0
33157,14:24:53,114.12188,22.536833,1,0
33157,14:25:13,114.12188,22.536833,1,0
33157,14:25:33,114.126801,22.54285,1,18
33157,14:25:53,114.125984,22.544018,1,32
33157,14:26:13,114.125816,22.543484,1,31
33157,14:26:33,114.124603,22.541533,1,48
33157,14:26:53,114.122581,22.540167,1,44
33157,14:27:13,114.121429,22.5394,1,26
33157,14:27:33,114.120132,22.53875,1,27
33157,14:27:53,114.119118,22.539734,1,27
33157,14:28:13,114.117203,22.5397,1,39
33157,14:28:33,114.115379,22.539017,1,35
33157,14:28:53,114.11348,22.538334,1,37
33157,14:29:33,114.108437,22.5375,1,57
33157,14:29:53,114.105721,22.537233,1,52
33157,14:30:13,114.103134,22.538233,1,52
33157,14:30:33,114.101151,22.53825,1,37
33157,14:30:53,114.097649,22.5382,1,64
33157,14:31:13,114.094131,22.538134,1,65
33157,14:31:33,114.090935,22.538116,1,59
33157,14:31:53,114.08757,22.537518,1,63
33157,14:32:13,114.084396,22.537451,1,59
33157,14:32:33,114.082367,22.537416,1,37
33157,14:32:53,114.081619,22.537317,1,14
33157,14:33:13,114.080482,22.536833,1,23
33157,14:33:33,114.079483,22.535999,1,24
33157,14:33:53,114.078346,22.534283,1,40
33157,14:34:13,114.077286,22.5324,1,42
33157,14:34:33,114.075798,22.5319,1,29
33157,14:34:53,114.07338,22.531834,1,44
33157,14:35:13,114.071198,22.531834,1,40
33157,14:35:33,114.069283,22.531782,1,36
33157,14:35:53,114.065536,22.531733,1,68
33157,14:36:13,114.06147,22.531668,1,75
33157,14:36:33,114.058151,22.531584,1,61
33157,14:36:53,114.054947,22.531532,1,58
33157,14:37:13,114.051834,22.5315,1,56
33157,14:37:33,114.048737,22.53145,1,57
33157,14:37:53,114.044853,22.531349,1,71
33157,14:38:13,114.04113,22.531033,1,68
33157,14:38:33,114.037636,22.530634,1,64
33157,14:38:53,114.034081,22.5303,1,66
33157,14:39:13,114.030746,22.530251,1,61
33157,14:39:33,114.028648,22.5306,1,38
33157,14:40:13,114.026421,22.531267,1,21
33157,14:40:33,114.025887,22.531683,1,11
33157,14:40:53,114.02533,22.5326,1,20
33157,14:40:58,114.0252,22.532949,1,29
33157,14:41:18,114.024414,22.535633,1,55
33157,14:41:38,114.023903,22.53775,1,42
33157,14:41:58,114.023369,22.539932,1,44
33157,14:42:18,114.022781,22.542282,1,46
33157,14:42:38,114.022499,22.544018,1,34
33157,14:42:58,114.021965,22.545767,1,35
33157,14:43:18,114.021271,22.547518,1,36
33157,14:43:38,114.020065,22.549032,1,38
33157,14:43:58,114.018471,22.551184,1,51
33157,14:44:18,114.016869,22.553383,1,51
33157,14:44:38,114.015602,22.555817,1,54
33157,14:44:58,114.015099,22.558634,1,56
33157,14:45:18,114.014664,22.561533,1,58
33157,14:45:38,114.01432,22.563784,1,44
33157,14:45:58,114.014053,22.564667,1,18
33157,14:46:18,114.01368,22.565783,1,23
33157,14:46:38,114.013168,22.566917,1,24
33157,14:46:58,114.01265,22.567867,1,21
33157,14:47:18,114.01207,22.568783,1,21
33157,14:50:58,114.011383,22.569817,1,0
33157,14:51:18,114.011383,22.569817,1,0
33157,14:52:18,114.011383,22.569817,1,0
33157,14:52:38,114.011383,22.569817,1,0
33157,14:52:58,114.011383,22.569817,1,0
33157,14:53:18,114.011383,22.569817,1,0
33157,14:53:38,114.011383,22.569817,1,0
33157,14:53:58,114.011383,22.569817,1,0
33157,14:54:18,114.011383,22.569817,1,0
33157,14:54:38,114.00853,22.62365,1,54
33157,14:54:58,114.007751,22.626766,1,63
33157,14:55:18,114.005936,22.629534,1,63
33157,14:55:38,114.003716,22.632418,1,68
33157,14:56:52,113.999031,22.640417,1,49
33157,14:57:09,113.999069,22.64245,1,47
33157,14:58:05,113.996696,22.649967,1,56
33157,14:58:59,113.991997,22.656183,1,46
33157,14:59:51,113.986832,22.662233,1,59
33157,15:00:47,113.982483,22.669901,1,64
33157,15:02:37,113.971336,22.68395,1,59
33157,15:03:32,113.965485,22.691467,1,66
33157,15:04:27,113.962669,22.696367,1,40
33157,15:05:23,113.959152,22.702467,1,46
33157,15:06:18,113.956215,22.713833,1,84
33157,15:07:13,113.949486,22.724234,1,87
33157,15:08:08,113.939346,22.732018,1,87
33157,15:09:03,113.929932,22.740732,1,88
33157,15:09:58,113.922813,22.750816,1,87
33157,15:10:53,113.91655,22.7614,1,88
33157,15:11:48,113.912933,22.772066,1,82
33157,15:12:43,113.91275,22.781218,1,66
33157,15:13:38,113.913452,22.788082,1,61
33157,15:14:33,113.915085,22.786667,1,15
33157,15:15:28,113.915085,22.786667,1,0
33157,15:16:23,113.914749,22.786484,1,2
33157,15:17:18,113.914536,22.786699,1,5
33157,15:18:13,113.914536,22.786699,1,0
33157,15:19:08,113.914536,22.786699,1,0
33157,15:20:03,113.915451,22.784918,1,3
33157,15:20:58,113.915451,22.784918,1,0
33157,15:21:53,113.915451,22.784918,1,0
33157,15:22:48,113.918167,22.784332,1,21
33157,15:23:43,113.918869,22.784267,1,3
33157,15:23:51,113.918869,22.784267,0,0
33157,15:24:38,113.919617,22.784367,0,4
33157,15:25:33,113.920982,22.784483,0,8
33157,15:26:28,113.920982,22.784483,0,0
33157,15:27:23,113.920982,22.784483,0,0
33157,15:28:18,113.920998,22.784616,0,10
33157,15:29:13,113.920685,22.784533,0,0
33157,15:30:08,113.920517,22.784533,0,0
33157,15:31:03,113.920517,22.784533,0,0
33157,15:31:58,113.920517,22.784533,0,0
33157,15:32:53,113.919952,22.784483,0,0
33157,15:33:48,113.919952,22.784483,0,0
33157,15:34:43,113.919952,22.784483,0,0
33157,15:35:38,113.919952,22.784483,0,0
33157,15:36:33,113.919952,22.784483,0,0
33157,15:37:28,113.919319,22.784483,0,0
33157,15:38:23,113.919319,22.784483,0,0
33157,15:39:18,113.919014,22.7845,0,0
33157,15:40:13,113.919014,22.7845,0,0
33157,15:41:08,113.919014,22.7845,0,0
33157,15:42:03,113.917786,22.784401,0,2
33157,15:42:58,113.917397,22.784401,0,0
33157,15:43:53,113.917397,22.784401,0,0
33157,15:44:48,113.916298,22.784349,0,4
33157,15:45:43,113.914818,22.787367,0,24
33157,15:47:33,113.912621,22.780184,0,77
33157,15:48:28,113.912987,22.767717,0,90
33157,15:49:23,113.919502,22.758051,0,84
33157,15:50:18,113.923981,22.747784,0,80
33157,15:51:13,113.931213,22.738916,0,81
33157,15:52:08,113.940666,22.730717,0,85
33157,15:53:03,113.94973,22.723801,0,79
33157,15:53:58,113.954933,22.715532,0,69
33157,15:54:53,113.95665,22.710699,0,36
33157,15:55:48,113.956779,22.709534,0,7
33157,15:56:43,113.957153,22.707899,0,9
33157,15:57:38,113.957283,22.70635,0,11
33157,15:58:33,113.957886,22.704399,0,14
33157,15:59:28,113.958565,22.702682,0,13
33157,16:00:23,113.95945,22.701418,0,8
33157,16:01:18,113.9599,22.70035,0,8
33157,16:02:13,113.960281,22.699617,0,4
33157,16:03:08,113.96048,22.698982,0,3
33157,16:04:04,113.960869,22.698267,0,4
33157,16:04:59,113.961533,22.69685,0,9
33157,16:05:54,113.961617,22.696583,0,1
33157,16:06:49,113.961617,22.696583,0,0
33157,16:07:44,113.965431,22.691017,0,43
33157,16:08:39,113.971184,22.683683,0,65
33157,16:09:34,113.9757,22.678516,0,47
33157,16:10:29,113.980499,22.672701,0,52
33157,16:11:24,113.982468,22.667,0,43
33157,16:12:19,113.987129,22.66165,0,50
33157,16:13:14,113.992081,22.655434,0,54
33157,16:14:09,113.997482,22.64735,0,68
33157,16:15:04,113.998947,22.6385,0,67
33157,16:15:59,114.003571,22.632282,0,62
33157,16:16:55,114.008133,22.622766,0,64
33157,16:17:50,114.007896,22.613867,0,64
33157,16:18:45,114.01088,22.605534,0,63
33157,16:19:40,114.010315,22.597467,0,58
33157,16:27:55,114.010269,22.59675,0,0
33157,16:28:50,114.010269,22.59675,0,0
33157,19:48:35,114.010269,22.59675,0,0
33157,19:48:42,114.010269,22.59675,0,0
33157,20:44:38,114.010269,22.59675,1,0
33157,20:45:33,114.010269,22.59675,1,0
33157,21:33:15,114.010269,22.59675,0,0
33157,21:36:55,114.010269,22.59675,1,0
33157,21:37:50,114.010269,22.59675,1,0
33157,21:38:45,114.010269,22.59675,1,0
33157,21:39:40,114.010269,22.59675,1,0
33157,21:40:35,114.010269,22.59675,1,0
33157,21:41:30,114.010269,22.59675,1,0
33157,21:42:25,114.010269,22.59675,1,0
33157,21:43:20,114.010269,22.59675,1,0
33157,21:44:15,114.010269,22.59675,1,0
33157,21:45:10,114.010269,22.59675,1,0
33157,21:47:49,114.010269,22.59675,0,0
33157,21:47:55,114.010269,22.59675,0,0
33157,23:21:12,114.10585,22.590134,0,0
33157,23:21:34,114.10585,22.590134,0,0
33157,23:22:29,114.10585,22.590134,0,0
33157,23:24:19,114.10585,22.590134,0,0
33157,23:27:59,114.10585,22.590134,0,0
33157,23:38:04,114.10585,22.590134,0,0
