30692,00:00:17,113.867226,22.574038,1,0
30692,00:01:23,113.863358,22.568876,1,26
30692,00:01:58,113.860809,22.565889,0,0
30692,00:02:23,113.860817,22.565845,0,0
30692,00:03:23,113.856926,22.566629,0,21
30692,00:04:23,113.85376,22.56925,0,13
30692,00:05:23,113.856506,22.573231,0,0
30692,00:06:02,113.856506,22.573231,0,0
30692,00:06:23,113.860168,22.576284,0,43
30692,00:07:23,113.863373,22.573753,0,0
30692,00:08:23,113.86351,22.573689,0,9
30692,00:08:25,113.863541,22.573643,1,13
30692,00:09:23,113.865929,22.572205,1,33
30692,00:10:23,113.871086,22.574694,1,69
30692,00:11:23,113.875053,22.57193,1,0
30692,00:11:46,113.875053,22.57193,1,0
30692,00:12:23,113.879379,22.568314,1,69
30692,00:13:23,113.886314,22.561613,1,13
30692,00:14:23,113.886971,22.561058,1,45
30692,00:15:23,113.895111,22.553341,1,70
30692,00:16:23,113.902924,22.545078,1,64
30692,00:17:23,113.904701,22.536287,1,38
30692,00:17:30,113.904701,22.536287,1,0
30692,00:18:23,113.904823,22.53195,1,0
30692,00:19:23,113.904823,22.531593,1,19
30692,00:20:23,113.910416,22.531199,1,35
30692,00:21:23,113.914337,22.528927,1,22
30692,00:22:23,113.914619,22.526781,1,18
30692,00:23:15,113.914619,22.526781,1,0
30692,00:23:23,113.918282,22.526922,1,0
30692,00:24:23,113.918289,22.526953,1,0
30692,00:25:23,113.921684,22.526312,1,52
30692,00:27:23,113.92411,22.517855,1,44
30692,00:28:23,113.927528,22.514326,1,44
30692,00:29:00,113.927528,22.514326,1,0
30692,00:29:23,113.927155,22.508305,1,0
30692,00:30:23,113.927887,22.503542,1,49
30692,00:31:23,113.928841,22.498386,1,8
30692,00:32:23,113.929413,22.495964,1,57
30692,00:33:23,113.929955,22.494017,1,38
30692,00:34:23,113.929001,22.497917,1,24
30692,00:34:45,113.929001,22.497917,1,0
30692,00:35:23,113.928146,22.502726,1,0
30692,00:36:23,113.92791,22.503878,1,50
30692,00:37:23,113.931862,22.507919,1,59
30692,00:38:23,113.936844,22.507978,1,48
30692,00:39:23,113.938644,22.507969,1,0
30692,00:40:23,113.947533,22.507643,1,47
30692,00:40:31,113.947533,22.507643,1,0
30692,00:41:23,113.94825,22.516808,1,83
30692,00:42:23,113.951218,22.523357,1,61
30692,00:43:23,113.963982,22.522676,1,86
30692,00:44:23,113.978096,22.522778,1,79
30692,00:45:23,113.989929,22.524765,1,73
30692,00:46:16,113.989929,22.524765,1,0
30692,00:46:23,114.000023,22.529837,1,75
30692,00:47:23,114.011909,22.530071,1,52
30692,00:48:23,114.016777,22.529118,1,4
30692,00:49:23,114.019005,22.52631,1,59
30692,00:51:23,114.026237,22.524685,1,3
30692,00:51:29,114.026276,22.524698,0,1
30692,00:52:00,114.026276,22.524698,0,0
30692,00:52:23,114.026604,22.524845,0,8
30692,00:53:23,114.027679,22.526604,0,14
30692,00:54:23,114.03051,22.526907,0,0
30692,00:55:23,114.03231,22.52635,0,0
30692,00:56:23,114.034897,22.527786,0,0
30692,00:57:23,114.038246,22.527397,0,0
30692,00:57:44,114.038246,22.527397,0,0
30692,00:58:23,114.041283,22.527176,0,9
30692,00:59:23,114.043205,22.527391,0,7
30692,01:00:23,114.044189,22.529806,0,25
30692,01:01:23,114.046509,22.530819,0,12
30692,01:02:23,114.046677,22.528282,0,21
30692,01:03:23,114.049431,22.527569,0,9
30692,01:03:28,114.049431,22.527569,0,0
30692,01:04:23,114.051369,22.525946,0,0
30692,01:05:23,114.050835,22.518496,0,32
30692,01:06:23,114.051491,22.511389,0,12
30692,01:07:49,114.044907,22.510735,0,0
30692,01:08:22,114.044807,22.510727,0,0
30692,01:09:12,114.044807,22.510727,0,0
30692,01:09:22,114.044807,22.510767,0,0
30692,01:10:22,114.044701,22.510809,0,0
30692,01:11:22,114.044724,22.510847,0,0
30692,01:12:22,114.044662,22.510824,0,0
30692,01:13:22,114.044647,22.510807,0,0
30692,01:14:22,114.044662,22.510815,0,0
30692,01:14:58,114.044662,22.510815,0,0
30692,01:15:22,114.044769,22.510862,0,0
30692,01:16:22,114.044746,22.510862,0,0
30692,01:17:22,114.044701,22.510845,0,0
30692,01:18:22,114.044693,22.510809,0,0
30692,01:19:22,114.044693,22.510813,0,0
30692,01:20:22,114.04464,22.510809,0,0
30692,01:20:42,114.04464,22.510809,0,0
30692,01:21:22,114.04467,22.510853,0,0
30692,01:22:22,114.044708,22.510893,0,0
30692,01:23:22,114.044708,22.510893,0,0
30692,01:25:01,114.044624,22.510935,0,0
30692,01:25:22,114.044632,22.510958,0,0
30692,01:26:22,114.044632,22.510986,0,0
30692,01:26:27,114.044632,22.510986,0,0
30692,01:27:22,114.04467,22.51104,0,0
30692,01:28:22,114.044678,22.511087,0,0
30692,01:29:22,114.044716,22.511148,0,0
30692,01:30:22,114.044724,22.511198,0,0
30692,01:31:22,114.044708,22.511164,0,0
30692,01:32:11,114.044708,22.511164,0,0
30692,01:32:22,114.044693,22.511099,0,0
30692,01:33:22,114.044701,22.511038,0,0
30692,01:34:22,114.044655,22.510967,0,0
30692,01:35:22,114.04464,22.511091,0,0
30692,01:36:22,114.044571,22.511072,0,0
30692,01:37:22,114.04454,22.511068,0,0
30692,01:37:56,114.04454,22.511068,0,0
30692,01:38:22,114.044502,22.511131,0,0
30692,01:39:22,114.04451,22.511168,0,0
30692,01:40:22,114.04451,22.511084,0,0
30692,01:41:22,114.044487,22.510992,0,0
30692,01:42:22,114.044456,22.51104,0,0
30692,01:43:22,114.044403,22.511055,0,0
30692,01:43:40,114.044403,22.511055,0,0
30692,01:44:22,114.044434,22.511019,0,0
30692,01:45:22,114.044403,22.51095,0,0
30692,01:46:22,114.044312,22.510908,0,0
30692,01:47:22,114.044258,22.511013,0,0
30692,01:47:23,114.04425,22.511019,1,2
30692,01:48:22,114.041771,22.512981,1,21
30692,01:49:22,114.040787,22.514919,1,58
30692,01:49:24,114.041771,22.512981,1,0
30692,01:50:22,114.031685,22.519323,1,40
30692,01:51:22,114.027473,22.521683,1,45
30692,01:52:22,114.025368,22.523603,1,21
30692,01:52:51,114.026283,22.524454,0,1
30692,01:53:22,114.02652,22.524754,0,0
30692,01:54:22,114.027176,22.525635,0,12
30692,01:55:10,114.027176,22.525635,0,0
30692,01:55:22,114.029373,22.527067,0,29
30692,01:56:22,114.032227,22.526411,0,10
30692,01:57:22,114.033409,22.527367,0,54
30692,01:59:22,114.043549,22.531115,0,57
30692,02:00:22,114.044632,22.533615,0,66
30692,02:00:54,114.044632,22.533615,0,0
30692,02:01:22,114.044418,22.544483,0,84
30692,02:02:22,114.044304,22.553047,0,60
30692,02:03:22,114.043945,22.556637,0,0
30692,02:04:22,114.04216,22.55991,0,70
30692,02:06:22,114.058228,22.566282,0,68
30692,02:06:38,114.058228,22.566282,0,0
30692,02:07:22,114.062157,22.569227,0,49
30692,02:08:22,114.061165,22.577183,0,52
30692,02:09:22,114.055908,22.579508,0,62
30692,02:10:22,114.051437,22.588818,0,69
30692,02:11:22,114.048622,22.595827,0,47
30692,02:12:22,114.044533,22.599842,0,20
30692,02:12:23,114.048622,22.595827,0,0
30692,02:13:04,114.044067,22.600777,0,0
30692,02:13:22,114.044029,22.600822,0,0
30692,02:14:22,114.043953,22.600801,0,0
30692,02:15:22,114.043991,22.600805,0,0
30692,02:16:22,114.0439,22.600807,0,0
30692,02:17:22,114.0438,22.600842,0,0
30692,02:18:07,114.0438,22.600842,0,0
30692,02:19:22,114.043892,22.600992,0,19
30692,02:20:22,114.044373,22.601681,0,6
30692,02:20:58,114.045189,22.600964,0,0
30692,02:21:22,114.04525,22.600971,0,0
30692,02:22:22,114.045105,22.600927,0,0
30692,02:23:22,114.04509,22.600918,0,0
30692,02:23:55,114.04509,22.600918,0,0
30692,02:24:22,114.045067,22.600901,0,0
30692,02:25:22,114.044983,22.600838,0,0
30692,02:26:22,114.044922,22.600807,0,0
30692,02:27:22,114.045044,22.600912,0,2
30692,02:28:22,114.045074,22.601048,0,0
30692,02:29:21,114.045158,22.601023,0,0
30692,02:29:22,114.045158,22.601023,0,0
30692,02:29:40,114.045158,22.601023,0,0
30692,02:30:22,114.045105,22.601086,0,0
30692,02:31:22,114.04509,22.601061,0,0
30692,02:32:22,114.046555,22.600498,0,17
30692,02:33:22,114.046837,22.600004,0,0
30692,02:34:22,114.046631,22.599836,0,7
30692,02:35:22,114.045815,22.599438,0,0
30692,02:35:24,114.046631,22.599836,0,0
30692,02:36:22,114.045792,22.599459,0,0
30692,02:37:22,114.045723,22.599363,0,9
30692,02:38:22,114.044106,22.60434,0,48
30692,02:40:22,114.032745,22.615042,0,35
30692,02:41:08,114.032745,22.615042,0,0
30692,02:41:23,114.036003,22.619926,0,63
30692,02:42:23,114.034889,22.622282,0,4
30692,02:43:23,114.032967,22.621546,0,0
30692,02:44:23,114.032845,22.621614,0,1
30692,02:45:23,114.033089,22.621395,0,1
30692,02:46:23,114.032967,22.621639,0,0
30692,02:46:52,114.032967,22.621639,0,0
30692,02:47:23,114.033188,22.621883,0,8
30692,02:48:23,114.035202,22.622072,0,23
30692,02:49:23,114.035339,22.621647,0,1
30692,02:49:55,114.035454,22.621511,0,0
30692,02:50:23,114.035522,22.621473,0,0
30692,02:51:23,114.035583,22.621397,0,0
30692,02:52:23,114.035622,22.621347,0,0
30692,02:52:37,114.035622,22.621347,0,0
30692,02:53:23,114.035583,22.621389,0,0
30692,02:54:23,114.035576,22.621456,0,0
30692,02:55:23,114.035583,22.621471,0,0
30692,02:56:23,114.035622,22.621468,0,0
30692,02:57:23,114.035721,22.621452,0,0
30692,02:58:20,114.035721,22.621452,0,0
30692,02:58:23,114.035759,22.621437,0,0
30692,02:59:23,114.035774,22.621431,0,0
30692,03:00:23,114.035751,22.621386,0,0
30692,03:01:23,114.035767,22.621403,0,0
30692,03:02:23,114.035782,22.621422,0,0
30692,03:03:23,114.035797,22.621466,0,0
30692,03:04:04,114.035797,22.621466,0,0
30692,03:04:23,114.03582,22.621485,0,0
30692,03:05:23,114.035835,22.621489,0,0
30692,03:06:23,114.035843,22.621489,0,0
30692,03:07:23,114.035851,22.621508,0,0
30692,03:08:23,114.035797,22.621532,0,0
30692,03:09:23,114.035828,22.621609,0,0
30692,03:09:48,114.035828,22.621609,0,0
30692,03:10:23,114.03582,22.621588,0,0
30692,03:11:23,114.035835,22.621569,0,0
30692,03:12:23,114.035881,22.621578,0,0
30692,03:14:23,114.035866,22.621637,0,0
30692,03:15:23,114.035835,22.621643,0,0
30692,03:15:31,114.035835,22.621643,0,0
30692,03:16:23,114.035751,22.621717,0,0
30692,03:17:23,114.035683,22.621735,0,0
30692,03:18:23,114.035645,22.621759,0,0
30692,03:19:23,114.035622,22.621748,0,0
30692,03:20:23,114.035698,22.621733,0,0
30692,03:21:15,114.035698,22.621733,0,0
30692,03:21:23,114.035767,22.621702,0,0
30692,03:22:23,114.035706,22.621744,0,0
30692,03:23:23,114.035713,22.621723,0,0
30692,03:24:23,114.035782,22.621758,0,0
30692,03:25:23,114.035851,22.62178,0,0
30692,03:26:23,114.035957,22.621777,0,0
30692,03:26:58,114.035957,22.621777,0,0
30692,03:27:23,114.036034,22.621784,0,0
30692,03:28:23,114.036064,22.621803,0,0
30692,03:29:23,114.036003,22.621861,0,0
30692,03:31:23,114.035782,22.621914,0,0
30692,03:32:23,114.035782,22.621956,0,0
30692,03:32:42,114.035782,22.621956,0,0
30692,03:33:23,114.035805,22.622023,0,0
30692,03:34:23,114.035744,22.622019,0,0
30692,03:35:23,114.03566,22.621998,0,0
30692,03:36:23,114.035599,22.621967,0,0
30692,03:37:23,114.035561,22.621933,0,0
30692,03:38:23,114.035591,22.621902,0,0
30692,03:38:27,114.035591,22.621902,0,0
30692,03:39:23,114.035645,22.621803,0,0
30692,03:40:23,114.035637,22.621794,0,0
30692,03:41:23,114.035645,22.621832,0,0
30692,03:42:23,114.035606,22.621866,0,0
30692,03:43:23,114.035614,22.621893,0,0
30692,03:44:11,114.035614,22.621893,0,0
30692,03:44:23,114.035561,22.621899,0,0
30692,03:45:23,114.03537,22.621941,0,0
30692,03:46:23,114.035378,22.621927,0,0
30692,03:48:23,114.035393,22.621895,0,0
30692,03:49:23,114.035416,22.621904,0,0
30692,03:49:55,114.035416,22.621904,0,0
30692,03:50:23,114.035423,22.621918,0,0
30692,03:51:23,114.0354,22.621872,0,0
30692,03:52:23,114.035378,22.621847,0,0
30692,03:53:23,114.035469,22.62183,0,0
30692,03:54:23,114.035622,22.621773,0,0
30692,03:55:23,114.035637,22.621841,0,0
30692,03:55:39,114.035637,22.621841,0,0
30692,03:56:23,114.035614,22.621908,0,0
30692,03:57:23,114.035538,22.621878,0,0
30692,03:58:23,114.035507,22.621849,0,0
30692,03:59:23,114.035484,22.621841,0,0
30692,04:00:23,114.035522,22.621857,0,0
30692,04:01:23,114.035507,22.621838,0,0
30692,04:01:23,114.035522,22.621857,0,0
30692,04:02:23,114.035576,22.62187,0,0
30692,04:03:23,114.035637,22.621885,0,0
30692,04:04:23,114.035545,22.621832,0,0
30692,04:05:23,114.035507,22.621845,0,0
30692,04:06:23,114.035385,22.621868,0,0
30692,04:07:07,114.035385,22.621868,0,0
30692,04:07:23,114.035355,22.621866,0,0
30692,04:08:23,114.0354,22.621845,0,0
30692,04:09:23,114.03537,22.621853,0,0
30692,04:10:23,114.03537,22.621838,0,0
30692,04:11:23,114.035439,22.62179,0,0
30692,04:12:23,114.035439,22.621813,0,0
30692,04:12:51,114.035439,22.621813,0,0
30692,04:13:23,114.035416,22.621822,0,0
30692,04:14:23,114.035408,22.62182,0,0
30692,04:15:23,114.035416,22.621769,0,0
30692,04:16:23,114.035408,22.621746,0,0
30692,04:17:23,114.035378,22.621759,0,0
30692,04:18:23,114.035324,22.621798,0,0
30692,04:18:39,114.035324,22.621798,0,0
30692,04:19:23,114.035324,22.621819,0,0
30692,04:20:23,114.035332,22.621754,0,0
30692,04:21:23,114.035301,22.621717,0,0
30692,04:22:23,114.03537,22.621778,0,0
30692,04:23:23,114.035439,22.621822,0,0
30692,04:24:22,114.035439,22.621822,0,0
30692,04:24:23,114.03537,22.621788,0,0
30692,04:25:23,114.035324,22.621822,0,0
30692,04:26:23,114.035378,22.621838,0,0
30692,04:27:23,114.035378,22.621847,0,0
30692,04:28:23,114.035301,22.621782,0,0
30692,04:29:22,114.035301,22.621782,0,0
30692,04:30:06,114.035301,22.621782,0,0
30692,04:30:22,114.035225,22.621702,0,0
30692,04:31:22,114.035172,22.621645,0,0
30692,04:32:22,114.035309,22.621767,0,0
30692,04:33:22,114.035378,22.621794,0,0
30692,04:34:22,114.035416,22.621845,0,0
30692,04:35:22,114.035316,22.621761,0,0
30692,04:35:49,114.035316,22.621761,0,0
30692,04:36:22,114.035362,22.621798,0,0
30692,04:37:22,114.035347,22.621813,0,0
30692,04:38:22,114.035324,22.621786,0,0
30692,04:39:22,114.035339,22.621807,0,0
30692,04:40:22,114.035385,22.621828,0,0
30692,04:41:22,114.0354,22.621843,0,0
30692,04:41:33,114.0354,22.621843,0,0
30692,04:42:22,114.035423,22.621862,0,0
30692,04:43:22,114.035439,22.621878,0,0
30692,04:44:22,114.0354,22.621849,0,0
30692,04:46:22,114.035316,22.621777,0,0
30692,04:47:17,114.035316,22.621777,0,0
30692,04:47:22,114.035385,22.621822,0,0
30692,04:48:22,114.035362,22.62179,0,0
30692,04:49:22,114.035347,22.621771,0,0
30692,04:50:22,114.035393,22.621792,0,0
30692,04:51:22,114.035294,22.621769,0,0
30692,04:52:22,114.035286,22.621778,0,0
30692,04:53:01,114.035286,22.621778,0,0
30692,04:53:22,114.035271,22.621773,0,0
30692,04:54:22,114.035332,22.621788,0,0
30692,04:55:22,114.035545,22.621862,0,0
30692,04:56:22,114.035622,22.621887,0,0
30692,04:57:22,114.035545,22.621859,0,0
30692,04:58:22,114.035515,22.62187,0,0
30692,04:58:44,114.035515,22.62187,0,0
30692,04:59:22,114.035561,22.621893,0,0
30692,05:00:22,114.035515,22.62187,0,0
30692,05:01:22,114.035553,22.621889,0,0
30692,05:03:22,114.0355,22.621849,0,0
30692,05:04:22,114.035538,22.621853,0,0
30692,05:04:28,114.035538,22.621853,0,0
30692,05:05:22,114.035477,22.621822,0,0
30692,05:06:22,114.035507,22.621819,0,0
30692,05:07:22,114.035515,22.621815,0,0
30692,05:08:22,114.035477,22.621788,0,0
30692,05:09:22,114.035461,22.621775,0,0
30692,05:10:12,114.035461,22.621775,0,0
30692,05:10:22,114.035423,22.621746,0,0
30692,05:11:22,114.035423,22.621738,0,0
30692,05:12:22,114.035492,22.621723,0,0
30692,05:13:22,114.035469,22.621717,0,0
30692,05:14:22,114.035431,22.621727,0,0
30692,05:15:22,114.035431,22.621717,0,0
30692,05:15:56,114.035431,22.621717,0,0
30692,05:16:22,114.035301,22.621702,0,0
30692,05:17:22,114.035355,22.621693,0,0
30692,05:18:22,114.035583,22.621702,0,0
30692,05:19:22,114.03566,22.62171,0,0
30692,05:20:22,114.035553,22.621733,0,0
30692,05:21:22,114.035568,22.621729,0,0
30692,05:21:40,114.035568,22.621729,0,0
30692,05:22:22,114.035652,22.621717,0,0
30692,05:23:22,114.035614,22.6217,0,0
30692,05:24:22,114.035606,22.621689,0,0
30692,05:25:22,114.0355,22.621689,0,0
30692,05:26:22,114.035568,22.621698,0,0
30692,05:27:22,114.035538,22.621716,0,0
30692,05:27:23,114.035568,22.621698,0,0
30692,05:28:22,114.03566,22.621641,0,0
30692,05:29:22,114.035568,22.621668,0,0
30692,05:30:22,114.035713,22.62159,0,0
30692,05:31:22,114.035645,22.621628,0,0
30692,05:32:22,114.035622,22.621664,0,0
30692,05:33:07,114.035622,22.621664,0,0
30692,05:33:22,114.035637,22.621668,0,0
30692,05:34:22,114.03566,22.621647,0,0
30692,05:35:22,114.035629,22.621658,0,0
30692,05:36:22,114.035675,22.621683,0,0
30692,05:37:22,114.035553,22.621689,0,0
30692,05:38:22,114.035767,22.621668,0,0
30692,05:38:50,114.035767,22.621668,0,0
30692,05:39:22,114.035706,22.62167,0,0
30692,05:40:22,114.035744,22.621662,0,0
30692,05:41:22,114.035774,22.621658,0,0
30692,05:42:22,114.035736,22.621664,0,0
30692,05:43:22,114.035812,22.621639,0,0
30692,05:44:22,114.03582,22.621609,0,0
30692,05:44:34,114.03582,22.621609,0,0
30692,05:45:22,114.035912,22.621559,0,0
30692,05:46:22,114.035805,22.621572,0,0
30692,05:47:22,114.035835,22.621563,0,0
30692,05:48:22,114.035835,22.621553,0,0
30692,05:49:22,114.035767,22.621557,0,0
30692,05:50:18,114.035767,22.621557,0,0
30692,05:50:22,114.035744,22.621574,0,0
30692,05:51:22,114.035805,22.621572,0,0
30692,05:52:22,114.035873,22.621555,0,0
30692,05:54:22,114.035736,22.621555,0,0
30692,05:55:22,114.035599,22.621502,0,0
30692,05:56:02,114.035599,22.621502,0,0
30692,05:56:22,114.035675,22.621552,0,0
30692,05:57:22,114.035622,22.621559,0,0
30692,05:58:22,114.035599,22.621544,0,0
30692,05:59:22,114.03566,22.621532,0,0
30692,06:00:22,114.03566,22.621548,0,0
30692,06:01:22,114.035622,22.621532,0,0
30692,06:01:45,114.035622,22.621532,0,0
30692,06:02:22,114.035645,22.621571,0,0
30692,06:03:22,114.035698,22.621552,0,0
30692,06:04:22,114.035728,22.621548,0,0
30692,06:05:22,114.035751,22.621561,0,0
30692,06:06:22,114.035774,22.621536,0,0
30692,06:07:22,114.035706,22.621548,0,0
30692,06:07:29,114.035706,22.621548,0,0
30692,06:08:22,114.035629,22.621557,0,0
30692,06:09:22,114.035843,22.621473,0,0
30692,06:11:22,114.035736,22.621508,0,0
30692,06:12:22,114.035728,22.621557,0,0
30692,06:13:13,114.035728,22.621557,0,0
30692,06:13:22,114.035645,22.621559,0,0
30692,06:14:22,114.03569,22.621555,0,0
30692,06:15:22,114.035751,22.621569,0,0
30692,06:16:22,114.035728,22.62159,0,0
30692,06:17:22,114.035629,22.621626,0,0
30692,06:18:22,114.035599,22.621584,0,0
30692,06:18:56,114.035599,22.621584,0,0
30692,06:19:22,114.035507,22.621599,0,0
30692,06:20:22,114.035484,22.621635,0,0
30692,06:21:22,114.03553,22.621641,0,0
30692,06:22:22,114.035454,22.621653,0,0
30692,06:23:22,114.035385,22.621696,0,0
30692,06:24:22,114.035416,22.621708,0,0
30692,06:24:40,114.035416,22.621708,0,0
30692,06:25:22,114.035515,22.621729,0,0
30692,06:26:22,114.035522,22.62166,0,0
30692,06:27:22,114.035385,22.621628,0,0
30692,06:28:22,114.035301,22.621557,0,0
30692,06:29:22,114.035255,22.621477,0,0
30692,06:30:22,114.035286,22.621559,0,0
30692,06:30:26,114.035286,22.621559,0,0
30692,06:31:22,114.035301,22.621634,0,0
30692,06:32:22,114.035286,22.621702,0,0
30692,06:33:22,114.035294,22.621721,0,0
30692,06:34:22,114.035271,22.621735,0,0
30692,06:35:22,114.03524,22.621759,0,0
30692,06:36:10,114.03524,22.621759,0,0
30692,06:36:22,114.035255,22.621758,0,0
30692,06:38:22,114.035294,22.621731,0,0
30692,06:39:22,114.035263,22.621721,0,0
30692,06:40:22,114.035271,22.621742,0,0
30692,06:41:22,114.035332,22.62182,0,0
30692,06:41:55,114.035332,22.62182,0,0
30692,06:42:22,114.035423,22.621962,0,0
30692,06:43:22,114.035393,22.622044,0,0
30692,06:44:22,114.035362,22.622034,0,0
30692,06:45:22,114.035446,22.622066,0,0
30692,06:46:22,114.035492,22.621964,0,0
30692,06:47:22,114.035439,22.621813,0,0
30692,06:47:38,114.035439,22.621813,0,0
30692,06:48:22,114.0354,22.621786,0,0
30692,06:49:22,114.035416,22.621798,0,0
30692,06:50:22,114.035484,22.621895,0,0
30692,06:51:22,114.035461,22.62192,0,0
30692,06:52:22,114.035477,22.621925,0,0
30692,06:53:22,114.0355,22.621967,0,0
30692,06:53:22,114.035477,22.621925,0,0
30692,06:55:22,114.03553,22.621952,0,0
30692,06:56:22,114.035561,22.621958,0,0
30692,06:57:22,114.035637,22.621984,0,0
30692,06:58:22,114.035706,22.622087,0,0
30692,06:59:05,114.035706,22.622087,0,0
30692,06:59:22,114.035622,22.621918,0,0
30692,07:00:22,114.035568,22.621872,0,1
30692,07:01:22,114.036224,22.619261,0,35
30692,07:02:22,114.040176,22.618965,0,36
30692,07:03:22,114.044342,22.62048,0,52
30692,07:04:22,114.0504,22.623634,0,51
30692,07:04:50,114.0504,22.623634,0,0
30692,07:05:22,114.052841,22.625269,0,19
30692,07:06:22,114.055458,22.624863,0,0
30692,07:07:22,114.055443,22.624874,0,0
30692,07:08:22,114.05542,22.624895,0,0
30692,07:08:58,114.055443,22.624851,1,2
30692,07:09:22,114.055595,22.62344,1,43
30692,07:10:22,114.055679,22.619673,1,0
30692,07:10:34,114.055679,22.619673,1,0
30692,07:11:22,114.055672,22.619488,1,0
30692,07:11:44,114.055672,22.619509,0,0
30692,07:12:22,114.055672,22.619495,0,0
30692,07:13:22,114.055725,22.617264,0,21
30692,07:14:22,114.05497,22.61166,0,41
30692,07:15:22,114.050636,22.604891,0,47
30692,07:16:19,114.050636,22.604891,0,0
30692,07:16:22,114.045273,22.603905,0,52
30692,07:17:22,114.039314,22.606768,0,49
30692,07:18:22,114.040878,22.608759,0,26
30692,07:19:22,114.039063,22.613832,0,36
30692,07:20:22,114.040733,22.617638,0,35
30692,07:22:03,114.040787,22.61903,0,0
30692,07:22:22,114.042892,22.620178,0,47
30692,07:23:22,114.048569,22.621914,0,11
30692,07:24:22,114.04847,22.621874,0,0
30692,07:25:22,114.048447,22.621889,0,0
30692,07:26:22,114.048462,22.62187,0,0
30692,07:27:22,114.048454,22.62195,0,0
30692,07:27:47,114.048454,22.62195,0,0
30692,07:28:22,114.048447,22.621965,0,0
30692,07:29:22,114.048439,22.621885,0,0
30692,07:29:27,114.048378,22.621847,1,9
30692,07:30:22,114.044128,22.620518,1,64
30692,07:31:22,114.040359,22.619099,1,36
30692,07:32:22,114.038132,22.617992,1,0
30692,07:33:22,114.038132,22.617979,1,0
30692,07:33:32,114.038132,22.617979,1,0
30692,07:34:22,114.03537,22.616564,1,36
30692,07:35:22,114.03373,22.615627,1,0
30692,07:36:22,114.032234,22.614876,1,26
30692,07:37:22,114.028175,22.614359,1,45
30692,07:39:17,114.025803,22.616577,1,0
30692,07:39:22,114.017776,22.612589,1,80
30692,07:40:22,114.009247,22.604609,1,79
30692,07:41:22,114.003044,22.599524,1,38
30692,07:42:22,113.993866,22.594891,1,65
30692,07:43:22,113.984291,22.595058,1,56
30692,07:44:22,113.982193,22.593704,1,0
30692,07:45:02,113.982193,22.593704,1,0
30692,07:45:22,113.980865,22.592138,1,28
30692,07:46:22,113.978622,22.58984,1,21
30692,07:47:22,113.978012,22.589685,1,0
30692,07:48:22,113.97776,22.588058,1,1
30692,07:49:22,113.973015,22.587236,1,37
30692,07:50:22,113.971062,22.586475,1,45
30692,07:50:46,113.971062,22.586475,1,0
30692,07:51:22,113.962959,22.585484,1,60
30692,07:52:22,113.961182,22.585205,1,0
30692,07:53:21,113.957153,22.58411,1,16
30692,07:54:22,113.956558,22.583961,1,5
30692,07:56:21,113.955368,22.583853,1,17
30692,07:56:30,113.955368,22.583853,1,0
30692,07:57:21,113.954865,22.583857,1,0
30692,07:58:21,113.95401,22.583824,1,0
30692,07:59:21,113.953896,22.583828,1,2
30692,08:00:21,113.95369,22.583834,1,0
30692,08:01:21,113.953491,22.583807,1,0
30692,08:02:14,113.953491,22.583807,1,0
30692,08:02:21,113.953415,22.583788,1,0
30692,08:03:21,113.953423,22.583784,1,0
30692,08:04:21,113.953209,22.583775,1,3
30692,08:05:21,113.95269,22.583788,1,0
30692,08:06:21,113.95266,22.583801,1,0
30692,08:07:21,113.95266,22.583796,1,0
30692,08:07:57,113.95266,22.583796,1,0
30692,08:08:21,113.952362,22.583773,1,12
30692,08:09:21,113.951859,22.583878,1,0
30692,08:10:21,113.95166,22.583912,1,0
30692,08:11:21,113.951614,22.584097,1,0
30692,08:12:21,113.950592,22.583992,1,0
30692,08:13:21,113.95063,22.58382,1,0
30692,08:13:41,113.95063,22.58382,1,0
30692,08:14:21,113.950661,22.583813,1,0
30692,08:15:21,113.950638,22.583788,1,0
30692,08:16:21,113.950638,22.583755,1,0
30692,08:17:21,113.949982,22.583769,1,0
30692,08:18:21,113.949913,22.583824,1,0
30692,08:19:21,113.949921,22.583811,1,0
30692,08:19:25,113.950638,22.583755,1,0
30692,08:20:21,113.946335,22.583666,1,27
30692,08:21:21,113.936874,22.583561,1,44
30692,08:22:21,113.933395,22.583448,1,0
30692,08:23:21,113.932976,22.583439,1,8
30692,08:24:21,113.932884,22.583443,1,0
30692,08:25:10,113.932884,22.583443,1,0
30692,08:25:21,113.932442,22.582495,1,22
30692,08:25:58,113.929764,22.581532,0,1
30692,08:26:21,113.929939,22.581551,0,21
30692,08:27:21,113.933479,22.583284,0,42
30692,08:28:21,113.938828,22.583391,0,0
30692,08:29:21,113.939377,22.583387,0,0
30692,08:29:36,113.939529,22.583397,1,16
30692,08:30:21,113.943222,22.582212,1,47
30692,08:30:54,113.943222,22.582212,1,0
30692,08:31:21,113.943253,22.578688,1,0
30692,08:33:21,113.943298,22.575455,1,0
30692,08:34:21,113.943405,22.571762,1,0
30692,08:35:21,113.947021,22.571348,1,32
30692,08:36:21,113.94915,22.571276,1,0
30692,08:36:38,113.94915,22.571276,1,0
30692,08:37:21,113.949623,22.571226,1,0
30692,08:38:21,113.952591,22.565866,1,71
30692,08:39:21,113.952812,22.563841,1,19
30692,08:40:21,113.952797,22.556658,1,74
30692,08:41:21,113.953285,22.550022,1,18
30692,08:42:21,113.9505,22.550905,1,14
30692,08:42:22,113.953285,22.550022,1,0
30692,08:43:21,113.948898,22.55057,1,1
30692,08:44:21,113.946892,22.550657,1,7
30692,08:45:21,113.945076,22.552908,1,19
30692,08:45:37,113.944328,22.552958,0,1
30692,08:47:21,113.941811,22.551292,0,29
30692,08:48:10,113.941811,22.551292,0,0
30692,08:48:21,113.943428,22.54903,0,19
30692,08:49:21,113.945854,22.549419,0,22
30692,08:50:21,113.948723,22.550919,0,18
30692,08:51:21,113.94883,22.555603,0,27
30692,08:52:21,113.956963,22.556087,0,44
30692,08:53:21,113.958939,22.555679,0,0
30692,08:53:54,113.958939,22.555679,0,0
30692,08:54:21,113.958954,22.55571,0,0
30692,08:55:21,113.960899,22.555676,0,50
30692,08:56:21,113.961617,22.555367,0,49
30692,08:57:21,113.960922,22.563402,0,43
30692,08:58:21,113.960411,22.564447,0,14
30692,08:59:21,113.955635,22.566078,0,32
30692,08:59:38,113.955635,22.566078,0,0
30692,09:00:21,113.952538,22.570812,0,16
30692,09:01:21,113.955582,22.571012,0,0
30692,09:02:21,113.955605,22.57102,0,0
30692,09:02:27,113.95562,22.571075,1,6
30692,09:03:21,113.952477,22.571463,1,0
30692,09:04:21,113.952438,22.571465,1,1
30692,09:05:21,113.952438,22.571465,1,0
30692,09:05:21,113.950745,22.571527,1,7
30692,09:06:21,113.951851,22.56757,1,53
30692,09:07:21,113.952835,22.564983,1,0
30692,09:08:21,113.952881,22.563494,1,33
30692,09:09:21,113.952675,22.559816,1,15
30692,09:10:21,113.950661,22.556673,1,33
30692,09:11:06,113.950661,22.556673,1,0
30692,09:11:21,113.945923,22.555496,1,49
30692,09:12:21,113.937096,22.555529,1,62
30692,09:13:21,113.926338,22.555307,1,62
30692,09:14:21,113.915535,22.555271,1,71
30692,09:15:21,113.907883,22.552107,1,36
30692,09:16:21,113.902893,22.558399,1,65
30692,09:16:52,113.902893,22.558399,1,0
30692,09:17:21,113.894753,22.564808,1,60
30692,09:18:21,113.88868,22.571304,1,50
30692,09:19:21,113.882278,22.577244,1,59
30692,09:20:21,113.878204,22.581282,1,8
30692,09:21:03,113.878876,22.582323,0,0
30692,09:21:21,113.878937,22.582348,0,0
30692,09:22:21,113.879173,22.582533,0,6
30692,09:22:37,113.879173,22.582533,0,0
30692,09:23:21,113.876854,22.584955,0,17
30692,09:24:21,113.875801,22.586084,0,0
30692,09:25:21,113.874924,22.585457,0,1
30692,09:25:46,113.874016,22.585882,1,23
30692,09:26:21,113.873047,22.586891,1,12
30692,09:27:21,113.872581,22.588734,1,28
30692,09:28:21,113.873512,22.585978,1,62
30692,09:28:23,113.873512,22.585978,1,0
30692,09:29:21,113.880699,22.578552,1,60
30692,09:30:21,113.888359,22.571491,1,66
30692,09:31:21,113.89444,22.564898,1,47
30692,09:32:21,113.901932,22.559042,1,57
30692,09:33:21,113.90493,22.554068,1,33
30692,09:34:09,113.901932,22.559042,1,0
30692,09:34:21,113.907219,22.551069,1,53
30692,09:35:21,113.912186,22.553112,1,26
30692,09:36:21,113.918518,22.555546,1,43
30692,09:37:21,113.927078,22.555162,1,75
30692,09:37:23,113.918518,22.555546,1,0
30692,09:37:41,113.927078,22.555162,1,0
30692,09:38:21,113.936684,22.555138,1,60
30692,09:39:21,113.939453,22.554949,1,0
30692,09:39:54,113.939453,22.554949,1,0
30692,09:40:21,113.939629,22.554951,1,6
30692,09:41:21,113.940384,22.552935,1,22
30692,09:42:11,113.940346,22.550114,0,0
30692,09:42:21,113.940353,22.550058,0,0
30692,09:43:21,113.938927,22.549679,0,43
30692,09:44:21,113.936005,22.54718,0,17
30692,09:45:21,113.931404,22.546972,0,33
30692,09:45:40,113.931404,22.546972,0,0
30692,09:46:21,113.930901,22.544598,0,18
30692,09:47:21,113.930885,22.544188,0,1
30692,09:48:12,113.930885,22.544188,0,0
30692,09:48:21,113.930672,22.542921,0,14
30692,09:48:35,113.930672,22.542921,0,0
30692,09:49:21,113.926689,22.543802,0,15
30692,09:50:21,113.927032,22.539957,0,38
30692,09:51:21,113.926155,22.533712,0,44
30692,09:51:25,113.926155,22.533712,0,0
30692,09:52:21,113.924515,22.53054,0,1
30692,09:53:21,113.924454,22.524729,0,56
30692,09:54:21,113.923439,22.522417,0,18
30692,09:55:21,113.923752,22.523932,0,0
30692,09:55:59,113.923996,22.523775,1,8
30692,09:56:21,113.923973,22.523302,1,27
30692,09:57:11,113.923973,22.523302,1,0
30692,09:58:21,113.918488,22.52438,1,0
30692,09:58:58,113.918488,22.52438,1,0
30692,09:59:21,113.91835,22.524385,1,0
30692,10:00:21,113.918495,22.526541,1,0
30692,10:01:21,113.918625,22.526562,1,0
30692,10:02:21,113.919411,22.53002,1,24
30692,10:02:58,113.919411,22.53002,1,0
30692,10:03:21,113.919479,22.530479,1,26
30692,10:04:21,113.919991,22.534822,1,63
30692,10:05:21,113.919731,22.538378,1,0
30692,10:06:21,113.919128,22.542747,1,1
30692,10:07:21,113.919151,22.542728,1,0
30692,10:08:21,113.914352,22.543835,1,38
30692,10:08:44,113.914352,22.543835,1,0
30692,10:09:21,113.90934,22.549097,1,63
30692,10:10:21,113.907295,22.554615,1,46
30692,10:11:21,113.907547,22.558348,1,37
30692,10:12:21,113.90937,22.561956,1,54
30692,10:13:22,113.908905,22.564631,1,24
30692,10:13:29,113.909081,22.564512,0,0
30692,10:14:31,113.909164,22.564447,0,0
30692,10:15:22,113.909012,22.566507,0,22
30692,10:16:22,113.907326,22.565029,0,51
30692,10:17:22,113.906944,22.564714,0,0
30692,10:18:22,113.90696,22.564743,0,0
30692,10:18:59,113.906349,22.564274,1,15
30692,10:19:22,113.905022,22.563047,1,36
30692,10:20:16,113.905022,22.563047,1,0
30692,10:20:22,113.905022,22.563047,1,0
30692,10:20:38,113.900078,22.558695,1,0
30692,10:21:22,113.899864,22.558361,1,47
30692,10:22:22,113.904785,22.555853,1,47
30692,10:23:22,113.907143,22.552177,1,39
30692,10:24:22,113.911201,22.552526,1,33
30692,10:25:22,113.919884,22.555574,1,60
30692,10:26:00,113.919884,22.555574,1,0
30692,10:26:22,113.931107,22.555174,1,69
30692,10:27:22,113.941154,22.555178,1,51
30692,10:28:22,113.949936,22.555937,1,31
30692,10:29:22,113.953835,22.55085,1,66
30692,10:30:22,113.953354,22.540747,1,66
30692,10:31:07,113.953354,22.540747,1,0
30692,10:31:46,113.949951,22.533756,1,0
30692,10:32:22,113.949509,22.527748,1,41
30692,10:33:22,113.948677,22.521044,1,54
30692,10:34:22,113.946884,22.510715,1,69
30692,10:35:22,113.942474,22.507977,1,10
30692,10:36:22,113.943184,22.506447,1,0
30692,10:36:24,113.943184,22.506447,0,0
30692,10:37:22,113.944199,22.507338,0,36
30692,10:37:32,113.943184,22.506447,0,0
30692,10:38:22,113.945938,22.506689,0,23
30692,10:39:22,113.944794,22.507973,0,50
30692,10:40:22,113.945641,22.507925,0,0
30692,10:41:22,113.945313,22.50819,0,41
30692,10:41:58,113.945313,22.50819,0,0
30692,10:42:22,113.939636,22.508205,0,0
30692,10:43:18,113.939636,22.508205,0,0
30692,10:43:22,113.936928,22.508215,0,0
30692,10:44:22,113.934509,22.508205,0,60
30692,10:49:04,113.934509,22.508205,0,0
30692,10:50:22,113.925446,22.508011,1,50
30692,10:51:22,113.919151,22.507883,1,0
30692,10:52:22,113.919151,22.507854,1,0
30692,10:52:32,113.934509,22.508205,0,0
30692,10:53:22,113.915329,22.510525,1,26
30692,10:54:22,113.911385,22.514982,1,0
30692,10:54:50,113.911385,22.514982,1,0
30692,10:55:22,113.91127,22.515177,1,23
30692,10:56:22,113.908699,22.514994,1,0
30692,10:57:22,113.908577,22.514853,1,18
30692,10:58:22,113.905113,22.515766,1,13
30692,10:59:22,113.90197,22.514935,1,27
30692,11:00:22,113.899834,22.512852,1,25
30692,11:00:36,113.899834,22.512852,1,0
30692,11:01:22,113.895958,22.509851,1,0
30692,11:02:22,113.895218,22.508064,1,30
30692,11:03:22,113.896469,22.504244,1,0
30692,11:03:37,113.896477,22.504213,0,0
30692,11:04:22,113.8965,22.504148,0,1
30692,11:05:22,113.895821,22.506735,0,43
30692,11:06:22,113.89621,22.509916,0,37
30692,11:06:24,113.89621,22.509916,0,0
30692,11:07:22,113.899857,22.512894,0,0
30692,11:08:22,113.903145,22.516006,0,11
30692,11:09:21,113.908005,22.514902,0,47
30692,11:10:21,113.908592,22.515343,0,0
30692,11:10:58,113.908646,22.515408,1,14
30692,11:11:21,113.90921,22.517452,1,49
30692,11:12:09,113.90921,22.517452,1,0
30692,11:12:21,113.914505,22.518375,1,25
30692,11:13:21,113.919945,22.519329,1,28
30692,11:14:04,113.919945,22.519329,1,0
30692,11:14:21,113.921669,22.518145,1,0
30692,11:14:25,113.921669,22.518145,1,0
30692,11:16:21,113.924561,22.524736,1,61
30692,11:17:21,113.926651,22.5345,1,53
30692,11:17:53,113.926651,22.5345,1,0
30692,11:18:21,113.927086,22.541248,1,24
30692,11:19:21,113.928375,22.548145,1,37
30692,11:20:21,113.932716,22.549217,1,51
30692,11:21:21,113.933655,22.548635,1,29
30692,11:21:54,113.933563,22.548033,0,0
30692,11:22:21,113.933548,22.548016,0,0
30692,11:23:21,113.936562,22.547146,0,40
30692,11:23:37,113.936562,22.547146,0,0
30692,11:24:21,113.93763,22.546093,0,0
30692,11:24:35,113.937637,22.546097,0,0
30692,11:25:21,113.937645,22.54612,0,0
30692,11:26:21,113.93763,22.546141,0,0
30692,11:27:21,113.937614,22.54616,0,0
30692,11:28:21,113.937607,22.546162,0,0
30692,11:29:21,113.93763,22.546141,0,0
30692,11:29:21,113.93763,22.546181,0,0
30692,11:30:21,113.937599,22.546177,0,0
30692,11:31:21,113.937599,22.546158,0,0
30692,11:32:21,113.937599,22.546158,0,0
30692,11:33:21,113.937576,22.546144,0,0
30692,11:34:21,113.937569,22.546167,0,0
30692,11:35:05,113.937569,22.546167,0,0
30692,11:35:29,113.937569,22.546167,0,0
30692,11:38:21,113.937592,22.546124,0,0
30692,11:39:21,113.939949,22.546133,0,36
30692,11:40:16,113.940552,22.544352,1,22
30692,11:40:50,113.940559,22.54398,1,0
30692,11:41:21,113.940399,22.541557,1,26
30692,11:42:21,113.936745,22.538387,1,32
30692,11:43:21,113.934929,22.533632,1,64
30692,11:44:21,113.930344,22.528263,1,0
30692,11:45:21,113.930229,22.528006,1,27
30692,11:46:21,113.927773,22.52104,1,0
30692,11:46:34,113.927773,22.52104,1,0
30692,11:47:21,113.927605,22.51741,1,40
30692,11:48:21,113.927399,22.511038,1,52
30692,11:49:21,113.927185,22.508272,1,19
30692,11:50:21,113.927956,22.502972,1,21
30692,11:51:21,113.927635,22.497673,1,35
30692,11:52:18,113.927635,22.497673,1,0
30692,11:52:21,113.925217,22.497614,1,13
30692,11:52:59,113.925705,22.495663,0,0
30692,11:53:21,113.925659,22.495541,0,0
30692,11:54:20,113.925797,22.495113,1,14
30692,11:54:21,113.925774,22.495148,1,16
30692,11:55:21,113.925011,22.497482,1,0
30692,11:56:21,113.924706,22.500513,1,7
30692,11:57:01,113.924706,22.500513,1,0
30692,11:57:21,113.924004,22.505465,1,34
30692,11:58:02,113.924004,22.505465,1,0
30692,11:58:21,113.923744,22.507212,1,0
30692,11:59:21,113.921768,22.507893,1,0
30692,12:00:21,113.91909,22.507874,1,0
30692,12:01:21,113.918991,22.507885,1,15
30692,12:02:21,113.915627,22.510321,1,0
30692,12:03:21,113.91346,22.512247,1,42
30692,12:03:45,113.91346,22.512247,1,0
30692,12:04:21,113.9114,22.515011,1,0
30692,12:05:21,113.90905,22.516911,1,51
30692,12:06:03,113.910583,22.518562,0,0
30692,12:06:21,113.910599,22.518566,0,0
30692,12:06:31,113.910622,22.518587,1,7
30692,12:07:21,113.913033,22.520647,1,0
30692,12:07:49,113.913033,22.520647,1,0
30692,12:08:08,113.91449,22.523968,0,46
30692,12:08:21,113.914589,22.525297,0,38
30692,12:09:21,113.914314,22.526697,0,28
30692,12:09:29,113.914589,22.525297,0,0
30692,12:10:21,113.910301,22.525801,0,22
30692,12:10:48,113.911522,22.525888,1,11
30692,12:11:21,113.912811,22.526392,1,36
30692,12:12:21,113.910362,22.529791,1,37
30692,12:13:21,113.910355,22.530573,1,0
30692,12:14:21,113.910431,22.534479,1,40
30692,12:15:16,113.910431,22.534479,1,0
30692,12:15:21,113.910324,22.538553,1,62
30692,12:17:21,113.909821,22.54434,1,0
30692,12:18:21,113.903313,22.545265,1,72
30692,12:18:24,113.909821,22.54434,1,0
30692,12:19:21,113.895386,22.553432,1,77
30692,12:20:21,113.887779,22.560747,1,41
30692,12:21:01,113.887779,22.560747,1,0
30692,12:21:21,113.886543,22.561913,1,41
30692,12:22:21,113.883858,22.564587,1,5
30692,12:23:21,113.877335,22.570208,1,68
30692,12:24:21,113.872139,22.574207,1,70
30692,12:25:21,113.869102,22.576328,1,0
30692,12:26:21,113.864174,22.580359,1,39
30692,12:26:46,113.864174,22.580359,1,0
30692,12:27:21,113.86541,22.582588,1,0
30692,12:28:21,113.865463,22.582642,1,12
30692,12:29:10,113.865463,22.582642,1,0
30692,12:29:21,113.872002,22.587481,1,62
30692,12:29:30,113.872002,22.587481,1,0
30692,12:30:21,113.87748,22.59178,1,0
30692,12:31:21,113.878235,22.593454,1,6
30692,12:31:34,113.878387,22.593554,0,0
30692,12:32:21,113.878365,22.593567,0,0
30692,12:32:32,113.878387,22.593554,0,0
30692,12:33:21,113.877678,22.593275,0,30
30692,12:34:21,113.873573,22.589062,0,68
30692,12:35:21,113.872238,22.587248,0,4
30692,12:36:21,113.872841,22.586449,0,8
30692,12:37:21,113.873688,22.585503,0,31
30692,12:38:17,113.873688,22.585503,0,0
30692,12:38:21,113.877533,22.581285,0,41
30692,12:39:21,113.880074,22.578808,0,25
30692,12:39:56,113.880074,22.578808,0,0
30692,12:40:21,113.880905,22.577953,0,9
30692,12:41:21,113.885468,22.573811,0,40
30692,12:42:21,113.889801,22.5697,0,15
30692,12:44:07,113.895203,22.563995,0,0
30692,12:44:21,113.900101,22.560242,0,28
30692,12:44:58,113.900894,22.559669,1,6
30692,12:45:21,113.902054,22.558722,1,34
30692,12:46:21,113.906075,22.553408,1,42
30692,12:47:21,113.909576,22.546377,1,55
30692,12:48:21,113.909904,22.544558,1,19
30692,12:49:21,113.918015,22.543098,1,59
30692,12:49:52,113.918015,22.543098,1,0
30692,12:50:21,113.92617,22.542698,1,70
30692,12:50:48,113.92617,22.542698,1,0
30692,12:51:21,113.937843,22.542715,1,70
30692,12:52:21,113.941757,22.543106,1,48
30692,12:53:21,113.935471,22.542969,1,39
30692,12:54:21,113.936157,22.544163,1,6
30692,12:54:27,113.936195,22.544212,0,0
30692,12:55:21,113.935043,22.544613,0,9
30692,12:55:38,113.936195,22.544212,0,0
30692,12:56:21,113.934715,22.544046,0,0
30692,12:57:21,113.934837,22.543087,0,14
30692,12:58:21,113.93074,22.543873,0,25
30692,12:59:21,113.929672,22.544254,0,0
30692,13:00:11,113.929993,22.544067,1,9
30692,13:00:21,113.930466,22.544067,1,27
30692,13:01:21,113.92598,22.543657,1,45
30692,13:01:22,113.930466,22.544067,1,0
30692,13:01:23,113.930466,22.544067,1,0
30692,13:01:36,113.92598,22.543657,1,0
30692,13:02:21,113.927101,22.53636,1,61
30692,13:03:21,113.92363,22.529713,1,9
30692,13:03:24,113.92363,22.529716,0,1
30692,13:04:21,113.923401,22.529711,0,15
30692,13:05:21,113.922829,22.52747,0,22
30692,13:06:21,113.923195,22.529179,0,0
30692,13:07:07,113.923195,22.529179,0,0
30692,13:07:21,113.923172,22.533035,0,34
30692,13:08:21,113.923195,22.534815,0,0
30692,13:09:21,113.926369,22.535391,0,0
30692,13:10:21,113.927216,22.538177,0,47
30692,13:11:06,113.927299,22.541725,0,0
30692,13:11:21,113.927315,22.541746,0,0
30692,13:12:06,113.927315,22.541746,0,0
30692,13:12:21,113.92733,22.541794,0,0
30692,13:12:52,113.92733,22.541794,0,0
30692,13:13:21,113.927299,22.541803,0,0
30692,13:14:21,113.926949,22.540113,0,38
30692,13:15:21,113.925629,22.535383,0,14
30692,13:16:21,113.926086,22.533958,0,50
30692,13:18:21,113.92337,22.529665,0,0
30692,13:18:38,113.92337,22.529665,0,0
30692,13:19:12,113.923042,22.528769,1,6
30692,13:19:21,113.923088,22.528997,1,17
30692,13:20:21,113.923103,22.529566,1,0
30692,13:21:21,113.923866,22.527227,1,34
30692,13:22:21,113.931396,22.524612,1,76
30692,13:23:21,113.943871,22.524248,1,68
30692,13:24:21,113.948158,22.517668,1,77
30692,13:24:22,113.943871,22.524248,1,0
30692,13:25:21,113.945068,22.508223,1,57
30692,13:26:01,113.942406,22.507189,0,5
30692,13:26:21,113.942406,22.507174,0,0
30692,13:27:21,113.945282,22.507339,0,22
30692,13:28:21,113.945084,22.507078,0,0
30692,13:29:21,113.945091,22.506767,0,0
30692,13:30:07,113.945091,22.506767,0,0
30692,13:30:21,113.944931,22.506687,0,0
30692,13:31:21,113.944771,22.507141,0,0
30692,13:32:21,113.944794,22.506655,0,0
30692,13:33:21,113.944977,22.50654,0,1
30692,13:35:21,113.943504,22.507957,1,42
30692,13:35:52,113.943504,22.507957,1,0
30692,13:36:21,113.946648,22.502552,1,0
30692,13:37:21,113.946526,22.4946,1,50
30692,13:38:21,113.943108,22.490295,1,54
30692,13:39:21,113.934898,22.485769,1,17
30692,13:40:20,113.934425,22.485437,1,35
30692,13:41:31,113.929878,22.484978,1,28
30692,13:41:38,113.934425,22.485437,1,0
30692,13:42:31,113.926331,22.486275,1,0
30692,13:43:31,113.919708,22.488516,1,2
30692,13:44:15,113.919708,22.488516,1,0
30692,13:44:31,113.919441,22.489397,1,9
30692,13:45:12,113.919708,22.490599,0,0
30692,13:45:31,113.919739,22.49095,0,21
30692,13:45:41,113.91993,22.49151,1,24
30692,13:46:31,113.920235,22.492462,1,21
30692,13:47:23,113.920235,22.492462,1,0
30692,13:47:31,113.919983,22.495605,1,1
30692,13:48:31,113.919891,22.501118,1,36
30692,13:49:31,113.91732,22.503559,1,31
30692,13:50:31,113.918716,22.507204,1,0
30692,13:51:31,113.918915,22.507898,1,31
30692,13:51:46,113.91925,22.508644,0,0
30692,13:52:31,113.920105,22.510757,0,0
30692,13:53:08,113.91925,22.508644,0,0
30692,13:53:31,113.920639,22.512012,0,34
30692,13:54:30,113.921967,22.515932,1,8
30692,13:54:31,113.921967,22.515955,1,9
30692,13:55:04,113.921967,22.515955,1,0
30692,13:55:31,113.922073,22.517084,1,0
30692,13:56:31,113.922165,22.517635,1,0
30692,13:57:31,113.922615,22.519539,1,44
30692,13:58:31,113.92453,22.526669,1,61
30692,13:58:53,113.92453,22.526669,1,0
30692,13:59:31,113.925957,22.533205,1,50
30692,14:00:31,113.927101,22.541695,1,55
30692,14:01:31,113.928497,22.548326,1,28
30692,14:01:48,113.929428,22.548998,0,17
30692,14:02:31,113.930817,22.549183,0,0
30692,14:03:31,113.930847,22.547382,0,49
30692,14:04:31,113.929817,22.544128,0,12
30692,14:04:38,113.929817,22.544128,0,0
30692,14:05:31,113.92868,22.544081,0,3
30692,14:05:52,113.92868,22.544081,0,0
30692,14:06:31,113.928452,22.545404,0,24
30692,14:07:20,113.928146,22.545603,1,17
30692,14:07:31,113.9291,22.545662,1,36
30692,14:08:31,113.933189,22.545527,1,3
30692,14:09:31,113.938599,22.546152,1,36
30692,14:10:25,113.938599,22.546152,1,0
30692,14:10:31,113.940407,22.546148,1,26
30692,14:11:31,113.944565,22.54563,1,37
30692,14:12:31,113.944962,22.541092,1,45
30692,14:13:12,113.945,22.537075,0,5
30692,14:13:31,113.945007,22.537058,0,0
30692,14:14:31,113.942734,22.535831,0,50
30692,14:15:31,113.941872,22.539251,0,0
30692,14:15:54,113.941917,22.539248,1,9
30692,14:16:09,113.941872,22.539251,0,0
30692,14:16:23,113.941872,22.539251,0,0
30692,14:16:31,113.944756,22.539343,1,0
30692,14:16:44,113.944756,22.539343,1,0
30692,14:17:31,113.948837,22.539379,1,0
30692,14:18:31,113.952805,22.539331,1,59
30692,14:19:31,113.959259,22.543156,1,29
30692,14:20:31,113.959396,22.543163,1,0
30692,14:21:31,113.962944,22.542114,1,35
30692,14:21:53,113.962944,22.542114,1,0
30692,14:22:31,113.967682,22.540335,1,82
30692,14:23:31,113.976944,22.536537,1,58
30692,14:24:31,113.97966,22.535894,1,4
30692,14:24:41,113.979706,22.535868,0,4
30692,14:25:31,113.980415,22.536077,0,17
30692,14:26:31,113.985435,22.536076,0,39
30692,14:27:09,113.985435,22.536076,0,0
30692,14:27:31,113.990807,22.535246,0,27
30692,14:27:38,113.990807,22.535246,0,0
30692,14:28:31,113.993202,22.531382,0,0
30692,14:29:31,113.993248,22.531378,0,0
30692,14:30:31,113.994118,22.534298,0,36
30692,14:31:31,113.996643,22.534678,0,20
30692,14:32:31,114.002411,22.535805,0,0
30692,14:33:22,114.002411,22.535805,0,0
30692,14:33:31,114.002419,22.535803,0,0
30692,14:34:31,114.003014,22.535908,0,21
30692,14:35:24,114.002129,22.537415,0,0
30692,14:35:31,114.002121,22.537409,0,0
30692,14:36:31,114.002014,22.537371,0,0
30692,14:37:31,114.001938,22.537371,0,0
30692,14:37:59,113.966568,22.573933,1,0
30692,14:38:31,114.00145,22.537247,0,20
30692,14:39:06,114.00145,22.537247,0,0
30692,14:39:31,114.002296,22.538733,0,12
30692,14:40:31,114.002808,22.537197,0,25
30692,14:41:31,114.00296,22.536526,0,1
30692,14:42:07,114.003792,22.535831,1,11
30692,14:42:31,114.00621,22.536276,1,53
30692,14:43:31,114.011597,22.534742,1,22
30692,14:44:32,114.012169,22.529652,1,45
30692,14:44:53,114.012169,22.529652,1,0
30692,14:45:32,114.017967,22.531713,1,48
30692,14:46:32,114.025131,22.531078,1,42
30692,14:47:32,114.030449,22.527199,1,39
30692,14:48:32,114.030449,22.527199,1,0
30692,14:49:08,114.028793,22.526608,0,5
30692,14:49:32,114.028435,22.526648,0,2
30692,14:50:18,114.029137,22.526854,1,8
30692,14:50:32,114.029884,22.527042,1,26
30692,14:50:40,114.029137,22.526854,1,0
30692,14:51:32,114.032234,22.52652,1,11
30692,14:53:32,114.042793,22.531191,1,63
30692,14:54:32,114.053093,22.53154,1,70
30692,14:55:32,114.064003,22.531614,1,66
30692,14:56:24,114.064003,22.531614,1,0
30692,14:56:32,114.071281,22.531677,1,17
30692,14:57:32,114.076241,22.531757,1,10
30692,14:58:32,114.07798,22.532621,1,15
30692,14:59:18,114.07798,22.532621,1,0
30692,14:59:32,114.079308,22.535223,1,20
30692,14:59:39,114.079308,22.535223,1,0
30692,15:00:32,114.084854,22.537418,1,66
30692,15:01:32,114.094292,22.538069,1,53
30692,15:02:08,114.094292,22.538069,1,0
30692,15:02:32,114.098732,22.538088,1,22
30692,15:03:32,114.101631,22.538157,1,3
30692,15:04:32,114.102699,22.538168,1,0
30692,15:05:32,114.103539,22.538074,1,15
30692,15:06:32,114.104843,22.537621,1,9
30692,15:07:32,114.10627,22.537024,1,21
30692,15:07:52,114.10627,22.537024,1,0
30692,15:09:57,114.10627,22.537024,1,0
30692,15:10:32,114.116364,22.535927,1,0
30692,15:11:32,114.115952,22.535603,1,6
30692,15:12:32,114.115341,22.53513,1,1
30692,15:13:32,114.114929,22.534847,1,1
30692,15:13:36,114.114929,22.534847,1,0
30692,15:15:32,114.112793,22.53447,1,1
30692,15:16:22,114.112923,22.534485,0,2
30692,15:16:32,114.113022,22.534363,0,4
30692,15:17:24,114.113136,22.53409,1,1
30692,15:17:32,114.113174,22.5341,1,3
30692,15:18:32,114.11705,22.536489,1,54
30692,15:19:20,114.113174,22.5341,1,0
30692,15:19:32,114.117783,22.539803,1,38
30692,15:20:32,114.110985,22.537958,1,63
30692,15:21:32,114.101448,22.538219,1,66
30692,15:23:32,114.080597,22.537054,1,39
30692,15:24:32,114.076958,22.532221,1,46
30692,15:25:06,114.076958,22.532221,1,0
30692,15:25:32,114.068886,22.531866,1,73
30692,15:27:32,114.063004,22.52676,1,4
30692,15:28:32,114.062927,22.523932,1,49
30692,15:29:32,114.061783,22.52187,1,0
30692,15:30:32,114.059685,22.520452,1,0
30692,15:30:50,114.059685,22.520452,1,0
30692,15:31:32,114.05658,22.519463,1,26
30692,15:31:45,114.05658,22.519463,1,0
30692,15:32:32,114.056664,22.523207,1,8
30692,15:33:08,114.057632,22.524113,0,0
30692,15:33:32,114.057739,22.5243,0,1
30692,15:34:32,114.058037,22.524399,0,6
30692,15:35:32,114.058578,22.525726,0,16
30692,15:36:32,114.059425,22.52635,0,0
30692,15:36:34,114.058578,22.525726,0,0
30692,15:36:55,114.059448,22.526276,1,8
30692,15:37:32,114.059647,22.525612,1,11
30692,15:38:32,114.060173,22.524025,1,0
30692,15:39:32,114.060776,22.521332,1,0
30692,15:40:32,114.061707,22.520361,1,39
30692,15:41:32,114.058136,22.516537,1,1
30692,15:42:16,114.058136,22.516537,1,0
30692,15:42:20,114.058136,22.516537,1,0
30692,15:42:32,114.047379,22.513294,1,112
30692,15:42:54,114.040764,22.514191,1,116
30692,15:43:32,114.03067,22.519165,1,113
30692,15:43:49,114.02623,22.521612,1,111
30692,15:44:32,114.016228,22.528522,1,106
30692,15:45:32,114.007187,22.542059,1,107
30692,15:46:32,113.992226,22.547251,1,98
30692,15:47:32,113.97831,22.555613,1,102
30692,15:48:05,113.97831,22.555613,1,0
30692,15:48:32,113.962715,22.562002,1,105
30692,15:49:32,113.947876,22.564665,1,82
30692,15:50:32,113.93441,22.565353,1,88
30692,15:51:32,113.921585,22.56954,1,54
30692,15:52:32,113.917,22.572931,1,47
30692,15:52:54,113.921585,22.56954,1,0
30692,15:53:49,113.910263,22.581503,1,0
30692,15:54:32,113.900085,22.592442,1,87
30692,15:55:32,113.895775,22.596262,1,11
30692,15:56:32,113.8946,22.597179,1,16
30692,15:57:32,113.893585,22.597927,1,9
30692,15:58:32,113.892609,22.598627,1,9
30692,15:59:32,113.890892,22.599794,1,17
30692,15:59:33,113.892609,22.598627,1,0
30692,16:00:32,113.887764,22.602016,1,16
30692,16:01:32,113.885056,22.604374,1,30
30692,16:02:32,113.882835,22.607,1,33
30692,16:03:32,113.880272,22.610817,1,32
30692,16:04:32,113.875374,22.616964,1,61
30692,16:05:17,113.875374,22.616964,1,0
30692,16:05:32,113.865425,22.622587,1,72
30692,16:06:32,113.855148,22.626778,1,75
30692,16:07:32,113.850281,22.627312,1,0
30692,16:08:32,113.849487,22.624531,1,51
30692,16:09:32,113.843681,22.621899,1,31
30692,16:10:32,113.840851,22.62114,1,20
30692,16:11:02,113.840851,22.62114,1,0
30692,16:11:32,113.835144,22.6196,1,70
30692,16:12:32,113.823753,22.61442,1,79
30692,16:13:32,113.815063,22.616381,1,71
30692,16:14:21,113.835144,22.6196,1,0
30692,16:14:32,113.812996,22.624992,1,55
30692,16:14:42,113.812996,22.624992,1,0
30692,16:15:32,113.809685,22.627649,1,19
30692,16:16:08,113.808113,22.626963,0,0
30692,16:16:32,113.80806,22.626915,0,0
30692,16:16:45,113.80806,22.626915,0,0
30692,16:17:32,113.806152,22.625187,0,56
30692,16:18:32,113.811607,22.615099,0,76
30692,16:19:32,113.816956,22.610048,0,25
30692,16:20:32,113.823128,22.613979,0,64
30692,16:21:32,113.833824,22.618933,0,85
30692,16:22:30,113.833824,22.618933,0,0
30692,16:22:32,113.84333,22.62171,0,50
30692,16:23:32,113.849533,22.6243,0,16
30692,16:24:32,113.854195,22.627645,0,17
30692,16:25:10,113.854195,22.627645,0,0
30692,16:25:32,113.853874,22.629988,0,12
30692,16:26:32,113.855042,22.631556,0,17
30692,16:27:32,113.856377,22.633093,0,7
30692,16:28:15,113.855042,22.631556,0,0
30692,16:28:32,113.857071,22.633936,0,6
30692,16:29:32,113.858162,22.635357,0,17
30692,16:30:32,113.858803,22.636204,0,0
30692,16:31:32,113.86097,22.642643,0,80
30692,16:32:31,113.866959,22.654345,0,98
30692,16:33:31,113.880867,22.657503,0,92
30692,16:34:01,113.880867,22.657503,0,0
30692,16:34:31,113.893738,22.658182,0,84
30692,16:35:31,113.90432,22.650223,0,86
30692,16:35:58,113.90432,22.650223,0,0
30692,16:36:31,113.908005,22.636271,0,98
30692,16:37:31,113.916237,22.623949,0,90
30692,16:38:31,113.925735,22.612392,0,89
30692,16:39:31,113.927086,22.602657,0,0
30692,16:39:46,113.927086,22.602657,0,0
30692,16:40:31,113.92704,22.602407,0,2
30692,16:41:31,113.926407,22.597273,0,81
30692,16:42:31,113.924957,22.584333,0,86
30692,16:43:31,113.928673,22.572527,0,78
30692,16:44:31,113.936546,22.565619,0,81
30692,16:45:31,113.949257,22.564951,0,84
30692,16:45:33,113.936546,22.565619,0,0
30692,16:46:31,113.962067,22.563433,0,80
30692,16:46:33,113.949257,22.564951,0,0
30692,16:46:48,113.962067,22.563433,0,0
30692,16:47:31,113.966591,22.573376,0,72
30692,16:48:31,113.969727,22.584629,0,84
30692,16:49:31,113.977135,22.586143,0,8
30692,16:50:31,113.978706,22.586151,0,0
30692,16:51:18,113.978706,22.586151,0,0
30692,16:51:31,113.979736,22.586096,0,0
30692,16:52:31,113.981209,22.585953,0,17
30692,16:53:31,113.982033,22.585922,0,1
30692,16:54:31,113.982979,22.585979,0,6
30692,16:55:31,113.984032,22.586168,0,2
30692,16:56:31,113.985497,22.586395,0,6
30692,16:57:04,113.985497,22.586395,0,0
30692,16:57:18,113.985497,22.586395,0,0
30692,16:57:31,113.986496,22.586493,0,5
30692,16:57:38,113.986496,22.586493,0,0
30692,16:58:31,113.987617,22.586639,0,12
30692,16:59:31,113.991058,22.587267,0,22
30692,17:00:31,113.993439,22.588146,0,17
30692,17:02:31,114.001175,22.590864,0,36
30692,17:02:49,114.001175,22.590864,0,0
30692,17:03:31,114.007332,22.590372,0,55
30692,17:04:31,114.016891,22.591558,0,50
30692,17:05:31,114.023438,22.594584,0,65
30692,17:06:31,114.02507,22.603138,0,60
30692,17:07:31,114.022392,22.607992,0,69
30692,17:08:31,114.031677,22.614202,0,54
30692,17:08:35,114.031677,22.614202,0,0
30692,17:09:31,114.032143,22.614634,0,0
30692,17:10:31,114.032143,22.614653,0,0
30692,17:12:31,114.036125,22.616974,0,4
30692,17:13:31,114.036339,22.617058,0,0
30692,17:14:21,114.036339,22.617058,0,0
30692,17:14:31,114.0364,22.617113,0,0
30692,17:15:31,114.035667,22.620995,0,44
30692,17:16:24,114.035553,22.621653,0,0
30692,17:16:31,114.035591,22.62166,0,0
30692,17:17:31,114.035767,22.621662,0,0
30692,17:18:31,114.035782,22.621639,0,0
30692,17:19:31,114.035797,22.621614,0,0
30692,17:20:07,114.035797,22.621614,0,0
30692,17:20:31,114.035728,22.621574,0,0
30692,17:21:31,114.035751,22.621283,0,17
30692,17:22:31,114.036186,22.61924,0,24
30692,17:23:31,114.036591,22.617201,0,29
30692,17:24:31,114.033371,22.615524,0,0
30692,17:25:31,114.032814,22.615282,0,25
30692,17:25:52,114.033371,22.615524,0,0
30692,17:26:31,114.029488,22.612553,0,26
30692,17:27:31,114.022736,22.608772,0,23
30692,17:28:31,114.023026,22.610382,0,9
30692,17:29:27,114.023026,22.610382,0,0
30692,17:29:31,114.02179,22.610666,0,6
30692,17:29:44,114.02179,22.610666,0,0
30692,17:30:31,114.022011,22.610533,0,1
30692,17:31:31,114.022285,22.610645,0,3
30692,17:31:36,114.022285,22.610645,0,0
30692,17:32:31,114.022362,22.610853,0,1
30692,17:33:31,114.022606,22.61009,0,5
30692,17:37:31,114.020897,22.611082,1,28
30692,17:38:31,114.023987,22.615402,1,51
30692,17:39:31,114.026199,22.616671,1,0
30692,17:40:13,114.026199,22.616671,1,0
30692,17:40:31,114.027832,22.617647,1,52
30692,17:40:35,114.027832,22.617647,1,0
30692,17:41:31,114.026772,22.617277,1,32
30692,17:42:31,114.025299,22.621489,1,18
30692,17:43:06,114.025299,22.621489,1,0
30692,17:43:31,114.027061,22.621536,1,1
30692,17:44:07,114.02832,22.621098,0,0
30692,17:44:31,114.028336,22.621103,0,0
30692,17:45:31,114.031937,22.615162,0,22
30692,17:46:31,114.027519,22.611353,0,61
30692,17:47:31,114.02198,22.609631,0,14
30692,17:50:31,114.022079,22.607767,1,45
30692,17:51:31,114.024132,22.604073,1,0
30692,17:52:31,114.026222,22.598482,1,74
30692,17:53:31,114.021568,22.592728,1,18
30692,17:54:31,114.028671,22.594791,1,50
30692,17:54:36,114.028671,22.594791,1,0
30692,17:55:31,114.033348,22.594534,1,15
30692,17:56:31,114.037422,22.59358,1,36
30692,17:57:31,114.042572,22.592297,1,40
30692,17:58:31,114.048645,22.591164,1,36
30692,17:59:31,114.052727,22.587181,1,40
30692,18:00:24,114.052727,22.587181,1,0
30692,18:00:31,114.054909,22.581079,1,42
30692,18:01:31,114.060158,22.578175,1,68
30692,18:01:51,114.060158,22.578175,1,0
30692,18:02:31,114.065414,22.576595,1,15
30692,18:03:31,114.066521,22.575245,1,2
30692,18:04:31,114.067039,22.574223,1,6
30692,18:05:31,114.06723,22.573652,1,0
30692,18:06:10,114.06723,22.573652,1,0
30692,18:06:31,114.067337,22.57304,1,4
30692,18:07:31,114.067413,22.571878,1,36
30692,18:08:31,114.067596,22.561953,1,60
30692,18:09:31,114.067665,22.558767,1,0
30692,18:10:31,114.067657,22.55875,1,0
30692,18:11:31,114.067757,22.553457,1,51
30692,18:11:56,114.067757,22.553457,1,0
30692,18:12:22,114.067757,22.553457,1,0
30692,18:13:31,114.06781,22.551294,1,0
30692,18:14:31,114.067902,22.54788,1,0
30692,18:21:31,114.077263,22.547113,1,2
30692,18:22:31,114.078094,22.546291,1,24
30692,18:23:09,114.078094,22.546291,1,0
30692,18:23:27,114.078094,22.546291,1,0
30692,18:23:31,114.079887,22.545467,1,6
30692,18:23:34,114.079926,22.545452,0,1
30692,18:24:31,114.080299,22.545416,0,1
30692,18:24:51,114.080315,22.545467,1,3
30692,18:25:31,114.080421,22.545374,1,0
30692,18:26:31,114.080383,22.545155,1,0
30692,18:27:31,114.080345,22.54464,1,2
30692,18:28:31,114.08036,22.543671,1,3
30692,18:29:12,114.08036,22.543671,1,0
30692,18:29:31,114.080673,22.543222,1,0
30692,18:31:31,114.077911,22.543226,1,28
30692,18:32:31,114.070938,22.543118,1,44
30692,18:33:31,114.062958,22.542965,1,51
30692,18:33:59,114.062958,22.542965,1,0
30692,18:34:31,114.054932,22.543325,1,60
30692,18:34:58,114.054932,22.543325,1,0
30692,18:35:31,114.047775,22.542656,1,2
30692,18:36:31,114.045219,22.542587,1,21
30692,18:37:31,114.043777,22.542526,1,9
30692,18:38:31,114.042526,22.542465,1,15
30692,18:39:31,114.040871,22.542482,1,4
30692,18:40:31,114.040421,22.542433,1,0
30692,18:40:45,114.040421,22.542433,1,0
30692,18:41:31,114.039207,22.542282,1,25
30692,18:42:31,114.038307,22.54211,1,0
30692,18:43:31,114.037743,22.542061,1,8
30692,18:44:31,114.035492,22.542919,1,31
30692,18:44:33,114.037743,22.542061,1,0
30692,18:44:48,114.035492,22.542919,1,0
30692,18:45:31,114.034805,22.546228,1,27
30692,18:46:31,114.034805,22.546228,1,0
30692,18:46:31,114.034615,22.546967,1,0
30692,18:47:31,114.034531,22.54759,1,28
30692,18:48:31,114.034264,22.549316,1,9
30692,18:49:31,114.034096,22.550117,1,0
30692,18:50:31,114.033981,22.550722,1,5
30692,18:51:31,114.03376,22.551855,1,4
30692,18:52:15,114.033981,22.550722,1,0
30692,18:52:31,114.033562,22.552887,1,28
30692,18:53:31,114.03344,22.55356,1,24
30692,18:54:31,114.029587,22.556473,1,0
30692,18:55:18,114.029587,22.556473,1,0
30692,18:55:31,114.029587,22.556606,1,0
30692,18:55:38,114.029587,22.556606,1,0
30692,18:56:31,114.026581,22.556252,1,62
30692,18:57:31,114.017281,22.555597,1,42
30692,18:58:00,114.017281,22.555597,1,0
30692,18:58:31,114.015747,22.557028,1,6
30692,18:59:31,114.015144,22.559431,1,47
30692,19:00:31,114.008392,22.557983,1,70
30692,19:01:31,113.998177,22.555824,1,56
30692,19:02:31,113.988548,22.559067,1,64
30692,19:03:31,113.97715,22.557119,1,77
30692,19:03:46,113.97715,22.557119,1,0
30692,19:05:31,113.958153,22.556704,1,55
30692,19:06:31,113.951569,22.55657,1,47
30692,19:07:31,113.947121,22.557638,1,31
30692,19:08:26,113.945999,22.558968,0,12
30692,19:08:31,113.945953,22.558975,0,0
30692,19:08:56,113.945892,22.558903,1,4
30692,19:09:13,113.945793,22.558928,0,0
30692,19:09:31,113.945366,22.558949,0,29
30692,19:09:31,113.945793,22.558928,0,0
30692,19:10:31,113.941269,22.55999,0,0
30692,19:11:04,113.940849,22.559933,1,9
30692,19:11:31,113.940659,22.55829,1,41
30692,19:12:31,113.940498,22.556641,1,0
30692,19:13:31,113.94046,22.556274,1,23
30692,19:14:31,113.945145,22.554897,1,45
30692,19:15:16,113.945145,22.554897,1,0
30692,19:15:31,113.952621,22.556097,1,53
30692,19:16:31,113.959961,22.556276,1,36
30692,19:17:31,113.96225,22.558819,1,46
30692,19:18:31,113.965858,22.55954,1,0
30692,19:19:31,113.966896,22.562428,1,0
30692,19:20:31,113.969009,22.565853,1,33
30692,19:21:00,113.969009,22.565853,1,0
30692,19:21:31,113.974106,22.564501,1,48
30692,19:22:31,113.975037,22.564022,1,0
30692,19:23:31,113.975044,22.563999,1,0
30692,19:24:31,113.975998,22.564108,1,6
30692,19:25:31,113.978264,22.565031,1,35
30692,19:26:02,113.980431,22.564518,0,0
30692,19:26:31,113.980537,22.564558,0,0
30692,19:26:43,113.980537,22.564558,0,0
30692,19:27:26,113.980537,22.564558,0,0
30692,19:27:31,113.979416,22.564817,0,16
30692,19:27:44,113.979416,22.564817,0,0
30692,19:28:31,113.978111,22.562544,0,6
30692,19:28:52,113.977982,22.562632,1,12
30692,19:29:31,113.976151,22.563629,1,0
30692,19:30:31,113.976105,22.563745,1,17
30692,19:31:31,113.970467,22.566528,1,11
30692,19:32:27,113.970467,22.566528,1,0
30692,19:32:31,113.96772,22.564318,1,42
30692,19:33:31,113.96656,22.561607,1,58
30692,19:34:31,113.963432,22.559898,1,55
30692,19:35:31,113.961327,22.55394,1,45
30692,19:36:31,113.960655,22.549997,1,21
30692,19:37:31,113.960373,22.547777,1,50
30692,19:38:12,113.960373,22.547777,1,0
30692,19:38:31,113.959778,22.543772,1,0
30692,19:39:31,113.963173,22.541992,1,1
30692,19:40:31,113.969864,22.539577,1,54
30692,19:41:31,113.974998,22.537228,1,44
30692,19:42:31,113.98024,22.536217,1,0
30692,19:43:12,113.981956,22.536114,0,0
30692,19:43:31,113.981987,22.536127,0,0
30692,19:43:57,113.981987,22.536127,0,0
30692,19:44:31,113.982002,22.536146,0,0
30692,19:45:31,113.98201,22.536135,0,0
30692,19:46:22,113.982048,22.53614,1,5
30692,19:46:31,113.982178,22.536142,1,1
30692,19:47:31,113.982918,22.536133,1,0
30692,19:47:59,113.982933,22.536133,0,0
30692,19:48:27,113.982956,22.536131,1,6
30692,19:49:00,113.982956,22.536131,1,0
30692,19:49:31,113.983269,22.536127,1,0
30692,19:49:42,113.983269,22.536127,1,0
30692,19:50:31,113.983543,22.536125,1,0
30692,19:51:31,113.983574,22.536123,1,0
30692,19:52:30,113.983589,22.536127,1,0
30692,19:53:30,113.983597,22.536116,1,0
30692,19:54:30,113.983604,22.536133,1,0
30692,19:55:26,113.983604,22.536133,1,0
30692,19:55:30,113.983589,22.536098,1,0
30692,19:56:30,113.983589,22.53611,1,0
30692,19:57:30,113.985794,22.536116,1,11
30692,19:58:30,113.988922,22.535776,1,7
30692,19:59:30,113.992371,22.534636,1,0
30692,19:59:36,113.988922,22.535776,1,0
30692,20:00:30,113.992859,22.535385,1,0
30692,20:01:09,113.992859,22.535385,1,0
30692,20:01:30,113.992668,22.536762,1,56
30692,20:02:30,113.992035,22.54026,1,68
30692,20:03:30,113.995705,22.54525,1,57
30692,20:04:30,114.00399,22.547127,1,62
30692,20:06:30,114.007896,22.550892,1,62
30692,20:06:53,114.007896,22.550892,1,0
30692,20:07:30,114.009659,22.553648,1,43
30692,20:08:30,114.015198,22.555378,1,0
30692,20:09:30,114.015862,22.555544,1,23
30692,20:10:30,114.01841,22.559772,1,62
30692,20:11:30,114.025848,22.560616,1,12
30692,20:12:30,114.027618,22.560911,1,16
30692,20:12:36,114.025848,22.560616,1,0
30692,20:13:30,114.032501,22.56188,1,31
30692,20:14:30,114.037956,22.563068,1,37
30692,20:15:30,114.045326,22.564634,1,55
30692,20:16:30,114.049049,22.564157,1,2
30692,20:17:30,114.04924,22.563658,1,0
30692,20:18:21,114.04924,22.563658,1,0
30692,20:18:30,114.049385,22.563265,1,5
30692,20:19:30,114.04966,22.562374,1,3
30692,20:20:30,114.05014,22.561893,1,21
30692,20:21:30,114.053993,22.562296,1,0
30692,20:23:30,114.061897,22.558659,1,0
30692,20:24:06,114.061897,22.558659,1,0
30692,20:24:30,114.061981,22.558636,1,0
30692,20:25:30,114.062668,22.558201,1,6
30692,20:26:30,114.063049,22.55813,1,0
30692,20:27:30,114.063072,22.558119,1,4
30692,20:28:30,114.06398,22.55797,1,1
30692,20:29:30,114.064125,22.55798,1,0
30692,20:29:50,114.064125,22.55798,1,0
30692,20:31:45,114.064125,22.55798,1,0
30692,20:34:30,114.065407,22.55798,1,0
30692,20:35:30,114.065964,22.558002,1,4
30692,20:35:35,114.064125,22.55798,1,0
30692,20:36:30,114.06601,22.558006,1,0
30692,20:37:30,114.06604,22.558016,1,0
30692,20:38:30,114.06694,22.558027,1,0
30692,20:39:30,114.066925,22.55802,1,0
30692,20:40:30,114.067192,22.558029,1,18
30692,20:41:20,114.064125,22.55798,1,0
30692,20:41:30,114.074837,22.558174,1,50
30692,20:42:26,114.064125,22.55798,1,0
30692,20:42:30,114.08461,22.558292,1,71
30692,20:43:30,114.09272,22.558439,1,47
30692,20:44:30,114.098564,22.558458,1,0
30692,20:45:30,114.098618,22.558468,1,0
30692,20:46:30,114.101761,22.558502,1,61
30692,20:47:05,114.064125,22.55798,1,0
30692,20:47:30,114.103851,22.558477,1,0
30692,20:48:30,114.110168,22.558662,1,81
30692,20:49:30,114.120377,22.558718,1,29
30692,20:50:30,114.118668,22.563797,1,41
30692,20:51:30,114.119873,22.568546,1,40
30692,20:51:53,114.12159,22.569048,0,1
30692,20:52:30,114.121582,22.569017,0,4
30692,20:52:55,114.121582,22.569017,0,0
30692,20:53:18,114.121582,22.569017,0,0
30692,20:53:30,114.12265,22.567116,0,1
30692,20:53:37,114.12265,22.567116,0,0
30692,20:54:30,114.123344,22.56728,0,2
30692,20:55:30,114.12394,22.567425,0,0
30692,20:55:33,114.123947,22.567419,0,0
30692,20:56:30,114.124008,22.567419,0,0
30692,20:57:30,114.124046,22.567406,0,0
30692,20:58:30,114.124977,22.567209,0,22
30692,20:58:40,114.124046,22.567406,0,0
30692,20:58:45,114.125031,22.566917,1,10
30692,20:59:30,114.124763,22.564262,1,1
30692,21:00:30,114.124657,22.563873,1,26
30692,21:01:30,114.125015,22.559135,1,28
30692,21:02:30,114.120674,22.558998,1,26
30692,21:03:30,114.112694,22.55879,1,60
30692,21:04:03,114.112694,22.55879,1,0
30692,21:04:24,114.112694,22.55879,1,0
30692,21:04:30,114.109932,22.55575,1,57
30692,21:05:30,114.110275,22.548,1,0
30692,21:07:30,114.106804,22.544878,1,0
30692,21:08:30,114.106796,22.544779,1,0
30692,21:09:30,114.100311,22.543592,1,43
30692,21:10:09,114.100311,22.543592,1,0
30692,21:10:14,114.099701,22.546768,0,16
30692,21:10:30,114.099693,22.546801,0,0
30692,21:10:51,114.09967,22.546852,1,6
30692,21:11:30,114.099663,22.547144,1,5
30692,21:12:30,114.102013,22.548168,1,15
30692,21:13:30,114.104462,22.549225,1,0
30692,21:14:40,114.104462,22.549225,1,0
30692,21:15:30,114.105721,22.546764,1,4
30692,21:15:54,114.105721,22.546764,1,0
30692,21:16:30,114.106201,22.544945,1,0
30692,21:17:30,114.10614,22.544935,1,0
30692,21:18:30,114.108238,22.544931,1,49
30692,21:20:30,114.113602,22.542725,1,0
30692,21:21:30,114.113708,22.54133,1,0
30692,21:21:39,114.113602,22.542725,1,0
30692,21:22:30,114.113976,22.539564,1,0
30692,21:24:30,114.113991,22.539076,1,0
30692,21:25:30,114.113014,22.538584,1,4
30692,21:25:43,114.113014,22.538584,1,0
30692,21:26:09,114.112221,22.538733,0,1
30692,21:26:30,114.112152,22.538763,0,0
30692,21:27:16,114.112083,22.538782,1,1
30692,21:27:23,114.112083,22.538782,1,0
30692,21:27:30,114.111824,22.539354,1,38
30692,21:28:30,114.111519,22.541533,1,26
30692,21:29:30,114.110298,22.542583,1,38
30692,21:29:43,114.110519,22.541786,0,1
30692,21:30:30,114.110588,22.541737,0,0
30692,21:31:30,114.111298,22.541372,0,35
30692,21:32:30,114.112488,22.536037,0,26
30692,21:33:08,114.112488,22.536037,0,0
30692,21:33:30,114.113586,22.534294,0,11
30692,21:34:29,114.113899,22.534332,1,2
30692,21:34:30,114.113907,22.534349,1,3
30692,21:35:30,114.116341,22.535734,1,37
30692,21:36:12,114.116341,22.535734,1,0
30692,21:36:30,114.119156,22.537758,1,28
30692,21:37:30,114.121544,22.539431,1,20
30692,21:38:30,114.125,22.541681,1,47
30692,21:38:53,114.125,22.541681,1,0
30692,21:39:30,114.129501,22.544086,1,31
30692,21:40:30,114.136398,22.549801,1,69
30692,21:41:30,114.140228,22.558462,1,68
30692,21:42:30,114.140633,22.562746,1,14
30692,21:43:30,114.140144,22.563408,1,12
30692,21:44:30,114.139458,22.564205,1,3
30692,21:44:38,114.139458,22.564205,1,0
30692,21:45:30,114.138184,22.565563,1,0
30692,21:46:30,114.137108,22.566675,1,15
30692,21:47:00,114.137108,22.566675,1,0
30692,21:47:30,114.136887,22.566843,1,9
30692,21:48:07,114.135033,22.56567,0,15
30692,21:48:30,114.134933,22.565577,0,0
30692,21:49:30,114.134811,22.565462,0,0
30692,21:50:24,114.134811,22.565462,0,0
30692,21:50:30,114.134789,22.565466,0,0
30692,21:50:44,114.134773,22.565454,1,6
30692,21:51:30,114.132172,22.562412,1,0
30692,21:52:30,114.129913,22.55908,1,44
30692,21:53:30,114.128723,22.556089,0,0
30692,21:53:30,114.128723,22.556089,1,0
30692,21:54:19,114.129173,22.555693,1,2
30692,21:54:30,114.129486,22.555391,1,17
30692,21:55:30,114.133591,22.556942,1,16
30692,21:56:09,114.133591,22.556942,1,0
30692,21:56:30,114.13485,22.558035,1,0
30692,21:57:30,114.13591,22.557487,1,46
30692,21:57:35,114.13485,22.558035,1,0
30692,21:58:30,114.138153,22.552853,1,34
30692,21:58:41,114.137596,22.552048,0,34
30692,21:59:31,114.137337,22.551741,0,0
30692,22:00:31,114.134094,22.549398,0,28
30692,22:01:11,114.131828,22.548983,1,1
30692,22:01:31,114.130745,22.548784,1,30
30692,22:01:54,114.130745,22.548784,1,0
30692,22:02:31,114.129318,22.548506,1,26
30692,22:03:31,114.12616,22.548012,1,24
30692,22:04:31,114.118805,22.546728,1,60
30692,22:05:31,114.117355,22.546486,1,0
30692,22:06:31,114.116806,22.545174,1,14
30692,22:07:17,114.115936,22.545036,0,4
30692,22:07:38,114.115913,22.54493,0,0
30692,22:08:19,114.115936,22.545036,0,0
30692,22:08:31,114.116005,22.544819,0,7
30692,22:09:08,114.113251,22.544315,1,4
30692,22:09:31,114.113228,22.544912,1,0
30692,22:10:31,114.113495,22.545492,1,0
30692,22:11:31,114.113091,22.545761,1,32
30692,22:12:31,114.110199,22.548252,1,33
30692,22:13:23,114.110199,22.548252,1,0
30692,22:13:31,114.109818,22.552765,1,23
30692,22:14:31,114.110931,22.557072,1,29
30692,22:15:31,114.115219,22.558413,1,18
30692,22:15:37,114.115288,22.558264,0,5
30692,22:16:31,114.115486,22.557627,0,17
30692,22:17:31,114.115303,22.555529,0,37
30692,22:18:31,114.113632,22.551033,0,3
30692,22:19:06,114.113632,22.551033,0,0
30692,22:19:07,114.113632,22.551033,0,0
30692,22:19:31,114.114159,22.550592,0,11
30692,22:20:31,114.115211,22.553843,0,35
30692,22:21:31,114.115211,22.558643,0,50
30692,22:22:31,114.11586,22.565607,0,44
30692,22:23:31,114.116516,22.56753,0,0
30692,22:24:31,114.116341,22.567495,0,0
30692,22:24:52,114.116341,22.567495,0,0
30692,22:25:31,114.114143,22.563051,0,46
30692,22:26:31,114.115471,22.55617,0,30
30692,22:27:31,114.114243,22.552595,0,22
30692,22:28:31,114.113457,22.55022,0,0
30692,22:28:34,114.113457,22.550198,1,3
30692,22:29:31,114.111885,22.548136,1,12
30692,22:29:44,114.113457,22.550198,1,0
30692,22:30:31,114.110916,22.547792,1,8
30692,22:30:38,114.111885,22.548136,1,0
30692,22:31:31,114.110535,22.547806,1,0
30692,22:32:31,114.110504,22.547817,1,5
30692,22:33:31,114.109787,22.552912,1,30
30692,22:34:31,114.11158,22.55805,1,51
30692,22:35:31,114.107727,22.558718,1,72
30692,22:36:23,114.107727,22.558718,1,0
30692,22:36:31,114.102501,22.55864,1,29
30692,22:37:11,114.101685,22.560383,0,1
30692,22:37:31,114.101624,22.560465,0,1
30692,22:38:31,114.100204,22.558622,0,46
30692,22:39:31,114.100807,22.558523,0,36
30692,22:40:29,114.100807,22.558523,0,0
30692,22:40:31,114.102142,22.557007,0,14
30692,22:40:59,114.102127,22.556345,1,5
30692,22:41:31,114.102356,22.555887,1,3
30692,22:42:08,114.102142,22.557007,0,0
30692,22:42:31,114.101707,22.558441,1,30
30692,22:43:31,114.10379,22.558611,1,0
30692,22:44:05,114.104897,22.558542,0,29
30692,22:44:31,114.108826,22.558653,0,73
30692,22:45:31,114.119759,22.55938,0,52
30692,22:46:31,114.1185,22.563986,0,55
30692,22:47:31,114.117737,22.571815,0,55
30692,22:47:52,114.117737,22.571815,0,0
30692,22:48:31,114.115387,22.579336,0,61
30692,22:49:31,114.112747,22.585039,0,19
30692,22:50:31,114.109917,22.589396,0,52
30692,22:51:31,114.111313,22.596478,0,36
30692,22:51:36,114.111313,22.596478,0,0
30692,22:52:31,114.114479,22.600233,0,33
30692,22:53:31,114.112991,22.600237,0,4
30692,22:53:35,114.114479,22.600233,0,0
30692,22:54:31,114.111992,22.600565,0,21
30692,22:55:31,114.111504,22.601864,0,11
30692,22:56:31,114.111336,22.602943,0,4
30692,22:57:31,114.110466,22.603283,0,8
30692,22:58:31,114.110031,22.603497,0,0
30692,22:59:19,114.110031,22.603497,0,0
30692,22:59:31,114.110069,22.603493,0,0
30692,23:00:31,114.10997,22.603432,0,1
30692,23:01:31,114.110214,22.603342,0,5
30692,23:02:31,114.111084,22.602999,0,4
30692,23:03:31,114.111511,22.601971,0,8
30692,23:04:31,114.112091,22.600437,0,23
30692,23:05:05,114.112091,22.600437,0,0
30692,23:05:31,114.110504,22.595264,0,69
30692,23:06:31,114.111526,22.586348,0,54
30692,23:07:31,114.115562,22.578503,0,49
30692,23:08:31,114.108856,22.576229,0,47
30692,23:09:30,114.107903,22.572638,0,32
30692,23:10:30,114.107681,22.56955,0,11
30692,23:10:50,114.107681,22.56955,0,0
30692,23:11:30,114.107475,22.567053,0,0
30692,23:12:30,114.107079,22.565435,0,55
30692,23:13:30,114.104431,22.561678,0,8
30692,23:14:30,114.101044,22.558622,0,32
30692,23:14:57,114.100784,22.558695,1,10
30692,23:15:30,114.099289,22.560301,1,49
30692,23:16:30,114.099236,22.562717,1,35
30692,23:16:35,114.099289,22.560301,1,0
30692,23:17:30,114.099136,22.569662,1,55
30692,23:18:30,114.09919,22.576969,1,0
30692,23:19:30,114.099358,22.583561,1,66
30692,23:21:30,114.099014,22.603739,1,39
30692,23:22:20,114.099014,22.603739,1,0
30692,23:22:30,114.099594,22.605433,1,0
30692,23:23:24,114.099594,22.605433,1,0
30692,23:23:30,114.102119,22.60857,1,39
30692,23:23:56,114.103783,22.609367,0,12
30692,23:24:30,114.104034,22.609325,0,0
30692,23:26:30,114.099625,22.606056,0,0
30692,23:27:30,114.100296,22.601679,0,49
30692,23:28:05,114.100296,22.601679,0,0
30692,23:28:30,114.102325,22.594042,0,42
30692,23:29:30,114.107536,22.591963,0,21
30692,23:30:30,114.101761,22.586582,0,54
30692,23:31:30,114.099281,22.578787,0,42
30692,23:32:30,114.098969,22.570263,0,57
30692,23:33:30,114.096649,22.565998,0,0
30692,23:33:50,114.096649,22.565998,0,0
30692,23:34:23,114.096359,22.566307,1,7
30692,23:34:30,114.096359,22.566307,1,0
30692,23:35:30,114.094551,22.563789,1,36
30692,23:36:30,114.09359,22.561382,1,47
30692,23:37:30,114.088287,22.563908,1,52
30692,23:38:30,114.082809,22.571808,1,72
30692,23:39:30,114.071487,22.569662,1,80
30692,23:39:34,114.082809,22.571808,1,0
30692,23:40:30,114.059532,22.567118,1,71
30692,23:41:30,114.047974,22.565174,1,70
30692,23:42:30,114.036545,22.563011,1,71
30692,23:43:30,114.027092,22.561584,1,61
30692,23:44:30,114.024857,22.561468,1,53
30692,23:44:58,114.024857,22.561468,1,0
30692,23:45:17,114.024857,22.561468,1,0
30692,23:45:30,114.029106,22.55681,1,0
30692,23:46:30,114.029121,22.556826,1,0
30692,23:47:30,114.031822,22.557867,1,30
30692,23:47:47,114.032494,22.558132,0,1
30692,23:48:30,114.0326,22.558348,0,0
30692,23:49:12,114.032616,22.558426,1,5
30692,23:49:30,114.033005,22.5588,1,2
30692,23:50:30,114.033791,22.561789,1,41
30692,23:51:00,114.033791,22.561789,1,0
30692,23:51:30,114.045074,22.564756,1,80
30692,23:52:30,114.056786,22.565632,1,69
30692,23:53:30,114.067284,22.568913,1,75
