31307,00:00:18,114.137604,22.5658,0,40
31307,00:00:48,114.140701,22.560801,0,44
31307,00:01:18,114.139198,22.554701,0,45
31307,00:01:48,114.136002,22.5494,0,41
31307,00:02:48,114.1259,22.542299,0,44
31307,00:03:18,114.120796,22.539,0,31
31307,00:04:18,114.113701,22.5392,0,36
31307,00:04:48,114.1091,22.537701,0,38
31307,00:06:17,114.092499,22.538099,0,44
31307,00:06:47,114.086403,22.5375,0,37
31307,00:07:47,114.078499,22.534401,0,31
31307,00:08:17,114.075996,22.5319,0,30
31307,00:08:47,114.070396,22.5319,0,37
31307,00:09:17,114.064003,22.5317,0,40
31307,00:09:47,114.057503,22.531601,0,44
31307,00:10:17,114.051697,22.531601,0,30
31307,00:10:48,114.046204,22.531401,0,42
31307,00:11:48,114.032997,22.530199,0,40
31307,00:12:18,114.026901,22.531,0,42
31307,00:13:18,114.0159,22.531099,0,41
31307,00:13:48,114.009697,22.5299,0,36
31307,00:15:48,113.989098,22.524599,0,34
31307,00:16:19,113.9841,22.5233,0,42
31307,00:17:18,113.971298,22.5229,0,41
31307,00:17:48,113.964996,22.5229,0,43
31307,00:18:18,113.958702,22.5229,0,41
31307,00:19:18,113.946602,22.5243,0,43
31307,00:19:48,113.940399,22.524599,0,41
31307,00:20:18,113.934502,22.5247,0,32
31307,00:20:48,113.93,22.525,0,17
31307,00:21:18,113.930099,22.5275,0,5
31307,00:21:50,113.928703,22.524599,0,33
31307,00:23:19,113.927498,22.517401,0,27
31307,00:23:49,113.927299,22.5156,0,12
31307,00:24:19,113.925003,22.5156,0,8
31307,00:25:19,113.923798,22.5145,0,3
31307,00:25:49,113.923798,22.5137,0,0
31307,00:26:19,113.923599,22.5137,0,6
31307,00:26:49,113.923698,22.5151,0,4
31307,00:27:48,113.922096,22.5173,0,19
31307,00:28:18,113.920998,22.5187,0,19
31307,00:28:48,113.920799,22.518801,0,0
31307,00:29:18,113.919899,22.519501,0,6
31307,00:30:48,113.918297,22.525,0,9
31307,00:31:18,113.918297,22.525101,0,0
31307,00:31:38,113.918297,22.525101,0,0
31307,00:32:08,113.918297,22.5252,0,9
31307,00:34:08,113.924202,22.524,0,0
31307,00:34:46,113.924103,22.524,0,5
31307,00:35:16,113.923401,22.521799,0,22
31307,00:35:46,113.922203,22.5184,0,5
31307,00:36:16,113.921997,22.516899,0,20
31307,00:38:15,113.918999,22.5082,0,0
31307,00:38:45,113.917999,22.506001,0,28
31307,00:39:15,113.916397,22.5035,0,15
31307,00:40:15,113.915001,22.504101,0,0
31307,00:40:45,113.915199,22.504101,0,0
31307,00:41:15,113.914703,22.504101,0,0
31307,00:41:47,113.916298,22.503401,0,15
31307,00:42:17,113.916603,22.5033,0,0
31307,00:42:47,113.916603,22.5033,0,0
31307,00:43:17,113.917397,22.503799,0,14
31307,00:43:46,113.918404,22.506599,0,24
31307,00:44:16,113.918701,22.5075,0,0
31307,00:44:46,113.918701,22.5075,0,0
31307,00:45:16,113.918701,22.5075,0,0
31307,00:46:16,113.920998,22.512699,0,33
31307,00:47:18,113.922096,22.517599,0,0
31307,00:47:48,113.920097,22.5193,0,11
31307,00:48:18,113.920601,22.519899,0,10
31307,00:49:17,113.922897,22.522499,0,11
31307,00:49:47,113.923203,22.5242,0,11
31307,00:50:16,113.9245,22.524099,0,2
31307,00:51:17,113.9244,22.5236,0,4
31307,00:51:47,113.924004,22.523899,0,5
31307,00:52:17,113.923401,22.5215,0,30
31307,00:53:17,113.922203,22.5182,0,0
31307,00:54:46,113.920601,22.511999,0,0
31307,00:55:16,113.919899,22.5105,0,25
31307,00:57:17,113.917999,22.506399,0,0
31307,00:57:47,113.917801,22.5054,0,18
31307,00:58:17,113.917198,22.504299,0,7
31307,00:58:47,113.916496,22.505301,0,8
31307,00:59:17,113.9161,22.505699,0,9
31307,00:59:47,113.915604,22.505699,0,0
31307,01:00:16,113.915199,22.505699,0,3
31307,01:00:46,113.9151,22.507799,0,12
31307,01:01:18,113.918198,22.507799,0,8
31307,01:01:48,113.918198,22.507799,0,0
31307,01:02:18,113.917999,22.5058,0,27
31307,01:02:48,113.917503,22.504,0,8
31307,01:03:18,113.918297,22.5065,0,13
31307,01:03:48,113.919502,22.509501,0,27
31307,01:04:18,113.920303,22.511299,0,0
31307,01:04:48,113.920303,22.511299,0,0
31307,01:05:18,113.920998,22.5131,0,29
31307,01:05:47,113.922096,22.5175,0,16
31307,01:06:17,113.922096,22.5177,0,0
31307,01:08:17,113.920303,22.519199,0,0
31307,01:08:47,113.920303,22.519199,0,0
31307,01:09:17,113.920097,22.519199,0,0
31307,01:10:17,113.920097,22.519199,0,0
31307,01:10:47,113.920197,22.5193,0,0
31307,01:11:16,113.920197,22.5193,0,0
31307,01:12:18,113.920097,22.5194,0,0
31307,01:12:48,113.920097,22.5194,0,0
31307,01:13:18,113.920097,22.5194,0,0
31307,01:13:48,113.920097,22.5194,0,0
31307,01:14:18,113.920097,22.5194,0,0
31307,01:15:18,113.920097,22.5194,0,0
31307,01:15:48,113.920097,22.5194,0,0
31307,01:16:18,113.920097,22.5194,0,0
31307,01:17:17,113.920799,22.5205,0,17
31307,01:18:17,113.922401,22.5231,0,17
31307,01:18:47,113.922897,22.5256,0,19
31307,01:19:18,113.926102,22.525,0,25
31307,01:19:48,113.930397,22.524401,0,33
31307,01:20:18,113.936501,22.524401,0,37
31307,01:20:48,113.942001,22.5243,0,42
31307,01:21:18,113.948196,22.524,0,37
31307,01:21:48,113.954399,22.523199,0,38
31307,01:22:17,113.960297,22.522699,0,37
31307,01:22:47,113.966103,22.522699,0,39
31307,01:24:49,113.989403,22.524599,0,39
31307,01:25:19,113.994003,22.527201,0,38
31307,01:25:49,113.999298,22.529699,0,37
31307,01:26:19,114.004898,22.529699,0,37
31307,01:28:48,114.018501,22.5291,0,0
31307,01:29:19,114.0187,22.5291,0,8
31307,01:29:49,114.019203,22.5292,0,0
31307,01:30:19,114.019203,22.5292,0,0
31307,01:30:49,114.019203,22.5292,0,0
31307,01:31:19,114.021103,22.5294,0,5
31307,01:31:49,114.0205,22.529301,0,12
31307,01:32:19,114.0186,22.528999,0,3
31307,01:32:49,114.017197,22.5284,0,16
31307,01:33:48,114.017197,22.5313,0,8
31307,01:34:48,114.0214,22.531799,0,24
31307,01:35:18,114.023697,22.5315,0,0
31307,01:35:48,114.023697,22.5315,0,0
31307,01:36:18,114.023697,22.5315,0,0
31307,01:36:48,114.023697,22.5315,0,0
31307,01:37:18,114.023697,22.5315,0,0
31307,01:37:48,114.023697,22.5315,0,0
31307,01:38:49,114.026001,22.5303,0,29
31307,01:39:19,114.029404,22.527901,0,26
31307,01:39:49,114.030998,22.526899,0,0
31307,01:41:19,114.027901,22.526501,0,19
31307,01:41:49,114.027298,22.5259,0,2
31307,01:43:50,114.026001,22.523899,0,9
31307,01:44:49,114.027702,22.5226,0,0
31307,01:45:19,114.028603,22.5224,0,12
31307,01:45:49,114.029503,22.5215,0,6
31307,01:46:19,114.030602,22.5231,0,16
31307,01:48:19,114.0373,22.523701,0,0
31307,01:49:49,114.042702,22.5224,0,22
31307,01:51:19,114.0466,22.5256,0,0
31307,01:52:19,114.050301,22.5257,0,16
31307,01:53:19,114.051598,22.526199,0,3
31307,01:53:51,114.051498,22.5282,0,9
31307,01:54:20,114.051598,22.528299,0,0
31307,01:55:19,114.051598,22.528299,0,0
31307,01:55:49,114.051598,22.528299,0,0
31307,01:56:49,114.051598,22.528299,0,0
31307,01:57:19,114.051598,22.528299,0,0
31307,01:57:49,114.051598,22.528299,0,0
31307,01:58:19,114.051598,22.528299,0,0
31307,01:58:49,114.051598,22.528299,0,0
31307,01:59:20,114.051598,22.528299,0,0
31307,01:59:50,114.051598,22.528299,0,0
31307,02:02:19,114.051598,22.528299,0,0
31307,02:03:49,114.051598,22.528299,0,0
31307,02:04:21,114.051598,22.528299,0,0
31307,02:04:51,114.051598,22.528299,0,0
31307,02:05:21,114.051598,22.528299,0,0
31307,02:06:20,114.051498,22.528299,0,0
31307,02:06:50,114.051598,22.5284,0,0
31307,02:07:20,114.051598,22.5285,0,0
31307,02:08:20,114.051399,22.530001,0,6
31307,02:08:50,114.0513,22.526699,0,0
31307,02:09:20,114.049202,22.5257,0,22
31307,02:10:20,114.044998,22.5257,0,13
31307,02:10:50,114.044899,22.5301,0,22
31307,02:11:19,114.047997,22.5312,0,32
31307,02:11:49,114.052696,22.531401,0,26
31307,02:12:19,114.054497,22.5315,0,0
31307,02:12:50,114.054604,22.535299,0,27
31307,02:13:50,114.058998,22.5354,0,25
31307,02:14:20,114.060898,22.5354,0,21
31307,02:14:50,114.062798,22.5354,0,1
31307,02:15:20,114.062698,22.535601,0,0
31307,02:15:50,114.063103,22.535601,0,9
31307,02:16:20,114.064102,22.5371,0,20
31307,02:18:21,114.072304,22.5387,0,17
31307,02:19:51,114.077003,22.540501,0,13
31307,02:20:21,114.077202,22.5415,0,0
31307,02:20:51,114.081299,22.540501,0,0
31307,02:22:20,114.082001,22.535,0,13
31307,02:25:20,114.082199,22.534599,0,0
31307,02:25:52,114.081802,22.534901,0,0
31307,02:26:22,114.081902,22.5348,0,0
31307,02:26:52,114.081902,22.534901,0,0
31307,02:27:21,114.081596,22.535,0,0
31307,02:27:51,114.081299,22.535101,0,0
31307,02:28:21,114.081703,22.534901,0,0
31307,02:28:51,114.081703,22.534901,0,0
31307,02:29:21,114.081703,22.534901,0,0
31307,02:29:51,114.081703,22.534901,0,0
31307,02:30:21,114.0821,22.534599,0,0
31307,02:30:51,114.082199,22.534599,0,0
31307,02:31:52,114.082199,22.534599,0,0
31307,02:32:22,114.082199,22.534599,0,0
31307,02:32:51,114.082199,22.534599,0,0
31307,02:33:21,114.082199,22.534599,0,0
31307,02:34:21,114.082199,22.534599,0,0
31307,02:35:21,114.081497,22.539301,0,24
31307,02:35:51,114.081596,22.540199,0,0
31307,02:36:22,114.081802,22.541401,0,20
31307,02:37:22,114.087799,22.5432,0,13
31307,02:37:52,114.084801,22.5431,0,29
31307,02:38:21,114.084099,22.545601,0,26
31307,02:38:51,114.084,22.5478,0,13
31307,02:39:08,114.0839,22.5483,0,1
31307,02:39:38,114.083801,22.5483,0,0
31307,02:40:08,114.084,22.548599,0,10
31307,02:44:08,114.0784,22.553801,0,0
31307,02:44:38,114.0765,22.5522,0,24
31307,02:45:38,114.075996,22.546,0,18
31307,02:46:08,114.076103,22.543301,0,0
31307,02:46:38,114.076302,22.542999,0,15
31307,02:47:38,114.081703,22.5411,0,11
31307,02:48:08,114.081703,22.540501,0,12
31307,02:48:40,114.081703,22.538099,0,23
31307,02:49:10,114.081596,22.537001,0,18
31307,02:49:39,114.082001,22.5347,0,0
31307,02:50:09,114.082001,22.5347,0,0
31307,02:50:39,114.082001,22.5347,0,0
31307,02:51:09,114.082001,22.5347,0,0
31307,02:51:39,114.082001,22.5347,0,0
31307,02:52:09,114.082001,22.5347,0,0
31307,02:54:17,114.0802,22.5343,0,0
31307,02:54:47,114.0802,22.5343,0,0
31307,02:55:17,114.079803,22.5341,0,0
31307,02:55:47,114.079803,22.5341,0,0
31307,02:56:17,114.079803,22.5341,0,0
31307,02:56:47,114.080002,22.5343,0,5
31307,02:57:17,114.079803,22.534599,0,0
31307,02:57:46,114.082001,22.533899,0,0
31307,02:58:16,114.082001,22.534599,0,0
31307,02:58:46,114.081802,22.5378,0,27
31307,02:59:46,114.080803,22.540501,0,13
31307,03:00:46,114.081001,22.540001,0,5
31307,03:01:16,114.081001,22.5399,0,0
31307,03:03:47,114.084503,22.540701,0,13
31307,03:04:47,114.086098,22.540701,0,0
31307,03:05:17,114.086502,22.539801,0,2
31307,03:05:47,114.086601,22.539801,0,0
31307,03:06:17,114.0867,22.5396,0,7
31307,03:06:47,114.086601,22.538601,0,0
31307,03:07:17,114.086601,22.537701,0,10
31307,03:07:47,114.082298,22.5375,0,32
31307,03:08:19,114.078499,22.5345,0,37
31307,03:08:48,114.075203,22.5319,0,34
31307,03:09:18,114.068604,22.531799,0,47
31307,03:09:48,114.062698,22.5317,0,37
31307,03:10:18,114.056999,22.531601,0,40
31307,03:10:48,114.051102,22.531601,0,38
31307,03:11:18,114.045998,22.531601,0,34
31307,03:12:18,114.044899,22.5284,0,36
31307,03:13:18,114.0466,22.5254,0,10
31307,03:13:48,114.0466,22.524599,0,3
31307,03:14:17,114.045898,22.5242,0,0
31307,03:15:17,114.0466,22.524799,0,0
31307,03:15:47,114.046799,22.525101,0,0
31307,03:16:17,114.046799,22.525101,0,0
31307,03:17:17,114.048401,22.525499,0,15
31307,03:18:19,114.0495,22.526199,0,0
31307,03:18:49,114.049599,22.5261,0,0
31307,03:19:48,114.0495,22.526199,0,0
31307,03:20:18,114.0495,22.526199,0,0
31307,03:20:48,114.0495,22.526199,0,0
31307,03:22:18,114.0495,22.526199,0,0
31307,03:22:48,114.0495,22.526199,0,0
31307,03:23:18,114.0495,22.526199,0,0
31307,03:23:48,114.0494,22.5264,0,0
31307,03:24:18,114.0494,22.5264,0,0
31307,03:24:47,114.0494,22.5264,0,0
31307,03:25:17,114.0494,22.5266,0,0
31307,03:25:47,114.0494,22.5266,0,0
31307,03:26:17,114.0494,22.5266,0,0
31307,03:26:47,114.0494,22.5266,0,0
31307,03:27:47,114.049599,22.5264,0,0
31307,03:28:49,114.049599,22.5264,0,0
31307,03:29:19,114.049599,22.5264,0,0
31307,03:29:49,114.049599,22.5271,0,9
31307,03:30:19,114.051003,22.5277,0,6
31307,03:31:48,114.053001,22.5256,0,21
31307,03:32:18,114.056198,22.525801,0,13
31307,03:33:18,114.058601,22.525801,0,12
31307,03:33:48,114.059402,22.527201,0,17
31307,03:34:18,114.058899,22.528999,0,28
31307,03:34:48,114.059799,22.5313,0,24
31307,03:35:48,114.069801,22.531601,0,29
31307,03:36:17,114.074402,22.5317,0,33
31307,03:37:47,114.081497,22.5362,0,21
31307,03:38:17,114.082001,22.534901,0,0
31307,03:39:19,114.082001,22.5348,0,0
31307,03:39:49,114.082001,22.5347,0,0
31307,03:40:19,114.082001,22.5347,0,0
31307,03:40:49,114.082001,22.5347,0,0
31307,03:41:19,114.082001,22.5347,0,0
31307,03:41:48,114.082001,22.5347,0,0
31307,03:42:18,114.082001,22.5347,0,0
31307,03:42:48,114.082001,22.5347,0,0
31307,03:43:18,114.082001,22.5347,0,0
31307,03:44:20,114.082001,22.5347,0,0
31307,03:45:20,114.082001,22.5347,0,0
31307,03:46:50,114.082001,22.5347,0,0
31307,03:47:19,114.082001,22.5347,0,0
31307,03:47:49,114.082001,22.534599,0,3
31307,03:48:19,114.082199,22.5338,0,11
31307,03:48:49,114.082001,22.5366,0,20
31307,03:49:49,114.092102,22.538099,0,36
31307,03:50:49,114.103104,22.538,0,17
31307,03:51:19,114.105499,22.5382,0,25
31307,03:52:49,114.110497,22.542,0,0
31307,03:54:20,114.115799,22.543301,0,19
31307,03:54:50,114.117699,22.544001,0,20
31307,03:55:20,114.117798,22.543301,0,0
31307,03:55:50,114.118103,22.5436,0,0
31307,03:56:20,114.117996,22.543501,0,0
31307,03:58:20,114.116997,22.541401,0,6
31307,03:59:19,114.116501,22.540899,0,3
31307,04:00:19,114.1166,22.540899,0,0
31307,04:02:19,114.115997,22.540501,0,2
31307,04:02:49,114.116898,22.5413,0,6
31307,04:03:19,114.1166,22.541,0,0
31307,04:04:20,114.116997,22.5415,0,0
31307,04:05:20,114.114502,22.539101,0,9
31307,04:06:20,114.1166,22.5411,0,5
31307,04:07:50,114.118202,22.5418,0,0
31307,04:09:20,114.118202,22.5418,0,0
31307,04:09:49,114.118202,22.5418,0,0
31307,04:10:19,114.118202,22.5418,0,0
31307,04:11:19,114.118103,22.5417,0,0
31307,04:11:49,114.118202,22.5417,0,0
31307,04:12:19,114.118202,22.5417,0,0
31307,04:12:49,114.118202,22.5417,0,0
31307,04:13:19,114.118202,22.5417,0,0
31307,04:13:49,114.118202,22.5417,0,0
31307,04:14:51,114.118202,22.5417,0,0
31307,04:15:20,114.118202,22.5417,0,0
31307,04:15:50,114.118202,22.5417,0,0
31307,04:16:50,114.118202,22.5417,0,0
31307,04:17:20,114.118202,22.5417,0,0
31307,04:18:20,114.118202,22.5417,0,0
31307,04:19:22,114.118202,22.5417,0,0
31307,04:19:52,114.118202,22.5417,0,0
31307,04:20:22,114.118202,22.5417,0,0
31307,04:21:21,114.118202,22.5417,0,0
31307,04:23:21,114.118202,22.5417,0,0
31307,04:24:21,114.118202,22.5417,0,0
31307,04:24:51,114.118202,22.5417,0,0
31307,04:25:21,114.118202,22.5417,0,0
31307,04:26:50,114.118202,22.5417,0,0
31307,04:27:50,114.118202,22.5417,0,0
31307,04:28:50,114.118202,22.5417,0,0
31307,04:29:22,114.118202,22.5417,0,0
31307,04:30:22,114.118202,22.5417,0,0
31307,04:30:52,114.118202,22.5417,0,0
31307,04:31:51,114.117104,22.541401,0,15
31307,04:32:21,114.116302,22.541201,0,10
31307,04:33:21,114.113701,22.5443,0,28
31307,04:33:51,114.113899,22.5457,0,0
31307,04:34:21,114.111603,22.5457,0,31
31307,04:34:51,114.110497,22.5476,0,0
31307,04:35:21,114.110397,22.548,0,16
31307,04:35:51,114.110001,22.5516,0,30
31307,04:36:51,114.110703,22.556801,0,33
31307,04:37:20,114.1129,22.559299,0,10
31307,04:38:20,114.104301,22.558701,0,0
31307,04:38:50,114.104301,22.558701,0,0
31307,04:39:52,114.099503,22.558599,0,0
31307,04:40:22,114.099503,22.558599,0,0
31307,04:40:52,114.099098,22.558399,0,12
31307,04:41:52,114.099297,22.5553,0,0
31307,04:42:22,114.099297,22.5534,0,27
31307,04:42:51,114.099403,22.552099,0,0
31307,04:44:21,114.103104,22.5532,0,15
31307,04:44:52,114.104103,22.553801,0,18
31307,04:45:22,114.104103,22.5574,0,26
31307,04:46:22,114.112801,22.558701,0,43
31307,04:46:52,114.118797,22.558701,0,36
31307,04:47:22,114.122498,22.556299,0,37
31307,04:47:52,114.125504,22.5527,0,10
31307,04:48:21,114.123901,22.552299,0,7
31307,04:48:30,114.123802,22.5522,0,0
31307,04:48:59,114.123596,22.552299,0,9
31307,04:49:16,114.1231,22.5522,0,0
31307,04:49:47,114.122498,22.5511,0,15
31307,04:50:17,114.122803,22.549601,0,11
31307,04:51:16,114.1231,22.547701,0,10
31307,04:52:16,114.117302,22.546499,0,0
31307,04:52:46,114.117302,22.546499,0,0
31307,04:53:16,114.113403,22.545799,0,38
31307,04:53:46,114.107002,22.544901,0,36
31307,04:54:16,114.1017,22.5439,0,36
31307,04:55:18,114.099403,22.5385,0,19
31307,04:55:48,114.094398,22.5382,0,38
31307,04:56:47,114.0821,22.537399,0,40
31307,04:57:47,114.073402,22.531799,0,42
31307,04:58:17,114.066902,22.531799,0,41
31307,04:58:47,114.060799,22.5317,0,40
31307,04:59:47,114.049301,22.531601,0,36
31307,05:00:17,114.044502,22.5315,0,30
31307,05:00:47,114.044403,22.531601,0,19
31307,05:01:17,114.044899,22.527901,0,8
31307,05:01:47,114.044502,22.5278,0,0
31307,05:02:16,114.0438,22.527599,0,13
31307,05:02:46,114.042702,22.527901,0,4
31307,05:03:16,114.042198,22.5294,0,6
31307,05:04:17,114.042,22.530899,0,7
31307,05:04:47,114.045601,22.5312,0,33
31307,05:05:47,114.055801,22.531401,0,33
31307,05:06:17,114.059799,22.531401,0,28
31307,05:06:47,114.064598,22.531401,0,28
31307,05:07:18,114.067398,22.5315,0,29
31307,05:07:47,114.0718,22.5317,0,31
31307,05:08:17,114.076302,22.5317,0,25
31307,05:09:47,114.082001,22.534901,0,0
31307,05:10:17,114.082001,22.534901,0,0
31307,05:11:47,114.082001,22.534901,0,0
31307,05:13:18,114.082001,22.534901,0,5
31307,05:13:48,114.0821,22.533899,0,0
31307,05:14:18,114.0821,22.533899,0,0
31307,05:14:48,114.0821,22.533899,0,0
31307,05:15:48,114.0821,22.533899,0,0
31307,05:16:18,114.082199,22.534,0,0
31307,05:16:48,114.082199,22.534,0,0
31307,05:17:18,114.0821,22.533701,0,7
31307,05:17:48,114.082199,22.534,0,0
31307,05:18:18,114.082199,22.534,0,0
31307,05:19:17,114.082199,22.534,0,0
31307,05:19:47,114.082199,22.534,0,0
31307,05:20:17,114.082199,22.534,0,0
31307,05:20:47,114.082199,22.534,0,0
31307,05:21:17,114.082199,22.534,0,0
31307,05:21:47,114.082199,22.534,0,0
31307,05:22:49,114.082199,22.534,0,0
31307,05:23:49,114.082199,22.534,0,0
31307,05:24:19,114.082199,22.534,0,0
31307,05:24:48,114.082199,22.534,0,0
31307,05:25:48,114.082199,22.534,0,0
31307,05:26:18,114.082199,22.534,0,0
31307,05:26:48,114.082199,22.534,0,0
31307,05:27:18,114.082199,22.534,0,0
31307,05:27:48,114.082199,22.534,0,0
31307,05:28:18,114.082199,22.534,0,0
31307,05:28:48,114.082199,22.534,0,0
31307,05:29:18,114.082199,22.534,0,0
31307,05:30:47,114.082199,22.534,0,0
31307,05:31:17,114.082199,22.534,0,0
31307,05:31:47,114.082199,22.534,0,0
31307,05:32:49,114.081902,22.537201,0,27
31307,05:33:19,114.081497,22.5404,0,4
31307,05:34:19,114.081497,22.5404,0,0
31307,05:35:19,114.084503,22.5432,0,30
31307,05:35:49,114.086304,22.5434,0,0
31307,05:36:18,114.088303,22.543501,0,12
31307,05:37:18,114.089401,22.540199,0,14
31307,05:37:49,114.0895,22.538,0,10
31307,05:38:18,114.0858,22.5376,0,19
31307,05:38:48,114.082603,22.5376,0,0
31307,05:39:18,114.082603,22.5376,0,0
31307,05:40:19,114.082603,22.534599,0,9
31307,05:40:49,114.082397,22.5336,0,6
31307,05:41:19,114.082298,22.533899,0,0
31307,05:42:18,114.0821,22.534,0,0
31307,05:42:48,114.0821,22.534,0,0
31307,05:43:18,114.0821,22.534,0,0
31307,05:43:48,114.0821,22.534,0,0
31307,05:45:19,114.0821,22.534,0,0
31307,05:45:49,114.0821,22.534,0,0
31307,05:46:19,114.0821,22.534,0,0
31307,05:46:49,114.0821,22.534,0,0
31307,05:47:19,114.0821,22.534,0,0
31307,05:47:48,114.0821,22.534,0,0
31307,05:48:18,114.0821,22.534,0,0
31307,05:48:48,114.0821,22.534,0,0
31307,05:49:50,114.0821,22.534,0,0
31307,05:50:20,114.0821,22.534,0,0
31307,05:50:50,114.0821,22.534,0,0
31307,05:51:20,114.0821,22.534,0,0
31307,05:51:50,114.0821,22.534,0,0
31307,05:52:20,114.0821,22.534,0,0
31307,05:53:19,114.0821,22.534,0,0
31307,05:53:49,114.0821,22.534,0,0
31307,05:54:19,114.0821,22.534,0,0
31307,05:55:19,114.0821,22.534,0,0
31307,05:55:49,114.0821,22.534,0,0
31307,05:56:19,114.0821,22.534,0,0
31307,05:56:49,114.0821,22.534,0,0
31307,05:57:19,114.0821,22.533899,0,0
31307,05:57:49,114.0821,22.533899,0,0
31307,05:58:19,114.0821,22.5348,0,18
31307,06:00:20,114.077499,22.537201,0,5
31307,06:00:50,114.076897,22.5355,0,12
31307,06:01:50,114.074699,22.532801,0,14
31307,06:02:20,114.072601,22.532,0,24
31307,06:02:50,114.068703,22.532,0,26
31307,06:03:20,114.064003,22.532101,0,32
31307,06:03:51,114.063202,22.532301,0,0
31307,06:04:50,114.0625,22.528,0,14
31307,06:05:20,114.060799,22.527599,0,13
31307,06:05:50,114.059502,22.5275,0,0
31307,06:06:20,114.059502,22.5275,0,0
31307,06:07:20,114.059303,22.5268,0,0
31307,06:10:20,114.059196,22.527901,0,25
31307,06:10:50,114.058601,22.531401,0,17
31307,06:11:20,114.062599,22.5308,0,0
31307,06:11:51,114.069099,22.5317,0,0
31307,06:12:21,114.075104,22.531799,0,39
31307,06:12:51,114.078796,22.534201,0,36
31307,06:13:21,114.082901,22.537399,0,44
31307,06:13:51,114.088898,22.5376,0,41
31307,06:14:51,114.101799,22.5382,0,42
31307,06:15:20,114.107002,22.537001,0,30
31307,06:15:50,114.112297,22.538,0,33
31307,06:16:20,114.116798,22.5392,0,23
31307,06:16:50,114.117798,22.5371,0,11
31307,06:17:49,114.115097,22.5348,0,0
31307,06:18:19,114.1147,22.535,0,4
31307,06:18:49,114.1147,22.535,0,0
31307,06:19:19,114.1147,22.535,0,0
31307,06:19:51,114.114197,22.534201,0,0
31307,06:20:21,114.114197,22.534201,0,0
31307,06:20:51,114.114197,22.534201,0,0
31307,06:21:51,114.119698,22.538601,0,0
31307,06:22:20,114.116898,22.5394,0,34
31307,06:22:50,114.111198,22.5378,0,39
31307,06:23:50,114.101303,22.5383,0,22
31307,06:24:20,114.096802,22.5383,0,36
31307,06:24:50,114.091599,22.5383,0,33
31307,06:25:20,114.0868,22.5376,0,30
31307,06:26:19,114.079201,22.5357,0,25
31307,06:26:49,114.076797,22.532101,0,29
31307,06:27:21,114.072304,22.532,0,30
31307,06:27:51,114.068497,22.533501,0,28
31307,06:29:21,114.068802,22.5345,0,0
31307,06:30:51,114.068802,22.5345,0,0
31307,06:31:21,114.068901,22.534201,0,4
31307,06:31:50,114.068901,22.5341,0,0
31307,06:32:21,114.068901,22.5341,0,0
31307,06:33:21,114.068901,22.5341,0,0
31307,06:33:51,114.068901,22.5341,0,0
31307,06:34:21,114.068901,22.5341,0,0
31307,06:35:21,114.068901,22.5341,0,0
31307,06:35:51,114.068901,22.5341,0,0
31307,06:36:21,114.068901,22.5341,0,0
31307,06:37:21,114.069099,22.534201,0,6
31307,06:39:21,114.069099,22.534401,0,0
31307,06:39:51,114.069099,22.534401,0,0
31307,06:40:21,114.069099,22.534401,0,0
31307,06:43:51,114.068398,22.5352,0,7
31307,06:44:21,114.068398,22.533899,0,0
31307,06:44:51,114.068398,22.533899,0,0
31307,06:45:21,114.068398,22.533899,0,0
31307,06:46:52,114.058098,22.535,0,16
31307,06:47:52,114.058197,22.5352,0,0
31307,06:48:21,114.058098,22.533701,0,30
31307,06:50:21,114.058998,22.528099,0,0
31307,06:52:52,114.058998,22.528099,0,0
31307,06:53:22,114.058998,22.528099,0,0
31307,06:54:21,114.0588,22.5277,0,11
31307,06:54:51,114.057999,22.527599,0,0
31307,06:55:22,114.0569,22.528299,0,1
31307,06:55:52,114.0569,22.5282,0,0
31307,06:56:22,114.056801,22.5282,0,1
31307,06:56:52,114.0569,22.528299,0,0
31307,06:57:22,114.0569,22.5282,0,0
31307,06:57:52,114.0569,22.5282,0,0
31307,06:58:22,114.0569,22.5282,0,0
31307,06:58:52,114.0569,22.528299,0,0
31307,06:59:51,114.0569,22.528299,0,0
31307,07:00:22,114.0569,22.528299,0,0
31307,07:00:52,114.056999,22.528299,0,0
31307,07:01:22,114.0569,22.5282,0,0
31307,07:01:52,114.0569,22.528299,0,0
31307,07:02:22,114.0569,22.528299,0,0
31307,07:03:52,114.056999,22.528299,0,0
31307,07:04:22,114.057098,22.5284,0,0
31307,07:05:53,114.0569,22.528299,0,0
31307,07:06:23,114.057098,22.5284,0,0
31307,07:06:53,114.056999,22.528299,0,0
31307,07:07:23,114.056999,22.528299,0,0
31307,07:08:23,114.0569,22.528299,0,3
31307,07:08:53,114.057198,22.5275,0,5
31307,07:09:23,114.057999,22.5277,0,0
31307,07:09:53,114.058998,22.5277,0,0
31307,07:10:52,114.058899,22.527599,0,0
31307,07:11:52,114.058197,22.534599,0,31
31307,07:12:22,114.058197,22.5352,0,0
31307,07:12:52,114.058197,22.5352,0,0
31307,07:13:22,114.058197,22.5352,0,0
31307,07:13:52,114.057999,22.535299,0,12
31307,07:14:22,114.057899,22.532,0,15
31307,07:15:24,114.048798,22.5317,0,35
31307,07:16:23,114.037201,22.530701,0,41
31307,07:16:53,114.030998,22.530199,0,41
31307,07:17:23,114.025101,22.531401,0,38
31307,07:19:23,114.003304,22.530199,0,37
31307,07:20:23,113.992798,22.526501,0,34
31307,07:20:53,113.987999,22.5242,0,38
31307,07:22:53,113.964104,22.5229,0,41
31307,07:23:53,113.952499,22.523701,0,39
31307,07:24:23,113.946602,22.5243,0,41
31307,07:24:53,113.940697,22.524599,0,37
31307,07:25:23,113.934799,22.5247,0,40
31307,07:25:53,113.929604,22.524799,0,28
31307,07:26:25,113.925697,22.5259,0,21
31307,07:26:55,113.924301,22.528099,0,23
31307,07:27:24,113.924599,22.5308,0,14
31307,07:27:54,113.926399,22.534,0,30
31307,07:28:24,113.927101,22.5376,0,23
31307,07:28:54,113.927101,22.5413,0,27
31307,07:29:54,113.928802,22.5499,0,33
31307,07:30:24,113.928596,22.5546,0,30
31307,07:30:54,113.9291,22.559099,0,31
31307,07:31:24,113.9291,22.563499,0,28
31307,07:32:53,113.926102,22.5756,0,27
31307,07:33:23,113.925301,22.578699,0,3
31307,07:34:23,113.925201,22.581499,0,19
31307,07:34:53,113.925201,22.583099,0,0
31307,07:35:53,113.925201,22.583099,0,0
31307,07:36:24,113.925201,22.583099,0,0
31307,07:36:55,113.925201,22.5842,0,0
31307,07:37:25,113.925102,22.5842,0,0
31307,07:37:55,113.925003,22.5842,0,0
31307,07:38:24,113.925003,22.5842,0,0
31307,07:38:54,113.921799,22.585199,0,24
31307,07:39:24,113.918999,22.5875,0,24
31307,07:39:54,113.918297,22.5882,0,0
31307,07:40:24,113.918297,22.5882,0,0
31307,07:40:54,113.919197,22.589199,0,20
31307,07:41:54,113.922897,22.5889,0,9
31307,07:42:54,113.924004,22.5903,0,0
31307,07:43:24,113.924202,22.5903,0,8
31307,07:43:54,113.924599,22.590599,0,0
31307,07:44:24,113.9245,22.5905,0,5
31307,07:44:54,113.923897,22.59,0,0
31307,07:45:24,113.923698,22.589701,0,0
31307,07:45:54,113.9235,22.589399,0,0
31307,07:46:24,113.9235,22.589399,0,0
31307,07:46:54,113.923302,22.589001,0,3
31307,07:47:24,113.924301,22.589199,0,9
31307,07:47:54,113.925003,22.5896,0,3
31307,07:48:24,113.924896,22.5877,0,9
31307,07:48:55,113.924698,22.5872,0,0
31307,07:49:24,113.924797,22.586901,0,0
31307,07:49:54,113.924698,22.5867,0,3
31307,07:50:24,113.924698,22.5867,0,0
31307,07:50:54,113.924599,22.586399,0,0
31307,07:51:24,113.9244,22.586399,0,4
31307,07:53:55,113.925598,22.5835,0,0
31307,07:54:25,113.925598,22.5835,0,0
31307,07:54:54,113.925598,22.5835,0,0
31307,07:55:24,113.925598,22.5835,0,0
31307,07:55:54,113.9319,22.5835,0,0
31307,07:56:24,113.9328,22.583401,0,18
31307,07:56:54,113.934799,22.583401,0,0
31307,07:57:24,113.936897,22.583401,0,22
31307,07:58:24,113.938499,22.5835,0,7
31307,07:58:54,113.939102,22.585501,0,24
31307,07:59:24,113.9403,22.586901,0,21
31307,07:59:54,113.943001,22.5868,0,7
31307,08:00:55,113.943398,22.585501,0,22
31307,08:01:55,113.943199,22.5846,0,0
31307,08:02:55,113.943199,22.5846,0,0
31307,08:03:25,113.942703,22.5839,0,0
31307,08:03:55,113.9431,22.584299,0,0
31307,08:04:25,113.9431,22.584299,0,0
31307,08:04:55,113.943398,22.5842,0,0
31307,08:05:25,113.943398,22.583599,0,15
31307,08:05:55,113.943298,22.5804,0,28
31307,08:06:25,113.943298,22.578501,0,0
31307,08:06:55,113.943298,22.578501,0,0
31307,08:12:24,113.943298,22.578501,0,0
31307,08:18:22,113.943298,22.578501,0,0
31307,08:24:19,113.943298,22.578501,0,0
31307,08:27:56,113.948402,22.542999,0,0
31307,08:28:26,113.949203,22.542999,0,15
31307,08:28:56,113.952904,22.5432,0,29
31307,08:29:21,113.943298,22.578501,0,0
31307,08:29:26,113.955902,22.543301,0,4
31307,08:29:57,113.957901,22.543301,0,17
31307,08:30:27,113.959,22.543301,0,0
31307,08:30:56,113.959,22.543301,0,0
31307,08:31:26,113.959,22.543301,0,0
31307,08:31:56,113.9599,22.543501,0,17
31307,08:32:56,113.960403,22.5469,0,0
31307,08:33:26,113.960403,22.5469,0,0
31307,08:34:26,113.9617,22.547001,0,0
31307,08:34:59,113.961098,22.547001,0,10
31307,08:35:58,113.9608,22.547001,0,0
31307,08:36:28,113.960602,22.5483,0,27
31307,08:36:58,113.9608,22.549299,0,0
31307,08:37:28,113.9608,22.549299,0,3
31307,08:37:58,113.961197,22.552099,0,20
31307,08:38:28,113.962097,22.5553,0,25
31307,08:39:28,113.9674,22.557199,0,12
31307,08:39:59,113.969101,22.5574,0,17
31307,08:40:29,113.973198,22.556601,0,26
31307,08:40:59,113.976501,22.556801,0,17
31307,08:41:28,113.980698,22.557699,0,31
31307,08:42:28,113.990196,22.5585,0,29
31307,08:42:58,113.992897,22.557301,0,7
31307,08:43:28,113.995499,22.556101,0,22
31307,08:43:58,113.999199,22.5557,0,28
31307,08:46:29,114.021698,22.560101,0,37
31307,08:46:58,114.024902,22.5604,0,0
31307,08:47:28,114.025497,22.5595,0,15
31307,08:47:58,114.027802,22.557699,0,17
31307,08:48:28,114.028503,22.557199,0,0
31307,08:48:58,114.028503,22.557199,0,0
31307,08:49:28,114.028503,22.557199,0,0
31307,08:49:58,114.029198,22.5567,0,15
31307,08:50:29,114.031303,22.555,0,13
31307,08:50:59,114.032997,22.553801,0,2
31307,08:52:58,114.0355,22.5515,0,10
31307,08:53:28,114.0373,22.552401,0,11
31307,08:53:58,114.039398,22.553499,0,12
31307,08:54:28,114.039497,22.5536,0,0
31307,08:55:29,114.0401,22.551901,0,0
31307,08:55:59,114.0401,22.551901,0,0
31307,08:56:29,114.0401,22.5502,0,11
31307,08:57:28,114.039703,22.5499,0,3
31307,08:58:28,114.044098,22.550699,0,5
31307,08:59:28,114.044197,22.5427,0,24
31307,08:59:58,114.043701,22.541201,0,7
31307,09:00:30,114.044296,22.542299,0,10
31307,09:01:00,114.046303,22.542299,0,18
31307,09:02:59,114.063499,22.5427,0,30
31307,09:03:29,114.066498,22.542601,0,22
31307,09:04:29,114.068001,22.536699,0,15
31307,09:04:59,114.067902,22.5341,0,13
31307,09:05:30,114.066597,22.5324,0,17
31307,09:06:00,114.065598,22.532,0,0
31307,09:06:30,114.065598,22.532,0,0
31307,09:07:00,114.064499,22.532,0,7
31307,09:07:30,114.063301,22.532499,0,20
31307,09:08:29,114.063103,22.534599,0,6
31307,09:08:59,114.063103,22.5347,0,0
31307,09:09:29,114.063103,22.5347,0,0
31307,09:10:30,114.063103,22.5352,0,7
31307,09:11:00,114.063004,22.5364,0,16
31307,09:11:30,114.062798,22.5371,0,3
31307,09:12:00,114.065598,22.537901,0,12
31307,09:12:30,114.067497,22.538601,0,4
31307,09:13:00,114.065903,22.5383,0,15
31307,09:13:59,114.063797,22.537701,0,0
31307,09:14:29,114.063599,22.538,0,0
31307,09:15:30,114.0606,22.5375,0,16
31307,09:16:00,114.058601,22.5375,0,0
31307,09:16:30,114.058601,22.5375,0,0
31307,09:17:30,114.057503,22.5375,0,24
31307,09:18:00,114.056297,22.5378,0,0
31307,09:18:30,114.054298,22.5376,0,24
31307,09:19:00,114.053398,22.5375,0,0
31307,09:19:29,114.053398,22.5375,0,10
31307,09:19:59,114.052002,22.5373,0,0
31307,09:20:29,114.051697,22.537399,0,0
31307,09:21:00,114.052299,22.537399,0,19
31307,09:22:00,114.055901,22.5375,0,17
31307,09:22:30,114.057701,22.5375,0,0
31307,09:23:30,114.059303,22.538,0,22
31307,09:24:00,114.060898,22.5378,0,19
31307,09:24:59,114.0625,22.537701,0,0
31307,09:26:00,114.066002,22.5382,0,19
31307,09:26:30,114.070099,22.538601,0,35
31307,09:27:00,114.071503,22.538601,0,0
31307,09:27:30,114.072197,22.538799,0,19
31307,09:29:00,114.077599,22.5403,0,2
31307,09:29:30,114.077599,22.540199,0,0
31307,09:31:00,114.079697,22.5404,0,0
31307,09:31:30,114.080101,22.5404,0,8
31307,09:32:30,114.0783,22.540199,0,10
31307,09:33:00,114.078102,22.5403,0,0
31307,09:34:00,114.076202,22.5401,0,15
31307,09:34:30,114.074203,22.539499,0,13
31307,09:35:30,114.0718,22.538799,0,16
31307,09:36:01,114.069099,22.538799,0,16
31307,09:36:31,114.0681,22.5408,0,25
31307,09:37:01,114.068199,22.5438,0,18
31307,09:37:31,114.066002,22.542801,0,20
31307,09:38:01,114.063103,22.5436,0,21
31307,09:38:31,114.062798,22.546801,0,10
31307,09:39:01,114.063202,22.547001,0,1
31307,09:39:31,114.062897,22.548901,0,27
31307,09:40:01,114.062798,22.5509,0,0
31307,09:40:31,114.062798,22.5509,0,0
31307,09:41:02,114.062798,22.5509,0,0
31307,09:41:32,114.060699,22.551399,0,25
31307,09:42:01,114.0569,22.551399,0,29
31307,09:42:31,114.0522,22.5513,0,22
31307,09:43:01,114.051804,22.5513,0,0
31307,09:43:31,114.051598,22.5513,0,8
31307,09:44:01,114.051003,22.5504,0,0
31307,09:44:31,114.051003,22.5504,0,0
31307,09:45:01,114.051003,22.5504,0,0
31307,09:46:02,114.051003,22.549801,0,0
31307,09:46:32,114.051003,22.5483,0,22
31307,09:47:01,114.0485,22.5473,0,24
31307,09:47:31,114.047798,22.5473,0,0
31307,09:48:31,114.046799,22.5452,0,9
31307,09:49:01,114.046799,22.5434,0,7
31307,09:49:31,114.047401,22.542801,0,3
31307,09:50:01,114.047302,22.5427,0,0
31307,09:50:31,114.046997,22.5427,0,6
31307,09:51:01,114.045097,22.542601,0,15
31307,09:53:01,114.044701,22.5298,0,30
31307,09:53:31,114.044899,22.5285,0,11
31307,09:54:01,114.044899,22.5273,0,11
31307,09:54:31,114.044502,22.525999,0,0
31307,09:55:31,114.0439,22.524799,0,26
31307,09:56:01,114.042297,22.5231,0,14
31307,09:56:32,114.040802,22.524,0,1
31307,09:57:02,114.039597,22.5242,0,9
31307,09:57:32,114.039299,22.524599,0,0
31307,09:58:01,114.038902,22.524401,0,0
31307,09:58:31,114.038803,22.525,0,8
31307,09:59:31,114.036797,22.5257,0,10
31307,10:00:31,114.0336,22.5259,0,10
31307,10:01:01,114.032898,22.5263,0,11
31307,10:01:33,114.030998,22.5275,0,21
31307,10:02:03,114.028702,22.5285,0,20
31307,10:02:33,114.025803,22.531099,0,26
31307,10:04:02,114.023697,22.538601,0,26
31307,10:04:32,114.022797,22.5422,0,15
31307,10:05:32,114.021698,22.546499,0,21
31307,10:06:32,114.017601,22.552299,0,34
31307,10:07:02,114.015602,22.5564,0,28
31307,10:07:32,114.014999,22.5597,0,13
31307,10:08:02,114.014702,22.561001,0,6
31307,10:08:32,114.014603,22.561701,0,5
31307,10:11:01,114.013,22.567301,0,15
31307,10:11:33,114.0121,22.5688,0,3
31307,10:12:03,114.011398,22.57,0,12
31307,10:13:03,114.0112,22.5704,0,0
31307,10:14:03,114.0112,22.5704,0,0
31307,10:14:33,114.0112,22.5704,0,0
31307,10:15:02,114.0112,22.5704,0,0
31307,10:16:03,114.0112,22.596399,0,27
31307,10:17:32,114.009201,22.6115,0,39
31307,10:18:02,114.008301,22.6166,0,31
31307,10:19:02,114.008698,22.6241,0,25
31307,10:19:32,114.008698,22.626499,0,17
31307,10:20:02,114.0112,22.628099,0,0
31307,10:21:01,114.0112,22.628099,0,0
31307,10:21:33,114.0112,22.628099,0,0
31307,10:22:03,114.014,22.629801,0,16
31307,10:22:33,114.015297,22.6306,0,27
31307,10:23:03,114.018501,22.632799,0,28
31307,10:23:33,114.020401,22.6357,0,16
31307,10:24:03,114.020699,22.636299,0,0
31307,10:25:33,114.020699,22.636299,0,0
31307,10:26:02,114.020699,22.6364,0,5
31307,10:26:33,114.019897,22.6378,0,20
31307,10:27:03,114.016899,22.6387,0,8
31307,10:28:33,114.016602,22.6388,0,12
31307,10:30:03,114.010696,22.644699,0,23
31307,10:30:33,114.009003,22.6471,0,6
31307,10:32:03,114.007401,22.6495,0,0
31307,10:32:33,114.007401,22.649599,0,8
31307,10:33:33,114.004501,22.6535,0,11
31307,10:34:03,114.003403,22.6549,0,3
31307,10:34:33,114.003403,22.6549,0,0
31307,10:36:32,113.999802,22.659901,0,0
31307,10:37:04,113.999802,22.659901,0,0
31307,10:37:34,113.999802,22.659901,0,0
31307,10:38:04,113.999603,22.660101,0,5
31307,10:38:34,113.999001,22.6609,0,4
31307,10:39:34,113.998497,22.661501,0,0
31307,10:40:04,113.998497,22.661501,0,0
31307,10:40:34,113.998497,22.661501,0,0
31307,10:41:04,113.998398,22.661699,0,6
31307,10:41:34,113.999603,22.6598,0,18
31307,10:42:33,114.002701,22.655399,0,0
31307,10:43:03,114.003502,22.6544,0,20
31307,10:43:33,114.005402,22.651699,0,24
31307,10:44:03,114.007301,22.648899,0,20
31307,10:44:33,114.007797,22.648399,0,0
31307,10:45:03,114.007698,22.6483,0,0
31307,10:45:33,114.008102,22.648001,0,12
31307,10:46:33,114.0121,22.642099,0,25
31307,10:48:04,114.016602,22.638399,0,0
31307,10:49:04,114.020798,22.6373,0,30
31307,10:49:34,114.025597,22.636,0,34
31307,10:50:04,114.030197,22.634701,0,25
31307,10:50:34,114.031502,22.6343,0,0
31307,10:51:04,114.031502,22.6343,0,0
31307,10:52:05,114.031502,22.6343,0,0
31307,10:53:05,114.033699,22.633699,0,23
31307,10:53:34,114.037498,22.633101,0,26
31307,10:54:04,114.038498,22.6329,0,0
31307,10:55:04,114.038696,22.6329,0,9
31307,10:55:34,114.041496,22.632601,0,22
31307,10:56:04,114.044701,22.632099,0,23
31307,10:58:05,114.055199,22.629499,0,0
31307,10:59:04,114.055603,22.629801,0,12
31307,10:59:34,114.055603,22.632799,0,22
31307,11:00:04,114.055603,22.633101,0,0
31307,11:00:34,114.055603,22.633101,0,0
31307,11:01:04,114.055496,22.634899,0,20
31307,11:01:34,114.055603,22.6359,0,11
31307,11:02:04,114.056602,22.6366,0,0
31307,11:02:35,114.0569,22.636801,0,5
31307,11:03:05,114.057198,22.636999,0,7
31307,11:04:04,114.058098,22.637699,0,6
31307,11:04:34,114.058998,22.638201,0,0
31307,11:05:04,114.058998,22.638201,0,0
31307,11:05:34,114.058998,22.638201,0,0
31307,11:06:04,114.058701,22.638,0,4
31307,11:06:34,114.058296,22.638,0,1
31307,11:07:04,114.056801,22.6369,0,14
31307,11:07:35,114.056,22.6364,0,0
31307,11:08:35,114.056,22.6364,0,0
31307,11:09:05,114.055801,22.636299,0,11
31307,11:09:34,114.055496,22.634199,0,18
31307,11:10:34,114.055901,22.6334,0,0
31307,11:11:04,114.055801,22.6313,0,20
31307,11:11:34,114.055496,22.630199,0,5
31307,11:12:35,114.055496,22.626101,0,21
31307,11:13:05,114.054398,22.625299,0,9
31307,11:14:35,114.055603,22.624701,0,8
31307,11:15:05,114.055702,22.622101,0,24
31307,11:16:04,114.055702,22.619801,0,6
31307,11:17:04,114.055397,22.6136,0,26
31307,11:17:35,114.054497,22.6098,0,32
31307,11:18:35,114.048897,22.604401,0,30
31307,11:19:05,114.046097,22.6043,0,16
31307,11:20:05,114.043503,22.601,0,21
31307,11:20:35,114.044098,22.5977,0,26
31307,11:21:04,114.046799,22.5951,0,29
31307,11:21:34,114.047997,22.592899,0,7
31307,11:23:06,114.0504,22.5895,0,12
31307,11:23:36,114.051903,22.5882,0,18
31307,11:24:36,114.053902,22.582899,0,22
31307,11:25:06,114.055,22.580799,0,11
31307,11:25:36,114.056297,22.579,0,16
31307,11:26:06,114.059799,22.578199,0,30
31307,11:26:35,114.065002,22.5769,0,34
31307,11:27:05,114.066704,22.5751,0,13
31307,11:28:06,114.067497,22.570601,0,21
31307,11:28:36,114.067596,22.567301,0,28
31307,11:29:06,114.067596,22.563299,0,30
31307,11:30:06,114.067596,22.5609,0,14
31307,11:30:36,114.067703,22.5592,0,0
31307,11:31:06,114.067703,22.5592,0,0
31307,11:32:05,114.067703,22.5592,0,0
31307,11:32:35,114.067703,22.5585,0,5
31307,11:33:06,114.067703,22.558399,0,0
31307,11:33:36,114.067703,22.558399,0,0
31307,11:34:36,114.067703,22.558399,0,0
31307,11:35:06,114.067802,22.5581,0,11
31307,11:36:06,114.076302,22.558201,0,31
31307,11:36:36,114.080299,22.5581,0,17
31307,11:37:06,114.081001,22.557199,0,11
31307,11:37:35,114.081497,22.554501,0,22
31307,11:39:06,114.084198,22.5516,0,26
31307,11:39:36,114.086502,22.5516,0,11
31307,11:40:36,114.088699,22.5516,0,24
31307,11:41:06,114.089798,22.551701,0,0
31307,11:41:36,114.089798,22.551701,0,0
31307,11:42:06,114.091103,22.551901,0,12
31307,11:43:06,114.091103,22.5536,0,0
31307,11:43:36,114.091103,22.554701,0,24
31307,11:44:36,114.091103,22.558001,0,0
31307,11:45:36,114.091103,22.558001,0,0
31307,11:46:36,114.090103,22.5602,0,23
31307,11:47:06,114.088501,22.563299,0,30
31307,11:47:36,114.087898,22.564899,0,3
31307,11:48:07,114.087997,22.565399,0,1
31307,11:48:37,114.087898,22.565901,0,0
31307,11:49:37,114.087898,22.565901,0,0
31307,11:50:07,114.087898,22.565599,0,5
31307,11:51:07,114.087402,22.565399,0,8
31307,11:51:37,114.085701,22.565399,0,8
31307,11:52:07,114.084396,22.563,0,25
31307,11:53:37,114.078903,22.558399,0,27
31307,11:54:06,114.074303,22.558201,0,36
31307,11:54:36,114.069199,22.558201,0,27
31307,11:55:06,114.068001,22.558201,0,0
31307,11:55:36,114.068001,22.558201,0,0
31307,11:56:06,114.068001,22.558201,0,0
31307,11:56:36,114.068001,22.558201,0,0
31307,11:59:08,114.067802,22.5509,0,21
31307,11:59:37,114.067802,22.5485,0,8
31307,12:00:07,114.067902,22.546,0,17
31307,12:00:37,114.067497,22.543501,0,26
31307,12:01:37,114.068001,22.536501,0,18
31307,12:03:03,114.067703,22.5334,0,0
31307,12:03:33,114.067703,22.5334,0,0
31307,12:05:14,114.061798,22.5221,0,15
31307,12:05:44,114.060799,22.5217,0,15
31307,12:06:14,114.060501,22.523001,0,4
31307,12:06:44,114.060402,22.523399,0,0
31307,12:07:44,114.060097,22.524599,0,7
31307,12:08:13,114.060097,22.524599,0,0
31307,12:08:43,114.059799,22.525801,0,0
31307,12:09:13,114.0597,22.525801,0,0
31307,12:09:43,114.059402,22.527201,0,13
31307,12:10:13,114.059402,22.5275,0,11
31307,12:10:43,114.057999,22.527201,0,15
31307,12:11:13,114.056999,22.528,0,0
31307,12:12:13,114.057098,22.528,0,0
31307,12:12:43,114.057098,22.528,0,0
31307,12:13:12,114.057098,22.528,0,0
31307,12:13:42,114.057098,22.528,0,0
31307,12:14:12,114.057098,22.528,0,0
31307,12:14:43,114.057098,22.528,0,0
31307,12:15:13,114.057297,22.527901,0,0
31307,12:15:43,114.057297,22.527901,0,0
31307,12:16:13,114.057098,22.528,0,0
31307,12:16:43,114.057098,22.528,0,0
31307,12:17:13,114.057297,22.528,0,0
31307,12:17:43,114.057404,22.528,0,3
31307,12:18:13,114.057602,22.528099,0,0
31307,12:18:42,114.057701,22.527901,0,0
31307,12:20:13,114.057701,22.527901,0,0
31307,12:20:43,114.057701,22.527901,0,0
31307,12:21:44,114.057297,22.528,0,0
31307,12:22:14,114.057503,22.5278,0,0
31307,12:22:44,114.057503,22.527901,0,0
31307,12:23:43,114.057297,22.528,0,1
31307,12:25:43,114.057404,22.527901,0,0
31307,12:26:13,114.057503,22.527901,0,1
31307,12:26:43,114.057503,22.527901,0,0
31307,12:27:43,114.057999,22.5278,0,7
31307,12:28:13,114.057198,22.5278,0,1
31307,12:29:12,114.0588,22.527599,0,0
31307,12:29:42,114.058403,22.5277,0,0
31307,12:31:13,114.057503,22.5278,0,0
31307,12:33:43,114.057503,22.5278,0,0
31307,12:34:13,114.057503,22.5278,0,0
31307,12:35:44,114.057503,22.527901,0,0
31307,12:36:14,114.057503,22.527901,0,0
31307,12:37:14,114.057297,22.528,0,0
31307,12:37:44,114.057297,22.528,0,0
31307,12:38:14,114.057404,22.528099,0,0
31307,12:38:44,114.057404,22.528099,0,0
31307,12:39:14,114.057404,22.528099,0,0
31307,12:40:15,114.057297,22.528,0,0
31307,12:40:44,114.057198,22.528099,0,0
31307,12:41:14,114.057198,22.528099,0,0
31307,12:41:44,114.057503,22.527901,0,0
31307,12:42:44,114.057503,22.527901,0,0
31307,12:44:14,114.057503,22.527901,0,0
31307,12:44:44,114.057503,22.527901,0,0
31307,12:45:45,114.057098,22.528,0,0
31307,12:46:14,114.057098,22.528,0,0
31307,12:46:44,114.057098,22.528,0,0
31307,12:49:14,114.057602,22.5278,0,0
31307,12:49:48,114.057602,22.5278,0,0
31307,12:52:19,114.058197,22.534599,0,5
31307,12:53:19,114.057999,22.5369,0,22
31307,12:54:19,114.058098,22.5436,0,35
31307,12:54:48,114.057899,22.5471,0,5
31307,12:55:18,114.057999,22.5471,0,0
31307,12:56:49,114.057899,22.549101,0,0
31307,12:57:19,114.0569,22.5495,0,20
31307,12:57:49,114.054703,22.5494,0,18
31307,12:58:50,114.051399,22.5495,0,0
31307,13:00:49,114.051399,22.5483,0,1
31307,13:01:49,114.051697,22.5483,0,0
31307,13:02:49,114.051697,22.548201,0,0
31307,13:03:19,114.051697,22.548201,0,0
31307,13:03:50,114.052002,22.548201,0,0
31307,13:04:20,114.051804,22.5481,0,0
31307,13:05:20,114.051598,22.547501,0,11
31307,13:06:19,114.048401,22.5474,0,0
31307,13:06:49,114.047699,22.546301,0,14
31307,13:07:49,114.046898,22.5453,0,14
31307,13:08:19,114.046799,22.5436,0,10
31307,13:08:50,114.047501,22.5429,0,4
31307,13:09:50,114.043602,22.542999,0,20
31307,13:10:50,114.044403,22.5369,0,32
31307,13:11:19,114.044403,22.533001,0,19
31307,13:11:49,114.042801,22.5315,0,17
31307,13:12:19,114.039803,22.531,0,24
31307,13:12:49,114.0355,22.5305,0,36
31307,13:13:19,114.029701,22.530399,0,39
31307,13:13:49,114.0243,22.5317,0,36
31307,13:14:21,114.019798,22.5322,0,27
31307,13:15:21,114.015404,22.532801,0,21
31307,13:15:51,114.014297,22.534901,0,23
31307,13:16:21,114.013802,22.537399,0,5
31307,13:16:51,114.014099,22.537201,0,0
31307,13:17:20,114.014099,22.537201,0,0
31307,13:17:50,114.014099,22.537399,0,3
31307,13:18:20,114.016197,22.5378,0,13
31307,13:18:50,114.019096,22.5387,0,24
31307,13:21:20,114.026604,22.5397,0,0
31307,13:21:50,114.028503,22.5401,0,17
31307,13:22:20,114.0308,22.5406,0,6
31307,13:22:49,114.030899,22.5408,0,17
31307,13:23:19,114.027802,22.5404,0,18
31307,13:23:49,114.024597,22.540199,0,22
31307,13:24:21,114.022797,22.5429,0,26
31307,13:24:51,114.021896,22.546301,0,26
31307,13:25:21,114.0196,22.549601,0,31
31307,13:25:51,114.0168,22.5536,0,34
31307,13:27:51,114.008499,22.5581,0,29
31307,13:28:21,114.003899,22.5562,0,36
31307,13:28:50,113.998596,22.555901,0,35
31307,13:30:50,113.978798,22.5578,0,33
31307,13:31:20,113.975899,22.556999,0,27
31307,13:32:20,113.967697,22.558001,0,22
31307,13:33:21,113.966698,22.561899,0,27
31307,13:33:50,113.9655,22.5632,0,0
31307,13:34:20,113.965302,22.5632,0,10
31307,13:34:50,113.962997,22.5639,0,18
31307,13:35:20,113.961403,22.564199,0,0
31307,13:36:20,113.965698,22.563101,0,0
31307,13:36:50,113.966499,22.562799,0,12
31307,13:37:20,113.968002,22.564501,0,18
31307,13:37:52,113.969299,22.566099,0,13
31307,13:41:21,113.975502,22.5634,0,0
31307,13:42:21,113.9776,22.562201,0,11
31307,13:44:22,113.983101,22.556999,0,29
31307,13:44:51,113.981697,22.553301,0,25
31307,13:45:21,113.9842,22.5506,0,25
31307,13:45:51,113.986,22.549801,0,23
31307,13:46:51,113.9963,22.546,0,45
31307,13:47:21,114.002701,22.544399,0,43
31307,13:50:21,114.016098,22.537901,0,10
31307,13:50:51,114.017899,22.5382,0,11
31307,13:51:21,114.018898,22.538099,0,3
31307,13:52:52,114.019203,22.536501,0,0
31307,13:53:22,114.019302,22.5362,0,7
31307,13:53:52,114.018898,22.535999,0,4
31307,13:54:22,114.018799,22.535601,0,8
31307,13:54:52,114.018402,22.5348,0,0
31307,13:55:52,114.018799,22.534901,0,5
31307,13:56:21,114.018799,22.535601,0,0
31307,13:57:51,114.018799,22.5359,0,0
31307,13:59:52,114.019203,22.537201,0,7
31307,14:00:22,114.019096,22.5376,0,3
31307,14:00:52,114.018997,22.5382,0,7
31307,14:01:21,114.020302,22.539,0,23
31307,14:01:51,114.024597,22.5396,0,30
31307,14:02:21,114.029099,22.5404,0,22
31307,14:02:51,114.0308,22.540501,0,0
31307,14:03:23,114.031601,22.5406,0,18
31307,14:04:23,114.040001,22.542,0,29
31307,14:04:53,114.043297,22.5422,0,19
31307,14:05:23,114.0466,22.542101,0,22
31307,14:05:53,114.048302,22.5418,0,4
31307,14:06:23,114.049004,22.541201,0,4
31307,14:07:22,114.050499,22.539499,0,14
31307,14:07:52,114.052696,22.5394,0,10
31307,14:08:22,114.051498,22.538401,0,4
31307,14:08:52,114.051697,22.5383,0,0
31307,14:09:22,114.051903,22.538799,0,7
31307,14:09:52,114.052299,22.5389,0,0
31307,14:10:52,114.0513,22.5375,0,4
31307,14:11:22,114.051903,22.5376,0,5
31307,14:11:52,114.0532,22.537399,0,9
31307,14:12:51,114.057098,22.537399,0,17
31307,14:13:23,114.058098,22.5366,0,0
31307,14:13:53,114.057999,22.536699,0,0
31307,14:15:53,114.060997,22.5354,0,17
31307,14:16:23,114.062798,22.5345,0,22
31307,14:17:23,114.062202,22.5329,0,0
31307,14:20:22,114.063103,22.5352,0,0
31307,14:20:52,114.063103,22.5352,0,0
31307,14:21:52,114.063202,22.537001,0,0
31307,14:23:24,114.063004,22.5415,0,32
31307,14:24:23,114.062897,22.547001,0,0
31307,14:24:53,114.062798,22.5492,0,22
31307,14:25:53,114.062698,22.554199,0,23
31307,14:26:53,114.066597,22.5581,0,20
31307,14:27:23,114.066803,22.5581,0,0
31307,14:27:53,114.0662,22.558201,0,21
31307,14:28:24,114.061996,22.5588,0,32
31307,14:28:54,114.058701,22.561899,0,22
31307,14:29:23,114.060097,22.5625,0,13
31307,14:30:23,114.060799,22.562201,0,0
31307,14:30:53,114.061096,22.562,0,0
31307,14:31:23,114.060997,22.562201,0,4
31307,14:31:53,114.060997,22.562201,0,0
31307,14:32:23,114.062302,22.562201,0,7
31307,14:32:53,114.062302,22.560699,0,5
31307,14:33:54,114.0625,22.564301,0,27
31307,14:34:24,114.062698,22.5681,0,20
31307,14:35:23,114.070198,22.5693,0,25
31307,14:35:53,114.0737,22.570499,0,19
31307,14:36:53,114.081497,22.572201,0,32
31307,14:37:23,114.0849,22.569901,0,18
31307,14:37:53,114.085899,22.5681,0,18
31307,14:38:23,114.087601,22.566601,0,18
31307,14:40:24,114.101196,22.5709,0,30
31307,14:40:54,114.1035,22.570499,0,19
31307,14:41:24,114.103897,22.5686,0,22
31307,14:41:54,114.103798,22.5667,0,10
31307,14:42:24,114.103798,22.565701,0,0
31307,14:42:54,114.103798,22.565701,0,0
31307,14:44:24,114.103798,22.565701,0,1
31307,14:44:54,114.103798,22.565201,0,0
31307,14:45:24,114.103798,22.565201,0,0
31307,14:46:23,114.103798,22.565201,0,0
31307,14:46:53,114.103798,22.565201,0,0
31307,14:47:53,114.103897,22.562599,0,20
31307,14:48:23,114.103996,22.562201,0,0
31307,14:48:55,114.103996,22.562201,0,0
31307,14:50:55,114.104103,22.556101,0,1
31307,14:51:24,114.104103,22.5548,0,17
31307,14:52:24,114.104103,22.553801,0,0
31307,14:52:54,114.104103,22.553101,0,8
31307,14:53:24,114.105003,22.5513,0,17
31307,14:53:55,114.105103,22.5488,0,5
31307,14:54:25,114.105103,22.5487,0,0
31307,14:54:55,114.105103,22.5487,0,0
31307,14:55:25,114.1054,22.547899,0,14
31307,14:56:54,114.105301,22.547199,0,1
31307,14:57:24,114.105698,22.5474,0,0
31307,14:57:54,114.106102,22.547501,0,5
31307,14:58:24,114.105698,22.5462,0,10
31307,14:58:54,114.106003,22.545401,0,0
31307,14:59:25,114.106003,22.545401,0,0
31307,15:00:25,114.106102,22.5453,0,0
31307,15:00:55,114.106102,22.5453,0,0
31307,15:01:25,114.107697,22.544901,0,25
31307,15:01:55,114.1101,22.545,0,13
31307,15:02:54,114.1101,22.543301,0,0
31307,15:03:24,114.110199,22.542801,0,0
31307,15:04:25,114.110199,22.542801,0,0
31307,15:04:55,114.110199,22.542801,0,0
31307,15:05:25,114.110199,22.5425,0,1
31307,15:05:55,114.110298,22.5422,0,4
31307,15:06:55,114.1119,22.538401,0,20
31307,15:08:24,114.113701,22.5347,0,0
31307,15:08:27,114.113701,22.5347,0,0
31307,15:08:56,114.113701,22.5347,0,0
31307,15:09:57,114.113297,22.533899,0,0
31307,15:10:27,114.113297,22.533899,0,0
31307,15:10:57,114.113297,22.533899,0,0
31307,15:12:57,114.113297,22.533899,0,0
31307,15:13:26,114.113297,22.533899,0,0
31307,15:13:40,114.113297,22.533899,0,0
31307,15:14:10,114.113297,22.533899,0,0
31307,15:15:11,114.113899,22.538099,0,11
31307,15:15:41,114.113602,22.5401,0,10
31307,15:16:40,114.113701,22.542101,0,0
31307,15:17:10,114.1138,22.541901,0,0
31307,15:19:42,114.117798,22.5432,0,0
31307,15:20:12,114.117996,22.5436,0,8
31307,15:20:42,114.118599,22.5434,0,5
31307,15:21:12,114.1194,22.542601,0,0
31307,15:21:41,114.119499,22.5422,0,10
31307,15:22:11,114.119797,22.542,0,0
31307,15:22:41,114.119797,22.5413,0,14
31307,15:23:41,114.119598,22.539301,0,0
31307,15:25:12,114.117996,22.5373,0,16
31307,15:26:12,114.115997,22.5354,0,8
31307,15:27:12,114.115303,22.535,0,0
31307,15:27:41,114.115303,22.535,0,0
31307,15:28:41,114.114502,22.5347,0,0
31307,15:30:12,114.114197,22.534901,0,3
31307,15:31:12,114.114304,22.535,0,0
31307,15:31:42,114.114304,22.535,0,0
31307,15:32:12,114.114304,22.535,0,0
31307,15:32:42,114.116997,22.5364,0,19
31307,15:33:41,114.119698,22.5385,0,19
31307,15:35:11,114.125999,22.542101,0,10
31307,15:35:41,114.125999,22.544001,0,25
31307,15:36:11,114.1259,22.544701,0,0
31307,15:36:41,114.1259,22.544701,0,0
31307,15:37:11,114.1259,22.544701,0,0
31307,15:37:43,114.1259,22.544701,0,0
31307,15:38:42,114.124199,22.5455,0,8
31307,15:38:50,114.124397,22.545601,0,2
31307,15:39:49,114.124199,22.545799,0,0
31307,15:42:52,114.120796,22.542999,0,2
31307,15:44:22,114.120499,22.5422,0,0
31307,15:44:52,114.120499,22.5422,0,0
31307,15:45:52,114.120399,22.5418,0,8
31307,15:47:21,114.120399,22.539,0,0
31307,15:48:53,114.117699,22.5389,0,0
31307,15:49:24,114.117203,22.5396,0,0
31307,15:50:54,114.119598,22.541201,0,0
31307,15:51:24,114.120003,22.5413,0,6
31307,15:52:23,114.119102,22.5406,0,4
31307,15:54:53,114.1045,22.537901,0,18
31307,15:55:23,114.102203,22.5383,0,22
31307,15:55:53,114.097801,22.5383,0,27
31307,15:56:53,114.092201,22.5383,0,13
31307,15:57:22,114.0905,22.538099,0,10
31307,15:59:24,114.081398,22.5373,0,12
31307,15:59:54,114.080002,22.5366,0,2
31307,16:00:24,114.079102,22.535601,0,12
31307,16:00:54,114.078102,22.534,0,15
31307,16:01:24,114.076698,22.5322,0,16
31307,16:01:54,114.0737,22.532,0,22
31307,16:02:24,114.070198,22.532101,0,21
31307,16:02:53,114.068199,22.534901,0,26
31307,16:03:23,114.0681,22.5387,0,25
31307,16:03:53,114.068901,22.542,0,24
31307,16:04:54,114.068001,22.547199,0,0
31307,16:05:24,114.068001,22.547199,0,0
31307,16:05:54,114.068001,22.547199,0,0
31307,16:06:54,114.068001,22.549101,0,0
31307,16:07:24,114.067902,22.5502,0,9
31307,16:07:54,114.067902,22.550501,0,0
31307,16:08:53,114.067902,22.550501,0,0
31307,16:09:23,114.067902,22.550501,0,0
31307,16:09:54,114.067902,22.5515,0,23
31307,16:10:54,114.067802,22.559299,0,13
31307,16:11:24,114.067703,22.562599,0,26
31307,16:12:54,114.065498,22.569201,0,22
31307,16:13:53,114.057899,22.5665,0,32
31307,16:14:54,114.050102,22.5655,0,28
31307,16:15:24,114.046997,22.5658,0,10
31307,16:16:24,114.044601,22.565201,0,0
31307,16:18:24,114.039101,22.563801,0,14
31307,16:18:54,114.040398,22.562599,0,24
31307,16:19:23,114.042099,22.5597,0,27
31307,16:20:54,114.0438,22.5562,0,20
31307,16:21:24,114.044098,22.5522,0,24
31307,16:21:54,114.044098,22.5513,0,0
31307,16:22:54,114.044098,22.5513,0,6
31307,16:23:24,114.044197,22.5487,0,29
31307,16:23:54,114.044296,22.5443,0,33
31307,16:24:23,114.044296,22.5401,0,27
31307,16:25:55,114.047501,22.5373,0,0
31307,16:26:25,114.047501,22.5373,0,0
31307,16:26:55,114.047501,22.537399,0,3
31307,16:27:25,114.050102,22.537399,0,24
31307,16:28:25,114.055496,22.5375,0,22
31307,16:29:25,114.056602,22.537399,0,0
31307,16:29:54,114.057404,22.5376,0,0
31307,16:30:25,114.057404,22.5376,0,0
31307,16:31:25,114.057899,22.539,0,0
31307,16:31:55,114.057999,22.540701,0,19
31307,16:34:25,114.068901,22.543501,0,10
31307,16:34:54,114.068802,22.5436,0,0
31307,16:35:55,114.068001,22.545601,0,0
31307,16:37:25,114.068001,22.545601,0,0
31307,16:37:55,114.068001,22.5466,0,10
31307,16:38:25,114.068001,22.5471,0,0
31307,16:38:55,114.068001,22.5471,0,0
31307,16:39:25,114.068001,22.5471,0,0
31307,16:40:25,114.068001,22.547199,0,7
31307,16:40:55,114.0681,22.549801,0,14
31307,16:41:25,114.068001,22.5516,0,13
31307,16:41:55,114.068001,22.553301,0,15
31307,16:42:25,114.068001,22.555799,0,16
31307,16:43:25,114.068398,22.557899,0,5
31307,16:44:55,114.077797,22.558201,0,23
31307,16:45:26,114.082298,22.5583,0,37
31307,16:45:55,114.087196,22.5583,0,29
31307,16:46:25,114.090302,22.558399,0,3
31307,16:46:55,114.090302,22.558399,0,0
31307,16:47:25,114.090302,22.558399,0,0
31307,16:47:55,114.090302,22.558399,0,0
31307,16:48:25,114.090302,22.558399,0,0
31307,16:48:55,114.090401,22.558399,0,5
31307,16:49:25,114.093697,22.5585,0,33
31307,16:49:55,114.098297,22.558599,0,11
31307,16:50:56,114.099197,22.5592,0,0
31307,16:51:25,114.099197,22.5592,0,0
31307,16:51:55,114.099197,22.5592,0,0
31307,16:52:25,114.099403,22.5597,0,5
31307,16:53:25,114.099297,22.5602,0,0
31307,16:53:55,114.099297,22.5602,0,0
31307,16:54:25,114.099297,22.5602,0,0
31307,16:55:27,114.099297,22.5602,0,0
31307,16:55:57,114.099297,22.5602,0,0
31307,16:56:27,114.099297,22.5602,0,0
31307,16:56:56,114.099297,22.5602,0,0
31307,16:57:26,114.099297,22.5602,0,0
31307,16:57:56,114.099297,22.5602,0,0
31307,16:58:56,114.099403,22.5616,0,0
31307,16:59:26,114.100304,22.5616,0,12
31307,17:00:26,114.101097,22.5616,0,4
31307,17:00:57,114.101601,22.5599,0,10
31307,17:01:27,114.101601,22.5595,0,0
31307,17:01:57,114.101601,22.5595,0,0
31307,17:02:27,114.101799,22.559401,0,3
31307,17:03:26,114.100998,22.561199,0,2
31307,17:03:56,114.101196,22.5632,0,11
31307,17:04:56,114.101402,22.565001,0,11
31307,17:05:26,114.101501,22.5667,0,10
31307,17:05:57,114.101501,22.568199,0,11
31307,17:07:27,114.103996,22.572701,0,23
31307,17:07:57,114.106796,22.5744,0,24
31307,17:08:26,114.1101,22.5762,0,17
31307,17:09:26,114.116699,22.576401,0,18
31307,17:10:26,114.1166,22.5772,0,20
31307,17:10:57,114.115402,22.579599,0,7
31307,17:11:27,114.115997,22.579901,0,7
31307,17:11:57,114.118401,22.5798,0,21
31307,17:12:57,114.121201,22.5793,0,6
31307,17:13:27,114.121201,22.5793,0,0
31307,17:14:26,114.121498,22.5793,0,4
31307,17:14:56,114.1222,22.5793,0,0
31307,17:15:26,114.1222,22.5793,0,0
31307,17:15:57,114.1222,22.5793,0,0
31307,17:16:27,114.1222,22.5793,0,0
31307,17:17:57,114.122803,22.5802,0,4
31307,17:18:27,114.121597,22.580299,0,2
31307,17:19:26,114.121498,22.5811,0,1
31307,17:19:56,114.121201,22.5811,0,2
31307,17:20:56,114.121002,22.5812,0,0
31307,17:21:26,114.121002,22.5812,0,0
31307,17:21:56,114.121002,22.5812,0,0
31307,17:22:28,114.121201,22.5809,0,0
31307,17:22:57,114.1222,22.580299,0,10
31307,17:23:57,114.122803,22.579599,0,0
31307,17:24:57,114.122803,22.579599,0,0
31307,17:25:56,114.122803,22.579599,0,0
31307,17:26:26,114.122803,22.579599,0,0
31307,17:26:56,114.122398,22.579399,0,9
31307,17:27:26,114.121101,22.579201,0,5
31307,17:27:58,114.119797,22.5793,0,8
31307,17:28:28,114.116997,22.5802,0,22
31307,17:29:28,114.1147,22.581699,0,11
31307,17:29:58,114.113503,22.584101,0,18
31307,17:30:28,114.112,22.5867,0,25
31307,17:30:57,114.1101,22.589199,0,26
31307,17:31:27,114.109497,22.592501,0,24
31307,17:32:58,114.115997,22.603201,0,28
31307,17:33:28,114.119202,22.6063,0,34
31307,17:34:28,114.125702,22.609501,0,9
31307,17:34:58,114.126602,22.610201,0,8
31307,17:35:28,114.128799,22.611601,0,19
31307,17:35:58,114.127502,22.612801,0,17
31307,17:36:27,114.125298,22.614,0,18
31307,17:36:57,114.126503,22.6159,0,20
31307,17:37:27,114.127701,22.617001,0,12
31307,17:37:58,114.128502,22.617901,0,1
31307,17:38:28,114.128502,22.618,0,3
31307,17:38:58,114.128502,22.618,0,5
31307,17:39:28,114.126404,22.6159,0,22
31307,17:39:58,114.123497,22.613899,0,12
31307,17:40:28,114.122902,22.613501,0,0
31307,17:40:58,114.122902,22.613501,0,0
31307,17:41:28,114.122902,22.613501,0,8
31307,17:41:57,114.120598,22.611799,0,12
31307,17:42:27,114.120399,22.6117,0,0
31307,17:42:58,114.120399,22.6117,0,0
31307,17:43:58,114.121902,22.609301,0,15
31307,17:44:58,114.118599,22.6063,0,27
31307,17:45:28,114.116898,22.6043,0,21
31307,17:45:58,114.113998,22.600901,0,35
31307,17:46:28,114.111504,22.597099,0,28
31307,17:46:58,114.109596,22.5933,0,29
31307,17:47:58,114.110802,22.587999,0,15
31307,17:48:58,114.110001,22.5937,0,26
31307,17:49:28,114.111397,22.596399,0,11
31307,17:49:58,114.111801,22.596701,0,5
31307,17:50:28,114.112,22.596399,0,5
31307,17:50:58,114.112503,22.5959,0,1
31307,17:51:28,114.112503,22.5959,0,0
31307,17:51:58,114.112503,22.5959,0,0
31307,17:52:28,114.112099,22.5961,0,3
31307,17:53:29,114.111801,22.5965,0,0
31307,17:54:29,114.1119,22.597601,0,13
31307,17:54:59,114.1138,22.600401,0,32
31307,17:55:29,114.114098,22.6012,0,23
31307,17:55:59,114.1119,22.597799,0,20
31307,17:56:29,114.110497,22.5951,0,29
31307,17:56:59,114.1092,22.590799,0,34
31307,17:57:29,114.111,22.586901,0,14
31307,17:57:59,114.111198,22.5867,0,0
31307,17:58:58,114.112,22.5858,0,13
31307,17:59:28,114.1138,22.5832,0,24
31307,18:01:28,114.1129,22.5767,0,15
31307,18:03:30,114.098503,22.569901,0,23
31307,18:03:59,114.0952,22.568501,0,13
31307,18:04:29,114.093903,22.568199,0,7
31307,18:05:29,114.090401,22.567301,0,16
31307,18:05:59,114.087799,22.5667,0,24
31307,18:06:29,114.085098,22.5639,0,27
31307,18:06:59,114.082901,22.560499,0,30
31307,18:07:29,114.080101,22.5567,0,30
31307,18:09:29,114.078499,22.5548,0,0
31307,18:10:29,114.076797,22.552799,0,6
31307,18:11:59,114.0728,22.5513,0,0
31307,18:14:30,114.070801,22.551201,0,0
31307,18:20:59,114.064003,22.551399,0,0
31307,18:21:29,114.064003,22.551399,0,0
31307,18:22:29,114.063202,22.5515,0,0
31307,18:23:29,114.063202,22.5515,0,0
31307,18:24:30,114.063202,22.5515,0,0
31307,18:25:30,114.058296,22.5515,0,15
31307,18:25:59,114.054703,22.551399,0,24
31307,18:26:29,114.052597,22.551399,0,0
31307,18:27:29,114.048599,22.5511,0,0
31307,18:27:59,114.048599,22.5511,0,0
31307,18:29:01,114.048599,22.5511,0,0
31307,18:29:31,114.048599,22.5511,0,0
31307,18:30:01,114.048599,22.5511,0,0
31307,18:31:30,114.048401,22.5511,0,8
31307,18:32:30,114.045403,22.5508,0,0
31307,18:33:30,114.045403,22.5508,0,0
31307,18:34:00,114.045403,22.5508,0,0
31307,18:34:30,114.045403,22.5508,0,0
31307,18:35:00,114.045403,22.5508,0,0
31307,18:35:30,114.045403,22.5508,0,0
31307,18:36:00,114.045403,22.5508,0,0
31307,18:36:30,114.045403,22.5508,0,0
31307,18:36:59,114.045097,22.550699,0,9
31307,18:37:29,114.0448,22.550699,0,0
31307,18:39:01,114.0448,22.550699,0,0
31307,18:40:01,114.0448,22.550699,0,0
31307,18:41:01,114.044296,22.545401,0,31
31307,18:42:01,114.044403,22.536301,0,32
31307,18:42:30,114.044403,22.533899,0,7
31307,18:43:30,114.044403,22.5319,0,6
31307,18:44:01,114.044403,22.5312,0,6
31307,18:44:31,114.043503,22.5306,0,11
31307,18:45:01,114.045403,22.5312,0,23
31307,18:47:01,114.0513,22.5263,0,18
31307,18:47:30,114.049797,22.525801,0,9
31307,18:48:30,114.049698,22.5263,0,0
31307,18:49:00,114.049797,22.5264,0,1
31307,18:49:30,114.049797,22.5266,0,0
31307,18:50:00,114.0495,22.5268,0,0
31307,18:50:32,114.0494,22.527,0,0
31307,18:51:02,114.049004,22.527201,0,0
31307,18:51:32,114.049004,22.527201,0,0
31307,18:54:01,114.0495,22.528099,0,9
31307,18:54:31,114.050598,22.5296,0,22
31307,18:55:01,114.050903,22.530199,0,10
31307,18:55:32,114.051201,22.5299,0,0
31307,18:56:02,114.0522,22.530001,0,0
31307,18:56:32,114.052902,22.529301,0,0
31307,18:57:02,114.052902,22.529499,0,0
31307,18:59:01,114.052803,22.5294,0,0
31307,19:00:01,114.052803,22.5294,0,0
31307,19:00:31,114.052803,22.5294,0,0
31307,19:01:32,114.052803,22.5294,0,0
31307,19:02:02,114.052803,22.5294,0,0
31307,19:03:02,114.0513,22.5296,0,7
31307,19:03:31,114.0513,22.5292,0,0
31307,19:05:01,114.0485,22.527599,0,11
31307,19:05:31,114.047302,22.527599,0,6
31307,19:06:31,114.045799,22.5273,0,0
31307,19:07:02,114.044899,22.5294,0,29
31307,19:08:32,114.0466,22.539301,0,19
31307,19:09:01,114.047897,22.539499,0,2
31307,19:10:31,114.046303,22.539801,0,12
31307,19:11:01,114.0448,22.5413,0,28
31307,19:11:31,114.044502,22.545799,0,31
31307,19:12:03,114.044403,22.548,0,0
31307,19:12:33,114.044296,22.548,0,0
31307,19:14:03,114.044296,22.549,0,0
31307,19:16:02,114.044197,22.5555,0,6
31307,19:17:02,114.042099,22.556601,0,18
31307,19:18:32,114.037903,22.555599,0,13
31307,19:19:02,114.035599,22.555599,0,17
31307,19:20:02,114.033401,22.556601,0,12
31307,19:21:01,114.032204,22.556499,0,0
31307,19:21:31,114.032204,22.556999,0,9
31307,19:22:03,114.0327,22.557301,0,11
31307,19:22:33,114.034203,22.555901,0,14
31307,19:23:03,114.034103,22.554199,0,21
31307,19:24:33,114.033699,22.552,0,0
31307,19:25:03,114.034203,22.5499,0,16
31307,19:25:33,114.034302,22.5488,0,0
31307,19:26:32,114.034302,22.5488,0,0
31307,19:27:02,114.0345,22.547899,0,6
31307,19:27:33,114.034798,22.5467,0,11
31307,19:29:33,114.035004,22.5455,0,0
31307,19:30:33,114.035004,22.545099,0,0
31307,19:33:03,114.035103,22.5446,0,0
31307,19:33:33,114.035202,22.544399,0,4
31307,19:34:03,114.035202,22.5441,0,3
31307,19:34:33,114.035301,22.543699,0,0
31307,19:35:03,114.0354,22.5432,0,3
31307,19:35:33,114.035599,22.5425,0,12
31307,19:36:33,114.035698,22.541901,0,0
31307,19:37:02,114.035698,22.541901,0,0
31307,19:39:03,114.041603,22.5422,0,25
31307,19:39:33,114.045502,22.542299,0,26
31307,19:40:03,114.047699,22.5418,0,5
31307,19:41:03,114.047997,22.540001,0,0
31307,19:41:33,114.047997,22.540001,0,0
31307,19:42:03,114.048203,22.5394,0,7
31307,19:42:33,114.047897,22.537701,0,0
31307,19:43:03,114.047897,22.537701,0,0
31307,19:43:33,114.047897,22.537399,0,10
31307,19:44:39,114.049004,22.537399,0,16
31307,19:45:09,114.050797,22.537399,0,8
31307,19:45:39,114.051201,22.537901,0,7
31307,19:46:09,114.054001,22.5394,0,8
31307,19:46:39,114.051003,22.5369,0,19
31307,19:47:09,114.052299,22.5382,0,0
31307,19:47:40,114.052803,22.5389,0,5
31307,19:49:25,114.053101,22.5394,0,0
31307,19:49:55,114.053398,22.5394,0,0
31307,19:50:25,114.054398,22.539499,0,13
31307,19:50:54,114.056602,22.5396,0,14
31307,19:52:24,114.058197,22.5375,0,8
31307,19:53:26,114.062401,22.5375,0,12
31307,19:53:56,114.0625,22.5375,0,0
31307,19:54:26,114.062599,22.5375,0,4
31307,19:54:56,114.065002,22.5378,0,22
31307,19:55:26,114.069504,22.538601,0,36
31307,19:55:56,114.0718,22.5385,0,8
31307,19:56:55,114.072601,22.5359,0,3
31307,19:57:55,114.074203,22.5354,0,0
31307,19:58:26,114.074203,22.5354,0,0
31307,19:58:56,114.074898,22.535,0,6
31307,19:59:26,114.0755,22.534401,0,0
31307,20:01:25,114.075203,22.533501,0,0
31307,20:01:55,114.074997,22.5333,0,3
31307,20:02:55,114.071297,22.532,0,22
31307,20:03:25,114.067802,22.532,0,22
31307,20:03:55,114.0681,22.5315,0,30
31307,20:04:26,114.067398,22.528799,0,5
31307,20:06:26,114.062897,22.521099,0,15
31307,20:06:55,114.062302,22.520399,0,3
31307,20:07:25,114.061897,22.520399,0,4
31307,20:07:55,114.061401,22.520901,0,0
31307,20:08:55,114.062897,22.5191,0,0
31307,20:09:26,114.062798,22.518999,0,4
31307,20:10:56,114.062698,22.5177,0,0
31307,20:11:56,114.063301,22.5173,0,0
31307,20:12:55,114.063301,22.5173,0,0
31307,20:13:25,114.063301,22.5173,0,0
31307,20:13:55,114.063797,22.5175,0,8
31307,20:14:25,114.063301,22.5177,0,0
31307,20:14:57,114.063103,22.517799,0,0
31307,20:15:27,114.063103,22.517799,0,0
31307,20:15:57,114.063202,22.5186,0,9
31307,20:17:57,114.063202,22.5191,0,0
31307,20:20:57,114.059303,22.520201,0,0
31307,20:21:27,114.057198,22.519199,0,33
31307,20:21:57,114.051697,22.5182,0,22
31307,20:22:27,114.0513,22.5182,0,0
31307,20:22:57,114.0513,22.5182,0,0
31307,20:24:26,114.042801,22.5208,0,18
31307,20:24:56,114.042702,22.5224,0,19
31307,20:25:26,114.043701,22.524,0,23
31307,20:25:56,114.044197,22.525,0,0
31307,20:26:26,114.044098,22.525101,0,3
31307,20:26:56,114.044998,22.5268,0,22
31307,20:27:26,114.044899,22.529499,0,27
31307,20:27:56,114.044601,22.534,0,33
31307,20:28:57,114.044403,22.5441,0,34
31307,20:31:27,114.039902,22.5502,0,0
31307,20:31:57,114.039299,22.5502,0,17
31307,20:33:28,114.034698,22.5485,0,5
31307,20:33:58,114.032402,22.5476,0,14
31307,20:34:57,114.030098,22.5457,0,0
31307,20:35:27,114.030098,22.5457,0,0
31307,20:35:57,114.030098,22.5457,0,0
31307,20:36:27,114.030098,22.5457,0,0
31307,20:36:57,114.030098,22.5457,0,0
31307,20:37:27,114.030098,22.5457,0,0
31307,20:37:57,114.030098,22.5457,0,0
31307,20:38:58,114.032204,22.5462,0,11
31307,20:39:28,114.033798,22.545601,0,19
31307,20:39:57,114.035004,22.545099,0,18
31307,20:40:57,114.0355,22.5425,0,0
31307,20:41:57,114.036201,22.5415,0,18
31307,20:42:57,114.0448,22.5424,0,29
31307,20:44:29,114.054802,22.542,0,33
31307,20:44:59,114.0578,22.541599,0,21
31307,20:46:28,114.0578,22.538601,0,0
31307,20:46:58,114.057701,22.538601,0,0
31307,20:48:28,114.058098,22.537399,0,0
31307,20:49:28,114.058098,22.537399,0,0
31307,20:49:58,114.058098,22.537399,0,0
31307,20:50:28,114.058098,22.537399,0,0
31307,20:51:57,114.056297,22.533501,0,0
31307,20:52:28,114.0504,22.531601,0,21
31307,20:53:28,114.042,22.531099,0,39
31307,20:53:58,114.0364,22.5306,0,40
31307,20:54:58,114.025101,22.531401,0,33
31307,20:55:28,114.020103,22.5322,0,22
31307,20:55:58,114.016602,22.5313,0,24
31307,20:56:57,114.007202,22.5298,0,29
31307,20:57:28,114.001602,22.530199,0,39
31307,20:57:58,113.9963,22.528799,0,35
31307,20:58:58,113.988098,22.5242,0,30
31307,20:59:28,113.983803,22.5233,0,34
31307,20:59:58,113.978104,22.523001,0,37
31307,21:00:28,113.972298,22.5229,0,40
31307,21:00:58,113.966003,22.5229,0,41
31307,21:02:27,113.948601,22.524099,0,43
31307,21:04:29,113.925903,22.5254,0,33
31307,21:04:59,113.921997,22.5264,0,12
31307,21:05:59,113.919296,22.526899,0,0
31307,21:06:29,113.919296,22.526899,0,0
31307,21:06:59,113.919098,22.5268,0,0
31307,21:07:59,113.918999,22.527201,0,0
31307,21:08:29,113.918999,22.527201,0,0
31307,21:08:59,113.918999,22.527599,0,0
31307,21:09:29,113.9188,22.527399,0,0
31307,21:09:59,113.9188,22.5271,0,0
31307,21:12:29,113.918098,22.525299,0,26
31307,21:13:29,113.917801,22.5242,0,21
31307,21:15:29,113.909302,22.5151,0,20
31307,21:16:29,113.9086,22.514999,0,5
31307,21:18:00,113.9086,22.515499,0,0
31307,21:19:59,113.914001,22.518,0,0
31307,21:20:29,113.915001,22.518999,0,29
31307,21:20:59,113.917099,22.520901,0,0
31307,21:21:29,113.917099,22.520901,0,0
31307,21:21:59,113.917603,22.521999,0,13
31307,21:22:29,113.917603,22.522499,0,16
31307,21:23:30,113.917999,22.523899,0,0
31307,21:23:59,113.918503,22.525801,0,11
31307,21:24:29,113.918503,22.5264,0,8
31307,21:24:59,113.9207,22.5264,0,19
31307,21:25:29,113.923698,22.525999,0,27
31307,21:25:59,113.926399,22.524799,0,7
31307,21:26:29,113.928902,22.5242,0,20
31307,21:27:29,113.935204,22.523701,0,29
31307,21:28:01,113.940201,22.524,0,34
31307,21:28:28,113.944397,22.523899,0,1
31307,21:28:57,113.946198,22.5238,0,18
31307,21:29:27,113.948502,22.5224,0,22
31307,21:29:57,113.949303,22.525299,0,23
31307,21:31:57,113.9534,22.540199,0,32
31307,21:32:57,113.958801,22.5432,0,2
31307,21:33:30,113.959602,22.5431,0,10
31307,21:34:00,113.962196,22.542299,0,22
31307,21:35:29,113.9674,22.5404,0,19
31307,21:36:59,113.976097,22.5369,0,29
31307,21:37:59,113.981499,22.536301,0,0
31307,21:39:01,113.987198,22.5361,0,38
31307,21:40:00,113.991898,22.5347,0,7
31307,21:41:00,113.993202,22.531401,0,0
31307,21:42:00,113.993202,22.531401,0,0
31307,21:42:30,113.993599,22.5291,0,30
31307,21:43:31,113.993896,22.5268,0,20
31307,21:45:30,114.007599,22.5296,0,20
31307,21:46:00,114.011101,22.530001,0,27
31307,21:46:30,114.015099,22.530899,0,25
31307,21:47:00,114.018097,22.5317,0,18
31307,21:47:30,114.021004,22.532101,0,22
31307,21:48:00,114.025101,22.531401,0,34
31307,21:48:31,114.030296,22.530199,0,32
31307,21:50:01,114.047401,22.531401,0,42
31307,21:53:00,114.0774,22.532,0,20
31307,21:53:31,114.078796,22.534,0,18
31307,21:54:01,114.079498,22.535601,0,11
31307,21:54:41,114.080101,22.5361,0,14
31307,21:55:11,114.081802,22.5359,0,10
31307,21:55:41,114.082001,22.5352,0,0
31307,21:56:39,114.0821,22.533899,0,0
31307,21:57:39,114.082199,22.533701,0,8
31307,21:58:09,114.0821,22.533899,0,0
31307,21:59:10,114.083199,22.537201,0,25
31307,21:59:40,114.086304,22.537201,0,12
31307,22:00:40,114.094498,22.5378,0,29
31307,22:01:10,114.0989,22.537901,0,21
31307,22:01:40,114.0998,22.5378,0,0
31307,22:02:09,114.0998,22.5378,0,0
31307,22:02:39,114.1008,22.5378,0,0
31307,22:08:11,114.1008,22.5378,0,0
31307,22:09:10,114.114601,22.534401,0,15
31307,22:09:40,114.114304,22.5355,0,0
31307,22:10:10,114.113701,22.5359,0,10
31307,22:11:10,114.1129,22.535999,0,0
31307,22:11:40,114.112297,22.536301,0,9
31307,22:12:10,114.112,22.5382,0,11
31307,22:13:39,114.111504,22.5413,0,1
31307,22:14:41,114.111504,22.5415,0,0
31307,22:15:11,114.111504,22.5415,0,0
31307,22:19:42,114.1101,22.555901,0,19
31307,22:22:11,114.103798,22.558701,0,19
31307,22:22:41,114.099998,22.5585,0,18
31307,22:23:11,114.099602,22.558599,0,0
31307,22:24:10,114.099503,22.558599,0,11
31307,22:24:40,114.099297,22.555799,0,20
31307,22:25:42,114.098999,22.5555,0,0
31307,22:26:12,114.099297,22.5525,0,20
31307,22:27:12,114.099403,22.5522,0,0
31307,22:27:42,114.099403,22.5522,0,0
31307,22:28:12,114.099503,22.549999,0,26
31307,22:28:42,114.099403,22.549101,0,0
31307,22:31:12,114.1017,22.5478,0,8
31307,22:31:42,114.102798,22.5488,0,9
31307,22:33:42,114.104599,22.5515,0,7
31307,22:34:12,114.104301,22.5539,0,17
31307,22:34:42,114.104202,22.555599,0,5
31307,22:35:11,114.104202,22.558001,0,10
31307,22:36:42,114.106903,22.562901,0,23
31307,22:37:12,114.1073,22.565901,0,15
31307,22:37:42,114.107498,22.566799,0,0
31307,22:38:12,114.107498,22.566799,0,0
31307,22:38:42,114.107498,22.566799,0,0
31307,22:40:41,114.104202,22.565001,0,0
31307,22:41:11,114.104202,22.565001,0,0
31307,22:43:12,114.103996,22.5585,0,15
31307,22:43:42,114.104103,22.555901,0,12
31307,22:44:12,114.104103,22.553499,0,0
31307,22:45:12,114.104401,22.552601,0,14
31307,22:46:43,114.1054,22.548599,0,16
31307,22:47:13,114.105698,22.547001,0,5
31307,22:48:43,114.109901,22.5455,0,15
31307,22:49:13,114.110603,22.5441,0,7
31307,22:49:43,114.110397,22.5467,0,5
31307,22:52:12,114.110397,22.556499,0,24
31307,22:53:42,114.119202,22.559099,0,25
31307,22:54:12,114.119698,22.5592,0,24
31307,22:54:43,114.119202,22.5618,0,16
31307,22:55:13,114.118401,22.564699,0,28
31307,22:55:43,114.118202,22.5662,0,0
31307,22:56:13,114.117798,22.5718,0,28
31307,22:57:11,114.110397,22.5467,0,0
31307,22:57:12,114.120796,22.5763,0,14
31307,22:57:42,114.123901,22.576599,0,22
31307,22:58:12,114.128197,22.5774,0,37
31307,22:58:42,114.133301,22.576799,0,34
31307,22:59:12,114.135902,22.5758,0,24
31307,22:59:42,114.138199,22.575199,0,0
31307,23:00:12,114.138603,22.575001,0,9
31307,23:00:42,114.1399,22.577499,0,30
31307,23:01:14,114.1409,22.5807,0,0
31307,23:01:44,114.1409,22.5807,0,0
31307,23:02:43,114.146698,22.594299,0,0
31307,23:03:13,114.146698,22.594299,0,0
31307,23:03:43,114.151299,22.6024,0,0
31307,23:04:14,114.155602,22.608601,0,0
31307,23:04:43,114.155602,22.6145,0,42
31307,23:05:13,114.155998,22.6203,0,40
31307,23:06:13,114.151802,22.6301,0,37
31307,23:06:43,114.1511,22.635599,0,37
31307,23:07:43,114.148399,22.6446,0,30
31307,23:09:12,114.143799,22.6495,0,15
31307,23:10:14,114.144997,22.651199,0,5
31307,23:10:44,114.145897,22.6523,0,20
31307,23:11:14,114.1474,22.652399,0,8
31307,23:11:44,114.149002,22.6541,0,13
31307,23:12:14,114.1492,22.654301,0,0
31307,23:13:13,114.1465,22.652599,0,18
31307,23:13:43,114.1455,22.6521,0,3
31307,23:15:43,114.143402,22.6495,0,11
31307,23:16:13,114.144501,22.648001,0,0
31307,23:16:43,114.144501,22.648001,0,0
31307,23:17:13,114.144798,22.647699,0,18
31307,23:17:43,114.147499,22.644899,0,37
31307,23:18:13,114.150101,22.6409,0,27
31307,23:19:12,114.150497,22.6376,0,0
31307,23:19:44,114.150803,22.6357,0,20
31307,23:20:14,114.151299,22.631701,0,29
31307,23:24:13,114.137802,22.621901,0,16
31307,23:24:44,114.136902,22.6213,0,19
31307,23:25:14,114.134201,22.6182,0,19
31307,23:25:44,114.133698,22.617599,0,0
31307,23:26:14,114.1315,22.615101,0,37
31307,23:26:44,114.127899,22.611601,0,34
31307,23:27:14,114.125298,22.6099,0,12
31307,23:27:44,114.122101,22.608101,0,28
31307,23:28:14,114.118202,22.6061,0,23
31307,23:28:44,114.117798,22.6056,0,0
31307,23:29:14,114.117699,22.6056,0,0
31307,23:30:14,114.116898,22.6047,0,21
31307,23:31:14,114.115097,22.602501,0,12
31307,23:31:44,114.112396,22.5989,0,40
31307,23:32:44,114.1091,22.591,0,30
31307,23:33:14,114.110901,22.587,0,27
31307,23:33:44,114.112099,22.585501,0,5
31307,23:35:45,114.117699,22.570999,0,30
31307,23:38:13,114.125397,22.552999,0,0
31307,23:38:43,114.125397,22.552999,0,0
31307,23:39:11,114.112099,22.585501,0,0
31307,23:39:13,114.125801,22.550301,0,20
31307,23:40:42,114.122704,22.549101,0,4
31307,23:41:12,114.122902,22.547899,0,0
31307,23:41:45,114.120796,22.547501,0,9
31307,23:42:15,114.117599,22.546801,0,5
31307,23:42:45,114.114601,22.546301,0,21
31307,23:43:15,114.112701,22.5457,0,19
31307,23:44:45,114.100403,22.543699,0,13
31307,23:45:15,114.099503,22.5432,0,12
31307,23:45:45,114.099098,22.541201,0,13
31307,23:46:14,114.097298,22.5411,0,4
31307,23:47:15,114.097,22.5424,0,14
31307,23:47:45,114.099197,22.5438,0,11
31307,23:48:15,114.099403,22.543699,0,0
31307,23:49:15,114.094101,22.543501,0,0
31307,23:49:45,114.0923,22.5434,0,29
31307,23:50:15,114.088799,22.5434,0,29
31307,23:50:45,114.084801,22.5432,0,2
31307,23:51:14,114.084801,22.5432,0,0
31307,23:51:44,114.083801,22.5432,0,19
31307,23:52:15,114.081398,22.5436,0,1
