33604,00:00:24,114.127457,22.610666,1,41
33604,00:01:24,114.130585,22.610855,1,0
33604,00:02:24,114.136185,22.609604,1,59
33604,00:03:24,114.138184,22.609432,1,19
33604,00:04:24,114.13887,22.611862,1,23
33604,00:05:24,114.139526,22.614101,1,21
33604,00:06:24,114.139786,22.616068,1,0
33604,00:06:55,114.139961,22.616171,0,1
33604,00:07:24,114.139709,22.616247,0,0
33604,00:08:24,114.139877,22.616295,0,0
33604,00:09:24,114.139832,22.616085,0,1
33604,00:10:24,114.139908,22.615782,0,7
33604,00:10:49,114.139908,22.615782,0,0
33604,00:11:24,114.13958,22.614227,0,1
33604,00:12:24,114.139458,22.613688,0,12
33604,00:13:24,114.138924,22.611183,0,14
33604,00:14:24,114.138054,22.609352,0,9
33604,00:15:24,114.135391,22.609854,0,12
33604,00:16:24,114.13179,22.610729,0,13
33604,00:17:24,114.128777,22.612448,0,35
33604,00:18:24,114.121147,22.607628,0,64
33604,00:19:24,114.115128,22.602608,0,13
33604,00:20:24,114.114311,22.601463,0,59
33604,00:21:24,114.109245,22.592592,0,53
33604,00:22:24,114.11248,22.585035,0,40
33604,00:23:24,114.116417,22.577118,0,76
33604,00:24:24,114.117348,22.568327,0,22
33604,00:25:24,114.114296,22.562616,0,66
33604,00:26:02,114.128777,22.612448,0,0
33604,00:26:24,114.115379,22.554855,0,40
33604,00:27:24,114.113998,22.551928,0,18
33604,00:28:24,114.114555,22.550583,0,4
33604,00:29:24,114.116562,22.54962,0,35
33604,00:30:24,114.11705,22.547495,0,31
33604,00:31:24,114.113503,22.545725,0,10
33604,00:32:24,114.11451,22.54653,0,3
33604,00:33:24,114.114799,22.546825,0,0
33604,00:34:24,114.112206,22.545557,0,31
33604,00:35:24,114.104752,22.544498,0,9
33604,00:36:24,114.10598,22.543758,0,4
33604,00:36:31,114.105942,22.543524,0,0
33604,00:37:05,114.105637,22.543379,1,6
33604,00:37:24,114.106361,22.542549,1,39
33604,00:38:14,114.110275,22.541643,0,1
33604,00:38:24,114.110352,22.541622,0,0
33604,00:39:24,114.111053,22.536903,0,46
33604,00:40:24,114.111526,22.530903,0,9
33604,00:41:15,114.110352,22.541622,0,0
33604,00:41:24,114.111977,22.531281,0,3
33604,00:42:24,114.111076,22.535667,0,24
33604,00:43:24,114.110558,22.538191,0,26
33604,00:44:24,114.110641,22.5415,0,0
33604,00:45:24,114.107445,22.541588,0,0
33604,00:46:24,114.107086,22.541613,0,11
33604,00:47:24,114.104782,22.542185,0,14
33604,00:50:24,114.104729,22.540873,1,5
33604,00:51:24,114.106598,22.541315,1,19
33604,00:52:24,114.106079,22.544392,1,1
33604,00:54:24,114.105026,22.549261,1,31
33604,00:55:24,114.104004,22.553068,1,24
33604,00:56:24,114.105377,22.558519,1,11
33604,00:56:28,114.107445,22.541588,0,0
33604,00:57:24,114.107193,22.561665,1,44
33604,00:58:24,114.107346,22.566442,1,0
33604,00:59:24,114.10762,22.567686,0,1
33604,01:00:24,114.107346,22.56922,0,17
33604,01:01:24,114.107559,22.569572,0,0
33604,01:02:24,114.107811,22.568602,0,48
33604,01:03:24,114.10743,22.566692,1,26
33604,01:04:24,114.117088,22.568289,1,61
33604,01:05:24,114.119621,22.559065,1,58
33604,01:06:24,114.11908,22.554169,1,15
33604,01:07:24,114.117271,22.551531,1,0
33604,01:08:24,114.116219,22.549274,1,48
33604,01:09:24,114.117119,22.547071,1,21
33604,01:10:24,114.120026,22.546013,1,12
33604,01:10:47,114.120277,22.545271,0,7
33604,01:11:24,114.12027,22.544647,0,9
33604,01:11:41,114.12027,22.544647,0,0
33604,01:12:24,114.120186,22.544136,0,1
33604,01:13:24,114.120346,22.544052,0,0
33604,01:14:24,114.120354,22.543943,0,0
33604,01:15:24,114.12059,22.543688,0,7
33604,01:16:24,114.120392,22.54204,0,0
33604,01:17:24,114.119507,22.540852,0,24
33604,01:18:24,114.117691,22.540232,0,5
33604,01:19:24,114.117218,22.541361,0,13
33604,01:20:24,114.11776,22.541456,0,1
33604,01:21:24,114.117706,22.541534,0,4
33604,01:22:24,114.11805,22.541044,0,2
33604,01:23:24,114.116592,22.539766,1,36
33604,01:24:24,114.105057,22.537443,1,49
33604,01:25:24,114.10817,22.541407,1,48
33604,01:26:24,114.109009,22.537914,1,32
33604,01:26:54,114.109009,22.537914,1,0
33604,01:27:24,114.106636,22.536163,1,0
33604,01:28:24,114.108871,22.537252,1,0
33604,01:29:24,114.109444,22.537399,1,26
33604,01:30:24,114.110222,22.541384,1,23
33604,01:31:24,114.110359,22.541533,1,8
33604,01:32:24,114.110359,22.547661,1,12
33604,01:33:24,114.109917,22.555803,1,60
33604,01:34:24,114.115631,22.558285,0,14
33604,01:35:24,114.115501,22.555899,0,35
33604,01:36:24,114.114426,22.553022,0,27
33604,01:37:24,114.112206,22.548615,0,12
33604,01:38:24,114.111153,22.547825,0,0
33604,01:39:24,114.109322,22.547663,0,35
33604,01:40:24,114.106224,22.545675,0,27
33604,01:41:24,114.10434,22.543226,0,21
33604,01:42:07,114.110359,22.547661,1,0
33604,01:42:24,114.102074,22.541838,0,8
33604,01:43:00,114.102524,22.540794,0,0
33604,01:43:24,114.102509,22.540867,0,0
33604,01:44:24,114.102669,22.541178,0,0
33604,01:45:24,114.102631,22.541243,0,0
33604,01:46:24,114.102562,22.54129,0,0
33604,01:47:24,114.102585,22.541199,0,0
33604,01:48:24,114.102516,22.541147,0,0
33604,01:49:24,114.102325,22.541332,0,0
33604,01:50:24,114.102554,22.541065,0,0
33604,01:51:24,114.102158,22.541187,0,0
33604,01:52:24,114.102409,22.541147,0,0
33604,01:53:24,114.102402,22.541164,0,0
33604,01:54:24,114.102196,22.54117,0,0
33604,01:55:24,114.102524,22.541046,0,0
33604,01:56:24,114.102417,22.541241,0,0
33604,01:57:19,114.102417,22.541241,0,0
33604,01:57:24,114.102501,22.54114,0,0
33604,01:58:24,114.102386,22.541187,0,0
33604,01:59:24,114.102386,22.541042,0,0
33604,02:00:24,114.102501,22.541121,0,0
33604,02:01:24,114.102554,22.541428,0,0
33604,02:02:24,114.102547,22.541321,0,0
33604,02:03:24,114.102524,22.541265,0,0
33604,02:04:24,114.102539,22.541128,0,0
33604,02:05:24,114.102631,22.541039,0,0
33604,02:06:24,114.102463,22.541307,0,6
33604,02:07:24,114.102425,22.541201,0,1
33604,02:08:24,114.10218,22.541006,0,2
33604,02:09:24,114.10218,22.541138,0,1
33604,02:10:24,114.102135,22.541479,0,7
33604,02:10:37,114.102135,22.541452,0,0
33604,02:11:24,114.10218,22.541292,0,0
33604,02:12:24,114.102203,22.541279,0,0
33604,02:12:32,114.102463,22.541307,0,0
33604,02:13:24,114.102318,22.540817,0,0
33604,02:14:24,114.102211,22.541262,0,0
33604,02:15:24,114.102325,22.540953,0,0
33604,02:16:25,114.101784,22.541267,1,18
33604,02:17:25,114.099487,22.543104,1,0
33604,02:18:25,114.099586,22.55077,1,66
33604,02:19:25,114.099419,22.551889,1,0
33604,02:20:25,114.09948,22.558489,1,30
33604,02:21:25,114.099274,22.558252,1,2
33604,02:22:25,114.099251,22.56427,1,59
33604,02:23:25,114.099052,22.573923,1,63
33604,02:24:25,114.101318,22.582617,1,59
33604,02:25:25,114.103798,22.586517,1,12
33604,02:26:25,114.106499,22.58802,1,19
33604,02:26:32,114.106644,22.588037,0,2
33604,02:26:58,114.106743,22.587988,0,0
33604,02:27:25,114.106743,22.587988,0,0
33604,02:27:45,114.106743,22.587988,0,0
33604,02:28:25,114.106766,22.587957,0,0
33604,02:29:02,114.106743,22.587948,1,9
33604,02:29:25,114.105576,22.587269,1,29
33604,02:30:25,114.10347,22.586304,1,29
33604,02:31:25,114.101196,22.582211,1,61
33604,02:32:25,114.098961,22.577976,1,1
33604,02:33:25,114.099068,22.569056,1,80
33604,02:34:25,114.099174,22.56176,1,4
33604,02:35:25,114.097511,22.561506,1,46
33604,02:35:43,114.095802,22.561228,0,8
33604,02:36:25,114.094597,22.561092,0,16
33604,02:37:25,114.095757,22.56016,0,9
33604,02:38:25,114.097389,22.560013,0,0
33604,02:39:25,114.097488,22.560022,0,0
33604,02:40:25,114.098129,22.559914,0,7
33604,02:41:25,114.099129,22.558796,0,0
33604,02:42:25,114.101379,22.558468,0,46
33604,02:42:58,114.101379,22.558468,0,0
33604,02:43:25,114.104103,22.554688,0,40
33604,02:44:25,114.103058,22.552999,0,7
33604,02:45:25,114.104698,22.551647,0,9
33604,02:46:25,114.103233,22.552794,0,0
33604,02:47:25,114.103333,22.552769,0,7
33604,02:48:25,114.103203,22.552448,0,3
33604,02:49:25,114.103058,22.552765,0,2
33604,02:50:25,114.103004,22.552311,0,3
33604,02:51:02,114.102989,22.552588,1,5
33604,02:51:25,114.102081,22.552528,1,25
33604,02:52:25,114.099388,22.547544,1,14
33604,02:53:25,114.099243,22.543606,1,33
33604,02:54:25,114.09391,22.543472,1,0
33604,02:55:25,114.091385,22.543434,1,60
33604,02:56:25,114.081917,22.543175,1,36
33604,02:57:25,114.081627,22.541622,1,4
33604,02:58:11,114.081627,22.541622,1,0
33604,02:58:15,114.081726,22.541868,0,4
33604,02:58:25,114.081802,22.541948,0,0
33604,02:59:25,114.081902,22.542061,0,2
33604,03:00:25,114.08165,22.540754,0,20
33604,03:01:25,114.079887,22.543041,0,65
33604,03:02:25,114.071922,22.543913,0,1
33604,03:03:25,114.071671,22.546057,0,19
33604,03:04:25,114.073189,22.54767,0,49
33604,03:05:25,114.078362,22.547068,0,19
33604,03:06:25,114.078537,22.549038,0,0
33604,03:07:07,114.078293,22.549114,1,4
33604,03:07:25,114.077011,22.549177,1,33
33604,03:08:25,114.07592,22.54784,1,43
33604,03:09:25,114.06839,22.547775,1,29
33604,03:10:25,114.066376,22.551197,1,51
33604,03:10:32,114.065956,22.55127,0,1
33604,03:11:25,114.064316,22.551382,0,46
33604,03:12:25,114.065468,22.551178,0,36
33604,03:13:24,114.065468,22.551178,0,0
33604,03:13:25,114.074585,22.551357,0,48
33604,03:14:25,114.076935,22.551495,0,50
33604,03:15:25,114.078545,22.549303,0,0
33604,03:15:57,114.078583,22.54911,0,0
33604,03:16:25,114.078499,22.549213,0,0
33604,03:17:25,114.078529,22.549141,0,4
33604,03:17:28,114.078545,22.54907,0,0
33604,03:18:25,114.078583,22.548943,0,0
33604,03:19:25,114.078606,22.548908,0,0
33604,03:20:24,114.078629,22.548937,0,0
33604,03:21:02,114.078606,22.548559,0,0
33604,03:21:25,114.078606,22.548563,0,0
33604,03:22:24,114.078621,22.548538,0,0
33604,03:23:24,114.078583,22.548546,0,0
33604,03:24:24,114.078651,22.548552,0,0
33604,03:25:24,114.078514,22.548672,0,0
33604,03:26:24,114.078644,22.548513,0,0
33604,03:27:24,114.078636,22.548494,0,0
33604,03:28:24,114.07869,22.548498,0,0
33604,03:28:37,114.07869,22.548498,0,0
33604,03:29:24,114.078705,22.548588,0,0
33604,03:30:24,114.07872,22.548656,0,0
33604,03:31:24,114.078712,22.548685,0,0
33604,03:32:24,114.078705,22.54862,0,0
33604,03:33:24,114.078674,22.548582,0,0
33604,03:34:07,114.078667,22.548122,0,0
33604,03:34:24,114.078674,22.548046,0,0
33604,03:35:24,114.078552,22.548056,0,0
33604,03:36:24,114.078636,22.548004,0,0
33604,03:37:24,114.078583,22.54793,0,2
33604,03:37:47,114.078667,22.547916,0,0
33604,03:38:24,114.078629,22.547859,0,0
33604,03:39:24,114.078629,22.547838,0,0
33604,03:40:24,114.078644,22.547741,0,4
33604,03:41:18,114.078613,22.54771,0,0
33604,03:41:24,114.078613,22.54771,0,0
33604,03:42:24,114.078529,22.547712,0,0
33604,03:43:24,114.078629,22.547659,0,0
33604,03:43:49,114.078629,22.547859,0,0
33604,03:44:24,114.078636,22.54768,0,0
33604,03:45:24,114.078659,22.547682,0,0
33604,03:46:24,114.07914,22.547218,1,38
33604,03:47:24,114.085464,22.547075,1,37
33604,03:48:24,114.091225,22.546732,1,40
33604,03:49:24,114.091263,22.543631,1,0
33604,03:50:24,114.100182,22.543512,1,69
33604,03:51:24,114.109673,22.545176,1,63
33604,03:52:24,114.116882,22.548124,1,22
33604,03:53:24,114.118546,22.547998,0,20
33604,03:54:24,114.121223,22.547735,0,6
33604,03:55:24,114.114929,22.546177,0,55
33604,03:56:24,114.106285,22.544771,0,10
33604,03:57:24,114.106377,22.542599,0,27
33604,03:58:00,114.10479,22.540813,0,0
33604,03:58:24,114.10466,22.540819,0,0
33604,03:59:02,114.10466,22.540819,0,0
33604,03:59:24,114.104614,22.540632,0,0
33604,04:00:24,114.104736,22.540688,0,0
33604,04:01:24,114.104767,22.540836,0,1
33604,04:01:40,114.104836,22.540916,0,0
33604,04:02:24,114.104912,22.540928,0,0
33604,04:03:24,114.104866,22.540911,0,0
33604,04:04:24,114.104866,22.540882,0,0
33604,04:05:24,114.105278,22.540993,0,0
33604,04:06:24,114.105316,22.540913,0,1
33604,04:07:24,114.105301,22.540886,0,0
33604,04:08:24,114.105278,22.540876,0,0
33604,04:09:24,114.105316,22.540874,0,0
33604,04:10:24,114.105949,22.540733,1,2
33604,04:11:24,114.108093,22.541321,1,45
33604,04:12:24,114.113358,22.542385,1,0
33604,04:13:24,114.114311,22.542494,1,31
33604,04:14:15,114.105949,22.540733,1,0
33604,04:14:24,114.117142,22.543381,1,40
33604,04:15:24,114.11908,22.543739,1,0
33604,04:16:24,114.119362,22.544094,0,3
33604,04:17:24,114.120392,22.544107,0,10
33604,04:18:24,114.120483,22.541931,0,1
33604,04:19:24,114.120277,22.54175,0,0
33604,04:20:24,114.118973,22.540438,0,15
33604,04:21:24,114.116249,22.540873,0,7
33604,04:22:24,114.117546,22.541325,0,8
33604,04:22:43,114.117683,22.541433,0,0
33604,04:23:24,114.117676,22.541466,0,0
33604,04:24:24,114.117821,22.541428,0,0
33604,04:25:24,114.117874,22.541395,0,3
33604,04:26:24,114.117851,22.541397,0,0
33604,04:27:24,114.117897,22.541388,0,1
33604,04:28:24,114.117996,22.541498,0,2
33604,04:29:24,114.118019,22.54147,0,0
33604,04:29:27,114.118019,22.54147,0,0
33604,04:30:24,114.11805,22.541317,0,2
33604,04:31:24,114.117912,22.540956,0,1
33604,04:32:24,114.118126,22.541258,0,1
33604,04:33:24,114.118126,22.541227,0,1
33604,04:34:24,114.118248,22.541328,0,3
33604,04:35:24,114.118233,22.541332,0,0
33604,04:36:24,114.1185,22.540623,1,1
33604,04:37:24,114.120537,22.541887,1,32
33604,04:38:24,114.123711,22.544847,1,48
33604,04:39:24,114.125664,22.544905,1,0
33604,04:39:58,114.124847,22.545195,0,1
33604,04:40:24,114.124779,22.545095,0,0
33604,04:41:24,114.123344,22.545021,0,31
33604,04:42:24,114.121239,22.543425,0,12
33604,04:43:24,114.120438,22.541897,0,12
33604,04:44:24,114.116692,22.539642,0,26
33604,04:44:40,114.120438,22.541897,0,0
33604,04:45:24,114.11692,22.541262,0,16
33604,04:45:45,114.117371,22.54138,0,0
33604,04:46:24,114.117577,22.541323,0,3
33604,04:46:47,114.117569,22.541319,0,0
33604,04:47:24,114.117584,22.541298,0,0
33604,04:48:24,114.117538,22.541407,0,0
33604,04:49:24,114.117516,22.541578,0,0
33604,04:50:24,114.117668,22.541227,0,0
33604,04:51:24,114.117653,22.541452,0,0
33604,04:51:24,114.117653,22.541451,0,0
33604,04:52:24,114.117676,22.541416,0,0
33604,04:53:24,114.117714,22.541471,0,0
33604,04:54:24,114.117661,22.54158,0,0
33604,04:55:24,114.117836,22.541323,0,0
33604,04:56:24,114.117485,22.541792,0,0
33604,04:57:24,114.117699,22.54151,0,0
33604,04:58:24,114.117561,22.541529,0,0
33604,04:59:24,114.117615,22.541458,0,3
33604,04:59:43,114.117752,22.541346,0,0
33604,04:59:54,114.117714,22.541471,0,0
33604,05:00:24,114.11776,22.541317,0,2
33604,05:01:24,114.118431,22.540312,1,0
33604,05:02:24,114.119644,22.538658,1,16
33604,05:03:24,114.126328,22.542267,1,54
33604,05:04:24,114.135956,22.548819,1,79
33604,05:05:24,114.143295,22.555548,1,65
33604,05:06:24,114.155334,22.559189,1,94
33604,05:07:24,114.168945,22.562693,1,88
33604,05:08:24,114.180939,22.557808,1,85
33604,05:09:24,114.194496,22.559334,1,76
33604,05:13:24,114.253273,22.577141,1,100
33604,05:14:24,114.264343,22.587152,1,94
33604,05:15:06,114.264343,22.587152,1,0
33604,05:15:24,114.275932,22.590483,1,90
33604,05:18:24,114.300568,22.60445,1,44
33604,05:19:24,114.30146,22.603218,1,4
33604,05:20:24,114.306007,22.600471,1,36
33604,05:21:12,114.304337,22.598185,0,0
33604,05:21:24,114.304352,22.598173,0,0
33604,05:22:24,114.305809,22.600155,0,36
33604,05:23:24,114.307655,22.601362,0,27
33604,05:24:24,114.306885,22.601221,0,27
33604,05:25:24,114.302963,22.60317,0,11
33604,05:26:24,114.306381,22.601013,0,0
33604,05:27:24,114.307701,22.601313,0,0
33604,05:28:24,114.308548,22.601522,0,26
33604,05:29:24,114.309082,22.601669,0,2
33604,05:29:33,114.309082,22.601675,0,0
33604,05:30:19,114.302963,22.60317,0,0
33604,05:30:24,114.309105,22.601625,0,0
33604,05:31:24,114.309113,22.601709,0,0
33604,05:32:24,114.30912,22.601645,0,0
33604,05:33:24,114.309143,22.601654,0,0
33604,05:34:24,114.309097,22.6017,0,0
33604,05:35:24,114.306877,22.601183,0,23
33604,05:36:24,114.303169,22.603249,0,2
33604,05:37:24,114.301544,22.60306,0,24
33604,05:38:24,114.297699,22.599358,0,41
33604,05:39:24,114.300995,22.602747,0,41
33604,05:40:24,114.304428,22.602741,0,39
33604,05:41:24,114.304634,22.598816,0,37
33604,05:42:24,114.304306,22.59819,0,0
33604,05:42:30,114.304314,22.598198,1,6
33604,05:43:24,114.306564,22.600948,1,23
33604,05:44:24,114.300781,22.604435,1,50
33604,05:45:24,114.295143,22.601484,1,70
33604,05:45:32,114.295143,22.601484,1,0
33604,05:47:24,114.274368,22.591093,1,74
33604,05:48:24,114.264458,22.58761,1,55
33604,05:49:24,114.256706,22.579855,1,71
33604,05:50:24,114.249832,22.57412,1,64
33604,05:51:24,114.243027,22.566359,1,66
33604,05:51:45,114.241188,22.564577,0,9
33604,05:52:24,114.241066,22.564085,0,19
33604,05:53:24,114.235359,22.560007,0,49
33604,05:54:24,114.234085,22.559118,0,27
33604,05:55:24,114.229401,22.556496,0,0
33604,05:56:24,114.227882,22.55521,0,42
33604,05:57:24,114.225922,22.553556,0,1
33604,05:58:24,114.222229,22.553514,0,33
33604,05:59:24,114.218719,22.557096,0,15
33604,06:00:14,114.220985,22.555042,0,0
33604,06:00:24,114.22097,22.555023,0,0
33604,06:00:45,114.241066,22.564085,0,0
33604,06:01:24,114.222305,22.55341,0,36
33604,06:02:24,114.226967,22.554436,0,28
33604,06:03:24,114.226318,22.553926,0,29
33604,06:04:24,114.22448,22.552065,0,1
33604,06:05:24,114.221275,22.554737,0,26
33604,06:06:24,114.218933,22.556955,0,0
33604,06:07:24,114.218246,22.558332,0,9
33604,06:08:24,114.224541,22.556772,0,54
33604,06:09:24,114.227371,22.554815,0,0
33604,06:10:08,114.226891,22.554482,0,0
33604,06:10:24,114.227173,22.554373,0,0
33604,06:11:24,114.227325,22.554325,0,0
33604,06:12:24,114.227165,22.554625,0,0
33604,06:13:24,114.227196,22.554358,0,0
33604,06:14:24,114.227242,22.554262,0,0
33604,06:15:24,114.227173,22.554037,0,0
33604,06:15:58,114.241066,22.564085,0,0
33604,06:16:24,114.227142,22.554132,0,0
33604,06:17:24,114.227211,22.554152,0,0
33604,06:18:24,114.224525,22.551973,0,0
33604,06:19:24,114.222343,22.553394,0,31
33604,06:20:24,114.219009,22.556934,0,5
33604,06:21:24,114.217781,22.557323,0,20
33604,06:22:24,114.218956,22.558565,0,45
33604,06:23:24,114.224617,22.557777,0,37
33604,06:24:24,114.229141,22.559828,0,1
33604,06:25:24,114.228767,22.559338,0,6
33604,06:26:24,114.228699,22.559414,0,0
33604,06:27:24,114.228882,22.559355,0,1
33604,06:27:43,114.228905,22.559389,1,3
33604,06:28:24,114.227524,22.557983,1,14
33604,06:29:24,114.221794,22.557196,1,73
33604,06:30:24,114.217262,22.557373,1,55
33604,06:31:10,114.221794,22.557196,1,0
33604,06:33:24,114.181885,22.55703,1,87
33604,06:34:24,114.1745,22.56238,1,80
33604,06:35:24,114.160973,22.56259,1,81
33604,06:36:24,114.149368,22.556053,1,88
33604,06:37:24,114.14032,22.55896,1,72
33604,06:38:24,114.137161,22.567822,1,59
33604,06:39:24,114.134628,22.576485,1,78
33604,06:40:24,114.122795,22.576736,1,83
33604,06:41:24,114.110329,22.576485,1,74
33604,06:42:24,114.099556,22.570393,1,71
33604,06:43:24,114.087807,22.566786,1,51
33604,06:44:24,114.079842,22.572723,1,70
33604,06:45:24,114.068985,22.569384,1,60
33604,06:46:23,114.068985,22.569384,1,0
33604,06:46:24,114.064682,22.577291,1,67
33604,06:46:30,114.064102,22.577627,0,5
33604,06:47:24,114.063126,22.578117,0,21
33604,06:48:24,114.063652,22.576147,0,51
33604,06:49:24,114.063927,22.571686,0,34
33604,06:50:23,114.061867,22.571255,0,0
33604,06:51:23,114.061691,22.571167,0,14
33604,06:52:23,114.062462,22.56196,0,80
33604,06:53:23,114.06263,22.550238,0,66
33604,06:54:23,114.062767,22.540375,0,75
33604,06:55:23,114.062988,22.530005,0,72
33604,06:56:23,114.060616,22.527637,0,21
33604,06:57:23,114.059547,22.527653,0,0
33604,06:58:23,114.058258,22.525908,0,31
33604,06:59:23,114.052071,22.525997,0,4
33604,07:00:23,114.05188,22.525726,0,0
33604,07:01:23,114.049522,22.52602,0,0
33604,07:01:36,114.062988,22.530005,0,0
33604,07:02:23,114.049294,22.525949,0,1
33604,07:03:23,114.049171,22.525997,0,1
33604,07:03:35,114.049225,22.526052,0,0
33604,07:04:23,114.04953,22.525951,0,0
33604,07:06:23,114.0494,22.525898,0,0
33604,07:07:23,114.049561,22.525831,0,0
33604,07:08:23,114.049469,22.526623,0,19
33604,07:09:23,114.049927,22.529667,0,16
33604,07:10:23,114.051224,22.528835,0,19
33604,07:11:23,114.051323,22.525993,0,0
33604,07:12:23,114.051453,22.527658,0,39
33604,07:13:22,114.055016,22.53133,0,51
33604,07:14:22,114.056587,22.531166,0,0
33604,07:15:22,114.060982,22.531416,1,64
33604,07:16:22,114.071373,22.531601,1,56
33604,07:16:48,114.062988,22.530005,0,0
33604,07:17:22,114.07222,22.529158,1,48
33604,07:18:23,114.071152,22.526417,0,5
33604,07:19:23,114.068108,22.528511,0,59
33604,07:20:23,114.0681,22.532051,0,43
33604,07:21:23,114.062347,22.532721,0,30
33604,07:22:23,114.062744,22.528008,0,12
33604,07:23:23,114.060326,22.527754,1,3
33604,07:24:23,114.059128,22.52804,1,31
33604,07:25:23,114.058159,22.535238,1,0
33604,07:26:23,114.058121,22.535255,1,0
33604,07:27:23,114.057625,22.541327,1,63
33604,07:28:23,114.058029,22.545223,1,0
33604,07:29:23,114.054382,22.545843,1,29
33604,07:30:23,114.050079,22.545544,0,18
33604,07:31:23,114.051125,22.541754,0,45
33604,07:32:01,114.062988,22.530005,0,0
33604,07:32:23,114.051483,22.539618,0,11
33604,07:33:23,114.053169,22.53945,0,2
33604,07:34:23,114.055954,22.539345,0,22
33604,07:35:23,114.058029,22.535812,0,48
33604,07:36:23,114.058968,22.528177,0,2
33604,07:37:23,114.059235,22.526817,0,7
33604,07:38:23,114.059113,22.525967,0,12
33604,07:39:23,114.057976,22.525803,0,1
33604,07:40:23,114.054504,22.525873,0,43
33604,07:41:23,114.052345,22.526493,0,5
33604,07:42:23,114.051414,22.528282,0,15
33604,07:43:23,114.051125,22.530039,0,7
33604,07:44:23,114.050613,22.529814,0,1
33604,07:45:23,114.050003,22.53009,0,6
33604,07:46:23,114.05056,22.529949,0,1
33604,07:47:14,114.05056,22.529949,0,0
33604,07:47:23,114.051437,22.530333,0,4
33604,07:48:23,114.052101,22.530003,0,5
33604,07:48:43,114.052261,22.529987,0,0
33604,07:49:23,114.052223,22.529951,0,0
33604,07:50:23,114.052063,22.529867,0,0
33604,07:51:23,114.05249,22.52994,0,0
33604,07:52:23,114.052353,22.529942,0,0
33604,07:54:23,114.052177,22.529905,0,0
33604,07:55:23,114.052406,22.529936,0,0
33604,07:56:23,114.052063,22.52997,0,0
33604,07:57:23,114.051872,22.529795,0,0
33604,07:58:23,114.052261,22.530293,0,3
33604,07:58:54,114.051949,22.529778,0,0
33604,07:59:23,114.051468,22.529882,0,0
33604,08:00:23,114.052315,22.529631,0,0
33604,08:01:23,114.053001,22.528763,0,0
33604,08:02:23,114.052017,22.529728,0,0
33604,08:02:27,114.052017,22.529728,0,0
33604,08:03:23,114.05146,22.529924,0,0
33604,08:04:23,114.051277,22.529875,0,0
33604,08:05:23,114.051201,22.529961,0,0
33604,08:06:23,114.051254,22.529917,0,0
33604,08:07:23,114.052147,22.530016,0,0
33604,08:08:23,114.051529,22.529879,0,0
33604,08:09:23,114.051987,22.529663,0,9
33604,08:10:23,114.05278,22.528542,0,1
33604,08:11:23,114.051468,22.528025,0,15
33604,08:12:23,114.050034,22.527687,0,1
33604,08:13:21,114.049622,22.527781,1,4
33604,08:13:23,114.04966,22.52776,1,6
33604,08:14:23,114.047485,22.527428,1,9
33604,08:15:23,114.046371,22.527622,1,2
33604,08:16:23,114.044991,22.528128,1,13
33604,08:17:23,114.044594,22.535051,1,66
33604,08:17:40,114.044594,22.535051,1,0
33604,08:18:02,114.044533,22.538979,0,4
33604,08:18:23,114.044487,22.538988,0,1
33604,08:19:23,114.046982,22.539621,0,7
33604,08:20:23,114.043358,22.537439,0,30
33604,08:21:23,114.044426,22.53265,0,36
33604,08:22:23,114.044739,22.529005,0,14
33604,08:23:23,114.044922,22.528305,0,2
33604,08:24:23,114.044983,22.527878,0,12
33604,08:25:23,114.044792,22.526501,0,15
33604,08:26:23,114.044617,22.525991,0,0
33604,08:27:23,114.044617,22.52597,0,0
33604,08:28:23,114.044601,22.525982,0,0
33604,08:29:23,114.04512,22.527252,0,21
33604,08:30:23,114.045609,22.528433,0,4
33604,08:31:23,114.045822,22.528219,0,4
33604,08:32:23,114.045471,22.528427,0,1
33604,08:32:52,114.045471,22.528427,0,0
33604,08:33:23,114.045723,22.528168,0,2
33604,08:34:23,114.045853,22.529423,0,16
33604,08:35:08,114.045067,22.528494,1,7
33604,08:35:23,114.044991,22.528704,1,9
33604,08:36:23,114.046532,22.531048,1,5
33604,08:37:23,114.04715,22.531775,1,16
33604,08:38:23,114.045013,22.532795,1,16
33604,08:39:23,114.044579,22.539812,1,50
33604,08:40:23,114.047424,22.541979,1,41
33604,08:41:23,114.047897,22.541767,1,1
33604,08:42:19,114.049629,22.541361,0,16
33604,08:42:23,114.049667,22.541401,0,0
33604,08:43:23,114.0495,22.540882,0,5
33604,08:44:23,114.048218,22.540558,0,1
33604,08:45:23,114.047829,22.539167,0,24
33604,08:46:23,114.043869,22.53565,0,52
33604,08:47:23,114.044449,22.531834,0,15
33604,08:48:05,114.043869,22.53565,0,0
33604,08:48:23,114.044434,22.53097,0,9
33604,08:49:23,114.044182,22.530548,0,8
33604,08:50:23,114.043625,22.530531,0,3
33604,08:51:23,114.043427,22.530922,0,4
33604,08:52:23,114.044411,22.531105,0,12
33604,08:53:23,114.048759,22.531267,0,31
33604,08:54:23,114.051361,22.526281,0,31
33604,08:55:23,114.049492,22.526106,0,6
33604,08:56:23,114.049416,22.526152,0,0
33604,08:57:23,114.049446,22.526121,0,0
33604,08:58:19,114.049515,22.526146,0,0
33604,08:58:23,114.049461,22.526161,0,0
33604,08:59:23,114.049843,22.525843,0,0
33604,09:00:23,114.050087,22.525612,0,0
33604,09:01:23,114.049309,22.526176,0,0
33604,09:02:23,114.049355,22.526207,0,0
33604,09:03:18,114.049355,22.526207,0,0
33604,09:03:23,114.049339,22.527416,0,4
33604,09:04:06,114.049377,22.528629,1,15
33604,09:04:23,114.04911,22.528837,1,7
33604,09:05:23,114.048225,22.530518,1,17
33604,09:06:23,114.045975,22.532063,1,27
33604,09:07:23,114.044617,22.534842,1,56
33604,09:08:23,114.044411,22.545666,1,64
33604,09:09:23,114.04969,22.547045,1,14
33604,09:09:36,114.050117,22.546463,0,16
33604,09:10:23,114.050018,22.545822,0,9
33604,09:11:23,114.052116,22.545403,0,37
33604,09:12:16,114.05674,22.545412,1,3
33604,09:12:23,114.056938,22.545353,1,11
33604,09:13:23,114.05307,22.543001,1,71
33604,09:14:23,114.045227,22.543409,1,46
33604,09:15:23,114.044434,22.546392,1,2
33604,09:16:23,114.043915,22.546511,1,1
33604,09:17:23,114.044289,22.546667,1,0
33604,09:18:23,114.044403,22.547333,1,7
33604,09:18:31,114.044403,22.547333,1,0
33604,09:19:23,114.044456,22.547478,1,1
33604,09:20:23,114.044197,22.547401,1,2
33604,09:21:23,114.044022,22.548101,1,2
33604,09:22:23,114.043671,22.548096,1,1
33604,09:23:23,114.044006,22.548204,1,1
33604,09:24:23,114.044304,22.549013,1,0
33604,09:25:23,114.044281,22.549028,1,0
33604,09:26:23,114.044312,22.549017,1,0
33604,09:27:23,114.044296,22.549572,1,1
33604,09:29:23,114.044304,22.549562,1,2
33604,09:30:23,114.044319,22.549889,1,11
33604,09:31:23,114.044296,22.549988,1,0
33604,09:32:23,114.044312,22.549974,1,0
33604,09:33:23,114.044296,22.550087,1,13
33604,09:33:44,114.044296,22.549572,1,0
33604,09:34:23,114.040009,22.549763,1,2
33604,09:35:23,114.039551,22.551968,1,10
33604,09:36:23,114.039871,22.552279,1,2
33604,09:37:23,114.039757,22.55228,1,1
33604,09:38:23,114.039711,22.553047,1,3
33604,09:39:23,114.038277,22.552917,1,32
33604,09:40:23,114.037888,22.552816,0,17
33604,09:41:23,114.039558,22.553358,0,2
33604,09:42:23,114.039871,22.550623,0,14
33604,09:43:23,114.039772,22.549873,0,0
33604,09:44:23,114.041954,22.550045,0,59
33604,09:45:23,114.044327,22.543753,0,87
33604,09:46:23,114.043205,22.536894,0,39
33604,09:47:23,114.04438,22.533623,0,6
33604,09:48:23,114.044411,22.531742,0,3
33604,09:48:57,114.044296,22.549572,1,0
33604,09:49:23,114.044411,22.531204,0,4
33604,09:50:23,114.044289,22.530575,0,0
33604,09:51:23,114.043724,22.530518,0,0
33604,09:52:23,114.043419,22.530952,0,0
33604,09:53:23,114.044273,22.531143,0,2
33604,09:54:23,114.050026,22.531227,0,48
33604,09:55:23,114.053909,22.530905,0,12
33604,09:56:23,114.055733,22.530273,0,28
33604,09:57:23,114.056229,22.528282,0,0
33604,09:58:23,114.056236,22.528257,0,0
33604,09:59:23,114.056229,22.528275,0,0
33604,10:00:23,114.056213,22.528248,0,0
33604,10:01:23,114.056213,22.52825,0,0
33604,10:02:23,114.056114,22.528255,0,0
33604,10:03:23,114.056236,22.528248,0,1
33604,10:04:10,114.056236,22.528248,0,0
33604,10:04:23,114.05722,22.527628,0,14
33604,10:05:23,114.058578,22.52755,0,7
33604,10:06:23,114.05825,22.53179,1,53
33604,10:07:23,114.058258,22.535454,1,19
33604,10:08:23,114.05809,22.539402,1,0
33604,10:09:23,114.057922,22.539448,1,1
33604,10:10:23,114.057693,22.539513,1,1
33604,10:11:23,114.052681,22.539553,1,38
33604,10:12:22,114.050186,22.539112,1,16
33604,10:13:22,114.046883,22.540953,1,5
33604,10:14:22,114.04657,22.541016,0,1
33604,10:15:22,114.046516,22.539516,0,9
33604,10:16:22,114.045212,22.541126,0,27
33604,10:17:22,114.047981,22.541847,0,22
33604,10:18:22,114.053757,22.54208,0,46
33604,10:19:22,114.060234,22.542023,0,24
33604,10:19:22,114.05722,22.527628,0,0
33604,10:20:22,114.066002,22.542519,0,44
33604,10:21:22,114.067978,22.536993,0,53
33604,10:22:22,114.068016,22.529173,0,38
33604,10:23:22,114.065361,22.524019,0,45
33604,10:25:22,114.064819,22.522091,0,34
33604,10:26:22,114.067871,22.523752,0,23
33604,10:27:18,114.067795,22.523857,1,4
33604,10:27:22,114.067696,22.52388,1,13
33604,10:28:22,114.06797,22.528179,1,58
33604,10:29:22,114.069099,22.532009,1,12
33604,10:30:22,114.063026,22.531757,1,43
33604,10:31:22,114.05619,22.53159,1,49
33604,10:32:22,114.048355,22.531498,1,51
33604,10:33:22,114.040009,22.530914,1,49
33604,10:34:22,114.030243,22.53035,1,61
33604,10:34:35,114.030243,22.53035,1,0
33604,10:35:22,114.022797,22.532169,1,17
33604,10:36:15,114.022224,22.534893,0,19
33604,10:36:22,114.022072,22.53488,0,0
33604,10:37:22,114.02066,22.534521,0,23
33604,10:38:22,114.020004,22.534479,0,0
33604,10:39:22,114.018311,22.534105,0,19
33604,10:40:22,114.016655,22.533617,0,21
33604,10:41:22,114.013321,22.535973,0,51
33604,10:42:22,114.009895,22.534197,0,22
33604,10:58:22,114.009712,22.534033,1,11
33604,10:59:22,114.009102,22.533897,1,53
33604,11:00:22,114.014473,22.53146,1,41
33604,11:01:22,114.016487,22.533857,1,24
33604,11:02:22,114.01918,22.534298,1,1
33604,11:03:19,114.021317,22.534611,0,3
33604,11:03:22,114.021294,22.534597,0,1
33604,11:04:22,114.021935,22.534847,0,1
33604,11:05:01,114.01918,22.534298,1,0
33604,11:05:22,114.022491,22.535158,0,18
33604,11:07:21,114.024338,22.536098,0,49
33604,11:08:35,114.022469,22.544134,1,30
33604,11:09:35,114.02002,22.549271,1,28
33604,11:10:35,114.018135,22.551973,1,29
33604,11:11:35,114.01622,22.554012,1,35
33604,11:12:35,114.021278,22.54739,1,43
33604,11:13:35,114.022804,22.54126,1,51
33604,11:14:35,114.024239,22.535528,1,24
33604,11:15:35,114.022469,22.535097,1,2
33604,11:16:35,114.022293,22.535414,1,3
33604,11:17:35,114.022354,22.536276,1,15
33604,11:18:35,114.02504,22.536949,1,16
33604,11:19:17,114.026886,22.537178,0,5
33604,11:19:35,114.026794,22.537357,0,0
33604,11:20:14,114.026794,22.537357,0,0
33604,11:20:35,114.026947,22.537544,0,10
33604,11:21:35,114.024826,22.536955,0,19
33604,11:22:35,114.022263,22.536364,0,16
33604,11:23:35,114.019676,22.536087,0,1
33604,11:24:35,114.019585,22.536022,0,3
33604,11:25:35,114.019516,22.534986,0,8
33604,11:28:35,114.011665,22.534691,0,33
33604,11:32:35,114.00853,22.534122,1,41
33604,11:33:35,114.009842,22.533833,1,53
33604,11:34:35,114.012787,22.529568,1,41
33604,11:35:27,114.019516,22.534986,0,0
33604,11:35:35,114.017792,22.531597,1,42
33604,11:36:35,114.024834,22.531401,1,61
33604,11:37:35,114.034012,22.53009,1,59
33604,11:38:35,114.041908,22.530746,1,14
33604,11:39:26,114.043243,22.530085,0,10
33604,11:39:35,114.043564,22.530064,0,3
33604,11:40:35,114.043968,22.53005,0,9
33604,11:41:35,114.044327,22.528137,0,11
33604,11:42:28,114.043335,22.527624,1,5
33604,11:42:35,114.043152,22.527597,1,9
33604,11:43:35,114.042503,22.529457,1,25
33604,11:44:35,114.046173,22.531181,1,51
33604,11:45:35,114.054047,22.531467,1,61
33604,11:46:35,114.063828,22.531633,1,57
33604,11:47:35,114.068031,22.531715,1,0
33604,11:48:35,114.069351,22.531729,1,5
33604,11:49:35,114.071121,22.531755,1,14
33604,11:50:35,114.072792,22.531773,1,9
33604,11:50:39,114.072792,22.531773,1,0
33604,11:51:35,114.073792,22.531799,1,5
33604,11:52:35,114.075539,22.531824,1,12
33604,11:53:35,114.076744,22.531902,1,10
33604,11:54:35,114.078186,22.532988,1,11
33604,11:55:35,114.079124,22.534931,1,19
33604,11:56:35,114.085266,22.537376,1,56
33604,11:57:35,114.094711,22.538067,1,63
33604,11:58:35,114.104836,22.537643,1,53
33604,11:59:35,114.113197,22.538153,1,56
33604,12:00:35,114.119972,22.538412,1,56
33604,12:01:35,114.127853,22.543219,1,56
33604,12:02:35,114.135193,22.547861,1,52
33604,12:03:35,114.139595,22.55555,1,62
33604,12:04:35,114.140976,22.561974,1,9
33604,12:05:35,114.140839,22.562275,1,14
33604,12:05:52,114.140839,22.562275,1,0
33604,12:06:35,114.140541,22.56287,1,0
33604,12:07:35,114.13974,22.563843,1,1
33604,12:08:35,114.139717,22.563847,1,4
33604,12:09:35,114.137733,22.565943,1,4
33604,12:10:35,114.13694,22.566759,1,0
33604,12:11:35,114.134705,22.565502,1,6
33604,12:11:40,114.134666,22.565531,0,6
33604,12:12:35,114.13456,22.565296,0,10
33604,12:13:35,114.13205,22.562185,0,0
33604,12:14:35,114.134872,22.558744,0,0
33604,12:15:35,114.134895,22.558767,0,0
33604,12:16:35,114.136452,22.56068,0,12
33604,12:17:16,114.139664,22.559528,1,1
33604,12:17:35,114.139923,22.559013,1,18
33604,12:18:35,114.140907,22.560818,1,43
33604,12:19:35,114.137238,22.567141,1,55
33604,12:20:35,114.137123,22.575748,1,63
33604,12:21:05,114.137123,22.575748,1,0
33604,12:21:35,114.126984,22.577387,1,62
33604,12:22:35,114.123039,22.578535,1,32
33604,12:23:35,114.123886,22.574169,1,24
33604,12:24:35,114.120766,22.573851,1,12
33604,12:24:45,114.12056,22.573837,0,5
33604,12:25:35,114.119789,22.57383,0,18
33604,12:26:35,114.12175,22.573381,0,13
33604,12:27:35,114.121048,22.571423,0,18
33604,12:28:35,114.120239,22.571062,0,1
33604,12:29:35,114.117805,22.571198,1,20
33604,12:30:35,114.116524,22.577152,1,60
33604,12:31:34,114.116318,22.582281,1,37
33604,12:32:34,114.115532,22.585466,1,12
33604,12:33:34,114.113907,22.587677,1,2
33604,12:34:34,114.114525,22.58684,1,28
33604,12:35:34,114.113205,22.585688,1,20
33604,12:36:18,114.12175,22.573381,0,0
33604,12:36:34,114.112579,22.585503,0,6
33604,12:37:34,114.111572,22.587372,1,1
33604,12:38:34,114.109764,22.589741,1,53
33604,12:39:34,114.112045,22.597761,1,42
33604,12:40:34,114.113312,22.600132,1,1
33604,12:41:34,114.112999,22.600302,1,3
33604,12:42:34,114.110413,22.597008,1,44
33604,12:43:34,114.107857,22.592817,1,0
33604,12:44:34,114.106781,22.592815,1,13
33604,12:45:34,114.10437,22.592875,1,15
33604,12:46:34,114.102928,22.592422,1,13
33604,12:47:34,114.101936,22.591442,1,1
33604,12:47:45,114.101875,22.591427,0,0
33604,12:48:34,114.101608,22.591223,0,8
33604,12:49:34,114.101723,22.591337,0,11
33604,12:50:34,114.102821,22.592993,0,4
33604,12:51:31,114.102821,22.592993,0,0
33604,12:51:34,114.107056,22.592602,0,36
33604,12:52:34,114.106125,22.590281,0,7
33604,12:53:34,114.105087,22.589972,0,11
33604,12:54:34,114.103844,22.588781,0,1
33604,12:55:34,114.103615,22.588736,0,2
33604,12:56:34,114.10376,22.588728,0,1
33604,12:57:34,114.103668,22.588751,0,2
33604,12:58:34,114.103722,22.588678,0,3
33604,12:59:34,114.103683,22.5886,0,2
33604,13:00:19,114.103775,22.58864,1,3
33604,13:00:34,114.103806,22.588943,1,10
33604,13:01:34,114.105759,22.59034,1,2
33604,13:02:34,114.102234,22.587152,1,26
33604,13:03:34,114.101135,22.582096,1,5
33604,13:04:34,114.099075,22.577402,1,65
33604,13:05:34,114.098427,22.570337,1,38
33604,13:06:34,114.103645,22.57272,1,68
33604,13:06:43,114.103645,22.57272,1,0
33604,13:07:34,114.11264,22.576523,1,73
33604,13:08:34,114.123863,22.576807,1,59
33604,13:09:34,114.134109,22.576635,1,66
33604,13:10:34,114.137161,22.568348,1,78
33604,13:11:34,114.140549,22.560591,1,36
33604,13:12:34,114.140221,22.557491,1,38
33604,13:13:34,114.141594,22.555538,1,21
33604,13:14:32,114.141464,22.553417,0,10
33604,13:14:34,114.141426,22.55337,0,11
33604,13:15:34,114.141609,22.55365,0,27
33604,13:16:34,114.142029,22.555502,0,13
33604,13:17:34,114.143669,22.55372,0,19
33604,13:18:34,114.143204,22.551107,0,17
33604,13:19:34,114.143097,22.550745,0,0
33604,13:20:34,114.143059,22.550407,0,9
33604,13:21:34,114.140785,22.550016,0,7
33604,13:21:56,114.140785,22.550016,0,0
33604,13:22:34,114.138565,22.549864,0,37
33604,13:23:34,114.132286,22.549068,0,0
33604,13:24:34,114.13015,22.54866,0,0
33604,13:25:34,114.130203,22.548714,0,0
33604,13:26:34,114.129478,22.548412,0,0
33604,13:27:34,114.129501,22.54772,0,16
33604,13:28:00,114.129616,22.547768,1,7
33604,13:28:34,114.129387,22.548498,1,7
33604,13:29:34,114.123764,22.547672,1,51
33604,13:30:34,114.116867,22.546673,1,21
33604,13:31:34,114.116287,22.549845,1,0
33604,13:32:34,114.11692,22.550755,1,17
33604,13:32:40,114.117027,22.550873,0,1
33604,13:33:34,114.117569,22.551001,0,1
33604,13:33:57,114.117836,22.551113,1,5
33604,13:34:34,114.118126,22.550005,1,8
33604,13:35:34,114.11792,22.549311,1,8
33604,13:36:34,114.11805,22.547876,1,16
33604,13:37:09,114.11805,22.547876,1,0
33604,13:37:34,114.121399,22.547558,1,7
33604,13:38:06,114.119247,22.546919,0,25
33604,13:38:34,114.118309,22.546677,0,20
33604,13:39:34,114.117821,22.546539,0,1
33604,13:40:21,114.118393,22.546638,1,2
33604,13:40:34,114.118935,22.546707,1,31
33604,13:41:34,114.119614,22.544458,1,16
33604,13:42:34,114.118706,22.543873,1,0
33604,13:45:34,114.116287,22.543137,1,0
33604,13:46:34,114.114059,22.542576,1,0
33604,13:47:34,114.112724,22.542301,1,11
33604,13:47:35,114.112709,22.542301,0,7
33604,13:48:34,114.111694,22.541988,0,0
33604,13:49:34,114.111702,22.541939,0,0
33604,13:50:34,114.111046,22.543304,0,19
33604,13:50:47,114.111053,22.543365,1,4
33604,13:51:34,114.110886,22.545042,1,11
33604,13:52:22,114.110886,22.545042,1,0
33604,13:52:34,114.113106,22.545635,1,11
33604,13:53:34,114.116768,22.546309,1,18
33604,13:54:34,114.116516,22.548588,1,30
33604,13:55:34,114.116676,22.55024,1,4
33604,13:56:34,114.118393,22.553143,1,26
33604,13:57:34,114.119453,22.555307,1,20
33604,13:58:34,114.12468,22.558937,1,0
33604,13:59:15,114.123978,22.558636,0,0
33604,13:59:34,114.123985,22.558638,0,0
33604,14:00:10,114.12397,22.558624,1,4
33604,14:00:34,114.122025,22.557423,1,56
33604,14:01:34,114.119156,22.553883,1,20
33604,14:02:34,114.117851,22.552078,1,9
33604,14:07:34,114.117851,22.552078,1,0
33604,14:07:46,114.117668,22.543701,0,10
33604,14:08:34,114.118256,22.543373,0,4
33604,14:08:42,114.118111,22.543383,1,4
33604,14:09:34,114.117126,22.543158,1,9
33604,14:10:34,114.115822,22.542587,1,16
33604,14:11:34,114.116364,22.540911,1,18
33604,14:12:34,114.113274,22.538931,1,21
33604,14:13:34,114.111794,22.538666,1,16
33604,14:14:34,114.113487,22.535753,1,45
33604,14:15:03,114.114044,22.534628,0,2
33604,14:15:34,114.113548,22.534557,0,13
33604,14:18:34,114.114288,22.535402,1,0
33604,14:19:34,114.112267,22.5369,1,18
33604,14:20:34,114.111481,22.541309,1,30
33604,14:21:34,114.111443,22.541548,1,0
33604,14:22:34,114.110802,22.544638,1,48
33604,14:22:47,114.114288,22.535402,1,0
33604,14:23:34,114.108444,22.547171,1,3
33604,14:24:34,114.107063,22.546684,1,0
33604,14:25:34,114.105583,22.54763,1,46
33604,14:26:34,114.10511,22.551376,1,9
33604,14:27:34,114.10508,22.551565,1,8
33604,14:28:34,114.104385,22.552368,1,0
33604,14:29:34,114.104332,22.552361,1,0
33604,14:30:34,114.101776,22.552656,1,22
33604,14:31:34,114.100861,22.554743,1,11
33604,14:32:34,114.100883,22.555193,0,5
33604,14:33:34,114.101799,22.555973,0,1
33604,14:34:34,114.100761,22.555367,1,1
33604,14:35:34,114.10022,22.555286,1,16
33604,14:36:34,114.099342,22.553143,1,10
33604,14:37:34,114.099564,22.552668,1,0
33604,14:38:00,114.104385,22.552368,1,0
33604,14:38:34,114.099495,22.552708,1,0
33604,14:39:34,114.099449,22.551847,1,13
33604,14:40:34,114.099388,22.545446,1,61
33604,14:41:34,114.099495,22.544609,1,0
33604,14:42:34,114.099495,22.543875,1,26
33604,14:43:34,114.099419,22.541922,1,0
33604,14:44:34,114.099663,22.538916,1,33
33604,14:45:34,114.093353,22.538208,1,62
33604,14:46:34,114.084953,22.537455,1,51
33604,14:47:34,114.080383,22.536802,1,21
33604,14:48:34,114.07724,22.532883,1,35
33604,14:49:34,114.073875,22.532015,1,1
33604,14:50:34,114.073425,22.532019,1,2
33604,14:51:34,114.073288,22.532,1,0
33604,14:52:34,114.072838,22.531988,1,4
33604,14:53:13,114.072838,22.531988,1,0
33604,14:53:34,114.07238,22.532013,1,6
33604,14:54:34,114.069977,22.531998,1,46
33604,14:55:34,114.06813,22.531574,1,38
33604,14:56:34,114.065498,22.524168,1,54
33604,14:57:34,114.067757,22.520899,1,14
33604,14:57:44,114.067932,22.521238,0,28
33604,14:58:34,114.068199,22.521809,0,0
33604,14:59:34,114.065262,22.523537,0,35
33604,15:00:34,114.067902,22.524282,0,18
33604,15:01:34,114.067757,22.524216,0,0
33604,15:02:34,114.067741,22.52422,0,0
33604,15:03:09,114.067818,22.524193,0,0
33604,15:03:34,114.067825,22.524178,0,0
33604,15:04:34,114.067802,22.524206,0,0
33604,15:05:34,114.067802,22.524187,0,0
33604,15:06:34,114.067787,22.524218,0,0
33604,15:07:34,114.067795,22.524204,0,0
33604,15:08:26,114.067795,22.524204,0,0
33604,15:08:34,114.067787,22.524223,0,0
33604,15:09:34,114.067795,22.524214,0,0
33604,15:10:34,114.067787,22.524216,0,0
33604,15:11:34,114.067772,22.524223,0,0
33604,15:12:34,114.06778,22.524218,0,0
33604,15:13:34,114.067795,22.524208,0,0
33604,15:14:34,114.067787,22.524233,0,0
33604,15:15:34,114.067787,22.52421,0,0
33604,15:16:34,114.06778,22.524199,0,1
33604,15:17:34,114.06778,22.524214,0,0
33604,15:18:34,114.06778,22.524208,0,0
33604,15:19:34,114.067802,22.524187,0,0
33604,15:20:34,114.06781,22.524199,0,0
33604,15:21:34,114.067787,22.524202,0,0
33604,15:22:34,114.06778,22.524212,0,1
33604,15:23:34,114.067795,22.524218,0,1
33604,15:23:39,114.067795,22.524218,0,0
33604,15:24:34,114.067787,22.52421,0,0
33604,15:25:34,114.067795,22.524193,0,0
33604,15:26:34,114.067787,22.524206,0,0
33604,15:27:34,114.067795,22.524206,0,0
33604,15:28:34,114.067802,22.524193,0,0
33604,15:29:34,114.06781,22.524187,0,0
33604,15:30:34,114.067787,22.524195,0,0
33604,15:31:34,114.067802,22.524212,0,0
33604,15:32:34,114.06781,22.524185,0,0
33604,15:33:34,114.06781,22.524193,0,0
33604,15:34:34,114.06778,22.524204,0,1
33604,15:35:34,114.067825,22.524191,0,0
33604,15:36:34,114.067825,22.524187,0,0
33604,15:37:34,114.067833,22.524181,0,0
33604,15:38:34,114.067825,22.524176,0,0
33604,15:38:51,114.067825,22.524176,0,0
33604,15:39:34,114.067825,22.524187,0,0
33604,15:40:34,114.067825,22.524191,0,0
33604,15:41:34,114.067802,22.524202,0,1
33604,15:42:34,114.067787,22.524208,0,2
33604,15:43:34,114.067711,22.524239,0,1
33604,15:44:34,114.067879,22.52396,0,3
33604,15:44:48,114.067795,22.523989,1,5
33604,15:45:34,114.067604,22.526712,1,44
33604,15:46:34,114.07003,22.531355,1,17
33604,15:47:34,114.072525,22.531647,1,17
33604,15:48:34,114.076454,22.531746,1,11
33604,15:49:34,114.077461,22.532057,1,5
33604,15:50:34,114.07827,22.533037,1,17
33604,15:51:34,114.079292,22.535124,1,8
33604,15:52:34,114.082497,22.537203,1,26
33604,15:53:34,114.088188,22.537285,1,41
33604,15:54:04,114.067604,22.526712,1,0
33604,15:54:34,114.094566,22.537907,1,52
33604,15:55:34,114.099388,22.537985,1,2
33604,15:56:34,114.100166,22.537838,1,9
33604,15:57:34,114.101295,22.537786,1,6
33604,15:58:33,114.102501,22.537989,1,6
33604,15:59:34,114.107979,22.537125,1,50
33604,16:00:33,114.111099,22.535658,1,3
33604,16:01:33,114.111282,22.534042,1,27
33604,16:02:14,114.111603,22.531454,0,10
33604,16:02:33,114.11161,22.531467,0,0
33604,16:03:33,114.111687,22.530918,0,13
33604,16:04:04,114.111946,22.531237,1,3
33604,16:04:33,114.111649,22.532745,1,32
33604,16:05:33,114.111237,22.535456,1,0
33604,16:06:33,114.110886,22.537758,1,4
33604,16:07:33,114.110374,22.541033,1,3
33604,16:08:33,114.111099,22.542385,1,23
33604,16:09:17,114.111099,22.542385,1,0
33604,16:09:33,114.110352,22.547422,1,1
33604,16:10:33,114.110458,22.547588,1,11
33604,16:11:33,114.10984,22.552298,1,26
33604,16:12:33,114.111023,22.557163,1,31
33604,16:13:33,114.114044,22.558645,1,43
33604,16:14:33,114.120514,22.558817,1,36
33604,16:15:33,114.11956,22.560266,1,10
33604,16:16:33,114.119141,22.561897,1,14
33604,16:17:33,114.118584,22.563644,1,19
33604,16:18:34,114.119507,22.565811,1,21
33604,16:19:06,114.120834,22.566795,0,12
33604,16:19:34,114.120956,22.566938,0,0
33604,16:19:47,114.120964,22.566912,1,1
33604,16:20:34,114.121857,22.566242,1,22
33604,16:21:34,114.124115,22.563868,1,20
33604,16:22:34,114.124809,22.561333,1,18
33604,16:23:34,114.124947,22.560921,1,1
33604,16:24:30,114.124947,22.560921,1,0
33604,16:24:34,114.124954,22.560129,1,7
33604,16:25:34,114.11953,22.555321,1,48
33604,16:26:34,114.117737,22.551689,1,1
33604,16:27:34,114.116547,22.550051,1,32
33604,16:28:34,114.116386,22.548574,1,0
33604,16:29:34,114.116791,22.547602,1,3
33604,16:30:34,114.116974,22.546448,1,9
33604,16:35:34,114.112099,22.53801,1,60
33604,16:36:34,114.103401,22.538132,1,39
33604,16:37:34,114.09594,22.538147,1,26
33604,16:38:34,114.092453,22.538185,1,16
33604,16:39:34,114.090195,22.537943,1,22
33604,16:39:43,114.090195,22.537943,1,0
33604,16:40:34,114.087395,22.537573,1,17
33604,16:41:34,114.08474,22.537405,1,15
33604,16:42:34,114.081924,22.53739,1,17
33604,16:43:34,114.079269,22.535778,1,16
33604,16:44:34,114.077316,22.532465,1,24
33604,16:45:34,114.073212,22.531952,1,28
33604,16:46:34,114.069099,22.531973,1,16
33604,16:47:34,114.067818,22.532778,1,28
33604,16:48:34,114.067375,22.527834,1,42
33604,16:49:34,114.06546,22.522989,1,1
33604,16:50:34,114.065895,22.522778,1,0
33604,16:51:34,114.06665,22.522499,1,0
33604,16:52:34,114.067856,22.522205,1,18
33604,16:53:34,114.068054,22.52136,1,8
33604,16:54:17,114.068169,22.521727,0,13
33604,16:54:34,114.068192,22.521832,0,0
33604,16:54:56,114.068192,22.521832,0,0
33604,16:55:34,114.065544,22.522953,0,38
33604,16:56:34,114.06839,22.52404,0,15
33604,16:57:34,114.067993,22.523943,0,13
33604,16:58:34,114.067139,22.524963,1,29
33604,16:59:34,114.068291,22.530931,1,46
33604,17:00:34,114.068153,22.539007,1,49
33604,17:01:34,114.070137,22.542757,1,3
33604,17:02:34,114.070763,22.542788,1,1
33604,17:03:34,114.071037,22.542809,1,0
33604,17:04:34,114.071068,22.542812,1,2
33604,17:05:34,114.072403,22.542923,1,4
33604,17:06:34,114.072723,22.542921,1,0
33604,17:07:34,114.073799,22.542971,1,21
33604,17:08:34,114.076279,22.543015,1,9
33604,17:09:34,114.078079,22.543062,1,10
33604,17:10:09,114.078079,22.543062,1,0
33604,17:10:34,114.080833,22.543278,1,37
33604,17:11:34,114.083595,22.543167,1,6
33604,17:12:34,114.08519,22.543318,1,1
33604,17:13:34,114.086159,22.543417,1,0
33604,17:14:34,114.086845,22.543318,1,12
33604,17:15:34,114.087502,22.543337,1,4
33604,17:16:34,114.087219,22.543207,1,3
33604,17:18:34,114.084778,22.543135,1,1
33604,17:19:34,114.083946,22.543339,1,5
33604,17:20:34,114.083893,22.543827,1,0
33604,17:21:34,114.084099,22.54434,1,4
33604,17:22:34,114.083977,22.545038,1,2
33604,17:23:02,114.084,22.545479,0,3
33604,17:23:34,114.084114,22.545603,0,0
33604,17:24:34,114.08493,22.545652,0,11
33604,17:25:22,114.08493,22.545652,0,0
33604,17:25:34,114.087608,22.545486,0,9
33604,17:26:34,114.087914,22.545601,0,8
33604,17:27:34,114.087936,22.547077,0,0
33604,17:27:57,114.087952,22.547052,1,2
33604,17:29:34,114.087814,22.551022,1,1
33604,17:30:34,114.085159,22.551689,1,31
33604,17:31:34,114.080635,22.551744,1,26
33604,17:32:34,114.077461,22.551672,1,8
33604,17:33:34,114.077415,22.551668,1,1
33604,17:34:34,114.077431,22.551653,1,1
33604,17:35:34,114.07663,22.551649,1,1
33604,17:36:34,114.076622,22.551647,1,0
33604,17:37:34,114.075119,22.551519,1,50
33604,17:38:34,114.069389,22.551138,1,4
33604,17:39:34,114.068176,22.551218,1,1
33604,17:40:34,114.067871,22.554762,1,25
33604,17:40:35,114.068176,22.551218,1,0
33604,17:41:34,114.067841,22.556833,1,19
33604,17:42:34,114.067863,22.557432,1,0
33604,17:43:34,114.067856,22.557432,1,0
33604,17:44:34,114.065559,22.558104,1,57
33604,17:45:34,114.058434,22.562008,1,0
33604,17:46:34,114.057831,22.562483,1,26
33604,17:47:34,114.051353,22.562622,1,39
33604,17:48:34,114.045258,22.5581,1,33
33604,17:49:34,114.043205,22.558117,1,10
33604,17:50:34,114.041924,22.560308,1,6
33604,17:52:34,114.038841,22.565912,1,29
33604,17:53:34,114.035545,22.567711,1,1
33604,17:54:34,114.035461,22.567638,1,1
33604,17:55:34,114.034386,22.569098,1,31
33604,17:55:48,114.034386,22.569098,1,0
33604,17:56:03,114.032913,22.570906,0,15
33604,17:56:34,114.032806,22.57095,0,5
33604,17:57:34,114.034912,22.568373,0,10
33604,17:58:34,114.036453,22.565823,0,16
33604,17:59:08,114.03653,22.565737,1,2
33604,17:59:34,114.038574,22.56579,1,31
33604,18:00:34,114.039528,22.563181,1,16
33604,18:01:34,114.045822,22.564941,1,57
33604,18:02:34,114.055283,22.565088,1,60
33604,18:03:34,114.059662,22.56691,1,3
33604,18:04:34,114.06179,22.566801,1,11
33604,18:05:34,114.062378,22.56761,1,5
33604,18:06:34,114.062126,22.569304,1,17
33604,18:07:34,114.061485,22.572227,1,14
33604,18:08:34,114.061127,22.574184,1,4
33604,18:09:34,114.060898,22.575434,1,11
33604,18:10:34,114.060959,22.577137,1,27
33604,18:11:00,114.060959,22.577137,1,0
33604,18:11:34,114.061836,22.578337,1,19
33604,18:12:34,114.056808,22.578947,1,17
33604,18:13:34,114.053841,22.583292,1,38
33604,18:14:34,114.050362,22.589718,1,52
33604,18:21:34,114.054649,22.609478,1,36
33604,18:22:34,114.055923,22.615149,1,0
33604,18:22:36,114.055923,22.615149,0,0
33604,18:23:34,114.055847,22.615309,0,2
33604,18:24:34,114.055649,22.614756,0,36
33604,18:26:13,114.055649,22.614756,0,0
33604,18:29:34,114.043365,22.603216,0,37
33604,18:30:34,114.043556,22.600773,0,7
33604,18:31:34,114.044014,22.597836,0,22
33604,18:32:34,114.04776,22.593372,0,49
33604,18:33:34,114.049255,22.590748,0,12
33604,18:34:34,114.050003,22.589848,0,8
33604,18:35:34,114.051804,22.588284,0,13
33604,18:36:34,114.053154,22.584883,0,23
33604,18:37:34,114.054176,22.582266,0,13
33604,18:38:34,114.055115,22.580503,0,16
33604,18:39:34,114.057037,22.578598,0,22
33604,18:40:34,114.060036,22.577353,0,24
33604,18:41:26,114.060036,22.577353,0,0
33604,18:41:34,114.061958,22.569857,0,60
33604,18:42:34,114.062424,22.559641,0,73
33604,18:43:34,114.061623,22.551537,0,46
33604,18:44:34,114.052704,22.551416,0,11
33604,18:45:34,114.047424,22.550966,0,39
33604,18:46:34,114.046211,22.550867,0,0
33604,18:47:34,114.045052,22.550726,0,0
33604,18:48:34,114.045067,22.550713,0,0
33604,18:49:34,114.045074,22.550713,0,0
33604,18:51:34,114.044418,22.539431,0,62
33604,18:53:34,114.04464,22.53076,0,11
33604,18:55:34,114.044777,22.526466,0,10
33604,18:56:34,114.04493,22.526476,0,14
33604,18:56:39,114.04493,22.526476,0,0
33604,18:57:34,114.045952,22.530724,0,37
33604,18:58:34,114.051979,22.53129,0,17
33604,18:59:34,114.053909,22.530598,0,15
33604,19:00:34,114.056541,22.530115,0,12
33604,19:01:34,114.056252,22.528482,0,3
33604,19:02:34,114.056915,22.528027,0,3
33604,19:03:34,114.058372,22.527649,0,9
33604,19:04:34,114.059006,22.527779,0,2
33604,19:05:34,114.059212,22.527803,0,13
33604,19:06:34,114.058182,22.534615,0,40
33604,19:07:34,114.05925,22.534859,0,6
33604,19:08:34,114.059364,22.535103,0,14
33604,19:09:34,114.060432,22.535627,0,19
33604,19:10:34,114.05822,22.536322,0,0
33604,19:11:34,114.058121,22.537186,0,24
33604,19:11:52,114.05822,22.536322,0,0
33604,19:12:34,114.055847,22.537632,0,6
33604,19:13:34,114.053772,22.537695,0,0
33604,19:14:16,114.053757,22.537745,1,1
33604,19:14:34,114.053658,22.537739,1,1
33604,19:15:34,114.054054,22.537308,1,14
33604,19:16:34,114.057686,22.537476,1,18
33604,19:17:34,114.05835,22.536434,1,1
33604,19:18:34,114.05835,22.531336,1,62
33604,19:19:34,114.058701,22.529022,1,6
33604,19:20:34,114.059013,22.528624,1,1
33604,19:21:34,114.059021,22.528128,1,1
33604,19:22:34,114.059021,22.527952,1,0
33604,19:23:33,114.059227,22.527443,1,1
33604,19:24:33,114.059296,22.527206,1,15
33604,19:25:33,114.059441,22.526712,1,1
33604,19:26:33,114.059647,22.525576,1,3
33604,19:26:36,114.059624,22.525593,0,1
33604,19:27:05,114.059624,22.525593,0,0
33604,19:27:33,114.059525,22.525358,0,0
33604,19:28:17,114.059654,22.525373,1,3
33604,19:28:33,114.059769,22.525087,1,0
33604,19:29:33,114.059898,22.524393,1,23
33604,19:35:33,114.05883,22.519833,0,0
33604,19:36:33,114.058853,22.519873,0,3
33604,19:37:33,114.056679,22.51918,0,10
33604,19:38:33,114.056519,22.520374,0,6
33604,19:39:11,114.056541,22.520172,1,2
33604,19:39:33,114.056602,22.519825,1,11
33604,19:40:33,114.051628,22.518274,1,21
33604,19:41:33,114.04998,22.518353,1,46
33604,19:42:17,114.04998,22.518353,1,0
33604,19:42:33,114.04213,22.52099,1,13
33604,19:43:33,114.038757,22.522926,1,0
33604,19:44:33,114.03878,22.523005,1,0
33604,19:45:33,114.037491,22.523758,1,19
33604,19:46:33,114.033112,22.526012,1,21
33604,19:47:33,114.031815,22.525169,1,37
33604,19:48:33,114.031151,22.524168,1,18
33604,19:49:33,114.029831,22.52223,1,32
33604,19:50:33,114.029076,22.521063,1,2
33604,19:51:33,114.024109,22.523499,1,44
33604,19:52:33,114.018646,22.526503,1,36
33604,19:53:33,114.016579,22.5308,1,29
33604,19:54:33,114.020515,22.531668,1,1
33604,19:55:33,114.024979,22.531143,1,35
33604,19:56:33,114.030052,22.527447,1,21
33604,19:57:30,114.030052,22.527447,1,0
33604,19:57:33,114.031845,22.526899,1,34
33604,19:58:33,114.025452,22.531055,1,16
33604,19:59:33,114.024139,22.531849,1,4
33604,20:00:33,114.023247,22.532013,1,4
33604,20:01:33,114.022369,22.532169,1,6
33604,20:02:33,114.020973,22.532282,1,19
33604,20:03:33,114.014198,22.530802,1,58
33604,20:04:33,114.006111,22.529783,1,55
33604,20:05:33,113.995323,22.528273,1,71
33604,20:06:33,113.986549,22.523727,1,54
33604,20:07:33,113.976692,22.522942,1,72
33604,20:08:33,113.964554,22.522886,1,73
33604,20:09:33,113.952682,22.523628,1,78
33604,20:10:33,113.940674,22.524578,1,73
33604,20:11:33,113.929932,22.524998,1,43
33604,20:12:33,113.92881,22.524914,1,57
33604,20:12:43,113.92881,22.524914,1,0
33604,20:13:33,113.926407,22.523045,1,1
33604,20:14:03,113.926048,22.522484,0,11
33604,20:14:33,113.926056,22.52249,0,0
33604,20:15:33,113.925919,22.522091,0,9
33604,20:16:33,113.925011,22.521843,0,6
33604,20:17:33,113.92469,22.52471,0,42
33604,20:18:33,113.926094,22.523027,0,17
33604,20:19:33,113.925613,22.521296,0,25
33604,20:20:33,113.926819,22.519882,0,25
33604,20:21:33,113.929398,22.519344,1,4
33604,20:21:33,113.929398,22.519344,0,4
33604,20:22:33,113.929062,22.520872,1,14
33604,20:23:33,113.928307,22.523067,1,29
33604,20:24:33,113.929825,22.528156,1,8
33604,20:25:33,113.927711,22.528315,1,14
33604,20:26:33,113.924507,22.52953,1,12
33604,20:27:33,113.927071,22.535343,1,14
33604,20:27:56,113.927071,22.535343,1,0
33604,20:28:33,113.927155,22.535362,1,0
33604,20:29:33,113.922745,22.535528,1,37
33604,20:30:33,113.92057,22.535435,1,0
33604,20:31:33,113.916672,22.535595,1,18
33604,20:33:40,113.913452,22.535563,0,30
33604,20:34:33,113.912834,22.535473,0,0
33604,20:35:33,113.912697,22.535498,0,0
33604,20:35:46,113.912689,22.535505,1,0
33604,20:37:33,113.91124,22.535393,1,0
33604,20:38:33,113.910934,22.535339,1,0
33604,20:39:33,113.910477,22.53525,1,11
33604,20:40:33,113.913925,22.535406,1,0
33604,20:43:09,113.913925,22.535406,1,0
33604,20:43:33,113.918808,22.535347,1,41
33604,20:44:33,113.922546,22.535303,1,19
33604,20:45:33,113.923012,22.53549,1,23
33604,20:46:33,113.925949,22.532955,1,48
33604,20:47:33,113.924141,22.528618,1,29
33604,20:48:33,113.925858,22.525175,1,33
33604,20:49:33,113.932434,22.524523,1,25
33604,20:50:33,113.932503,22.522583,1,0
33604,20:51:33,113.93206,22.521097,1,8
33604,20:52:33,113.931931,22.520754,1,0
33604,20:53:33,113.932083,22.520613,1,0
33604,20:54:33,113.932022,22.52038,1,9
33604,20:55:33,113.931213,22.517368,1,21
33604,20:56:33,113.930809,22.517107,1,24
33604,20:57:33,113.927719,22.515354,1,53
33604,20:58:22,113.927719,22.515354,1,0
33604,20:58:33,113.927483,22.512962,1,21
33604,20:59:33,113.927475,22.505791,1,51
33604,21:00:33,113.928871,22.498388,1,6
33604,21:01:33,113.928909,22.498127,1,26
33604,21:02:15,113.929871,22.49379,0,2
33604,21:02:33,113.929848,22.493837,0,3
33604,21:03:30,113.929901,22.493809,1,5
33604,21:03:33,113.929955,22.493759,1,10
33604,21:04:33,113.930107,22.493349,1,10
33604,21:05:33,113.929146,22.497637,1,10
33604,21:06:33,113.928291,22.502712,1,5
33604,21:07:33,113.928116,22.503391,1,29
33604,21:08:33,113.927299,22.507675,1,0
33604,21:09:33,113.927536,22.511806,1,62
33604,21:10:33,113.927681,22.517567,1,0
33604,21:11:33,113.927689,22.517546,1,0
33604,21:12:33,113.928322,22.522579,1,18
33604,21:13:33,113.93261,22.52512,1,51
33604,21:13:35,113.928322,22.522579,1,0
33604,21:15:33,113.947525,22.522718,1,31
33604,21:16:33,113.94986,22.528894,1,38
33604,21:17:33,113.950401,22.535172,1,68
33604,21:18:33,113.954239,22.544895,1,77
33604,21:19:33,113.953346,22.555042,1,41
33604,21:20:33,113.961311,22.556599,1,70
33604,21:21:33,113.972504,22.55674,1,64
33604,21:22:33,113.982414,22.558123,1,71
33604,21:23:33,113.993271,22.55718,1,69
33604,21:24:33,114.004158,22.556044,1,69
33604,21:25:33,114.012848,22.559717,1,41
33604,21:26:33,114.013672,22.566153,1,40
33604,21:31:33,114.011452,22.598953,1,62
33604,21:32:33,114.010468,22.608833,1,65
33604,21:33:33,114.0084,22.618813,1,57
33604,21:34:33,114.008278,22.625982,1,25
33604,21:35:33,114.014946,22.630381,1,56
33604,21:37:33,114.021027,22.637596,1,23
33604,21:38:33,114.022156,22.64126,1,0
33604,21:39:33,114.022354,22.641542,1,9
33604,21:40:33,114.02372,22.646549,1,17
33604,21:41:33,114.021988,22.651451,1,36
33604,21:42:33,114.021553,22.652016,1,0
33604,21:43:33,114.020996,22.652758,1,22
33604,21:44:01,114.021027,22.637596,1,0
33604,21:44:33,114.019089,22.655027,0,1
33604,21:45:33,114.018913,22.655132,0,1
33604,21:46:33,114.018822,22.655125,0,0
33604,21:47:33,114.018806,22.655107,0,0
33604,21:48:33,114.02092,22.652782,1,0
33604,21:49:33,114.023087,22.649542,1,54
33604,21:50:33,114.022781,22.643394,1,0
33604,21:51:33,114.022263,22.641682,1,0
33604,21:52:33,114.022263,22.641649,1,7
33604,21:53:33,114.021286,22.638584,1,28
33604,21:54:33,114.020981,22.637789,1,0
33604,21:55:33,114.019485,22.634214,1,53
33604,21:56:33,114.019157,22.63378,1,0
33604,21:57:33,114.016365,22.6313,1,69
33604,21:58:33,114.010986,22.628063,1,41
33604,21:59:13,114.010986,22.628063,1,0
33604,21:59:33,114.008102,22.626348,1,23
33604,22:00:33,114.008263,22.618757,1,68
33604,22:01:33,114.010605,22.608011,1,75
33604,22:02:33,114.010727,22.597328,1,59
33604,22:03:33,114.008675,22.590496,1,46
33604,22:04:33,113.998329,22.590307,1,76
33604,22:05:33,113.987495,22.586693,1,77
33604,22:06:33,113.974785,22.586269,1,80
33604,22:07:33,113.966217,22.579033,1,77
33604,22:08:33,113.966393,22.567553,1,81
33604,22:14:26,113.966393,22.567553,1,0
33604,22:14:33,113.95208,22.538446,1,12
33604,22:15:33,113.951973,22.538275,1,1
33604,22:16:33,113.949783,22.530642,1,39
33604,22:17:33,113.949287,22.525553,1,67
33604,22:18:33,113.947884,22.515114,1,74
33604,22:19:33,113.946548,22.504124,1,76
33604,22:22:33,113.935081,22.485977,1,21
33604,22:23:33,113.933815,22.485113,1,44
33604,22:24:33,113.926514,22.486198,1,2
33604,22:25:33,113.924042,22.487009,1,36
33604,22:26:16,113.920273,22.488264,0,2
33604,22:26:33,113.92025,22.4883,0,0
33604,22:27:33,113.91951,22.488728,0,2
33604,22:28:33,113.919395,22.489502,0,0
33604,22:29:33,113.917755,22.489735,0,24
33604,22:29:39,113.917755,22.489735,0,0
33604,22:30:33,113.914078,22.489355,0,27
33604,22:31:33,113.911804,22.488289,0,8
33604,22:31:46,113.911827,22.4883,1,4
33604,22:32:33,113.911346,22.49008,1,23
33604,22:33:33,113.911369,22.492792,1,48
33604,22:34:33,113.912239,22.494787,1,27
33604,22:35:33,113.915459,22.499495,1,0
33604,22:36:33,113.916809,22.502802,1,0
33604,22:37:33,113.917831,22.505482,1,42
33604,22:38:33,113.918655,22.50749,1,0
33604,22:39:33,113.918678,22.507467,1,0
33604,22:40:33,113.915161,22.510679,1,27
33604,22:41:33,113.913857,22.511831,1,0
33604,22:42:33,113.911354,22.515078,1,0
33604,22:43:33,113.909248,22.515102,1,12
33604,22:44:09,113.908943,22.516462,0,2
33604,22:44:33,113.908905,22.516457,0,0
33604,22:44:52,113.908905,22.516457,0,0
33604,22:45:33,113.909882,22.518246,0,0
33604,22:46:33,113.913109,22.520903,0,24
33604,22:47:33,113.91497,22.525078,0,15
33604,22:48:33,113.917549,22.524643,0,1
33604,22:49:32,113.920074,22.523752,0,0
33604,22:49:49,113.920082,22.523813,1,3
33604,22:50:32,113.921959,22.522951,1,8
33604,22:51:32,113.922768,22.525446,1,13
33604,22:52:32,113.928253,22.523546,1,50
33604,22:53:32,113.928268,22.522907,1,65
33604,22:54:32,113.932838,22.531797,1,75
33604,22:59:22,113.930519,22.528778,1,3
33604,22:59:32,113.930511,22.528723,1,7
33604,23:00:04,113.930511,22.528723,1,0
33604,23:00:32,113.926537,22.528477,1,37
33604,23:01:32,113.9263,22.533649,1,63
33604,23:02:32,113.926346,22.535521,1,39
33604,23:03:32,113.920364,22.535427,1,17
33604,23:04:32,113.916435,22.535536,1,0
33604,23:05:32,113.911797,22.535328,1,29
33604,23:06:32,113.910286,22.539383,1,0
33604,23:07:32,113.908066,22.538324,1,43
33604,23:07:58,113.905724,22.538292,0,9
33604,23:08:32,113.905731,22.538321,0,1
33604,23:09:32,113.904808,22.53961,0,39
33604,23:10:32,113.907661,22.544432,0,48
33604,23:11:21,113.909851,22.543343,1,11
33604,23:11:32,113.90992,22.542578,1,36
33604,23:12:32,113.91024,22.536785,1,49
33604,23:13:32,113.910301,22.534321,1,43
33604,23:14:32,113.9104,22.531536,1,0
33604,23:15:17,113.9104,22.531536,1,0
33604,23:15:32,113.912392,22.531372,1,27
33604,23:16:32,113.91597,22.53109,1,25
33604,23:17:09,113.918228,22.530804,0,9
33604,23:17:32,113.918472,22.530712,0,8
33604,23:18:32,113.919846,22.530628,0,13
33604,23:19:03,113.920265,22.530781,1,1
33604,23:19:32,113.921333,22.530809,1,15
33604,23:20:32,113.924171,22.528196,1,42
33604,23:21:32,113.927345,22.524656,1,6
33604,23:22:32,113.927719,22.519947,1,0
33604,23:23:32,113.928085,22.519318,1,25
33604,23:24:17,113.931419,22.518867,0,5
33604,23:24:32,113.931534,22.518957,0,6
33604,23:25:32,113.931664,22.518936,0,2
33604,23:26:32,113.932365,22.520384,0,7
33604,23:27:15,113.932175,22.52066,1,3
33604,23:27:32,113.931854,22.521004,1,16
33604,23:28:32,113.929947,22.51914,1,28
33604,23:29:32,113.928131,22.519791,1,0
33604,23:30:32,113.926285,22.517973,1,38
33604,23:30:35,113.928131,22.519791,1,0
33604,23:31:32,113.922325,22.518026,1,6
33604,23:32:32,113.918907,22.520004,1,52
33604,23:33:32,113.917397,22.520992,1,1
33604,23:34:32,113.917511,22.520847,1,20
33604,23:35:32,113.921745,22.518223,1,0
33604,23:36:32,113.921829,22.518078,1,0
33604,23:37:32,113.923828,22.522711,1,53
33604,23:38:32,113.928322,22.525093,1,44
33604,23:39:32,113.939087,22.524664,1,79
33604,23:40:32,113.95153,22.523607,1,78
33604,23:41:32,113.963936,22.522713,1,74
33604,23:42:32,113.975128,22.522778,1,75
33604,23:43:32,113.987,22.523743,1,70
33604,23:44:32,113.997292,22.529127,1,73
33604,23:45:32,114.009758,22.529737,1,78
33604,23:45:48,114.009758,22.529737,1,0
33604,23:46:32,114.020828,22.532127,1,58
33604,23:47:32,114.032494,22.530113,1,77
33604,23:48:32,114.044518,22.531315,1,75
33604,23:49:32,114.056496,22.531507,1,66
33604,23:50:32,114.067421,22.531729,1,77
33604,23:51:32,114.078133,22.533012,1,56
33604,23:52:32,114.086578,22.537397,1,76
33604,23:53:32,114.098358,22.538038,1,66
