33648,00:00:11,114.058403,22.5373,0,14
33648,00:01:11,114.062599,22.5375,0,0
33648,00:02:11,114.062798,22.5396,0,33
33648,00:02:41,114.062897,22.544901,0,38
33648,00:03:11,114.062897,22.547701,0,19
33648,00:03:41,114.062798,22.5511,0,0
33648,00:04:11,114.062798,22.5511,0,0
33648,00:04:41,114.062798,22.5511,0,0
33648,00:05:41,114.062599,22.561501,0,51
33648,00:06:11,114.062401,22.568399,0,39
33648,00:07:11,114.060898,22.577101,0,19
33648,00:07:41,114.061401,22.5783,0,32
33648,00:08:41,114.054398,22.5823,0,34
33648,00:09:11,114.052902,22.587099,0,37
33648,00:09:41,114.050201,22.591101,0,30
33648,00:10:42,114.057899,22.598801,0,48
33648,00:11:12,114.060898,22.6042,0,45
33648,00:11:29,114.064102,22.606199,0,0
33648,00:11:41,114.066597,22.607401,0,0
33648,00:11:43,114.066902,22.6075,0,0
33648,00:12:13,114.070602,22.611,0,26
33648,00:12:42,114.070999,22.613501,0,22
33648,00:13:12,114.0681,22.616199,0,26
33648,00:13:42,114.067299,22.619801,0,27
33648,00:14:12,114.0672,22.622601,0,0
33648,00:14:42,114.067001,22.623899,0,31
33648,00:15:12,114.066002,22.628901,0,30
33648,00:15:42,114.065697,22.629999,0,0
33648,00:17:12,114.065201,22.6327,0,0
33648,00:17:42,114.064903,22.6336,0,23
33648,00:18:12,114.0634,22.6373,0,27
33648,00:18:43,114.062897,22.638901,0,9
33648,00:19:19,114.063599,22.6392,0,17
33648,00:19:49,114.064003,22.6397,0,0
33648,00:20:19,114.063103,22.639099,0,10
33648,00:20:49,114.062302,22.6394,0,10
33648,00:21:19,114.0606,22.6388,0,18
33648,00:21:49,114.058601,22.637899,0,3
33648,00:23:19,114.055702,22.636101,0,0
33648,00:23:49,114.055702,22.636101,0,0
33648,00:24:19,114.055702,22.6336,0,13
33648,00:25:19,114.055702,22.632099,0,33
33648,00:25:49,114.055397,22.6301,0,0
33648,00:26:19,114.055397,22.6301,0,0
33648,00:27:19,114.055298,22.6252,0,12
33648,00:27:49,114.0532,22.625099,0,12
33648,00:28:19,114.0532,22.622999,0,12
33648,00:28:49,114.053497,22.621599,0,11
33648,00:29:19,114.054703,22.6215,0,4
33648,00:31:19,114.055702,22.6168,0,32
33648,00:31:49,114.055099,22.612101,0,28
33648,00:32:20,114.0541,22.6085,0,0
33648,00:32:50,114.0541,22.6085,0,0
33648,00:33:20,114.053596,22.607401,0,30
33648,00:33:50,114.049599,22.6045,0,32
33648,00:34:50,114.043602,22.6047,0,17
33648,00:35:20,114.043503,22.6012,0,25
33648,00:37:20,114.052002,22.587999,0,34
33648,00:38:20,114.057297,22.578501,0,37
33648,00:39:50,114.062401,22.5651,0,43
33648,00:43:51,114.063103,22.5394,0,3
33648,00:44:21,114.063499,22.5392,0,11
33648,00:44:51,114.064301,22.537901,0,10
33648,00:45:21,114.063797,22.537701,0,0
33648,00:45:51,114.063797,22.537701,0,0
33648,00:46:21,114.063797,22.537701,0,0
33648,00:48:17,114.071701,22.538601,0,0
33648,00:49:47,114.076103,22.541201,0,23
33648,00:50:17,114.076302,22.5452,0,0
33648,00:51:17,114.076302,22.5469,0,9
33648,00:51:47,114.078598,22.547001,0,6
33648,00:52:17,114.078697,22.5485,0,13
33648,00:53:22,114.078598,22.549,0,0
33648,00:53:52,114.078598,22.548901,0,10
33648,00:54:53,114.0793,22.5464,0,18
33648,00:55:23,114.079498,22.545601,0,0
33648,00:55:53,114.079498,22.545601,0,0
33648,00:56:53,114.079498,22.545601,0,0
33648,00:57:18,114.079498,22.545601,0,0
33648,00:57:48,114.079201,22.543301,0,7
33648,00:58:18,114.074997,22.5431,0,36
33648,00:58:48,114.069702,22.5431,0,33
33648,00:59:48,114.0681,22.537399,0,41
33648,01:00:48,114.063301,22.5319,0,38
33648,01:01:18,114.0569,22.531601,0,51
33648,01:01:48,114.050598,22.5315,0,38
33648,01:02:18,114.042801,22.5312,0,57
33648,01:02:48,114.034599,22.5303,0,54
33648,01:03:18,114.027397,22.530899,0,42
33648,01:03:48,114.021004,22.5322,0,40
33648,01:04:18,114.0158,22.5312,0,41
33648,01:04:48,114.009102,22.5298,0,44
33648,01:05:18,114.0028,22.530199,0,44
33648,01:05:48,113.996201,22.528799,0,44
33648,01:06:18,113.991501,22.5256,0,40
33648,01:06:49,113.985802,22.523701,0,37
33648,01:07:19,113.979301,22.523001,0,43
33648,01:07:49,113.972801,22.5229,0,44
33648,01:08:19,113.966202,22.5229,0,41
33648,01:09:19,113.9543,22.523399,0,40
33648,01:10:19,113.941803,22.5245,0,42
33648,01:10:49,113.935699,22.524599,0,41
33648,01:11:49,113.923401,22.525999,0,36
33648,01:12:19,113.919899,22.5266,0,27
33648,01:12:50,113.918701,22.526899,0,0
33648,01:13:20,113.918701,22.526899,0,0
33648,01:13:50,113.918297,22.5261,0,23
33648,01:14:20,113.917603,22.523001,0,33
33648,01:14:49,113.915398,22.5194,0,33
33648,01:15:48,113.910103,22.515301,0,0
33648,01:17:49,113.908997,22.516899,0,21
33648,01:19:19,113.9132,22.520901,0,15
33648,01:20:19,113.916496,22.524599,0,17
33648,01:21:19,113.919502,22.523899,0,12
33648,01:21:37,113.920197,22.5236,0,0
33648,01:21:44,113.9207,22.5235,0,0
33648,01:21:50,113.920998,22.523399,0,0
33648,01:22:20,113.922096,22.5229,0,0
33648,01:22:49,113.922401,22.523199,0,13
33648,01:23:49,113.922798,22.5247,0,0
33648,01:25:20,113.927399,22.524599,0,19
33648,01:25:50,113.931297,22.5243,0,25
33648,01:26:50,113.939102,22.524099,0,29
33648,01:27:50,113.947502,22.523701,0,29
33648,01:28:20,113.951698,22.523199,0,30
33648,01:29:20,113.960701,22.522301,0,32
33648,01:30:20,113.971497,22.522699,0,38
33648,01:30:50,113.977501,22.522699,0,38
33648,01:31:20,113.983299,22.523001,0,41
33648,01:31:50,113.988602,22.5242,0,37
33648,01:32:50,113.997803,22.529301,0,37
33648,01:33:20,114.003403,22.5299,0,37
33648,01:33:50,114.008598,22.529499,0,32
33648,01:34:20,114.013901,22.5305,0,37
33648,01:34:50,114.019203,22.5319,0,37
33648,01:35:20,114.024101,22.531401,0,29
33648,01:35:50,114.0271,22.5291,0,32
33648,01:36:20,114.030701,22.5271,0,28
33648,01:36:51,114.0317,22.5249,0,19
33648,01:37:21,114.031097,22.524,0,0
33648,01:37:51,114.032997,22.5228,0,11
33648,01:38:21,114.033997,22.5224,0,4
33648,01:39:51,114.0355,22.5233,0,11
33648,01:41:51,114.0373,22.5238,0,0
33648,01:42:21,114.0373,22.5238,0,0
33648,01:43:21,114.038902,22.5243,0,5
33648,01:43:51,114.040298,22.523399,0,19
33648,01:44:21,114.0411,22.5231,0,0
33648,01:44:51,114.0411,22.5231,0,0
33648,01:45:21,114.0411,22.5231,0,0
33648,01:45:51,114.0411,22.5231,0,0
33648,01:46:21,114.041603,22.523399,0,10
33648,01:46:52,114.042702,22.5228,0,6
33648,01:47:22,114.042397,22.522499,0,0
33648,01:49:22,114.042397,22.522499,0,0
33648,01:49:52,114.042397,22.522499,0,0
33648,01:51:22,114.042397,22.522499,0,0
33648,01:52:22,114.042397,22.522499,0,0
33648,01:53:52,114.042397,22.522499,0,0
33648,01:54:22,114.042397,22.522499,0,0
33648,01:54:52,114.042397,22.522499,0,0
33648,01:55:52,114.042397,22.522499,0,0
33648,01:57:22,114.042397,22.522499,0,0
33648,01:57:52,114.042397,22.522499,0,0
33648,01:59:22,114.042397,22.522499,0,0
33648,01:59:52,114.042397,22.522499,0,0
33648,02:00:53,114.042397,22.522499,0,0
33648,02:01:23,114.042397,22.522499,0,0
33648,02:01:53,114.042397,22.522499,0,0
33648,02:02:23,114.042397,22.522499,0,0
33648,02:03:23,114.042801,22.522499,0,14
33648,02:04:23,114.046997,22.525299,0,20
33648,02:04:53,114.049103,22.525499,0,23
33648,02:06:53,114.054001,22.524401,0,13
33648,02:07:23,114.053703,22.522699,0,0
33648,02:07:53,114.054497,22.5212,0,13
33648,02:08:54,114.057602,22.5207,0,5
33648,02:09:24,114.058197,22.520901,0,12
33648,02:09:54,114.0588,22.521,0,0
33648,02:10:24,114.0588,22.521,0,4
33648,02:11:24,114.0588,22.520599,0,0
33648,02:11:54,114.058601,22.519899,0,14
33648,02:12:24,114.056503,22.5198,0,16
33648,02:12:54,114.056297,22.5208,0,0
33648,02:13:10,114.056297,22.5208,0,0
33648,02:13:11,114.056297,22.5208,0,0
33648,02:13:41,114.054604,22.521,0,18
33648,02:14:11,114.053902,22.5231,0,14
33648,02:15:34,114.056396,22.5256,0,0
33648,02:16:04,114.0569,22.5257,0,4
33648,02:16:35,114.0578,22.525801,0,9
33648,02:17:05,114.058296,22.5256,0,3
33648,02:18:05,114.058601,22.523899,0,7
33648,02:18:29,114.058197,22.523701,0,0
33648,02:18:35,114.058197,22.523701,0,0
33648,02:19:05,114.058296,22.5226,0,4
33648,02:20:05,114.058403,22.5215,0,7
33648,02:20:35,114.058502,22.521099,0,0
33648,02:21:05,114.058701,22.521,0,0
33648,02:21:35,114.058899,22.5205,0,0
33648,02:23:05,114.058899,22.520399,0,0
33648,02:23:35,114.058899,22.520399,0,0
33648,02:24:05,114.058502,22.520201,0,11
33648,02:24:36,114.0578,22.5205,0,11
33648,02:25:06,114.057701,22.5207,0,7
33648,02:25:36,114.056503,22.5212,0,6
33648,02:27:06,114.058296,22.523701,0,8
33648,02:27:36,114.058899,22.5224,0,3
33648,02:28:06,114.058899,22.521,0,4
33648,02:28:49,114.0588,22.520399,0,0
33648,02:29:49,114.060898,22.520901,0,0
33648,02:30:19,114.060898,22.520901,0,0
33648,02:30:49,114.061996,22.521799,0,29
33648,02:31:19,114.063301,22.525801,0,0
33648,02:31:49,114.063301,22.525801,0,0
33648,02:33:19,114.066299,22.5313,0,23
33648,02:34:19,114.065697,22.524401,0,28
33648,02:35:19,114.067802,22.520901,0,8
33648,02:35:41,114.0681,22.521601,0,0
33648,02:36:11,114.068199,22.521799,0,0
33648,02:36:42,114.067101,22.5224,0,26
33648,02:38:12,114.067101,22.5252,0,21
33648,02:38:42,114.0681,22.5285,0,37
33648,02:39:12,114.068298,22.533501,0,34
33648,02:39:42,114.068398,22.5383,0,21
33648,02:40:12,114.069397,22.5385,0,2
33648,02:40:42,114.072197,22.5387,0,18
33648,02:41:12,114.074097,22.539499,0,3
33648,02:41:42,114.074402,22.539301,0,0
33648,02:42:12,114.074303,22.539,0,5
33648,02:42:42,114.073799,22.5382,0,3
33648,02:44:12,114.0755,22.5369,0,12
33648,02:44:42,114.076698,22.5359,0,2
33648,02:45:42,114.077599,22.5352,0,8
33648,02:46:42,114.078201,22.534599,0,2
33648,02:47:42,114.078201,22.534599,0,0
33648,02:48:12,114.078201,22.534599,0,0
33648,02:48:42,114.078201,22.534599,0,0
33648,02:49:42,114.078201,22.534599,0,0
33648,02:50:12,114.078201,22.534599,0,0
33648,02:53:48,114.077698,22.539301,0,20
33648,02:54:18,114.077698,22.5401,0,0
33648,02:55:18,114.076103,22.5415,0,20
33648,02:55:48,114.076202,22.5429,0,0
33648,02:56:18,114.076202,22.5436,0,0
33648,02:56:19,114.076202,22.5436,0,0
33648,02:56:48,114.076302,22.546499,0,4
33648,02:57:48,114.078598,22.547501,0,0
33648,02:58:18,114.078598,22.547501,0,0
33648,02:58:48,114.078598,22.547501,0,0
33648,02:59:18,114.078003,22.547001,0,4
33648,03:00:49,114.075996,22.546301,0,21
33648,03:01:19,114.076103,22.545601,0,0
33648,03:01:49,114.076302,22.5453,0,2
33648,03:02:19,114.076302,22.5453,0,0
33648,03:02:50,114.076202,22.5467,0,0
33648,03:03:20,114.073196,22.5478,0,37
33648,03:03:50,114.068199,22.5478,0,13
33648,03:05:20,114.067802,22.5574,0,26
33648,03:05:50,114.066299,22.5581,0,29
33648,03:06:20,114.061302,22.559299,0,36
33648,03:06:50,114.058296,22.562201,0,0
33648,03:07:50,114.056297,22.5625,0,29
33648,03:08:20,114.054298,22.5637,0,14
33648,03:09:17,114.052696,22.5639,0,0
33648,03:09:47,114.052696,22.5639,0,0
33648,03:10:17,114.052696,22.5639,0,0
33648,03:10:47,114.052696,22.5639,0,0
33648,03:11:47,114.054199,22.562799,0,11
33648,03:12:48,114.054199,22.5627,0,0
33648,03:13:18,114.0569,22.5623,0,28
33648,03:13:48,114.060501,22.5599,0,35
33648,03:14:18,114.064903,22.557899,0,30
33648,03:14:48,114.067703,22.5569,0,28
33648,03:15:48,114.067802,22.5513,0,0
33648,03:16:18,114.067802,22.5513,0,0
33648,03:17:18,114.067902,22.547899,0,0
33648,03:18:18,114.071503,22.548,0,0
33648,03:18:48,114.072098,22.548,0,15
33648,03:19:18,114.075699,22.547001,0,11
33648,03:19:48,114.075798,22.547001,0,0
33648,03:20:18,114.075798,22.547001,0,0
33648,03:20:48,114.076103,22.544399,0,25
33648,03:21:18,114.077103,22.5429,0,22
33648,03:21:47,114.078003,22.542999,0,0
33648,03:22:17,114.0812,22.5432,0,17
33648,03:23:17,114.087799,22.5432,0,28
33648,03:24:17,114.096199,22.5434,0,30
33648,03:24:48,114.099297,22.5434,0,0
33648,03:25:48,114.104301,22.544399,0,37
33648,03:26:18,114.1092,22.545099,0,35
33648,03:26:48,114.114799,22.546,0,31
33648,03:27:18,114.116997,22.547501,0,23
33648,03:27:48,114.116898,22.551001,0,27
33648,03:28:18,114.118797,22.553801,0,0
33648,03:29:18,114.120598,22.5564,0,26
33648,03:29:48,114.120102,22.558599,0,27
33648,03:30:18,114.118698,22.563299,0,40
33648,03:30:48,114.118103,22.568701,0,31
33648,03:31:48,114.115601,22.5791,0,43
33648,03:32:18,114.115303,22.582001,0,16
33648,03:32:49,114.116997,22.5828,0,0
33648,03:33:19,114.1166,22.5839,0,16
33648,03:34:19,114.114098,22.5874,0,10
33648,03:34:49,114.113899,22.587601,0,0
33648,03:35:49,114.114899,22.5881,0,12
33648,03:36:49,114.119797,22.5912,0,12
33648,03:37:19,114.119797,22.593901,0,25
33648,03:37:40,114.119797,22.5952,0,0
33648,03:38:40,114.119797,22.5954,0,0
33648,03:39:10,114.119698,22.592899,0,27
33648,03:40:40,114.115799,22.588499,0,17
33648,03:42:10,114.113197,22.585699,0,0
33648,03:42:22,114.113197,22.585699,0,0
33648,03:42:52,114.111504,22.587299,0,30
33648,03:43:22,114.109398,22.591299,0,33
33648,03:45:22,114.115196,22.601999,0,0
33648,03:45:52,114.117302,22.6045,0,22
33648,03:46:22,114.117203,22.6054,0,19
33648,03:46:52,114.116203,22.6061,0,0
33648,03:47:52,114.117302,22.609699,0,0
33648,03:48:22,114.119202,22.610701,0,17
33648,03:49:51,114.121101,22.610001,0,0
33648,03:50:21,114.121101,22.610001,0,0
33648,03:50:51,114.1213,22.6099,0,13
33648,03:51:21,114.1203,22.6112,0,0
33648,03:51:51,114.119598,22.6112,0,18
33648,03:52:21,114.1166,22.6098,0,16
33648,03:52:51,114.116203,22.6099,0,0
33648,03:53:21,114.116203,22.6099,0,0
33648,03:53:51,114.116203,22.6099,0,0
33648,03:54:21,114.116203,22.6099,0,0
33648,03:54:52,114.116203,22.6099,0,0
33648,03:55:22,114.116203,22.6099,0,0
33648,03:55:52,114.116203,22.6099,0,0
33648,03:56:22,114.116203,22.6099,0,0
33648,03:57:52,114.116203,22.6099,0,0
33648,03:58:22,114.116203,22.6099,0,0
33648,03:58:52,114.116203,22.6099,0,0
33648,04:01:22,114.115898,22.6098,0,3
33648,04:03:22,114.115799,22.6033,0,24
33648,04:03:52,114.115303,22.6026,0,0
33648,04:04:52,114.112297,22.5986,0,38
33648,04:05:22,114.109802,22.5938,0,40
33648,04:05:52,114.109802,22.5891,0,29
33648,04:06:22,114.111397,22.586599,0,5
33648,04:06:53,114.111504,22.5865,0,0
33648,04:07:23,114.111504,22.5865,0,0
33648,04:07:53,114.111504,22.5865,0,0
33648,04:08:53,114.111504,22.5865,0,0
33648,04:09:23,114.1119,22.586,0,7
33648,04:09:53,114.113297,22.5839,0,32
33648,04:10:23,114.114899,22.579901,0,10
33648,04:10:53,114.115501,22.578699,0,20
33648,04:11:23,114.117699,22.5746,0,36
33648,04:12:23,114.118103,22.565901,0,37
33648,04:12:54,114.1194,22.5609,0,35
33648,04:13:54,114.125198,22.5536,0,41
33648,04:14:24,114.126602,22.552999,0,0
33648,04:15:24,114.126801,22.552799,0,0
33648,04:15:54,114.126801,22.552799,0,0
33648,04:17:24,114.126503,22.5529,0,0
33648,04:17:54,114.126503,22.5529,0,0
33648,04:18:24,114.126503,22.5529,0,0
33648,04:18:54,114.126503,22.5529,0,0
33648,04:19:24,114.126503,22.5529,0,0
33648,04:19:54,114.126503,22.5529,0,0
33648,04:20:24,114.126503,22.5529,0,0
33648,04:20:54,114.126503,22.5529,0,0
33648,04:21:24,114.126503,22.5529,0,0
33648,04:21:54,114.126503,22.5529,0,0
33648,04:22:19,114.126503,22.5529,0,0
33648,04:23:20,114.130096,22.554899,0,26
33648,04:23:50,114.133003,22.5555,0,26
33648,04:24:20,114.134903,22.558399,0,4
33648,04:24:50,114.134903,22.558399,0,0
33648,04:25:50,114.136398,22.556999,0,28
33648,04:26:50,114.147102,22.5555,0,43
33648,04:27:20,114.153099,22.557501,0,43
33648,04:27:50,114.1577,22.560801,0,30
33648,04:28:20,114.157501,22.5611,0,27
33648,04:29:20,114.161102,22.564301,0,10
33648,04:30:20,114.164902,22.564301,0,11
33648,04:30:52,114.166901,22.5641,0,16
33648,04:31:22,114.168098,22.564699,0,6
33648,04:33:15,114.169098,22.565201,0,6
33648,04:33:45,114.168098,22.5648,0,3
33648,04:34:15,114.167702,22.5641,0,6
33648,04:34:46,114.166901,22.5644,0,9
33648,04:35:16,114.1651,22.564301,0,7
33648,04:35:46,114.164497,22.563299,0,12
33648,04:36:16,114.160896,22.5627,0,31
33648,04:36:46,114.155998,22.559999,0,41
33648,04:37:16,114.150902,22.556499,0,41
33648,04:37:46,114.145103,22.5555,0,37
33648,04:38:16,114.139198,22.556,0,36
33648,04:38:46,114.1353,22.558399,0,15
33648,04:39:16,114.135201,22.5585,0,0
33648,04:39:46,114.135201,22.5585,0,0
33648,04:40:16,114.134499,22.557899,0,18
33648,04:40:46,114.132797,22.555401,0,15
33648,04:41:16,114.130402,22.554399,0,11
33648,04:41:46,114.130203,22.552601,0,8
33648,04:42:16,114.129799,22.552,0,0
33648,04:42:46,114.128899,22.5506,0,10
33648,04:43:46,114.1278,22.552401,0,11
33648,04:44:16,114.126801,22.552799,0,0
33648,04:44:47,114.126801,22.552799,0,0
33648,04:45:17,114.126801,22.552799,0,0
33648,04:45:47,114.126801,22.552799,0,0
33648,04:46:17,114.126801,22.552799,0,0
33648,04:46:47,114.126801,22.552799,0,0
33648,04:47:17,114.126801,22.552799,0,0
33648,04:47:47,114.126801,22.552799,0,0
33648,04:48:47,114.126801,22.552799,0,0
33648,04:49:17,114.126801,22.552799,0,0
33648,04:50:17,114.126801,22.552799,0,0
33648,04:50:47,114.126801,22.552799,0,0
33648,04:51:17,114.126801,22.552799,0,0
33648,04:51:47,114.126801,22.552799,0,0
33648,04:52:17,114.126801,22.552799,0,0
33648,04:52:47,114.126801,22.552799,0,0
33648,04:53:17,114.126801,22.552799,0,0
33648,04:53:47,114.126801,22.552799,0,0
33648,04:54:17,114.127602,22.5525,0,11
33648,04:54:47,114.128098,22.551201,0,11
33648,04:55:47,114.1287,22.5494,0,0
33648,04:56:52,114.125801,22.546,0,30
33648,04:57:22,114.125801,22.542601,0,19
33648,04:57:52,114.1222,22.5401,0,32
33648,04:58:17,114.121101,22.5396,0,0
33648,04:58:47,114.120903,22.539301,0,10
33648,04:59:17,114.120003,22.5387,0,7
33648,04:59:47,114.119598,22.539,0,2
33648,05:00:17,114.119598,22.539,0,0
33648,05:00:47,114.119598,22.539,0,0
33648,05:02:48,114.119598,22.539,0,0
33648,05:04:18,114.119598,22.539,0,0
33648,05:04:48,114.119598,22.539,0,0
33648,05:06:18,114.119598,22.539,0,0
33648,05:06:48,114.119598,22.539,0,0
33648,05:07:18,114.119598,22.539,0,0
33648,05:07:48,114.119598,22.539,0,0
33648,05:08:18,114.119598,22.539,0,0
33648,05:08:49,114.119598,22.539,0,0
33648,05:09:19,114.119598,22.539,0,0
33648,05:09:49,114.119598,22.539,0,0
33648,05:10:19,114.119598,22.539,0,0
33648,05:10:49,114.119598,22.539,0,0
33648,05:11:49,114.119598,22.539,0,0
33648,05:12:19,114.119598,22.539,0,0
33648,05:12:49,114.119598,22.539,0,0
33648,05:13:19,114.119598,22.539,0,0
33648,05:13:21,114.119598,22.539,0,0
33648,05:13:51,114.119102,22.540001,0,0
33648,05:15:22,114.113701,22.5397,0,22
33648,05:15:52,114.113602,22.542,0,0
33648,05:16:52,114.111,22.5441,0,33
33648,05:17:22,114.110397,22.547501,0,0
33648,05:17:52,114.110298,22.547701,0,9
33648,05:19:22,114.102898,22.549101,0,12
33648,05:19:46,114.101501,22.547899,0,0
33648,05:20:46,114.099899,22.547501,0,7
33648,05:21:17,114.099403,22.546499,0,19
33648,05:22:17,114.099503,22.5415,0,0
33648,05:22:47,114.098999,22.541201,0,15
33648,05:23:17,114.097,22.541,0,9
33648,05:23:47,114.095901,22.540199,0,8
33648,05:24:17,114.0952,22.540899,0,17
33648,05:24:47,114.093597,22.541599,0,13
33648,05:25:17,114.091499,22.541599,0,0
33648,05:25:47,114.091103,22.541599,0,9
33648,05:27:17,114.085999,22.5408,0,0
33648,05:27:47,114.084198,22.5408,0,11
33648,05:28:17,114.081802,22.5408,0,7
33648,05:29:47,114.077499,22.538799,0,11
33648,05:30:17,114.0774,22.5369,0,8
33648,05:30:47,114.077103,22.535801,0,4
33648,05:31:47,114.0755,22.5368,0,8
33648,05:32:47,114.073601,22.5368,0,5
33648,05:33:48,114.071999,22.5359,0,10
33648,05:34:18,114.071999,22.534401,0,0
33648,05:34:48,114.071999,22.534401,0,0
33648,05:35:18,114.071602,22.532,0,19
33648,05:35:48,114.068001,22.532,0,20
33648,05:37:18,114.062698,22.5294,0,12
33648,05:38:18,114.059402,22.529301,0,0
33648,05:38:48,114.058998,22.5289,0,12
33648,05:39:49,114.059998,22.5243,0,23
33648,05:40:19,114.059998,22.5236,0,11
33648,05:40:49,114.058701,22.524,0,12
33648,05:41:19,114.058601,22.525,0,0
33648,05:41:49,114.058601,22.525,0,0
33648,05:42:19,114.058601,22.525,0,0
33648,05:42:49,114.058601,22.525,0,0
33648,05:43:49,114.058601,22.525,0,0
33648,05:44:21,114.058601,22.525,0,0
33648,05:44:51,114.058601,22.525801,0,12
33648,05:46:22,114.058502,22.5354,0,20
33648,05:47:52,114.062698,22.5355,0,0
33648,05:48:22,114.062698,22.5355,0,0
33648,05:48:39,114.063202,22.5359,0,0
33648,05:49:09,114.063202,22.5359,0,0
33648,05:49:39,114.063202,22.5359,0,0
33648,05:50:09,114.063202,22.5359,0,0
33648,05:50:39,114.063698,22.5364,0,17
33648,05:51:09,114.0634,22.537201,0,0
33648,05:51:39,114.062698,22.536301,0,20
33648,05:53:09,114.063004,22.531401,0,33
33648,05:54:39,114.060501,22.527599,0,3
33648,05:55:09,114.059402,22.5268,0,23
33648,05:55:39,114.060097,22.523899,0,12
33648,05:56:09,114.0597,22.5236,0,13
33648,05:56:39,114.058601,22.5247,0,11
33648,05:57:10,114.058601,22.525,0,0
33648,05:58:40,114.058601,22.525,0,0
33648,05:59:10,114.058601,22.525,0,0
33648,05:59:40,114.058601,22.525,0,0
33648,06:00:10,114.058601,22.525,0,0
33648,06:00:40,114.058601,22.525,0,0
33648,06:00:46,114.058601,22.525,0,0
33648,06:01:16,114.059303,22.525801,0,11
33648,06:03:16,114.058601,22.531099,0,15
33648,06:03:46,114.062897,22.531401,0,39
33648,06:04:16,114.067596,22.5303,0,35
33648,06:05:46,114.0681,22.521799,0,16
33648,06:06:16,114.0681,22.5215,0,10
33648,06:06:33,114.068199,22.521601,0,0
33648,06:07:04,114.068199,22.521799,0,9
33648,06:07:34,114.065903,22.5228,0,23
33648,06:08:04,114.065903,22.5243,0,10
33648,06:08:34,114.068497,22.523899,0,13
33648,06:09:04,114.067101,22.525801,0,24
33648,06:09:34,114.068298,22.5301,0,31
33648,06:10:04,114.069099,22.532801,0,17
33648,06:11:04,114.063301,22.5319,0,26
33648,06:11:34,114.062897,22.5322,0,22
33648,06:12:04,114.062897,22.5289,0,20
33648,06:12:34,114.061897,22.5278,0,12
33648,06:13:34,114.059799,22.5277,0,0
33648,06:14:04,114.059303,22.527201,0,14
33648,06:14:34,114.059799,22.525,0,9
33648,06:15:05,114.060097,22.523899,0,0
33648,06:15:35,114.060097,22.523701,0,9
33648,06:16:05,114.058601,22.523701,0,1
33648,06:16:35,114.0578,22.523701,0,3
33648,06:17:05,114.056503,22.523399,0,7
33648,06:17:35,114.056396,22.5224,0,10
33648,06:18:05,114.056396,22.521099,0,7
33648,06:18:35,114.056396,22.5208,0,0
33648,06:20:05,114.057297,22.5207,0,10
33648,06:21:35,114.059097,22.521799,0,0
33648,06:22:05,114.059097,22.5222,0,0
33648,06:22:13,114.059097,22.5222,0,0
33648,06:22:43,114.058601,22.5236,0,9
33648,06:24:13,114.059601,22.5257,0,14
33648,06:24:24,114.0597,22.5252,0,0
33648,06:24:54,114.0597,22.5252,0,0
33648,06:25:24,114.060097,22.5238,0,0
33648,06:25:54,114.060097,22.5238,0,0
33648,06:26:24,114.060699,22.5215,0,12
33648,06:27:25,114.061501,22.5205,0,20
33648,06:27:55,114.061897,22.5198,0,0
33648,06:29:55,114.062103,22.519699,0,0
33648,06:30:55,114.062103,22.519699,0,0
33648,06:31:25,114.062103,22.519699,0,0
33648,06:31:55,114.062103,22.519699,0,0
33648,06:32:55,114.062103,22.519699,0,0
33648,06:33:26,114.062103,22.519699,0,0
33648,06:34:26,114.0625,22.5193,0,0
33648,06:36:26,114.0625,22.5193,0,0
33648,06:37:26,114.0625,22.5193,0,0
33648,06:38:26,114.062599,22.519199,0,0
33648,06:38:56,114.061401,22.519501,0,14
33648,06:39:26,114.058601,22.517401,0,25
33648,06:40:26,114.055298,22.517799,0,9
33648,06:40:56,114.055099,22.5184,0,0
33648,06:41:26,114.055099,22.5184,0,0
33648,06:42:26,114.055099,22.5184,0,0
33648,06:42:56,114.055099,22.5184,0,0
33648,06:43:26,114.055099,22.5184,0,0
33648,06:43:56,114.055099,22.5184,0,0
33648,06:44:56,114.055099,22.5184,0,0
33648,06:45:57,114.055099,22.5184,0,0
33648,06:46:27,114.055099,22.5184,0,0
33648,06:46:57,114.055099,22.5184,0,0
33648,06:48:27,114.055099,22.5184,0,0
33648,06:48:57,114.055099,22.5184,0,0
33648,06:49:57,114.055099,22.5184,0,0
33648,06:50:27,114.055099,22.5184,0,0
33648,06:50:57,114.055099,22.5184,0,0
33648,06:51:57,114.055099,22.5184,0,0
33648,06:52:27,114.055099,22.5184,0,0
33648,06:52:57,114.055,22.5182,0,0
33648,06:54:27,114.055,22.5182,0,0
33648,06:55:27,114.055,22.5182,0,0
33648,06:56:27,114.055,22.5182,0,0
33648,06:57:28,114.055,22.5182,0,0
33648,06:57:58,114.055,22.5182,0,0
33648,06:58:28,114.055,22.5182,0,0
33648,06:58:58,114.055,22.5182,0,0
33648,06:59:58,114.055,22.5182,0,0
33648,07:00:28,114.055,22.5182,0,0
33648,07:01:58,114.055,22.5182,0,0
33648,07:02:28,114.055,22.5182,0,0
33648,07:02:58,114.055,22.5182,0,0
33648,07:03:58,114.055,22.5182,0,0
33648,07:04:28,114.055,22.5182,0,0
33648,07:04:58,114.055,22.5182,0,0
33648,07:05:59,114.054802,22.518,0,0
33648,07:06:29,114.054802,22.518,0,0
33648,07:07:29,114.055099,22.518299,0,6
33648,07:07:59,114.0578,22.5194,0,25
33648,07:08:29,114.0588,22.52,0,9
33648,07:08:59,114.056602,22.5194,0,9
33648,07:09:29,114.056,22.5208,0,12
33648,07:09:59,114.053902,22.521799,0,17
33648,07:10:29,114.054199,22.5238,0,13
33648,07:10:59,114.054001,22.524599,0,0
33648,07:11:29,114.054001,22.524599,0,0
33648,07:12:29,114.054001,22.524599,0,0
33648,07:12:59,114.054001,22.524599,0,0
33648,07:13:29,114.054001,22.524599,0,0
33648,07:13:59,114.054001,22.524599,0,0
33648,07:14:29,114.054001,22.524599,0,0
33648,07:15:59,114.054001,22.524599,0,0
33648,07:16:59,114.054001,22.524599,0,0
33648,07:17:29,114.054001,22.524599,0,0
33648,07:19:59,114.054001,22.524599,0,0
33648,07:20:29,114.054001,22.524599,0,0
33648,07:20:59,114.054001,22.524599,0,0
33648,07:21:30,114.054001,22.524599,0,0
33648,07:22:30,114.055901,22.5257,0,17
33648,07:23:00,114.056999,22.525801,0,8
33648,07:23:30,114.058296,22.5256,0,0
33648,07:24:27,114.058601,22.524599,0,0
33648,07:25:27,114.059097,22.525801,0,0
33648,07:25:57,114.059097,22.525801,0,0
33648,07:26:57,114.059196,22.528,0,13
33648,07:27:28,114.058701,22.5305,0,15
33648,07:27:58,114.061302,22.531401,0,31
33648,07:28:28,114.065697,22.531401,0,26
33648,07:28:58,114.067802,22.5285,0,31
33648,07:29:28,114.066101,22.5252,0,16
33648,07:30:28,114.065498,22.5242,0,0
33648,07:30:58,114.065002,22.5233,0,8
33648,07:31:58,114.065201,22.523001,0,0
33648,07:32:28,114.065804,22.5228,0,0
33648,07:32:58,114.066399,22.522499,0,7
33648,07:33:58,114.068001,22.5214,0,0
33648,07:34:28,114.067902,22.521,0,8
33648,07:36:06,114.0662,22.522699,0,16
33648,07:36:36,114.065598,22.524099,0,16
33648,07:37:06,114.067802,22.523701,0,10
33648,07:37:36,114.068497,22.524,0,4
33648,07:39:37,114.068199,22.5376,0,17
33648,07:40:37,114.071503,22.5387,0,0
33648,07:40:39,114.071503,22.5387,0,0
33648,07:41:07,114.071503,22.5387,0,0
33648,07:41:37,114.069901,22.5387,0,34
33648,07:42:07,114.065201,22.538,0,20
33648,07:42:37,114.0644,22.5378,0,0
33648,07:43:07,114.0644,22.5378,0,0
33648,07:43:37,114.0644,22.5378,0,0
33648,07:44:07,114.0644,22.5378,0,0
33648,07:44:37,114.062798,22.537001,0,22
33648,07:45:07,114.063004,22.532801,0,29
33648,07:46:37,114.063004,22.5252,0,18
33648,07:47:07,114.062103,22.5221,0,20
33648,07:47:37,114.061501,22.521601,0,0
33648,07:48:07,114.061501,22.521601,0,0
33648,07:48:37,114.061501,22.521601,0,0
33648,07:50:07,114.061897,22.5182,0,19
33648,07:50:37,114.059402,22.5163,0,20
33648,07:51:08,114.056503,22.514601,0,31
33648,07:51:38,114.055801,22.5142,0,0
33648,07:52:08,114.055496,22.514099,0,15
33648,07:52:38,114.051903,22.513,0,34
33648,07:53:08,114.048698,22.5124,0,0
33648,07:53:38,114.0485,22.5107,0,13
33648,07:54:08,114.044998,22.510799,0,24
33648,07:54:17,114.044601,22.510799,0,0
33648,07:54:47,114.044601,22.510799,0,0
33648,07:55:17,114.0438,22.5109,0,10
33648,07:55:47,114.042,22.511299,0,12
33648,07:56:17,114.041801,22.5124,0,9
33648,07:56:47,114.041397,22.5131,0,12
33648,07:57:17,114.040497,22.5133,0,0
33648,07:57:47,114.040497,22.5133,0,0
33648,07:58:45,114.040802,22.513901,0,0
33648,07:58:47,114.040802,22.513901,0,0
33648,07:58:56,114.041,22.514601,0,7
33648,07:59:17,114.042297,22.514601,0,6
33648,07:59:47,114.040497,22.5151,0,6
33648,08:00:47,114.041397,22.5201,0,31
33648,08:01:17,114.044403,22.519699,0,41
33648,08:01:47,114.0476,22.518499,0,0
33648,08:01:50,114.0476,22.518499,0,0
33648,08:02:50,114.050598,22.5182,0,0
33648,08:03:21,114.050598,22.5182,0,0
33648,08:04:21,114.050598,22.5182,0,0
33648,08:04:51,114.051102,22.5194,0,32
33648,08:05:21,114.051498,22.524799,0,32
33648,08:05:51,114.051598,22.5252,0,0
33648,08:07:21,114.051498,22.525999,0,18
33648,08:07:51,114.051598,22.5298,0,34
33648,08:08:51,114.057701,22.5313,0,33
33648,08:09:21,114.062401,22.531401,0,30
33648,08:10:51,114.073196,22.531799,0,28
33648,08:11:21,114.076797,22.531799,0,21
33648,08:11:51,114.078201,22.5331,0,11
33648,08:12:21,114.078903,22.534401,0,13
33648,08:12:51,114.080002,22.5362,0,24
33648,08:13:21,114.0849,22.5373,0,38
33648,08:13:51,114.088699,22.5375,0,18
33648,08:14:21,114.091301,22.5382,0,2
33648,08:14:51,114.0914,22.5385,0,0
33648,08:15:22,114.0914,22.5385,0,0
33648,08:15:52,114.0914,22.539,0,12
33648,08:16:22,114.0914,22.5399,0,11
33648,08:16:52,114.0914,22.5403,0,0
33648,08:17:22,114.0914,22.5403,0,0
33648,08:17:52,114.0914,22.5403,0,0
33648,08:18:22,114.091202,22.5411,0,0
33648,08:19:06,114.091499,22.5418,0,3
33648,08:19:36,114.092499,22.543301,0,21
33648,08:20:36,114.096901,22.543301,0,0
33648,08:20:47,114.096901,22.543301,0,0
33648,08:21:47,114.101799,22.5438,0,18
33648,08:22:17,114.104698,22.5443,0,15
33648,08:22:47,114.105499,22.544399,0,14
33648,08:23:18,114.108902,22.545099,0,21
33648,08:23:48,114.112198,22.5462,0,14
33648,08:24:18,114.113403,22.5441,0,29
33648,08:24:48,114.113602,22.541901,0,16
33648,08:25:18,114.1138,22.5406,0,6
33648,08:25:48,114.113998,22.540501,0,0
33648,08:25:50,114.113998,22.540501,0,0
33648,08:26:20,114.113998,22.540501,0,0
33648,08:26:50,114.1138,22.5411,0,20
33648,08:27:20,114.113998,22.542,0,14
33648,08:27:50,114.112,22.542299,0,2
33648,08:28:20,114.111099,22.542601,0,17
33648,08:28:50,114.110199,22.5436,0,13
33648,08:29:20,114.110199,22.542801,0,0
33648,08:30:20,114.109299,22.541599,0,5
33648,08:30:26,114.109299,22.541599,0,0
33648,08:30:56,114.107399,22.541599,0,25
33648,08:31:26,114.106697,22.541401,0,0
33648,08:31:56,114.106697,22.541401,0,0
33648,08:32:26,114.106697,22.541401,0,0
33648,08:32:56,114.106697,22.540899,0,21
33648,08:33:26,114.105202,22.538099,0,16
33648,08:35:27,114.087303,22.5375,0,29
33648,08:35:57,114.083504,22.537399,0,27
33648,08:36:27,114.080902,22.5371,0,8
33648,08:36:57,114.080101,22.5366,0,5
33648,08:37:27,114.0784,22.534599,0,24
33648,08:37:57,114.076599,22.532101,0,19
33648,08:38:27,114.0737,22.5319,0,15
33648,08:38:57,114.070099,22.5319,0,34
33648,08:40:27,114.059402,22.531799,0,27
33648,08:40:57,114.055603,22.531799,0,24
33648,08:41:10,114.054199,22.531799,0,0
33648,08:41:27,114.054199,22.531799,0,0
33648,08:41:43,114.054199,22.531799,0,0
33648,08:41:58,114.053497,22.5355,0,0
33648,08:42:28,114.053497,22.5355,0,0
33648,08:42:58,114.053596,22.535601,0,17
33648,08:43:27,114.053703,22.537001,0,0
33648,08:46:16,114.052002,22.5371,0,8
33648,08:46:46,114.052399,22.535299,0,14
33648,08:47:46,114.051498,22.5352,0,0
33648,08:48:16,114.051498,22.5352,0,0
33648,08:48:46,114.051102,22.533501,0,14
33648,08:49:16,114.0504,22.5317,0,21
33648,08:49:46,114.047096,22.5317,0,4
33648,08:50:16,114.0466,22.531601,0,6
33648,08:50:46,114.045799,22.531601,0,3
33648,08:51:47,114.044296,22.5315,0,0
33648,08:52:17,114.0439,22.5315,0,0
33648,08:53:17,114.043297,22.5319,0,5
33648,08:53:47,114.043999,22.532,0,4
33648,08:54:17,114.044197,22.532,0,4
33648,08:54:47,114.044403,22.5317,0,3
33648,08:55:47,114.044899,22.527901,0,9
33648,08:56:17,114.0438,22.5277,0,11
33648,08:56:47,114.043098,22.527599,0,0
33648,08:57:17,114.043098,22.527599,0,0
33648,08:57:47,114.043098,22.527599,0,0
33648,08:58:17,114.043098,22.527599,0,0
33648,08:59:08,114.043701,22.527599,0,6
33648,08:59:38,114.044701,22.5278,0,8
33648,09:00:08,114.044701,22.5264,0,0
33648,09:00:38,114.044601,22.526199,0,10
33648,09:01:08,114.044998,22.526899,0,13
33648,09:01:38,114.044998,22.528,0,13
33648,09:02:08,114.044701,22.5312,0,29
33648,09:02:38,114.044601,22.535801,0,36
33648,09:03:08,114.044502,22.5404,0,34
33648,09:04:09,114.046097,22.547199,0,31
33648,09:04:39,114.047203,22.547199,0,9
33648,09:05:09,114.050301,22.5473,0,15
33648,09:05:29,114.051003,22.5474,0,0
33648,09:06:29,114.051003,22.5474,0,0
33648,09:06:45,114.051003,22.5474,0,0
33648,09:07:15,114.053902,22.5473,0,29
33648,09:07:45,114.057503,22.5473,0,14
33648,09:08:15,114.057899,22.5443,0,36
33648,09:08:45,114.057899,22.5406,0,7
33648,09:09:45,114.056198,22.5396,0,0
33648,09:10:15,114.056,22.539499,0,12
33648,09:10:40,114.056297,22.537399,0,9
33648,09:11:10,114.056297,22.5373,0,0
33648,09:12:10,114.058098,22.535999,0,9
33648,09:12:40,114.058098,22.5359,0,0
33648,09:14:40,114.056801,22.5352,0,17
33648,09:15:10,114.058098,22.533501,0,38
33648,09:17:11,114.059402,22.5261,0,7
33648,09:17:41,114.058197,22.5259,0,8
33648,09:18:11,114.056,22.525801,0,23
33648,09:18:41,114.052696,22.525801,0,16
33648,09:19:11,114.051804,22.5259,0,0
33648,09:19:41,114.051804,22.5259,0,0
33648,09:21:11,114.051201,22.5259,0,21
33648,09:22:11,114.0495,22.527399,0,4
33648,09:22:31,114.0495,22.5277,0,0
33648,09:25:01,114.044601,22.534901,0,43
33648,09:25:31,114.044601,22.539101,0,17
33648,09:26:01,114.0476,22.539499,0,16
33648,09:27:01,114.047798,22.539499,0,0
33648,09:27:32,114.049202,22.5394,0,19
33648,09:28:47,114.050102,22.539499,0,0
33648,09:29:17,114.047501,22.539101,0,0
33648,09:29:47,114.047501,22.539101,0,0
33648,09:30:17,114.0476,22.5387,0,12
33648,09:30:47,114.0467,22.5375,0,23
33648,09:31:17,114.043297,22.536699,0,23
33648,09:31:47,114.044403,22.5348,0,1
33648,09:32:47,114.0448,22.528799,0,24
33648,09:33:17,114.044899,22.526899,0,0
33648,09:34:17,114.044899,22.526899,0,0
33648,09:34:47,114.044502,22.525999,0,3
33648,09:35:17,114.045197,22.527399,0,8
33648,09:35:47,114.045898,22.527599,0,0
33648,09:36:17,114.0466,22.5278,0,0
33648,09:36:19,114.0466,22.5278,0,0
33648,09:36:26,114.0467,22.5278,0,0
33648,09:36:59,114.046799,22.525801,0,3
33648,09:37:28,114.045097,22.5257,0,6
33648,09:37:58,114.045097,22.527901,0,33
33648,09:38:28,114.044701,22.531401,0,29
33648,09:39:07,114.0448,22.5348,0,0
33648,09:39:15,114.044403,22.5347,0,6
33648,09:39:30,114.043999,22.5341,0,17
33648,09:40:00,114.043602,22.532101,0,15
33648,09:40:30,114.042397,22.531401,0,8
33648,09:41:00,114.040703,22.5312,0,13
33648,09:41:29,114.036102,22.5308,0,27
33648,09:41:59,114.031502,22.530399,0,20
33648,09:42:29,114.029198,22.5306,0,12
33648,09:42:59,114.026802,22.5312,0,13
33648,09:43:29,114.025803,22.5319,0,8
33648,09:43:59,114.025101,22.5334,0,9
33648,09:44:59,114.024002,22.5378,0,20
33648,09:45:29,114.024902,22.539301,0,6
33648,09:46:13,114.025002,22.538401,0,0
33648,09:46:43,114.025002,22.539,0,7
33648,09:47:13,114.024902,22.539499,0,5
33648,09:47:43,114.0271,22.539801,0,20
33648,09:49:13,114.035004,22.541201,0,38
33648,09:49:44,114.039001,22.541901,0,1
33648,09:50:14,114.0401,22.542101,0,22
33648,09:50:44,114.043602,22.541901,0,17
33648,09:52:44,114.044899,22.5285,0,0
33648,09:53:14,114.044998,22.5275,0,10
33648,09:53:44,114.044899,22.527,0,0
33648,09:54:14,114.044899,22.527,0,0
33648,09:55:14,114.044899,22.527,0,0
33648,09:55:44,114.044502,22.5259,0,9
33648,09:56:14,114.046402,22.5257,0,13
33648,09:56:44,114.046799,22.5257,0,0
33648,09:57:14,114.048401,22.5256,0,10
33648,09:58:14,114.051102,22.5257,0,0
33648,09:58:44,114.051102,22.5257,0,0
33648,09:59:44,114.051804,22.5257,0,17
33648,10:00:44,114.053802,22.523001,0,18
33648,10:02:14,114.056503,22.520201,0,0
33648,10:02:44,114.056503,22.520201,0,0
33648,10:04:15,114.056503,22.520201,0,0
33648,10:04:45,114.056503,22.520201,0,0
33648,10:05:15,114.056503,22.5207,0,8
33648,10:06:15,114.057503,22.5236,0,9
33648,10:06:45,114.058601,22.523899,0,10
33648,10:07:15,114.058601,22.525101,0,10
33648,10:07:45,114.059303,22.5259,0,4
33648,10:08:15,114.059303,22.5259,0,0
33648,10:08:45,114.059303,22.5259,0,0
33648,10:09:15,114.059502,22.526899,0,17
33648,10:10:15,114.058701,22.5299,0,33
33648,10:10:45,114.061302,22.531401,0,33
33648,10:11:15,114.065498,22.5315,0,27
33648,10:12:15,114.073799,22.5317,0,28
33648,10:12:45,114.077003,22.5319,0,18
33648,10:13:15,114.078201,22.5331,0,10
33648,10:13:45,114.079102,22.5347,0,12
33648,10:14:15,114.080498,22.536699,0,26
33648,10:17:16,114.105499,22.538099,0,27
33648,10:18:46,114.106796,22.5411,0,0
33648,10:19:16,114.106796,22.5411,0,0
33648,10:19:46,114.106598,22.542,0,25
33648,10:21:16,114.111198,22.5455,0,37
33648,10:22:47,114.1157,22.5462,0,0
33648,10:23:17,114.116997,22.5466,0,10
33648,10:23:45,114.116997,22.5474,0,15
33648,10:24:26,114.116798,22.547899,0,0
33648,10:24:56,114.117104,22.5481,0,0
33648,10:25:26,114.117203,22.5481,0,0
33648,10:25:56,114.117203,22.5481,0,0
33648,10:26:26,114.117203,22.5481,0,1
33648,10:26:56,114.117699,22.5481,0,7
33648,10:27:26,114.117996,22.548,0,5
33648,10:27:56,114.119003,22.5478,0,9
33648,10:30:56,114.114197,22.5462,0,0
33648,10:31:26,114.112,22.545799,0,21
33648,10:31:56,114.107903,22.545,0,39
33648,10:32:26,114.106598,22.544901,0,0
33648,10:32:56,114.106598,22.544901,0,0
33648,10:33:27,114.106598,22.544901,0,0
33648,10:33:57,114.105698,22.544701,0,24
33648,10:34:27,114.101799,22.5439,0,33
33648,10:34:57,114.100403,22.543699,0,0
33648,10:35:57,114.099503,22.5429,0,7
33648,10:36:27,114.099503,22.541599,0,0
33648,10:36:57,114.099503,22.541401,0,9
33648,10:37:57,114.097099,22.5425,0,13
33648,10:38:07,114.097099,22.542999,0,0
33648,10:38:37,114.097099,22.542999,0,0
33648,10:39:07,114.097801,22.5434,0,15
33648,10:40:59,114.104301,22.5443,0,22
33648,10:41:29,114.106003,22.5446,0,0
33648,10:42:59,114.106697,22.544701,0,16
33648,10:43:29,114.111198,22.545401,0,35
33648,10:43:59,114.115501,22.546301,0,28
33648,10:44:29,114.116501,22.546499,0,0
33648,10:46:00,114.116501,22.546499,0,0
33648,10:46:30,114.116898,22.547701,0,16
33648,10:47:00,114.117699,22.548201,0,9
33648,10:47:30,114.119698,22.5476,0,14
33648,10:48:27,114.122299,22.548201,0,0
33648,10:48:57,114.122704,22.5483,0,8
33648,10:49:57,114.121101,22.5473,0,0
33648,10:50:27,114.118401,22.5469,0,0
33648,10:50:32,114.118401,22.5469,0,0
33648,10:51:02,114.115601,22.5464,0,17
33648,10:51:32,114.114403,22.5462,0,17
33648,10:52:32,114.109001,22.5453,0,21
33648,10:54:03,114.1101,22.543699,0,24
33648,10:54:33,114.1101,22.542601,0,3
33648,10:56:03,114.110603,22.539,0,14
33648,10:56:33,114.109901,22.537901,0,13
33648,10:57:33,114.104897,22.537701,0,26
33648,10:58:03,114.100304,22.5383,0,42
33648,10:58:33,114.094101,22.5382,0,40
33648,10:59:03,114.088799,22.537701,0,35
33648,11:00:03,114.079597,22.5361,0,22
33648,11:01:33,114.070396,22.5319,0,25
33648,11:02:03,114.0653,22.531799,0,37
33648,11:02:33,114.058998,22.5317,0,41
33648,11:03:03,114.053299,22.531601,0,37
33648,11:03:33,114.0485,22.5315,0,39
33648,11:06:03,114.020897,22.5322,0,13
33648,11:06:33,114.017601,22.5317,0,17
33648,11:07:03,114.013,22.5306,0,42
33648,11:07:33,114.007401,22.5298,0,30
33648,11:08:33,113.997002,22.529301,0,19
33648,11:10:04,113.991302,22.535801,0,25
33648,11:10:34,113.990196,22.5359,0,0
33648,11:11:04,113.988899,22.5362,0,22
33648,11:11:34,113.985001,22.5364,0,24
33648,11:12:34,113.982101,22.5364,0,0
33648,11:13:47,113.979797,22.535801,0,4
33648,11:14:17,113.979797,22.535801,0,0
33648,11:14:47,113.979797,22.535801,0,0
33648,11:14:53,113.979797,22.535801,0,0
33648,11:15:54,113.981697,22.535999,0,0
33648,11:16:24,113.981697,22.535999,0,0
33648,11:16:54,113.978897,22.536501,0,42
33648,11:17:24,113.973297,22.538401,0,36
33648,11:17:54,113.969803,22.5399,0,20
33648,11:18:24,113.966499,22.5411,0,23
33648,11:18:54,113.963898,22.542,0,0
33648,11:19:24,113.961403,22.542999,0,30
33648,11:19:54,113.960503,22.5432,0,0
33648,11:20:25,113.959503,22.5434,0,14
33648,11:20:55,113.955498,22.543501,0,33
33648,11:21:54,113.949402,22.543501,0,0
33648,11:22:24,113.949402,22.543501,0,0
33648,11:23:24,113.942802,22.5431,0,47
33648,11:24:24,113.929901,22.542801,0,35
33648,11:24:54,113.9272,22.5443,0,28
33648,11:25:55,113.928703,22.5543,0,40
33648,11:26:25,113.9291,22.559299,0,35
33648,11:26:55,113.9291,22.563601,0,26
33648,11:27:25,113.929604,22.566799,0,19
33648,11:28:25,113.926399,22.5672,0,18
33648,11:29:25,113.922203,22.569901,0,28
33648,11:30:25,113.918297,22.5734,0,18
33648,11:30:55,113.915199,22.5763,0,44
33648,11:31:25,113.910896,22.580999,0,42
33648,11:31:55,113.906403,22.5858,0,42
33648,11:32:25,113.902496,22.589899,0,44
33648,11:32:55,113.897102,22.595301,0,57
33648,11:33:25,113.890404,22.6001,0,58
33648,11:34:25,113.879898,22.611401,0,42
33648,11:34:55,113.876198,22.6161,0,42
33648,11:35:25,113.871101,22.6201,0,41
33648,11:35:55,113.864502,22.6229,0,50
33648,11:36:25,113.858101,22.625299,0,40
33648,11:37:26,113.849998,22.6278,0,25
33648,11:37:56,113.850304,22.627199,0,0
33648,11:38:26,113.850304,22.627199,0,0
33648,11:38:56,113.850502,22.625999,0,28
33648,11:39:26,113.846901,22.622801,0,38
33648,11:39:56,113.8414,22.6213,0,33
33648,11:40:26,113.835403,22.619699,0,44
33648,11:40:56,113.829597,22.617201,0,43
33648,11:41:26,113.823997,22.614599,0,36
33648,11:41:56,113.819099,22.612301,0,32
33648,11:42:26,113.815804,22.615,0,36
33648,11:43:26,113.812302,22.6234,0,20
33648,11:44:26,113.809799,22.627701,0,7
33648,11:46:07,113.808296,22.627001,0,0
33648,11:46:37,113.807098,22.6264,0,13
33648,11:47:07,113.8069,22.622999,0,37
33648,11:47:37,113.808197,22.621599,0,17
33648,11:48:07,113.810898,22.623699,0,29
33648,11:48:37,113.811996,22.623199,0,17
33648,11:49:37,113.813004,22.6234,0,0
33648,11:50:07,113.813004,22.6234,0,0
33648,11:50:37,113.813004,22.6234,0,0
33648,11:51:07,113.813004,22.6234,0,0
33648,11:51:37,113.813004,22.6234,0,0
33648,11:52:07,113.813004,22.6234,0,0
33648,11:53:07,113.813004,22.6234,0,0
33648,11:53:37,113.813004,22.6234,0,0
33648,11:54:37,113.813004,22.6234,0,0
33648,11:55:07,113.813004,22.6234,0,0
33648,11:55:38,113.813004,22.6234,0,0
33648,11:56:08,113.813004,22.6234,0,0
33648,11:56:38,113.813004,22.6234,0,0
33648,11:57:08,113.813004,22.6234,0,0
33648,11:57:38,113.813004,22.6234,0,0
33648,11:58:08,113.813004,22.6234,0,0
33648,11:58:38,113.813004,22.6234,0,0
33648,11:59:38,113.813004,22.6234,0,0
33648,12:00:30,113.813004,22.6234,0,0
33648,12:03:27,113.813103,22.6234,0,0
33648,12:03:57,113.813103,22.6234,0,0
33648,12:04:27,113.813103,22.6234,0,0
33648,12:05:27,113.813103,22.6234,0,0
33648,12:05:57,113.813103,22.6234,0,0
33648,12:06:27,113.813103,22.6234,0,0
33648,12:06:57,113.813103,22.6234,0,0
33648,12:07:56,113.813103,22.6234,0,0
33648,12:08:56,113.813103,22.6234,0,0
33648,12:09:26,113.813103,22.6234,0,0
33648,12:10:26,113.813103,22.6234,0,0
33648,12:10:56,113.813103,22.6234,0,0
33648,12:11:56,113.813103,22.6234,0,0
33648,12:13:26,113.813103,22.6234,0,0
33648,12:13:56,113.813103,22.6234,0,0
33648,12:14:56,113.813103,22.6234,0,0
33648,12:17:27,113.813103,22.6234,0,0
33648,12:17:57,113.813103,22.6234,0,0
33648,12:18:27,113.813103,22.6234,0,0
33648,12:18:57,113.813103,22.6234,0,0
33648,12:19:27,113.813103,22.6234,0,0
33648,12:20:57,113.813103,22.6234,0,0
33648,12:22:27,113.813103,22.6234,0,0
33648,12:22:57,113.813103,22.6234,0,0
33648,12:23:27,113.813103,22.6234,0,0
33648,12:23:57,113.813103,22.6234,0,0
33648,12:24:27,113.813103,22.6234,0,0
33648,12:25:58,113.813103,22.6234,0,0
33648,12:26:28,113.813103,22.6234,0,0
33648,12:27:28,113.813103,22.6234,0,0
33648,12:27:58,113.813103,22.6234,0,0
33648,12:28:58,113.813103,22.6234,0,0
33648,12:29:58,113.813103,22.6234,0,0
33648,12:30:28,113.813103,22.6234,0,0
33648,12:31:28,113.8134,22.624201,0,0
33648,12:31:58,113.8134,22.624201,0,0
33648,12:32:28,113.8134,22.624201,0,0
33648,12:32:58,113.8134,22.624201,0,0
33648,12:33:28,113.8134,22.624201,0,0
33648,12:33:58,113.8134,22.624201,0,0
33648,12:34:58,113.813499,22.624701,0,0
33648,12:35:28,113.813499,22.624701,0,0
33648,12:35:58,113.813499,22.624701,0,0
33648,12:36:58,113.813499,22.624701,0,0
33648,12:38:29,113.813103,22.625799,0,0
33648,12:38:59,113.813103,22.625799,0,0
33648,12:39:29,113.812897,22.6262,0,0
33648,12:39:59,113.812897,22.6262,0,0
33648,12:41:29,113.812897,22.6262,0,0
33648,12:42:29,113.812698,22.626499,0,6
33648,12:42:59,113.812202,22.627399,0,6
33648,12:43:29,113.811897,22.627899,0,0
33648,12:43:59,113.811897,22.627899,0,0
33648,12:44:29,113.811897,22.627899,0,0
33648,12:45:30,113.811401,22.628099,0,3
33648,12:46:00,113.811401,22.628099,0,0
33648,12:46:30,113.811401,22.628099,0,0
33648,12:47:00,113.811401,22.628099,0,0
33648,12:47:30,113.811401,22.628099,0,0
33648,12:48:00,113.811401,22.628099,0,0
33648,12:48:30,113.811302,22.628,0,5
33648,12:49:00,113.8097,22.627399,0,1
33648,12:49:30,113.8097,22.627399,0,0
33648,12:50:00,113.8097,22.627399,0,0
33648,12:51:00,113.809601,22.6273,0,0
33648,12:51:30,113.8097,22.6269,0,2
33648,12:52:30,113.8097,22.6269,0,0
33648,12:53:00,113.8097,22.6269,0,0
33648,12:54:00,113.8097,22.6269,0,0
33648,12:54:03,113.8097,22.6269,0,0
33648,12:54:27,113.8097,22.6255,0,0
33648,12:54:33,113.8097,22.6255,0,0
33648,12:54:39,113.808098,22.624701,0,23
33648,12:55:04,113.807098,22.622801,0,22
33648,12:56:03,113.811996,22.614201,0,38
33648,12:57:34,113.823402,22.6141,0,42
33648,12:58:04,113.829002,22.616699,0,41
33648,12:58:34,113.834396,22.6192,0,37
33648,12:59:34,113.845596,22.622299,0,37
33648,13:00:04,113.850197,22.6248,0,33
33648,13:00:34,113.852501,22.6257,0,24
33648,13:01:04,113.857903,22.624901,0,44
33648,13:03:04,113.8806,22.610201,0,49
33648,13:03:34,113.8853,22.604,0,55
33648,13:04:04,113.891502,22.599199,0,52
33648,13:04:34,113.897499,22.594601,0,50
33648,13:06:04,113.912399,22.5791,0,47
33648,13:06:34,113.916801,22.5744,0,38
33648,13:07:04,113.920403,22.5714,0,35
33648,13:07:34,113.9226,22.568399,0,31
33648,13:09:04,113.942802,22.565001,0,54
33648,13:09:34,113.951202,22.5641,0,56
33648,13:10:34,113.967697,22.560699,0,53
33648,13:11:04,113.974998,22.5578,0,53
33648,13:12:34,113.995201,22.5462,0,49
33648,13:13:04,114.002502,22.544399,0,48
33648,13:13:34,114.0084,22.541,0,47
33648,13:14:04,114.012901,22.5352,0,54
33648,13:15:04,114.023499,22.523001,0,60
33648,13:15:35,114.031097,22.518801,0,54
33648,13:16:35,114.045197,22.513201,0,51
33648,13:17:05,114.052399,22.5138,0,49
33648,13:17:35,114.058098,22.5159,0,10
33648,13:20:05,114.067596,22.526699,0,25
33648,13:20:35,114.068802,22.5301,0,28
33648,13:21:05,114.072098,22.5317,0,23
33648,13:22:06,114.078598,22.5338,0,18
33648,13:22:36,114.0802,22.5364,0,25
33648,13:23:06,114.0849,22.5373,0,37
33648,13:24:06,114.093903,22.5378,0,28
33648,13:26:36,114.099701,22.5408,0,0
33648,13:27:06,114.099701,22.5408,0,0
33648,13:27:36,114.099701,22.5408,0,0
33648,13:28:06,114.099701,22.5415,0,17
33648,13:28:36,114.099602,22.5432,0,0
33648,13:29:06,114.099602,22.5432,0,0
33648,13:30:06,114.099701,22.5434,0,9
33648,13:31:06,114.101097,22.546301,0,0
33648,13:31:08,114.101097,22.546301,0,0
33648,13:31:38,114.101097,22.546301,0,0
33648,13:32:24,114.101097,22.546301,0,0
33648,13:32:54,114.100601,22.547501,0,7
33648,13:33:25,114.099998,22.5474,0,0
33648,13:33:55,114.099998,22.5474,0,0
33648,13:34:55,114.099503,22.545,0,0
33648,13:35:25,114.099503,22.543699,0,0
33648,13:35:55,114.099503,22.5417,0,7
33648,13:36:25,114.099403,22.539301,0,27
33648,13:37:25,114.092003,22.5383,0,28
33648,13:37:55,114.088097,22.5378,0,21
33648,13:38:25,114.084503,22.5376,0,26
33648,13:38:43,114.082703,22.5376,0,12
33648,13:39:13,114.082199,22.5376,0,15
33648,13:39:43,114.081703,22.5389,0,0
33648,13:40:30,114.081497,22.537901,0,23
33648,13:41:00,114.079498,22.5361,0,23
33648,13:41:30,114.078102,22.534,0,22
33648,13:42:00,114.075897,22.5319,0,25
33648,13:43:30,114.0625,22.531799,0,30
33648,13:44:00,114.058098,22.531799,0,28
33648,13:45:00,114.050201,22.5317,0,26
33648,13:46:01,114.042099,22.5313,0,20
33648,13:47:05,114.039902,22.5329,0,0
33648,13:47:35,114.039803,22.532801,0,5
33648,13:48:05,114.040497,22.533199,0,10
33648,13:48:35,114.042397,22.5341,0,15
33648,13:49:05,114.044098,22.533899,0,14
33648,13:49:35,114.044403,22.5317,0,23
33648,13:52:36,114.050301,22.5289,0,0
33648,13:53:22,114.0495,22.5287,0,6
33648,13:54:22,114.0495,22.526199,0,12
33648,13:55:22,114.045403,22.525801,0,28
33648,13:55:52,114.044701,22.5257,0,0
33648,13:57:22,114.043999,22.525101,0,28
33648,13:57:52,114.042999,22.5231,0,0
33648,13:59:52,114.033699,22.518299,0,24
33648,14:00:22,114.029198,22.5207,0,32
33648,14:01:22,114.025101,22.5235,0,0
33648,14:01:52,114.025902,22.523899,0,9
33648,14:02:22,114.026703,22.5235,0,0
33648,14:02:52,114.027496,22.523001,0,17
33648,14:03:53,114.029404,22.521601,0,1
33648,14:04:23,114.0308,22.523399,0,9
33648,14:04:53,114.0317,22.524799,0,30
33648,14:05:23,114.032402,22.525801,0,0
33648,14:05:53,114.032402,22.525801,0,0
33648,14:06:23,114.032402,22.525801,0,0
33648,14:07:23,114.030899,22.527599,0,24
33648,14:08:53,114.024399,22.535801,0,31
33648,14:09:54,114.023903,22.5399,0,14
33648,14:10:24,114.021301,22.539301,0,18
33648,14:11:24,114.017998,22.5401,0,19
33648,14:11:54,114.017799,22.5418,0,0
33648,14:12:24,114.018402,22.5422,0,19
33648,14:13:08,114.020302,22.5431,0,0
33648,14:14:08,114.020302,22.5431,0,0
33648,14:14:38,114.020302,22.5429,0,7
33648,14:15:08,114.021698,22.5427,0,13
33648,14:15:39,114.022301,22.542299,0,0
33648,14:16:09,114.023499,22.539,0,32
33648,14:16:39,114.024399,22.5355,0,19
33648,14:18:39,114.028999,22.530199,0,14
33648,14:19:09,114.032097,22.5299,0,16
33648,14:19:39,114.035103,22.5301,0,23
33648,14:20:23,114.0382,22.5301,0,0
33648,14:20:53,114.0382,22.5301,0,0
33648,14:21:24,114.038101,22.529499,0,8
33648,14:21:54,114.036499,22.5294,0,0
33648,14:21:56,114.036499,22.5294,0,0
33648,14:22:26,114.035004,22.5292,0,6
33648,14:22:56,114.035103,22.528,0,0
33648,14:23:26,114.034302,22.5282,0,15
33648,14:23:56,114.034103,22.528299,0,0
33648,14:24:26,114.033699,22.528299,0,10
33648,14:24:56,114.0327,22.526501,0,0
33648,14:25:26,114.0327,22.526501,0,0
33648,14:25:56,114.031998,22.525499,0,26
33648,14:26:26,114.030197,22.522699,0,6
33648,14:26:56,114.029099,22.521099,0,0
33648,14:27:56,114.029099,22.521099,0,0
33648,14:28:26,114.031403,22.5194,0,29
33648,14:28:56,114.035103,22.5175,0,14
33648,14:29:23,114.035698,22.518299,0,10
33648,14:30:23,114.036301,22.5194,0,0
33648,14:30:53,114.0364,22.5194,0,0
33648,14:31:24,114.036201,22.519501,0,7
33648,14:31:54,114.0355,22.519899,0,5
33648,14:32:24,114.0354,22.519899,0,0
33648,14:32:54,114.0354,22.519899,0,0
33648,14:34:23,114.034599,22.521099,0,0
33648,14:34:53,114.034599,22.521099,0,0
33648,14:37:53,114.034599,22.521099,0,0
33648,14:38:23,114.034599,22.521099,0,0
33648,14:39:54,114.034599,22.521099,0,0
33648,14:40:24,114.034599,22.521099,0,0
33648,14:40:54,114.034698,22.521601,0,0
33648,14:41:24,114.034698,22.521601,0,0
33648,14:41:54,114.0354,22.5221,0,7
33648,14:43:54,114.0392,22.5226,0,39
33648,14:44:24,114.041603,22.521299,0,0
33648,14:44:54,114.041603,22.521299,0,0
33648,14:45:24,114.042099,22.5215,0,24
33648,14:45:54,114.043999,22.524599,0,0
33648,14:47:24,114.045403,22.5305,0,22
33648,14:47:54,114.0485,22.5313,0,23
33648,14:48:24,114.052597,22.5315,0,31
33648,14:48:54,114.0578,22.531601,0,33
33648,14:49:25,114.062599,22.531601,0,38
33648,14:49:55,114.068497,22.5317,0,25
33648,14:50:55,114.073196,22.5317,0,22
33648,14:51:25,114.0756,22.5317,0,12
33648,14:51:55,114.077103,22.5319,0,8
33648,14:54:25,114.083298,22.537399,0,36
33648,14:55:26,114.093803,22.538099,0,35
33648,14:57:26,114.100601,22.5378,0,5
33648,14:57:56,114.101402,22.5378,0,3
33648,14:58:56,114.102898,22.538,0,6
33648,14:59:56,114.106796,22.5399,0,4
33648,15:00:26,114.106903,22.5403,0,2
33648,15:01:26,114.106598,22.542101,0,26
33648,15:01:56,114.1064,22.543699,0,0
33648,15:02:26,114.107597,22.544901,0,24
33648,15:03:26,114.108498,22.545,0,0
33648,15:04:26,114.110199,22.5432,0,0
33648,15:04:56,114.110199,22.5432,0,0
33648,15:05:27,114.1101,22.542999,0,5
33648,15:06:27,114.110497,22.539301,0,8
33648,15:06:57,114.110603,22.5385,0,0
33648,15:07:27,114.110603,22.5385,0,0
33648,15:07:57,114.110603,22.5385,0,0
33648,15:08:27,114.110603,22.5385,0,0
33648,15:08:57,114.110603,22.5385,0,0
33648,15:09:27,114.110603,22.538,0,2
33648,15:09:57,114.109001,22.5378,0,0
33648,15:10:17,114.108902,22.5378,0,0
33648,15:10:47,114.108902,22.5378,0,0
33648,15:13:47,114.113998,22.531799,0,0
33648,15:14:17,114.113899,22.532,0,0
33648,15:14:30,114.113899,22.532,0,0
33648,15:14:47,114.113899,22.532,0,0
33648,15:15:48,114.113998,22.5366,0,26
33648,15:16:18,114.113998,22.5385,0,0
33648,15:17:18,114.113701,22.5406,0,11
33648,15:17:48,114.113701,22.541401,0,0
33648,15:18:48,114.113602,22.539101,0,0
33648,15:19:48,114.112701,22.538799,0,5
33648,15:20:18,114.1119,22.538799,0,4
33648,15:20:48,114.112099,22.5371,0,15
33648,15:21:18,114.113899,22.5357,0,21
33648,15:21:48,114.113899,22.5347,0,0
33648,15:22:18,114.113899,22.5347,0,0
33648,15:22:48,114.113503,22.534401,0,4
33648,15:23:18,114.113998,22.534201,0,0
33648,15:24:07,114.114304,22.5338,0,0
33648,15:24:39,114.113998,22.536699,0,17
33648,15:25:09,114.113899,22.538099,0,2
33648,15:26:39,114.113602,22.542299,0,23
33648,15:27:09,114.113701,22.5448,0,7
33648,15:27:39,114.115196,22.546,0,35
33648,15:28:39,114.1166,22.546301,0,0
33648,15:29:09,114.1166,22.546301,0,0
33648,15:31:09,114.117302,22.5481,0,0
33648,15:32:39,114.117302,22.5481,0,0
33648,15:33:39,114.118797,22.547701,0,3
33648,15:34:09,114.119904,22.5476,0,2
33648,15:34:39,114.121002,22.547701,0,4
33648,15:35:39,114.121597,22.547899,0,0
33648,15:36:09,114.121902,22.5481,0,0
33648,15:37:39,114.122803,22.5483,0,0
33648,15:37:52,114.122803,22.5483,0,0
33648,15:38:52,114.119102,22.5469,0,27
33648,15:39:23,114.117798,22.5467,0,0
33648,15:39:53,114.117798,22.5467,0,0
33648,15:40:23,114.116798,22.546499,0,15
33648,15:42:53,114.110199,22.5504,0,13
33648,15:44:23,114.109802,22.553301,0,15
33648,15:44:53,114.1101,22.556101,0,28
33648,15:45:24,114.112503,22.5595,0,20
33648,15:45:54,114.110298,22.5588,0,29
33648,15:47:24,114.104301,22.5588,0,6
33648,15:48:24,114.101402,22.558701,0,0
33648,15:48:54,114.100502,22.558701,0,11
33648,15:49:24,114.098602,22.558701,0,16
33648,15:50:29,114.094704,22.559799,0,0
33648,15:51:29,114.094398,22.558599,0,14
33648,15:51:59,114.091797,22.558599,0,0
33648,15:52:29,114.091797,22.558599,0,0
33648,15:54:29,114.084602,22.5585,0,22
33648,15:54:59,114.0821,22.5588,0,5
33648,15:55:30,114.081703,22.559299,0,11
33648,15:56:00,114.080803,22.5583,0,13
33648,15:56:30,114.080299,22.5576,0,0
33648,15:56:46,114.080299,22.5576,0,0
33648,15:57:16,114.078697,22.555099,0,17
33648,15:57:46,114.078003,22.554199,0,14
33648,15:58:46,114.076401,22.552299,0,10
33648,15:59:16,114.072701,22.551201,0,44
33648,15:59:46,114.068604,22.5511,0,0
33648,16:00:16,114.068604,22.5511,0,0
33648,16:00:46,114.068604,22.5511,0,0
33648,16:01:46,114.068604,22.5511,0,0
33648,16:02:46,114.067703,22.5481,0,5
33648,16:03:16,114.067703,22.5481,0,0
33648,16:04:17,114.067802,22.541401,0,33
33648,16:04:47,114.0681,22.5366,0,35
33648,16:05:17,114.067101,22.5329,0,18
33648,16:06:47,114.058403,22.5319,0,25
33648,16:07:47,114.049797,22.5317,0,27
33648,16:08:17,114.046204,22.5317,0,27
33648,16:08:47,114.043701,22.532101,0,16
33648,16:10:08,114.0438,22.525,0,0
33648,16:11:38,114.043098,22.5229,0,0
33648,16:11:45,114.043098,22.5229,0,0
33648,16:12:15,114.044296,22.525499,0,2
33648,16:13:45,114.044502,22.5257,0,13
33648,16:14:15,114.0448,22.529699,0,44
33648,16:14:45,114.044502,22.5361,0,38
33648,16:15:15,114.044403,22.5411,0,33
33648,16:15:46,114.044296,22.546301,0,37
33648,16:15:58,114.044296,22.5478,0,0
33648,16:16:17,114.044296,22.549299,0,8
33648,16:16:47,114.044296,22.5495,0,0
33648,16:17:17,114.044296,22.5495,0,0
33648,16:17:46,114.044296,22.5497,0,0
33648,16:19:16,114.039803,22.551901,0,0
33648,16:19:46,114.039902,22.552601,0,0
33648,16:20:16,114.039902,22.5532,0,5
33648,16:20:31,114.039803,22.5534,0,0
33648,16:21:05,114.039803,22.5534,0,0
33648,16:22:06,114.039803,22.549801,0,11
33648,16:23:06,114.043602,22.550301,0,6
33648,16:23:36,114.044098,22.549801,0,26
33648,16:24:06,114.044197,22.5455,0,37
33648,16:24:36,114.043999,22.5411,0,20
33648,16:25:06,114.044899,22.542299,0,14
33648,16:25:36,114.0466,22.5424,0,0
33648,16:26:06,114.046898,22.5424,0,9
33648,16:27:06,114.055603,22.5422,0,31
33648,16:28:06,114.064598,22.5427,0,34
33648,16:28:36,114.069603,22.542801,0,32
33648,16:29:06,114.068901,22.5431,0,33
33648,16:29:36,114.065399,22.5432,0,2
33648,16:30:06,114.065399,22.5432,0,0
33648,16:30:36,114.063103,22.5434,0,20
33648,16:32:36,114.062798,22.5504,0,11
33648,16:33:06,114.062798,22.5511,0,17
33648,16:33:37,114.062698,22.554501,0,29
33648,16:34:07,114.062698,22.5585,0,32
33648,16:34:37,114.0625,22.563801,0,34
33648,16:35:37,114.062401,22.5662,0,3
33648,16:36:07,114.0625,22.567101,0,6
33648,16:36:37,114.062401,22.568001,0,3
33648,16:37:07,114.062401,22.568399,0,5
33648,16:37:37,114.062302,22.568899,0,5
33648,16:38:07,114.061897,22.570801,0,0
33648,16:38:37,114.061897,22.570801,0,0
33648,16:39:07,114.061897,22.570801,0,0
33648,16:40:07,114.061699,22.571301,0,3
33648,16:40:37,114.058601,22.571301,0,14
33648,16:41:16,114.058403,22.571301,0,0
33648,16:42:16,114.0597,22.5711,0,0
33648,16:42:26,114.059799,22.571199,0,0
33648,16:42:33,114.059799,22.571199,0,0
33648,16:42:47,114.059998,22.5711,0,4
33648,16:43:17,114.060303,22.5711,0,7
33648,16:43:47,114.060699,22.5711,0,0
33648,16:44:17,114.061096,22.570999,0,0
33648,16:44:47,114.061302,22.570999,0,5
33648,16:46:47,114.062302,22.5676,0,18
33648,16:47:17,114.062302,22.5637,0,28
33648,16:47:47,114.060997,22.562599,0,6
33648,16:48:15,114.060898,22.5625,0,0
33648,16:48:45,114.060097,22.5625,0,2
33648,16:50:15,114.0625,22.555401,0,39
33648,16:50:45,114.0625,22.551701,0,0
33648,16:51:46,114.0625,22.551701,0,0
33648,16:52:16,114.0625,22.551701,0,0
33648,16:52:46,114.062599,22.5488,0,35
33648,16:53:46,114.062798,22.5441,0,46
33648,16:54:16,114.062798,22.538799,0,22
33648,16:54:46,114.062798,22.537901,0,0
33648,16:55:46,114.062897,22.5361,0,0
33648,16:56:16,114.062897,22.5361,0,0
33648,16:56:46,114.063004,22.533701,0,24
33648,16:58:16,114.063103,22.5261,0,0
33648,16:58:46,114.063004,22.5261,0,0
33648,16:59:16,114.062897,22.5238,0,0
33648,16:59:46,114.062897,22.5238,0,0
33648,17:00:16,114.062897,22.5238,0,0
33648,17:01:46,114.062302,22.5226,0,0
33648,17:02:46,114.061897,22.521999,0,14
33648,17:03:16,114.061203,22.521299,0,0
33648,17:04:17,114.061203,22.521299,0,0
33648,17:04:47,114.061203,22.521299,0,0
33648,17:05:47,114.061302,22.5194,0,25
33648,17:06:17,114.058601,22.517401,0,13
33648,17:07:17,114.053497,22.514799,0,19
33648,17:07:33,114.052299,22.5145,0,0
33648,17:08:03,114.0522,22.5145,0,5
33648,17:08:33,114.054802,22.515301,0,3
33648,17:09:22,114.055496,22.517099,0,17
33648,17:10:23,114.058701,22.5198,0,0
33648,17:10:53,114.058701,22.5198,0,0
33648,17:11:23,114.0597,22.5203,0,11
33648,17:11:53,114.060402,22.520599,0,0
33648,17:12:23,114.060402,22.5207,0,0
33648,17:12:53,114.062401,22.5224,0,26
33648,17:13:23,114.063202,22.5257,0,3
33648,17:14:23,114.063202,22.5259,0,11
33648,17:15:23,114.063301,22.5313,0,6
33648,17:16:23,114.066399,22.5313,0,22
33648,17:16:53,114.068001,22.5298,0,4
33648,17:17:23,114.068001,22.528999,0,8
33648,17:18:23,114.065697,22.5245,0,15
33648,17:18:53,114.065903,22.5228,0,18
33648,17:20:59,114.068199,22.5219,0,6
33648,17:21:29,114.0662,22.522699,0,14
33648,17:21:59,114.065399,22.5238,0,17
33648,17:22:29,114.067902,22.523701,0,25
33648,17:22:59,114.0672,22.5249,0,19
33648,17:23:59,114.068298,22.5329,0,38
33648,17:24:29,114.068199,22.537701,0,30
33648,17:24:59,114.071098,22.538601,0,22
33648,17:25:29,114.068802,22.5387,0,37
33648,17:26:00,114.065598,22.5382,0,0
33648,17:26:45,114.063301,22.5378,0,12
33648,17:27:45,114.062897,22.5464,0,29
33648,17:28:15,114.062897,22.547199,0,0
33648,17:29:15,114.062698,22.5504,0,33
33648,17:29:45,114.062798,22.5509,0,0
33648,17:30:15,114.062798,22.5509,0,0
33648,17:30:45,114.061401,22.5515,0,29
33648,17:31:15,114.058098,22.5516,0,0
33648,17:32:15,114.050301,22.5513,0,35
33648,17:32:45,114.046303,22.551001,0,1
33648,17:33:15,114.045998,22.551001,0,1
33648,17:34:46,114.044296,22.5539,0,7
33648,17:35:16,114.044197,22.555599,0,3
33648,17:36:16,114.043999,22.556499,0,17
33648,17:36:46,114.042702,22.5588,0,18
33648,17:37:16,114.041199,22.561501,0,23
33648,17:38:46,114.035896,22.5672,0,18
33648,17:39:16,114.034897,22.568501,0,0
33648,17:39:46,114.034103,22.569401,0,12
33648,17:40:16,114.032997,22.5709,0,4
33648,17:40:44,114.032501,22.571501,0,0
33648,17:41:14,114.032501,22.571501,0,0
33648,17:41:44,114.0327,22.5711,0,0
33648,17:42:15,114.034599,22.5688,0,14
33648,17:42:45,114.035103,22.5681,0,0
33648,17:43:15,114.035103,22.5681,0,0
33648,17:43:46,114.035103,22.5681,0,0
33648,17:45:16,114.036903,22.565701,0,22
33648,17:45:46,114.039597,22.5644,0,28
33648,17:46:16,114.041901,22.560101,0,18
33648,17:47:46,114.043198,22.557699,0,0
33648,17:48:16,114.043198,22.557699,0,0
33648,17:48:46,114.043198,22.557699,0,0
33648,17:49:16,114.043198,22.557699,0,0
33648,17:49:46,114.043503,22.556999,0,15
33648,17:50:46,114.044098,22.552601,0,15
33648,17:51:46,114.044296,22.5453,0,35
33648,17:52:16,114.044403,22.540899,0,29
33648,17:52:46,114.044403,22.5369,0,30
33648,17:53:16,114.044502,22.5338,0,27
33648,17:53:46,114.044601,22.5305,0,14
33648,17:54:16,114.0448,22.5287,0,14
33648,17:55:16,114.044403,22.525999,0,11
33648,17:55:34,114.043999,22.525299,0,2
33648,17:56:04,114.043999,22.525299,0,0
33648,17:56:34,114.043999,22.525299,0,0
33648,17:57:34,114.042801,22.523001,0,2
33648,17:58:05,114.041901,22.5233,0,0
33648,17:58:35,114.041901,22.5233,0,0
33648,17:59:05,114.041702,22.5235,0,0
33648,17:59:35,114.041702,22.5235,0,0
33648,18:01:35,114.041801,22.5245,0,0
33648,18:02:35,114.043198,22.524799,0,4
33648,18:03:05,114.0438,22.5247,0,7
33648,18:04:06,114.042,22.5215,0,0
33648,18:04:36,114.042,22.5215,0,0
33648,18:05:06,114.042,22.5215,0,0
33648,18:05:36,114.042099,22.520901,0,15
33648,18:06:36,114.047897,22.518499,0,21
33648,18:07:06,114.050201,22.518101,0,2
33648,18:07:36,114.050598,22.517099,0,17
33648,18:08:06,114.050903,22.514099,0,23
33648,18:08:36,114.051498,22.5116,0,0
33648,18:09:06,114.051498,22.5116,0,0
33648,18:09:58,114.051201,22.511101,0,4
33648,18:11:28,114.053902,22.513399,0,21
33648,18:11:58,114.056099,22.5142,0,24
33648,18:12:28,114.058601,22.515699,0,26
33648,18:12:58,114.060997,22.5175,0,17
33648,18:13:28,114.061699,22.5179,0,0
33648,18:13:42,114.061996,22.5182,0,6
33648,18:20:35,114.050903,22.518,0,0
33648,18:21:05,114.051102,22.519699,0,37
33648,18:21:35,114.051498,22.5249,0,23
33648,18:22:06,114.051498,22.5256,0,0
33648,18:22:36,114.051498,22.5256,0,0
33648,18:23:06,114.051498,22.5256,0,0
33648,18:23:36,114.050797,22.525801,0,5
33648,18:24:06,114.049599,22.525801,0,10
33648,18:25:06,114.047997,22.525801,0,1
33648,18:25:36,114.046204,22.525801,0,23
33648,18:26:36,114.045097,22.5277,0,22
33648,18:27:06,114.044701,22.5315,0,34
33648,18:27:36,114.044701,22.535299,0,27
33648,18:28:06,114.0466,22.5373,0,18
33648,18:28:36,114.046997,22.5373,0,0
33648,18:29:06,114.047203,22.537201,0,0
33648,18:29:35,114.048401,22.5373,0,1
33648,18:30:05,114.048401,22.5373,0,0
33648,18:30:35,114.049797,22.5373,0,17
33648,18:32:05,114.048302,22.5375,0,8
33648,18:32:35,114.048203,22.5375,0,0
33648,18:33:35,114.048103,22.5375,0,8
33648,18:34:06,114.043999,22.537399,0,31
33648,18:34:36,114.044403,22.534599,0,17
33648,18:35:06,114.044601,22.5306,0,16
33648,18:36:06,114.044899,22.5284,0,14
33648,18:36:36,114.044502,22.525999,0,9
33648,18:37:36,114.047096,22.5256,0,6
33648,18:38:36,114.048103,22.5256,0,0
33648,18:39:06,114.0494,22.5256,0,12
33648,18:39:36,114.051201,22.5256,0,11
33648,18:40:06,114.051201,22.5228,0,20
33648,18:40:36,114.051003,22.519699,0,21
33648,18:41:36,114.050903,22.518499,0,0
33648,18:42:36,114.050903,22.518499,0,0
33648,18:43:06,114.0513,22.518101,0,15
33648,18:43:36,114.054604,22.5184,0,12
33648,18:44:06,114.055,22.518101,0,0
33648,18:48:37,114.0588,22.5198,0,0
33648,18:49:07,114.057404,22.5194,0,20
33648,18:49:37,114.056503,22.520201,0,12
33648,18:50:37,114.054001,22.521799,0,16
33648,18:51:07,114.053802,22.522699,0,10
33648,18:51:37,114.054298,22.524,0,7
33648,18:52:07,114.054001,22.5249,0,0
33648,18:52:37,114.054001,22.5249,0,0
33648,18:53:37,114.054001,22.5249,0,0
33648,18:54:07,114.054001,22.5249,0,0
33648,18:54:37,114.054001,22.5249,0,0
33648,18:55:37,114.056503,22.5257,0,15
33648,18:56:08,114.057701,22.5259,0,7
33648,18:58:38,114.059502,22.5273,0,0
33648,18:59:38,114.0588,22.5298,0,25
33648,19:00:08,114.058197,22.534401,0,33
33648,19:01:08,114.058197,22.535101,0,0
33648,19:02:08,114.057701,22.535601,0,13
33648,19:03:52,114.053703,22.5376,0,0
33648,19:04:52,114.050697,22.5375,0,22
33648,19:05:22,114.048302,22.5375,0,9
33648,19:05:52,114.048302,22.5375,0,0
33648,19:06:22,114.048302,22.5375,0,0
33648,19:06:52,114.047302,22.5375,0,19
33648,19:07:22,114.044502,22.539101,0,32
33648,19:07:53,114.044502,22.5443,0,28
33648,19:08:23,114.044296,22.5478,0,22
33648,19:08:53,114.044296,22.549601,0,12
33648,19:09:23,114.044296,22.5527,0,25
33648,19:09:53,114.044197,22.554899,0,2
33648,19:10:53,114.042603,22.559099,0,20
33648,19:11:23,114.0411,22.5618,0,19
33648,19:12:23,114.038399,22.565901,0,16
33648,19:13:50,114.036102,22.5667,0,0
33648,19:14:20,114.036102,22.5667,0,3
33648,19:14:50,114.035797,22.567301,0,0
33648,19:15:50,114.035698,22.5674,0,0
33648,19:17:06,114.034599,22.5688,0,0
33648,19:17:36,114.035202,22.5681,0,0
33648,19:19:06,114.035599,22.5681,0,4
33648,19:19:36,114.036003,22.5683,0,0
33648,19:22:37,114.039101,22.569401,0,18
33648,19:23:07,114.040001,22.5697,0,0
33648,19:23:37,114.040001,22.5697,0,0
33648,19:24:07,114.039803,22.5709,0,9
33648,19:24:37,114.039001,22.572399,0,7
33648,19:25:07,114.040604,22.5732,0,13
33648,19:26:06,114.041298,22.574499,0,4
33648,19:26:36,114.041496,22.5739,0,17
33648,19:27:36,114.040497,22.57,0,10
33648,19:28:06,114.040398,22.569901,0,0
33648,19:28:36,114.0401,22.5697,0,0
33648,19:28:44,114.0401,22.569799,0,0
33648,19:29:44,114.042,22.570499,0,0
33648,19:30:43,114.045998,22.5714,0,4
33648,19:31:13,114.047203,22.5714,0,7
33648,19:33:14,114.0541,22.5711,0,11
33648,19:34:14,114.057999,22.5711,0,0
33648,19:35:44,114.058601,22.5725,0,15
33648,19:38:14,114.061401,22.5746,0,0
33648,19:38:44,114.061401,22.5746,0,0
33648,19:39:44,114.061401,22.5746,0,0
33648,19:40:14,114.061096,22.5753,0,3
33648,19:40:33,114.061096,22.5753,0,0
33648,19:40:40,114.061096,22.575399,0,0
33648,19:40:45,114.061096,22.5755,0,1
33648,19:41:15,114.060997,22.5756,0,2
33648,19:41:45,114.060898,22.575701,0,0
33648,19:42:14,114.060799,22.575899,0,0
33648,19:43:14,114.060799,22.5762,0,0
33648,19:43:44,114.060699,22.5765,0,3
33648,19:44:14,114.060699,22.5765,0,0
33648,19:44:44,114.060699,22.5769,0,2
33648,19:47:44,114.055,22.5811,0,33
33648,19:48:15,114.053299,22.585699,0,36
33648,19:49:15,114.046501,22.5931,0,32
33648,19:49:45,114.0448,22.594601,0,8
33648,19:50:45,114.039902,22.5972,0,28
33648,19:51:15,114.036697,22.600201,0,33
33648,19:51:45,114.033699,22.603201,0,27
33648,19:52:15,114.031403,22.6054,0,11
33648,19:52:45,114.0299,22.607201,0,17
33648,19:53:13,114.027199,22.6106,0,0
33648,19:53:45,114.027199,22.6106,0,0
33648,19:54:46,114.017998,22.620199,0,0
33648,19:55:41,114.019402,22.6201,0,0
33648,19:56:41,114.022102,22.6201,0,13
33648,19:57:41,114.024498,22.620899,0,10
33648,19:58:41,114.024803,22.619699,0,21
33648,19:59:11,114.025902,22.616699,0,14
33648,19:59:41,114.023201,22.615101,0,31
33648,20:00:11,114.0186,22.613001,0,15
33648,20:01:11,114.020302,22.6115,0,31
33648,20:02:50,114.021896,22.610701,0,10
33648,20:02:59,114.022003,22.6105,0,0
33648,20:03:08,114.022202,22.610201,0,0
33648,20:03:12,114.0224,22.610399,0,7
33648,20:03:16,114.022499,22.6106,0,0
33648,20:03:38,114.022499,22.6106,0,0
33648,20:03:57,114.021896,22.610901,0,0
33648,20:04:08,114.021599,22.6105,0,14
33648,20:04:38,114.021698,22.6103,0,0
33648,20:05:08,114.022301,22.6089,0,6
33648,20:05:38,114.023804,22.608801,0,22
33648,20:06:38,114.030701,22.6133,0,17
33648,20:07:38,114.034698,22.6119,0,36
33648,20:08:38,114.0383,22.6077,0,0
33648,20:09:08,114.0383,22.6077,0,0
33648,20:09:38,114.038902,22.606899,0,25
33648,20:10:38,114.042,22.6031,0,0
33648,20:11:38,114.042297,22.6028,0,12
33648,20:13:09,114.047096,22.5945,0,41
33648,20:14:09,114.053101,22.5856,0,37
33648,20:14:39,114.054901,22.580999,0,35
33648,20:15:09,114.058098,22.5784,0,28
33648,20:15:39,114.063202,22.5777,0,34
33648,20:16:09,114.066902,22.5748,0,34
33648,20:16:39,114.067497,22.5707,0,30
33648,20:17:09,114.067497,22.565399,0,38
33648,20:17:39,114.067703,22.5611,0,9
33648,20:18:09,114.067497,22.558901,0,13
33648,20:18:39,114.067596,22.5585,0,6
33648,20:19:09,114.067703,22.555401,0,33
33648,20:19:39,114.067802,22.551399,0,0
33648,20:21:09,114.067802,22.5508,0,21
33648,20:21:39,114.067802,22.5476,0,21
33648,20:22:39,114.0681,22.5425,0,18
33648,20:23:09,114.072197,22.5429,0,37
33648,20:23:39,114.075699,22.542999,0,0
33648,20:24:10,114.076797,22.542999,0,16
33648,20:25:10,114.083199,22.5432,0,7
33648,20:25:40,114.084099,22.5432,0,10
33648,20:26:40,114.085999,22.5432,0,0
33648,20:27:10,114.0867,22.5432,0,9
33648,20:27:40,114.0868,22.5432,0,0
33648,20:28:10,114.087097,22.543301,0,8
33648,20:29:10,114.087601,22.5432,0,0
33648,20:30:36,114.087898,22.5438,0,0
33648,20:31:11,114.086403,22.543301,0,29
33648,20:31:41,114.081802,22.5432,0,1
33648,20:32:11,114.081802,22.5432,0,0
33648,20:32:41,114.078499,22.5432,0,27
33648,20:33:41,114.072899,22.5431,0,19
33648,20:34:41,114.068298,22.5438,0,17
33648,20:35:11,114.068001,22.540899,0,30
33648,20:35:41,114.0681,22.536501,0,25
33648,20:36:12,114.067497,22.533199,0,25
33648,20:36:42,114.065201,22.532,0,23
33648,20:37:42,114.063004,22.5313,0,30
33648,20:39:42,114.061401,22.5214,0,0
33648,20:41:12,114.059402,22.520201,0,0
33648,20:42:12,114.051697,22.5182,0,42
33648,20:43:12,114.045303,22.519501,0,34
33648,20:43:42,114.042397,22.521,0,0
33648,20:44:12,114.042099,22.521099,0,15
33648,20:44:42,114.0392,22.5228,0,8
33648,20:45:12,114.0392,22.5229,0,0
33648,20:45:42,114.038597,22.523199,0,6
33648,20:46:13,114.037903,22.5236,0,0
33648,20:46:43,114.037903,22.5236,0,0
33648,20:47:13,114.037903,22.5236,0,0
33648,20:48:13,114.0354,22.5249,0,22
33648,20:48:43,114.032898,22.5263,0,0
33648,20:49:13,114.032898,22.5263,0,0
33648,20:49:43,114.032898,22.5263,0,0
33648,20:50:43,114.028801,22.5285,0,23
33648,20:51:43,114.021004,22.532301,0,22
33648,20:52:43,114.012802,22.5305,0,44
33648,20:53:13,114.0075,22.529699,0,24
33648,20:53:43,114.002602,22.530199,0,42
33648,20:55:14,113.987099,22.524,0,44
33648,20:55:44,113.981201,22.5231,0,47
33648,20:56:44,113.967499,22.5229,0,41
33648,20:57:14,113.961403,22.5229,0,36
33648,20:57:44,113.955498,22.5233,0,44
33648,20:58:44,113.9431,22.5245,0,45
33648,21:00:15,113.923698,22.525999,0,40
33648,21:00:45,113.919998,22.5271,0,18
33648,21:01:15,113.9179,22.5277,0,14
33648,21:01:45,113.915802,22.527399,0,13
33648,21:02:15,113.914703,22.526899,0,0
33648,21:02:45,113.914703,22.526899,0,0
33648,21:03:15,113.914703,22.526899,0,0
33648,21:03:45,113.914497,22.526699,0,12
33648,21:04:11,113.914398,22.525,0,0
33648,21:05:11,113.914398,22.523399,0,0
33648,21:05:41,113.914001,22.5226,0,20
33648,21:06:11,113.914398,22.5233,0,0
33648,21:06:41,113.914497,22.524,0,23
33648,21:07:11,113.916,22.5249,0,16
33648,21:08:11,113.917801,22.5247,0,0
33648,21:09:11,113.917801,22.5247,0,0
33648,21:09:41,113.917999,22.5245,0,8
33648,21:10:41,113.9207,22.5233,0,1
33648,21:11:11,113.921799,22.5231,0,2
33648,21:11:41,113.922096,22.523001,0,8
33648,21:13:12,113.924599,22.5254,0,21
33648,21:13:42,113.926498,22.524401,0,18
33648,21:14:42,113.926003,22.5226,0,2
33648,21:15:28,113.925797,22.521999,0,0
33648,21:15:58,113.925697,22.521601,0,0
33648,21:16:28,113.925301,22.52,0,9
33648,21:16:58,113.925301,22.519899,0,0
33648,21:17:28,113.925797,22.519501,0,12
33648,21:17:58,113.927597,22.518999,0,20
33648,21:18:28,113.927597,22.516001,0,20
33648,21:18:58,113.927498,22.513201,0,0
33648,21:19:58,113.927399,22.5123,0,24
33648,21:20:28,113.927101,22.5082,0,13
33648,21:20:58,113.927696,22.5047,0,32
33648,21:21:58,113.928902,22.498199,0,0
33648,21:23:28,113.925301,22.497801,0,0
33648,21:23:59,113.923203,22.497801,0,13
33648,21:24:29,113.922699,22.4979,0,13
33648,21:24:59,113.920197,22.4967,0,5
33648,21:25:29,113.919701,22.496799,0,13
33648,21:27:29,113.916901,22.502899,0,0
33648,21:27:59,113.916901,22.502899,0,0
33648,21:28:29,113.916901,22.502899,0,0
33648,21:28:59,113.917503,22.5044,0,19
33648,21:29:29,113.917801,22.504999,0,0
33648,21:30:59,113.918404,22.506599,0,0
33648,21:33:00,113.916,22.51,0,12
33648,21:34:00,113.915497,22.510401,0,0
33648,21:34:30,113.913696,22.5121,0,0
33648,21:35:30,113.912903,22.513,0,29
33648,21:36:00,113.9114,22.5151,0,0
33648,21:36:30,113.911301,22.5152,0,0
33648,21:37:00,113.909103,22.5151,0,7
33648,21:37:30,113.908798,22.514999,0,0
33648,21:38:00,113.908798,22.514999,0,0
33648,21:39:00,113.905403,22.515699,0,0
33648,21:39:30,113.905403,22.515699,0,0
33648,21:40:00,113.905197,22.5158,0,10
33648,21:41:00,113.903999,22.516399,0,0
33648,21:42:01,113.903999,22.516399,0,0
33648,21:42:31,113.903198,22.516199,0,15
33648,21:43:31,113.900398,22.5135,0,0
33648,21:44:01,113.900398,22.5135,0,0
33648,21:44:53,113.896797,22.5103,0,0
33648,21:45:02,113.896004,22.509899,0,13
33648,21:46:01,113.894096,22.5079,0,0
33648,21:47:31,113.890701,22.502199,0,23
33648,21:48:01,113.890701,22.501499,0,14
33648,21:49:11,113.8918,22.501699,0,0
33648,21:52:11,113.894501,22.508301,0,18
33648,21:52:41,113.895599,22.5096,0,13
33648,21:53:42,113.899902,22.512899,0,0
33648,21:55:12,113.904503,22.517401,0,13
33648,21:55:42,113.906197,22.519199,0,0
33648,21:55:43,113.906197,22.519199,0,0
33648,21:56:13,113.908302,22.521601,0,22
33648,21:57:13,113.908997,22.5226,0,19
33648,21:57:43,113.909698,22.5256,0,3
33648,21:58:43,113.910004,22.527,0,25
33648,21:59:12,113.9104,22.5301,0,0
33648,21:59:42,113.9104,22.530701,0,8
33648,22:00:12,113.9104,22.530899,0,0
33648,22:01:22,113.912804,22.5312,0,19
33648,22:02:22,113.914497,22.5271,0,9
33648,22:02:52,113.914497,22.526899,0,0
33648,22:05:22,113.917702,22.527,0,0
33648,22:05:52,113.917702,22.527,0,0
33648,22:06:23,113.917702,22.527,0,0
33648,22:07:53,113.922401,22.5261,0,19
33648,22:08:23,113.926003,22.525,0,21
33648,22:08:53,113.926102,22.523199,0,16
33648,22:10:19,113.924896,22.5221,0,0
33648,22:10:49,113.924896,22.5221,0,0
33648,22:10:50,113.924896,22.5221,0,0
33648,22:11:50,113.9244,22.528299,0,41
33648,22:12:20,113.925301,22.5319,0,28
33648,22:12:50,113.927101,22.5352,0,0
33648,22:13:20,113.926903,22.5355,0,12
33648,22:13:50,113.923798,22.5355,0,0
33648,22:15:20,113.916496,22.535601,0,0
33648,22:15:50,113.914703,22.5357,0,0
33648,22:16:20,113.913902,22.535601,0,16
33648,22:17:34,113.911201,22.5354,0,12
33648,22:18:35,113.910896,22.535299,0,0
33648,22:19:35,113.910797,22.5352,0,15
33648,22:20:35,113.915703,22.5354,0,10
33648,22:21:35,113.919403,22.535299,0,0
33648,22:22:05,113.920097,22.5357,0,14
33648,22:22:26,113.920097,22.535999,0,6
33648,22:22:56,113.9198,22.538601,0,0
33648,22:24:26,113.922302,22.5387,0,0
33648,22:24:56,113.922501,22.538099,0,18
33648,22:26:26,113.926697,22.5352,0,14
33648,22:27:26,113.9245,22.525801,0,35
33648,22:27:56,113.923599,22.522499,0,8
33648,22:28:10,113.922997,22.522499,0,0
33648,22:28:40,113.922997,22.522499,0,0
33648,22:29:10,113.922897,22.522699,0,3
33648,22:29:40,113.922203,22.5231,0,10
33648,22:31:12,113.925201,22.5252,0,20
33648,22:31:42,113.925598,22.525101,0,0
33648,22:32:11,113.925598,22.525101,0,0
33648,22:32:41,113.925598,22.525101,0,0
33648,22:33:11,113.926201,22.525,0,15
33648,22:33:41,113.926399,22.524099,0,10
33648,22:34:11,113.926201,22.5235,0,0
33648,22:35:08,113.926201,22.523399,0,0
33648,22:35:38,113.927902,22.5228,0,12
33648,22:37:08,113.927498,22.5158,0,25
33648,22:37:38,113.927498,22.5135,0,0
33648,22:38:38,113.927101,22.5084,0,7
33648,22:41:09,113.9272,22.507099,0,0
33648,22:42:09,113.928001,22.503201,0,14
33648,22:43:09,113.928001,22.503099,0,0
33648,22:43:39,113.9291,22.502899,0,25
33648,22:45:09,113.93,22.4986,0,0
33648,22:46:37,113.933197,22.5009,0,28
33648,22:47:38,113.932999,22.506201,0,36
33648,22:48:09,113.935402,22.5079,0,24
33648,22:48:39,113.937103,22.5079,0,23
33648,22:49:09,113.941101,22.5079,0,34
33648,22:50:09,113.946999,22.5072,0,20
33648,22:50:39,113.946999,22.510201,0,22
33648,22:51:09,113.947899,22.5147,0,37
33648,22:51:39,113.948601,22.5203,0,41
33648,22:52:39,113.9496,22.527599,0,30
33648,22:53:09,113.949898,22.529699,0,0
33648,22:54:09,113.950401,22.5352,0,39
33648,22:54:39,113.952202,22.5382,0,21
33648,22:55:09,113.9543,22.5422,0,35
33648,22:55:39,113.958099,22.5432,0,29
33648,22:56:39,113.9599,22.543501,0,21
33648,22:57:04,113.960899,22.544001,0,0
33648,22:57:34,113.960899,22.544001,0,0
33648,22:58:04,113.962097,22.5436,0,21
33648,22:58:34,113.9636,22.5434,0,0
33648,22:59:00,113.9636,22.5434,0,0
33648,23:01:01,113.960098,22.5453,0,26
33648,23:01:31,113.960701,22.5487,0,16
33648,23:02:01,113.9608,22.549299,0,0
33648,23:02:31,113.9608,22.549299,0,0
33648,23:03:31,113.961899,22.556999,0,44
33648,23:04:01,113.9608,22.5637,0,46
33648,23:04:31,113.960602,22.564301,0,0
33648,23:05:31,113.9617,22.57,0,0
33648,23:06:01,113.962097,22.569901,0,15
33648,23:06:31,113.965797,22.569099,0,29
33648,23:07:01,113.966499,22.568899,0,28
33648,23:08:01,113.963303,22.570601,0,12
33648,23:08:31,113.963699,22.5716,0,0
33648,23:08:38,113.963699,22.5716,0,0
33648,23:09:38,113.9636,22.5716,0,9
33648,23:10:08,113.962997,22.5702,0,6
33648,23:12:39,113.961899,22.5606,0,37
33648,23:13:09,113.961502,22.555599,0,39
33648,23:13:39,113.960701,22.5501,0,18
33648,23:14:39,113.960297,22.5474,0,0
33648,23:15:39,113.960403,22.5429,0,8
33648,23:17:09,113.968803,22.539801,0,16
33648,23:17:39,113.970001,22.539301,0,8
33648,23:18:40,113.972801,22.538401,0,35
33648,23:19:40,113.985001,22.5362,0,42
33648,23:20:10,113.991402,22.5352,0,50
33648,23:21:10,114.0028,22.535801,0,0
33648,23:22:10,114.002899,22.535801,0,0
33648,23:22:40,114.006798,22.536501,0,36
33648,23:23:10,114.008904,22.5369,0,24
33648,23:23:40,114.014297,22.5378,0,39
33648,23:24:10,114.020401,22.539101,0,43
33648,23:24:40,114.025497,22.5397,0,31
33648,23:25:10,114.030403,22.5406,0,22
33648,23:25:40,114.035004,22.5413,0,33
33648,23:26:10,114.0355,22.5413,0,0
33648,23:26:10,114.0028,22.535801,0,0
33648,23:26:40,114.0355,22.5413,0,0
33648,23:27:10,114.038498,22.541901,0,43
33648,23:27:40,114.044998,22.542299,0,40
33648,23:28:10,114.047897,22.5424,0,23
33648,23:29:10,114.059601,22.542601,0,38
33648,23:30:11,114.068901,22.5422,0,24
33648,23:31:45,114.066101,22.5478,0,0
33648,23:32:15,114.065498,22.5476,0,18
33648,23:32:45,114.062698,22.5476,0,14
33648,23:33:15,114.0606,22.545601,0,32
33648,23:34:22,114.0578,22.546499,0,0
33648,23:34:52,114.058098,22.547001,0,5
33648,23:35:22,114.057999,22.549,0,1
33648,23:35:52,114.057999,22.549,0,0
33648,23:36:22,114.057999,22.549,0,0
33648,23:36:52,114.057999,22.5511,0,12
33648,23:38:52,114.064003,22.557899,0,30
33648,23:39:52,114.062302,22.5585,0,42
33648,23:40:53,114.0588,22.5632,0,19
33648,23:41:50,114.058403,22.564301,0,0
33648,23:42:20,114.058601,22.564501,0,14
33648,23:43:20,114.059196,22.562401,0,7
33648,23:43:50,114.061699,22.562799,0,25
33648,23:44:50,114.0625,22.552099,0,29
33648,23:45:20,114.058701,22.551399,0,28
33648,23:45:50,114.057999,22.551399,0,0
33648,23:46:20,114.053596,22.551399,0,44
33648,23:46:50,114.047699,22.551001,0,43
33648,23:47:20,114.044296,22.552401,0,33
33648,23:47:50,114.044098,22.5562,0,8
33648,23:48:51,114.044098,22.5562,0,0
33648,23:49:51,114.041298,22.561501,0,37
33648,23:50:51,114.041298,22.5669,0,7
33648,23:51:51,114.040703,22.568399,0,0
33648,23:52:21,114.040298,22.569401,0,0
33648,23:53:49,114.039398,22.571699,0,0
