30424,00:01:41,113.929131,22.56875,1,68
30424,00:02:37,113.934433,22.571367,1,36
30424,00:03:32,113.936882,22.571383,1,14
30424,00:05:26,113.943581,22.572533,1,7
30424,00:06:21,113.943535,22.578016,1,39
30424,00:07:16,113.944382,22.57815,1,6
30424,00:07:22,113.944382,22.57815,0,0
30424,00:08:17,113.944901,22.57815,0,1
30424,00:09:12,113.945084,22.578033,0,0
30424,00:10:07,113.945084,22.578033,0,0
30424,00:11:02,113.945084,22.578033,0,0
30424,00:11:58,113.945465,22.5779,0,4
30424,00:12:53,113.947166,22.577168,0,6
30424,00:13:28,113.948364,22.578167,0,15
30424,00:14:24,113.94838,22.57815,0,8
30424,00:15:19,113.947418,22.576483,0,10
30424,00:16:14,113.94957,22.574383,0,21
30424,00:17:09,113.949867,22.571716,0,18
30424,00:18:04,113.953751,22.571182,0,23
30424,00:18:59,113.961433,22.570118,0,52
30424,00:19:54,113.962547,22.569817,0,5
30424,00:20:49,113.969086,22.567266,0,47
30424,00:21:44,113.969315,22.567133,0,1
30424,00:22:39,113.971786,22.565651,0,17
30424,00:23:34,113.976303,22.562983,0,34
30424,00:24:29,113.977982,22.562033,0,12
30424,00:25:24,113.984901,22.560049,0,46
30424,00:26:19,113.994232,22.5567,0,67
30424,00:27:14,114.004852,22.556299,0,73
30424,00:29:04,114.026833,22.56115,0,79
30424,00:30:17,114.03627,22.562634,1,0
30424,00:31:12,114.046036,22.564917,1,65
30424,00:32:07,114.056648,22.56555,1,72
30424,00:33:02,114.067116,22.568916,1,75
30424,00:34:52,114.086151,22.567617,1,75
30424,00:35:47,114.095718,22.568501,1,69
30424,00:36:42,114.105148,22.573532,1,73
30424,00:37:37,114.113235,22.576366,1,59
30424,00:38:32,114.117729,22.570467,1,63
30424,00:39:27,114.119186,22.56155,1,65
30424,00:40:22,114.124313,22.558666,1,57
30424,00:41:17,114.125114,22.559168,1,4
30424,00:41:34,114.125099,22.559717,0,14
30424,00:43:25,114.124535,22.563868,0,26
30424,00:44:20,114.124649,22.5714,0,52
30424,00:45:15,114.124481,22.572184,0,5
30424,00:46:10,114.121803,22.573566,0,27
30424,00:47:05,114.118385,22.574766,0,27
30424,00:48:00,114.118401,22.574883,0,0
30424,00:48:55,114.118401,22.574883,0,0
30424,00:49:50,114.118401,22.574883,0,0
30424,00:51:40,114.118401,22.574883,0,0
30424,00:52:35,114.118401,22.574883,0,0
30424,00:53:30,114.118401,22.574883,0,0
30424,00:54:25,114.118401,22.574883,0,0
30424,00:55:20,114.118401,22.574883,0,0
30424,00:56:15,114.118401,22.574883,0,0
30424,00:57:10,114.118401,22.574883,0,0
30424,00:58:05,114.118401,22.574883,0,0
30424,00:59:00,114.121483,22.573883,0,25
30424,00:59:55,114.124969,22.576851,0,42
30424,01:00:50,114.135551,22.576,0,73
30424,01:01:45,114.138916,22.5751,0,22
30424,01:02:40,114.141113,22.581867,0,51
30424,01:03:35,114.1464,22.587549,0,57
30424,01:04:30,114.151619,22.593616,0,62
30424,01:05:25,114.158401,22.599466,0,67
30424,01:06:20,114.160118,22.607018,0,59
30424,01:07:15,114.159019,22.61005,0,23
30424,01:08:10,114.159019,22.61005,0,0
30424,01:09:05,114.159019,22.61005,0,0
30424,01:10:00,114.159019,22.61005,0,0
30424,01:10:55,114.159019,22.61005,0,0
30424,01:11:50,114.160217,22.606434,0,30
30424,01:12:45,114.16378,22.606466,0,38
30424,01:13:40,114.16378,22.606466,0,0
30424,01:14:35,114.16378,22.606466,0,0
30424,01:15:30,114.16378,22.606466,0,0
30424,01:18:15,114.16378,22.606466,0,0
30424,01:19:10,114.16378,22.606466,0,0
30424,01:20:05,114.16378,22.606466,0,0
30424,01:21:00,114.16423,22.606951,0,1
30424,01:21:55,114.168869,22.608232,0,39
30424,01:22:50,114.17038,22.6057,0,25
30424,01:23:45,114.170586,22.605551,0,1
30424,01:24:40,114.170586,22.605551,0,0
30424,01:25:35,114.170586,22.605551,0,0
30424,01:26:30,114.170586,22.605551,0,0
30424,01:27:25,114.170586,22.605551,0,0
30424,01:28:20,114.170586,22.605551,0,0
30424,01:29:15,114.170586,22.605551,0,0
30424,01:30:10,114.170586,22.605551,0,0
30424,01:31:05,114.170586,22.605551,0,0
30424,01:32:00,114.170586,22.605551,0,0
30424,01:32:55,114.170586,22.605551,0,0
30424,01:33:50,114.170586,22.605551,0,0
30424,01:34:45,114.170586,22.605551,0,0
30424,01:35:40,114.170586,22.605551,0,0
30424,01:36:35,114.170586,22.605551,0,0
30424,01:37:30,114.170586,22.605551,0,0
30424,01:38:25,114.170586,22.605551,0,0
30424,01:39:20,114.170586,22.605551,0,0
30424,01:40:15,114.170586,22.605551,0,0
30424,01:41:10,114.170586,22.605551,0,0
30424,01:42:05,114.170586,22.605551,0,0
30424,01:43:00,114.170586,22.605551,0,0
30424,01:43:55,114.170586,22.605551,0,0
30424,01:44:50,114.170586,22.605551,0,0
30424,01:45:45,114.170586,22.605551,0,0
30424,01:46:40,114.170586,22.605551,0,0
30424,01:47:35,114.170586,22.605551,0,0
30424,01:48:30,114.170586,22.605551,0,0
30424,01:49:25,114.170586,22.605551,0,0
30424,01:50:20,114.170586,22.605551,0,0
30424,01:51:15,114.170586,22.605551,0,0
30424,01:52:10,114.170586,22.605551,0,0
30424,01:53:05,114.170586,22.605551,0,0
30424,01:54:00,114.170586,22.605551,0,0
30424,01:54:55,114.170586,22.605551,0,0
30424,01:55:50,114.170586,22.605551,0,0
30424,01:56:45,114.170586,22.605551,0,0
30424,01:57:40,114.170586,22.605551,0,0
30424,01:58:35,114.170586,22.605551,0,0
30424,01:59:30,114.170586,22.605551,0,0
30424,02:00:25,114.170586,22.605551,0,0
30424,02:01:20,114.170586,22.605551,0,0
30424,02:02:15,114.170586,22.605551,0,0
30424,02:03:10,114.170586,22.605551,0,0
30424,02:04:05,114.170586,22.605551,0,0
30424,02:05:00,114.170586,22.605551,0,0
30424,02:05:55,114.170586,22.605551,0,0
30424,02:06:50,114.170586,22.605551,0,0
30424,02:07:45,114.170586,22.605551,0,0
30424,02:08:40,114.170586,22.605551,0,0
30424,02:09:35,114.170586,22.605551,0,0
30424,02:10:30,114.170586,22.605551,0,0
30424,02:11:25,114.170586,22.605551,0,0
30424,02:12:20,114.170586,22.605551,0,0
30424,02:13:15,114.170586,22.605551,0,0
30424,02:14:10,114.170586,22.605551,0,0
30424,02:15:05,114.170586,22.605551,0,0
30424,02:16:00,114.170586,22.605551,0,0
30424,02:16:55,114.170586,22.605551,0,0
30424,02:17:50,114.170586,22.605551,0,0
30424,02:18:45,114.170586,22.605551,0,0
30424,02:19:40,114.170586,22.605551,0,0
30424,02:20:35,114.170586,22.605551,0,0
30424,02:21:30,114.170586,22.605551,0,0
30424,02:22:25,114.170586,22.605551,0,0
30424,02:23:20,114.170586,22.605551,0,0
30424,02:24:15,114.170586,22.605551,0,0
30424,02:25:10,114.170586,22.605551,0,0
30424,02:26:05,114.170586,22.605551,0,0
30424,02:27:00,114.170586,22.605551,0,0
30424,02:27:55,114.170586,22.605551,0,0
30424,02:28:51,114.170586,22.605551,0,0
30424,02:29:46,114.170586,22.605551,0,0
30424,02:30:41,114.170586,22.605551,0,0
30424,02:31:36,114.170586,22.605551,0,0
30424,02:32:31,114.170586,22.605551,0,0
30424,02:33:26,114.170586,22.605551,0,0
30424,02:34:21,114.170586,22.605551,0,0
30424,02:35:16,114.170586,22.605551,0,0
30424,02:36:11,114.170586,22.605551,0,0
30424,02:37:06,114.170586,22.605551,0,0
30424,02:38:01,114.170586,22.605551,0,0
30424,02:38:56,114.170586,22.605551,0,0
30424,02:39:51,114.170586,22.605551,0,0
30424,02:40:46,114.170586,22.605551,0,0
30424,02:41:41,114.170586,22.605551,0,0
30424,02:43:31,114.170586,22.605551,0,0
30424,02:44:26,114.170586,22.605551,0,0
30424,02:45:21,114.170586,22.605551,0,0
30424,02:46:16,114.170586,22.605551,0,0
30424,02:47:11,114.170586,22.605551,0,0
30424,02:48:06,114.170586,22.605551,0,0
30424,02:49:01,114.170586,22.605551,0,0
30424,02:49:56,114.170586,22.605551,0,0
30424,02:50:51,114.170586,22.605551,0,0
30424,02:51:46,114.170586,22.605551,0,0
30424,02:53:36,114.170586,22.605551,0,0
30424,02:54:31,114.170586,22.605551,0,0
30424,02:55:26,114.170586,22.605551,0,0
30424,02:56:21,114.170586,22.605551,0,0
30424,02:57:16,114.170586,22.605551,0,0
30424,02:58:11,114.170586,22.605551,0,0
30424,02:59:06,114.170586,22.605551,0,0
30424,03:00:01,114.170586,22.605551,0,0
30424,03:00:56,114.170586,22.605551,0,0
30424,03:01:51,114.170586,22.605551,0,0
30424,03:02:46,114.170586,22.605551,0,0
30424,03:03:41,114.170586,22.605551,0,0
30424,03:04:36,114.170586,22.605551,0,0
30424,03:05:31,114.170586,22.605551,0,0
30424,03:06:26,114.170586,22.605551,0,0
30424,03:07:21,114.170586,22.605551,0,0
30424,03:08:16,114.170586,22.605551,0,0
30424,03:09:11,114.170586,22.605551,0,0
30424,03:10:06,114.170586,22.605551,0,0
30424,03:11:01,114.170586,22.605551,0,0
30424,03:11:56,114.170586,22.605551,0,0
30424,03:12:51,114.170586,22.605551,0,0
30424,03:14:41,114.170586,22.605551,0,0
30424,03:15:36,114.170586,22.605551,0,0
30424,03:16:31,114.170586,22.605551,0,0
30424,03:17:26,114.170586,22.605551,0,0
30424,03:18:21,114.170586,22.605551,0,0
30424,03:19:16,114.170586,22.605551,0,0
30424,03:20:11,114.170586,22.605551,0,0
30424,03:21:06,114.170586,22.605551,0,0
30424,03:22:01,114.170586,22.605551,0,0
30424,03:22:56,114.170586,22.605551,0,0
30424,03:23:51,114.170586,22.605551,0,0
30424,03:24:46,114.170586,22.605551,0,0
30424,03:25:41,114.170586,22.605551,0,0
30424,03:26:36,114.170586,22.605551,0,0
30424,03:27:31,114.170586,22.605551,0,0
30424,03:28:26,114.170586,22.605551,0,0
30424,03:29:21,114.170586,22.605551,0,0
30424,03:30:16,114.170586,22.605551,0,0
30424,03:31:11,114.170586,22.605551,0,0
30424,03:32:06,114.170586,22.605551,0,0
30424,03:33:01,114.170586,22.605551,0,0
30424,03:33:56,114.170586,22.605551,0,0
30424,03:34:51,114.170586,22.605551,0,0
30424,03:35:46,114.170586,22.605551,0,0
30424,03:36:41,114.170586,22.605551,0,0
30424,03:37:36,114.170586,22.605551,0,0
30424,03:38:31,114.170586,22.605551,0,0
30424,03:39:26,114.170586,22.605551,0,0
30424,03:40:21,114.170586,22.605551,0,0
30424,03:41:16,114.170586,22.605551,0,0
30424,03:42:11,114.170586,22.605551,0,0
30424,03:43:06,114.170586,22.605551,0,0
30424,03:44:01,114.170586,22.605551,0,0
30424,03:44:56,114.170586,22.605551,0,0
30424,03:45:51,114.170586,22.605551,0,0
30424,03:46:46,114.170586,22.605551,0,0
30424,03:47:41,114.170586,22.605551,0,0
30424,03:48:36,114.170586,22.605551,0,0
30424,03:49:31,114.170586,22.605551,0,0
30424,03:50:26,114.170586,22.605551,0,0
30424,03:51:21,114.170586,22.605551,0,0
30424,03:52:16,114.170586,22.605551,0,0
30424,03:53:11,114.170586,22.605551,0,0
30424,03:54:06,114.170586,22.605551,0,0
30424,03:55:01,114.170586,22.605551,0,0
30424,03:55:56,114.170586,22.605551,0,0
30424,03:56:51,114.170586,22.605551,0,0
30424,03:57:46,114.170586,22.605551,0,0
30424,03:58:41,114.170586,22.605551,0,0
30424,03:59:36,114.170586,22.605551,0,0
30424,04:00:31,114.170586,22.605551,0,0
30424,04:01:26,114.170586,22.605551,0,0
30424,04:02:21,114.170586,22.605551,0,0
30424,04:03:16,114.170586,22.605551,0,0
30424,04:04:11,114.170586,22.605551,0,0
30424,04:05:06,114.170586,22.605551,0,0
30424,04:06:01,114.170586,22.605551,0,0
30424,04:06:56,114.170586,22.605551,0,0
30424,04:07:51,114.170586,22.605551,0,0
30424,04:08:46,114.170586,22.605551,0,0
30424,04:09:41,114.170586,22.605551,0,0
30424,04:10:36,114.170586,22.605551,0,0
30424,04:11:31,114.170586,22.605551,0,0
30424,04:12:26,114.170586,22.605551,0,0
30424,04:13:21,114.170586,22.605551,0,0
30424,04:14:16,114.170586,22.605551,0,0
30424,04:15:11,114.170586,22.605551,0,0
30424,04:16:06,114.170586,22.605551,0,0
30424,04:17:01,114.170586,22.605551,0,0
30424,04:17:56,114.170586,22.605551,0,0
30424,04:18:51,114.170586,22.605551,0,0
30424,04:19:46,114.170586,22.605551,0,0
30424,04:20:41,114.170586,22.605551,0,0
30424,04:21:36,114.170586,22.605551,0,0
30424,04:22:32,114.170586,22.605551,0,0
30424,04:23:27,114.170586,22.605551,0,0
30424,04:24:22,114.170586,22.605551,0,0
30424,04:25:17,114.170586,22.605551,0,0
30424,04:26:12,114.170586,22.605551,0,0
30424,04:27:07,114.170586,22.605551,0,0
30424,04:28:02,114.170586,22.605551,0,0
30424,04:28:57,114.170586,22.605551,0,0
30424,04:29:52,114.170586,22.605551,0,0
30424,04:30:47,114.170586,22.605551,0,0
30424,04:31:42,114.170586,22.605551,0,0
30424,04:32:37,114.170586,22.605551,0,0
30424,04:33:32,114.170586,22.605551,0,0
30424,04:34:27,114.170586,22.605551,0,0
30424,04:35:22,114.170586,22.605551,0,0
30424,04:36:17,114.170586,22.605551,0,0
30424,04:37:12,114.170586,22.605551,0,0
30424,04:38:07,114.170586,22.605551,0,0
30424,04:39:02,114.170586,22.605551,0,0
30424,04:39:57,114.170586,22.605551,0,0
30424,04:40:52,114.170586,22.605551,0,0
30424,04:41:47,114.170586,22.605551,0,0
30424,04:42:42,114.170586,22.605551,0,0
30424,04:43:37,114.170586,22.605551,0,0
30424,04:44:32,114.170586,22.605551,0,0
30424,04:45:27,114.170586,22.605551,0,0
30424,04:46:22,114.170586,22.605551,0,0
30424,04:47:17,114.170586,22.605551,0,0
30424,04:48:12,114.170586,22.605551,0,0
30424,04:49:07,114.170586,22.605551,0,0
30424,04:50:02,114.170586,22.605551,0,0
30424,04:50:57,114.170586,22.605551,0,0
30424,04:51:53,114.170586,22.605551,0,0
30424,04:52:48,114.170586,22.605551,0,0
30424,04:54:38,114.170586,22.605551,0,0
30424,04:55:33,114.170586,22.605551,0,0
30424,04:56:28,114.170586,22.605551,0,0
30424,04:57:23,114.170586,22.605551,0,0
30424,04:58:18,114.170586,22.605551,0,0
30424,04:59:13,114.170586,22.605551,0,0
30424,05:00:08,114.170586,22.605551,0,0
30424,05:01:03,114.170586,22.605551,0,0
30424,05:01:58,114.170586,22.605551,0,0
30424,05:02:53,114.170586,22.605551,0,0
30424,05:03:48,114.170586,22.605551,0,0
30424,05:04:43,114.170586,22.605551,0,0
30424,05:05:38,114.170586,22.605551,0,0
30424,05:06:33,114.170586,22.605551,0,0
30424,05:07:28,114.170586,22.605551,0,0
30424,05:08:23,114.170586,22.605551,0,0
30424,05:09:18,114.170586,22.605551,0,0
30424,05:10:13,114.170586,22.605551,0,0
30424,05:11:08,114.170586,22.605551,0,0
30424,05:12:58,114.170586,22.605551,0,0
30424,05:13:53,114.170586,22.605551,0,0
30424,05:14:48,114.170586,22.605551,0,0
30424,05:15:43,114.170586,22.605551,0,0
30424,05:16:38,114.170586,22.605551,0,0
30424,05:17:33,114.170586,22.605551,0,0
30424,05:18:28,114.170586,22.605551,0,0
30424,05:19:23,114.170586,22.605551,0,0
30424,05:20:18,114.170586,22.605551,0,0
30424,05:21:13,114.170586,22.605551,0,0
30424,05:22:08,114.170586,22.605551,0,0
30424,05:23:03,114.170586,22.605551,0,0
30424,05:23:58,114.170586,22.605551,0,0
30424,05:24:53,114.170586,22.605551,0,0
30424,05:25:48,114.170586,22.605551,0,0
30424,05:26:43,114.170586,22.605551,0,0
30424,05:27:38,114.170586,22.605551,0,0
30424,05:28:33,114.170586,22.605551,0,0
30424,05:29:28,114.170586,22.605551,0,0
30424,05:30:23,114.170586,22.605551,0,0
30424,05:31:18,114.170586,22.605551,0,0
30424,05:32:13,114.170586,22.605551,0,0
30424,05:33:08,114.170586,22.605551,0,0
30424,05:34:03,114.170586,22.605551,0,0
30424,05:34:58,114.170586,22.605551,0,0
30424,05:35:53,114.170586,22.605551,0,0
30424,05:36:48,114.170586,22.605551,0,0
30424,05:37:43,114.170586,22.605551,0,0
30424,05:38:38,114.170586,22.605551,0,0
30424,05:39:33,114.170586,22.605551,0,0
30424,05:40:28,114.170586,22.605551,0,0
30424,05:41:23,114.170586,22.605551,0,0
30424,05:42:18,114.170586,22.605551,0,0
30424,05:43:13,114.170586,22.605551,0,0
30424,05:44:08,114.170586,22.605551,0,0
30424,05:45:03,114.170586,22.605551,0,0
30424,05:45:58,114.170586,22.605551,0,0
30424,05:46:53,114.170586,22.605551,0,0
30424,05:47:48,114.170586,22.605551,0,0
30424,05:48:43,114.170586,22.605551,0,0
30424,05:49:38,114.170586,22.605551,0,0
30424,05:50:33,114.170586,22.605551,0,0
30424,05:51:28,114.170586,22.605551,0,0
30424,05:52:23,114.170586,22.605551,0,0
30424,05:53:18,114.170586,22.605551,0,0
30424,05:54:13,114.170586,22.605551,0,0
30424,05:55:08,114.170586,22.605551,0,0
30424,05:56:03,114.170586,22.605551,0,0
30424,05:56:58,114.170586,22.605551,0,0
30424,05:57:53,114.170586,22.605551,0,0
30424,05:59:43,114.170586,22.605551,0,0
30424,06:00:38,114.170586,22.605551,0,0
30424,06:01:33,114.170586,22.605551,0,0
30424,06:02:28,114.170586,22.605551,0,0
30424,06:03:23,114.170586,22.605551,0,0
30424,06:04:18,114.170586,22.605551,0,0
30424,06:05:13,114.170586,22.605551,0,0
30424,06:06:08,114.168015,22.605932,0,15
30424,06:07:03,114.166382,22.60615,0,10
30424,06:07:58,114.166382,22.60615,0,0
30424,06:08:53,114.166382,22.60615,0,0
30424,06:09:48,114.166382,22.60615,0,0
30424,06:10:43,114.166382,22.60615,0,0
30424,06:11:38,114.166382,22.60615,0,0
30424,06:12:33,114.166382,22.60615,0,0
30424,06:13:28,114.166382,22.60615,0,0
30424,06:14:23,114.166382,22.60615,0,0
30424,06:15:18,114.166382,22.60615,0,0
30424,06:16:13,114.166382,22.60615,0,0
30424,06:17:08,114.166382,22.60615,0,0
30424,06:18:03,114.166382,22.60615,0,0
30424,06:18:58,114.166382,22.60615,0,0
30424,06:19:53,114.166382,22.60615,0,0
30424,06:20:48,114.166382,22.60615,0,0
30424,06:21:43,114.166382,22.60615,0,0
30424,06:22:38,114.166382,22.60615,0,0
30424,06:23:33,114.166382,22.60615,0,0
30424,06:24:28,114.166382,22.60615,0,0
30424,06:25:23,114.166382,22.60615,0,0
30424,06:26:18,114.166382,22.60615,0,0
30424,06:27:13,114.166382,22.60615,0,0
30424,06:28:08,114.166382,22.60615,0,0
30424,06:29:03,114.166382,22.60615,0,0
30424,06:29:58,114.166382,22.60615,0,0
30424,06:30:53,114.166382,22.60615,0,0
30424,06:31:48,114.166382,22.60615,0,0
30424,06:32:43,114.166382,22.60615,0,0
30424,06:33:38,114.166382,22.60615,0,0
30424,06:34:33,114.166382,22.60615,0,0
30424,06:35:28,114.166382,22.60615,0,0
30424,06:36:23,114.166382,22.60615,0,0
30424,06:37:18,114.166382,22.60615,0,0
30424,06:38:13,114.166382,22.60615,0,0
30424,06:39:08,114.166382,22.60615,0,0
30424,06:40:03,114.166382,22.60615,0,0
30424,06:40:58,114.166382,22.60615,0,0
30424,06:41:54,114.166382,22.60615,0,0
30424,06:42:49,114.166382,22.60615,0,0
30424,06:43:44,114.166382,22.60615,0,0
30424,06:44:39,114.166382,22.60615,0,0
30424,06:45:34,114.166382,22.60615,0,0
30424,06:46:29,114.166382,22.60615,0,0
30424,06:47:24,114.166382,22.60615,0,0
30424,06:48:19,114.166382,22.60615,0,0
30424,06:49:14,114.166382,22.60615,0,0
30424,06:50:09,114.166382,22.60615,0,0
30424,06:51:04,114.166382,22.60615,0,0
30424,06:51:59,114.166382,22.60615,0,0
30424,06:52:54,114.166382,22.60615,0,0
30424,06:53:49,114.166382,22.60615,0,0
30424,06:54:44,114.166382,22.60615,0,0
30424,06:55:39,114.166382,22.60615,0,0
30424,06:56:34,114.166382,22.60615,0,0
30424,06:57:29,114.166382,22.60615,0,0
30424,06:58:24,114.166382,22.60615,0,0
30424,06:59:19,114.166382,22.60615,0,0
30424,07:00:14,114.166382,22.60615,0,0
30424,07:02:04,114.166382,22.60615,0,0
30424,07:02:59,114.166382,22.60615,0,0
30424,07:03:54,114.166382,22.60615,0,0
30424,07:04:49,114.166382,22.60615,0,0
30424,07:05:44,114.166382,22.60615,0,0
30424,07:06:39,114.166382,22.60615,0,0
30424,07:07:34,114.166382,22.60615,0,0
30424,07:08:29,114.166382,22.60615,0,0
30424,07:09:24,114.166382,22.60615,0,0
30424,07:10:19,114.166382,22.60615,0,0
30424,07:11:14,114.166382,22.60615,0,0
30424,07:12:09,114.166382,22.60615,0,0
30424,07:13:04,114.166382,22.60615,0,0
30424,07:13:59,114.166382,22.60615,0,0
30424,07:14:54,114.166382,22.60615,0,0
30424,07:15:49,114.166382,22.60615,0,0
30424,07:16:44,114.166382,22.60615,0,0
30424,07:17:39,114.166382,22.60615,0,0
30424,07:19:29,114.166382,22.60615,0,0
30424,07:20:24,114.166382,22.60615,0,0
30424,07:21:19,114.166382,22.60615,0,0
30424,07:22:14,114.166382,22.60615,0,0
30424,07:23:09,114.166382,22.60615,0,0
30424,07:24:04,114.166183,22.60545,0,2
30424,07:24:59,114.162903,22.605883,0,22
30424,07:25:54,114.160385,22.602118,0,32
30424,07:26:49,114.155464,22.596968,0,49
30424,07:27:44,114.151337,22.593384,0,43
30424,07:28:39,114.148666,22.588682,0,42
30424,07:29:34,114.145332,22.5853,0,34
30424,07:30:29,114.141701,22.583366,0,26
30424,07:31:24,114.140099,22.578716,0,35
30424,07:32:19,114.139336,22.576366,0,15
30424,07:33:14,114.138947,22.575268,0,6
30424,07:34:09,114.137169,22.571632,0,29
30424,07:34:54,114.136986,22.571733,1,1
30424,07:35:49,114.137497,22.571449,1,3
30424,07:36:44,114.137833,22.569817,1,2
30424,07:37:39,114.13678,22.567633,1,16
30424,07:38:34,114.13678,22.567633,1,0
30424,07:39:29,114.138184,22.564983,1,21
30424,07:39:52,114.138733,22.563984,0,17
30424,07:40:47,114.138298,22.5634,0,2
30424,07:41:42,114.136681,22.563566,0,5
30424,07:43:32,114.134834,22.566099,0,7
30424,07:44:27,114.134636,22.565533,0,2
30424,07:44:59,114.134636,22.565533,1,0
30424,07:45:54,114.131935,22.562332,1,26
30424,07:46:49,114.127632,22.560682,1,30
30424,07:47:44,114.125465,22.559418,1,13
30424,07:48:39,114.124786,22.55905,1,0
30424,07:49:34,114.121864,22.55735,1,16
30424,07:50:29,114.118034,22.552334,1,44
30424,07:51:24,114.117348,22.551701,1,5
30424,07:52:19,114.11702,22.548267,1,19
30424,07:53:14,114.114502,22.546883,1,11
30424,07:54:09,114.110367,22.546667,1,32
30424,07:55:04,114.110229,22.543283,1,37
30424,07:55:59,114.110367,22.542517,1,5
30424,07:56:54,114.110313,22.541384,1,6
30424,07:57:49,114.110786,22.53845,1,15
30424,07:58:44,114.111015,22.536266,1,11
30424,07:59:39,114.111618,22.533266,1,21
30424,08:00:26,114.114037,22.531717,0,32
30424,08:01:21,114.115021,22.532949,0,29
30424,08:02:16,114.117516,22.536751,0,34
30424,08:03:11,114.121681,22.539499,0,30
30424,08:04:06,114.12458,22.540968,0,19
30424,08:05:01,114.128304,22.543283,0,27
30424,08:05:56,114.129753,22.545601,0,18
30424,08:06:51,114.129532,22.547251,0,9
30424,08:07:42,114.129631,22.54705,1,2
30424,08:08:37,114.128685,22.5439,1,23
30424,08:09:32,114.125832,22.544117,1,31
30424,08:10:27,114.12532,22.542049,1,16
30424,08:11:22,114.124985,22.541866,1,0
30424,08:12:17,114.123337,22.540733,1,5
30424,08:13:12,114.121399,22.539417,1,13
30424,08:14:07,114.115997,22.5392,1,43
30424,08:15:02,114.108315,22.537451,1,53
30424,08:15:57,114.103317,22.538168,1,35
30424,08:17:47,114.086136,22.537518,1,58
30424,08:18:43,114.079948,22.536467,1,34
30424,08:19:38,114.077148,22.532316,1,35
30424,08:19:41,114.076935,22.532183,1,29
30424,08:20:37,114.071587,22.531851,1,35
30424,08:21:32,114.063934,22.532034,1,49
30424,08:23:22,114.060486,22.535482,1,13
30424,08:24:06,114.057884,22.536133,0,27
30424,08:25:56,114.06012,22.537434,0,4
30424,08:26:51,114.06295,22.536449,0,15
30424,08:27:45,114.063034,22.531099,0,39
30424,08:28:41,114.063217,22.52685,0,27
30424,08:29:36,114.063232,22.5261,0,4
30424,08:30:18,114.063148,22.527866,1,16
30424,08:31:13,114.063004,22.535217,1,50
30424,08:32:08,114.063004,22.535217,1,0
30424,08:33:03,114.063004,22.535217,1,0
30424,08:33:58,114.061768,22.532232,1,27
30424,08:34:53,114.055099,22.531633,1,46
30424,08:35:48,114.049286,22.531517,1,37
30424,08:36:43,114.040634,22.531017,1,57
30424,08:37:38,114.030464,22.530233,1,68
30424,08:38:33,114.022636,22.532034,1,54
30424,08:39:28,114.019218,22.532249,1,21
30424,08:40:23,114.01355,22.530733,1,39
30424,08:42:13,113.9981,22.529667,1,52
30424,08:43:08,113.993835,22.529034,1,33
30424,08:44:03,113.993629,22.530199,1,6
30424,08:44:58,113.993599,22.530317,1,0
30424,08:45:53,113.993599,22.530317,1,0
30424,08:46:48,113.993103,22.533533,1,21
30424,08:47:43,113.990768,22.535732,1,26
30424,08:48:38,113.990082,22.5359,1,4
30424,08:49:33,113.988731,22.538717,1,24
30424,08:50:28,113.987846,22.540617,1,10
30424,08:51:23,113.986153,22.542467,1,19
30424,08:51:31,113.98613,22.542767,0,14
30424,08:52:26,113.98613,22.542767,0,0
30424,08:53:21,113.98732,22.541451,0,10
30424,08:54:16,113.988914,22.541567,0,4
30424,08:56:05,113.987816,22.541433,1,14
30424,08:57:00,113.987534,22.541433,1,3
30424,08:57:55,113.991669,22.541384,1,29
30424,08:58:50,113.992203,22.539267,1,18
30424,08:59:45,113.991768,22.5425,1,21
30424,09:00:40,113.995018,22.544817,1,30
30424,09:01:35,114.001335,22.546568,1,43
30424,09:02:30,114.006935,22.5495,1,44
30424,09:03:25,114.009666,22.553932,1,37
30424,09:04:20,114.013519,22.555332,1,30
30424,09:05:15,114.015518,22.5553,1,10
30424,09:06:10,114.021866,22.555468,1,41
30424,09:07:05,114.029716,22.556183,1,53
30424,09:08:00,114.033867,22.551117,1,45
30424,09:08:55,114.03437,22.548401,1,18
30424,09:09:50,114.03437,22.548401,1,0
30424,09:10:47,114.034569,22.547434,1,8
30424,09:13:40,114.034752,22.5464,0,17
30424,09:14:00,114.035019,22.544333,0,38
30424,09:14:56,114.03537,22.543367,0,19
30424,09:15:51,114.038918,22.544268,0,25
30424,09:16:46,114.039452,22.544033,0,1
30424,09:17:09,114.039452,22.544033,1,0
30424,09:18:04,114.043152,22.5446,1,8
30424,09:18:59,114.043335,22.542967,1,11
30424,09:19:54,114.044296,22.540684,1,11
30424,09:20:49,114.046532,22.54175,1,13
30424,09:21:44,114.050934,22.542351,1,29
30424,09:22:39,114.060432,22.542583,1,64
30424,09:23:34,114.067017,22.5424,1,44
30424,09:24:29,114.068047,22.536716,1,42
30424,09:25:24,114.066635,22.5324,1,32
30424,09:26:56,114.063965,22.532,0,2
30424,09:27:51,114.063683,22.533817,0,16
30424,09:28:46,114.06395,22.535067,0,9
30424,09:29:41,114.064148,22.537083,0,8
30424,09:30:36,114.065598,22.537983,0,9
30424,09:31:31,114.067947,22.536766,0,25
30424,09:32:26,114.06797,22.536318,0,0
30424,09:33:21,114.067947,22.536234,0,0
30424,09:34:16,114.067947,22.536234,0,0
30424,09:35:11,114.067947,22.536234,0,0
30424,09:36:06,114.068001,22.534218,0,12
30424,09:37:01,114.068253,22.536182,0,19
30424,09:37:27,114.068214,22.53685,1,5
30424,09:38:22,114.070816,22.542801,1,52
30424,09:39:17,114.074966,22.542833,1,26
30424,09:57:52,114.114914,22.546101,1,2
30424,09:58:48,114.115334,22.546267,1,0
30424,09:59:43,114.115334,22.546267,1,0
30424,10:00:08,114.115334,22.546267,1,0
30424,10:01:03,114.116302,22.546417,1,4
30424,10:01:58,114.116302,22.546417,1,0
30424,10:02:53,114.116898,22.546499,1,2
30424,10:03:48,114.116852,22.547899,1,11
30424,10:04:43,114.117302,22.551382,1,24
30424,10:05:38,114.119553,22.554968,1,27
30424,10:06:33,114.12188,22.557283,1,17
30424,10:07:28,114.123596,22.558132,1,11
30424,10:07:40,114.123596,22.558132,0,0
30424,10:08:35,114.123596,22.558132,0,0
30424,10:09:49,114.126251,22.558233,0,28
30424,10:10:44,114.129135,22.55575,0,25
30424,10:11:14,114.129784,22.555218,1,10
30424,10:12:09,114.129951,22.551916,1,23
30424,10:13:04,114.129166,22.550682,1,8
30424,10:13:59,114.128616,22.549116,1,6
30424,10:14:54,114.126503,22.54805,1,16
30424,10:15:49,114.125786,22.545799,1,19
30424,10:16:44,114.12587,22.544451,1,8
30424,10:17:39,114.124001,22.541183,1,28
30424,10:18:34,114.118446,22.540083,1,46
30424,10:19:29,114.112549,22.538099,1,41
30424,10:20:24,114.105652,22.537201,1,47
30424,10:21:19,114.099701,22.538183,1,41
30424,10:23:09,114.08223,22.537399,1,59
30424,10:24:04,114.0783,22.53425,1,30
30424,10:24:59,114.073936,22.5319,1,38
30424,10:25:13,114.072098,22.531866,1,48
30424,10:26:09,114.063614,22.53175,1,55
30424,10:27:04,114.054184,22.531616,1,62
30424,10:27:59,114.048119,22.531616,1,40
30424,10:28:54,114.04538,22.532267,1,17
30424,10:29:49,114.044449,22.539383,1,54
30424,10:30:44,114.045067,22.5427,1,42
30424,10:31:39,114.03968,22.542368,1,36
30424,10:32:34,114.036217,22.541849,1,21
30424,10:33:29,114.03463,22.547083,1,40
30424,10:34:24,114.03228,22.547117,1,22
30424,10:34:54,114.033165,22.546118,0,22
30424,10:35:49,114.0327,22.546217,0,2
30424,10:36:44,114.032547,22.547483,0,7
30424,10:37:39,114.036751,22.5487,0,27
30424,10:38:34,114.039452,22.549383,0,18
30424,10:39:29,114.043114,22.550301,0,23
30424,10:40:05,114.044052,22.55035,1,9
30424,10:41:00,114.044334,22.541349,1,63
30424,10:41:55,114.044533,22.531733,1,69
30424,10:42:50,114.044281,22.525517,1,45
30424,10:43:45,114.042831,22.522432,1,32
30424,10:44:35,114.043953,22.522066,0,5
30424,10:45:30,114.045685,22.521618,0,10
30424,10:46:25,114.04808,22.521282,0,15
30424,10:47:17,114.04808,22.521282,1,0
30424,10:48:12,114.046219,22.521418,1,13
30424,10:49:07,114.04393,22.522118,1,15
30424,10:50:02,114.043701,22.52405,1,13
30424,10:50:57,114.04377,22.524218,1,1
30424,10:51:52,114.044067,22.525118,1,4
30424,10:52:47,114.044769,22.530117,1,38
30424,10:53:42,114.046181,22.537283,1,58
30424,10:54:37,114.053368,22.5375,1,47
30424,10:54:57,114.053497,22.5385,0,20
30424,10:55:52,114.052536,22.538782,0,15
30424,10:56:47,114.05188,22.537233,0,11
30424,10:57:42,114.045532,22.537268,0,38
30424,10:58:37,114.044403,22.533318,0,45
30424,10:59:32,114.044014,22.531134,0,33
30424,11:00:27,114.051064,22.529949,0,50
30424,11:01:22,114.051582,22.526283,0,26
30424,11:02:17,114.053383,22.5256,0,15
30424,11:03:12,114.053665,22.525333,0,1
30424,11:04:07,114.054085,22.52425,0,7
30424,11:05:02,114.054085,22.52425,0,0
30424,11:07:47,114.054085,22.52425,0,0
30424,11:08:42,114.054085,22.52425,0,0
30424,11:09:37,114.054085,22.52425,0,0
30424,11:10:32,114.054085,22.52425,0,0
30424,11:11:27,114.054085,22.52425,0,0
30424,11:12:22,114.054085,22.52425,0,0
30424,11:13:17,114.054085,22.52425,0,0
30424,11:14:12,114.054085,22.52425,0,0
30424,11:15:07,114.054085,22.52425,0,0
30424,11:16:02,114.054085,22.52425,0,0
30424,11:16:57,114.054085,22.52425,0,0
30424,11:17:52,114.054085,22.52425,0,0
30424,11:18:47,114.054085,22.52425,0,0
30424,11:19:42,114.054085,22.52425,0,0
30424,11:20:37,114.054085,22.52425,0,0
30424,11:21:32,114.054085,22.52425,0,0
30424,11:22:27,114.054085,22.52425,0,0
30424,11:23:22,114.054085,22.52425,0,0
30424,11:24:17,114.054085,22.52425,0,0
30424,11:25:12,114.054085,22.52425,0,0
30424,11:26:07,114.054085,22.52425,0,0
30424,11:27:02,114.054085,22.52425,0,0
30424,11:27:57,114.054085,22.52425,0,0
30424,11:28:52,114.054085,22.52425,0,0
30424,11:29:47,114.054085,22.52425,0,0
30424,11:30:42,114.054085,22.52425,0,0
30424,11:31:37,114.054085,22.52425,0,0
30424,11:32:32,114.054085,22.52425,0,0
30424,11:33:27,114.053734,22.522568,0,8
30424,11:34:22,114.056198,22.520866,0,20
30424,11:35:17,114.05658,22.52355,0,21
30424,11:36:06,114.057732,22.523684,1,5
30424,11:37:01,114.0597,22.523649,1,11
30424,11:37:56,114.0597,22.525717,1,15
30424,11:38:51,114.059097,22.528383,1,16
30424,11:39:46,114.061531,22.531433,1,40
30424,11:40:41,114.067986,22.531668,1,42
30424,11:41:36,114.069748,22.531633,1,7
30424,11:42:31,114.072136,22.531668,1,13
30424,11:43:26,114.074051,22.531651,1,10
30424,11:44:21,114.074402,22.531683,1,0
30424,11:45:16,114.07502,22.531683,1,0
30424,11:46:11,114.07502,22.531683,1,0
30424,11:47:06,114.077469,22.532049,1,1
30424,11:48:01,114.077965,22.5326,1,4
30424,11:48:56,114.078598,22.533733,1,1
30424,11:49:51,114.078598,22.533733,1,0
30424,11:50:46,114.081551,22.537149,1,20
30424,11:51:41,114.090347,22.537933,1,59
30424,11:52:36,114.100052,22.538099,1,64
30424,11:52:37,114.100052,22.538099,1,64
30424,12:03:26,114.113586,22.541901,0,0
30424,12:04:22,114.113747,22.544067,0,12
30424,12:05:17,114.1138,22.545549,0,8
30424,12:06:12,114.118179,22.546749,0,28
30424,12:06:26,114.118179,22.546749,1,0
30424,12:07:21,114.119965,22.545483,1,10
30424,12:08:17,114.119164,22.54405,1,10
30424,12:09:12,114.118797,22.543882,1,0
30424,12:10:07,114.118797,22.543882,1,0
30424,12:11:02,114.117767,22.543449,1,3
30424,12:11:57,114.117081,22.543167,1,4
30424,12:12:52,114.116096,22.542549,1,5
30424,12:12:56,114.116096,22.542549,0,0
30424,12:13:51,114.116096,22.542549,0,0
30424,12:14:46,114.116096,22.542549,0,0
30424,12:15:41,114.11705,22.54315,0,3
30424,12:16:36,114.11705,22.54315,0,0
30424,12:17:31,114.117615,22.543432,0,1
30424,12:19:34,114.119637,22.54225,1,0
30424,12:20:30,114.11898,22.540567,1,11
30424,12:21:24,114.118736,22.540333,1,0
30424,12:22:19,114.114502,22.538851,1,27
30424,12:23:14,114.106064,22.537132,1,56
30424,12:23:15,114.106064,22.537132,1,56
30424,12:34:32,114.007614,22.541767,1,92
30424,12:37:18,113.968216,22.560682,1,102
30424,12:38:13,113.95388,22.563766,1,98
30424,12:39:08,113.939903,22.565268,1,94
30424,12:40:03,113.926216,22.566517,1,92
30424,12:40:58,113.918381,22.5716,1,64
30424,12:41:53,113.918137,22.57435,1,42
30424,12:42:48,113.910599,22.581249,1,71
30424,12:43:43,113.901817,22.5907,1,90
30424,12:44:38,113.891464,22.599367,1,93
30424,12:45:33,113.881699,22.608583,1,94
30424,12:46:28,113.873436,22.618483,1,91
30424,12:47:23,113.860947,22.624184,1,93
30424,12:51:03,113.842117,22.621483,1,65
30424,12:51:58,113.831314,22.61795,1,76
30424,12:52:53,113.821587,22.613382,1,73
30424,12:53:48,113.815018,22.616234,1,62
30424,12:54:43,113.812798,22.6243,1,64
30424,12:55:38,113.809799,22.627701,1,41
30424,12:56:01,113.809517,22.627583,0,4
30424,12:56:56,113.809517,22.627583,0,0
30424,12:57:51,113.806419,22.626051,0,20
30424,12:58:46,113.808403,22.620649,0,45
30424,12:59:41,113.811699,22.6241,0,41
30424,13:00:36,113.81282,22.623068,0,22
30424,13:01:31,113.813118,22.62365,0,2
30424,13:02:26,113.813515,22.624701,0,7
30424,13:03:21,113.813515,22.624701,0,0
30424,13:04:16,113.813515,22.624701,0,0
30424,13:06:06,113.813515,22.624701,0,0
30424,13:07:01,113.813515,22.624701,0,0
30424,13:07:56,113.813515,22.624701,0,0
30424,13:08:51,113.813515,22.624701,0,0
30424,13:09:46,113.813515,22.624701,0,0
30424,13:10:41,113.813515,22.624701,0,0
30424,13:11:36,113.813515,22.624701,0,0
30424,13:12:31,113.813515,22.624701,0,0
30424,13:13:26,113.813515,22.624701,0,0
30424,13:14:21,113.813515,22.624701,0,0
30424,13:15:17,113.813515,22.624718,0,0
30424,13:16:12,113.813515,22.624718,0,0
30424,13:16:31,113.813515,22.624718,0,0
30424,13:17:27,113.813515,22.624718,0,0
30424,13:18:22,113.813515,22.624718,0,0
30424,13:19:17,113.813515,22.624718,0,0
30424,13:20:12,113.813515,22.624718,0,0
30424,13:21:07,113.813515,22.624718,0,0
30424,13:22:02,113.813515,22.624718,0,0
30424,13:22:58,113.813515,22.624718,0,0
30424,13:23:53,113.813515,22.624718,0,0
30424,13:24:48,113.813515,22.624718,0,0
30424,13:25:42,113.813515,22.624718,0,0
30424,13:26:38,113.813515,22.624718,0,0
30424,13:27:33,113.813515,22.624718,0,0
30424,13:28:28,113.813515,22.624718,0,0
30424,13:29:22,113.813515,22.624718,0,0
30424,13:30:18,113.813515,22.624718,0,0
30424,13:31:12,113.813515,22.624718,0,0
30424,13:32:08,113.813515,22.624718,0,0
30424,13:33:03,113.813515,22.624718,0,0
30424,13:33:58,113.813515,22.624718,0,0
30424,13:34:53,113.813515,22.624718,0,0
30424,13:35:48,113.813515,22.624718,0,0
30424,13:36:43,113.813515,22.624718,0,0
30424,13:37:38,113.813515,22.624718,0,0
30424,13:38:33,113.813515,22.624718,0,0
30424,13:39:28,113.813515,22.624718,0,0
30424,13:40:23,113.813515,22.624718,0,0
30424,13:41:18,113.813515,22.624718,0,0
30424,13:43:08,113.813515,22.624718,0,0
30424,13:44:03,113.813515,22.624718,0,0
30424,13:45:53,113.813515,22.624718,0,0
30424,13:46:48,113.813515,22.624718,0,0
30424,13:47:43,113.813515,22.624718,0,0
30424,13:48:38,113.813515,22.624718,0,0
30424,13:50:28,113.813515,22.624718,0,0
30424,13:51:24,113.813515,22.624718,0,0
30424,13:52:19,113.813515,22.624718,0,0
30424,13:53:15,113.813286,22.625351,0,9
30424,13:54:10,113.81237,22.627033,0,13
30424,13:54:26,113.81237,22.627033,0,0
30424,13:55:21,113.812164,22.627417,0,1
30424,13:56:16,113.811729,22.627968,0,4
30424,13:58:06,113.809769,22.6269,0,3
30424,13:59:01,113.809769,22.6269,0,0
30424,13:59:22,113.809769,22.6269,1,0
30424,14:01:12,113.810516,22.616882,1,56
30424,14:02:07,113.816452,22.610033,1,67
30424,14:03:02,113.824318,22.6145,1,64
30424,14:03:57,113.834251,22.619133,1,74
30424,14:04:52,113.844467,22.621967,1,71
30424,14:05:47,113.851402,22.625366,1,52
30424,14:06:42,113.852066,22.625616,1,3
30424,14:07:37,113.854019,22.627199,1,15
30424,14:08:32,113.845718,22.63225,1,66
30424,14:09:27,113.839203,22.639851,1,70
30424,14:10:22,113.833237,22.648701,1,75
30424,14:11:17,113.833336,22.648933,1,1
30424,14:12:12,113.831551,22.65065,1,20
30424,14:13:07,113.82518,22.650217,1,51
30424,14:14:02,113.82682,22.649549,1,40
30424,14:14:57,113.830521,22.649933,1,23
30424,14:15:52,113.83403,22.645832,1,35
30424,14:15:53,113.83403,22.645832,1,35
30424,14:17:42,113.841682,22.636299,1,12
30424,14:18:38,113.844368,22.633034,1,31
30424,14:19:33,113.853615,22.63205,1,68
30424,14:20:29,113.858719,22.635767,1,31
30424,14:21:24,113.861168,22.643417,1,58
30424,14:21:47,113.862,22.647182,1,66
30424,14:22:43,113.870796,22.655933,1,89
30424,14:23:38,113.883385,22.6579,1,85
30424,14:24:33,113.895119,22.657333,1,81
30424,14:25:28,113.904884,22.649082,1,90
30424,14:26:23,113.907951,22.636417,1,93
30424,14:27:18,113.915314,22.62495,1,97
30424,14:28:13,113.924065,22.614517,1,95
30424,14:30:03,113.926582,22.602533,1,23
30424,14:30:58,113.926483,22.598284,1,27
30424,14:31:53,113.925018,22.587999,1,75
30424,14:32:48,113.925232,22.577017,1,79
30424,14:33:43,113.931129,22.567883,1,77
30424,14:34:38,113.941566,22.565533,1,77
30424,14:35:33,113.9534,22.564266,1,80
30424,14:36:28,113.963768,22.564117,1,71
30424,14:37:23,113.966599,22.573299,1,73
30424,14:38:18,113.968567,22.583549,1,76
30424,14:39:13,113.979347,22.586149,1,77
30424,14:40:08,113.982201,22.585899,1,16
30424,14:41:03,113.982849,22.585966,1,1
30424,14:41:58,113.982849,22.585966,1,0
30424,14:42:53,113.983704,22.586082,1,0
30424,14:43:48,113.984283,22.586184,1,0
30424,14:44:43,113.984283,22.586184,1,0
30424,14:45:38,113.986015,22.586468,1,0
30424,14:46:33,113.98632,22.5865,1,0
30424,14:47:28,113.987465,22.586617,1,0
30424,14:48:23,113.989929,22.586967,1,10
30424,14:49:18,113.991882,22.587517,1,10
30424,14:50:13,113.993416,22.588133,1,9
30424,14:51:08,113.995117,22.588833,1,10
30424,14:52:03,113.997185,22.589649,1,13
30424,14:52:58,113.999565,22.5905,1,17
30424,14:53:53,114.002602,22.5909,1,20
30424,14:54:48,114.007401,22.589783,1,33
30424,14:58:28,114.012383,22.567432,1,47
30424,14:59:23,114.015068,22.558483,1,67
30424,15:00:18,114.018852,22.550449,1,64
30424,15:01:13,114.022232,22.544468,1,50
30424,15:02:08,114.023247,22.5396,1,36
30424,15:03:03,114.024384,22.534983,1,34
30424,15:03:58,114.028198,22.530382,1,48
30424,15:04:53,114.037048,22.530518,1,59
30424,15:05:48,114.047882,22.531418,1,73
30424,15:06:43,114.05835,22.531601,1,70
30424,15:08:33,114.074486,22.531683,1,38
30424,15:09:28,114.076683,22.531733,1,13
30424,15:10:23,114.077881,22.532417,1,5
30424,15:11:18,114.079384,22.535151,1,17
30424,15:12:13,114.083771,22.537201,1,34
30424,15:13:08,114.091919,22.537933,1,54
30424,15:14:58,114.100365,22.537817,1,4
30424,15:15:54,114.101265,22.5378,1,2
30424,15:16:49,114.10215,22.537968,1,0
30424,15:17:45,114.106621,22.536867,1,34
30424,15:18:40,114.111084,22.536016,1,38
30424,15:19:01,114.111084,22.535917,1,2
30424,15:19:57,114.112167,22.531549,1,31
30424,15:22:18,114.114197,22.536167,0,31
30424,15:23:13,114.11393,22.537033,0,6
30424,15:23:46,114.11393,22.537033,1,0
30424,15:24:41,114.113914,22.537968,1,1
30424,15:25:36,114.118866,22.539949,1,29
30424,15:26:31,114.11937,22.5396,1,3
30424,15:27:26,114.1241,22.54105,1,35
30424,15:29:16,114.1297,22.545633,1,10
30424,15:30:11,114.129486,22.547268,1,6
30424,15:31:06,114.13308,22.54895,1,31
30424,15:32:01,114.13382,22.549467,1,25
30424,15:32:56,114.135017,22.5506,1,11
30424,15:33:51,114.135849,22.552834,1,18
30424,15:34:17,114.135902,22.553749,0,10
30424,15:35:12,114.135902,22.553749,0,0
30424,15:35:13,114.135902,22.553749,1,0
30424,15:36:08,114.135818,22.550783,1,20
30424,15:37:03,114.133751,22.5501,1,14
30424,15:37:58,114.131317,22.5506,1,14
30424,15:38:53,114.129547,22.550867,1,9
30424,15:40:43,114.13015,22.55485,1,11
30424,15:41:38,114.126434,22.5581,1,32
30424,15:42:34,114.125481,22.558933,1,4
30424,15:43:29,114.125481,22.558933,1,0
30424,15:44:24,114.125481,22.558933,1,0
30424,15:45:15,114.124184,22.5588,0,7
30424,15:46:00,114.124153,22.558783,1,0
30424,15:46:55,114.123131,22.557949,1,6
30424,15:47:50,114.124649,22.5588,1,8
30424,15:48:45,114.124649,22.5588,1,0
30424,15:49:40,114.127083,22.560249,1,17
30424,15:50:35,114.131767,22.562033,1,31
30424,15:51:30,114.135086,22.5651,1,33
30424,15:52:25,114.137436,22.563017,1,19
30424,15:53:15,114.138535,22.563801,0,8
30424,15:54:07,114.138313,22.563601,1,2
30424,15:55:02,114.136169,22.560383,1,22
30424,15:55:57,114.134216,22.559668,1,18
30424,15:56:52,114.13208,22.561884,1,21
30424,15:57:47,114.127617,22.560717,1,30
30424,15:58:42,114.126099,22.559799,1,11
30424,15:59:37,114.126099,22.559799,1,0
30424,16:00:32,114.123566,22.55835,1,17
30424,16:01:27,114.120018,22.559532,1,33
30424,16:02:22,114.112,22.558733,1,53
30424,16:03:17,114.104584,22.558767,1,49
30424,16:03:18,114.104584,22.558767,1,49
30424,16:03:19,114.104584,22.558767,1,49
30424,16:03:20,114.104584,22.558767,1,49
30424,16:04:30,114.101646,22.560984,0,37
30424,16:06:10,114.102486,22.561518,1,1
30424,16:07:05,114.103416,22.5616,1,4
30424,16:08:00,114.1035,22.5616,1,0
30424,16:08:55,114.104019,22.561867,1,2
30424,16:09:50,114.103752,22.564367,1,16
30424,16:10:45,114.103867,22.569418,1,36
30424,16:11:40,114.102867,22.571533,1,16
30424,16:12:36,114.106636,22.574499,1,33
30424,16:13:31,114.115082,22.57655,1,60
30424,16:14:26,114.124969,22.576918,1,66
30424,16:15:21,114.131485,22.5774,1,43
30424,16:16:16,114.1343,22.576401,1,20
30424,16:17:11,114.135315,22.576,1,5
30424,16:18:06,114.13662,22.575666,1,5
30424,16:19:01,114.13662,22.575666,1,0
30424,16:19:56,114.135696,22.576433,1,18
30424,16:20:52,114.136353,22.579733,1,21
30424,16:21:42,114.137154,22.580334,1,7
30424,16:22:06,114.137352,22.580467,0,1
30424,16:22:42,114.137352,22.580467,1,0
30424,16:23:37,114.137466,22.580584,1,1
30424,16:24:32,114.135948,22.578684,1,16
30424,16:25:27,114.134331,22.57695,1,17
30424,16:26:22,114.129265,22.57795,1,34
30424,16:28:12,114.119781,22.576851,1,27
30424,16:29:07,114.115417,22.579483,1,37
30424,16:30:02,114.114502,22.58235,1,21
30424,16:30:57,114.113014,22.584667,1,19
30424,16:31:52,114.111931,22.586533,1,13
30424,16:32:47,114.109482,22.59285,1,49
30424,16:33:42,114.113136,22.599701,1,55
30424,16:34:37,114.118599,22.605967,1,58
30424,16:35:32,114.12648,22.610434,1,62
30424,16:36:27,114.1325,22.615784,1,55
30424,16:37:22,114.133698,22.616783,1,10
30424,16:38:17,114.132866,22.616432,1,11
30424,16:38:46,114.13118,22.614634,0,29
30424,16:39:31,114.130516,22.613899,1,6
30424,16:40:26,114.12603,22.610434,1,39
30424,16:41:21,114.120468,22.607166,1,43
30424,16:42:16,114.115036,22.602068,1,52
30424,16:43:11,114.11058,22.595284,1,57
30424,16:44:06,114.110649,22.587799,1,57
30424,16:45:01,114.113983,22.583,1,41
30424,16:45:56,114.114853,22.580151,1,21
30424,16:46:51,114.117401,22.5753,1,39
30424,16:47:46,114.11763,22.569317,1,43
30424,16:48:41,114.11853,22.563534,1,41
30424,16:49:36,114.121666,22.557249,1,51
30424,16:50:31,114.125816,22.5522,1,46
30424,16:51:26,114.125816,22.5501,1,14
30424,16:52:21,114.125816,22.5501,1,0
30424,16:53:16,114.126617,22.549717,1,6
30424,16:53:51,114.127968,22.5501,0,10
30424,16:54:46,114.128052,22.550117,0,0
30424,16:55:41,114.126221,22.549767,0,11
30424,16:56:02,114.12603,22.550167,1,8
30424,16:56:57,114.125969,22.552168,1,10
30424,16:57:52,114.127815,22.555683,1,28
30424,16:58:47,114.131386,22.561251,1,46
30424,16:59:42,114.134232,22.56465,1,29
30424,17:00:21,114.135864,22.566833,0,28
30424,17:01:16,114.13533,22.566133,0,4
30424,17:02:11,114.13192,22.5623,0,35
30424,17:03:06,114.12677,22.560049,0,37
30424,17:04:01,114.125664,22.559532,0,6
30424,17:04:56,114.124832,22.559134,0,3
30424,17:05:51,114.123032,22.558167,0,12
30424,17:07:41,114.122971,22.558132,0,0
30424,17:08:36,114.122932,22.558117,0,0
30424,17:08:51,114.122932,22.558117,1,0
30424,17:09:46,114.119881,22.555782,1,20
30424,17:09:50,114.119583,22.555267,1,58
30424,17:10:46,114.119003,22.554199,1,7
30424,17:11:41,114.1175,22.551483,1,18
30424,17:12:36,114.116615,22.549368,1,15
30424,17:13:31,114.116997,22.548117,1,8
30424,17:14:26,114.116447,22.547283,1,1
30424,17:14:48,114.11512,22.546984,0,19
30424,17:15:23,114.11512,22.546984,1,0
30424,17:17:13,114.110283,22.547083,1,19
30424,17:18:08,114.11042,22.548918,1,11
30424,17:19:03,114.109886,22.554951,1,43
30424,17:19:58,114.113533,22.558634,1,39
30424,17:21:48,114.120201,22.55835,1,10
30424,17:22:43,114.124649,22.554117,1,42
30424,17:23:38,114.125565,22.553183,1,8
30424,17:24:33,114.125816,22.549732,1,22
30424,17:25:28,114.125816,22.549732,1,0
30424,17:26:23,114.126617,22.549749,1,5
30424,17:26:39,114.126884,22.54985,0,5
30424,17:27:34,114.126884,22.54985,0,0
30424,17:28:29,114.128517,22.550417,0,3
30424,17:29:16,114.128937,22.5506,1,0
30424,17:30:11,114.127434,22.550301,1,6
30424,17:31:06,114.125984,22.550568,1,9
30424,17:32:01,114.125214,22.553568,1,20
30424,17:32:56,114.120331,22.559616,1,53
30424,17:33:51,114.118629,22.563417,1,29
30424,17:34:46,114.117996,22.567499,1,29
30424,17:35:41,114.117821,22.573151,1,40
30424,17:36:36,114.116714,22.576767,1,27
30424,17:37:31,114.114868,22.580584,1,29
30424,17:38:26,114.113014,22.584717,1,32
30424,17:39:21,114.110031,22.589268,1,38
30424,17:40:16,114.110535,22.5949,1,42
30424,17:41:11,114.113152,22.5994,1,36
30424,17:42:06,114.11512,22.601717,1,20
30424,17:43:01,114.11528,22.6019,1,0
30424,17:43:20,114.115532,22.601999,0,5
30424,17:44:15,114.116364,22.601233,0,2
30424,17:45:10,114.117416,22.600117,0,7
30424,17:46:05,114.118896,22.598232,0,15
30424,17:47:00,114.119202,22.597883,0,3
30424,17:47:55,114.119682,22.595383,0,16
30424,17:49:45,114.120667,22.591333,0,4
30424,17:51:35,114.127632,22.586683,0,27
30424,17:52:30,114.128166,22.587601,0,9
30424,17:53:25,114.13047,22.586634,0,13
30424,17:54:20,114.132767,22.586599,0,11
30424,17:55:15,114.136581,22.585567,0,25
30424,17:56:10,114.140236,22.58745,0,31
30424,17:57:05,114.145035,22.585117,0,36
30424,17:58:00,114.148384,22.588568,0,32
30424,17:58:55,114.15062,22.592716,0,37
30424,17:59:50,114.154282,22.596832,0,42
30424,18:00:45,114.159035,22.600433,0,43
30424,18:01:40,114.16082,22.60425,0,30
30424,18:02:35,114.16082,22.60425,0,0
30424,18:03:30,114.162148,22.605433,0,7
30424,18:04:25,114.163254,22.605583,0,4
30424,18:05:20,114.166283,22.605499,0,17
30424,18:06:15,114.166229,22.60605,0,2
30424,18:07:10,114.166229,22.60605,0,0
30424,18:08:05,114.166229,22.60605,0,0
30424,18:09:00,114.166229,22.60605,0,0
30424,18:09:55,114.166229,22.60605,0,0
30424,18:10:50,114.166229,22.60605,0,0
30424,18:11:45,114.166229,22.60605,0,0
30424,18:12:40,114.166229,22.60605,0,0
30424,18:13:35,114.166229,22.60605,0,0
30424,18:14:30,114.166229,22.60605,0,0
30424,18:20:55,114.164619,22.605516,0,0
30424,18:21:50,114.164619,22.605516,0,0
30424,18:22:45,114.164619,22.605516,0,0
30424,18:23:40,114.164619,22.605516,0,0
30424,18:24:35,114.164619,22.605516,0,0
30424,18:25:30,114.164619,22.605516,0,0
30424,18:26:25,114.163666,22.60535,0,0
30424,18:27:20,114.163666,22.60535,0,0
30424,18:28:15,114.163666,22.60535,0,0
30424,18:29:10,114.163231,22.605618,0,0
30424,18:30:05,114.163231,22.605618,0,0
30424,18:31:00,114.163231,22.605618,0,0
30424,18:31:55,114.162331,22.605618,0,2
30424,18:32:50,114.161652,22.605118,0,1
30424,18:33:45,114.160583,22.602867,0,17
30424,18:34:40,114.156769,22.597767,0,45
30424,18:35:35,114.151817,22.593901,0,48
30424,18:36:30,114.149269,22.588934,0,43
30424,18:37:25,114.144165,22.584467,0,49
30424,18:38:20,114.141029,22.580618,0,39
30424,18:39:16,114.13945,22.576683,0,30
30424,18:40:11,114.13945,22.576683,0,0
30424,18:41:06,114.139336,22.576283,0,0
30424,18:42:01,114.13768,22.57185,0,33
30424,18:42:55,114.13768,22.570351,1,8
30424,18:43:50,114.137764,22.56905,1,5
30424,18:44:45,114.136932,22.567949,1,5
30424,18:45:40,114.136932,22.567949,1,0
30424,18:46:35,114.137253,22.566084,1,13
30424,18:47:30,114.138283,22.564716,1,11
30424,18:48:25,114.139748,22.563267,1,11
30424,18:49:20,114.139633,22.556383,1,51
30424,18:50:15,114.135864,22.549183,1,58
30424,18:51:10,114.128334,22.543568,1,66
30424,18:52:05,114.121498,22.539534,1,54
30424,18:53:00,114.11837,22.53755,1,21
30424,18:53:55,114.117401,22.536667,1,7
30424,18:55:54,114.114037,22.534533,1,5
30424,18:56:49,114.114449,22.534616,1,9
30424,18:57:44,114.114265,22.535633,1,7
30424,18:58:39,114.112167,22.537201,1,18
30424,18:59:34,114.111717,22.539917,1,16
30424,19:00:29,114.110802,22.5448,1,35
30424,19:01:24,114.110435,22.5473,1,17
30424,19:02:19,114.110481,22.547934,1,2
30424,19:03:14,114.109818,22.553699,1,40
30424,19:04:09,114.111847,22.558567,1,38
30424,19:05:04,114.112465,22.565832,1,53
30424,19:05:59,114.113113,22.570049,1,28
30424,19:06:54,114.114281,22.576183,1,45
30424,19:07:49,114.111603,22.57675,1,31
30424,19:08:37,114.10923,22.576483,0,15
30424,19:09:32,114.10923,22.576483,0,0
30424,19:10:27,114.106316,22.57575,0,25
30424,19:11:22,114.107468,22.573383,0,18
30424,19:12:17,114.107468,22.573383,0,0
30424,19:13:12,114.107903,22.571882,0,5
30424,19:14:06,114.107903,22.571667,1,0
30424,19:15:01,114.107765,22.570601,1,3
30424,19:15:56,114.107765,22.568451,1,15
30424,19:16:51,114.10733,22.566633,1,9
30424,19:17:46,114.106865,22.562634,1,29
30424,19:18:41,114.107368,22.5583,1,29
30424,19:19:36,114.11097,22.558634,1,41
30424,19:20:31,114.109779,22.555117,1,31
30424,19:21:26,114.110283,22.54915,1,41
30424,19:22:21,114.109818,22.546818,1,15
30424,19:23:16,114.110283,22.542116,1,33
30424,19:24:11,114.110283,22.542116,1,0
30424,19:25:06,114.110382,22.541218,1,5
30424,19:26:01,114.110764,22.538099,1,21
30424,19:26:56,114.110985,22.5366,1,9
30424,19:27:51,114.111435,22.533817,1,17
30424,19:30:30,114.11422,22.535816,0,28
30424,19:31:25,114.112335,22.536633,0,12
30424,19:32:20,114.111969,22.538418,0,7
30424,19:34:10,114.113503,22.533567,0,17
30424,19:34:52,114.114166,22.533518,1,11
30424,19:35:47,114.116219,22.535601,1,18
30424,19:36:42,114.118584,22.537367,1,18
30424,19:37:37,114.120087,22.538349,1,11
30424,19:38:32,114.121864,22.5396,1,9
30424,19:39:27,114.123833,22.540934,1,16
30424,19:40:22,114.125618,22.542101,1,10
30424,19:41:17,114.131767,22.5453,1,47
30424,19:42:12,114.136932,22.550699,1,53
30424,19:43:07,114.140465,22.559532,1,68
30424,19:44:02,114.137199,22.567932,1,68
30424,19:44:57,114.136101,22.576151,1,68
30424,19:45:52,114.128464,22.577618,1,52
30424,19:46:47,114.121101,22.577017,1,49
30424,19:47:42,114.11602,22.578484,1,38
30424,19:48:37,114.115021,22.580334,1,13
30424,19:49:32,114.114235,22.583099,1,20
30424,19:50:27,114.112152,22.586184,1,25
30424,19:51:22,114.109398,22.590918,1,39
30424,19:52:17,114.111618,22.597017,1,46
30424,19:53:12,114.116035,22.603201,1,53
30424,19:54:07,114.121468,22.607483,1,48
30424,19:55:02,114.129219,22.612217,1,62
30424,19:55:57,114.133369,22.616783,1,40
30424,19:56:52,114.133369,22.616783,1,0
30424,19:57:47,114.135582,22.61945,1,22
30424,19:58:42,114.137833,22.621532,1,19
30424,19:59:37,114.140152,22.622183,1,16
30424,20:00:32,114.141235,22.620867,1,4
30424,20:01:27,114.14138,22.620184,1,1
30424,20:01:30,114.14138,22.620167,0,2
30424,20:02:25,114.141335,22.620399,0,1
30424,20:03:20,114.141449,22.620716,0,0
30424,20:04:15,114.141151,22.620701,0,0
30424,20:05:10,114.140366,22.621717,0,3
30424,20:06:05,114.142151,22.622284,0,11
30424,20:06:24,114.142151,22.622284,1,0
30424,20:07:19,114.148651,22.623133,1,38
30424,20:08:14,114.154884,22.6241,1,49
30424,20:09:09,114.151817,22.630917,1,58
30424,20:09:22,114.151817,22.631433,0,15
30424,20:10:17,114.151817,22.631433,0,0
30424,20:11:12,114.151817,22.631433,0,0
30424,20:12:07,114.151718,22.632351,0,3
30424,20:12:08,114.151718,22.632351,1,0
30424,20:13:03,114.151299,22.635151,1,19
30424,20:13:58,114.147949,22.634968,1,43
30424,20:14:53,114.145584,22.628651,1,55
30424,20:15:48,114.139732,22.627567,1,43
30424,20:16:43,114.136917,22.62595,1,20
30424,20:17:39,114.131432,22.621483,1,31
30424,20:18:34,114.128197,22.617767,1,34
30424,20:19:01,114.1269,22.616318,1,27
30424,20:19:56,114.123268,22.613684,1,30
30424,20:20:51,114.122902,22.613434,1,1
30424,20:21:47,114.120682,22.611851,1,18
30424,20:22:41,114.118896,22.610533,1,14
30424,20:23:36,114.111732,22.60955,1,48
30424,20:24:32,114.110718,22.609568,1,6
30424,20:27:17,114.112198,22.607733,1,3
30424,20:27:40,114.112198,22.607733,0,0
30424,20:28:36,114.112999,22.608032,0,3
30424,20:29:31,114.112617,22.608618,0,10
30424,20:30:04,114.112617,22.608618,0,0
30424,20:30:59,114.112633,22.607918,0,3
30424,20:31:00,114.112633,22.607918,1,0
30424,20:31:55,114.111885,22.607733,1,3
30424,20:32:50,114.112396,22.609568,1,24
30424,20:33:45,114.118782,22.610468,1,43
30424,20:34:40,114.119385,22.610849,1,3
30424,20:35:36,114.119385,22.610849,1,0
30424,20:36:30,114.121849,22.6126,1,17
30424,20:37:25,114.126564,22.6127,1,37
30424,20:38:21,114.131767,22.614901,1,50
30424,20:39:16,114.132751,22.615967,1,8
30424,20:40:11,114.133385,22.61665,1,4
30424,20:41:06,114.133385,22.61665,1,0
30424,20:42:01,114.136749,22.620733,1,35
30424,20:42:56,114.139198,22.622133,1,18
30424,20:43:51,114.149696,22.623333,1,70
30424,20:44:46,114.157486,22.629667,1,72
30424,20:45:41,114.165916,22.635067,1,69
30424,20:46:36,114.172813,22.636566,1,48
30424,20:47:31,114.181381,22.639084,1,60
30424,20:48:26,114.185051,22.640966,1,28
30424,20:49:21,114.190765,22.643766,1,43
30424,20:50:16,114.192902,22.644234,1,10
30424,20:51:11,114.193817,22.644432,1,5
30424,20:52:06,114.194649,22.64465,1,4
30424,20:53:01,114.201653,22.649067,1,56
30424,20:53:56,114.20298,22.650034,1,11
30424,20:54:51,114.20385,22.6509,1,6
30424,20:55:46,114.20488,22.651867,1,9
30424,20:56:41,114.201981,22.64975,1,25
30424,20:57:36,114.201599,22.64945,1,2
30424,20:58:31,114.195847,22.64535,1,48
30424,20:59:26,114.193764,22.646067,1,19
30424,21:00:21,114.193169,22.648518,1,14
30424,21:01:16,114.190735,22.649651,1,24
30424,21:02:11,114.188004,22.6493,1,23
30424,21:02:53,114.187035,22.650583,0,12
30424,21:03:48,114.187035,22.650583,0,0
30424,21:04:43,114.188271,22.648849,0,14
30424,21:06:33,114.193169,22.650682,0,21
30424,21:07:28,114.19397,22.653467,0,20
30424,21:08:23,114.194664,22.654882,0,11
30424,21:09:18,114.194664,22.654882,0,0
30424,21:11:08,114.195297,22.655916,0,0
30424,21:12:03,114.198967,22.653467,0,28
30424,21:12:58,114.200996,22.650499,0,25
30424,21:13:53,114.201469,22.649567,0,3
30424,21:14:48,114.201416,22.649332,0,0
30424,21:15:43,114.201416,22.649332,0,0
30424,21:16:38,114.201416,22.649332,0,0
30424,21:17:33,114.201416,22.649332,0,0
30424,21:18:28,114.201416,22.649332,0,0
30424,21:19:23,114.201416,22.649332,0,0
30424,21:20:18,114.201416,22.649332,0,0
30424,21:21:13,114.201416,22.649332,0,0
30424,21:22:08,114.201416,22.649332,0,0
30424,21:23:37,114.201416,22.649332,1,0
30424,21:24:32,114.196198,22.6455,1,42
30424,21:25:27,114.190582,22.644016,1,39
30424,21:26:22,114.184547,22.641001,1,41
30424,21:27:08,114.183296,22.64035,1,11
30424,21:28:59,114.176949,22.637484,1,39
30424,21:29:54,114.1707,22.636499,1,40
30424,21:30:49,114.1605,22.632784,1,73
30424,21:31:44,114.154381,22.626083,1,63
30424,21:32:39,114.155869,22.620268,1,59
30424,21:33:34,114.155235,22.610018,1,76
30424,21:34:29,114.150085,22.602016,1,72
30424,21:35:24,114.145485,22.593082,1,68
30424,21:37:14,114.139603,22.576883,1,43
30424,21:38:09,114.138847,22.575018,1,12
30424,21:39:04,114.13765,22.570351,1,34
30424,21:39:59,114.137749,22.568983,1,6
30424,21:41:49,114.138885,22.563868,1,19
30424,21:42:44,114.139732,22.55685,1,54
30424,21:43:39,114.13578,22.549084,1,62
30424,21:44:34,114.128952,22.543818,1,60
30424,21:46:24,114.113281,22.538233,1,53
30424,21:47:20,114.104317,22.537933,1,47
30424,21:48:15,114.099068,22.538233,1,35
30424,21:49:11,114.089035,22.53775,1,49
30424,21:50:06,114.081917,22.537767,1,48
30424,21:50:22,114.081779,22.538668,1,20
30424,21:51:18,114.081367,22.536949,1,23
30424,21:52:06,114.082031,22.534883,0,18
30424,21:53:01,114.0821,22.534184,0,0
30424,21:53:56,114.082016,22.535168,0,8
30424,21:54:51,114.081482,22.539883,0,34
30424,21:55:46,114.081482,22.540001,0,0
30424,21:56:41,114.08168,22.540684,0,1
30424,21:57:36,114.084251,22.540751,0,10
30424,21:57:55,114.084251,22.540751,1,0
30424,21:58:50,114.086601,22.540768,1,10
30424,21:59:45,114.088516,22.541349,1,10
30424,22:00:40,114.091553,22.53915,1,31
30424,22:01:35,114.096382,22.538,1,39
30424,22:02:30,114.098717,22.53805,1,14
30424,22:03:25,114.100449,22.538082,1,9
30424,22:04:20,114.101799,22.538116,1,6
30424,22:05:15,114.102669,22.538134,1,0
30424,22:06:10,114.102669,22.538134,1,0
30424,22:07:05,114.104485,22.537767,1,3
30424,22:08:00,114.105164,22.537451,1,1
30424,22:08:01,114.105164,22.537451,1,1
30424,22:09:50,114.116768,22.53915,1,48
30424,22:10:45,114.118568,22.537582,1,17
30424,22:11:40,114.120102,22.538401,1,9
30424,22:12:35,114.123802,22.540882,1,28
30424,22:13:32,114.127853,22.543234,1,25
30424,22:14:27,114.133766,22.546333,1,45
30424,22:15:22,114.137566,22.551416,1,44
30424,22:16:17,114.140167,22.55485,1,30
30424,22:18:08,114.15657,22.560266,1,63
30424,22:19:03,114.166153,22.562733,1,68
30424,22:19:15,114.168381,22.562767,1,68
30424,22:20:11,114.177635,22.560034,1,66
30424,22:21:06,114.184685,22.556133,1,56
30424,22:24:46,114.218002,22.557133,1,44
30424,22:25:41,114.224052,22.556801,1,39
30424,22:26:36,114.229767,22.55555,1,40
30424,22:27:23,114.23027,22.554434,0,8
30424,22:28:18,114.230553,22.554367,0,0
30424,22:29:13,114.22937,22.555883,0,9
30424,22:30:08,114.227448,22.554867,0,15
30424,22:31:03,114.225868,22.553568,0,11
30424,22:31:58,114.225197,22.552816,0,4
30424,22:32:41,114.225197,22.552816,1,0
30424,22:33:36,114.22448,22.552116,1,5
30424,22:34:31,114.22702,22.554399,1,23
30424,22:35:26,114.228996,22.555983,1,17
30424,22:36:21,114.232697,22.55825,1,27
30424,22:37:16,114.233719,22.558867,1,7
30424,22:38:11,114.233719,22.558867,1,0
30424,22:39:06,114.233719,22.558867,1,0
30424,22:39:56,114.233437,22.560217,0,11
30424,22:40:51,114.233398,22.560232,0,0
30424,22:41:46,114.233398,22.560232,0,0
30424,22:42:41,114.233398,22.560232,0,0
30424,22:43:36,114.233398,22.560232,0,0
30424,22:44:31,114.233398,22.560232,0,0
30424,22:45:26,114.232933,22.560699,0,1
30424,22:46:21,114.233734,22.559868,0,16
30424,22:47:16,114.229164,22.556467,0,45
30424,22:48:11,114.219452,22.557234,0,65
30424,22:50:56,114.192169,22.556517,0,65
30424,22:51:51,114.182152,22.55685,0,67
30424,22:52:46,114.177147,22.5606,0,40
30424,22:53:41,114.169914,22.562918,0,53
30424,22:54:36,114.159882,22.562233,0,67
30424,22:55:31,114.150887,22.556383,0,74
30424,22:56:26,114.140701,22.556417,0,70
30424,22:57:21,114.138199,22.552767,0,51
30424,22:58:16,114.13253,22.545918,0,63
30424,22:59:11,114.127518,22.543867,0,38
30424,23:00:06,114.126602,22.5438,0,4
30424,23:00:49,114.125847,22.54435,1,10
30424,23:01:44,114.122017,22.5399,1,44
30424,23:02:39,114.117935,22.540001,1,35
30424,23:03:34,114.110046,22.537767,1,54
30424,23:04:29,114.101768,22.538233,1,57
30424,23:05:24,114.092232,22.5382,1,63
30424,23:07:15,114.077164,22.532417,1,44
30424,23:08:05,114.069466,22.531866,1,57
30424,23:09:01,114.061981,22.53215,1,49
30424,23:09:56,114.063103,22.527033,1,48
30424,23:10:51,114.063118,22.526199,1,5
30424,23:11:46,114.06118,22.521282,1,37
30424,23:12:41,114.06118,22.521282,1,0
30424,23:13:36,114.062347,22.518551,1,24
30424,23:14:31,114.057465,22.515034,1,41
30424,23:15:26,114.054466,22.513683,1,20
30424,23:15:38,114.05365,22.513384,0,27
30424,23:16:33,114.052719,22.513083,0,5
30424,23:17:28,114.056465,22.514549,0,26
30424,23:18:23,114.062164,22.518299,0,47
30424,23:19:18,114.063583,22.517384,0,28
30424,23:19:58,114.063118,22.517799,1,8
30424,23:20:54,114.061897,22.520451,1,24
30424,23:21:49,114.063286,22.52545,1,40
30424,23:22:44,114.063248,22.530451,1,34
30424,23:23:39,114.068268,22.531532,1,39
30424,23:24:34,114.075417,22.531767,1,48
30424,23:25:29,114.079552,22.535784,1,44
30424,23:26:24,114.088387,22.5375,1,62
30424,23:27:19,114.09848,22.538017,1,67
30424,23:28:14,114.099686,22.539551,1,44
30424,23:29:09,114.099686,22.540882,1,9
30424,23:30:04,114.099648,22.541733,1,4
30424,23:30:59,114.099648,22.541733,1,0
30424,23:32:49,114.099648,22.541733,1,0
30424,23:33:44,114.099533,22.543083,1,3
30424,23:34:39,114.099533,22.543083,1,0
30424,23:35:34,114.099602,22.545383,1,15
30424,23:36:29,114.099586,22.546867,1,10
30424,23:37:24,114.099564,22.55105,1,28
30424,23:39:14,114.099518,22.554832,1,0
30424,23:40:07,114.101402,22.555683,0,16
30424,23:41:02,114.101402,22.555683,0,0
30424,23:41:21,114.101631,22.556084,0,0
30424,23:42:17,114.104118,22.55415,0,25
30424,23:43:20,114.103218,22.5527,1,10
30424,23:44:15,114.0998,22.551884,1,21
30424,23:45:11,114.099548,22.548283,1,36
30424,23:46:06,114.099503,22.546984,1,7
30424,23:46:11,114.099434,22.54635,1,45
30424,23:47:07,114.099518,22.543818,1,16
30424,23:48:02,114.099503,22.543234,1,3
30424,23:48:57,114.099548,22.5415,1,12
30424,23:50:47,114.089783,22.537916,1,61
30424,23:51:42,114.080902,22.537018,1,19
30424,23:52:37,114.076599,22.531967,1,42
30424,23:53:20,114.069717,22.531834,1,58
