27528,00:01:17,114.043098,22.6007,0,0
27528,00:02:12,114.04335,22.60055,0,0
27528,00:03:07,114.044029,22.599899,0,4
27528,00:04:02,114.043953,22.603117,0,42
27528,00:04:57,114.051414,22.605167,0,52
27528,00:05:52,114.054047,22.607933,0,27
27528,00:06:47,114.055397,22.61305,0,36
27528,00:07:42,114.055817,22.621017,0,57
27528,00:08:37,114.055763,22.624866,0,27
27528,00:09:32,114.055763,22.624866,0,0
27528,00:10:27,114.055702,22.627117,0,14
27528,00:11:22,114.055603,22.629217,0,12
27528,00:12:17,114.055466,22.629316,0,0
27528,00:13:12,114.055466,22.628651,0,4
27528,00:14:07,114.055466,22.628651,0,0
27528,00:15:02,114.055466,22.628651,0,0
27528,00:15:57,114.055466,22.628651,0,0
27528,00:16:52,114.055466,22.628651,0,0
27528,00:17:55,114.055466,22.628651,0,0
27528,00:18:28,114.055466,22.628651,0,0
27528,00:19:23,114.055466,22.628651,0,0
27528,00:20:18,114.055466,22.628651,0,0
27528,00:21:13,114.055466,22.628651,0,0
27528,00:22:08,114.055466,22.628651,0,0
27528,00:23:03,114.055649,22.625334,0,22
27528,00:23:58,114.055649,22.625334,0,0
27528,00:24:53,114.055664,22.627783,0,15
27528,00:25:48,114.055679,22.629551,0,10
27528,00:26:43,114.055519,22.636417,0,47
27528,00:27:38,114.055435,22.636351,0,8
27528,00:28:33,114.055763,22.636049,0,2
27528,00:29:28,114.058502,22.637817,0,22
27528,00:34:17,114.075783,22.629101,0,2
27528,00:34:52,114.075783,22.629101,0,0
27528,00:36:42,114.083679,22.627832,0,13
27528,00:37:37,114.092964,22.632084,0,70
27528,00:38:32,114.100052,22.628166,0,57
27528,00:39:27,114.101097,22.626717,0,11
27528,00:40:22,114.104149,22.622499,0,34
27528,00:41:17,114.104317,22.622232,0,0
27528,00:42:12,114.105598,22.61725,0,34
27528,00:43:07,114.107018,22.61305,0,30
27528,00:44:02,114.107918,22.611233,0,15
27528,00:44:57,114.110565,22.608999,0,22
27528,00:45:52,114.11293,22.605083,0,32
27528,00:46:47,114.113251,22.603117,0,13
27528,00:47:42,114.11245,22.601534,0,12
27528,00:48:37,114.11248,22.601,0,1
27528,00:49:32,114.114067,22.59985,0,13
27528,00:50:27,114.116203,22.603251,0,41
27528,00:51:22,114.117302,22.604717,0,13
27528,00:52:17,114.117081,22.604816,0,0
27528,00:53:12,114.117081,22.604816,0,0
27528,00:54:07,114.116348,22.603867,0,6
27528,00:58:28,114.117699,22.605368,0,0
27528,00:58:58,114.116714,22.60425,0,9
27528,00:59:53,114.115349,22.602501,0,15
27528,01:00:48,114.11763,22.604799,0,22
27528,01:01:43,114.117867,22.604933,0,0
27528,01:02:38,114.117867,22.604933,0,0
27528,01:03:33,114.117867,22.604933,0,0
27528,01:04:28,114.117867,22.604933,0,0
27528,01:05:23,114.12307,22.608217,0,40
27528,01:06:18,114.1287,22.612766,0,56
27528,01:07:13,114.123436,22.6101,0,44
27528,01:08:08,114.120171,22.611168,0,27
27528,01:09:03,114.1194,22.61095,0,5
27528,01:09:58,114.110947,22.609501,0,58
27528,01:10:53,114.110199,22.609751,0,4
27528,01:11:48,114.108147,22.611116,0,10
27528,01:12:43,114.105568,22.609533,0,18
27528,01:13:38,114.105003,22.6094,0,3
27528,01:14:33,114.108116,22.61105,0,21
27528,01:15:28,114.110115,22.609734,0,16
27528,01:18:13,114.112564,22.614683,0,10
27528,01:20:03,114.112846,22.622334,0,35
27528,01:20:58,114.112579,22.626217,0,27
27528,01:21:53,114.111771,22.628384,0,16
27528,01:22:48,114.111031,22.629618,0,6
27528,01:27:50,114.104263,22.62225,0,0
27528,01:28:25,114.104469,22.622066,0,0
27528,01:29:19,114.10157,22.626066,0,33
27528,01:30:14,114.100685,22.628317,0,16
27528,01:31:09,114.102333,22.6297,0,13
27528,01:32:04,114.102486,22.62965,0,18
27528,01:32:59,114.100098,22.628717,0,19
27528,01:33:54,114.096497,22.63295,0,38
27528,01:34:49,114.094986,22.635782,0,32
27528,01:35:44,114.096703,22.632299,0,26
27528,01:36:39,114.098869,22.629551,0,28
27528,01:37:34,114.101082,22.626717,0,21
27528,01:38:29,114.104034,22.622683,0,32
27528,01:39:24,114.104347,22.622217,0,2
27528,01:40:19,114.104515,22.621918,0,0
27528,01:41:14,114.105003,22.620649,0,11
27528,01:42:09,114.105316,22.62245,0,17
27528,01:43:04,114.110069,22.621567,0,34
27528,01:43:59,114.115196,22.621082,0,34
27528,01:44:54,114.122749,22.615433,0,66
27528,01:45:49,114.128937,22.611467,0,53
27528,01:46:44,114.133385,22.615732,0,46
27528,01:47:39,114.135551,22.614433,0,17
27528,01:52:19,114.128769,22.617916,0,21
27528,01:52:51,114.129036,22.617733,0,3
27528,01:53:46,114.129036,22.617733,0,0
27528,01:54:41,114.129036,22.617733,0,0
27528,01:55:36,114.130051,22.61985,0,17
27528,01:56:31,114.13633,22.625549,0,57
27528,01:57:26,114.135651,22.625933,0,45
27528,01:58:21,114.13298,22.629232,0,28
27528,01:59:16,114.128197,22.633217,0,42
27528,02:00:11,114.125298,22.638866,0,44
27528,02:01:06,114.121384,22.647284,0,68
27528,02:02:56,114.121849,22.655149,0,9
27528,02:03:51,114.121986,22.656384,0,10
27528,02:04:46,114.122284,22.65905,0,17
27528,02:05:41,114.1185,22.665216,0,52
27528,02:06:36,114.117485,22.670383,0,36
27528,02:07:31,114.117432,22.672283,0,13
27528,02:08:26,114.117416,22.674549,0,13
27528,02:09:21,114.117287,22.678633,0,29
27528,02:10:16,114.116714,22.683083,0,30
27528,02:11:11,114.116684,22.683233,0,0
27528,02:12:06,114.116081,22.6835,0,3
27528,02:13:01,114.10675,22.68605,0,66
27528,02:13:56,114.10347,22.686817,0,22
27528,02:14:51,114.107864,22.691483,0,44
27528,02:15:46,114.108414,22.692066,0,5
27528,02:16:41,114.104767,22.688433,0,34
27528,02:17:36,114.103386,22.68705,0,13
27528,02:18:31,114.103249,22.686434,0,4
27528,02:19:26,114.112968,22.683233,0,70
27528,02:21:16,114.117119,22.678749,0,0
27528,02:22:11,114.117119,22.678749,0,0
27528,02:23:06,114.117119,22.678749,0,0
27528,02:23:52,114.117249,22.673983,0,38
27528,02:24:46,114.117233,22.673233,0,5
27528,02:25:41,114.118965,22.664351,0,64
27528,02:26:36,114.121696,22.6549,0,78
27528,02:27:31,114.121635,22.654333,0,3
27528,02:28:26,114.1185,22.649418,0,40
27528,02:29:21,114.117317,22.648367,0,10
27528,02:30:16,114.117317,22.648367,0,0
27528,02:31:11,114.117317,22.648367,0,0
27528,02:32:06,114.117317,22.648367,0,0
27528,02:33:01,114.117317,22.648367,0,0
27528,02:33:56,114.117317,22.648367,0,0
27528,02:34:51,114.117317,22.648367,0,0
27528,02:35:46,114.117317,22.648367,0,0
27528,02:36:41,114.117317,22.648367,0,0
27528,02:37:36,114.117317,22.648367,0,0
27528,02:38:31,114.117317,22.648367,0,0
27528,02:39:26,114.117317,22.648367,0,0
27528,02:40:21,114.117317,22.648367,0,0
27528,02:41:16,114.117317,22.648367,0,0
27528,02:43:06,114.120316,22.648067,0,25
27528,02:44:01,114.124252,22.643801,0,40
27528,02:45:51,114.128403,22.632917,0,32
27528,02:46:46,114.131554,22.630217,0,28
27528,02:47:41,114.134331,22.62785,0,24
27528,02:48:36,114.135399,22.619551,0,67
27528,02:49:31,114.127647,22.611401,0,78
27528,02:50:26,114.117264,22.604767,0,85
27528,02:51:21,114.111336,22.596666,0,71
27528,02:52:16,114.110832,22.5877,0,70
27528,02:53:11,114.110397,22.588633,0,5
27528,02:54:06,114.111115,22.595934,0,56
27528,02:55:01,114.114532,22.596483,0,27
27528,02:55:56,114.119415,22.596634,0,31
27528,02:56:51,114.119568,22.597433,0,5
27528,02:57:46,114.119118,22.598118,0,3
27528,02:58:41,114.116852,22.600149,0,20
27528,02:59:36,114.112267,22.60055,0,30
27528,03:00:31,114.111504,22.600451,0,3
27528,03:01:26,114.11145,22.601816,0,11
27528,03:02:21,114.111801,22.602234,0,2
27528,03:03:16,114.112419,22.603451,0,7
27528,03:04:11,114.112419,22.603451,0,0
27528,03:05:06,114.112465,22.6042,0,3
27528,03:06:01,114.112648,22.604401,0,1
27528,03:06:56,114.111198,22.608217,0,26
27528,03:07:51,114.112297,22.608801,0,6
27528,03:08:46,114.112564,22.6082,0,1
27528,03:09:41,114.112579,22.607718,0,0
27528,03:10:36,114.11248,22.6087,0,2
27528,03:11:31,114.112686,22.610067,0,4
27528,03:12:26,114.11277,22.610783,0,1
27528,03:13:21,114.11277,22.610783,0,0
27528,03:14:16,114.111282,22.614283,0,17
27528,03:16:06,114.106483,22.615467,0,17
27528,03:17:01,114.108398,22.610968,0,34
27528,03:17:56,114.116501,22.609667,0,57
27528,03:18:51,114.118301,22.610283,0,32
27528,03:19:46,114.115669,22.610033,0,19
27528,03:20:41,114.115669,22.610033,0,0
27528,03:21:36,114.115799,22.609682,0,1
27528,03:22:31,114.115799,22.609682,0,0
27528,03:23:26,114.115799,22.609682,0,0
27528,03:24:21,114.115799,22.609682,0,0
27528,03:25:16,114.119034,22.610634,0,22
27528,03:26:11,114.112846,22.609568,0,52
27528,03:27:06,114.110435,22.610916,0,22
27528,03:28:01,114.112267,22.612333,0,18
27528,03:28:56,114.11187,22.612967,0,2
27528,03:29:51,114.11055,22.615,0,14
27528,03:30:46,114.107384,22.615767,0,16
27528,03:31:41,114.105484,22.618168,0,25
27528,03:32:36,114.102119,22.624832,0,54
27528,03:33:31,114.10318,22.623432,0,23
27528,03:34:26,114.10318,22.623432,0,0
27528,03:35:21,114.10318,22.623432,0,0
27528,03:37:11,114.10318,22.623432,0,0
27528,03:38:06,114.10318,22.623432,0,0
27528,03:39:01,114.10318,22.623432,0,0
27528,03:39:56,114.10318,22.623432,0,0
27528,03:40:51,114.10318,22.623432,0,0
27528,03:41:46,114.10318,22.623432,0,0
27528,03:42:41,114.10318,22.623432,0,0
27528,03:43:36,114.10318,22.623432,0,0
27528,03:44:31,114.10318,22.623432,0,0
27528,03:45:26,114.10318,22.623432,0,0
27528,03:46:21,114.10318,22.623432,0,0
27528,03:47:16,114.10318,22.623432,0,0
27528,03:48:12,114.10318,22.623432,0,0
27528,03:49:06,114.10318,22.623432,0,0
27528,03:50:01,114.10318,22.623432,0,0
27528,03:50:57,114.10318,22.623432,0,0
27528,03:51:51,114.10318,22.623432,0,0
27528,03:52:46,114.10318,22.623432,0,0
27528,03:53:41,114.10318,22.623432,0,0
27528,03:54:36,114.10318,22.623432,0,0
27528,03:55:31,114.10318,22.623432,0,0
27528,03:56:27,114.10318,22.623432,0,0
27528,03:57:21,114.10318,22.623432,0,0
27528,03:58:16,114.10318,22.623432,0,0
27528,03:59:11,114.10318,22.623432,0,0
27528,04:00:06,114.10318,22.623432,0,0
27528,04:01:01,114.10318,22.623432,0,0
27528,04:01:57,114.10318,22.623432,0,0
27528,04:02:51,114.10318,22.623432,0,0
27528,04:03:46,114.10318,22.623432,0,0
27528,04:04:41,114.10318,22.623432,0,0
27528,04:05:36,114.10318,22.623432,0,0
27528,04:06:31,114.10318,22.623432,0,0
27528,04:07:27,114.10318,22.623432,0,0
27528,04:08:22,114.10318,22.623432,0,0
27528,04:09:16,114.10318,22.623432,0,0
27528,04:10:11,114.10318,22.623432,0,0
27528,04:11:06,114.10318,22.623432,0,0
27528,04:12:01,114.10318,22.623432,0,0
27528,04:12:57,114.10318,22.623432,0,0
27528,04:13:52,114.10318,22.623432,0,0
27528,04:14:46,114.10318,22.623432,0,0
27528,04:15:41,114.10318,22.623432,0,0
27528,04:16:36,114.10318,22.623432,0,0
27528,04:17:31,114.10318,22.623432,0,0
27528,04:18:27,114.10318,22.623432,0,0
27528,04:19:21,114.10318,22.623432,0,0
27528,04:20:16,114.10318,22.623432,0,0
27528,04:21:12,114.10318,22.623432,0,0
27528,04:22:07,114.10318,22.623432,0,0
27528,04:23:01,114.10318,22.623432,0,0
27528,04:23:56,114.10318,22.623432,0,0
27528,04:24:51,114.10318,22.623432,0,0
27528,04:25:46,114.10318,22.623432,0,0
27528,04:26:42,114.10318,22.623432,0,0
27528,04:27:37,114.10318,22.623432,0,0
27528,04:28:31,114.10318,22.623432,0,0
27528,04:29:26,114.10318,22.623432,0,0
27528,04:30:21,114.10318,22.623432,0,0
27528,04:31:16,114.10318,22.623432,0,0
27528,04:32:12,114.10318,22.623432,0,0
27528,04:34:02,114.10318,22.623432,0,0
27528,04:34:56,114.10318,22.623432,0,0
27528,04:35:51,114.10318,22.623432,0,0
27528,04:36:46,114.10318,22.623432,0,0
27528,04:37:42,114.102966,22.623367,0,0
27528,04:38:37,114.102966,22.623367,0,0
27528,04:39:32,114.102966,22.623367,0,0
27528,04:40:26,114.102966,22.623367,0,0
27528,04:41:21,114.102966,22.623367,0,0
27528,04:42:16,114.102966,22.623367,0,0
27528,04:43:12,114.102966,22.623367,0,0
27528,04:44:07,114.102966,22.623367,0,0
27528,04:45:02,114.102966,22.623367,0,0
27528,04:45:56,114.102966,22.623367,0,0
27528,04:46:51,114.102966,22.623367,0,0
27528,04:47:46,114.102966,22.623367,0,0
27528,04:48:42,114.102966,22.623367,0,0
27528,04:49:37,114.102966,22.623367,0,0
27528,04:50:32,114.102966,22.623367,0,0
27528,04:51:26,114.102966,22.623367,0,0
27528,04:52:22,114.102966,22.623367,0,0
27528,04:53:16,114.102966,22.623367,0,0
27528,04:54:12,114.102966,22.623367,0,0
27528,04:55:07,114.102966,22.623367,0,0
27528,04:56:01,114.102966,22.623367,0,0
27528,04:56:56,114.102966,22.623367,0,0
27528,04:57:52,114.102966,22.623367,0,0
27528,04:58:46,114.102966,22.623367,0,0
27528,04:59:42,114.102966,22.623367,0,0
27528,05:00:37,114.102966,22.623367,0,0
27528,05:01:32,114.102966,22.623367,0,0
27528,05:02:26,114.102966,22.623367,0,0
27528,05:03:22,114.102966,22.623367,0,0
27528,05:04:16,114.102966,22.623367,0,0
27528,05:05:12,114.102966,22.623367,0,0
27528,05:06:07,114.102966,22.623367,0,0
27528,05:07:02,114.102966,22.623367,0,0
27528,05:08:52,114.102966,22.623367,0,0
27528,05:09:46,114.102966,22.623367,0,0
27528,05:10:42,114.102966,22.623367,0,0
27528,05:11:37,114.102966,22.623367,0,0
27528,05:12:32,114.102966,22.623367,0,0
27528,05:13:26,114.102966,22.623367,0,0
27528,05:14:22,114.102966,22.623367,0,0
27528,05:16:12,114.102966,22.623367,0,0
27528,05:17:07,114.102966,22.623367,0,0
27528,05:18:02,114.102966,22.623367,0,0
27528,05:18:57,114.105385,22.61825,0,39
27528,05:19:52,114.10717,22.612551,0,43
27528,05:21:42,114.111282,22.607983,0,32
27528,05:22:37,114.111267,22.608168,0,5
27528,05:23:32,114.111267,22.608168,0,0
27528,05:24:26,114.111267,22.608168,0,0
27528,05:25:22,114.111267,22.608168,0,0
27528,05:26:16,114.111267,22.608168,0,0
27528,05:27:12,114.111267,22.608168,0,0
27528,05:28:07,114.111267,22.608168,0,0
27528,05:29:02,114.111267,22.608168,0,0
27528,05:29:56,114.111267,22.608168,0,0
27528,05:30:52,114.110397,22.609367,0,6
27528,05:31:47,114.107147,22.6134,0,38
27528,05:32:42,114.104782,22.621349,0,59
27528,05:33:37,114.105881,22.622351,0,18
27528,05:34:32,114.105881,22.622351,0,0
27528,05:35:27,114.105934,22.622517,0,0
27528,05:36:22,114.104668,22.622566,0,7
27528,05:37:17,114.104752,22.620817,0,12
27528,05:38:12,114.105919,22.615801,0,36
27528,05:39:07,114.107002,22.613533,0,16
27528,05:40:02,114.110802,22.6087,0,45
27528,05:40:57,114.11132,22.607967,0,6
27528,05:41:52,114.111214,22.608032,0,1
27528,05:42:47,114.111214,22.608032,0,0
27528,05:43:42,114.111214,22.608032,0,0
27528,05:44:37,114.111214,22.608032,0,0
27528,05:45:32,114.111214,22.608032,0,0
27528,05:46:27,114.111214,22.608032,0,0
27528,05:47:22,114.109497,22.610216,0,15
27528,05:48:17,114.107582,22.61175,0,15
27528,05:49:12,114.105133,22.619682,0,59
27528,05:50:07,114.102333,22.624483,0,38
27528,05:51:02,114.104385,22.628717,0,41
27528,05:51:57,114.109184,22.630882,0,34
27528,05:52:52,114.111664,22.628799,0,28
27528,05:53:47,114.112434,22.6292,0,5
27528,05:53:48,114.112434,22.6292,0,5
27528,05:58:56,114.090431,22.640417,0,37
27528,05:59:26,114.085732,22.639683,0,59
27528,06:00:21,114.081779,22.6418,0,28
27528,06:01:16,114.077614,22.644501,0,33
27528,06:02:11,114.077797,22.644217,0,4
27528,06:03:06,114.083504,22.640633,0,46
27528,06:04:01,114.092102,22.639467,0,62
27528,06:04:56,114.096214,22.633133,0,54
27528,06:05:51,114.096817,22.630817,0,14
27528,06:06:46,114.10083,22.627184,0,38
27528,06:07:41,114.102165,22.624468,0,18
27528,06:08:36,114.104752,22.62105,0,29
27528,06:09:31,114.106819,22.614067,0,52
27528,06:10:26,114.107803,22.611366,0,21
27528,06:11:21,114.109886,22.60985,0,16
27528,06:12:16,114.111282,22.607967,0,14
27528,06:13:11,114.111282,22.607967,0,0
27528,06:14:06,114.111031,22.608383,0,4
27528,06:15:01,114.111031,22.608383,0,0
27528,06:15:56,114.111031,22.608383,0,0
27528,06:16:51,114.110069,22.609568,0,7
27528,06:17:46,114.108437,22.611099,0,15
27528,06:18:41,114.105965,22.615999,0,38
27528,06:19:36,114.105164,22.619818,0,27
27528,06:20:31,114.102318,22.624517,0,38
27528,06:21:26,114.101379,22.62735,0,19
27528,06:22:21,114.096397,22.632982,0,52
27528,06:23:16,114.096397,22.632982,0,0
27528,06:24:11,114.095818,22.63755,0,36
27528,06:25:06,114.099854,22.642218,0,46
27528,06:26:01,114.099686,22.649183,0,52
27528,06:26:56,114.100403,22.6479,0,9
27528,06:27:51,114.097847,22.640717,0,58
27528,06:28:46,114.095314,22.637083,0,33
27528,06:29:41,114.094749,22.6367,0,4
27528,06:30:36,114.096252,22.633118,0,28
27528,06:31:31,114.096481,22.630966,0,13
27528,06:32:26,114.100197,22.627934,0,33
27528,06:33:21,114.101501,22.626034,0,13
27528,06:34:16,114.103935,22.622766,0,27
27528,06:35:11,114.104683,22.621201,0,10
27528,06:36:06,114.10527,22.618517,0,17
27528,06:37:01,114.107033,22.613367,0,39
27528,06:37:56,114.107651,22.611366,0,15
27528,06:38:51,114.111366,22.609432,0,28
27528,06:39:46,114.119064,22.610518,0,51
27528,06:40:41,114.12162,22.609632,0,24
27528,06:41:36,114.12207,22.612734,0,31
27528,06:42:31,114.1231,22.613466,0,7
27528,06:43:26,114.127853,22.617317,0,42
27528,06:44:21,114.13205,22.622017,0,44
27528,06:45:16,114.136765,22.622517,0,49
27528,06:46:11,114.136497,22.625549,0,29
27528,06:47:06,114.138519,22.627033,0,25
27528,06:48:01,114.130981,22.62105,0,66
27528,06:48:02,114.130981,22.62105,0,66
27528,06:53:06,114.108551,22.610901,0,10
27528,06:53:41,114.108551,22.610901,0,0
27528,06:54:35,114.106033,22.609783,0,16
27528,06:55:30,114.105064,22.609417,0,6
27528,06:56:25,114.104263,22.609266,0,3
27528,06:57:20,114.104469,22.609234,0,1
27528,06:58:15,114.107697,22.610867,0,22
27528,06:59:10,114.110069,22.609716,0,19
27528,07:00:05,114.112549,22.60955,0,16
27528,07:01:55,114.120354,22.611116,0,16
27528,07:02:50,114.122383,22.612949,0,19
27528,07:03:45,114.124664,22.613951,0,14
27528,07:04:40,114.129646,22.61235,0,44
27528,07:05:35,114.132317,22.61545,0,26
27528,07:06:30,114.133636,22.617268,0,19
27528,07:07:25,114.12912,22.612833,0,44
27528,07:08:20,114.125336,22.615017,0,37
27528,07:09:15,114.129852,22.619583,0,44
27528,07:10:10,114.131432,22.621384,0,15
27528,07:11:05,114.1362,22.623917,0,45
27528,07:12:00,114.136131,22.6248,0,35
27528,07:12:55,114.138535,22.627083,0,31
27528,07:13:50,114.137367,22.626383,0,8
27528,07:14:45,114.137367,22.626383,0,0
27528,07:15:40,114.137367,22.626383,0,0
27528,07:16:35,114.137367,22.626383,0,0
27528,07:19:20,114.133682,22.622168,0,4
27528,07:20:15,114.13327,22.622932,0,3
27528,07:21:10,114.136383,22.623417,0,30
27528,07:22:05,114.13652,22.625566,0,38
27528,07:23:00,114.139,22.627199,0,20
27528,07:23:55,114.137352,22.6264,0,14
27528,07:24:50,114.137352,22.6264,0,0
27528,07:25:45,114.137352,22.6264,0,0
27528,07:26:40,114.137352,22.6264,0,0
27528,07:27:35,114.137352,22.6264,0,0
27528,07:28:30,114.13678,22.625883,0,1
27528,07:29:25,114.134331,22.6241,0,42
27528,07:30:20,114.136101,22.620417,0,45
27528,07:31:15,114.133904,22.617933,0,22
27528,07:32:10,114.133499,22.617434,0,3
27528,07:33:05,114.129982,22.6134,0,34
27528,07:34:00,114.126198,22.613382,0,27
27528,07:34:55,114.127815,22.617283,0,40
27528,07:35:50,114.131737,22.621717,0,41
27528,07:36:45,114.136665,22.622833,0,50
27528,07:37:40,114.13607,22.625017,0,26
27528,07:38:35,114.138885,22.627132,0,24
27528,07:39:30,114.137352,22.62635,0,13
27528,07:40:25,114.132919,22.623167,0,35
27528,07:41:20,114.136681,22.622583,0,38
27528,07:42:15,114.133835,22.617832,0,41
27528,07:43:10,114.133415,22.617468,0,1
27528,07:48:20,114.117165,22.605083,0,12
27528,07:48:49,114.115379,22.60285,0,37
27528,07:49:44,114.116119,22.601433,0,10
27528,07:50:39,114.116684,22.601017,0,15
27528,07:51:34,114.115669,22.602016,0,7
27528,07:52:29,114.115669,22.602016,0,0
27528,07:53:24,114.116585,22.603718,0,13
27528,07:54:19,114.117401,22.604383,0,5
27528,07:55:14,114.115883,22.608467,0,27
27528,07:56:09,114.11615,22.609449,0,10
27528,07:57:04,114.119835,22.611168,0,27
27528,07:57:59,114.12278,22.609833,0,23
27528,07:58:54,114.123032,22.61305,0,38
27528,07:59:49,114.128052,22.617533,0,46
27528,08:00:44,114.131081,22.621017,0,30
27528,08:01:39,114.136353,22.625517,0,48
27528,08:02:34,114.138565,22.626917,0,17
27528,08:03:29,114.142166,22.627583,0,23
27528,08:04:24,114.145767,22.629816,0,36
27528,08:05:19,114.148781,22.635384,0,51
27528,08:06:14,114.150917,22.6376,0,19
27528,08:08:04,114.14653,22.648867,0,52
27528,08:08:59,114.153114,22.650284,0,52
27528,08:09:54,114.153969,22.649134,0,12
27528,08:10:49,114.152367,22.651649,0,20
27528,08:11:44,114.148865,22.650284,0,25
27528,08:12:39,114.145264,22.648216,0,27
27528,08:13:34,114.146683,22.645683,0,23
27528,08:14:29,114.150436,22.637899,0,63
27528,08:15:24,114.145866,22.6341,0,42
27528,08:16:19,114.145218,22.633917,0,2
27528,08:17:14,114.138519,22.633516,0,44
27528,08:18:09,114.132698,22.631149,0,43
27528,08:19:04,114.132065,22.630568,0,5
27528,08:19:59,114.130249,22.628633,0,17
27528,08:20:54,114.124115,22.625816,0,46
27528,08:21:49,114.121284,22.623934,0,31
27528,08:22:44,114.119568,22.620317,0,30
27528,08:23:39,114.11853,22.621017,0,7
27528,08:24:34,114.11853,22.621017,0,0
27528,08:25:29,114.11853,22.621017,0,0
27528,08:26:24,114.121048,22.622368,0,23
27528,08:27:19,114.121948,22.625532,0,25
27528,08:28:14,114.125435,22.626167,0,24
27528,08:29:09,114.12162,22.625584,0,23
27528,08:30:04,114.121399,22.623249,0,17
27528,08:31:54,114.115181,22.621367,0,28
27528,08:32:49,114.112366,22.621584,0,18
27528,08:33:44,114.107399,22.622932,0,34
27528,08:34:39,114.107353,22.622999,0,0
27528,08:35:34,114.102997,22.625816,0,34
27528,08:36:29,114.096947,22.631332,0,56
27528,08:37:24,114.088219,22.630882,0,64
27528,08:38:19,114.087982,22.634399,0,33
27528,08:39:14,114.088715,22.639133,0,65
27528,08:40:09,114.092651,22.6516,0,94
27528,08:41:59,114.088936,22.667217,0,62
27528,08:42:54,114.080597,22.671568,0,64
27528,08:43:49,114.067299,22.675699,0,95
27528,08:44:44,114.054665,22.682484,0,98
27528,08:45:39,114.041252,22.684,0,90
27528,08:47:29,114.014648,22.686583,0,90
27528,08:48:24,114.0019,22.688534,0,88
27528,08:49:19,113.988815,22.691032,0,91
27528,08:50:14,113.977837,22.68755,0,78
27528,08:51:09,113.965897,22.686033,0,81
27528,08:52:04,113.955971,22.683283,0,69
27528,08:52:59,113.944603,22.676666,0,90
27528,08:53:54,113.931686,22.669283,0,102
27528,08:54:49,113.921715,22.660549,0,92
27528,08:55:44,113.908279,22.659067,0,91
27528,08:56:39,113.89547,22.659283,0,86
27528,08:57:34,113.881584,22.657734,0,93
27528,08:58:29,113.868446,22.655233,0,90
27528,08:59:24,113.861237,22.644199,0,97
27528,09:00:19,113.858986,22.636868,0,54
27528,09:01:14,113.858986,22.636868,0,0
27528,09:02:09,113.858986,22.636868,0,0
27528,09:03:04,113.858269,22.635567,0,5
27528,09:03:59,113.851486,22.629717,0,64
27528,09:04:54,113.848869,22.623934,0,56
27528,09:05:49,113.839035,22.620649,0,70
27528,09:06:44,113.828003,22.616367,0,80
27528,09:07:39,113.818535,22.612101,0,70
27528,09:08:34,113.813614,22.618917,0,61
27528,09:09:29,113.812683,22.626133,0,56
27528,09:10:24,113.80938,22.627501,0,30
27528,09:11:19,113.808914,22.627216,0,1
27528,09:12:14,113.808197,22.62665,0,2
27528,09:13:09,113.808037,22.621416,0,48
27528,09:14:04,113.812668,22.612984,0,68
27528,09:14:59,113.81913,22.611151,0,57
27528,09:15:54,113.827065,22.615732,0,63
27528,09:16:49,113.837448,22.620068,0,76
27528,09:17:44,113.845718,22.622116,0,57
27528,09:18:39,113.847321,22.62265,0,11
27528,09:19:34,113.848083,22.622168,0,0
27528,09:20:29,113.848083,22.622168,0,0
27528,09:22:19,113.849716,22.6203,0,1
27528,09:23:14,113.851265,22.617867,0,32
27528,09:24:09,113.854652,22.620466,0,29
27528,09:25:04,113.857246,22.623751,0,28
27528,09:25:59,113.858437,22.626617,0,20
27528,09:26:54,113.85955,22.63205,0,37
27528,09:27:49,113.860352,22.635332,0,24
27528,09:28:44,113.860283,22.636217,0,4
27528,09:29:39,113.859818,22.6404,0,28
27528,09:30:34,113.860046,22.6465,0,43
27528,09:31:29,113.859833,22.652399,0,42
27528,09:32:24,113.85862,22.656116,0,26
27528,09:32:37,113.858635,22.657084,0,30
27528,09:33:31,113.859917,22.660133,0,23
27528,09:34:26,113.861786,22.662849,0,21
27528,09:35:21,113.864067,22.6663,0,26
27528,09:36:16,113.871384,22.669767,0,58
27528,09:37:11,113.878799,22.670834,0,50
27528,09:38:06,113.886482,22.6731,0,54
27528,09:39:01,113.892097,22.675133,0,40
27528,09:59:59,113.979851,22.674982,0,48
27528,10:00:54,113.989548,22.669268,0,77
27528,10:01:08,113.991135,22.667999,0,54
27528,10:02:03,113.994186,22.665234,0,28
27528,10:02:59,113.996429,22.663317,0,19
27528,10:03:53,113.99765,22.6623,0,10
27528,10:04:48,114.001999,22.661249,0,30
27528,10:05:43,114.002434,22.661182,0,1
27528,10:06:38,114.005318,22.661016,0,18
27528,10:07:33,114.005714,22.660999,0,0
27528,10:08:29,114.007599,22.6609,0,10
27528,10:11:13,114.010635,22.662951,0,23
27528,10:11:42,114.010948,22.663183,0,4
27528,10:12:36,114.011681,22.663767,0,5
27528,10:13:31,114.01722,22.66625,0,42
27528,10:14:26,114.0215,22.669067,0,35
27528,10:15:21,114.023018,22.6702,0,12
27528,10:16:16,114.023018,22.6702,0,0
27528,10:17:11,114.024414,22.671217,0,10
27528,10:18:06,114.024452,22.671232,0,0
27528,10:19:01,114.024452,22.671232,0,0
27528,10:19:56,114.024452,22.671232,0,0
27528,10:20:51,114.024803,22.672068,0,6
27528,10:21:46,114.024048,22.672483,0,17
27528,10:22:41,114.024284,22.672083,0,2
27528,10:23:36,114.024284,22.672083,0,0
27528,10:24:31,114.025002,22.671017,0,7
27528,10:25:26,114.027046,22.668617,0,21
27528,10:26:21,114.027451,22.668083,0,3
27528,10:27:16,114.029999,22.665133,0,26
27528,10:28:11,114.029999,22.665133,0,0
27528,10:29:06,114.032967,22.661633,0,29
27528,10:30:02,114.036499,22.658716,0,29
27528,10:30:56,114.040047,22.655268,0,39
27528,10:31:51,114.038734,22.6527,0,20
27528,10:32:46,114.038734,22.6527,0,0
27528,10:34:36,114.045799,22.648434,0,38
27528,10:35:31,114.045998,22.6439,0,32
27528,10:36:27,114.045998,22.6439,0,0
27528,10:37:21,114.045769,22.6392,0,33
27528,10:38:16,114.045769,22.638884,0,2
27528,10:39:11,114.043953,22.635616,0,25
27528,10:40:06,114.04332,22.63405,0,11
27528,10:41:02,114.04332,22.63405,0,0
27528,10:41:56,114.046799,22.631701,0,36
27528,10:42:51,114.059914,22.629467,0,89
27528,10:43:46,114.06498,22.630033,0,33
27528,10:44:41,114.06498,22.630033,0,0
27528,10:45:36,114.066017,22.630199,0,5
27528,10:47:22,114.080383,22.628349,0,42
27528,10:48:16,114.085999,22.628267,0,39
27528,10:49:11,114.095764,22.631866,0,74
27528,10:50:06,114.102036,22.626467,0,57
27528,10:51:02,114.105583,22.623934,0,29
27528,10:51:57,114.108582,22.622101,0,22
27528,10:52:51,114.110031,22.621683,0,10
27528,10:53:46,114.112869,22.621483,0,14
27528,10:54:41,114.1138,22.621416,0,5
27528,10:55:36,114.116615,22.621,0,16
27528,10:56:32,114.1222,22.615801,0,53
27528,10:57:27,114.126335,22.615667,0,36
27528,10:58:21,114.126617,22.61595,0,0
27528,10:59:16,114.126617,22.61595,0,0
27528,11:00:11,114.128136,22.617201,0,5
27528,11:01:06,114.128899,22.618467,0,6
27528,11:02:02,114.131714,22.621717,0,27
27528,11:02:57,114.139236,22.627268,0,64
27528,11:03:51,114.14473,22.627666,0,37
27528,11:04:46,114.141434,22.628584,0,28
27528,11:05:41,114.141449,22.628717,0,0
27528,11:06:36,114.141449,22.628717,0,0
27528,11:07:32,114.141449,22.628717,0,0
27528,11:08:27,114.141449,22.628717,0,0
27528,11:09:22,114.141449,22.628717,0,0
27528,11:11:11,114.141449,22.628717,0,0
27528,11:12:06,114.141449,22.628717,0,0
27528,11:13:02,114.141449,22.628717,0,0
27528,11:13:57,114.141449,22.628717,0,0
27528,11:14:52,114.141449,22.628717,0,0
27528,11:15:46,114.141449,22.628717,0,0
27528,11:16:42,114.141449,22.628717,0,0
27528,11:17:36,114.141449,22.628717,0,0
27528,11:18:32,114.141449,22.628717,0,0
27528,11:19:27,114.141449,22.628717,0,0
27528,11:20:22,114.141449,22.628717,0,0
27528,11:21:16,114.141449,22.628717,0,0
27528,11:22:12,114.141449,22.628717,0,0
27528,11:23:06,114.141449,22.628717,0,0
27528,11:24:02,114.141449,22.628717,0,0
27528,11:24:57,114.141449,22.628717,0,0
27528,11:25:52,114.141449,22.628717,0,0
27528,11:26:46,114.141449,22.628717,0,0
27528,11:27:42,114.141449,22.628717,0,0
27528,11:28:36,114.141449,22.628717,0,0
27528,11:29:32,114.141449,22.628717,0,0
27528,11:30:27,114.141449,22.628717,0,0
27528,11:31:22,114.141449,22.628717,0,0
27528,11:32:16,114.141449,22.628717,0,0
27528,11:33:12,114.141449,22.628717,0,0
27528,11:34:07,114.141449,22.628717,0,0
27528,11:35:02,114.141449,22.628717,0,0
27528,11:35:57,114.141449,22.628717,0,0
27528,11:36:52,114.141449,22.628717,0,0
27528,11:37:46,114.141449,22.628717,0,0
27528,11:38:42,114.141548,22.628099,0,0
27528,11:39:36,114.14003,22.62755,0,11
27528,11:40:32,114.137802,22.626633,0,12
27528,11:41:27,114.133034,22.623068,0,42
27528,11:42:22,114.136482,22.623068,0,33
27528,11:43:16,114.134651,22.61875,0,37
27528,11:44:12,114.132866,22.616667,0,16
27528,11:45:07,114.132698,22.616467,0,0
27528,11:46:02,114.130135,22.613382,0,25
27528,11:46:57,114.125168,22.613916,0,36
27528,11:47:52,114.11895,22.620068,0,61
27528,11:48:47,114.116318,22.6213,0,19
27528,11:49:42,114.114983,22.621401,0,7
27528,11:50:36,114.10865,22.622284,0,42
27528,11:51:32,114.104034,22.625116,0,36
27528,11:52:27,114.096664,22.631517,0,68
27528,11:53:22,114.086433,22.6306,0,74
27528,11:54:16,114.077782,22.629,0,62
27528,11:55:12,114.074997,22.629601,0,17
27528,11:56:07,114.069031,22.630533,0,40
27528,11:57:02,114.066666,22.63055,0,15
27528,11:57:57,114.063919,22.6301,0,17
27528,11:58:52,114.055496,22.6297,0,56
27528,11:59:47,114.045715,22.63205,0,68
27528,12:00:42,114.039383,22.633133,0,42
27528,12:01:37,114.039383,22.633133,0,0
27528,12:02:32,114.033348,22.634018,0,39
27528,12:03:27,114.026619,22.635918,0,47
27528,12:04:22,114.025848,22.640232,0,38
27528,12:05:17,114.027382,22.644167,0,29
27528,12:06:12,114.023979,22.646467,0,31
27528,12:07:07,114.02195,22.651449,0,39
27528,12:08:02,114.019501,22.654383,0,24
27528,12:08:57,114.018997,22.654949,0,5
27528,12:09:52,114.01857,22.655333,0,2
27528,12:10:47,114.015617,22.654699,0,25
27528,12:11:42,114.014351,22.656366,0,14
27528,12:12:37,114.01413,22.657301,0,9
27528,12:13:32,114.01413,22.657301,0,0
27528,12:14:27,114.013916,22.657101,0,3
27528,12:15:22,114.012421,22.655434,0,15
27528,12:16:17,114.0131,22.651733,0,27
27528,12:17:12,114.0131,22.651733,0,0
27528,12:18:07,114.014801,22.649567,0,17
27528,12:19:02,114.016479,22.647699,0,14
27528,12:19:57,114.018204,22.646601,0,13
27528,12:20:52,114.020767,22.646183,0,16
27528,12:21:47,114.023331,22.646334,0,17
27528,12:22:42,114.023331,22.646334,0,0
27528,12:23:37,114.026787,22.645233,0,23
27528,12:24:32,114.026886,22.645267,0,0
27528,12:25:27,114.031853,22.6434,0,34
27528,12:26:22,114.033234,22.642967,0,9
27528,12:27:17,114.033653,22.642851,0,1
27528,12:28:12,114.040367,22.640617,0,47
27528,12:29:07,114.040367,22.639151,0,8
27528,12:30:02,114.040619,22.638666,0,3
27528,12:30:57,114.040619,22.638666,0,0
27528,12:31:52,114.040833,22.640133,0,9
27528,12:32:47,114.04303,22.639133,0,15
27528,12:33:42,114.045898,22.640751,0,35
27528,12:37:22,114.04303,22.632816,0,40
27528,12:38:17,114.04303,22.632816,0,0
27528,12:39:12,114.04303,22.632816,0,0
27528,12:40:07,114.051903,22.630266,0,62
27528,12:41:57,114.06572,22.6301,0,13
27528,12:42:52,114.072968,22.62965,0,49
27528,12:43:47,114.074051,22.62945,0,7
27528,12:44:42,114.075798,22.629101,0,10
27528,12:45:37,114.080383,22.628416,0,29
27528,12:46:32,114.082169,22.628166,0,10
27528,12:47:27,114.087379,22.62995,0,38
27528,12:51:07,114.113815,22.642817,0,75
27528,12:52:02,114.121819,22.640583,0,64
27528,12:52:57,114.123352,22.641783,0,13
27528,12:53:52,114.12532,22.637632,0,36
27528,12:54:47,114.122253,22.63595,0,29
27528,12:55:42,114.122215,22.634617,0,9
27528,12:56:37,114.123703,22.636217,0,19
27528,12:57:32,114.124519,22.637318,0,16
27528,12:58:27,114.124519,22.637318,0,0
27528,12:59:22,114.124519,22.637318,0,0
27528,13:00:17,114.124519,22.637318,0,0
27528,13:01:12,114.124519,22.637318,0,0
27528,13:02:07,114.124519,22.637318,0,0
27528,13:03:02,114.124519,22.637318,0,0
27528,13:03:57,114.124519,22.637318,0,0
27528,13:04:52,114.124519,22.637318,0,0
27528,13:05:47,114.124519,22.637318,0,0
27528,13:06:42,114.124519,22.637318,0,0
27528,13:07:37,114.124519,22.637318,0,0
27528,13:08:32,114.124519,22.637318,0,0
27528,13:09:27,114.124519,22.637318,0,0
27528,13:10:22,114.124519,22.637318,0,0
27528,13:11:17,114.124901,22.638018,0,5
27528,13:12:12,114.125252,22.6378,0,1
27528,13:13:07,114.125252,22.6378,0,0
27528,13:14:02,114.125252,22.6378,0,0
27528,13:14:57,114.125252,22.6378,0,0
27528,13:15:52,114.125252,22.6378,0,0
27528,13:16:47,114.12545,22.636749,0,5
27528,13:17:42,114.12545,22.636749,0,0
27528,13:18:37,114.129997,22.631483,0,48
27528,13:19:32,114.129021,22.627466,0,39
27528,13:20:27,114.122353,22.625633,0,45
27528,13:21:22,114.127266,22.626667,0,36
27528,13:22:17,114.132416,22.629433,0,44
27528,13:23:12,114.136002,22.624451,0,44
27528,13:24:07,114.135551,22.619833,0,35
27528,13:25:02,114.133049,22.6168,0,25
27528,13:25:57,114.129204,22.61285,0,38
27528,13:26:52,114.12532,22.611183,0,33
27528,13:27:47,114.122566,22.60985,0,19
27528,13:28:42,114.123421,22.610117,0,4
27528,13:29:37,114.123085,22.613449,0,36
27528,13:30:32,114.128815,22.61845,0,52
27528,13:31:27,114.131699,22.62175,0,29
27528,13:32:22,114.13887,22.627132,0,62
27528,13:33:17,114.145782,22.628683,0,52
27528,13:34:12,114.147484,22.634617,0,49
27528,13:35:07,114.150383,22.636917,0,25
27528,13:36:02,114.151634,22.641617,0,34
27528,13:36:57,114.153351,22.644983,0,24
27528,13:37:52,114.164398,22.647551,0,76
27528,13:38:47,114.177498,22.653784,0,99
27528,13:39:42,114.189217,22.659901,0,90
27528,13:41:32,114.203934,22.678783,0,95
27528,13:43:22,114.204948,22.682934,0,11
27528,13:45:12,114.1978,22.699783,0,77
27528,13:46:07,114.19902,22.708467,0,63
27528,13:47:02,114.203133,22.7152,0,56
27528,13:47:57,114.206566,22.721933,0,53
27528,13:49:47,114.211067,22.722933,0,10
27528,13:50:42,114.210899,22.722851,0,1
27528,13:51:37,114.209579,22.721951,0,19
27528,13:52:32,114.213181,22.719168,0,42
27528,13:54:22,114.213348,22.709383,0,35
27528,13:55:17,114.213448,22.705183,0,28
27528,13:56:12,114.213486,22.702749,0,17
27528,13:57:07,114.213486,22.70155,0,5
27528,13:58:02,114.216202,22.697701,0,33
27528,13:58:57,114.217918,22.696301,0,13
27528,13:59:52,114.219368,22.695133,0,12
27528,14:01:42,114.220932,22.693716,0,0
27528,14:02:37,114.223114,22.68915,0,39
27528,14:03:32,114.222115,22.681883,0,52
27528,14:04:27,114.221764,22.680717,0,5
27528,14:05:22,114.218918,22.675417,0,43
27528,14:06:17,114.216049,22.670532,0,38
27528,14:07:12,114.216049,22.670532,0,0
27528,14:08:07,114.214813,22.666067,0,32
27528,14:09:02,114.211998,22.660049,0,47
27528,14:09:57,114.208099,22.65625,0,37
27528,14:10:52,114.203682,22.651167,0,47
27528,14:11:47,114.199318,22.647751,0,38
27528,14:12:42,114.195183,22.645132,0,33
27528,14:13:37,114.194801,22.645018,0,0
27528,14:14:32,114.189613,22.643732,0,36
27528,14:15:27,114.183067,22.640318,0,49
27528,14:16:22,114.183067,22.640318,0,0
27528,14:17:17,114.179352,22.638399,0,26
27528,14:18:12,114.177818,22.637699,0,10
27528,14:19:07,114.174614,22.637083,0,20
27528,14:20:02,114.16835,22.636032,0,42
27528,14:20:57,114.160332,22.632717,0,59
27528,14:21:52,114.156517,22.629467,0,35
27528,14:22:47,114.154846,22.625616,0,36
27528,14:23:42,114.15387,22.624367,0,10
27528,14:24:37,114.153435,22.624018,0,2
27528,14:25:32,114.153435,22.624018,0,0
27528,14:26:27,114.153435,22.624018,0,0
27528,14:27:22,114.153435,22.624018,0,0
27528,14:28:17,114.15152,22.621149,0,22
27528,14:30:07,114.148621,22.6257,0,24
27528,14:31:02,114.14962,22.627001,0,9
27528,14:31:57,114.14962,22.627001,0,0
27528,14:32:52,114.14962,22.627001,0,0
27528,14:33:47,114.149864,22.627251,0,0
27528,14:34:42,114.148636,22.624283,0,22
27528,14:35:37,114.15007,22.622801,0,9
27528,14:36:32,114.151566,22.621218,0,15
27528,14:37:27,114.150902,22.6185,0,16
27528,14:38:22,114.150986,22.616934,0,12
27528,14:39:17,114.14782,22.615168,0,19
27528,14:40:12,114.145233,22.613283,0,22
27528,14:41:07,114.14492,22.6122,0,7
27528,14:42:02,114.145134,22.611683,0,1
27528,14:42:57,114.145134,22.611683,0,0
27528,14:43:52,114.142502,22.60955,0,23
27528,14:44:47,114.13868,22.609249,0,25
27528,14:45:42,114.13868,22.609249,0,0
27528,14:46:37,114.135765,22.609751,0,16
27528,14:47:32,114.132416,22.61055,0,22
27528,14:48:27,114.131287,22.610817,0,5
27528,14:49:22,114.131287,22.610817,0,0
27528,14:50:17,114.127167,22.611183,0,43
27528,14:51:12,114.11937,22.606783,0,61
27528,14:52:07,114.1175,22.60535,0,16
27528,14:53:02,114.115631,22.603018,0,19
27528,14:53:57,114.115181,22.602682,0,2
27528,14:54:52,114.113083,22.600332,0,20
27528,14:55:47,114.113029,22.602516,0,15
27528,14:56:42,114.113113,22.604517,0,12
27528,14:57:37,114.113113,22.604517,0,0
27528,14:58:32,114.113113,22.604517,0,0
27528,14:59:27,114.11277,22.602283,0,18
27528,15:00:22,114.11245,22.601583,0,3
27528,15:01:17,114.1129,22.6003,0,6
27528,15:02:12,114.1147,22.601383,0,31
27528,15:03:07,114.115097,22.601917,0,4
27528,15:04:57,114.117287,22.6045,0,20
27528,15:05:52,114.121819,22.607616,0,37
27528,15:06:47,114.128067,22.611366,0,49
27528,15:08:37,114.128571,22.618183,0,45
27528,15:09:32,114.130096,22.619867,0,15
27528,15:10:27,114.138016,22.62665,0,71
27528,15:11:22,114.136932,22.626118,0,25
27528,15:12:17,114.133514,22.6287,0,34
27528,15:13:12,114.133514,22.6287,0,0
27528,15:14:07,114.12915,22.632401,0,37
27528,15:15:02,114.128853,22.632633,0,2
27528,15:15:57,114.127831,22.633516,0,7
27528,15:16:52,114.125252,22.639133,0,45
27528,15:17:47,114.12175,22.646967,0,62
27528,15:18:42,114.119453,22.649166,0,20
27528,15:19:37,114.121696,22.653933,0,40
27528,15:21:27,114.122215,22.659018,0,19
27528,15:22:22,114.121902,22.662333,0,23
27528,15:23:17,114.117447,22.6689,0,58
27528,15:24:12,114.117401,22.673134,0,30
27528,15:25:07,114.117371,22.678183,0,36
27528,15:26:02,114.119949,22.678967,0,19
27528,15:26:57,114.122498,22.68125,0,34
27528,15:27:52,114.122467,22.683968,0,19
27528,15:28:47,114.122269,22.685017,0,6
27528,15:29:42,114.122185,22.685568,0,3
27528,15:30:37,114.1222,22.684967,0,4
27528,15:31:32,114.12027,22.684084,0,16
27528,15:32:27,114.116966,22.6803,0,47
27528,15:33:22,114.117104,22.679234,0,6
27528,15:34:17,114.117218,22.675266,0,28
27528,15:35:12,114.117249,22.672768,0,17
27528,15:36:07,114.117249,22.672768,0,0
27528,15:37:02,114.117249,22.671034,0,11
27528,15:37:57,114.117683,22.6665,0,30
27528,15:38:52,114.120552,22.663151,0,29
27528,15:40:42,114.12162,22.654633,0,26
27528,15:41:37,114.11985,22.650749,0,29
27528,15:42:32,114.119034,22.650034,0,7
27528,15:43:27,114.119217,22.649099,0,7
27528,15:44:22,114.121468,22.64695,0,19
27528,15:45:17,114.12233,22.646116,0,6
27528,15:46:12,114.123718,22.644567,0,9
27528,15:47:07,114.125099,22.639151,0,41
27528,15:48:02,114.12558,22.636517,0,17
27528,15:48:57,114.127602,22.633516,0,25
27528,15:49:52,114.127602,22.633516,0,0
27528,15:50:47,114.128098,22.633133,0,2
27528,15:51:42,114.131317,22.630367,0,29
27528,15:52:37,114.135353,22.626266,0,39
27528,15:53:32,114.136414,22.620783,0,42
27528,15:54:27,114.133652,22.617649,0,27
27528,15:55:22,114.129066,22.61245,0,48
27528,15:56:17,114.121635,22.6078,0,59
27528,15:57:12,114.117302,22.605368,0,34
27528,15:58:07,114.115814,22.607433,0,16
27528,15:59:02,114.118896,22.610451,0,34
27528,15:59:57,114.120216,22.611116,0,7
27528,16:00:52,114.121483,22.609699,0,11
27528,16:01:47,114.120399,22.611032,0,10
27528,16:02:42,114.120399,22.611032,0,0
27528,16:03:37,114.120132,22.611151,0,1
27528,16:04:32,114.114304,22.609583,0,43
27528,16:05:27,114.109581,22.610201,0,32
27528,16:06:22,114.109314,22.610416,0,2
27528,16:07:17,114.109314,22.610416,0,0
27528,16:08:12,114.109314,22.610416,0,0
27528,16:09:07,114.109314,22.610416,0,0
27528,16:10:02,114.10817,22.611183,0,1
27528,16:10:57,114.105782,22.609568,0,16
27528,16:11:52,114.104218,22.60935,0,8
27528,16:12:47,114.101601,22.608418,0,15
27528,16:13:42,114.101601,22.608418,0,0
27528,16:14:37,114.104736,22.6094,0,21
27528,16:15:32,114.106651,22.610184,0,10
27528,16:16:27,114.107498,22.610701,0,6
27528,16:17:22,114.107498,22.610701,0,0
27528,16:18:17,114.107269,22.612284,0,13
27528,16:19:12,114.106331,22.615232,0,20
27528,16:20:07,114.106331,22.615232,0,0
27528,16:21:02,114.106232,22.615717,0,1
27528,16:21:57,114.105003,22.620283,0,32
27528,16:22:52,114.104431,22.622232,0,14
27528,16:23:47,114.104431,22.622232,0,0
27528,16:24:42,114.1035,22.622,0,4
27528,16:25:37,114.10202,22.623034,0,9
27528,16:26:32,114.101936,22.623617,0,3
27528,16:27:27,114.101936,22.623617,0,0
27528,16:28:22,114.101936,22.623617,0,0
27528,16:29:17,114.101936,22.623617,0,0
27528,16:30:12,114.101936,22.623617,0,0
27528,16:31:07,114.101936,22.623617,0,0
27528,16:32:02,114.101936,22.623617,0,0
27528,16:32:57,114.101936,22.623617,0,0
27528,16:33:52,114.101936,22.623617,0,0
27528,16:34:47,114.101936,22.623617,0,0
27528,16:35:42,114.101936,22.623617,0,0
27528,16:36:37,114.101936,22.623617,0,0
27528,16:37:32,114.101936,22.623617,0,0
27528,16:38:27,114.101936,22.623617,0,0
27528,16:39:22,114.101936,22.623617,0,0
27528,16:40:17,114.101936,22.623617,0,0
27528,16:41:12,114.101936,22.623617,0,0
27528,16:42:07,114.101936,22.623617,0,0
27528,16:43:02,114.101936,22.623617,0,0
27528,16:45:47,114.101936,22.623617,0,0
27528,16:46:42,114.101936,22.623617,0,0
27528,16:47:37,114.101936,22.623617,0,0
27528,16:48:32,114.101936,22.623617,0,0
27528,16:49:27,114.101936,22.623617,0,0
27528,16:50:22,114.101936,22.623617,0,0
27528,16:51:17,114.101936,22.623617,0,0
27528,16:52:12,114.101936,22.623617,0,0
27528,16:53:07,114.101936,22.623617,0,0
27528,16:54:02,114.101936,22.623617,0,0
27528,16:54:57,114.101936,22.623617,0,0
27528,16:55:52,114.101936,22.623617,0,0
27528,16:56:47,114.101936,22.623617,0,0
27528,16:57:42,114.101936,22.623617,0,0
27528,16:58:37,114.101936,22.623617,0,0
27528,16:59:32,114.101936,22.623617,0,0
27528,17:00:27,114.103951,22.622801,0,13
27528,17:01:22,114.103996,22.622732,0,0
27528,17:03:12,114.105286,22.618549,0,15
27528,17:04:07,114.105484,22.617666,0,4
27528,17:05:02,114.10582,22.616266,0,6
27528,17:05:57,114.10582,22.616266,0,0
27528,17:06:52,114.106331,22.615217,0,5
27528,17:07:47,114.10775,22.611349,0,29
27528,17:08:42,114.107147,22.610533,0,4
27528,17:09:37,114.105469,22.60955,0,8
27528,17:10:32,114.104568,22.609383,0,3
27528,17:11:27,114.102516,22.608784,0,4
27528,17:12:22,114.10067,22.607967,0,7
27528,17:13:17,114.099602,22.605984,0,14
27528,17:14:12,114.09967,22.606283,0,0
27528,17:15:07,114.101334,22.608183,0,15
27528,17:16:02,114.103401,22.609068,0,14
27528,17:16:57,114.104385,22.609301,0,2
27528,17:17:52,114.106667,22.610184,0,10
27528,17:18:47,114.106667,22.610184,0,0
27528,17:19:42,114.106667,22.610184,0,0
27528,17:20:37,114.107735,22.610884,0,6
27528,17:21:32,114.107735,22.610884,0,0
27528,17:22:27,114.108032,22.611168,0,1
27528,17:23:22,114.106247,22.615282,0,33
27528,17:24:17,114.106247,22.615282,0,0
27528,17:25:12,114.106247,22.615282,0,0
27528,17:26:07,114.10582,22.615633,0,3
27528,17:27:02,114.10582,22.615633,0,0
27528,17:27:57,114.107452,22.611767,0,27
27528,17:28:52,114.109283,22.610332,0,13
27528,17:30:42,114.112099,22.609533,0,14
27528,17:31:37,114.118286,22.610132,0,41
27528,17:32:33,114.118431,22.610201,0,1
27528,17:33:27,114.119736,22.611082,0,4
27528,17:34:22,114.119736,22.611082,0,0
27528,17:35:17,114.121964,22.612734,0,18
27528,17:36:12,114.126266,22.613167,0,32
27528,17:37:07,114.130348,22.610884,0,30
27528,17:38:02,114.130348,22.610884,0,0
27528,17:38:57,114.130348,22.610884,0,0
27528,17:39:52,114.134285,22.609949,0,23
27528,17:40:47,114.137001,22.6094,0,16
27528,17:41:42,114.137848,22.609217,0,5
27528,17:42:37,114.138153,22.609167,0,0
27528,17:43:33,114.14637,22.609699,0,54
27528,17:44:27,114.14888,22.608667,0,18
27528,17:45:22,114.14888,22.608667,0,0
27528,17:46:17,114.150551,22.607933,0,10
27528,17:47:12,114.158684,22.60915,0,55
27528,17:48:07,114.158501,22.611549,0,18
27528,17:49:03,114.157883,22.61285,0,8
27528,17:53:43,114.157784,22.6092,0,45
27528,17:54:38,114.153297,22.608418,0,29
27528,17:55:33,114.148552,22.60895,0,31
27528,17:56:28,114.146683,22.609716,0,13
27528,17:57:23,114.142082,22.609484,0,29
27528,17:58:18,114.138763,22.609234,0,21
27528,17:59:13,114.138763,22.609234,0,0
27528,18:00:08,114.135735,22.60985,0,18
27528,18:01:03,114.132317,22.610582,0,21
27528,18:01:58,114.128334,22.612682,0,35
27528,18:02:53,114.124031,22.6091,0,42
27528,18:03:48,114.120964,22.610468,0,27
27528,18:04:43,114.121231,22.61215,0,15
27528,18:05:38,114.1222,22.612867,0,6
27528,18:06:33,114.124916,22.61475,0,20
27528,18:08:23,114.13205,22.622133,0,33
27528,18:09:18,114.138763,22.6271,0,57
27528,18:10:13,114.134468,22.627968,0,46
27528,18:11:09,114.130417,22.631399,0,35
27528,18:12:03,114.128868,22.632668,0,13
27528,18:12:58,114.128868,22.632668,0,0
27528,18:13:53,114.125969,22.636118,0,30
27528,18:14:48,114.124115,22.644449,0,60
27528,18:21:13,114.121269,22.647167,0,3
27528,18:22:09,114.123169,22.645317,0,14
27528,18:23:04,114.125397,22.637617,0,58
27528,18:23:58,114.126465,22.63475,0,22
27528,18:24:53,114.126465,22.63475,0,0
27528,18:25:48,114.126747,22.634382,0,1
27528,18:26:43,114.128235,22.633017,0,10
27528,18:27:39,114.131104,22.63055,0,22
27528,18:28:34,114.131317,22.630367,0,0
27528,18:29:28,114.132797,22.629116,0,13
27528,18:30:23,114.135651,22.625418,0,31
27528,18:31:18,114.136917,22.622,0,25
27528,18:33:09,114.136917,22.622,0,0
27528,18:34:04,114.140434,22.621834,0,25
27528,18:34:58,114.141418,22.620768,0,7
27528,18:35:53,114.141647,22.619284,0,6
27528,18:36:48,114.141151,22.61805,0,7
27528,18:37:43,114.142799,22.616768,0,12
27528,18:38:39,114.144402,22.614067,0,21
27528,18:39:34,114.14225,22.613182,0,11
27528,18:40:28,114.141251,22.611282,0,17
27528,18:41:23,114.141617,22.607767,0,23
27528,18:42:18,114.144081,22.606167,0,18
27528,18:44:09,114.141029,22.6092,0,18
27528,18:45:04,114.138931,22.609249,0,19
27528,18:45:59,114.138931,22.609249,0,0
27528,18:46:53,114.135246,22.609882,0,23
27528,18:47:48,114.132416,22.61055,0,17
27528,18:48:43,114.129646,22.611267,0,13
27528,18:49:39,114.126518,22.610683,0,38
27528,18:50:34,114.12365,22.608917,0,21
27528,18:51:29,114.122986,22.610933,0,31
27528,18:52:23,114.122704,22.6112,0,2
27528,18:53:19,114.122704,22.6112,0,0
27528,18:54:13,114.121803,22.609583,0,18
27528,18:55:09,114.121933,22.61265,0,30
27528,18:56:04,114.122482,22.613068,0,1
27528,18:56:58,114.128052,22.61755,0,50
27528,18:57:54,114.131752,22.621782,0,38
27528,18:58:49,114.137451,22.626167,0,49
27528,18:59:44,114.138649,22.627117,0,13
27528,19:00:38,114.134651,22.624517,0,31
27528,19:01:34,114.12928,22.619101,0,51
27528,19:02:28,114.124565,22.614599,0,46
27528,19:03:24,114.120018,22.611418,0,37
27528,19:04:19,114.112885,22.60955,0,51
27528,19:05:14,114.110214,22.609751,0,17
27528,19:06:08,114.108704,22.611,0,10
27528,19:07:04,114.108704,22.611,0,0
27528,19:07:58,114.106964,22.613882,0,23
27528,19:08:54,114.105797,22.616934,0,21
27528,19:09:49,114.105186,22.619417,0,16
27528,19:10:44,114.105614,22.617149,0,14
27528,19:11:38,114.105949,22.615967,0,7
27528,19:12:34,114.10598,22.615868,0,0
27528,19:13:28,114.10598,22.615868,0,0
27528,19:14:24,114.107483,22.61175,0,28
27528,19:15:19,114.109253,22.610416,0,14
27528,19:16:14,114.111115,22.609533,0,13
27528,19:17:08,114.119469,22.610849,0,58
27528,19:18:04,114.11972,22.611032,0,2
27528,19:18:58,114.122437,22.612917,0,21
27528,19:19:54,114.122818,22.613216,0,1
27528,19:20:49,114.127899,22.612183,0,39
27528,19:22:38,114.13327,22.610201,0,22
27528,19:23:34,114.135368,22.609751,0,10
27528,19:24:28,114.139603,22.609118,0,29
27528,19:25:24,114.14035,22.606899,0,27
27528,19:26:19,114.13813,22.603916,0,28
27528,19:27:14,114.13813,22.603867,0,0
27528,19:28:08,114.13813,22.603867,0,0
27528,19:29:04,114.13813,22.603867,0,0
27528,19:29:59,114.139267,22.60565,0,14
27528,19:30:54,114.141052,22.609016,0,30
27528,19:31:49,114.139381,22.609217,0,16
27528,19:32:44,114.136749,22.609568,0,16
27528,19:33:38,114.1353,22.609882,0,9
27528,19:34:34,114.1353,22.609882,0,0
27528,19:35:29,114.131516,22.610783,0,24
27528,19:36:24,114.128784,22.6117,0,17
27528,19:37:19,114.125618,22.610149,0,39
27528,19:38:14,114.125519,22.610083,0,0
27528,19:39:08,114.120598,22.610832,0,41
27528,19:40:04,114.120232,22.611282,0,2
27528,19:40:59,114.120232,22.611282,0,0
27528,19:41:54,114.114647,22.609568,0,39
27528,19:42:49,114.111252,22.609501,0,22
27528,19:43:44,114.110786,22.609432,0,1
27528,19:44:38,114.107552,22.611732,0,25
27528,19:45:34,114.106468,22.615017,0,23
27528,19:46:29,114.106117,22.615549,0,3
27528,19:47:24,114.105164,22.615368,0,3
27528,19:48:19,114.104584,22.614317,0,4
27528,19:49:14,114.103119,22.614683,0,4
27528,19:50:09,114.103203,22.614433,0,2
27528,19:51:04,114.10482,22.614933,0,10
27528,19:51:59,114.105751,22.615618,0,6
27528,19:52:54,114.105751,22.615618,0,0
27528,19:53:49,114.109566,22.615417,0,23
27528,19:54:44,114.10997,22.614933,0,4
27528,19:55:39,114.10997,22.614933,0,0
27528,19:56:34,114.109863,22.615067,0,1
27528,19:57:29,114.10817,22.6159,0,9
27528,19:58:24,114.106499,22.615467,0,9
27528,20:02:04,114.109886,22.609882,0,15
27528,20:02:41,114.109886,22.609882,0,0
27528,20:03:36,114.11412,22.609501,0,26
27528,20:03:57,114.117584,22.609934,0,61
27528,20:04:52,114.118881,22.6105,0,9
27528,20:05:47,114.119781,22.61105,0,3
27528,20:06:42,114.119781,22.61105,0,0
27528,20:07:37,114.122169,22.612801,0,18
27528,20:08:32,114.125565,22.613449,0,23
27528,20:09:27,114.129021,22.611401,0,26
27528,20:10:22,114.129303,22.611267,0,0
27528,20:11:17,114.129967,22.610968,0,2
27528,20:12:12,114.133064,22.610283,0,21
27528,20:12:49,114.133949,22.610083,0,7
27528,20:13:44,114.13752,22.609318,0,24
27528,20:14:02,114.13752,22.609318,0,0
27528,20:14:57,114.13752,22.609318,0,0
27528,20:15:52,114.13752,22.609318,0,0
27528,20:16:47,114.13752,22.609318,0,0
27528,20:17:42,114.138229,22.6096,0,0
27528,20:18:37,114.138298,22.610149,0,2
27528,20:19:32,114.138634,22.611517,0,3
27528,20:20:27,114.13945,22.613234,0,3
27528,20:21:22,114.139565,22.614733,0,8
27528,20:22:17,114.139565,22.614733,0,0
27528,20:23:12,114.13942,22.613216,0,7
27528,20:24:07,114.13887,22.611933,0,6
27528,20:25:02,114.138481,22.610718,0,3
27528,20:25:57,114.138481,22.610718,0,0
27528,20:26:52,114.13707,22.609516,0,6
27528,20:27:47,114.135414,22.609818,0,11
27528,20:28:42,114.135414,22.609818,0,0
27528,20:29:37,114.130653,22.610933,0,31
27528,20:30:32,114.127983,22.611767,0,33
27528,20:31:27,114.122353,22.6087,0,45
27528,20:32:22,114.120834,22.6105,0,16
27528,20:33:17,114.120621,22.610783,0,1
27528,20:34:12,114.120621,22.610783,0,0
27528,20:35:07,114.120468,22.611,0,0
27528,20:36:02,114.120247,22.611233,0,2
27528,20:36:57,114.120247,22.611233,0,0
27528,20:37:52,114.113235,22.609568,0,48
27528,20:38:47,114.109917,22.6096,0,21
27528,20:39:42,114.109917,22.6096,0,0
27528,20:40:37,114.110352,22.610718,0,1
27528,20:41:32,114.110603,22.612383,0,6
27528,20:42:27,114.109436,22.612482,0,6
27528,20:43:22,114.10907,22.613466,0,1
27528,20:44:17,114.108887,22.614017,0,1
27528,20:45:12,114.109116,22.613251,0,0
27528,20:46:07,114.110115,22.612583,0,7
27528,20:47:02,114.110466,22.612667,0,0
27528,20:47:57,114.110718,22.612083,0,1
27528,20:48:52,114.110718,22.612083,0,0
27528,20:49:47,114.112221,22.612017,0,7
27528,20:50:42,114.112221,22.612017,0,0
27528,20:51:37,114.112221,22.612017,0,0
27528,20:52:32,114.112221,22.612017,0,0
27528,20:53:27,114.112221,22.612017,0,0
27528,20:54:22,114.112221,22.612017,0,0
27528,20:55:17,114.112717,22.610649,0,1
27528,20:56:12,114.112617,22.61005,0,0
27528,20:57:07,114.112579,22.60845,0,4
27528,20:58:02,114.112747,22.605551,0,19
27528,20:58:57,114.112633,22.601633,0,29
27528,20:59:52,114.112152,22.600933,0,3
27528,21:00:47,114.113899,22.600283,0,27
27528,21:01:42,114.115265,22.601999,0,14
27528,21:02:37,114.1175,22.604834,0,23
27528,21:03:32,114.121101,22.60725,0,30
27528,21:04:27,114.128265,22.611584,0,56
27528,21:05:22,114.133385,22.616734,0,50
27528,21:06:17,114.13385,22.617268,0,4
27528,21:07:12,114.136314,22.6201,0,24
27528,21:08:07,114.137268,22.621117,0,9
27528,21:09:02,114.143616,22.62245,0,42
27528,21:09:57,114.145432,22.622499,0,12
27528,21:10:52,114.147018,22.622749,0,9
27528,21:11:47,114.152916,22.623783,0,39
27528,21:12:42,114.15168,22.621201,0,16
27528,21:13:37,114.151031,22.621067,0,1
27528,21:14:32,114.150536,22.621117,0,0
27528,21:15:27,114.150215,22.621384,0,0
27528,21:16:22,114.150398,22.62155,0,0
27528,21:17:17,114.150398,22.62155,0,0
27528,21:18:12,114.150398,22.62155,0,0
27528,21:19:07,114.152336,22.622133,0,7
27528,21:20:02,114.152832,22.622633,0,8
27528,21:20:57,114.150986,22.618433,0,30
27528,21:21:52,114.151016,22.616867,0,9
27528,21:22:47,114.148415,22.615517,0,14
27528,21:23:42,114.146599,22.614317,0,12
27528,21:24:37,114.145714,22.614218,0,1
27528,21:26:27,114.150452,22.616367,0,14
27528,21:27:22,114.151001,22.617983,0,7
27528,21:28:17,114.151649,22.620832,0,16
27528,21:29:12,114.152985,22.623283,0,18
27528,21:30:07,114.153198,22.624018,0,3
27528,21:31:02,114.152153,22.627666,0,28
27528,21:31:57,114.152496,22.625816,0,10
27528,21:32:52,114.153114,22.623983,0,12
27528,21:33:47,114.153053,22.623484,0,3
27528,21:34:42,114.151337,22.619833,0,28
27528,21:35:37,114.150597,22.618433,0,7
27528,21:36:32,114.150597,22.618433,0,0
27528,21:37:27,114.151215,22.6175,0,3
27528,21:38:22,114.149864,22.616383,0,11
27528,21:40:12,114.145065,22.612568,0,14
27528,21:41:07,114.145332,22.611217,0,10
27528,21:42:02,114.144333,22.609716,0,11
27528,21:42:57,114.139214,22.609249,0,33
27528,21:43:52,114.135765,22.609833,0,19
27528,21:44:47,114.135117,22.609966,0,2
27528,21:45:42,114.131584,22.61075,0,22
27528,21:46:37,114.131554,22.61075,0,0
27528,21:47:32,114.128098,22.612284,0,24
27528,21:48:27,114.124298,22.60915,0,44
27528,21:49:22,114.118202,22.605949,0,46
27528,21:49:23,114.118202,22.605949,0,46
27528,21:56:42,114.119316,22.602783,0,9
27528,21:57:34,114.11937,22.602318,0,1
27528,21:58:29,114.120567,22.599501,0,20
27528,21:59:24,114.121101,22.598034,0,9
27528,22:00:19,114.122704,22.600651,0,23
27528,22:01:14,114.122566,22.6028,0,13
27528,22:02:09,114.125031,22.603382,0,17
27528,22:03:04,114.127151,22.600918,0,27
27528,22:03:59,114.128883,22.601534,0,27
27528,22:04:54,114.12883,22.6028,0,7
27528,22:05:49,114.130249,22.603849,0,17
27528,22:06:44,114.130249,22.603849,0,0
27528,22:07:39,114.132133,22.603533,0,10
27528,22:08:34,114.131866,22.606567,0,20
27528,22:09:29,114.130585,22.606916,0,8
27528,22:10:24,114.130386,22.609167,0,11
27528,22:11:19,114.129883,22.611151,0,17
27528,22:12:14,114.124847,22.614532,0,41
27528,22:13:09,114.128281,22.6178,0,32
27528,22:14:04,114.129997,22.619801,0,15
27528,22:14:59,114.131653,22.621668,0,15
27528,22:15:54,114.138916,22.627132,0,62
27528,22:16:49,114.135735,22.625784,0,25
27528,22:17:44,114.129364,22.632183,0,63
27528,22:18:39,114.125999,22.635782,0,32
27528,22:19:34,114.124069,22.636232,0,14
27528,22:20:29,114.124298,22.636183,0,0
27528,22:21:24,114.124496,22.636368,0,0
27528,22:22:19,114.125351,22.637684,0,16
27528,22:23:14,114.129364,22.631968,0,50
27528,22:24:09,114.130348,22.628683,0,30
27528,22:25:04,114.124352,22.625834,0,45
27528,22:25:59,114.121269,22.623516,0,32
27528,22:26:54,114.118248,22.62055,0,37
27528,22:27:49,114.112953,22.621532,0,36
27528,22:28:44,114.107315,22.6229,0,38
27528,22:29:39,114.106651,22.62335,0,2
27528,22:30:34,114.106331,22.622917,0,0
27528,22:31:29,114.105469,22.622351,0,4
27528,22:32:24,114.104668,22.622499,0,3
27528,22:33:19,114.104668,22.622499,0,0
27528,22:34:14,114.101898,22.625483,0,25
27528,22:35:09,114.101486,22.6266,0,8
27528,22:36:04,114.10157,22.626949,0,1
27528,22:36:59,114.097099,22.6313,0,45
27528,22:37:54,114.087601,22.630684,0,69
27528,22:38:49,114.080536,22.627617,0,53
27528,22:39:44,114.076736,22.619118,0,67
27528,22:40:39,114.070251,22.611134,0,74
27528,22:41:34,114.061569,22.60515,0,73
27528,22:42:29,114.057083,22.5973,0,65
27528,22:43:24,114.049629,22.592833,0,65
27528,22:44:19,114.047386,22.5973,0,45
27528,22:45:14,114.044167,22.600782,0,34
27528,22:46:09,114.044167,22.600782,0,0
27528,22:47:04,114.044167,22.600782,0,0
27528,22:47:59,114.044167,22.600782,0,0
27528,22:48:54,114.043701,22.602333,0,7
27528,22:49:49,114.044479,22.607533,0,36
27528,22:50:44,114.044785,22.61165,0,24
27528,22:51:39,114.043404,22.622683,0,80
27528,22:52:34,114.044601,22.635099,0,91
27528,22:53:29,114.049934,22.6474,0,96
27528,22:54:24,114.049316,22.661167,0,99
27528,22:55:19,114.04863,22.6751,0,101
27528,22:56:14,114.04982,22.6854,0,83
27528,22:57:09,114.037537,22.684084,0,87
27528,22:58:04,114.029465,22.684982,0,76
27528,22:58:59,114.030502,22.681717,0,24
27528,22:59:54,114.030502,22.681717,0,0
27528,23:00:49,114.033951,22.682882,0,40
27528,23:01:44,114.035767,22.691851,0,66
27528,23:02:39,114.037697,22.694366,0,35
27528,23:03:34,114.037651,22.694366,0,0
27528,23:04:29,114.036163,22.694468,0,7
27528,23:05:24,114.036163,22.694468,0,0
27528,23:06:19,114.034782,22.6877,0,49
27528,23:07:14,114.03228,22.679867,0,59
27528,23:08:09,114.031281,22.67725,0,18
27528,23:09:04,114.026451,22.672832,0,46
27528,23:09:59,114.02478,22.6716,0,12
27528,23:10:54,114.021133,22.6689,0,31
27528,23:11:49,114.017136,22.669817,0,25
27528,23:12:44,114.016747,22.669884,0,2
27528,23:13:39,114.015068,22.6688,0,11
27528,23:14:34,114.015167,22.665817,0,27
27528,23:15:29,114.0093,22.662033,0,47
27528,23:16:24,114.004631,22.661083,0,33
27528,23:17:19,114.003502,22.661167,0,7
27528,23:18:14,113.999901,22.661949,0,22
27528,23:19:09,113.99398,22.665667,0,48
27528,23:20:04,113.988068,22.670433,0,52
27528,23:20:59,113.98748,22.675516,0,51
27528,23:21:54,113.987831,22.677433,0,13
27528,23:22:49,113.988533,22.676468,0,10
27528,23:23:44,113.992332,22.677151,0,25
27528,23:24:39,113.993484,22.67425,0,22
27528,23:25:34,113.993484,22.67425,0,0
27528,23:26:29,113.996315,22.675632,0,21
27528,23:27:24,113.997932,22.67485,0,14
27528,23:28:19,114.001579,22.675449,0,23
27528,23:29:14,114.003868,22.675333,0,13
27528,23:30:09,114.007385,22.676933,0,28
27528,23:31:04,114.01268,22.672001,0,50
27528,23:32:54,114.016335,22.666267,0,19
27528,23:33:49,114.016632,22.665783,0,3
27528,23:34:44,114.019119,22.662201,0,28
27528,23:35:39,114.022118,22.658567,0,32
27528,23:36:34,114.024467,22.655899,0,22
27528,23:37:29,114.025352,22.655567,0,3
27528,23:38:24,114.026299,22.656433,0,8
27528,23:39:19,114.027046,22.652817,0,32
27528,23:40:14,114.029434,22.65045,0,21
27528,23:41:09,114.031685,22.648701,0,19
27528,23:42:04,114.031685,22.648701,0,0
27528,23:42:59,114.0355,22.647383,0,25
27528,23:43:54,114.038849,22.646133,0,22
27528,23:44:49,114.040932,22.645384,0,13
27528,23:45:44,114.045952,22.642,0,46
27528,23:46:39,114.045784,22.638849,0,22
27528,23:47:34,114.044464,22.636534,0,17
27528,23:48:29,114.043053,22.632868,0,27
27528,23:49:24,114.043335,22.632418,0,3
27528,23:50:19,114.054802,22.629749,0,78
27528,23:51:14,114.0653,22.630033,0,70
27528,23:52:09,114.067047,22.630251,0,10
27528,23:53:04,114.074448,22.629351,0,49
27528,23:53:59,114.078865,22.628616,0,28
