26972,00:04:33,113.894302,22.5644,0,12
26972,00:05:03,113.8946,22.5646,0,7
26972,00:54:29,113.8843,22.581301,1,16
26972,00:55:00,113.884102,22.579399,1,48
26972,00:55:30,113.880798,22.576599,1,59
26972,00:56:00,113.878799,22.5741,1,35
26972,00:56:30,113.881203,22.5718,1,42
26972,00:57:30,113.883598,22.5695,1,44
26972,00:58:00,113.886002,22.5672,1,27
26972,00:59:01,113.888901,22.5681,1,18
26972,00:59:31,113.889198,22.5669,1,20
26972,01:00:32,113.888702,22.5667,0,1
26972,01:03:32,113.880096,22.568199,0,29
26972,01:04:03,113.877998,22.569901,0,37
26972,01:04:33,113.875801,22.5718,0,27
26972,01:05:03,113.877701,22.573799,0,37
26972,01:05:33,113.8797,22.573299,0,31
26972,01:06:03,113.881699,22.5714,0,37
26972,01:06:33,113.880699,22.569599,0,33
26972,01:07:04,113.878304,22.569599,0,38
26972,01:07:34,113.875999,22.5714,0,29
26972,01:08:04,113.875504,22.571501,0,24
26972,01:08:34,113.8778,22.5695,0,38
26972,01:09:04,113.879997,22.5676,0,37
26972,01:09:34,113.879097,22.565599,0,35
26972,01:10:04,113.877098,22.5639,0,35
26972,01:10:35,113.875099,22.564501,0,33
26972,01:11:05,113.873497,22.5658,0,35
26972,01:11:35,113.8713,22.567499,0,16
26972,01:12:05,113.870796,22.5679,0,24
26972,01:12:35,113.868599,22.5658,0,40
26972,01:13:05,113.865898,22.566799,0,42
26972,01:13:36,113.863602,22.569,0,31
26972,01:14:06,113.864998,22.570999,0,18
26972,01:15:06,113.864799,22.5707,0,29
26972,01:15:36,113.862999,22.569099,0,29
26972,01:16:06,113.860703,22.570601,0,31
26972,01:16:36,113.859001,22.571899,0,5
26972,01:26:11,113.864998,22.570999,0,0
26972,01:51:42,113.866997,22.5709,0,1
26972,01:52:33,113.866402,22.572901,1,42
26972,01:56:04,113.881104,22.576599,1,44
26972,01:56:34,113.883698,22.5756,1,59
26972,01:57:04,113.887604,22.5721,1,64
26972,01:57:34,113.890999,22.5686,1,51
26972,01:58:04,113.893097,22.566099,1,48
26972,01:58:35,113.896004,22.569201,1,31
26972,01:59:35,113.896301,22.5695,1,7
26972,02:00:05,113.897903,22.5709,1,46
26972,02:00:35,113.899101,22.571899,1,11
26972,02:01:05,113.897102,22.5704,1,46
26972,02:02:06,113.896202,22.5695,1,31
26972,02:03:06,113.889702,22.563999,1,44
26972,02:03:36,113.887199,22.562099,1,5
26972,02:04:06,113.886299,22.562201,1,40
26972,02:04:36,113.883797,22.5646,1,3
26972,02:05:37,113.883797,22.5646,1,9
26972,02:06:07,113.881104,22.567101,1,64
26972,02:06:37,113.877197,22.570299,1,62
26972,02:10:57,113.870003,22.5746,0,29
26972,02:11:27,113.871597,22.574301,0,35
26972,02:11:57,113.874199,22.5725,0,50
26972,02:12:27,113.876999,22.570101,0,42
26972,02:13:57,113.883499,22.5646,0,16
26972,02:14:27,113.885498,22.566401,0,37
26972,02:14:57,113.887497,22.565701,0,35
26972,02:15:27,113.888802,22.5644,0,9
26972,02:16:58,113.888802,22.5646,0,5
26972,02:19:28,113.888702,22.564301,0,1
26972,02:19:58,113.888603,22.564199,0,3
26972,02:20:28,113.888702,22.5646,0,1
26972,02:25:30,113.888702,22.5646,0,3
26972,02:27:00,113.888702,22.5644,0,1
26972,02:28:00,113.888802,22.564501,0,1
26972,02:30:30,113.888603,22.564301,0,5
26972,02:31:00,113.888702,22.5644,0,1
26972,02:32:30,113.888603,22.564301,0,1
26972,02:33:00,113.888603,22.564301,0,1
26972,02:34:31,113.888397,22.5641,0,5
26972,02:36:30,113.888702,22.5644,0,3
26972,02:37:31,113.888702,22.564301,0,3
26972,02:38:01,113.888603,22.564199,0,1
26972,02:39:01,113.888397,22.5644,0,1
26972,02:46:02,113.888298,22.564199,0,1
26972,02:55:34,113.888603,22.563999,0,9
26972,02:56:34,113.889099,22.564899,0,7
26972,02:57:34,113.888397,22.5644,0,3
26972,03:18:39,113.888603,22.564301,0,1
26972,04:17:48,113.888901,22.564501,0,1
26972,04:18:18,113.888702,22.564501,0,1
26972,05:00:29,113.888496,22.564301,0,3
26972,05:07:00,113.888702,22.5644,0,1
26972,05:21:34,113.888603,22.5644,0,1
26972,05:43:09,113.888702,22.564301,0,1
26972,05:45:10,113.888298,22.5644,0,3
26972,05:51:12,113.888702,22.564301,0,1
26972,05:56:13,113.888603,22.5644,0,1
26972,05:59:14,113.888496,22.5648,0,5
26972,05:59:44,113.888603,22.5644,0,1
26972,06:00:14,113.888702,22.5641,0,3
26972,06:13:47,113.8881,22.564899,0,11
26972,06:14:17,113.888603,22.564699,0,22
26972,06:16:18,113.890099,22.564199,0,38
26972,06:16:48,113.893204,22.566099,0,42
26972,06:17:18,113.891701,22.568399,0,50
26972,06:17:48,113.889,22.571199,0,48
26972,06:18:18,113.885902,22.5741,0,50
26972,06:18:48,113.882401,22.577101,0,57
26972,06:19:18,113.879204,22.5802,0,53
26972,06:19:48,113.876404,22.583099,0,55
26972,06:20:18,113.873703,22.5861,0,27
26972,06:20:48,113.873001,22.5881,0,18
26972,06:21:18,113.874298,22.5891,0,40
26972,06:21:49,113.877403,22.5917,0,50
26972,06:22:19,113.878502,22.592199,0,18
26972,06:22:49,113.878197,22.5935,0,14
26972,06:23:19,113.878403,22.5938,0,1
26972,06:39:22,113.878502,22.5937,0,5
26972,06:39:53,113.877197,22.593901,0,11
26972,06:41:23,113.878799,22.5924,0,18
26972,06:41:53,113.881798,22.5928,0,50
26972,06:42:54,113.888397,22.5928,0,14
26972,06:45:54,113.888603,22.592899,0,11
26972,07:05:29,113.889297,22.5924,0,1
26972,07:10:00,113.889397,22.592699,0,1
26972,07:20:00,113.889397,22.592501,0,1
26972,07:20:30,113.889297,22.5924,0,1
26972,07:21:00,113.889198,22.5924,0,1
26972,07:24:01,113.889397,22.592501,0,1
26972,07:25:02,113.889198,22.5924,0,1
26972,07:25:32,113.889397,22.592501,0,1
26972,07:29:02,113.889503,22.592501,0,1
26972,07:37:34,113.889297,22.592501,0,1
26972,07:38:05,113.889198,22.5924,0,1
26972,07:38:35,113.889099,22.5923,0,1
26972,07:39:05,113.889297,22.5924,0,1
26972,07:40:35,113.889603,22.592501,0,1
26972,07:42:36,113.889198,22.5924,0,3
26972,07:52:08,113.889503,22.592501,0,1
26972,07:58:39,113.889603,22.5926,0,1
26972,07:59:39,113.889603,22.592699,0,3
26972,08:01:40,113.889603,22.592501,0,1
26972,08:02:40,113.889198,22.592501,0,3
26972,08:04:40,113.889503,22.592501,0,1
26972,08:05:10,113.889503,22.5923,0,3
26972,08:06:40,113.889702,22.591801,0,12
26972,08:07:10,113.8899,22.5933,0,38
26972,08:07:41,113.891602,22.593399,0,12
26972,08:08:11,113.8927,22.590599,0,40
26972,08:09:11,113.8927,22.590599,0,14
26972,08:10:42,113.892303,22.5921,0,12
26972,08:11:08,113.892197,22.5935,0,16
26972,08:11:42,113.889099,22.5935,0,42
26972,08:32:45,113.880096,22.5921,0,12
26972,08:33:16,113.881302,22.592699,0,18
26972,08:33:45,113.882301,22.5928,0,22
26972,08:34:15,113.884903,22.592899,0,12
26972,08:34:57,113.887001,22.5931,1,29
26972,08:39:28,113.879303,22.5928,1,25
26972,08:39:59,113.876602,22.594601,1,50
26972,08:49:15,113.880096,22.5921,0,0
26972,08:54:33,113.848099,22.607201,1,16
26972,08:55:08,113.848396,22.6059,0,18
26972,09:01:11,113.855103,22.586901,1,59
26972,09:01:41,113.857697,22.5851,1,24
26972,09:03:12,113.856796,22.5835,1,16
26972,09:03:42,113.855202,22.5818,1,14
26972,09:04:12,113.853897,22.5818,1,40
26972,09:05:12,113.852402,22.582899,1,16
26972,09:05:43,113.849602,22.5804,1,48
26972,09:06:13,113.847603,22.5784,1,33
26972,09:06:43,113.845398,22.576099,1,33
26972,09:07:13,113.844398,22.5744,1,20
26972,09:28:20,113.844803,22.5741,1,9
26972,09:29:20,113.8452,22.5756,1,25
26972,09:29:54,113.847504,22.5742,0,20
26972,09:30:24,113.849197,22.572901,0,46
26972,09:30:54,113.850601,22.571899,0,9
26972,09:32:23,113.851799,22.573,0,7
26972,09:32:53,113.850899,22.572201,0,24
26972,09:34:44,113.8526,22.570101,1,24
26972,09:37:15,113.852798,22.57,1,18
26972,09:37:45,113.855301,22.5721,1,57
26972,09:39:46,113.8573,22.5741,1,42
26972,09:41:16,113.860298,22.5772,1,29
26972,09:41:47,113.862297,22.5793,1,35
26972,10:02:33,113.878502,22.5804,1,29
26972,10:25:37,113.866997,22.584101,1,5
26972,10:26:38,113.866203,22.5835,1,9
26972,10:29:08,113.865402,22.5828,1,18
26972,10:31:39,113.8638,22.580299,1,38
26972,10:32:09,113.867401,22.5772,1,50
26972,10:33:10,113.869003,22.576,1,25
26972,10:37:24,113.880096,22.5665,0,5
26972,10:38:25,113.882202,22.5655,1,40
26972,10:41:26,113.893303,22.5548,1,50
26972,10:42:26,113.894096,22.554001,1,3
26972,10:42:56,113.894096,22.554001,1,1
26972,10:43:26,113.896797,22.5557,1,51
26972,10:44:27,113.8992,22.557899,1,48
26972,10:44:57,113.902298,22.5606,1,31
26972,10:45:27,113.902901,22.5611,1,22
26972,10:45:57,113.9048,22.5611,1,33
26972,10:46:27,113.906097,22.559799,1,24
26972,10:51:21,113.908997,22.562401,1,33
26972,10:51:51,113.909599,22.5639,1,18
26972,10:52:21,113.908501,22.565001,1,11
26972,10:53:21,113.9086,22.565901,1,3
26972,10:54:27,113.908897,22.568701,0,40
26972,10:54:58,113.908897,22.5711,0,20
26972,10:55:11,113.866997,22.584101,1,0
26972,10:55:28,113.908897,22.5725,0,18
26972,10:56:51,113.908798,22.570999,1,16
26972,10:57:22,113.906601,22.5716,1,20
26972,10:58:22,113.904099,22.5741,1,29
26972,10:58:52,113.903397,22.574699,1,3
26972,10:59:22,113.903297,22.574699,1,5
26972,11:00:22,113.902901,22.575399,1,25
26972,11:00:53,113.901001,22.5772,1,29
26972,11:01:53,113.899002,22.579201,1,40
26972,11:02:23,113.896599,22.5816,1,29
26972,11:02:53,113.896896,22.583099,1,29
26972,11:04:47,113.896103,22.582001,1,22
26972,11:05:17,113.898102,22.58,1,53
26972,11:05:47,113.900803,22.5774,1,33
26972,11:08:18,113.904099,22.5741,1,7
26972,11:08:48,113.905296,22.5728,1,24
26972,11:09:19,113.907501,22.570999,1,40
26972,11:09:49,113.908897,22.569599,1,40
26972,11:10:49,113.908897,22.567801,1,11
26972,11:11:19,113.908302,22.5658,1,37
26972,11:12:20,113.9076,22.5651,1,31
26972,11:12:50,113.908897,22.5646,1,3
26972,11:14:05,113.909599,22.5639,1,16
26972,11:15:06,113.908997,22.562599,1,11
26972,11:16:06,113.906601,22.5644,1,31
26972,11:18:07,113.904198,22.562401,1,11
26972,11:18:37,113.903,22.561199,1,40
26972,11:19:07,113.900398,22.559,1,48
26972,11:19:37,113.8974,22.557199,1,35
26972,11:20:07,113.895599,22.558599,1,20
26972,11:20:37,113.894302,22.559601,1,18
26972,11:21:08,113.892197,22.560699,1,5
26972,11:22:24,113.891197,22.559601,0,31
26972,11:22:54,113.888496,22.5602,0,50
26972,11:23:24,113.887299,22.5611,0,35
26972,11:23:55,113.885002,22.559999,0,42
26972,11:24:25,113.882698,22.558001,0,29
26972,11:25:11,113.903,22.561199,1,0
26972,11:25:55,113.883698,22.556299,0,64
26972,11:26:25,113.8843,22.553699,0,55
26972,11:26:55,113.883499,22.551901,0,33
26972,11:27:25,113.885902,22.5508,0,14
26972,11:28:18,113.884102,22.551901,1,51
26972,11:28:48,113.884804,22.5541,1,44
26972,11:29:19,113.884201,22.555901,1,48
26972,11:29:49,113.883301,22.5585,1,44
26972,11:30:19,113.886398,22.5609,1,46
26972,11:33:20,113.8871,22.5616,1,40
26972,11:35:20,113.890503,22.564501,1,42
26972,11:35:50,113.892998,22.566,1,33
26972,11:36:51,113.890999,22.569099,1,40
26972,11:37:21,113.887497,22.572399,1,70
26972,11:37:51,113.883499,22.576099,1,68
26972,11:38:21,113.879799,22.579599,1,62
26972,12:03:31,113.856697,22.6231,0,37
26972,12:05:02,113.855202,22.621099,0,11
26972,12:07:02,113.854897,22.620899,0,24
26972,12:07:32,113.855797,22.6178,0,35
26972,12:08:03,113.856499,22.6161,0,44
26972,12:09:33,113.8573,22.6138,0,22
26972,12:10:03,113.860199,22.6108,0,53
26972,12:12:04,113.860703,22.6098,0,3
26972,12:12:34,113.861504,22.6094,0,9
26972,12:13:04,113.863701,22.6073,0,38
26972,12:14:04,113.8666,22.6045,0,50
26972,12:14:35,113.869904,22.601101,0,64
26972,12:15:05,113.873001,22.598,0,24
26972,12:16:05,113.873299,22.5977,0,18
26972,12:16:35,113.875801,22.5954,0,53
26972,12:17:05,113.878098,22.593,0,27
26972,12:19:36,113.879204,22.5924,0,38
26972,12:20:06,113.8834,22.592899,0,55
26972,12:20:36,113.886902,22.593,0,38
26972,12:21:07,113.888603,22.5919,0,18
26972,12:21:37,113.889297,22.5903,0,16
26972,12:28:08,113.889603,22.5898,0,1
26972,12:33:39,113.889397,22.589899,0,1
26972,12:35:09,113.889397,22.589899,0,1
26972,12:36:40,113.889397,22.5898,0,1
26972,12:38:10,113.889397,22.589899,0,1
26972,12:39:10,113.889603,22.59,0,1
26972,12:42:41,113.889503,22.589899,0,1
26972,12:43:11,113.889397,22.589899,0,1
26972,12:49:13,113.889503,22.589899,0,1
26972,13:11:18,113.880501,22.593,0,14
26972,13:11:48,113.878799,22.5928,0,1
26972,13:12:29,113.876297,22.594999,1,61
26972,13:16:00,113.857201,22.6147,1,44
26972,13:16:30,113.856499,22.616501,1,12
26972,13:20:52,113.857002,22.622999,0,53
26972,13:21:53,113.858597,22.6266,0,42
26972,13:22:23,113.8592,22.6287,0,51
26972,13:24:23,113.859299,22.632,0,14
26972,13:24:53,113.857697,22.6313,0,29
26972,13:25:23,113.8564,22.629299,0,33
26972,13:25:53,113.855904,22.6278,0,16
26972,13:26:23,113.855301,22.627001,0,14
26972,13:26:53,113.856796,22.6259,0,37
26972,13:27:23,113.857002,22.6241,0,35
26972,13:34:09,113.855499,22.6194,1,70
26972,13:34:39,113.853401,22.6196,1,33
26972,13:35:09,113.8517,22.618401,1,46
26972,13:35:39,113.8507,22.6189,1,25
26972,13:36:10,113.8526,22.6164,1,38
26972,13:36:40,113.853996,22.613899,1,50
26972,13:37:10,113.855797,22.6103,1,51
26972,13:38:10,113.861603,22.6035,1,55
26972,13:38:40,113.863602,22.600401,1,37
26972,13:39:10,113.865601,22.597401,1,50
26972,13:39:41,113.867798,22.5938,1,55
26972,13:40:11,113.869904,22.5902,1,53
26972,13:40:41,113.872597,22.587099,1,48
26972,13:41:11,113.875298,22.584101,1,59
26972,13:41:41,113.878403,22.580799,1,53
26972,13:42:11,113.881401,22.5779,1,55
26972,13:42:42,113.885002,22.574499,1,57
26972,13:43:12,113.888397,22.571301,1,61
26972,13:43:42,113.891098,22.5686,1,37
26972,13:44:12,113.891998,22.566401,1,33
26972,13:44:42,113.890099,22.564301,1,7
26972,13:45:12,113.888702,22.563101,1,27
26972,13:47:13,113.886597,22.561399,1,33
26972,13:47:43,113.884598,22.5597,1,35
26972,13:48:13,113.883102,22.5581,1,11
26972,13:49:14,113.883904,22.5588,1,35
26972,13:56:00,113.890999,22.569099,1,40
26972,13:56:30,113.888397,22.571699,1,38
26972,13:57:00,113.886002,22.573999,1,48
26972,13:57:30,113.883102,22.576599,1,46
26972,13:58:00,113.883202,22.5786,1,3
26972,13:58:31,113.883301,22.578699,1,12
26972,13:59:01,113.885101,22.580099,1,11
26972,14:01:01,113.885399,22.5804,1,24
26972,14:01:31,113.887497,22.582199,1,37
26972,14:02:02,113.889,22.5821,1,16
26972,14:03:02,113.889297,22.5819,1,9
26972,14:03:37,113.8918,22.579399,0,35
26972,14:06:37,113.888603,22.583099,0,25
26972,14:07:07,113.890099,22.584101,0,7
26972,14:09:04,113.889999,22.584299,1,14
26972,14:12:35,113.892799,22.5784,1,46
26972,14:13:06,113.895302,22.5758,1,25
26972,14:13:11,113.886002,22.573999,1,0
26972,14:14:06,113.896896,22.574301,1,46
26972,14:16:37,113.900398,22.5707,1,48
26972,14:18:07,113.901703,22.5688,1,22
26972,14:19:45,113.900101,22.567301,0,22
26972,14:23:11,113.899803,22.567101,1,33
26972,14:23:41,113.901703,22.568701,1,11
26972,14:25:11,113.9039,22.570601,1,31
26972,14:25:42,113.905701,22.572201,1,22
26972,14:26:42,113.906097,22.5721,1,22
26972,14:27:12,113.908699,22.570999,1,35
26972,14:27:42,113.912102,22.570999,1,40
26972,14:28:12,113.914803,22.5725,1,38
26972,14:28:42,113.915901,22.573999,1,7
26972,14:29:13,113.915497,22.5744,1,31
26972,14:29:54,113.912697,22.577101,0,14
26972,14:30:54,113.911797,22.577,0,3
26972,14:32:22,113.912201,22.5772,1,1
26972,14:32:52,113.910797,22.579201,1,37
26972,14:34:23,113.909401,22.580601,1,11
26972,14:36:24,113.909599,22.5832,1,35
26972,14:36:54,113.907402,22.5853,1,33
26972,14:37:54,113.9058,22.587299,1,11
26972,14:38:24,113.904701,22.588499,1,33
26972,14:38:54,113.902298,22.591101,1,37
26972,14:39:25,113.900398,22.5935,1,40
26972,14:39:55,113.900101,22.5963,1,20
26972,14:40:25,113.901802,22.5965,1,38
26972,14:40:55,113.901901,22.5966,1,37
26972,14:41:25,113.899597,22.5966,1,33
26972,14:41:55,113.8983,22.596901,1,11
26972,14:42:25,113.898598,22.5977,1,7
26972,14:42:56,113.898102,22.5984,1,14
26972,14:43:56,113.897301,22.5996,1,18
26972,14:44:26,113.897301,22.600401,1,12
26972,14:44:56,113.897797,22.6001,1,1
26972,14:45:51,113.897797,22.6001,0,3
26972,14:47:21,113.896698,22.6007,0,5
26972,14:47:51,113.8964,22.5996,0,3
26972,14:48:21,113.895203,22.600599,0,44
26972,14:49:52,113.8946,22.601,0,1
26972,14:50:22,113.892403,22.601299,0,44
26972,14:51:22,113.886703,22.6038,0,22
26972,14:51:52,113.886299,22.602699,0,14
26972,14:53:06,113.885597,22.6021,1,31
26972,14:53:36,113.886803,22.6038,1,18
26972,14:54:06,113.889297,22.6035,1,50
26972,14:55:06,113.8955,22.599899,1,46
26972,14:55:36,113.897202,22.5973,1,48
26972,14:56:06,113.900002,22.596001,1,35
26972,14:57:07,113.903198,22.59,1,44
26972,14:57:37,113.9049,22.5882,1,9
26972,14:59:38,113.905296,22.5877,1,20
26972,15:00:35,113.906097,22.5867,0,42
26972,15:01:05,113.908501,22.5842,0,50
26972,15:04:05,113.912201,22.5804,0,51
26972,15:04:35,113.9151,22.5776,0,50
26972,15:05:05,113.915497,22.5772,0,7
26972,15:06:22,113.916801,22.581301,1,35
26972,15:06:52,113.917603,22.582001,1,38
26972,15:07:22,113.920303,22.584299,1,50
26972,15:07:52,113.920601,22.586,1,46
26972,15:08:23,113.918701,22.587799,1,5
26972,15:11:54,113.918404,22.5881,1,5
26972,15:12:24,113.917099,22.589899,1,42
26972,15:12:54,113.9151,22.592699,1,48
26972,15:13:24,113.915703,22.5965,1,50
26972,15:13:54,113.916603,22.6003,1,64
26972,15:14:24,113.919197,22.6049,1,68
26972,15:14:55,113.920799,22.609699,1,64
26972,15:15:25,113.920898,22.613899,1,66
26972,15:20:26,113.916702,22.648701,1,59
26972,15:20:56,113.915199,22.6523,1,46
26972,15:21:57,113.915802,22.6549,1,48
26972,15:22:27,113.917801,22.658501,1,57
26972,15:22:57,113.919998,22.662399,1,55
26972,15:23:27,113.920403,22.6663,1,46
26972,15:23:57,113.920403,22.6672,1,14
26972,15:24:27,113.920403,22.67,1,22
26972,15:25:58,113.920502,22.671101,1,24
26972,15:27:16,113.920898,22.671499,0,1
26972,15:30:19,113.921501,22.676399,1,7
26972,15:30:49,113.920197,22.6766,1,33
26972,15:31:55,113.917702,22.675301,0,24
26972,15:32:25,113.916,22.6749,0,3
26972,15:33:16,113.913902,22.6754,1,16
26972,15:33:46,113.910797,22.6754,1,50
26972,15:34:16,113.907303,22.6752,1,44
26972,15:34:46,113.903,22.6737,1,59
26972,15:35:17,113.899902,22.6733,1,37
26972,15:35:47,113.895699,22.6744,1,64
26972,15:37:17,113.888298,22.674299,1,35
26972,15:37:47,113.885498,22.6728,1,38
26972,15:38:48,113.882103,22.6716,1,50
26972,15:39:18,113.877403,22.6709,1,64
26972,15:40:18,113.874496,22.670401,1,44
26972,15:40:48,113.870201,22.6698,1,57
26972,15:41:19,113.866203,22.672199,1,64
26972,15:41:49,113.862801,22.676001,1,66
26972,15:42:19,113.858101,22.677401,1,62
26972,15:44:50,113.836998,22.680401,1,12
26972,15:45:20,113.838799,22.6828,1,51
26972,15:45:50,113.841301,22.6859,1,35
26972,15:46:20,113.843803,22.6859,1,33
26972,15:48:03,113.844902,22.685499,0,16
26972,15:50:33,113.841698,22.686501,0,31
26972,15:51:03,113.8396,22.683901,0,53
26972,15:51:33,113.837097,22.6807,0,51
26972,15:52:03,113.834999,22.6782,0,24
26972,15:54:03,113.834602,22.6777,0,12
26972,15:56:33,113.836098,22.6782,0,37
26972,15:59:33,113.858597,22.676901,0,50
26972,16:00:03,113.863197,22.6754,0,62
26972,16:00:33,113.866302,22.671801,0,44
26972,16:01:03,113.866898,22.6693,0,31
26972,16:01:33,113.864799,22.6677,0,40
26972,16:02:34,113.862602,22.664499,0,11
26972,16:03:04,113.864502,22.667,0,64
26972,16:03:34,113.8694,22.6695,0,74
26972,16:04:04,113.874496,22.6702,0,40
26972,16:05:04,113.876999,22.670601,0,40
26972,16:05:34,113.880203,22.671,0,22
26972,16:06:04,113.882301,22.669201,0,40
26972,16:06:34,113.884697,22.669201,0,24
26972,16:07:04,113.886703,22.670401,0,33
26972,16:09:05,113.887901,22.6712,0,24
26972,16:09:35,113.885696,22.6698,0,12
26972,16:10:05,113.884499,22.6717,0,31
26972,16:11:05,113.885902,22.672899,0,16
26972,16:13:49,113.888901,22.6744,1,40
26972,16:14:20,113.892403,22.674999,1,18
26972,16:14:50,113.8909,22.6735,1,7
26972,16:15:20,113.890503,22.673201,1,11
26972,16:15:50,113.890099,22.672001,1,42
26972,16:16:20,113.8908,22.67,1,29
26972,16:16:50,113.891899,22.6663,1,61
26972,16:17:21,113.893402,22.6609,1,75
26972,16:17:51,113.897202,22.656099,1,79
26972,16:18:21,113.902397,22.6525,1,81
26972,16:19:21,113.906601,22.642099,1,75
26972,16:19:51,113.907898,22.6364,1,77
26972,16:20:21,113.9105,22.631001,1,75
26972,16:21:22,113.917397,22.6222,1,62
26972,16:22:22,113.918198,22.6208,1,1
26972,16:22:52,113.918999,22.620199,1,37
26972,16:25:53,113.917099,22.601999,1,75
26972,16:26:23,113.915604,22.596901,1,66
26972,16:26:54,113.915001,22.5919,1,42
26972,16:28:24,113.915398,22.591299,1,1
26972,16:28:54,113.917297,22.589199,1,44
26972,16:29:24,113.916603,22.587099,1,46
26972,16:30:25,113.913902,22.584801,1,29
26972,16:30:55,113.9114,22.5826,1,25
26972,16:31:55,113.910301,22.5816,1,25
26972,16:33:26,113.908897,22.5804,1,35
26972,16:33:56,113.906403,22.5783,1,27
26972,16:34:26,113.904701,22.5769,1,38
26972,16:35:26,113.900398,22.5732,1,31
26972,16:38:27,113.900002,22.572701,1,18
26972,16:38:57,113.898598,22.5716,1,33
26972,16:39:27,113.896896,22.5702,1,11
26972,16:41:58,113.896301,22.569599,1,25
26972,16:42:28,113.893799,22.567801,1,40
26972,16:42:58,113.892097,22.566601,1,37
26972,16:43:29,113.894302,22.565001,1,31
26972,16:43:59,113.896599,22.563101,1,48
26972,16:44:29,113.8993,22.5609,1,22
26972,16:44:59,113.900703,22.5599,1,18
26972,16:45:29,113.899101,22.557899,1,40
26972,16:46:48,113.8992,22.5578,0,20
26972,16:49:49,113.894501,22.554001,0,16
26972,16:50:19,113.891602,22.551399,0,62
26972,17:11:37,113.864403,22.5996,1,40
26972,17:12:07,113.862801,22.6022,1,31
26972,17:12:37,113.8619,22.6036,1,29
26972,17:13:07,113.8601,22.6059,1,48
26972,17:13:37,113.8573,22.608601,1,51
26972,17:14:07,113.856003,22.6106,1,11
26972,17:14:38,113.855202,22.6122,1,42
26972,17:15:08,113.857697,22.613501,1,42
26972,17:15:38,113.860703,22.6105,1,53
26972,17:16:08,113.863297,22.6078,1,12
26972,17:17:08,113.864197,22.606899,1,38
26972,17:17:43,113.8657,22.6054,0,1
26972,17:20:43,113.8666,22.5996,0,22
26972,17:21:13,113.867104,22.597799,0,38
26972,17:21:43,113.868896,22.595301,0,35
26972,17:22:14,113.8694,22.594601,0,3
26972,17:22:44,113.870399,22.593201,0,22
26972,17:23:14,113.870697,22.592899,0,7
26972,17:23:44,113.869797,22.594801,0,25
26972,17:24:14,113.871399,22.5958,0,20
26972,17:24:44,113.872002,22.5963,0,20
26972,17:25:15,113.873802,22.5972,0,11
26972,17:25:44,113.875603,22.595501,0,38
26972,17:26:45,113.877296,22.5937,0,16
26972,17:27:15,113.877899,22.5931,0,9
26972,17:33:47,113.884598,22.5933,0,42
26972,17:34:17,113.8815,22.5931,0,27
26972,17:34:47,113.881104,22.594299,0,14
26972,17:40:17,113.880997,22.594,0,1
26972,17:40:47,113.8806,22.5952,0,16
26972,17:41:18,113.880402,22.5956,0,3
26972,17:41:48,113.879898,22.596399,0,14
26972,17:43:11,113.8694,22.594601,0,0
26972,17:44:12,113.881104,22.594299,0,0
26972,17:45:13,113.881104,22.594101,1,31
26972,17:47:33,113.880402,22.593,1,12
26972,17:48:34,113.877701,22.593599,1,33
26972,17:49:04,113.875702,22.595699,1,31
26972,17:49:34,113.8741,22.597401,1,24
26972,17:50:04,113.875298,22.598801,1,12
26972,17:50:34,113.875603,22.598801,1,1
26972,18:06:47,113.875504,22.598801,0,7
26972,18:07:17,113.876503,22.5998,0,24
26972,18:07:47,113.878098,22.601101,0,27
26972,18:08:18,113.8797,22.6026,0,24
26972,18:08:48,113.881104,22.6028,0,16
26972,18:09:18,113.882698,22.602301,0,14
26972,18:09:48,113.884102,22.6019,0,20
26972,18:10:18,113.885696,22.6022,0,29
26972,18:11:18,113.886803,22.603901,0,14
26972,18:11:47,113.888702,22.603901,0,40
26972,18:12:17,113.891701,22.601601,0,50
26972,18:12:47,113.895302,22.600401,0,48
26972,18:13:17,113.896202,22.598,0,25
26972,18:13:47,113.894096,22.5958,0,44
26972,18:14:18,113.891701,22.594101,0,20
26972,18:14:48,113.891602,22.593399,0,5
26972,18:29:19,113.871803,22.5882,1,12
26972,18:29:49,113.872101,22.589001,1,12
26972,18:30:19,113.872498,22.5881,1,20
26972,18:30:49,113.869904,22.5861,1,37
26972,18:31:19,113.867798,22.5846,1,22
26972,18:33:50,113.866898,22.584,1,14
26972,18:34:20,113.866302,22.5835,1,16
26972,18:36:21,113.865898,22.5833,1,3
26972,18:36:51,113.865097,22.5825,1,22
26972,18:37:21,113.864098,22.581499,1,5
26972,18:39:22,113.864098,22.581499,1,3
26972,18:39:52,113.8629,22.5802,1,50
26972,18:40:22,113.860703,22.5779,1,7
26972,18:40:52,113.859299,22.576401,1,46
26972,18:41:23,113.8564,22.5734,1,51
26972,18:41:53,113.853203,22.570101,1,18
26972,18:44:23,113.853203,22.570101,1,3
26972,18:44:54,113.854599,22.568399,1,7
26972,18:45:41,113.855797,22.5676,0,11
26972,18:48:39,113.859001,22.575899,1,40
26972,18:49:39,113.860497,22.577299,1,48
26972,18:50:09,113.862701,22.579599,1,9
26972,18:52:40,113.862999,22.58,1,11
26972,18:53:10,113.864304,22.581301,1,37
26972,18:54:09,113.866798,22.5837,1,40
26972,18:55:11,113.871696,22.587299,1,20
26972,18:55:41,113.872902,22.5886,1,22
26972,18:56:11,113.870499,22.5896,1,35
26972,18:56:41,113.8685,22.592899,1,50
26972,18:57:11,113.866501,22.5965,1,50
26972,18:57:41,113.864098,22.599899,1,55
26972,18:58:11,113.861603,22.6036,1,51
26972,18:58:42,113.8592,22.6066,1,44
26972,18:59:12,113.856796,22.6091,1,44
26972,18:59:42,113.855698,22.611,1,37
26972,19:00:12,113.855698,22.6131,1,31
26972,19:02:43,113.8573,22.6138,1,16
26972,19:03:13,113.856903,22.6157,1,31
26972,19:04:47,113.856499,22.616301,1,25
26972,19:05:17,113.856903,22.6152,1,1
26972,19:06:48,113.856903,22.615101,1,11
26972,19:07:18,113.857399,22.6138,1,24
26972,19:07:48,113.859703,22.611401,1,35
26972,19:08:18,113.862198,22.6089,1,51
26972,19:08:49,113.865303,22.6059,1,33
26972,19:10:19,113.868698,22.6024,1,55
26972,19:10:49,113.8713,22.599701,1,31
26972,19:11:19,113.872101,22.598801,1,12
26972,19:11:49,113.873199,22.5979,1,12
26972,19:12:20,113.875099,22.596001,1,42
26972,19:12:50,113.8769,22.5942,1,18
26972,19:13:50,113.878197,22.5928,1,5
26972,19:20:22,113.886597,22.584499,1,37
26972,19:30:12,113.886597,22.584499,1,0
26972,20:16:09,113.812401,22.7034,0,29
26972,20:16:39,113.811302,22.700199,0,38
26972,20:17:09,113.8097,22.697599,0,42
26972,20:17:39,113.8078,22.694599,0,44
26972,20:19:10,113.806702,22.692801,0,5
26972,20:19:40,113.805397,22.690701,0,40
26972,20:22:11,113.803802,22.6882,0,24
26972,20:22:41,113.802696,22.686399,0,22
26972,20:23:55,113.7976,22.686199,1,42
26972,20:30:15,113.797501,22.6745,0,35
26972,20:30:45,113.7994,22.6723,0,24
26972,20:31:15,113.800797,22.671101,0,22
26972,20:31:45,113.801903,22.669399,0,27
26972,20:32:16,113.804398,22.6674,0,44
26972,20:35:47,113.811501,22.6693,0,33
26972,20:36:47,113.814102,22.671,0,22
26972,20:37:17,113.815804,22.6721,0,24
26972,20:37:47,113.817299,22.6731,0,7
26972,20:42:14,113.822601,22.6766,1,7
26972,20:44:43,113.823502,22.6772,1,29
26972,20:45:15,113.826698,22.6772,1,42
26972,20:45:45,113.829697,22.6772,1,38
26972,20:46:15,113.833,22.6772,1,35
26972,20:47:11,113.800797,22.671101,0,0
26972,20:48:15,113.834702,22.6775,1,33
26972,20:48:46,113.836899,22.680401,1,38
26972,20:49:46,113.8414,22.686001,1,37
26972,20:51:47,113.839302,22.6884,1,33
26972,20:52:47,113.838501,22.688801,1,16
26972,20:53:17,113.840698,22.687401,1,42
26972,20:53:47,113.840698,22.685301,1,48
26972,20:54:17,113.838097,22.6821,1,44
26972,20:54:47,113.835999,22.679399,1,42
26972,20:55:18,113.833603,22.6772,1,37
26972,20:55:48,113.830803,22.6772,1,31
26972,20:56:18,113.828499,22.6772,1,29
26972,20:56:48,113.827797,22.6772,1,3
26972,20:57:18,113.827301,22.6772,1,14
26972,21:00:19,113.825996,22.6772,1,3
26972,21:04:50,113.824097,22.677299,1,29
26972,21:05:21,113.822403,22.6766,1,11
26972,21:05:51,113.820801,22.675501,1,27
26972,21:06:21,113.818802,22.674299,1,31
26972,21:06:51,113.816299,22.6726,1,24
26972,21:08:57,113.817802,22.6733,0,31
26972,21:09:27,113.819702,22.6747,0,27
26972,21:09:57,113.821297,22.675699,0,22
26972,21:10:27,113.822701,22.6766,0,12
26972,21:10:57,113.823402,22.6747,0,24
26972,21:11:27,113.823402,22.6731,0,7
26972,21:15:27,113.823303,22.672899,0,3
26972,21:15:57,113.823402,22.670799,0,40
26972,21:16:28,113.823402,22.667601,0,50
26972,21:16:58,113.822899,22.6633,0,55
26972,21:17:28,113.822197,22.6597,0,48
26972,21:17:58,113.8218,22.656099,0,50
26972,21:18:28,113.823402,22.652599,0,55
26972,21:19:28,113.829399,22.6458,0,53
26972,21:19:59,113.8312,22.643,0,35
26972,21:20:29,113.833702,22.6404,0,29
26972,21:21:24,113.8358,22.6383,1,29
26972,21:21:54,113.837898,22.636101,1,50
26972,21:22:24,113.8405,22.6332,1,50
26972,21:22:55,113.842903,22.630501,1,40
26972,21:23:25,113.844704,22.627199,1,44
26972,21:24:25,113.846901,22.622999,1,31
26972,21:24:55,113.8433,22.621799,1,53
26972,21:25:25,113.838303,22.620501,1,68
26972,21:25:56,113.832603,22.6185,1,72
26972,21:26:26,113.8274,22.6161,1,70
26972,21:26:56,113.823196,22.6141,1,48
26972,21:27:26,113.819397,22.6124,1,46
26972,21:28:26,113.814102,22.617901,1,55
26972,21:28:56,113.812103,22.6217,1,51
26972,21:29:27,113.812897,22.625401,1,50
26972,21:29:57,113.810898,22.628099,1,38
26972,21:31:04,113.809097,22.6273,0,20
26972,21:31:34,113.8069,22.626301,0,37
26972,21:32:04,113.8069,22.623501,0,53
26972,21:32:34,113.808899,22.619801,0,53
26972,21:33:04,113.811203,22.6157,0,61
26972,22:56:55,113.894402,22.5853,1,38
26972,22:58:25,113.892601,22.5849,1,50
26972,22:59:25,113.889999,22.5851,1,40
26972,22:59:55,113.888603,22.5879,1,42
26972,23:00:26,113.886597,22.5882,1,27
26972,23:00:56,113.885597,22.587799,1,29
26972,23:01:26,113.883904,22.5874,1,42
26972,23:01:56,113.881203,22.590099,1,20
26972,23:02:26,113.880302,22.590099,1,33
26972,23:02:56,113.877502,22.587799,1,25
26972,23:03:49,113.875603,22.5863,0,12
26972,23:08:50,113.866997,22.598,0,46
26972,23:09:20,113.864998,22.5987,0,14
26972,23:09:50,113.863297,22.6014,0,46
26972,23:10:21,113.861397,22.6043,0,44
26972,23:10:51,113.859001,22.607,0,48
26972,23:11:20,113.8564,22.6098,0,44
26972,23:11:51,113.855103,22.612801,0,25
26972,23:13:51,113.854202,22.6143,0,42
26972,23:14:17,113.852699,22.616899,0,38
26972,23:14:51,113.850601,22.620001,0,53
26972,23:15:21,113.847801,22.623199,0,51
26972,23:15:51,113.845596,22.626301,0,40
26972,23:16:21,113.8442,22.6292,0,38
26972,23:16:52,113.842499,22.631701,0,46
26972,23:17:22,113.839996,22.6346,0,33
26972,23:17:51,113.838097,22.635599,0,44
26972,23:18:21,113.8405,22.633101,0,40
26972,23:18:51,113.842598,22.6306,0,24
26972,23:19:21,113.843201,22.629601,0,31
26972,23:19:51,113.844704,22.6269,0,37
26972,23:20:22,113.8442,22.625799,0,22
26972,23:22:51,113.843201,22.6257,0,3
26972,23:23:52,113.843399,22.6257,0,22
26972,23:24:22,113.845398,22.6257,0,31
26972,23:24:52,113.847298,22.6231,0,38
26972,23:25:22,113.849701,22.620399,0,42
26972,23:25:51,113.849998,22.618,0,35
26972,23:26:21,113.851898,22.618299,0,48
26972,23:27:21,113.850899,22.619699,0,37
26972,23:27:50,113.848297,22.622601,0,55
26972,23:28:11,113.852699,22.616899,0,0
26972,23:28:20,113.845802,22.6259,0,51
26972,23:28:51,113.844002,22.629601,0,38
26972,23:29:21,113.843903,22.6301,0,11
26972,23:29:51,113.844597,22.629101,0,25
26972,23:30:21,113.844704,22.628799,0,1
26972,23:30:51,113.844902,22.6287,0,1
26972,23:35:52,113.844803,22.628799,0,1
26972,23:41:53,113.842598,22.6255,0,29
26972,23:42:23,113.840698,22.624701,0,22
26972,23:42:53,113.839401,22.622999,0,31
26972,23:43:19,113.838303,22.620701,0,35
26972,23:43:53,113.839203,22.6187,0,29
26972,23:44:23,113.840401,22.617201,0,9
26972,23:44:54,113.840797,22.6166,0,12
26972,23:45:24,113.841599,22.615601,0,11
26972,23:45:54,113.842102,22.614901,0,12
26972,23:46:24,113.843102,22.613199,0,24
26972,23:47:24,113.845901,22.6113,0,42
26972,23:48:24,113.8479,22.610001,0,46
26972,23:48:55,113.852097,22.611601,0,53
26972,23:50:30,113.856003,22.6098,1,51
26972,23:51:00,113.859901,22.6057,1,74
26972,23:51:30,113.863098,22.6012,1,62
26972,23:52:00,113.865601,22.5973,1,62
26972,23:52:31,113.868401,22.5928,1,70
26972,23:53:01,113.8713,22.588499,1,62
26972,23:53:31,113.874702,22.5847,1,70
26972,23:56:02,113.893799,22.565701,1,46
26972,23:57:06,113.894501,22.5646,0,12
