30650,00:04:38,114.087936,22.544666,1,5
30650,00:05:33,114.087814,22.546417,1,4
30650,00:06:28,114.087814,22.546717,1,0
30650,00:07:23,114.087982,22.5499,1,17
30650,00:08:18,114.087936,22.55125,1,7
30650,00:09:13,114.085449,22.5541,1,25
30650,00:10:08,114.08297,22.556084,1,25
30650,00:11:03,114.082169,22.558832,1,28
30650,00:11:58,114.085365,22.564182,1,43
30650,00:12:53,114.085281,22.569799,1,46
30650,00:13:49,114.077103,22.5725,1,60
30650,00:14:44,114.069901,22.56945,1,53
30650,00:15:39,114.060333,22.567583,1,65
30650,00:16:34,114.053596,22.56535,1,47
30650,00:17:29,114.048752,22.5665,1,34
30650,00:18:24,114.048737,22.567432,1,4
30650,00:19:20,114.048737,22.567667,1,0
30650,00:20:15,114.04892,22.568184,1,1
30650,00:21:10,114.048035,22.56555,1,19
30650,00:22:05,114.040703,22.563833,1,47
30650,00:23:00,114.041451,22.560867,1,43
30650,00:23:55,114.043533,22.557083,1,29
30650,00:24:50,114.043983,22.555634,1,9
30650,00:25:45,114.044136,22.5509,1,34
30650,00:26:40,114.044136,22.5509,1,0
30650,00:27:35,114.044365,22.54215,1,58
30650,00:28:30,114.044464,22.533951,1,59
30650,00:29:25,114.044769,22.526518,1,54
30650,00:30:20,114.042068,22.521584,1,39
30650,00:31:16,114.045097,22.519432,1,25
30650,00:32:11,114.050613,22.517151,1,44
30650,00:33:06,114.051636,22.511667,1,39
30650,00:34:56,114.051582,22.511183,1,0
30650,00:35:51,114.049286,22.510883,1,11
30650,00:36:46,114.044914,22.510851,1,24
30650,00:37:41,114.044815,22.510817,1,0
30650,00:38:36,114.044815,22.510817,1,0
30650,00:39:31,114.044815,22.510817,1,0
30650,00:39:54,114.044815,22.510817,0,0
30650,00:40:49,114.044815,22.510817,0,0
30650,00:40:56,114.044815,22.510817,1,0
30650,00:41:51,114.044815,22.510817,1,0
30650,00:42:46,114.043617,22.511032,1,4
30650,00:43:41,114.042816,22.512733,1,27
30650,00:44:36,114.048866,22.512367,1,40
30650,00:45:31,114.054871,22.513683,1,41
30650,00:46:26,114.056915,22.514732,1,13
30650,00:47:21,114.062218,22.518351,1,43
30650,00:48:16,114.061935,22.521784,1,34
30650,00:49:11,114.063202,22.525633,1,29
30650,00:50:06,114.063148,22.53035,1,31
30650,00:51:01,114.063049,22.538317,1,57
30650,00:51:56,114.06282,22.546301,1,57
30650,00:52:51,114.06282,22.551283,1,36
30650,00:53:46,114.062599,22.559732,1,61
30650,00:54:41,114.062317,22.568716,1,64
30650,00:55:36,114.060867,22.575399,1,49
30650,00:56:31,114.060135,22.578449,1,43
30650,00:57:26,114.05442,22.582251,1,52
30650,00:58:21,114.050285,22.589767,1,63
30650,00:59:16,114.046303,22.596666,1,57
30650,01:00:11,114.0438,22.600901,1,37
30650,01:01:06,114.0466,22.604067,1,34
30650,01:02:01,114.049835,22.6045,1,21
30650,01:02:02,114.049835,22.6045,1,21
30650,01:03:51,114.054047,22.607983,1,20
30650,01:04:46,114.054665,22.610018,1,12
30650,01:05:41,114.055847,22.616667,1,47
30650,01:06:36,114.059669,22.619316,1,42
30650,01:07:33,114.065086,22.619368,1,26
30650,01:07:50,114.065102,22.61935,1,0
30650,01:08:46,114.066315,22.618317,1,9
30650,01:09:41,114.066315,22.618317,1,0
30650,01:10:36,114.065918,22.619232,1,5
30650,01:11:31,114.066666,22.619417,1,12
30650,01:12:26,114.062881,22.6194,1,24
30650,01:13:21,114.059547,22.619368,1,20
30650,01:14:16,114.055679,22.619066,1,26
30650,01:14:34,114.055634,22.618668,0,8
30650,01:14:38,114.055634,22.618668,1,0
30650,01:15:33,114.055634,22.618668,1,0
30650,01:18:19,114.054047,22.60825,1,33
30650,01:18:20,114.054047,22.60825,1,33
30650,01:19:14,114.05072,22.60495,1,33
30650,01:20:09,114.048615,22.604418,1,12
30650,01:21:04,114.043564,22.604767,1,34
30650,01:21:59,114.043701,22.600332,1,31
30650,01:22:56,114.045067,22.596434,1,25
30650,01:23:51,114.048615,22.591766,1,42
30650,01:24:48,114.052902,22.586567,1,13
30650,01:25:43,114.055298,22.5802,1,48
30650,01:26:00,114.056648,22.578783,1,44
30650,01:26:56,114.063316,22.5776,1,45
30650,01:28:46,114.067497,22.567734,1,43
30650,01:29:41,114.067635,22.561951,1,41
30650,01:30:36,114.067719,22.558434,1,25
30650,01:31:31,114.067719,22.558434,1,0
30650,01:32:29,114.072182,22.5581,1,36
30650,01:32:46,114.073952,22.558117,1,37
30650,01:32:48,114.07415,22.558117,1,40
30650,01:32:49,114.07415,22.558117,1,40
30650,01:34:39,114.087486,22.558332,1,42
30650,01:35:34,114.09053,22.558384,1,20
30650,01:36:30,114.092484,22.558434,1,11
30650,01:37:24,114.097351,22.558517,1,32
30650,01:38:22,114.101219,22.55855,1,27
30650,01:39:09,114.104935,22.558649,1,28
30650,01:39:10,114.104935,22.558649,1,28
30650,01:41:00,114.115021,22.558718,1,24
30650,01:41:55,114.115021,22.558718,1,0
30650,01:42:50,114.115021,22.558718,1,0
30650,01:43:45,114.115021,22.558718,1,0
30650,01:44:42,114.115219,22.558567,1,0
30650,01:45:24,114.115219,22.558567,1,0
30650,01:46:20,114.115219,22.558567,1,0
30650,01:46:47,114.115219,22.558567,0,0
30650,01:47:42,114.115219,22.558567,0,0
30650,01:48:37,114.115219,22.558567,0,0
30650,01:49:00,114.115219,22.558567,1,0
30650,01:49:55,114.115219,22.558567,1,0
30650,01:50:50,114.115219,22.558567,1,0
30650,01:51:45,114.115219,22.558567,1,0
30650,01:52:40,114.115219,22.558567,1,0
30650,01:53:35,114.115219,22.558567,1,0
30650,01:53:36,114.115219,22.558567,1,0
30650,01:55:25,114.115318,22.553967,1,2
30650,01:56:20,114.116615,22.550617,1,26
30650,01:57:15,114.116585,22.548517,1,13
30650,01:58:10,114.117035,22.546984,1,9
30650,01:59:07,114.115814,22.543167,1,17
30650,02:00:02,114.113998,22.542633,1,7
30650,02:01:00,114.113953,22.542618,1,0
30650,02:01:47,114.11348,22.541567,1,8
30650,02:02:43,114.113632,22.541983,1,1
30650,02:03:38,114.115318,22.5429,1,12
30650,02:04:33,114.117767,22.54365,1,14
30650,02:06:23,114.116852,22.547733,1,8
30650,02:07:18,114.117485,22.549967,1,19
30650,02:08:13,114.117653,22.550051,1,0
30650,02:09:08,114.116699,22.551832,1,3
30650,02:10:03,114.114571,22.553118,1,21
30650,02:10:58,114.113533,22.551483,1,10
30650,02:11:54,114.113533,22.551483,1,0
30650,02:12:49,114.113533,22.551483,1,0
30650,02:13:44,114.113533,22.551483,1,0
30650,02:14:39,114.113533,22.551483,1,0
30650,02:15:34,114.113533,22.551483,1,0
30650,02:16:29,114.113533,22.551483,1,0
30650,02:17:24,114.113533,22.551483,1,0
30650,02:18:19,114.113533,22.551483,1,0
30650,02:19:14,114.113533,22.551483,1,0
30650,02:20:09,114.113533,22.551483,1,0
30650,02:21:04,114.113533,22.551483,1,0
30650,02:21:59,114.113533,22.551483,1,0
30650,02:22:54,114.113419,22.55035,1,1
30650,02:23:49,114.110519,22.548,1,24
30650,02:24:44,114.109901,22.546667,1,9
30650,02:25:39,114.110352,22.541218,1,36
30650,02:26:34,114.110603,22.53915,1,12
30650,02:27:29,114.111031,22.543234,1,29
30650,02:27:30,114.111031,22.543234,1,29
30650,02:29:19,114.111336,22.554283,1,40
30650,02:30:14,114.11467,22.553801,1,22
30650,02:31:09,114.11348,22.550833,1,15
30650,02:32:04,114.114349,22.550632,1,3
30650,02:33:01,114.115021,22.552851,1,3
30650,02:33:17,114.114899,22.553583,1,19
30650,02:34:07,114.113449,22.551067,0,16
30650,02:34:17,114.113449,22.551067,1,0
30650,02:35:02,114.113449,22.551067,0,0
30650,02:35:57,114.113449,22.551067,0,0
30650,02:36:52,114.113449,22.551067,0,0
30650,02:37:47,114.113449,22.551067,0,0
30650,02:38:42,114.113449,22.551067,0,0
30650,02:39:37,114.113449,22.551067,0,0
30650,02:40:32,114.113449,22.551067,0,0
30650,02:41:27,114.113449,22.551067,0,0
30650,02:43:17,114.113449,22.551067,1,0
30650,02:44:12,114.113449,22.551067,1,0
30650,02:46:02,114.113449,22.551067,1,0
30650,02:46:58,114.113449,22.551067,1,0
30650,02:47:53,114.113449,22.551067,1,0
30650,02:48:48,114.113449,22.551067,1,0
30650,02:49:43,114.113449,22.551067,1,0
30650,02:50:38,114.113449,22.551067,1,0
30650,02:51:33,114.113449,22.551067,1,0
30650,02:53:23,114.113449,22.551067,1,0
30650,02:54:18,114.113449,22.551067,1,0
30650,02:55:13,114.113449,22.551067,1,0
30650,02:56:08,114.113449,22.551067,1,0
30650,02:57:03,114.113449,22.551067,1,0
30650,02:57:58,114.113449,22.551067,1,0
30650,02:58:53,114.113449,22.551067,1,0
30650,02:59:48,114.113449,22.551067,1,0
30650,03:00:43,114.113449,22.551067,1,0
30650,03:01:38,114.113449,22.551067,1,0
30650,03:02:33,114.113449,22.551067,1,0
30650,03:03:28,114.113449,22.551067,1,0
30650,03:04:23,114.113449,22.551067,1,0
30650,03:05:18,114.113449,22.551067,1,0
30650,03:06:13,114.113449,22.551067,1,0
30650,03:07:08,114.113449,22.551067,1,0
30650,03:08:03,114.113449,22.551067,1,0
30650,03:08:58,114.113449,22.551067,1,0
30650,03:09:53,114.113449,22.551067,1,0
30650,03:10:48,114.113449,22.551067,1,0
30650,03:11:43,114.114952,22.552183,1,7
30650,03:12:38,114.115669,22.557417,1,36
30650,03:13:33,114.120583,22.559,1,43
30650,03:14:28,114.118347,22.565033,1,52
30650,03:15:23,114.117851,22.5734,1,60
30650,03:16:18,114.114685,22.581717,1,64
30650,03:17:13,114.11673,22.583616,1,23
30650,03:18:08,114.115166,22.586082,1,17
30650,03:19:03,114.114014,22.587482,1,11
30650,03:19:58,114.112549,22.588249,1,1
30650,03:20:55,114.112251,22.588417,1,0
30650,03:21:50,114.112465,22.588383,1,0
30650,03:22:45,114.113052,22.587717,1,3
30650,03:23:40,114.1138,22.5854,1,19
30650,03:24:35,114.111786,22.585251,1,18
30650,03:25:30,114.114098,22.5826,1,22
30650,03:26:25,114.1166,22.576851,1,44
30650,03:27:20,114.117615,22.569851,1,52
30650,03:28:15,114.115784,22.56555,1,34
30650,03:29:10,114.114799,22.560534,1,42
30650,03:30:05,114.115448,22.556017,1,29
30650,03:31:00,114.114769,22.553333,1,17
30650,03:31:55,114.113235,22.549999,1,19
30650,03:32:50,114.10965,22.5471,1,32
30650,03:33:45,114.110268,22.542101,1,35
30650,03:34:42,114.110268,22.542049,1,0
30650,03:34:57,114.110382,22.541468,1,8
30650,03:35:52,114.109283,22.537783,1,33
30650,03:36:47,114.103447,22.5382,1,41
30650,03:37:42,114.093987,22.538183,1,63
30650,03:37:43,114.093987,22.538183,1,63
30650,03:39:32,114.078117,22.534767,1,43
30650,03:40:27,114.076767,22.535851,1,4
30650,03:41:22,114.075119,22.537149,1,9
30650,03:42:17,114.074783,22.537434,1,1
30650,03:43:15,114.073517,22.536449,1,8
30650,03:44:01,114.072067,22.535583,1,9
30650,03:44:57,114.068535,22.53195,1,45
30650,03:45:52,114.067551,22.530582,1,37
30650,03:46:47,114.071854,22.530968,1,42
30650,03:47:42,114.072037,22.528717,1,14
30650,03:48:37,114.07122,22.527201,1,8
30650,03:49:34,114.070198,22.527149,1,5
30650,03:50:29,114.070702,22.5271,1,3
30650,03:51:24,114.06942,22.5268,1,5
30650,03:52:19,114.068184,22.526983,1,6
30650,03:53:14,114.070381,22.531549,1,39
30650,03:54:09,114.077751,22.532383,1,50
30650,03:55:04,114.081779,22.537117,1,45
30650,03:55:05,114.081779,22.537117,1,45
30650,03:56:54,114.096382,22.537933,1,48
30650,03:57:49,114.1026,22.537968,1,41
30650,03:58:44,114.106781,22.540632,1,42
30650,03:59:39,114.111084,22.541901,1,32
30650,04:00:37,114.113014,22.542217,1,0
30650,04:01:19,114.113014,22.542217,1,0
30650,04:02:15,114.115601,22.542749,1,14
30650,04:03:10,114.117531,22.543367,1,11
30650,04:04:05,114.117203,22.5462,1,21
30650,04:05:00,114.116783,22.547934,1,8
30650,04:05:55,114.117035,22.550983,1,22
30650,04:06:50,114.115997,22.552483,1,12
30650,04:07:45,114.115532,22.555883,1,23
30650,04:08:42,114.115349,22.558533,1,2
30650,04:08:59,114.115349,22.558533,1,0
30650,04:09:55,114.115349,22.558533,1,0
30650,04:10:50,114.115349,22.558533,1,0
30650,04:12:40,114.115349,22.558533,1,0
30650,04:13:35,114.115349,22.558533,1,0
30650,04:14:30,114.115349,22.558533,1,0
30650,04:15:25,114.115349,22.558533,1,0
30650,04:16:20,114.115349,22.558533,1,0
30650,04:17:15,114.115349,22.558533,1,0
30650,04:18:10,114.115349,22.558533,1,0
30650,04:19:06,114.115349,22.558533,1,0
30650,04:20:01,114.115349,22.558533,1,0
30650,04:20:56,114.115349,22.558533,1,0
30650,04:21:51,114.115349,22.558533,1,0
30650,04:22:46,114.115349,22.558533,1,0
30650,04:23:41,114.115349,22.558533,1,0
30650,04:24:36,114.115349,22.558533,1,0
30650,04:25:31,114.115349,22.558533,1,0
30650,04:26:26,114.115349,22.558533,1,0
30650,04:27:21,114.115349,22.558533,1,0
30650,04:28:16,114.115349,22.558533,1,0
30650,04:29:11,114.115349,22.558533,1,0
30650,04:30:06,114.115349,22.558533,1,0
30650,04:31:02,114.115349,22.558533,1,0
30650,04:31:57,114.115349,22.558533,1,0
30650,04:32:52,114.115349,22.558533,1,0
30650,04:33:47,114.115349,22.558533,1,0
30650,04:34:42,114.115349,22.558533,1,0
30650,04:35:37,114.115349,22.558533,1,0
30650,04:36:32,114.115349,22.558533,1,0
30650,04:37:27,114.115349,22.558533,1,0
30650,04:38:22,114.115349,22.558533,1,0
30650,04:39:17,114.115349,22.558533,1,0
30650,04:40:12,114.115349,22.558533,1,0
30650,04:41:07,114.115433,22.555883,1,14
30650,04:42:02,114.115646,22.557734,1,30
30650,04:42:57,114.120415,22.559183,1,39
30650,04:43:52,114.118568,22.563618,1,43
30650,04:44:47,114.117836,22.571117,1,53
30650,04:45:42,114.115814,22.578518,1,56
30650,04:46:37,114.11235,22.585632,1,57
30650,04:47:32,114.109421,22.5923,1,53
30650,04:48:27,114.113266,22.599867,1,60
30650,04:49:22,114.118652,22.606016,1,57
30650,04:50:17,114.126465,22.610233,1,60
30650,04:51:12,114.132133,22.610434,1,41
30650,04:52:07,114.137398,22.609301,1,36
30650,04:53:02,114.136452,22.60965,1,14
30650,04:54:53,114.135597,22.614616,1,28
30650,04:55:48,114.134216,22.617268,1,21
30650,04:56:43,114.13163,22.615316,1,20
30650,04:57:38,114.1241,22.609051,1,67
30650,04:58:34,114.116966,22.604633,1,56
30650,05:00:24,114.112366,22.600533,1,20
30650,05:01:18,114.11055,22.598467,1,19
30650,05:02:14,114.107018,22.598534,1,21
30650,05:03:09,114.107018,22.598534,1,0
30650,05:04:04,114.107468,22.59915,1,7
30650,05:04:59,114.107048,22.601334,1,12
30650,05:05:54,114.109253,22.601833,1,12
30650,05:07:44,114.111649,22.600416,1,11
30650,05:08:39,114.112518,22.5993,1,13
30650,05:09:34,114.109985,22.594233,1,40
30650,05:10:29,114.110252,22.58835,1,45
30650,05:11:24,114.11277,22.584732,1,30
30650,05:12:19,114.114754,22.58025,1,34
30650,05:13:14,114.117332,22.57535,1,39
30650,05:14:09,114.117615,22.569933,1,39
30650,05:15:04,114.115913,22.566032,1,27
30650,05:15:59,114.114334,22.562149,1,34
30650,05:16:54,114.11557,22.557432,1,34
30650,05:17:49,114.114532,22.553801,1,29
30650,05:18:44,114.109215,22.552982,1,41
30650,05:19:39,114.106483,22.553083,1,17
30650,05:19:40,114.106483,22.553083,1,17
30650,05:21:29,114.099403,22.552584,1,18
30650,05:22:24,114.099419,22.555483,1,17
30650,05:23:19,114.100052,22.557917,1,15
30650,05:24:14,114.10067,22.558283,1,4
30650,05:25:11,114.1007,22.558317,1,0
30650,05:25:27,114.1007,22.558317,1,0
30650,05:25:35,114.1007,22.558317,1,0
30650,05:27:26,114.1007,22.558317,1,0
30650,05:28:21,114.1007,22.558317,1,0
30650,05:29:16,114.1007,22.558317,1,0
30650,05:30:11,114.1007,22.558317,1,0
30650,05:31:06,114.1007,22.558317,1,0
30650,05:32:01,114.1007,22.558317,1,0
30650,05:32:56,114.1007,22.558317,1,0
30650,05:33:51,114.1007,22.558317,1,0
30650,05:34:23,114.1007,22.558317,0,0
30650,05:35:18,114.1007,22.558317,0,0
30650,05:36:14,114.1007,22.558317,0,0
30650,05:37:08,114.1007,22.558317,0,0
30650,05:38:04,114.1007,22.558317,0,0
30650,05:38:59,114.1007,22.558317,0,0
30650,05:39:54,114.1007,22.558317,0,0
30650,05:40:49,114.1007,22.558317,0,0
30650,05:41:37,114.1007,22.558317,1,0
30650,05:42:32,114.105064,22.558849,1,26
30650,05:43:27,114.112717,22.558683,1,50
30650,05:44:22,114.119598,22.558701,1,45
30650,05:45:17,114.1241,22.558533,1,35
30650,05:46:12,114.126183,22.559668,1,13
30650,05:47:07,114.13102,22.5618,1,35
30650,05:48:02,114.131386,22.561916,1,2
30650,05:48:57,114.132149,22.562283,1,3
30650,05:49:52,114.13578,22.56645,1,38
30650,05:50:47,114.135963,22.566668,1,1
30650,05:51:42,114.137833,22.569866,1,24
30650,05:52:00,114.137871,22.570032,0,2
30650,05:52:55,114.137871,22.570032,0,0
30650,05:53:50,114.137871,22.570032,0,0
30650,05:54:45,114.137871,22.570032,0,0
30650,05:55:40,114.137871,22.570032,0,0
30650,05:56:35,114.137871,22.570032,0,0
30650,05:57:30,114.137871,22.570032,0,0
30650,05:57:31,114.137871,22.570032,1,0
30650,05:58:26,114.137535,22.570084,1,0
30650,05:59:21,114.137535,22.570084,1,0
30650,06:00:16,114.13755,22.570101,1,0
30650,06:01:11,114.13755,22.570101,1,0
30650,06:02:06,114.13755,22.570101,1,0
30650,06:03:01,114.137665,22.571518,1,4
30650,06:03:56,114.138847,22.57465,1,22
30650,06:04:51,114.140564,22.5793,1,32
30650,06:05:46,114.14312,22.584232,1,42
30650,06:06:41,114.148781,22.588734,1,51
30650,06:07:36,114.152069,22.594433,1,50
30650,06:08:31,114.157486,22.598417,1,50
30650,06:09:26,114.160919,22.604567,1,50
30650,06:10:21,114.165268,22.605167,1,33
30650,06:11:16,114.170235,22.605433,1,34
30650,06:12:11,114.16967,22.602083,1,20
30650,06:13:06,114.169518,22.600883,1,8
30650,06:14:01,114.170197,22.600817,1,2
30650,06:14:56,114.170197,22.600817,1,0
30650,06:15:27,114.170197,22.600817,0,0
30650,06:15:41,114.170197,22.600817,1,0
30650,06:16:36,114.170197,22.600817,1,0
30650,06:17:31,114.170197,22.600817,1,0
30650,06:18:26,114.170197,22.600817,1,0
30650,06:19:21,114.170197,22.600817,1,0
30650,06:20:16,114.170197,22.600817,1,0
30650,06:21:11,114.170197,22.600817,1,0
30650,06:22:06,114.170197,22.600817,1,0
30650,06:23:01,114.170197,22.600817,1,0
30650,06:23:56,114.170197,22.600817,1,0
30650,06:24:51,114.170197,22.600817,1,0
30650,06:25:47,114.170197,22.600817,1,0
30650,06:26:42,114.170197,22.600817,1,0
30650,06:27:37,114.170197,22.600817,1,0
30650,06:28:32,114.170197,22.600817,1,0
30650,06:29:27,114.170197,22.600817,1,0
30650,06:30:22,114.170197,22.600817,1,0
30650,06:31:17,114.170197,22.600817,1,0
30650,06:32:12,114.170197,22.600817,1,0
30650,06:33:07,114.170197,22.600817,1,0
30650,06:34:02,114.170197,22.600817,1,0
30650,06:35:52,114.170197,22.600817,1,0
30650,06:36:47,114.170197,22.600817,1,0
30650,06:37:42,114.170197,22.600817,1,0
30650,06:38:37,114.170197,22.600817,1,0
30650,06:39:32,114.170197,22.600817,1,0
30650,06:39:49,114.170197,22.600817,0,0
30650,06:40:44,114.170197,22.600817,0,0
30650,06:42:34,114.170197,22.600817,0,0
30650,06:43:29,114.170197,22.600817,0,0
30650,06:44:24,114.170197,22.600817,0,0
30650,06:45:19,114.170197,22.600817,0,0
30650,06:46:14,114.170197,22.600817,0,0
30650,06:47:09,114.170197,22.600817,0,0
30650,06:48:04,114.170197,22.600817,0,0
30650,06:48:59,114.170197,22.600817,0,0
30650,06:49:54,114.170197,22.600817,0,0
30650,06:50:49,114.170197,22.600817,0,0
30650,06:51:44,114.170197,22.600817,0,0
30650,06:52:39,114.170197,22.600817,0,0
30650,06:53:34,114.170197,22.600817,0,0
30650,06:54:29,114.170197,22.600817,0,0
30650,06:55:24,114.170197,22.600817,0,0
30650,06:56:19,114.170197,22.600817,0,0
30650,06:57:14,114.170197,22.600817,0,0
30650,06:58:09,114.170197,22.600817,0,0
30650,06:59:04,114.170197,22.600817,0,0
30650,06:59:59,114.170197,22.600817,0,0
30650,07:01:49,114.170197,22.600817,0,0
30650,07:02:44,114.170197,22.600817,0,0
30650,07:03:39,114.170197,22.600817,0,0
30650,07:04:34,114.170197,22.600817,0,0
30650,07:05:29,114.170197,22.600817,0,0
30650,07:06:24,114.170197,22.600817,0,0
30650,07:07:19,114.170197,22.600817,0,0
30650,07:08:14,114.170197,22.600817,0,0
30650,07:09:09,114.170197,22.600817,0,0
30650,07:10:04,114.170197,22.600817,0,0
30650,07:10:59,114.170197,22.600817,0,0
30650,07:11:54,114.170197,22.600817,0,0
30650,07:12:49,114.170197,22.600817,0,0
30650,07:13:44,114.170197,22.600817,0,0
30650,07:14:39,114.170197,22.600817,0,0
30650,07:15:34,114.170197,22.600817,0,0
30650,07:16:29,114.170197,22.600817,0,0
30650,07:17:24,114.170197,22.600817,0,0
30650,07:19:14,114.170197,22.600817,0,0
30650,07:20:09,114.170197,22.600817,0,0
30650,07:21:04,114.170197,22.600817,0,0
30650,07:21:59,114.170197,22.600817,0,0
30650,07:22:54,114.170197,22.600817,0,0
30650,07:23:49,114.170197,22.600817,0,0
30650,07:24:44,114.170197,22.600817,0,0
30650,07:25:39,114.170197,22.600817,0,0
30650,07:26:34,114.170197,22.600817,0,0
30650,07:27:29,114.170197,22.600817,0,0
30650,07:28:24,114.170197,22.600817,0,0
30650,07:30:14,114.170197,22.600817,0,0
30650,07:31:09,114.170197,22.600817,0,0
30650,07:32:04,114.170197,22.600817,0,0
30650,07:32:59,114.170197,22.600817,0,0
30650,07:33:54,114.170197,22.600817,0,0
30650,07:34:49,114.170197,22.600817,0,0
30650,07:35:44,114.170197,22.600817,0,0
30650,07:36:39,114.170197,22.600817,0,0
30650,07:37:34,114.170197,22.600817,0,0
30650,07:38:29,114.170197,22.600817,0,0
30650,07:38:56,114.170197,22.600817,1,0
30650,07:39:51,114.170197,22.600817,1,0
30650,07:40:46,114.169563,22.601482,1,7
30650,07:41:41,114.170319,22.605017,1,25
30650,07:43:31,114.162849,22.6059,1,27
30650,07:44:26,114.160515,22.605534,1,23
30650,07:45:21,114.158783,22.6092,1,28
30650,07:46:16,114.153481,22.608517,1,34
30650,07:47:11,114.148804,22.608801,1,31
30650,07:48:06,114.14592,22.60985,1,20
30650,07:49:01,114.141518,22.609449,1,27
30650,07:49:56,114.140083,22.609583,1,6
30650,07:50:51,114.139366,22.609934,1,3
30650,07:51:46,114.140816,22.609501,1,7
30650,07:52:41,114.14222,22.609467,1,16
30650,07:53:36,114.145432,22.6098,1,17
30650,07:54:31,114.149132,22.608433,1,24
30650,07:55:26,114.149567,22.608282,1,2
30650,07:56:21,114.150902,22.607918,1,7
30650,07:57:16,114.157936,22.6091,1,47
30650,07:58:11,114.160614,22.605316,1,37
30650,07:59:06,114.15863,22.600018,1,42
30650,08:00:01,114.152702,22.596451,1,48
30650,08:00:56,114.150284,22.59095,1,43
30650,08:01:51,114.146164,22.5872,1,41
30650,08:02:46,114.142532,22.584084,1,33
30650,08:03:41,114.140579,22.579332,1,36
30650,08:04:36,114.139465,22.57655,1,22
30650,08:05:31,114.137566,22.570932,1,42
30650,08:06:26,114.137764,22.569883,1,4
30650,08:07:21,114.137764,22.56885,1,5
30650,08:08:16,114.137001,22.567783,1,9
30650,08:09:11,114.13662,22.566668,1,6
30650,08:10:06,114.138649,22.56435,1,21
30650,08:11:01,114.139603,22.563316,1,8
30650,08:11:56,114.139748,22.557051,1,48
30650,08:12:51,114.137131,22.55135,1,45
30650,08:13:46,114.135735,22.549217,1,13
30650,08:14:41,114.133965,22.54685,1,19
30650,08:15:36,114.129883,22.544582,1,31
30650,08:16:31,114.126015,22.542933,1,21
30650,08:17:26,114.126663,22.5425,1,8
30650,08:18:21,114.126663,22.5425,1,0
30650,08:19:16,114.1297,22.544132,1,20
30650,08:20:11,114.129646,22.547382,1,20
30650,08:21:06,114.133469,22.549101,1,32
30650,08:22:01,114.139053,22.549784,1,37
30650,08:22:56,114.136818,22.550182,1,19
30650,08:24:46,114.140282,22.55485,1,9
30650,08:25:41,114.143898,22.555117,1,25
30650,08:26:36,114.145966,22.556549,1,23
30650,08:27:31,114.142464,22.555849,1,28
30650,08:28:26,114.140816,22.560682,1,44
30650,08:29:21,114.13752,22.56625,1,47
30650,08:30:16,114.138466,22.573933,1,56
30650,08:32:06,114.132202,22.5776,1,4
30650,08:33:01,114.130486,22.579451,1,18
30650,08:33:56,114.132179,22.5795,1,7
30650,08:34:51,114.132179,22.5795,1,0
30650,08:35:46,114.130447,22.577999,1,26
30650,08:36:41,114.125099,22.577351,1,34
30650,08:37:36,114.121635,22.577084,1,15
30650,08:38:31,114.116119,22.576799,1,35
30650,08:39:26,114.117836,22.574017,1,38
30650,08:40:21,114.117783,22.569067,1,35
30650,08:42:11,114.119469,22.560217,1,27
30650,08:43:06,114.122368,22.556534,1,34
30650,08:44:01,114.124702,22.553833,1,24
30650,08:44:56,114.125832,22.550734,1,20
30650,08:45:51,114.125832,22.550734,1,0
30650,08:46:46,114.125847,22.54825,1,12
30650,08:47:41,114.125748,22.545418,1,19
30650,08:48:36,114.125984,22.542801,1,14
30650,08:48:37,114.125984,22.542801,1,14
30650,08:50:27,114.134819,22.546217,1,41
30650,08:51:22,114.135002,22.546049,1,13
30650,08:52:17,114.137184,22.549049,1,31
30650,08:53:12,114.141029,22.550016,1,26
30650,08:54:10,114.14225,22.549299,1,16
30650,08:55:05,114.138931,22.545567,1,34
30650,08:55:24,114.1381,22.544149,1,34
30650,08:56:20,114.144135,22.544268,1,42
30650,08:57:15,114.148582,22.54455,1,29
30650,08:58:10,114.149368,22.547449,1,24
30650,08:59:05,114.149353,22.548767,1,8
30650,09:00:00,114.151421,22.553801,1,42
30650,09:00:55,114.149651,22.557133,1,27
30650,09:01:50,114.14798,22.559549,1,24
30650,09:02:45,114.143448,22.556467,1,39
30650,09:03:40,114.141113,22.556417,1,12
30650,09:04:35,114.1409,22.5606,1,32
30650,09:05:30,114.139732,22.56385,1,25
30650,09:06:25,114.138947,22.564734,1,6
30650,09:07:22,114.137199,22.566616,1,3
30650,09:08:09,114.137199,22.566616,1,0
30650,09:09:05,114.137199,22.566616,1,0
30650,09:10:00,114.13485,22.565451,1,16
30650,09:10:01,114.13485,22.565451,1,16
30650,09:10:55,114.132149,22.5623,1,27
30650,09:11:50,114.132149,22.5623,1,0
30650,09:12:45,114.13192,22.561899,1,1
30650,09:13:40,114.134735,22.558783,1,29
30650,09:14:38,114.135696,22.55785,1,13
30650,09:15:33,114.138496,22.553284,1,40
30650,09:16:31,114.135498,22.548616,1,3
30650,09:17:17,114.135048,22.547934,1,0
30650,09:18:14,114.13488,22.547684,1,1
30650,09:19:09,114.13488,22.547684,1,0
30650,09:20:04,114.132164,22.545633,1,10
30650,09:20:59,114.124283,22.5413,1,61
30650,09:21:54,114.118164,22.540051,1,50
30650,09:21:55,114.118164,22.540051,1,50
30650,09:23:44,114.105453,22.5385,1,44
30650,09:24:39,114.106834,22.540567,1,18
30650,09:25:34,114.106964,22.541317,1,0
30650,09:26:29,114.106964,22.541317,1,0
30650,09:27:27,114.108269,22.541517,1,0
30650,09:28:22,114.109215,22.541634,1,0
30650,09:28:36,114.109215,22.541634,1,0
30650,09:29:32,114.110497,22.540216,1,14
30650,09:30:27,114.108932,22.5378,1,26
30650,09:31:22,114.103065,22.538282,1,41
30650,09:32:17,114.099747,22.540199,1,32
30650,09:33:12,114.100853,22.541149,1,9
30650,09:34:07,114.1017,22.541166,1,5
30650,09:35:02,114.102051,22.542267,1,2
30650,09:36:52,114.105217,22.544416,1,0
30650,10:00:18,114.045486,22.531616,1,4
30650,10:01:15,114.044815,22.531532,1,0
30650,10:02:10,114.044815,22.531532,1,0
30650,10:02:30,114.044815,22.531532,1,0
30650,10:03:26,114.043449,22.531532,1,0
30650,10:04:21,114.043449,22.531532,1,0
30650,10:05:16,114.044136,22.532049,1,1
30650,10:06:11,114.04467,22.5294,1,13
30650,10:07:06,114.044769,22.526617,1,19
30650,10:08:01,114.042213,22.5221,1,34
30650,10:08:56,114.039803,22.522417,1,19
30650,10:10:04,114.039803,22.522417,1,0
30650,10:10:59,114.039803,22.522417,1,0
30650,10:11:55,114.038086,22.523451,1,9
30650,10:12:50,114.038086,22.523451,1,0
30650,10:13:45,114.036766,22.524218,1,8
30650,10:14:40,114.034615,22.525017,1,35
30650,10:15:35,114.036186,22.524433,1,9
30650,10:16:30,114.037216,22.523817,1,4
30650,10:17:25,114.033096,22.52615,1,31
30650,10:18:20,114.032532,22.526466,1,2
30650,10:19:15,114.027451,22.529318,1,39
30650,10:20:10,114.024399,22.535816,1,52
30650,10:21:05,114.022781,22.542667,1,50
30650,10:22:00,114.020615,22.548517,1,45
30650,10:22:55,114.016365,22.554216,1,50
30650,10:23:50,114.015053,22.560101,1,43
30650,10:24:45,114.013168,22.560551,1,24
30650,10:26:35,114.010185,22.558916,1,13
30650,10:27:30,114.007866,22.557882,1,17
30650,10:28:25,114.001968,22.555983,1,42
30650,10:29:20,113.995796,22.55625,1,42
30650,10:30:15,113.987534,22.5592,1,59
30650,10:31:10,113.979347,22.55765,1,56
30650,10:32:05,113.971817,22.557068,1,51
30650,10:33:00,113.963997,22.557283,1,52
30650,10:33:55,113.956863,22.5567,1,48
30650,10:34:50,113.951553,22.556566,1,35
30650,10:35:45,113.945168,22.555918,1,41
30650,10:36:40,113.942047,22.557783,1,28
30650,10:37:35,113.942146,22.558332,1,1
30650,10:38:30,113.94487,22.558867,1,17
30650,10:39:25,113.948715,22.559349,1,25
30650,10:40:20,113.952385,22.559834,1,20
30650,10:41:15,113.952736,22.556549,1,22
30650,10:42:10,113.955116,22.555983,1,33
30650,10:43:05,113.961067,22.556517,1,40
30650,10:44:00,113.969566,22.557318,1,57
30650,10:44:55,113.977997,22.557133,1,57
30650,10:46:45,113.995819,22.556017,1,59
30650,10:47:40,114.00412,22.556,1,56
30650,10:48:35,114.01152,22.55895,1,54
30650,10:49:30,114.014351,22.5644,1,47
30650,10:50:25,114.011269,22.570133,1,46
30650,10:50:26,114.011269,22.570133,1,46
30650,10:57:12,114.046364,22.591482,1,54
30650,10:57:44,114.04995,22.591984,1,54
30650,10:58:40,114.047417,22.5973,1,49
30650,10:59:35,114.043602,22.601467,1,41
30650,11:00:30,114.044716,22.608883,1,54
30650,11:01:25,114.044716,22.6152,1,42
30650,11:02:20,114.042969,22.625217,1,73
30650,11:03:15,114.044769,22.635418,1,75
30650,11:04:10,114.049782,22.64625,1,85
30650,11:05:05,114.049599,22.657566,1,81
30650,11:06:00,114.050613,22.661417,1,28
30650,11:06:57,114.052483,22.655382,1,49
30650,11:07:16,114.052551,22.654568,1,16
30650,11:08:12,114.052551,22.654568,1,0
30650,11:09:07,114.053551,22.653917,1,8
30650,11:10:02,114.054703,22.654016,1,12
30650,11:10:57,114.052567,22.653233,1,15
30650,11:11:52,114.053436,22.649099,1,27
30650,11:12:47,114.054184,22.6451,1,28
30650,11:13:42,114.055084,22.639784,1,36
30650,11:14:37,114.055283,22.636551,1,23
30650,11:15:32,114.055367,22.633699,1,18
30650,11:16:27,114.055466,22.630083,1,24
30650,11:17:22,114.055466,22.629749,1,1
30650,11:20:07,114.055634,22.619667,1,29
30650,11:21:02,114.055634,22.619667,1,0
30650,11:21:57,114.055382,22.613417,1,43
30650,11:21:58,114.055382,22.613417,1,43
30650,11:23:47,114.047836,22.604334,1,36
30650,11:24:42,114.043266,22.602667,1,45
30650,11:25:37,114.045349,22.596466,1,48
30650,11:26:32,114.049019,22.591101,1,46
30650,11:27:30,114.052986,22.586166,1,40
30650,11:28:21,114.054047,22.582567,1,29
30650,11:29:17,114.056114,22.579149,1,27
30650,11:30:12,114.061516,22.577967,1,37
30650,11:31:09,114.067368,22.573,1,55
30650,11:32:04,114.067566,22.565384,1,55
30650,11:32:59,114.067596,22.562283,1,22
30650,11:33:54,114.067665,22.560133,1,11
30650,11:34:49,114.067665,22.560133,1,0
30650,11:35:44,114.06768,22.559517,1,2
30650,11:36:39,114.067665,22.558783,1,5
30650,11:37:34,114.067665,22.558783,1,0
30650,11:38:29,114.069336,22.558033,1,12
30650,11:39:24,114.076347,22.558117,1,46
30650,11:40:19,114.080414,22.557417,1,30
30650,11:41:14,114.081383,22.556316,1,7
30650,11:42:09,114.081383,22.554283,1,10
30650,11:43:04,114.083748,22.55155,1,30
30650,11:43:59,114.084068,22.548517,1,21
30650,11:44:54,114.084084,22.546568,1,9
30650,11:45:49,114.08403,22.545918,1,4
30650,11:46:44,114.084053,22.543783,1,12
30650,11:47:39,114.081802,22.543266,1,16
30650,11:48:34,114.077484,22.54315,1,27
30650,11:49:29,114.067451,22.542999,1,67
30650,11:50:24,114.059013,22.542833,1,56
30650,11:51:19,114.050735,22.542683,1,56
30650,11:52:14,114.047134,22.542618,1,23
30650,11:53:09,114.041451,22.542549,1,36
30650,11:54:04,114.04097,22.543118,1,5
30650,11:54:59,114.04097,22.543118,1,0
30650,11:55:54,114.041466,22.544333,1,0
30650,11:56:49,114.043716,22.544832,1,9
30650,11:57:44,114.044121,22.546568,1,19
30650,11:58:39,114.04435,22.53825,1,60
30650,11:59:34,114.044731,22.529533,1,62
30650,12:00:29,114.044884,22.5273,1,16
30650,12:01:24,114.044785,22.526716,1,2
30650,12:02:19,114.047699,22.5256,1,25
30650,12:03:14,114.051003,22.525734,1,21
30650,12:04:09,114.051048,22.525749,1,0
30650,12:05:04,114.052917,22.525566,1,9
30650,12:05:59,114.053703,22.525167,1,8
30650,12:06:47,114.053703,22.525167,0,0
30650,12:07:42,114.053703,22.525167,0,0
30650,12:08:37,114.053703,22.525167,0,0
30650,12:09:32,114.053703,22.525167,0,0
30650,12:10:27,114.053703,22.525167,0,0
30650,12:11:23,114.053703,22.525167,0,0
30650,12:12:17,114.053703,22.525167,0,0
30650,12:13:12,114.053703,22.525167,0,0
30650,12:14:08,114.053703,22.525167,0,0
30650,12:15:03,114.053703,22.525167,0,0
30650,12:15:58,114.053703,22.525167,0,0
30650,12:16:53,114.053703,22.525167,0,0
30650,12:19:38,114.053703,22.525167,0,0
30650,12:20:33,114.053703,22.525167,0,0
30650,12:21:28,114.053703,22.525167,0,0
30650,12:22:23,114.053703,22.525167,0,0
30650,12:23:18,114.053703,22.525167,0,0
30650,12:24:13,114.053703,22.525167,0,0
30650,12:25:08,114.053703,22.525167,0,0
30650,12:26:03,114.053703,22.525167,0,0
30650,12:26:58,114.053703,22.525167,0,0
30650,12:27:53,114.053703,22.525167,0,0
30650,12:28:48,114.053703,22.525167,0,0
30650,12:30:38,114.053703,22.525167,0,0
30650,12:31:33,114.053703,22.525167,0,0
30650,12:32:28,114.053703,22.525167,0,0
30650,12:34:18,114.053703,22.525167,0,0
30650,12:37:58,114.053703,22.525167,0,0
30650,12:38:53,114.053703,22.525167,0,0
30650,12:39:48,114.053703,22.525167,1,0
30650,12:39:48,114.053703,22.525167,0,0
30650,12:40:43,114.053703,22.525167,1,0
30650,12:41:38,114.05407,22.523483,1,8
30650,12:42:33,114.055199,22.5207,1,22
30650,12:44:23,114.056351,22.523417,1,1
30650,12:45:18,114.059334,22.5236,1,3
30650,12:46:13,114.0597,22.52565,1,15
30650,12:47:08,114.058701,22.530083,1,31
30650,12:50:48,114.067329,22.522284,1,32
30650,12:51:43,114.068047,22.521584,1,18
30650,12:52:38,114.065781,22.522833,1,19
30650,12:53:33,114.068436,22.523983,1,35
30650,12:54:29,114.06813,22.5287,1,39
30650,12:55:24,114.072571,22.531633,1,40
30650,12:56:19,114.077599,22.531933,1,33
30650,12:57:14,114.078964,22.534533,1,19
30650,12:58:09,114.084335,22.537317,1,45
30650,12:58:10,114.084335,22.537317,1,45
30650,12:59:59,114.103584,22.538067,1,66
30650,13:00:54,114.11145,22.537933,1,55
30650,13:01:49,114.116615,22.539249,1,35
30650,13:02:44,114.118553,22.540182,1,5
30650,13:03:41,114.122284,22.540833,1,27
30650,13:04:36,114.122414,22.540751,1,1
30650,13:04:51,114.122887,22.540434,1,7
30650,13:05:47,114.124466,22.541082,1,8
30650,13:06:42,114.126137,22.543751,1,21
30650,13:07:37,114.127686,22.543818,1,5
30650,13:08:32,114.125984,22.544434,1,19
30650,13:09:27,114.125984,22.544649,1,1
30650,13:10:22,114.126015,22.547167,1,13
30650,13:11:17,114.129379,22.548401,1,20
30650,13:12:12,114.129379,22.548401,1,0
30650,13:13:07,114.132118,22.548866,1,14
30650,13:14:02,114.133331,22.549067,1,5
30650,13:14:57,114.136215,22.54915,1,33
30650,13:15:52,114.138748,22.552982,1,31
30650,13:16:47,114.137764,22.552282,1,13
30650,13:17:42,114.133133,22.549217,1,40
30650,13:18:37,114.129997,22.548733,1,21
30650,13:19:32,114.125984,22.548233,1,23
30650,13:20:27,114.125702,22.551783,1,25
30650,13:21:22,114.12558,22.552017,1,0
30650,13:22:17,114.126953,22.554667,1,25
30650,13:23:12,114.122185,22.556801,1,49
30650,13:24:07,114.119148,22.561968,1,43
30650,13:25:02,114.11792,22.567617,1,41
30650,13:25:57,114.117836,22.573549,1,42
30650,13:26:52,114.121185,22.576366,1,38
30650,13:27:47,114.127884,22.577066,1,42
30650,13:28:42,114.132965,22.576799,1,34
30650,13:29:37,114.136269,22.575684,1,22
30650,13:30:32,114.137848,22.572399,1,35
30650,13:31:27,114.137718,22.570482,1,13
30650,13:32:22,114.137886,22.569668,1,3
30650,13:33:17,114.136032,22.56695,1,20
30650,13:34:12,114.136032,22.56695,1,0
30650,13:35:07,114.136032,22.56695,1,0
30650,13:35:08,114.136032,22.56695,1,0
30650,13:42:33,114.115685,22.578983,1,48
30650,13:43:28,114.116066,22.579983,1,10
30650,13:44:23,114.116066,22.579983,1,0
30650,13:45:18,114.116066,22.579983,1,0
30650,13:46:16,114.116066,22.579983,1,0
30650,13:46:31,114.116066,22.579983,1,0
30650,13:47:27,114.118484,22.5795,1,13
30650,13:48:21,114.122734,22.579018,1,29
30650,13:49:17,114.123985,22.574167,1,35
30650,13:50:12,114.124397,22.572866,1,9
30650,13:51:07,114.124519,22.572451,1,1
30650,13:52:02,114.12693,22.574133,1,17
30650,13:54:47,114.132385,22.574432,1,10
30650,13:55:42,114.134285,22.573017,1,13
30650,13:56:37,114.133614,22.571817,1,9
30650,13:57:32,114.135033,22.570517,1,12
30650,13:58:28,114.135468,22.5704,1,2
30650,13:59:23,114.136848,22.568033,1,23
30650,14:00:19,114.138397,22.564583,1,27
30650,14:01:14,114.139931,22.563066,1,10
30650,14:02:09,114.139687,22.5567,1,47
30650,14:03:04,114.136436,22.550083,1,53
30650,14:03:59,114.133736,22.546482,1,31
30650,14:04:54,114.128937,22.543818,1,37
30650,14:05:49,114.122719,22.540417,1,48
30650,14:06:44,114.120766,22.539083,1,15
30650,14:07:39,114.116516,22.536016,1,29
30650,14:08:34,114.114799,22.535049,1,11
30650,14:09:29,114.1138,22.539167,1,31
30650,14:10:24,114.113586,22.541183,1,12
30650,14:11:19,114.113602,22.5431,1,10
30650,14:11:20,114.113602,22.5431,1,10
30650,14:13:09,114.107285,22.545,1,43
30650,14:14:04,114.106834,22.544933,1,2
30650,14:14:59,114.105148,22.54455,1,10
30650,14:15:54,114.101219,22.543882,1,26
30650,14:16:51,114.101097,22.547251,1,22
30650,14:17:37,114.102097,22.548183,1,10
30650,14:18:32,114.103302,22.549183,1,6
30650,14:19:27,114.1045,22.54925,1,7
30650,14:20:22,114.105385,22.547968,1,8
30650,14:21:17,114.105637,22.547417,1,4
30650,14:22:12,114.105637,22.547417,1,0
30650,14:23:07,114.10347,22.545,1,20
30650,14:24:02,114.099167,22.543583,1,31
30650,14:24:57,114.094635,22.543449,1,27
30650,14:25:54,114.0895,22.543467,1,33
30650,14:26:50,114.088448,22.543417,1,5
30650,14:28:40,114.087997,22.544382,1,5
30650,14:29:35,114.087997,22.544382,1,0
30650,14:30:30,114.087616,22.5459,1,3
30650,14:31:25,114.087914,22.548384,1,12
30650,14:33:15,114.08783,22.551399,1,6
30650,14:34:10,114.087486,22.551718,1,2
30650,14:35:05,114.082748,22.551733,1,29
30650,14:36:55,114.076569,22.551649,1,0
30650,14:38:45,114.076569,22.551649,1,0
30650,14:39:40,114.076569,22.551649,1,0
30650,14:40:35,114.071564,22.551149,1,31
30650,14:41:30,114.068565,22.551167,1,18
30650,14:42:25,114.06398,22.551382,1,30
30650,14:43:20,114.063301,22.5515,1,4
30650,14:44:15,114.063301,22.5515,1,0
30650,14:45:10,114.063301,22.5515,1,0
30650,14:46:05,114.056068,22.551399,1,46
30650,14:47:00,114.051483,22.5513,1,30
30650,14:47:55,114.051483,22.5513,1,0
30650,14:48:50,114.050903,22.550699,1,5
30650,14:49:45,114.050934,22.549982,1,2
30650,14:50:40,114.051086,22.550867,1,9
30650,14:51:35,114.048386,22.551149,1,18
30650,14:52:30,114.044136,22.55435,1,51
30650,14:53:25,114.043953,22.556116,1,12
30650,14:54:21,114.039803,22.556368,1,29
30650,14:55:16,114.035187,22.555367,1,32
30650,14:56:11,114.033714,22.553932,1,12
30650,14:57:06,114.031601,22.555,1,14
30650,14:58:01,114.029236,22.556749,1,17
30650,14:58:02,114.029236,22.556749,1,17
30650,14:59:51,114.030281,22.561483,1,32
30650,15:00:46,114.036453,22.56245,1,41
30650,15:01:41,114.037285,22.562483,1,4
30650,15:02:36,114.034935,22.563049,1,16
30650,15:03:33,114.02932,22.562183,1,31
30650,15:04:22,114.026649,22.56275,1,26
30650,15:05:17,114.025047,22.560667,1,24
30650,15:05:18,114.025047,22.560667,1,24
30650,15:07:07,114.026466,22.558832,1,11
30650,15:08:02,114.027481,22.560949,1,27
30650,15:08:57,114.033585,22.561951,1,40
30650,15:09:52,114.037766,22.56295,1,26
30650,15:10:50,114.046768,22.56505,1,50
30650,15:11:45,114.055115,22.565149,1,56
30650,15:12:42,114.062935,22.568434,1,11
30650,15:13:37,114.067451,22.568968,1,30
30650,15:13:56,114.069565,22.569233,1,41
30650,15:14:52,114.076317,22.5721,1,50
30650,15:15:47,114.083351,22.571283,1,49
30650,15:16:42,114.086433,22.567183,1,36
30650,15:18:32,114.09742,22.569317,1,41
30650,15:19:27,114.104614,22.573334,1,56
30650,15:21:17,114.114182,22.576384,1,28
30650,15:22:12,114.117653,22.575451,1,32
30650,15:22:13,114.117653,22.575451,1,32
30650,15:24:02,114.112579,22.585234,1,36
30650,15:24:57,114.110367,22.588699,1,27
30650,15:25:52,114.11113,22.596018,1,56
30650,15:26:47,114.115021,22.601784,1,48
30650,15:27:45,114.115135,22.601982,1,0
30650,15:28:00,114.115135,22.601982,1,0
30650,15:28:57,114.116699,22.603783,1,14
30650,15:29:52,114.117218,22.604633,1,5
30650,15:30:47,114.117218,22.604633,1,0
30650,15:31:42,114.117218,22.604918,1,0
30650,15:32:37,114.114685,22.60195,1,25
30650,15:33:32,114.110931,22.596117,1,49
30650,15:34:27,114.110085,22.588249,1,60
30650,15:35:22,114.113617,22.583517,1,41
30650,15:35:23,114.113617,22.583517,1,41
30650,15:35:24,114.113617,22.583517,1,41
30650,15:36:17,114.114716,22.580282,1,24
30650,15:37:12,114.115417,22.57695,1,24
30650,15:38:07,114.11425,22.577183,1,26
30650,15:39:02,114.113029,22.57,1,52
30650,15:40:00,114.111916,22.563101,1,45
30650,15:40:55,114.110336,22.556499,1,51
30650,15:41:50,114.109779,22.552767,1,27
30650,15:42:47,114.109818,22.552168,1,7
30650,15:43:42,114.10997,22.551149,1,3
30650,15:44:37,114.10997,22.551149,1,0
30650,15:45:36,114.11013,22.5499,1,2
30650,15:46:31,114.11013,22.5499,1,0
30650,15:47:26,114.11013,22.5499,1,0
30650,15:48:24,114.110184,22.548317,1,0
30650,15:49:04,114.110184,22.548317,1,0
30650,15:50:00,114.109718,22.546499,1,7
30650,15:50:55,114.109863,22.5452,1,4
30650,15:51:50,114.109947,22.544617,1,1
30650,15:52:45,114.110184,22.542334,1,14
30650,15:53:40,114.110184,22.542334,1,0
30650,15:54:35,114.110703,22.538183,1,26
30650,15:55:30,114.111031,22.536133,1,11
30650,15:56:25,114.111481,22.5331,1,19
30650,15:57:20,114.112114,22.5319,1,12
30650,15:58:15,114.111282,22.535418,1,26
30650,15:59:11,114.110565,22.5401,1,31
30650,16:00:06,114.110382,22.541483,1,9
30650,16:01:01,114.110382,22.541483,1,0
30650,16:01:56,114.110382,22.541483,1,0
30650,16:02:51,114.111115,22.544033,1,18
30650,16:03:46,114.1119,22.545616,1,12
30650,16:04:41,114.113617,22.545967,1,6
30650,16:05:36,114.115265,22.54665,1,12
30650,16:06:31,114.115433,22.546818,1,1
30650,16:07:26,114.11985,22.547251,1,23
30650,16:08:21,114.123314,22.5476,1,20
30650,16:09:16,114.125237,22.548033,1,12
30650,16:10:11,114.125237,22.548033,1,0
30650,16:11:07,114.12545,22.548416,1,0
30650,16:12:02,114.130783,22.548668,1,34
30650,16:12:56,114.131485,22.548782,1,4
30650,16:13:51,114.134018,22.549101,1,13
30650,16:14:47,114.136597,22.54995,1,32
30650,16:15:42,114.138832,22.553284,1,26
30650,16:16:37,114.140686,22.559732,1,48
30650,16:17:32,114.139984,22.563517,1,29
30650,16:18:27,114.138931,22.564667,1,5
30650,16:19:22,114.137619,22.566067,1,4
30650,16:20:17,114.137085,22.566717,1,1
30650,16:21:12,114.137085,22.566717,1,0
30650,16:21:13,114.137085,22.566717,1,0
30650,16:23:02,114.134171,22.56605,1,1
30650,16:23:57,114.132736,22.567818,1,10
30650,16:24:52,114.13195,22.566584,1,10
30650,16:25:47,114.13195,22.566584,1,0
30650,16:26:45,114.133865,22.565067,1,10
30650,16:27:40,114.134216,22.565184,1,2
30650,16:28:37,114.133652,22.564117,1,17
30650,16:29:25,114.13205,22.562267,1,19
30650,16:30:21,114.13205,22.562267,1,0
30650,16:31:16,114.132164,22.561583,1,4
30650,16:33:06,114.135284,22.558233,1,3
30650,16:34:01,114.138268,22.55295,1,47
30650,16:34:56,114.134186,22.546932,1,50
30650,16:35:51,114.128365,22.543617,1,46
30650,16:36:49,114.122269,22.540167,1,35
30650,16:37:12,114.121368,22.539383,1,18
30650,16:38:09,114.119347,22.53895,1,5
30650,16:39:04,114.116219,22.536016,1,24
30650,16:39:59,114.11512,22.535032,1,8
30650,16:41:50,114.113632,22.535351,1,0
30650,16:43:40,114.11747,22.536367,1,22
30650,16:44:35,114.119797,22.538168,1,16
30650,16:45:30,114.120796,22.538851,1,6
30650,16:46:25,114.122498,22.540001,1,13
30650,16:47:21,114.124832,22.541233,1,8
30650,16:48:16,114.127853,22.542999,1,19
30650,16:49:11,114.132751,22.545851,1,38
30650,16:50:06,114.137581,22.551617,1,52
30650,16:51:01,114.140434,22.559467,1,60
30650,16:51:56,114.137497,22.566217,1,56
30650,16:52:51,114.138496,22.573418,1,52
30650,16:53:46,114.132599,22.577284,1,51
30650,16:54:41,114.125534,22.5772,1,47
30650,16:55:36,114.121933,22.577049,1,16
30650,16:56:31,114.117432,22.577534,1,32
30650,16:57:26,114.114601,22.582033,1,37
30650,16:58:21,114.111687,22.58695,1,39
30650,17:04:35,114.113136,22.604633,1,3
30650,17:05:30,114.112434,22.601482,1,22
30650,17:06:25,114.112114,22.600767,1,3
30650,17:07:20,114.113518,22.599483,1,17
30650,17:08:15,114.11525,22.60195,1,21
30650,17:09:10,114.11525,22.60195,1,0
30650,17:10:05,114.116547,22.603649,1,13
30650,17:11:00,114.117516,22.604717,1,9
30650,17:11:55,114.121933,22.607634,1,33
30650,17:12:51,114.125214,22.609467,1,25
30650,17:13:46,114.128334,22.611317,1,21
30650,17:15:36,114.129829,22.611017,1,0
30650,17:16:31,114.130569,22.6096,1,11
30650,17:17:26,114.130501,22.606968,1,17
30650,17:18:21,114.13205,22.60605,1,10
30650,17:19:16,114.132149,22.603451,1,17
30650,17:20:12,114.132202,22.6031,1,2
30650,17:22:02,114.1325,22.598633,1,17
30650,17:22:57,114.135231,22.599583,1,23
30650,17:23:52,114.138084,22.602484,1,26
30650,17:24:47,114.138016,22.603933,1,2
30650,17:25:42,114.138199,22.607018,1,19
30650,17:26:37,114.138535,22.609083,1,15
30650,17:27:32,114.142784,22.60955,1,27
30650,17:28:27,114.145035,22.609751,1,14
30650,17:29:22,114.145332,22.610567,1,6
30650,17:30:17,114.145149,22.611834,1,5
30650,17:31:12,114.145287,22.613417,1,9
30650,17:32:07,114.14563,22.614149,1,3
30650,17:33:02,114.147217,22.61475,1,8
30650,17:33:57,114.149635,22.615833,1,11
30650,17:34:52,114.150352,22.616367,1,5
30650,17:35:47,114.153152,22.616934,1,12
30650,17:36:42,114.156349,22.615982,1,19
30650,17:37:37,114.156349,22.615982,1,0
30650,17:38:32,114.157547,22.613132,1,21
30650,17:39:27,114.15892,22.609484,1,27
30650,17:40:22,114.160286,22.6063,1,29
30650,17:41:17,114.161201,22.604717,1,12
30650,17:42:12,114.163116,22.605749,1,13
30650,17:43:07,114.167397,22.605717,1,29
30650,17:44:02,114.170097,22.603901,1,31
30650,17:44:57,114.169464,22.601084,1,20
30650,17:45:52,114.17028,22.600866,1,3
30650,17:46:47,114.17028,22.600866,1,0
30650,17:47:22,114.17028,22.600866,0,0
30650,17:48:17,114.17028,22.600866,0,0
30650,17:49:12,114.17028,22.600866,0,0
30650,17:49:55,114.17028,22.600866,1,0
30650,17:50:02,114.17028,22.600866,0,0
30650,17:50:57,114.17028,22.600866,0,0
30650,17:51:52,114.17028,22.600866,0,0
30650,17:53:42,114.17028,22.600866,0,0
30650,17:54:37,114.17028,22.600866,0,0
30650,17:55:32,114.17028,22.600866,0,0
30650,17:55:47,114.17028,22.600866,1,0
30650,17:56:42,114.17028,22.600866,1,0
30650,17:57:37,114.169548,22.60145,1,9
30650,17:58:32,114.170219,22.604218,1,18
30650,17:59:27,114.168884,22.605949,1,16
30650,18:00:22,114.164803,22.6052,1,27
30650,18:02:12,114.164482,22.605183,1,0
30650,18:03:07,114.164482,22.605183,1,0
30650,18:04:02,114.164482,22.605183,1,0
30650,18:04:57,114.164482,22.605183,1,0
30650,18:05:52,114.164482,22.605183,1,0
30650,18:06:47,114.164482,22.605183,1,0
30650,18:08:37,114.164482,22.605183,1,0
30650,18:09:32,114.164482,22.605183,1,0
30650,18:10:27,114.164482,22.605183,1,0
30650,18:11:22,114.162666,22.605883,1,0
30650,18:12:17,114.162064,22.605433,1,0
30650,18:13:12,114.16127,22.604834,1,2
30650,18:14:07,114.160454,22.6056,1,20
30650,18:21:22,114.139648,22.577583,1,11
30650,18:22:17,114.139236,22.576117,1,6
30650,18:23:12,114.139236,22.576117,1,0
30650,18:24:07,114.138336,22.57365,1,16
30650,18:25:02,114.136749,22.571951,1,19
30650,18:25:57,114.137619,22.571251,1,6
30650,18:26:52,114.137634,22.571133,1,0
30650,18:27:47,114.137764,22.57065,1,1
30650,18:28:42,114.137833,22.568983,1,7
30650,18:29:37,114.137833,22.568983,1,0
30650,18:30:32,114.137833,22.568983,1,0
30650,18:31:27,114.136597,22.567499,1,8
30650,18:33:17,114.137634,22.565582,1,14
30650,18:34:12,114.140251,22.55895,1,54
30650,18:34:13,114.140251,22.55895,1,54
30650,18:36:02,114.129066,22.543934,1,71
30650,18:36:57,114.122169,22.539932,1,54
30650,18:37:52,114.118034,22.540033,1,33
30650,18:38:47,114.11097,22.537916,1,49
30650,18:39:45,114.102432,22.538282,1,45
30650,18:40:14,114.097504,22.538183,1,62
30650,18:41:09,114.088165,22.5376,1,62
30650,18:42:06,114.084297,22.537466,1,21
30650,18:42:43,114.082603,22.537483,1,16
30650,18:43:39,114.080032,22.536583,1,17
30650,18:44:34,114.07753,22.5329,1,31
30650,18:45:29,114.07312,22.532017,1,31
30650,18:46:24,114.068336,22.532017,1,31
30650,18:47:19,114.068169,22.530867,1,31
30650,18:48:14,114.064468,22.52215,1,68
30650,18:49:09,114.058502,22.51675,1,56
30650,18:50:04,114.058434,22.516718,1,0
30650,18:50:59,114.049271,22.513384,1,62
30650,18:51:54,114.036919,22.515699,1,86
30650,18:52:49,114.024483,22.522633,1,97
30650,18:53:44,114.01458,22.531483,1,94
30650,18:54:39,114.007065,22.542168,1,94
30650,18:55:34,113.994949,22.546417,1,87
30650,18:56:29,113.981949,22.552633,1,98
30650,18:57:24,113.969818,22.560232,1,99
30650,18:58:19,113.956749,22.563299,1,90
30650,18:59:14,113.944916,22.564917,1,80
30650,19:00:09,113.930901,22.565434,1,94
30650,19:01:04,113.920815,22.570333,1,78
30650,19:01:59,113.916168,22.57305,1,40
30650,19:02:54,113.914169,22.577433,1,55
30650,19:03:49,113.906784,22.585417,1,76
30650,19:04:44,113.89975,22.593718,1,76
30650,19:05:39,113.894783,22.594049,1,45
30650,19:06:34,113.894783,22.594049,1,0
30650,19:07:29,113.89167,22.593616,1,16
30650,19:08:24,113.88588,22.593201,1,38
30650,19:10:14,113.884399,22.593149,1,7
30650,19:11:09,113.88372,22.593117,1,2
30650,19:12:05,113.88372,22.593117,1,0
30650,19:13:00,113.883133,22.593067,1,1
30650,19:13:57,113.882317,22.592983,1,0
30650,19:14:13,113.882317,22.592983,1,0
30650,19:15:09,113.882317,22.592983,1,0
30650,19:16:04,113.882317,22.592983,1,0
30650,19:16:59,113.880714,22.592867,1,5
30650,19:17:54,113.880714,22.592867,1,0
30650,19:18:49,113.880714,22.592867,1,0
30650,19:19:44,113.879753,22.592716,1,3
30650,19:20:39,113.879753,22.592716,1,0
30650,19:21:34,113.879753,22.592716,1,0
30650,19:22:29,113.879753,22.592716,1,0
30650,19:23:24,113.879066,22.592567,1,2
30650,19:24:19,113.880363,22.590668,1,14
30650,19:25:14,113.879799,22.589684,1,6
30650,19:26:09,113.879799,22.589684,1,0
30650,19:27:04,113.878365,22.588467,1,9
30650,19:27:59,113.880447,22.590067,1,22
30650,19:28:54,113.880753,22.590401,1,1
30650,19:29:49,113.878998,22.592199,1,15
30650,19:30:44,113.8741,22.589233,1,41
30650,19:31:39,113.870148,22.586283,1,34
30650,19:32:34,113.869568,22.585833,1,4
30650,19:33:29,113.869034,22.585484,1,0
30650,19:34:24,113.869034,22.585484,1,0
30650,19:35:19,113.869034,22.585484,1,0
30650,19:36:14,113.867851,22.584633,1,2
30650,19:37:09,113.867783,22.584583,1,0
30650,19:38:04,113.867783,22.584583,1,0
30650,19:38:59,113.866432,22.583584,1,8
30650,19:39:54,113.866432,22.583584,1,0
30650,19:40:50,113.866432,22.583584,1,0
30650,19:41:45,113.86528,22.582666,1,5
30650,19:42:40,113.864616,22.582018,1,4
30650,19:43:35,113.864616,22.582018,1,0
30650,19:44:30,113.862015,22.582333,1,18
30650,19:45:25,113.855415,22.58695,1,54
30650,19:46:20,113.848618,22.592667,1,61
30650,19:47:15,113.844551,22.598883,1,52
30650,19:48:10,113.842682,22.602682,1,27
30650,19:49:05,113.840797,22.6066,1,30
30650,19:50:00,113.840797,22.6066,1,0
30650,19:50:55,113.838882,22.610483,1,29
30650,19:51:50,113.838486,22.611317,1,6
30650,19:52:45,113.838486,22.611317,1,0
30650,19:53:40,113.837852,22.612316,1,1
30650,19:54:35,113.839836,22.608267,1,32
30650,19:55:30,113.843048,22.608101,1,26
30650,19:56:25,113.847771,22.609949,1,34
30650,19:57:20,113.853035,22.612,1,37
30650,19:59:10,113.858467,22.606882,1,28
30650,19:59:11,113.858467,22.606882,1,28
30650,19:59:12,113.858467,22.606882,1,28
30650,20:01:00,113.85965,22.605633,1,0
30650,20:01:55,113.85965,22.605633,1,0
30650,20:02:50,113.860802,22.604401,1,2
30650,20:03:45,113.863083,22.601067,1,27
30650,20:04:42,113.867035,22.595016,1,40
30650,20:05:37,113.870384,22.5895,1,45
30650,20:06:35,113.875336,22.584032,1,19
30650,20:07:30,113.881065,22.578133,1,57
30650,20:08:25,113.88765,22.572132,1,61
30650,20:09:20,113.893486,22.565983,1,59
30650,20:10:15,113.89782,22.562183,1,40
30650,20:11:12,113.903419,22.55765,1,36
30650,20:12:07,113.905434,22.553534,1,34
30650,20:12:18,113.906433,22.553267,1,34
30650,20:13:14,113.909698,22.551033,1,38
30650,20:14:09,113.914169,22.554434,1,39
30650,20:15:04,113.922852,22.555367,1,59
30650,20:15:59,113.931847,22.555201,1,60
30650,20:16:54,113.938164,22.555384,1,42
30650,20:17:49,113.945282,22.555218,1,47
30650,20:18:44,113.954765,22.556334,1,64
30650,20:19:39,113.963783,22.557051,1,60
30650,20:20:34,113.972717,22.556667,1,60
30650,20:21:30,113.980881,22.557768,1,54
30650,20:22:25,113.990768,22.5583,1,68
30650,20:23:20,113.999832,22.555717,1,64
30650,20:24:15,114.009636,22.558399,1,69
30650,20:25:10,114.020386,22.560101,1,74
30650,20:27:00,114.028336,22.561533,1,8
30650,20:27:55,114.030418,22.5618,1,13
30650,20:28:50,114.032516,22.562099,1,13
30650,20:29:45,114.032883,22.562149,1,0
30650,20:30:42,114.035835,22.562717,1,14
30650,20:30:57,114.036552,22.562817,1,17
30650,20:31:53,114.039719,22.563368,1,20
30650,20:32:48,114.042664,22.564016,1,18
30650,20:33:43,114.045448,22.564817,1,19
30650,20:34:38,114.047897,22.564951,1,10
30650,20:35:33,114.050751,22.5648,1,16
30650,20:36:28,114.053436,22.564751,1,16
30650,20:37:23,114.055565,22.565166,1,12
30650,20:38:18,114.057899,22.566084,1,16
30650,20:39:13,114.058502,22.566418,1,1
30650,20:39:14,114.058502,22.566418,1,1
30650,20:41:03,114.061249,22.567017,1,5
30650,20:41:58,114.062347,22.567467,1,8
30650,20:42:54,114.062248,22.568632,1,5
30650,20:43:49,114.061951,22.570667,1,12
30650,20:44:46,114.06163,22.571617,1,0
30650,20:45:41,114.061386,22.572918,1,3
30650,20:46:36,114.061081,22.574183,1,3
30650,20:47:34,114.06102,22.574617,1,0
30650,20:48:29,114.06102,22.574617,1,0
30650,20:49:26,114.060654,22.576866,1,3
30650,20:50:21,114.062447,22.5776,1,11
30650,20:50:39,114.061996,22.578234,1,8
30650,20:51:35,114.058685,22.578501,1,22
30650,20:52:30,114.056549,22.579018,1,11
30650,20:53:25,114.054131,22.582783,1,31
30650,20:54:20,114.052017,22.588301,1,42
30650,20:55:15,114.052383,22.592449,1,44
30650,20:56:10,114.057785,22.598516,1,61
30650,20:57:05,114.062149,22.605083,1,57
30650,20:58:00,114.070152,22.610483,1,66
30650,20:58:55,114.074898,22.6178,1,63
30650,20:59:50,114.079597,22.624817,1,61
30650,21:00:45,114.084846,22.627867,1,46
30650,21:01:40,114.090752,22.631117,1,46
30650,21:02:35,114.098213,22.630283,1,55
30650,21:03:30,114.103897,22.625168,1,52
30650,21:04:25,114.106064,22.623716,1,17
30650,21:06:15,114.098518,22.63015,1,49
30650,21:07:10,114.090851,22.631918,1,57
30650,21:08:05,114.083252,22.629749,1,53
30650,21:09:00,114.081551,22.629101,1,10
30650,21:09:55,114.075783,22.629417,1,39
30650,21:10:50,114.075615,22.62945,1,1
30650,21:11:45,114.068634,22.630484,1,45
30650,21:12:40,114.066254,22.630466,1,14
30650,21:13:35,114.059914,22.6297,1,42
30650,21:15:25,114.043587,22.632433,1,48
30650,21:16:20,114.043365,22.632483,1,1
30650,21:17:15,114.039551,22.633034,1,23
30650,21:18:10,114.039551,22.633034,1,0
30650,21:19:05,114.039551,22.633034,1,0
30650,21:20:00,114.041435,22.632717,1,15
30650,21:20:55,114.042816,22.632549,1,7
30650,21:21:50,114.043785,22.635033,1,19
30650,21:22:45,114.043533,22.6346,1,2
30650,21:23:40,114.043137,22.633232,1,6
30650,21:24:35,114.043137,22.633167,1,0
30650,21:26:25,114.046135,22.6318,1,23
30650,21:27:20,114.054649,22.629717,1,59
30650,21:28:15,114.062782,22.629801,1,54
30650,21:29:10,114.064949,22.630033,1,14
30650,21:30:05,114.066551,22.630217,1,8
30650,21:31:00,114.072052,22.629833,1,36
30650,21:31:55,114.074066,22.62945,1,12
30650,21:32:50,114.0783,22.628733,1,28
30650,21:33:45,114.083931,22.62785,1,38
30650,21:35:35,114.098701,22.629766,1,54
30650,21:36:30,114.104568,22.624701,1,53
30650,21:37:25,114.105965,22.623768,1,11
30650,21:38:20,114.105186,22.624416,1,9
30650,21:40:11,114.107285,22.62545,1,12
30650,21:41:06,114.108101,22.627518,1,15
30650,21:42:01,114.107269,22.628183,1,2
30650,21:42:56,114.106003,22.627617,1,3
30650,21:43:54,114.106018,22.627567,1,0
30650,21:44:46,114.105347,22.628317,1,0
30650,21:45:42,114.105347,22.628317,1,0
30650,21:46:37,114.105347,22.628317,1,0
30650,21:47:32,114.105347,22.628317,1,0
30650,21:48:27,114.104767,22.62705,1,5
30650,21:49:22,114.10482,22.626284,1,3
30650,21:50:17,114.102898,22.626101,1,12
30650,21:53:02,114.102165,22.624567,1,16
30650,21:53:57,114.103981,22.622717,1,16
30650,21:54:52,114.104736,22.62085,1,10
30650,21:55:47,114.105499,22.617666,1,19
30650,21:56:42,114.105881,22.616234,1,8
30650,21:57:37,114.107353,22.611834,1,32
30650,21:58:32,114.106735,22.61025,1,14
30650,21:59:27,114.105064,22.609417,1,12
30650,22:00:22,114.105064,22.609417,1,0
30650,22:01:17,114.105835,22.608084,1,7
30650,22:02:12,114.107132,22.608566,1,5
30650,22:03:07,114.107132,22.608566,1,0
30650,22:05:00,114.10553,22.6085,1,1
30650,22:05:55,114.106918,22.610382,1,12
30650,22:06:50,114.108803,22.610617,1,8
30650,22:07:45,114.110802,22.608732,1,15
30650,22:08:42,114.112083,22.60685,1,20
30650,22:09:03,114.112503,22.6061,1,15
30650,22:09:59,114.112663,22.605633,1,2
30650,22:10:54,114.112846,22.602301,1,24
30650,22:11:49,114.112221,22.601017,1,10
30650,22:12:44,114.112221,22.601017,1,0
30650,22:13:39,114.114067,22.599434,1,17
30650,22:14:34,114.115196,22.6019,1,24
30650,22:15:29,114.115196,22.6019,1,0
30650,22:16:24,114.117264,22.604418,1,20
30650,22:17:19,114.121651,22.607384,1,35
30650,22:18:14,114.123016,22.608049,1,8
30650,22:19:10,114.12487,22.609182,1,12
30650,22:20:05,114.127914,22.611099,1,22
30650,22:21:00,114.129684,22.611017,1,12
30650,22:21:55,114.129684,22.611017,1,0
30650,22:22:50,114.130569,22.609734,1,7
30650,22:23:45,114.130402,22.607849,1,9
30650,22:24:40,114.131531,22.606716,1,7
30650,22:25:35,114.13205,22.60535,1,7
30650,22:26:30,114.131554,22.603683,1,12
30650,22:27:25,114.129936,22.60405,1,9
30650,22:28:20,114.129234,22.603983,1,0
30650,22:29:15,114.128899,22.601883,1,17
30650,22:30:10,114.128548,22.599966,1,13
30650,22:31:05,114.126366,22.60335,1,31
30650,22:32:00,114.122452,22.603251,1,27
30650,22:32:55,114.119164,22.603382,1,21
30650,22:33:50,114.116264,22.6017,1,24
30650,22:34:45,114.115715,22.601917,1,3
30650,22:35:40,114.115379,22.602182,1,1
30650,22:36:35,114.111282,22.596701,1,49
30650,22:37:30,114.110016,22.588667,1,61
30650,22:38:25,114.113083,22.584167,1,37
30650,22:39:20,114.115234,22.579082,1,39
30650,22:40:15,114.115417,22.579651,1,11
30650,22:41:10,114.118965,22.579483,1,25
30650,22:42:05,114.121429,22.579132,1,13
30650,22:43:00,114.125183,22.579468,1,21
30650,22:43:55,114.12928,22.579651,1,24
30650,22:44:50,114.12973,22.579617,1,0
30650,22:45:45,114.12973,22.579617,1,0
30650,22:46:40,114.1287,22.57785,1,20
30650,22:47:35,114.122002,22.577017,1,39
30650,22:48:30,114.116234,22.576782,1,37
30650,22:49:25,114.117821,22.573317,1,43
30650,22:50:20,114.117729,22.567717,1,41
30650,22:52:10,114.120033,22.555901,1,39
30650,22:53:05,114.117485,22.552082,1,32
30650,22:54:00,114.117065,22.551884,1,2
30650,22:54:55,114.116501,22.55015,1,9
30650,22:55:52,114.116364,22.549217,1,0
30650,22:56:07,114.116653,22.548082,1,14
30650,22:57:03,114.116714,22.547501,1,0
30650,22:57:58,114.116714,22.547501,1,0
30650,22:58:53,114.11702,22.546818,1,0
30650,22:59:48,114.11702,22.546818,1,0
30650,23:00:43,114.11702,22.546818,1,0
30650,23:02:33,114.117584,22.54565,1,1
30650,23:02:34,114.117584,22.54565,1,1
30650,23:04:23,114.115402,22.544582,1,0
30650,23:05:18,114.115097,22.545267,1,2
30650,23:06:14,114.115097,22.545267,1,0
30650,23:07:09,114.116302,22.546467,1,5
30650,23:08:06,114.11705,22.546967,1,11
30650,23:09:01,114.116531,22.549417,1,13
30650,23:09:19,114.11647,22.550217,1,11
30650,23:10:15,114.116882,22.551083,1,5
30650,23:11:11,114.117371,22.551849,1,3
30650,23:12:07,114.118935,22.554434,1,17
30650,23:13:02,114.123566,22.558233,1,41
30650,23:13:57,114.125,22.559,1,11
30650,23:14:52,114.129364,22.561399,1,31
30650,23:15:47,114.133049,22.563284,1,27
30650,23:16:42,114.135902,22.566784,1,30
30650,23:17:37,114.137932,22.569,1,16
30650,23:18:32,114.137917,22.570351,1,6
30650,23:19:27,114.137917,22.570351,1,0
30650,23:20:23,114.137917,22.570351,1,0
30650,23:21:18,114.138016,22.572317,1,6
30650,23:22:13,114.138268,22.57305,1,3
30650,23:23:08,114.138336,22.573317,1,0
30650,23:24:03,114.13868,22.573982,1,1
30650,23:24:58,114.138931,22.574751,1,1
30650,23:29:33,114.155334,22.610468,1,55
30650,23:30:28,114.156715,22.61545,1,41
30650,23:31:23,114.156715,22.61545,1,0
30650,23:32:18,114.157349,22.614384,1,4
30650,23:33:13,114.158752,22.610849,1,26
30650,23:34:08,114.155853,22.6091,1,31
30650,23:35:03,114.149399,22.608467,1,45
30650,23:35:58,114.146164,22.609751,1,21
30650,23:36:53,114.141235,22.6094,1,30
30650,23:36:54,114.141235,22.6094,1,30
30650,23:37:48,114.1353,22.609867,1,40
30650,23:38:43,114.134468,22.61005,1,4
30650,23:39:38,114.128899,22.611567,1,38
30650,23:40:33,114.125618,22.61005,1,40
30650,23:41:31,114.117447,22.605083,1,50
30650,23:42:26,114.111786,22.597616,1,66
30650,23:43:20,114.109367,22.590099,1,59
30650,23:44:16,114.113167,22.5842,1,48
30650,23:45:11,114.116852,22.576366,1,62
30650,23:46:06,114.117668,22.571234,1,38
30650,23:47:01,114.117668,22.569599,1,9
30650,23:47:56,114.116432,22.567467,1,17
30650,23:48:51,114.116432,22.567467,1,0
30650,23:49:46,114.116432,22.567467,1,0
30650,23:50:41,114.116432,22.567467,1,0
30650,23:51:36,114.116432,22.567467,1,0
30650,23:52:31,114.115967,22.565849,1,9
30650,23:53:26,114.114716,22.560734,1,43
