25749,00:00:15,113.880135,22.575768,1,56
25749,00:00:55,113.8843,22.579451,1,46
25749,00:01:35,113.885269,22.580317,1,0
25749,00:02:15,113.885269,22.580317,1,0
25749,00:02:55,113.884666,22.581083,1,41
25749,00:03:35,113.882248,22.583166,1,38
25749,00:04:15,113.881432,22.5844,1,22
25749,00:04:55,113.878181,22.587667,1,41
25749,00:05:03,113.877869,22.587967,1,17
25749,00:05:35,113.876404,22.58675,1,32
25749,00:06:15,113.875053,22.586817,1,0
25749,00:06:55,113.874969,22.586901,0,0
25749,00:07:35,113.873734,22.586132,0,19
25749,00:08:15,113.872635,22.588717,0,49
25749,00:08:55,113.868568,22.585283,0,52
25749,00:09:35,113.86647,22.583717,0,11
25749,00:10:15,113.864365,22.583866,0,32
25749,00:10:55,113.861298,22.586384,0,40
25749,00:11:35,113.857681,22.589149,0,54
25749,00:12:15,113.855453,22.589634,0,14
25749,00:12:55,113.854515,22.588568,0,11
25749,00:13:35,113.855385,22.589518,0,14
25749,00:14:15,113.85585,22.590082,0,7
25749,00:14:55,113.85582,22.590218,0,0
25749,00:15:35,113.856499,22.590767,0,6
25749,00:16:15,113.857132,22.590834,0,10
25749,00:16:55,113.857986,22.590433,0,15
25749,00:17:35,113.856468,22.590782,0,13
25749,00:18:15,113.857414,22.589367,0,36
25749,00:18:55,113.85997,22.587433,0,32
25749,00:19:35,113.858887,22.585751,0,0
25749,00:20:15,113.860603,22.583282,1,75
25749,00:20:55,113.865417,22.578783,1,76
25749,00:21:35,113.868301,22.575451,1,51
25749,00:22:15,113.865433,22.57225,1,31
25749,00:22:55,113.864998,22.572517,1,0
25749,00:23:37,113.864571,22.572933,0,0
25749,00:24:17,113.864532,22.572733,0,8
25749,00:24:57,113.865265,22.571333,0,30
25749,00:25:37,113.863533,22.56905,0,21
25749,00:26:17,113.861069,22.570433,0,35
25749,00:26:57,113.858116,22.572451,0,47
25749,00:27:37,113.857216,22.574034,0,36
25749,00:28:17,113.859901,22.57645,0,22
25749,00:28:57,113.862419,22.574533,0,30
25749,00:29:37,113.863419,22.573618,0,36
25749,00:30:17,113.865501,22.572083,0,0
25749,00:30:57,113.865501,22.572083,0,0
25749,00:31:37,113.866615,22.573116,0,44
25749,00:32:17,113.867416,22.574167,1,15
25749,00:32:57,113.870331,22.575283,1,55
25749,00:33:37,113.875015,22.572018,1,20
25749,00:34:17,113.87767,22.573717,1,50
25749,00:34:57,113.881348,22.576767,1,45
25749,00:35:37,113.884903,22.574432,1,52
25749,00:36:17,113.884903,22.573151,1,0
25749,00:36:57,113.884766,22.571951,0,15
25749,00:37:37,113.886017,22.570749,0,20
25749,00:38:17,113.88797,22.568867,0,15
25749,00:38:57,113.889748,22.569733,0,21
25749,00:39:37,113.893234,22.566282,0,60
25749,00:40:19,113.89418,22.565166,1,43
25749,00:40:59,113.894218,22.562267,1,41
25749,00:41:39,113.891296,22.561934,1,39
25749,00:42:19,113.891464,22.565367,1,59
25749,00:42:59,113.891602,22.568451,1,57
25749,00:43:39,113.885635,22.574118,1,91
25749,00:44:19,113.878937,22.580334,1,93
25749,00:45:39,113.868301,22.593384,1,50
25749,00:46:19,113.87075,22.595417,1,52
25749,00:46:59,113.874702,22.598232,1,46
25749,00:47:39,113.878403,22.601282,1,55
25749,00:48:19,113.881165,22.602699,1,16
25749,00:48:59,113.88298,22.602283,1,0
25749,00:49:39,113.882568,22.602367,0,31
25749,00:50:19,113.879753,22.602583,0,42
25749,00:50:59,113.877068,22.600218,0,30
25749,00:51:39,113.87545,22.598801,0,21
25749,00:52:19,113.872749,22.59675,0,46
25749,00:52:59,113.869484,22.594618,0,27
25749,00:53:39,113.868164,22.593983,0,0
25749,00:54:19,113.868263,22.594,0,0
25749,00:54:59,113.869637,22.594217,0,20
25749,00:55:39,113.871201,22.592117,0,34
25749,00:56:19,113.872681,22.589767,0,35
25749,00:56:59,113.873314,22.588367,0,17
25749,00:57:39,113.874283,22.586782,0,27
25749,00:58:19,113.872047,22.587868,0,39
25749,00:58:59,113.870781,22.58675,0,63
25749,00:59:39,113.866402,22.583767,0,42
25749,01:00:19,113.862381,22.585466,0,59
25749,01:00:59,113.858002,22.588966,0,61
25749,01:01:39,113.855415,22.589582,0,15
25749,01:06:39,113.855385,22.58955,0,0
25749,01:09:17,113.855385,22.58955,0,0
25749,01:09:19,113.855385,22.58955,0,0
25749,01:09:59,113.855385,22.58955,0,0
25749,01:10:39,113.856483,22.59005,0,28
25749,01:11:19,113.859665,22.5877,0,40
25749,01:11:59,113.862885,22.584999,0,45
25749,01:12:39,113.865852,22.582951,0,32
25749,01:13:19,113.86927,22.585466,0,55
25749,01:13:59,113.874268,22.589199,0,68
25749,01:14:39,113.878815,22.592133,0,35
25749,01:15:19,113.879646,22.589483,0,41
25749,01:15:59,113.876663,22.587049,0,13
25749,01:16:47,113.875771,22.586332,1,0
25749,01:17:19,113.875931,22.586433,1,31
25749,01:17:59,113.879601,22.589382,1,54
25749,01:18:39,113.883682,22.5875,1,61
25749,01:19:19,113.884201,22.586983,1,0
25749,01:19:59,113.884201,22.586983,1,0
25749,01:20:39,113.885017,22.587383,1,0
25749,01:21:19,113.8862,22.587967,1,17
25749,01:22:01,113.889519,22.589199,0,20
25749,01:22:41,113.890137,22.589434,0,0
25749,01:23:21,113.89183,22.590017,0,33
25749,01:24:01,113.892067,22.593317,0,39
25749,01:24:41,113.895401,22.59705,0,69
25749,01:25:21,113.899803,22.596518,0,39
25749,01:26:01,113.901199,22.591984,0,59
25749,01:26:41,113.905098,22.587999,0,0
25749,01:27:21,113.908234,22.587517,0,66
25749,01:28:01,113.913948,22.589483,0,74
25749,01:28:41,113.915619,22.590967,0,18
25749,01:29:21,113.915535,22.596117,0,72
25749,01:30:01,113.918671,22.604134,0,95
25749,01:30:41,113.920898,22.612417,0,91
25749,01:30:42,113.920898,22.612417,0,91
25749,01:30:43,113.920898,22.612417,0,91
25749,01:30:44,113.920898,22.612417,0,91
25749,01:31:21,113.920998,22.620649,0,92
25749,01:31:22,113.920998,22.620649,0,92
25749,01:31:23,113.920998,22.620649,0,92
25749,01:31:24,113.920998,22.620649,0,92
25749,01:32:01,113.921165,22.62995,0,99
25749,01:32:02,113.921165,22.62995,0,99
25749,01:32:03,113.921165,22.62995,0,99
25749,01:32:04,113.921165,22.62995,0,99
25749,01:32:41,113.921364,22.63875,0,89
25749,01:32:42,113.921364,22.63875,0,89
25749,01:32:43,113.921364,22.63875,0,89
25749,01:32:44,113.921364,22.63875,0,89
25749,01:33:21,113.920067,22.645317,0,88
25749,01:33:22,113.920067,22.645317,0,88
25749,01:33:23,113.920067,22.645317,0,88
25749,01:33:24,113.920067,22.645317,0,88
25749,01:34:01,113.915154,22.651899,0,84
25749,01:34:02,113.915154,22.651899,0,84
25749,01:34:03,113.915154,22.651899,0,84
25749,01:34:04,113.915154,22.651899,0,84
25749,01:34:41,113.916351,22.655817,0,75
25749,01:34:42,113.916351,22.655817,0,75
25749,01:34:43,113.916351,22.655817,0,75
25749,01:34:44,113.916351,22.655817,0,75
25749,01:35:21,113.919899,22.661318,0,51
25749,01:35:22,113.919899,22.661318,0,51
25749,01:35:23,113.919899,22.661318,0,51
25749,01:35:24,113.919899,22.661318,0,51
25749,01:36:01,113.91552,22.661383,0,39
25749,01:36:02,113.91552,22.661383,0,39
25749,01:36:03,113.91552,22.661383,0,39
25749,01:36:04,113.91552,22.661383,0,39
25749,01:36:41,113.914902,22.657551,0,55
25749,01:36:42,113.914902,22.657551,0,55
25749,01:36:43,113.914902,22.657551,0,55
25749,01:36:44,113.914902,22.657551,0,55
25749,01:37:21,113.920753,22.659983,0,84
25749,01:37:22,113.920753,22.659983,0,84
25749,01:37:23,113.920753,22.659983,0,84
25749,01:37:24,113.920753,22.659983,0,84
25749,01:38:01,113.92733,22.665117,0,84
25749,01:38:02,113.92733,22.665117,0,84
25749,01:38:03,113.92733,22.665117,0,84
25749,01:38:04,113.92733,22.665117,0,84
25749,01:38:41,113.934067,22.670483,0,96
25749,01:38:42,113.934067,22.670483,0,96
25749,01:38:43,113.934067,22.670483,0,96
25749,01:38:44,113.934067,22.670483,0,96
25749,01:38:49,113.935837,22.671232,0,93
25749,01:38:50,113.935837,22.671232,0,93
25749,01:38:51,113.935837,22.671232,0,93
25749,01:38:52,113.935837,22.671232,0,93
25749,01:39:21,113.942665,22.674868,0,96
25749,01:39:22,113.942665,22.674868,0,96
25749,01:39:23,113.942665,22.674868,0,96
25749,01:39:24,113.942665,22.674868,0,96
25749,01:40:01,113.949867,22.680367,0,92
25749,01:40:02,113.949867,22.680367,0,92
25749,01:40:03,113.949867,22.680367,0,92
25749,01:40:04,113.949867,22.680367,0,92
25749,01:40:41,113.958817,22.684,0,98
25749,01:40:42,113.958817,22.684,0,98
25749,01:40:43,113.958817,22.684,0,98
25749,01:40:44,113.958817,22.684,0,98
25749,01:41:21,113.96817,22.686466,0,91
25749,01:41:22,113.96817,22.686466,0,91
25749,01:41:23,113.96817,22.686466,0,91
25749,01:41:24,113.96817,22.686466,0,91
25749,01:42:01,113.977753,22.687384,0,100
25749,01:52:37,113.977753,22.687384,0,0
25749,02:03:12,113.977753,22.687384,0,0
25749,02:13:37,114.003418,22.661133,0,0
25749,02:13:47,113.977753,22.687384,0,0
25749,02:14:17,113.999397,22.662067,0,52
25749,02:14:57,113.994781,22.664917,0,62
25749,02:15:37,113.990265,22.668833,0,64
25749,02:16:17,113.985283,22.672068,0,41
25749,02:16:57,113.980331,22.675034,0,65
25749,02:17:37,113.975571,22.678917,0,50
25749,02:18:17,113.972801,22.68255,0,56
25749,02:19:37,113.9617,22.685484,0,56
25749,02:19:38,113.9617,22.685484,0,56
25749,02:19:39,113.9617,22.685484,0,56
25749,02:19:40,113.9617,22.685484,0,56
25749,02:20:17,113.959717,22.686783,0,0
25749,02:20:18,113.959717,22.686783,0,0
25749,02:20:19,113.959717,22.686783,0,0
25749,02:20:20,113.959717,22.686783,0,0
25749,02:20:54,113.958931,22.686968,0,41
25749,02:20:55,113.958931,22.686968,0,41
25749,02:20:56,113.958931,22.686968,0,41
25749,02:20:57,113.958931,22.686968,0,41
25749,02:21:37,113.9543,22.687567,0,56
25749,02:21:38,113.9543,22.687567,0,56
25749,02:21:39,113.9543,22.687567,0,56
25749,02:21:40,113.9543,22.687567,0,56
25749,02:22:17,113.951248,22.6894,0,0
25749,02:22:18,113.951248,22.6894,0,0
25749,02:22:19,113.951248,22.6894,0,0
25749,02:22:20,113.951248,22.6894,0,0
25749,02:22:54,113.948303,22.686934,0,51
25749,02:22:55,113.948303,22.686934,0,51
25749,02:22:56,113.948303,22.686934,0,51
25749,02:22:57,113.948303,22.686934,0,51
25749,02:23:05,113.947884,22.68635,0,27
25749,02:23:06,113.947884,22.68635,0,27
25749,02:23:07,113.947884,22.68635,0,27
25749,02:23:08,113.947884,22.68635,0,27
25749,02:27:15,113.948082,22.6859,0,0
25749,02:27:16,113.948082,22.6859,0,0
25749,02:27:17,113.948082,22.6859,0,0
25749,02:27:18,113.948082,22.6859,0,0
25749,02:27:37,113.948082,22.6859,0,0
25749,02:27:38,113.948082,22.6859,0,0
25749,02:27:39,113.948082,22.6859,0,0
25749,02:27:40,113.948082,22.6859,0,0
25749,02:28:17,113.947701,22.685699,0,13
25749,02:28:18,113.947701,22.685699,0,13
25749,02:28:19,113.947701,22.685699,0,13
25749,02:28:20,113.947701,22.685699,0,13
25749,02:28:54,113.945351,22.684017,0,50
25749,02:28:55,113.945351,22.684017,0,50
25749,02:28:56,113.945351,22.684017,0,50
25749,02:28:57,113.945351,22.684017,0,50
25749,02:29:37,113.939819,22.683416,0,58
25749,02:29:38,113.939819,22.683416,0,58
25749,02:29:39,113.939819,22.683416,0,58
25749,02:29:40,113.939819,22.683416,0,58
25749,02:30:17,113.936165,22.682983,0,47
25749,02:30:18,113.936165,22.682983,0,47
25749,02:30:19,113.936165,22.682983,0,47
25749,02:30:20,113.936165,22.682983,0,47
25749,02:30:54,113.931633,22.683067,0,53
25749,02:30:55,113.931633,22.683067,0,53
25749,02:30:56,113.931633,22.683067,0,53
25749,02:30:57,113.931633,22.683067,0,53
25749,02:31:37,113.929817,22.683683,0,0
25749,02:31:38,113.929817,22.683683,0,0
25749,02:31:39,113.929817,22.683683,0,0
25749,02:31:40,113.929817,22.683683,0,0
25749,02:32:17,113.928932,22.6824,0,37
25749,02:32:18,113.928932,22.6824,0,37
25749,02:32:19,113.928932,22.6824,0,37
25749,02:32:20,113.928932,22.6824,0,37
25749,02:32:54,113.926552,22.679518,0,36
25749,02:32:55,113.926552,22.679518,0,36
25749,02:32:56,113.926552,22.679518,0,36
25749,02:32:57,113.926552,22.679518,0,36
25749,02:33:05,113.926247,22.678867,0,43
25749,02:33:06,113.926247,22.678867,0,43
25749,02:33:07,113.926247,22.678867,0,43
25749,02:33:08,113.926247,22.678867,0,43
25749,02:33:37,113.924599,22.675667,0,50
25749,02:33:38,113.924599,22.675667,0,50
25749,02:33:39,113.924599,22.675667,0,50
25749,02:33:40,113.924599,22.675667,0,50
25749,02:33:45,113.923897,22.674967,0,47
25749,02:33:46,113.923897,22.674967,0,47
25749,02:33:47,113.923897,22.674967,0,47
25749,02:33:48,113.923897,22.674967,0,47
25749,02:34:25,113.922119,22.673201,0,0
25749,02:34:26,113.922119,22.673201,0,0
25749,02:34:27,113.922119,22.673201,0,0
25749,02:34:28,113.922119,22.673201,0,0
25749,02:34:54,113.920853,22.671682,0,15
25749,02:34:55,113.920853,22.671682,0,15
25749,02:34:56,113.920853,22.671682,0,15
25749,02:34:57,113.920853,22.671682,0,15
25749,02:35:37,113.920815,22.67165,0,0
25749,02:35:38,113.920815,22.67165,0,0
25749,02:35:39,113.920815,22.67165,0,0
25749,02:35:40,113.920815,22.67165,0,0
25749,02:36:17,113.920815,22.67165,0,0
25749,02:36:18,113.920815,22.67165,0,0
25749,02:36:19,113.920815,22.67165,0,0
25749,02:36:20,113.920815,22.67165,0,0
25749,02:36:54,113.920219,22.6672,0,57
25749,02:36:55,113.920219,22.6672,0,57
25749,02:36:56,113.920219,22.6672,0,57
25749,02:36:57,113.920219,22.6672,0,57
25749,02:37:05,113.92025,22.665916,0,70
25749,02:37:06,113.92025,22.665916,0,70
25749,02:37:07,113.92025,22.665916,0,70
25749,02:37:08,113.92025,22.665916,0,70
25749,02:37:37,113.918747,22.660067,0,89
25749,02:37:38,113.918747,22.660067,0,89
25749,02:37:39,113.918747,22.660067,0,89
25749,02:37:40,113.918747,22.660067,0,89
25749,02:38:17,113.915115,22.6535,0,18
25749,02:38:18,113.915115,22.6535,0,18
25749,02:38:19,113.915115,22.6535,0,18
25749,02:38:20,113.915115,22.6535,0,18
25749,02:38:54,113.915115,22.6535,0,0
25749,02:38:55,113.915115,22.6535,0,0
25749,02:38:56,113.915115,22.6535,0,0
25749,02:38:57,113.915115,22.6535,0,0
25749,02:39:37,113.915833,22.6497,0,73
25749,02:39:38,113.915833,22.6497,0,73
25749,02:39:39,113.915833,22.6497,0,73
25749,02:39:40,113.915833,22.6497,0,73
25749,02:40:17,113.92028,22.644501,0,68
25749,02:40:18,113.92028,22.644501,0,68
25749,02:40:19,113.92028,22.644501,0,68
25749,02:40:20,113.92028,22.644501,0,68
25749,02:40:54,113.92128,22.64135,0,65
25749,02:40:55,113.92128,22.64135,0,65
25749,02:40:56,113.92128,22.64135,0,65
25749,02:40:57,113.92128,22.64135,0,65
25749,02:41:37,113.92115,22.634184,0,62
25749,02:41:38,113.92115,22.634184,0,62
25749,02:41:39,113.92115,22.634184,0,62
25749,02:41:40,113.92115,22.634184,0,62
25749,02:42:17,113.920998,22.626118,0,91
25749,02:42:18,113.920998,22.626118,0,91
25749,02:42:19,113.920998,22.626118,0,91
25749,02:42:20,113.920998,22.626118,0,91
25749,02:42:54,113.920883,22.617983,0,70
25749,02:42:55,113.920883,22.617983,0,70
25749,02:42:56,113.920883,22.617983,0,70
25749,02:42:57,113.920883,22.617983,0,70
25749,02:43:37,113.920853,22.61565,0,67
25749,02:43:38,113.920853,22.61565,0,67
25749,02:43:39,113.920853,22.61565,0,67
25749,02:43:40,113.920853,22.61565,0,67
25749,02:44:17,113.920586,22.60775,0,91
25749,02:44:18,113.920586,22.60775,0,91
25749,02:44:19,113.920586,22.60775,0,91
25749,02:44:20,113.920586,22.60775,0,91
25749,02:44:57,113.916702,22.60095,0,81
25749,02:45:37,113.914864,22.594717,0,64
25749,02:46:17,113.914597,22.590166,0,49
25749,02:46:57,113.91037,22.5875,0,59
25749,02:47:37,113.905014,22.587601,0,36
25749,02:48:17,113.903664,22.586416,0,0
25749,02:48:57,113.899933,22.584833,0,52
25749,02:49:37,113.896416,22.585716,0,41
25749,02:50:17,113.892952,22.585051,0,9
25749,02:50:57,113.893501,22.585283,0,0
25749,02:54:23,113.893852,22.585199,0,0
25749,02:59:17,113.893669,22.58535,0,0
25749,03:04:17,113.8937,22.5853,0,0
25749,03:09:17,113.893814,22.585182,0,0
25749,03:14:17,113.893501,22.585484,0,0
25749,03:19:17,113.893753,22.585266,0,0
25749,03:24:17,113.893753,22.585266,0,0
25749,03:27:39,113.893753,22.585266,0,0
25749,03:28:17,113.893753,22.585266,0,0
25749,03:28:57,113.893753,22.585266,0,0
25749,03:33:59,113.893585,22.585117,0,0
25749,03:38:09,113.893471,22.585251,0,0
25749,03:38:39,113.893471,22.585251,0,0
25749,03:39:19,113.893753,22.585367,0,0
25749,03:44:19,113.893753,22.585367,0,0
25749,03:49:19,113.893753,22.585367,0,0
25749,03:54:19,113.893753,22.585367,0,0
25749,03:59:19,113.893753,22.585367,0,0
25749,04:04:19,113.893753,22.585367,0,0
25749,04:09:19,113.893753,22.585367,0,0
25749,04:14:19,113.893753,22.585367,0,0
25749,04:19:19,113.89415,22.585333,0,0
25749,04:24:19,113.893936,22.585266,0,0
25749,04:29:19,113.893936,22.585266,0,0
25749,04:34:19,113.893753,22.5854,0,0
25749,04:39:19,113.893913,22.58535,0,0
25749,04:44:19,113.89402,22.58535,0,0
25749,04:49:19,113.893913,22.585449,0,0
25749,04:54:19,113.893913,22.585449,0,0
25749,04:59:19,113.893913,22.585449,0,0
25749,05:04:19,113.893913,22.585449,0,0
25749,05:09:19,113.893913,22.585449,0,0
25749,05:14:19,113.893913,22.585466,0,0
25749,05:19:19,113.894234,22.585432,0,0
25749,05:24:19,113.894234,22.585432,0,0
25749,05:29:19,113.893951,22.585449,0,0
25749,05:34:19,113.894218,22.585417,0,0
25749,05:39:19,113.894081,22.585367,0,0
25749,05:44:19,113.894081,22.585367,0,0
25749,05:49:19,113.894386,22.5853,0,0
25749,05:54:19,113.894417,22.585234,0,0
25749,05:59:19,113.89418,22.585318,0,0
25749,06:04:19,113.894249,22.585283,0,0
25749,06:09:19,113.894249,22.585266,0,0
25749,06:14:19,113.893982,22.585382,0,0
25749,06:19:19,113.893768,22.585432,0,0
25749,06:24:19,113.893768,22.585432,0,0
25749,06:29:19,113.89373,22.585432,0,0
25749,06:34:19,113.89373,22.585432,0,0
25749,06:39:19,113.893982,22.5853,0,0
25749,06:44:19,113.893982,22.5853,0,0
25749,06:49:19,113.893982,22.5853,0,0
25749,06:54:19,113.893982,22.5853,0,0
25749,06:59:19,113.893982,22.5853,0,0
25749,07:04:19,113.893982,22.5853,0,0
25749,07:09:19,113.893982,22.5853,0,0
25749,07:14:19,113.893982,22.5853,0,0
25749,07:19:19,113.893715,22.585283,0,0
25749,07:24:19,113.893951,22.585333,0,0
25749,07:29:19,113.894035,22.585318,0,0
25749,07:35:21,113.893951,22.585466,0,0
25749,07:36:01,113.893951,22.585466,0,0
25749,07:36:41,113.893951,22.585466,0,0
25749,07:37:21,113.893951,22.585466,0,0
25749,07:38:01,113.893814,22.585484,0,7
25749,07:38:41,113.893036,22.585251,0,10
25749,07:39:21,113.891685,22.584784,0,17
25749,07:40:01,113.89048,22.584633,0,0
25749,07:40:41,113.889503,22.585632,0,21
25749,07:41:21,113.888336,22.588234,0,12
25749,07:42:01,113.887932,22.588633,0,17
25749,07:42:41,113.886314,22.588051,0,6
25749,07:43:21,113.886017,22.587982,0,0
25749,07:44:01,113.886017,22.587982,0,0
25749,07:44:41,113.886017,22.587982,0,0
25749,07:45:21,113.884766,22.5872,0,0
25749,07:46:01,113.885414,22.585768,0,48
25749,07:46:41,113.888016,22.582767,0,27
25749,07:47:21,113.886101,22.580999,0,19
25749,07:48:01,113.885803,22.58075,0,0
25749,07:48:41,113.886703,22.579283,0,35
25749,07:49:21,113.889,22.5769,0,13
25749,07:50:01,113.890152,22.577183,0,29
25749,07:50:41,113.889618,22.576733,1,2
25749,07:51:21,113.887779,22.578117,1,30
25749,07:52:01,113.886284,22.581301,1,48
25749,07:52:41,113.887764,22.5826,1,0
25749,07:53:21,113.888153,22.582832,1,16
25749,07:54:01,113.885246,22.586132,1,49
25749,07:54:41,113.885368,22.587601,1,25
25749,07:55:21,113.887619,22.588533,1,0
25749,07:56:01,113.888046,22.588667,1,6
25749,07:56:41,113.887871,22.589333,1,7
25749,07:57:21,113.887154,22.590883,1,27
25749,07:58:01,113.886497,22.593033,1,19
25749,07:58:41,113.891113,22.593433,1,70
25749,07:59:21,113.89402,22.593582,1,0
25749,08:00:01,113.894234,22.593634,1,0
25749,08:00:41,113.894585,22.593718,1,14
25749,08:01:29,113.899071,22.595333,1,53
25749,08:02:01,113.895714,22.596451,1,79
25749,08:02:41,113.888382,22.601534,1,90
25749,08:03:21,113.881851,22.6084,1,100
25749,08:04:09,113.875031,22.617184,1,92
25749,08:04:41,113.868553,22.621218,1,99
25749,08:05:21,113.858566,22.624983,1,99
25749,08:06:01,113.848602,22.6299,1,109
25749,08:06:09,113.84687,22.631216,1,110
25749,08:06:41,113.840881,22.637733,1,110
25749,08:07:21,113.834465,22.64595,1,93
25749,08:08:01,113.833084,22.649218,1,0
25749,08:08:02,113.833084,22.649218,1,0
25749,08:08:03,113.833084,22.649218,1,0
25749,08:08:04,113.833084,22.649218,1,0
25749,08:08:41,113.831169,22.650618,1,52
25749,08:08:42,113.831169,22.650618,1,52
25749,08:08:43,113.831169,22.650618,1,52
25749,08:08:44,113.831169,22.650618,1,52
25749,08:09:21,113.826965,22.651068,1,29
25749,08:09:22,113.826965,22.651068,1,29
25749,08:09:23,113.826965,22.651068,1,29
25749,08:09:24,113.826965,22.651068,1,29
25749,08:10:01,113.824921,22.651518,1,47
25749,08:10:02,113.824921,22.651518,1,47
25749,08:10:03,113.824921,22.651518,1,47
25749,08:10:04,113.824921,22.651518,1,47
25749,08:10:41,113.822014,22.656816,1,83
25749,08:10:42,113.822014,22.656816,1,83
25749,08:10:43,113.822014,22.656816,1,83
25749,08:10:44,113.822014,22.656816,1,83
25749,08:10:49,113.82222,22.658367,1,81
25749,08:10:50,113.82222,22.658367,1,81
25749,08:10:51,113.82222,22.658367,1,81
25749,08:10:52,113.82222,22.658367,1,81
25749,08:11:21,113.823502,22.664667,1,82
25749,08:11:22,113.823502,22.664667,1,82
25749,08:11:23,113.823502,22.664667,1,82
25749,08:11:24,113.823502,22.664667,1,82
25749,08:12:01,113.823814,22.6719,1,54
25749,08:12:02,113.823814,22.6719,1,54
25749,08:12:03,113.823814,22.6719,1,54
25749,08:12:04,113.823814,22.6719,1,54
25749,08:12:41,113.823883,22.676332,1,56
25749,08:12:42,113.823883,22.676332,1,56
25749,08:12:43,113.823883,22.676332,1,56
25749,08:12:44,113.823883,22.676332,1,56
25749,08:13:21,113.823883,22.676733,1,0
25749,08:13:22,113.823883,22.676733,1,0
25749,08:13:23,113.823883,22.676733,1,0
25749,08:13:24,113.823883,22.676733,1,0
25749,08:14:01,113.823883,22.676733,1,0
25749,08:14:02,113.823883,22.676733,1,0
25749,08:14:03,113.823883,22.676733,1,0
25749,08:14:04,113.823883,22.676733,1,0
25749,08:14:41,113.823883,22.676733,1,0
25749,08:14:42,113.823883,22.676733,1,0
25749,08:14:43,113.823883,22.676733,1,0
25749,08:14:44,113.823883,22.676733,1,0
25749,08:15:21,113.823219,22.677032,1,36
25749,08:15:22,113.823219,22.677032,1,36
25749,08:15:23,113.823219,22.677032,1,36
25749,08:15:24,113.823219,22.677032,1,36
25749,08:16:01,113.821068,22.675682,1,0
25749,08:16:02,113.821068,22.675682,1,0
25749,08:16:03,113.821068,22.675682,1,0
25749,08:16:04,113.821068,22.675682,1,0
25749,08:16:43,113.820686,22.675467,0,40
25749,08:16:44,113.820686,22.675467,0,40
25749,08:16:45,113.820686,22.675467,0,40
25749,08:16:46,113.820686,22.675467,0,40
25749,08:17:23,113.819733,22.674601,0,37
25749,08:17:24,113.819733,22.674601,0,37
25749,08:17:25,113.819733,22.674601,0,37
25749,08:17:26,113.819733,22.674601,0,37
25749,08:18:03,113.821999,22.676233,0,16
25749,08:18:04,113.821999,22.676233,0,16
25749,08:18:05,113.821999,22.676233,0,16
25749,08:18:06,113.821999,22.676233,0,16
25749,08:18:43,113.822998,22.6763,0,22
25749,08:18:44,113.822998,22.6763,0,22
25749,08:18:45,113.822998,22.6763,0,22
25749,08:18:46,113.822998,22.6763,0,22
25749,08:19:23,113.823349,22.674467,0,19
25749,08:19:24,113.823349,22.674467,0,19
25749,08:19:25,113.823349,22.674467,0,19
25749,08:19:26,113.823349,22.674467,0,19
25749,08:20:03,113.823349,22.673401,0,0
25749,08:20:04,113.823349,22.673401,0,0
25749,08:20:05,113.823349,22.673401,0,0
25749,08:20:06,113.823349,22.673401,0,0
25749,08:20:43,113.823349,22.673401,0,0
25749,08:20:44,113.823349,22.673401,0,0
25749,08:20:45,113.823349,22.673401,0,0
25749,08:20:46,113.823349,22.673401,0,0
25749,08:21:23,113.823349,22.673401,0,0
25749,08:21:24,113.823349,22.673401,0,0
25749,08:21:25,113.823349,22.673401,0,0
25749,08:21:26,113.823349,22.673401,0,0
25749,08:22:03,113.823334,22.673367,0,0
25749,08:22:04,113.823334,22.673367,0,0
25749,08:22:05,113.823334,22.673367,0,0
25749,08:22:06,113.823334,22.673367,0,0
25749,08:22:43,113.823334,22.673367,0,0
25749,08:22:44,113.823334,22.673367,0,0
25749,08:22:45,113.823334,22.673367,0,0
25749,08:22:46,113.823334,22.673367,0,0
25749,08:23:23,113.823334,22.673367,0,0
25749,08:23:24,113.823334,22.673367,0,0
25749,08:23:25,113.823334,22.673367,0,0
25749,08:23:26,113.823334,22.673367,0,0
25749,08:24:03,113.823334,22.673367,0,0
25749,08:24:04,113.823334,22.673367,0,0
25749,08:24:05,113.823334,22.673367,0,0
25749,08:24:06,113.823334,22.673367,0,0
25749,08:24:43,113.823334,22.673367,0,0
25749,08:24:44,113.823334,22.673367,0,0
25749,08:24:45,113.823334,22.673367,0,0
25749,08:24:46,113.823334,22.673367,0,0
25749,08:25:23,113.823334,22.673367,0,0
25749,08:25:24,113.823334,22.673367,0,0
25749,08:25:25,113.823334,22.673367,0,0
25749,08:25:26,113.823334,22.673367,0,0
25749,08:26:03,113.823334,22.673367,0,0
25749,08:26:04,113.823334,22.673367,0,0
25749,08:26:05,113.823334,22.673367,0,0
25749,08:26:06,113.823334,22.673367,0,0
25749,08:26:43,113.823334,22.673367,0,0
25749,08:26:44,113.823334,22.673367,0,0
25749,08:26:45,113.823334,22.673367,0,0
25749,08:26:46,113.823334,22.673367,0,0
25749,08:27:23,113.823349,22.673018,0,0
25749,08:27:24,113.823349,22.673018,0,0
25749,08:27:25,113.823349,22.673018,0,0
25749,08:27:26,113.823349,22.673018,0,0
25749,08:28:03,113.823349,22.673018,0,0
25749,08:28:04,113.823349,22.673018,0,0
25749,08:28:05,113.823349,22.673018,0,0
25749,08:28:06,113.823349,22.673018,0,0
25749,08:28:43,113.823418,22.67255,0,17
25749,08:28:44,113.823418,22.67255,0,17
25749,08:28:45,113.823418,22.67255,0,17
25749,08:28:46,113.823418,22.67255,0,17
25749,08:29:23,113.8218,22.673349,1,37
25749,08:29:24,113.8218,22.673349,1,37
25749,08:29:25,113.8218,22.673349,1,37
25749,08:29:26,113.8218,22.673349,1,37
25749,08:30:03,113.819633,22.672117,1,21
25749,08:30:04,113.819633,22.672117,1,21
25749,08:30:05,113.819633,22.672117,1,21
25749,08:30:06,113.819633,22.672117,1,21
25749,08:30:43,113.817833,22.672882,1,12
25749,08:30:44,113.817833,22.672882,1,12
25749,08:30:45,113.817833,22.672882,1,12
25749,08:30:46,113.817833,22.672882,1,12
25749,08:31:23,113.817802,22.672899,1,0
25749,08:31:24,113.817802,22.672899,1,0
25749,08:31:25,113.817802,22.672899,1,0
25749,08:31:26,113.817802,22.672899,1,0
25749,08:32:03,113.816383,22.674833,1,0
25749,08:32:04,113.816383,22.674833,1,0
25749,08:32:05,113.816383,22.674833,1,0
25749,08:32:06,113.816383,22.674833,1,0
25749,08:32:43,113.816269,22.674868,1,14
25749,08:32:44,113.816269,22.674868,1,14
25749,08:32:45,113.816269,22.674868,1,14
25749,08:32:46,113.816269,22.674868,1,14
25749,08:33:23,113.814049,22.677732,1,41
25749,08:33:24,113.814049,22.677732,1,41
25749,08:33:25,113.814049,22.677732,1,41
25749,08:33:26,113.814049,22.677732,1,41
25749,08:34:03,113.810966,22.679167,1,35
25749,08:34:04,113.810966,22.679167,1,35
25749,08:34:05,113.810966,22.679167,1,35
25749,08:34:06,113.810966,22.679167,1,35
25749,08:34:51,113.807953,22.679033,1,6
25749,08:34:52,113.807953,22.679033,1,6
25749,08:34:53,113.807953,22.679033,1,6
25749,08:34:54,113.807953,22.679033,1,6
25749,08:35:23,113.80793,22.679033,1,0
25749,08:35:24,113.80793,22.679033,1,0
25749,08:35:25,113.80793,22.679033,1,0
25749,08:35:26,113.80793,22.679033,1,0
25749,08:36:03,113.80793,22.679033,1,0
25749,08:36:04,113.80793,22.679033,1,0
25749,08:36:05,113.80793,22.679033,1,0
25749,08:36:06,113.80793,22.679033,1,0
25749,08:36:43,113.80793,22.679033,1,0
25749,08:36:44,113.80793,22.679033,1,0
25749,08:36:45,113.80793,22.679033,1,0
25749,08:36:46,113.80793,22.679033,1,0
25749,08:37:23,113.805649,22.678766,1,31
25749,08:37:24,113.805649,22.678766,1,31
25749,08:37:25,113.805649,22.678766,1,31
25749,08:37:26,113.805649,22.678766,1,31
25749,08:38:03,113.80143,22.678301,1,12
25749,08:38:04,113.80143,22.678301,1,12
25749,08:38:05,113.80143,22.678301,1,12
25749,08:38:06,113.80143,22.678301,1,12
25749,08:38:43,113.801414,22.678301,1,0
25749,08:38:44,113.801414,22.678301,1,0
25749,08:38:45,113.801414,22.678301,1,0
25749,08:38:46,113.801414,22.678301,1,0
25749,08:39:23,113.801414,22.678301,1,0
25749,08:39:24,113.801414,22.678301,1,0
25749,08:39:25,113.801414,22.678301,1,0
25749,08:39:26,113.801414,22.678301,1,0
25749,08:40:03,113.798332,22.678133,1,47
25749,08:40:04,113.798332,22.678133,1,47
25749,08:40:05,113.798332,22.678133,1,47
25749,08:40:06,113.798332,22.678133,1,47
25749,08:40:43,113.796997,22.679768,1,5
25749,08:40:44,113.796997,22.679768,1,5
25749,08:40:45,113.796997,22.679768,1,5
25749,08:40:46,113.796997,22.679768,1,5
25749,08:41:23,113.799217,22.679617,1,25
25749,08:41:24,113.799217,22.679617,1,25
25749,08:41:25,113.799217,22.679617,1,25
25749,08:41:26,113.799217,22.679617,1,25
25749,08:42:03,113.799316,22.680483,1,0
25749,08:42:04,113.799316,22.680483,1,0
25749,08:42:05,113.799316,22.680483,1,0
25749,08:42:06,113.799316,22.680483,1,0
25749,08:42:43,113.799416,22.680017,0,21
25749,08:42:44,113.799416,22.680017,0,21
25749,08:42:45,113.799416,22.680017,0,21
25749,08:42:46,113.799416,22.680017,0,21
25749,08:43:23,113.797165,22.679716,0,12
25749,08:43:24,113.797165,22.679716,0,12
25749,08:43:25,113.797165,22.679716,0,12
25749,08:43:26,113.797165,22.679716,0,12
25749,08:44:05,113.796768,22.678682,0,19
25749,08:44:06,113.796768,22.678682,0,19
25749,08:44:07,113.796768,22.678682,0,19
25749,08:44:08,113.796768,22.678682,0,19
25749,08:44:43,113.796768,22.677517,0,16
25749,08:44:44,113.796768,22.677517,0,16
25749,08:44:45,113.796768,22.677517,0,16
25749,08:44:46,113.796768,22.677517,0,16
25749,08:45:25,113.797348,22.674816,0,30
25749,08:45:26,113.797348,22.674816,0,30
25749,08:45:27,113.797348,22.674816,0,30
25749,08:45:28,113.797348,22.674816,0,30
25749,08:46:05,113.79953,22.672234,0,17
25749,08:46:06,113.79953,22.672234,0,17
25749,08:46:07,113.79953,22.672234,0,17
25749,08:46:08,113.79953,22.672234,0,17
25749,08:46:45,113.800552,22.671368,0,12
25749,08:46:46,113.800552,22.671368,0,12
25749,08:46:47,113.800552,22.671368,0,12
25749,08:46:48,113.800552,22.671368,0,12
25749,08:47:25,113.80275,22.668783,0,52
25749,08:47:26,113.80275,22.668783,0,52
25749,08:47:27,113.80275,22.668783,0,52
25749,08:47:28,113.80275,22.668783,0,52
25749,08:48:05,113.805763,22.666616,0,0
25749,08:48:06,113.805763,22.666616,0,0
25749,08:48:07,113.805763,22.666616,0,0
25749,08:48:08,113.805763,22.666616,0,0
25749,08:48:45,113.805763,22.666616,0,0
25749,08:48:46,113.805763,22.666616,0,0
25749,08:48:47,113.805763,22.666616,0,0
25749,08:48:48,113.805763,22.666616,0,0
25749,08:49:25,113.805763,22.666616,0,0
25749,08:49:26,113.805763,22.666616,0,0
25749,08:49:27,113.805763,22.666616,0,0
25749,08:49:28,113.805763,22.666616,0,0
25749,08:50:05,113.805763,22.666616,0,0
25749,08:50:06,113.805763,22.666616,0,0
25749,08:50:07,113.805763,22.666616,0,0
25749,08:50:08,113.805763,22.666616,0,0
25749,08:50:45,113.807381,22.6668,0,45
25749,08:50:46,113.807381,22.6668,0,45
25749,08:50:47,113.807381,22.6668,0,45
25749,08:50:48,113.807381,22.6668,0,45
25749,08:51:25,113.81028,22.66815,0,0
25749,08:51:26,113.81028,22.66815,0,0
25749,08:51:27,113.81028,22.66815,0,0
25749,08:51:28,113.81028,22.66815,0,0
25749,08:52:05,113.811348,22.666883,0,0
25749,08:52:06,113.811348,22.666883,0,0
25749,08:52:07,113.811348,22.666883,0,0
25749,08:52:08,113.811348,22.666883,0,0
25749,08:52:13,113.811348,22.666883,0,0
25749,08:52:14,113.811348,22.666883,0,0
25749,08:52:15,113.811348,22.666883,0,0
25749,08:52:16,113.811348,22.666883,0,0
25749,08:52:45,113.812065,22.665701,0,0
25749,08:52:46,113.812065,22.665701,0,0
25749,08:52:47,113.812065,22.665701,0,0
25749,08:52:48,113.812065,22.665701,0,0
25749,08:53:25,113.81218,22.665583,0,0
25749,08:53:26,113.81218,22.665583,0,0
25749,08:53:27,113.81218,22.665583,0,0
25749,08:53:28,113.81218,22.665583,0,0
25749,08:54:05,113.8125,22.665649,1,15
25749,08:54:06,113.8125,22.665649,1,15
25749,08:54:07,113.8125,22.665649,1,15
25749,08:54:08,113.8125,22.665649,1,15
25749,08:54:45,113.815269,22.667383,1,28
25749,08:54:46,113.815269,22.667383,1,28
25749,08:54:47,113.815269,22.667383,1,28
25749,08:54:48,113.815269,22.667383,1,28
25749,08:55:25,113.817863,22.664133,1,3
25749,08:55:26,113.817863,22.664133,1,3
25749,08:55:27,113.817863,22.664133,1,3
25749,08:55:28,113.817863,22.664133,1,3
25749,08:56:05,113.817863,22.664133,1,0
25749,08:56:06,113.817863,22.664133,1,0
25749,08:56:07,113.817863,22.664133,1,0
25749,08:56:08,113.817863,22.664133,1,0
25749,08:56:45,113.818169,22.663799,1,0
25749,08:56:46,113.818169,22.663799,1,0
25749,08:56:47,113.818169,22.663799,1,0
25749,08:56:48,113.818169,22.663799,1,0
25749,08:57:25,113.818169,22.663799,1,0
25749,08:57:26,113.818169,22.663799,1,0
25749,08:57:27,113.818169,22.663799,1,0
25749,08:57:28,113.818169,22.663799,1,0
25749,08:58:05,113.818169,22.663799,1,0
25749,08:58:06,113.818169,22.663799,1,0
25749,08:58:07,113.818169,22.663799,1,0
25749,08:58:08,113.818169,22.663799,1,0
25749,08:58:45,113.81842,22.663418,1,24
25749,08:58:46,113.81842,22.663418,1,24
25749,08:58:47,113.81842,22.663418,1,24
25749,08:58:48,113.81842,22.663418,1,24
25749,08:59:25,113.820686,22.660299,1,37
25749,08:59:26,113.820686,22.660299,1,37
25749,08:59:27,113.820686,22.660299,1,37
25749,08:59:28,113.820686,22.660299,1,37
25749,09:00:05,113.82177,22.657583,1,36
25749,09:00:06,113.82177,22.657583,1,36
25749,09:00:07,113.82177,22.657583,1,36
25749,09:00:08,113.82177,22.657583,1,36
25749,09:00:45,113.822914,22.653183,1,61
25749,09:00:46,113.822914,22.653183,1,61
25749,09:00:47,113.822914,22.653183,1,61
25749,09:00:48,113.822914,22.653183,1,61
25749,09:01:25,113.827065,22.649033,1,53
25749,09:01:26,113.827065,22.649033,1,53
25749,09:01:27,113.827065,22.649033,1,53
25749,09:01:28,113.827065,22.649033,1,53
25749,09:02:05,113.830681,22.643917,1,64
25749,09:02:45,113.835335,22.638918,1,69
25749,09:03:25,113.839783,22.63405,1,59
25749,09:04:05,113.843948,22.628866,1,72
25749,09:04:45,113.845779,22.62505,1,33
25749,09:05:25,113.845451,22.622482,1,57
25749,09:06:05,113.838898,22.62075,1,68
25749,09:06:45,113.835266,22.619717,1,0
25749,09:07:25,113.835266,22.619717,1,0
25749,09:08:05,113.83493,22.61865,1,37
25749,09:08:45,113.836868,22.614082,1,48
25749,09:09:25,113.834831,22.6115,1,58
25749,09:10:05,113.828369,22.608868,1,61
25749,09:10:45,113.827019,22.608316,1,0
25749,09:11:25,113.826782,22.6077,1,29
25749,09:12:05,113.827934,22.604834,1,44
25749,09:12:45,113.829735,22.600082,1,61
25749,09:13:25,113.830414,22.595266,1,53
25749,09:14:05,113.83345,22.591034,1,59
25749,09:14:45,113.838699,22.587418,1,63
25749,09:15:25,113.841385,22.585518,1,0
25749,09:16:05,113.841331,22.585518,1,3
25749,09:16:45,113.8451,22.582867,1,65
25749,09:17:25,113.848083,22.580868,1,48
25749,09:18:05,113.849068,22.580032,1,0
25749,09:18:45,113.849167,22.579918,1,14
25749,09:19:25,113.848297,22.579166,1,0
25749,09:20:05,113.848297,22.579184,0,2
25749,09:20:45,113.848915,22.579617,0,15
25749,09:21:25,113.85083,22.581551,0,39
25749,09:22:05,113.8536,22.581882,0,38
25749,09:22:45,113.855034,22.580816,0,37
25749,09:23:25,113.858047,22.578182,0,42
25749,09:24:05,113.85762,22.574667,0,71
25749,09:24:45,113.85685,22.573833,0,0
25749,09:25:25,113.85685,22.573833,0,0
25749,09:26:05,113.85685,22.573833,0,0
25749,09:26:45,113.858383,22.572067,0,36
25749,09:27:25,113.858719,22.571383,0,0
25749,09:28:05,113.858917,22.571449,0,2
25749,09:28:47,113.85997,22.570999,1,9
25749,09:29:27,113.858681,22.572001,1,41
25749,09:30:07,113.857986,22.574867,1,57
25749,09:30:47,113.859581,22.57645,1,0
25749,09:31:27,113.859848,22.576717,1,23
25749,09:32:07,113.862396,22.57935,1,16
25749,09:32:47,113.863251,22.580267,1,25
25749,09:33:27,113.865051,22.582199,1,26
25749,09:34:07,113.865967,22.5826,1,5
25749,09:34:47,113.867851,22.584417,1,46
25749,09:35:27,113.872818,22.588051,1,61
25749,09:36:07,113.877251,22.591516,1,29
25749,09:36:47,113.879951,22.592667,1,53
25749,09:37:27,113.886398,22.593149,1,67
25749,09:38:07,113.893669,22.593599,1,67
25749,09:38:55,113.895119,22.593967,1,40
25749,09:39:27,113.899284,22.595034,1,60
25749,09:40:07,113.89328,22.598101,1,72
25749,09:40:47,113.885315,22.604017,1,90
25749,09:41:27,113.881897,22.6084,1,19
25749,09:42:07,113.880165,22.61105,1,46
25749,09:42:47,113.877251,22.615032,1,60
25749,09:43:27,113.872368,22.6192,1,84
25749,09:44:07,113.864449,22.62285,1,98
25749,09:44:47,113.855881,22.626118,1,79
25749,09:45:27,113.849998,22.62925,1,67
25749,09:46:07,113.850182,22.627199,1,1
25749,09:46:47,113.850334,22.62705,1,10
25749,09:47:27,113.849167,22.624233,1,57
25749,09:48:07,113.841064,22.621149,1,88
25749,09:48:47,113.832535,22.618567,1,85
25749,09:49:27,113.824684,22.614883,1,90
25749,09:50:07,113.817169,22.611383,1,58
25749,09:50:47,113.81427,22.610033,1,0
25749,09:51:27,113.81218,22.608999,1,68
25749,09:52:07,113.810097,22.605499,1,34
25749,09:52:47,113.809814,22.603933,1,8
25749,09:53:27,113.809853,22.603916,0,0
25749,09:54:07,113.811249,22.604116,0,32
25749,09:54:47,113.809685,22.606318,0,48
25749,09:55:27,113.812584,22.608868,0,53
25749,09:56:07,113.814232,22.609516,0,17
25749,09:56:47,113.814163,22.609966,0,23
25749,09:57:27,113.811714,22.615032,0,72
25749,09:58:07,113.808479,22.620983,0,51
25749,09:58:47,113.811081,22.623833,0,64
25749,09:59:27,113.812553,22.622999,0,18
25749,10:00:07,113.8134,22.624599,0,41
25749,10:00:47,113.812866,22.626101,0,0
25749,10:01:27,113.812866,22.626101,0,0
25749,10:02:07,113.812866,22.626101,0,0
25749,10:02:47,113.812866,22.626101,0,0
25749,10:03:27,113.812866,22.626101,0,0
25749,10:04:07,113.812866,22.626101,0,0
25749,10:04:47,113.812866,22.626101,0,0
25749,10:05:27,113.812386,22.6269,0,0
25749,10:06:07,113.812386,22.6269,0,0
25749,10:06:47,113.812386,22.6269,0,0
25749,10:07:27,113.812386,22.6269,0,0
25749,10:08:07,113.812386,22.6269,0,0
25749,10:08:47,113.812386,22.6269,0,0
25749,10:09:27,113.812386,22.6269,0,0
25749,10:10:07,113.812386,22.6269,0,0
25749,10:10:47,113.812386,22.6269,0,0
25749,10:11:27,113.812386,22.6269,0,0
25749,10:12:07,113.812386,22.6269,0,0
25749,10:12:47,113.811951,22.627533,0,17
25749,10:13:27,113.811935,22.6276,0,0
25749,10:14:07,113.811935,22.6276,0,0
25749,10:14:47,113.811935,22.6276,0,0
25749,10:15:27,113.811935,22.6276,0,0
25749,10:16:07,113.811935,22.6276,0,0
25749,10:16:47,113.811935,22.6276,0,0
25749,10:17:27,113.811935,22.6276,0,0
25749,10:18:07,113.811935,22.6276,0,0
25749,10:18:47,113.811935,22.6276,0,0
25749,10:19:27,113.811935,22.6276,0,0
25749,10:20:07,113.811935,22.6276,0,0
25749,10:20:47,113.811935,22.6276,0,0
25749,10:21:27,113.811935,22.6276,0,0
25749,10:22:07,113.811935,22.6276,0,0
25749,10:22:47,113.811935,22.6276,0,0
25749,10:23:27,113.811935,22.6276,0,0
25749,10:24:07,113.811935,22.6276,0,0
25749,10:24:47,113.811966,22.627649,0,12
25749,10:25:27,113.811684,22.627983,0,0
25749,10:26:07,113.811996,22.628033,0,0
25749,10:26:47,113.811996,22.628033,0,0
25749,10:27:27,113.811996,22.628033,0,0
25749,10:28:07,113.811996,22.628033,0,0
25749,10:28:47,113.811996,22.628033,0,0
25749,10:29:27,113.811996,22.628033,0,0
25749,10:30:07,113.811996,22.628033,0,0
25749,10:30:47,113.811615,22.628151,0,2
25749,10:31:27,113.811615,22.627916,0,0
25749,10:32:07,113.811363,22.627768,0,0
25749,10:32:47,113.811363,22.627768,0,0
25749,10:33:27,113.811218,22.62775,0,18
25749,10:34:07,113.809715,22.627199,0,0
25749,10:34:47,113.809715,22.627199,0,0
25749,10:35:27,113.809715,22.627199,0,0
25749,10:36:07,113.809715,22.627199,0,0
25749,10:36:47,113.809715,22.627199,0,0
25749,10:37:27,113.809715,22.627199,0,0
25749,10:38:07,113.809715,22.627199,0,0
25749,10:38:47,113.809715,22.627199,0,0
25749,10:39:27,113.80983,22.62665,0,0
25749,10:40:07,113.80983,22.62665,0,0
25749,10:41:29,113.806915,22.623083,1,49
25749,10:42:09,113.809967,22.617849,1,69
25749,10:42:49,113.813332,22.611732,1,56
25749,10:42:57,113.814034,22.610849,1,58
25749,10:43:29,113.818718,22.610518,1,57
25749,10:45:29,113.838501,22.620382,1,81
25749,10:46:09,113.846298,22.62245,1,76
25749,10:46:49,113.851913,22.624968,1,55
25749,10:47:29,113.853767,22.628883,1,64
25749,10:49:29,113.860367,22.640118,1,72
25749,10:50:09,113.862267,22.648283,1,91
25749,10:51:29,113.876297,22.656782,1,85
25749,10:52:09,113.884636,22.658051,1,80
25749,10:52:10,113.884636,22.658051,1,80
25749,10:52:11,113.884636,22.658051,1,80
25749,10:52:12,113.884636,22.658051,1,80
25749,10:52:49,113.893486,22.659134,1,93
25749,10:52:50,113.893486,22.659134,1,93
25749,10:52:51,113.893486,22.659134,1,93
25749,10:52:52,113.893486,22.659134,1,93
25749,10:53:29,113.903618,22.659082,1,99
25749,10:53:30,113.903618,22.659082,1,99
25749,10:53:31,113.903618,22.659082,1,99
25749,10:53:32,113.903618,22.659082,1,99
25749,10:54:09,113.91378,22.658751,1,81
25749,10:54:10,113.91378,22.658751,1,81
25749,10:54:11,113.91378,22.658751,1,81
25749,10:54:12,113.91378,22.658751,1,81
25749,10:54:49,113.913918,22.66,1,58
25749,10:54:50,113.913918,22.66,1,58
25749,10:54:51,113.913918,22.66,1,58
25749,10:54:52,113.913918,22.66,1,58
25749,10:55:29,113.915581,22.661034,1,0
25749,10:55:30,113.915581,22.661034,1,0
25749,10:55:31,113.915581,22.661034,1,0
25749,10:55:32,113.915581,22.661034,1,0
25749,10:56:09,113.915787,22.661034,1,0
25749,10:56:10,113.915787,22.661034,1,0
25749,10:56:11,113.915787,22.661034,1,0
25749,10:56:12,113.915787,22.661034,1,0
25749,10:56:49,113.915787,22.661034,1,0
25749,10:56:50,113.915787,22.661034,1,0
25749,10:56:51,113.915787,22.661034,1,0
25749,10:56:52,113.915787,22.661034,1,0
25749,10:57:29,113.916382,22.661118,1,26
25749,10:57:30,113.916382,22.661118,1,26
25749,10:57:31,113.916382,22.661118,1,26
25749,10:57:32,113.916382,22.661118,1,26
25749,10:58:09,113.917213,22.657633,1,69
25749,10:58:10,113.917213,22.657633,1,69
25749,10:58:11,113.917213,22.657633,1,69
25749,10:58:12,113.917213,22.657633,1,69
25749,10:58:49,113.915215,22.654016,1,0
25749,10:58:50,113.915215,22.654016,1,0
25749,10:58:51,113.915215,22.654016,1,0
25749,10:58:52,113.915215,22.654016,1,0
25749,10:59:29,113.915016,22.651867,1,56
25749,10:59:30,113.915016,22.651867,1,56
25749,10:59:31,113.915016,22.651867,1,56
25749,10:59:32,113.915016,22.651867,1,56
25749,11:00:09,113.918221,22.646833,1,54
25749,11:00:10,113.918221,22.646833,1,54
25749,11:00:11,113.918221,22.646833,1,54
25749,11:00:12,113.918221,22.646833,1,54
25749,11:00:49,113.920036,22.643433,1,0
25749,11:00:50,113.920036,22.643433,1,0
25749,11:00:51,113.920036,22.643433,1,0
25749,11:00:52,113.920036,22.643433,1,0
25749,11:01:29,113.919449,22.642683,1,41
25749,11:01:30,113.919449,22.642683,1,41
25749,11:01:31,113.919449,22.642683,1,41
25749,11:01:32,113.919449,22.642683,1,41
25749,11:02:09,113.918404,22.642151,1,0
25749,11:02:10,113.918404,22.642151,1,0
25749,11:02:11,113.918404,22.642151,1,0
25749,11:02:12,113.918404,22.642151,1,0
25749,11:02:49,113.918404,22.642151,0,0
25749,11:02:50,113.918404,22.642151,0,0
25749,11:02:51,113.918404,22.642151,0,0
25749,11:02:52,113.918404,22.642151,0,0
25749,11:03:29,113.918533,22.642218,0,17
25749,11:03:30,113.918533,22.642218,0,17
25749,11:03:31,113.918533,22.642218,0,17
25749,11:03:32,113.918533,22.642218,0,17
25749,11:04:09,113.919632,22.642782,0,0
25749,11:04:10,113.919632,22.642782,0,0
25749,11:04:11,113.919632,22.642782,0,0
25749,11:04:12,113.919632,22.642782,0,0
25749,11:04:49,113.92012,22.643066,0,20
25749,11:04:50,113.92012,22.643066,0,20
25749,11:04:51,113.92012,22.643066,0,20
25749,11:04:52,113.92012,22.643066,0,20
25749,11:05:29,113.920631,22.644068,0,35
25749,11:05:30,113.920631,22.644068,0,35
25749,11:05:31,113.920631,22.644068,0,35
25749,11:05:32,113.920631,22.644068,0,35
25749,11:06:09,113.920898,22.643732,0,0
25749,11:06:10,113.920898,22.643732,0,0
25749,11:06:11,113.920898,22.643732,0,0
25749,11:06:12,113.920898,22.643732,0,0
25749,11:06:49,113.920898,22.643732,0,0
25749,11:06:50,113.920898,22.643732,0,0
25749,11:06:51,113.920898,22.643732,0,0
25749,11:06:52,113.920898,22.643732,0,0
25749,11:07:29,113.920898,22.643732,0,0
25749,11:07:30,113.920898,22.643732,0,0
25749,11:07:31,113.920898,22.643732,0,0
25749,11:07:32,113.920898,22.643732,0,0
25749,11:08:09,113.920898,22.643732,0,0
25749,11:08:10,113.920898,22.643732,0,0
25749,11:08:11,113.920898,22.643732,0,0
25749,11:08:12,113.920898,22.643732,0,0
25749,11:08:49,113.921387,22.642883,0,32
25749,11:08:50,113.921387,22.642883,0,32
25749,11:08:51,113.921387,22.642883,0,32
25749,11:08:52,113.921387,22.642883,0,32
25749,11:09:29,113.92115,22.637449,0,73
25749,11:09:30,113.92115,22.637449,0,73
25749,11:09:31,113.92115,22.637449,0,73
25749,11:09:32,113.92115,22.637449,0,73
25749,11:10:09,113.920998,22.629633,0,90
25749,11:10:10,113.920998,22.629633,0,90
25749,11:10:11,113.920998,22.629633,0,90
25749,11:10:12,113.920998,22.629633,0,90
25749,11:10:49,113.920868,22.62035,0,93
25749,11:10:50,113.920868,22.62035,0,93
25749,11:10:51,113.920868,22.62035,0,93
25749,11:10:52,113.920868,22.62035,0,93
25749,11:11:29,113.920731,22.612499,0,54
25749,11:11:30,113.920731,22.612499,0,54
25749,11:11:31,113.920731,22.612499,0,54
25749,11:11:32,113.920731,22.612499,0,54
25749,11:12:09,113.920151,22.606733,0,75
25749,11:12:10,113.920151,22.606733,0,75
25749,11:12:11,113.920151,22.606733,0,75
25749,11:12:12,113.920151,22.606733,0,75
25749,11:12:49,113.916252,22.599501,0,83
25749,11:13:29,113.91465,22.593468,0,67
25749,11:14:09,113.914131,22.589783,0,66
25749,11:14:49,113.909935,22.5875,0,56
25749,11:15:29,113.904099,22.5868,1,57
25749,11:16:09,113.905617,22.584183,1,14
25749,11:16:50,113.904381,22.582666,1,45
25749,11:17:30,113.90255,22.581167,1,0
25749,11:18:10,113.901421,22.580233,1,50
25749,11:18:50,113.899597,22.578867,1,0
25749,11:19:30,113.898903,22.578251,1,43
25749,11:20:10,113.895531,22.575167,1,39
25749,11:20:50,113.894798,22.574516,0,0
25749,11:21:32,113.893532,22.573233,1,22
25749,11:22:12,113.893799,22.572166,1,39
25749,11:22:52,113.895203,22.570766,1,8
25749,11:23:32,113.894981,22.568451,1,58
25749,11:24:12,113.890747,22.56485,1,73
25749,11:24:52,113.889664,22.563917,1,0
25749,11:25:32,113.889664,22.563917,1,0
25749,11:26:12,113.889435,22.5637,1,33
25749,11:26:52,113.886986,22.561783,1,0
25749,11:27:32,113.886986,22.561783,1,0
25749,11:28:12,113.886986,22.561783,1,0
25749,11:28:52,113.886765,22.561649,1,27
25749,11:29:32,113.884766,22.56105,1,28
25749,11:30:12,113.883003,22.560432,1,23
25749,11:30:52,113.882446,22.560118,0,20
25749,11:31:32,113.880531,22.559433,0,40
25749,11:32:12,113.880203,22.561701,0,47
25749,11:32:52,113.88327,22.564217,0,36
25749,11:33:32,113.886497,22.561649,0,0
25749,11:34:12,113.886497,22.561649,0,0
25749,11:34:52,113.886497,22.561649,0,0
25749,11:35:32,113.887985,22.5623,0,38
25749,11:36:12,113.889465,22.563417,1,25
25749,11:36:52,113.889534,22.563499,1,0
25749,11:37:32,113.889534,22.563499,1,0
25749,11:38:12,113.890251,22.564283,1,41
25749,11:38:52,113.893303,22.566116,1,28
25749,11:39:32,113.896385,22.569401,1,0
25749,11:40:12,113.896385,22.569401,1,0
25749,11:40:52,113.896767,22.569218,1,33
25749,11:41:32,113.898865,22.567101,1,15
25749,11:42:12,113.900749,22.565216,1,30
25749,11:42:52,113.901085,22.564882,0,0
25749,11:43:34,113.901085,22.564882,0,0
25749,11:44:14,113.901085,22.564882,1,0
25749,11:44:54,113.900368,22.565683,1,41
25749,11:45:34,113.900803,22.567667,1,27
25749,11:46:14,113.901718,22.568518,1,0
25749,11:46:54,113.901718,22.568518,0,0
25749,11:47:34,113.902199,22.569099,0,19
25749,11:48:14,113.899414,22.571817,0,0
25749,11:48:54,113.899414,22.571817,0,0
25749,11:49:34,113.898865,22.572367,0,31
25749,11:50:14,113.896004,22.575117,0,0
25749,11:51:02,113.895569,22.575251,0,30
25749,11:51:34,113.894867,22.574499,1,0
25749,11:52:16,113.893097,22.57305,1,26
25749,11:52:56,113.891685,22.57415,1,27
25749,11:53:36,113.891296,22.574499,1,0
25749,11:54:16,113.890617,22.575367,1,33
25749,11:54:56,113.891685,22.578367,1,49
25749,11:55:36,113.892136,22.578684,1,0
25749,11:56:16,113.892136,22.578684,1,0
25749,11:56:56,113.890648,22.580683,1,55
25749,11:57:36,113.886002,22.5853,1,76
25749,11:58:16,113.886185,22.5879,1,37
25749,11:58:56,113.888084,22.5889,1,28
25749,11:59:36,113.886436,22.592216,1,46
25749,12:00:16,113.889786,22.593384,1,70
25749,12:00:56,113.894447,22.593683,1,0
25749,12:01:36,113.895767,22.594383,1,49
25749,12:02:16,113.898186,22.594534,1,60
25749,12:02:56,113.891747,22.599182,1,96
25749,12:03:36,113.883698,22.605783,1,99
25749,12:04:16,113.877983,22.6141,1,102
25749,12:04:24,113.876633,22.615667,1,107
25749,12:04:56,113.870186,22.620501,1,90
25749,12:06:16,113.854797,22.626432,1,83
25749,12:06:24,113.853149,22.627167,1,93
25749,12:06:56,113.846565,22.631367,1,99
25749,12:07:36,113.839516,22.639366,1,108
25749,12:08:16,113.833801,22.646982,1,80
25749,12:08:56,113.833031,22.64925,1,0
25749,12:08:57,113.833031,22.64925,1,0
25749,12:08:58,113.833031,22.64925,1,0
25749,12:08:59,113.833031,22.64925,1,0
25749,12:09:36,113.831253,22.6506,1,59
25749,12:09:37,113.831253,22.6506,1,59
25749,12:09:38,113.831253,22.6506,1,59
25749,12:09:39,113.831253,22.6506,1,59
25749,12:10:16,113.827148,22.651051,1,35
25749,12:10:17,113.827148,22.651051,1,35
25749,12:10:18,113.827148,22.651051,1,35
25749,12:10:19,113.827148,22.651051,1,35
25749,12:10:24,113.826431,22.6509,1,33
25749,12:10:25,113.826431,22.6509,1,33
25749,12:10:26,113.826431,22.6509,1,33
25749,12:10:27,113.826431,22.6509,1,33
25749,12:10:56,113.823601,22.652733,1,61
25749,12:10:57,113.823601,22.652733,1,61
25749,12:10:58,113.823601,22.652733,1,61
25749,12:10:59,113.823601,22.652733,1,61
25749,12:11:36,113.822151,22.658466,1,44
25749,12:11:37,113.822151,22.658466,1,44
25749,12:11:38,113.822151,22.658466,1,44
25749,12:11:39,113.822151,22.658466,1,44
25749,12:12:16,113.819633,22.66185,1,13
25749,12:12:17,113.819633,22.66185,1,13
25749,12:12:18,113.819633,22.66185,1,13
25749,12:12:19,113.819633,22.66185,1,13
25749,12:12:56,113.818932,22.662767,1,0
25749,12:12:57,113.818932,22.662767,1,0
25749,12:12:58,113.818932,22.662767,1,0
25749,12:12:59,113.818932,22.662767,1,0
25749,12:13:44,113.818916,22.662849,1,0
25749,12:13:45,113.818916,22.662849,1,0
25749,12:13:46,113.818916,22.662849,1,0
25749,12:13:47,113.818916,22.662849,1,0
25749,12:14:16,113.818848,22.662968,1,6
25749,12:14:17,113.818848,22.662968,1,6
25749,12:14:18,113.818848,22.662968,1,6
25749,12:14:19,113.818848,22.662968,1,6
25749,12:14:56,113.818733,22.663099,1,0
25749,12:14:57,113.818733,22.663099,1,0
25749,12:14:58,113.818733,22.663099,1,0
25749,12:14:59,113.818733,22.663099,1,0
25749,12:15:36,113.818733,22.663099,1,0
25749,12:15:37,113.818733,22.663099,1,0
25749,12:15:38,113.818733,22.663099,1,0
25749,12:15:39,113.818733,22.663099,1,0
25749,12:16:16,113.81868,22.6632,1,1
25749,12:16:17,113.81868,22.6632,1,1
25749,12:16:18,113.81868,22.6632,1,1
25749,12:16:19,113.81868,22.6632,1,1
25749,12:16:56,113.816635,22.665882,1,43
25749,12:16:57,113.816635,22.665882,1,43
25749,12:16:58,113.816635,22.665882,1,43
25749,12:16:59,113.816635,22.665882,1,43
25749,12:17:36,113.815468,22.6675,1,18
25749,12:17:37,113.815468,22.6675,1,18
25749,12:17:38,113.815468,22.6675,1,18
25749,12:17:39,113.815468,22.6675,1,18
25749,12:18:16,113.813416,22.670267,1,0
25749,12:18:17,113.813416,22.670267,1,0
25749,12:18:18,113.813416,22.670267,1,0
25749,12:18:19,113.813416,22.670267,1,0
25749,12:18:56,113.811996,22.6726,1,28
25749,12:18:57,113.811996,22.6726,1,28
25749,12:18:58,113.811996,22.6726,1,28
25749,12:18:59,113.811996,22.6726,1,28
25749,12:19:36,113.81395,22.673567,1,0
25749,12:19:37,113.81395,22.673567,1,0
25749,12:19:38,113.81395,22.673567,1,0
25749,12:19:39,113.81395,22.673567,1,0
25749,12:20:16,113.81395,22.673567,0,0
25749,12:20:17,113.81395,22.673567,0,0
25749,12:20:18,113.81395,22.673567,0,0
25749,12:20:19,113.81395,22.673567,0,0
25749,12:20:55,113.814415,22.673918,1,0
25749,12:20:56,113.814415,22.673918,1,0
25749,12:20:57,113.814415,22.673918,1,0
25749,12:20:58,113.814415,22.673918,1,0
25749,12:21:38,113.814919,22.674217,1,25
25749,12:21:39,113.814919,22.674217,1,25
25749,12:21:40,113.814919,22.674217,1,25
25749,12:21:41,113.814919,22.674217,1,25
25749,12:22:18,113.815918,22.674816,1,0
25749,12:22:19,113.815918,22.674816,1,0
25749,12:22:20,113.815918,22.674816,1,0
25749,12:22:21,113.815918,22.674816,1,0
25749,12:22:55,113.816963,22.674183,1,20
25749,12:22:56,113.816963,22.674183,1,20
25749,12:22:57,113.816963,22.674183,1,20
25749,12:22:58,113.816963,22.674183,1,20
25749,12:23:38,113.817268,22.6737,1,0
25749,12:23:39,113.817268,22.6737,1,0
25749,12:23:40,113.817268,22.6737,1,0
25749,12:23:41,113.817268,22.6737,1,0
25749,12:24:18,113.8172,22.673517,1,0
25749,12:24:19,113.8172,22.673517,1,0
25749,12:24:20,113.8172,22.673517,1,0
25749,12:24:21,113.8172,22.673517,1,0
25749,12:24:55,113.8172,22.673517,1,0
25749,12:24:56,113.8172,22.673517,1,0
25749,12:24:57,113.8172,22.673517,1,0
25749,12:24:58,113.8172,22.673517,1,0
25749,12:25:38,113.817596,22.67305,1,25
25749,12:25:39,113.817596,22.67305,1,25
25749,12:25:40,113.817596,22.67305,1,25
25749,12:25:41,113.817596,22.67305,1,25
25749,12:26:18,113.819771,22.669901,1,44
25749,12:26:19,113.819771,22.669901,1,44
25749,12:26:20,113.819771,22.669901,1,44
25749,12:26:21,113.819771,22.669901,1,44
25749,12:26:55,113.822083,22.668833,1,49
25749,12:26:56,113.822083,22.668833,1,49
25749,12:26:57,113.822083,22.668833,1,49
25749,12:26:58,113.822083,22.668833,1,49
25749,12:27:38,113.823303,22.665533,1,67
25749,12:27:39,113.823303,22.665533,1,67
25749,12:27:40,113.823303,22.665533,1,67
25749,12:27:41,113.823303,22.665533,1,67
25749,12:28:18,113.82235,22.660618,1,64
25749,12:28:19,113.82235,22.660618,1,64
25749,12:28:20,113.82235,22.660618,1,64
25749,12:28:21,113.82235,22.660618,1,64
25749,12:28:55,113.822083,22.654949,1,71
25749,12:28:56,113.822083,22.654949,1,71
25749,12:28:57,113.822083,22.654949,1,71
25749,12:28:58,113.822083,22.654949,1,71
25749,12:29:38,113.82695,22.649233,1,77
25749,12:29:39,113.82695,22.649233,1,77
25749,12:29:40,113.82695,22.649233,1,77
25749,12:29:41,113.82695,22.649233,1,77
25749,12:30:18,113.831314,22.643118,1,74
25749,12:30:58,113.836517,22.637833,1,88
25749,12:31:38,113.841331,22.632418,1,74
25749,12:32:18,113.845367,22.626017,1,74
25749,12:32:58,113.849747,22.620449,1,69
25749,12:33:38,113.853317,22.615232,1,65
25749,12:34:18,113.852249,22.611816,1,61
25749,12:34:58,113.846466,22.6096,1,55
25749,12:35:38,113.840668,22.60725,1,42
25749,12:36:18,113.841835,22.603701,1,48
25749,12:36:58,113.843399,22.600733,1,47
25749,12:37:38,113.843964,22.599833,1,16
25749,12:38:18,113.842186,22.603968,1,26
25749,12:38:58,113.842102,22.604183,0,0
25749,12:39:38,113.84198,22.604467,0,30
25749,12:40:18,113.84063,22.606684,0,0
25749,12:40:58,113.84063,22.606684,0,0
25749,12:41:38,113.841034,22.605368,0,52
25749,12:42:18,113.843201,22.600718,0,60
25749,12:42:58,113.84375,22.599449,0,0
25749,12:47:58,113.843582,22.599751,0,0
25749,12:52:58,113.843582,22.599751,0,0
25749,12:57:58,113.843582,22.599751,0,0
25749,13:02:58,113.843582,22.599751,0,0
25749,13:07:58,113.843582,22.599751,0,0
25749,13:12:58,113.843582,22.599751,0,0
25749,13:17:58,113.843582,22.599751,0,0
25749,13:22:58,113.843582,22.599751,0,0
25749,13:23:18,113.843582,22.599751,0,0
25749,13:23:58,113.843582,22.599751,0,0
25749,13:24:38,113.843582,22.599751,0,0
25749,13:25:18,113.843582,22.599751,0,0
25749,13:25:58,113.843582,22.599751,0,0
25749,13:26:38,113.843582,22.599751,0,0
25749,13:27:18,113.843597,22.599701,0,9
25749,13:27:58,113.843651,22.5996,1,0
25749,13:28:38,113.843651,22.5996,1,0
25749,13:29:18,113.844002,22.599899,1,22
25749,13:30:06,113.841164,22.605984,1,45
25749,13:30:38,113.840302,22.607718,1,45
25749,13:31:18,113.838249,22.612467,1,39
25749,13:31:58,113.835953,22.616934,1,81
25749,13:32:38,113.834984,22.619017,1,0
25749,13:33:18,113.833199,22.619017,1,65
25749,13:33:58,113.827049,22.615982,1,84
25749,13:34:38,113.820419,22.612833,1,59
25749,13:35:18,113.817551,22.612333,1,28
25749,13:35:58,113.814651,22.616966,1,83
25749,13:36:06,113.813866,22.618366,1,80
25749,13:36:38,113.812401,22.623667,1,75
25749,13:37:18,113.809814,22.627649,1,52
25749,13:38:00,113.809235,22.627399,0,0
25749,13:38:40,113.806267,22.625851,1,56
25749,13:39:20,113.807999,22.620951,1,55
25749,13:40:00,113.809647,22.623199,0,67
25749,13:40:40,113.81208,22.622932,0,14
25749,13:41:20,113.813469,22.624866,0,23
25749,13:42:00,113.812981,22.625601,0,20
25749,13:42:40,113.812965,22.625732,0,0
25749,13:43:20,113.812965,22.625732,0,0
25749,13:44:00,113.812965,22.625732,0,0
25749,13:44:40,113.812935,22.626034,0,21
25749,13:45:20,113.812447,22.6269,0,0
25749,13:46:00,113.812447,22.6269,0,0
25749,13:46:40,113.812447,22.6269,0,0
25749,13:47:20,113.812447,22.6269,0,0
25749,13:48:00,113.812447,22.6269,0,0
25749,13:48:40,113.812218,22.62705,0,0
25749,13:49:20,113.812218,22.62705,0,0
25749,13:50:00,113.811813,22.627533,0,21
25749,13:50:40,113.810364,22.627567,0,37
25749,13:51:20,113.809753,22.627001,0,0
25749,13:52:00,113.809753,22.627001,0,0
25749,13:52:40,113.809799,22.626984,0,0
25749,13:53:20,113.809799,22.62685,0,0
25749,13:54:00,113.809799,22.62685,0,0
25749,13:54:40,113.809799,22.62685,0,0
25749,13:55:20,113.809799,22.62685,0,0
25749,13:56:00,113.809799,22.62685,0,0
25749,13:56:40,113.809799,22.62685,0,0
25749,13:57:20,113.809982,22.626516,0,0
25749,13:58:00,113.81012,22.6266,0,0
25749,13:58:40,113.81012,22.6266,0,0
25749,13:59:20,113.81012,22.6266,0,0
25749,14:00:00,113.810471,22.626301,0,0
25749,14:00:42,113.810486,22.62615,1,9
25749,14:01:22,113.8069,22.624184,1,42
25749,14:02:02,113.808746,22.619932,1,77
25749,14:02:42,113.812798,22.612766,1,83
25749,14:03:22,113.818298,22.610184,1,44
25749,14:04:02,113.822586,22.613716,1,85
25749,14:04:42,113.829765,22.617117,1,81
25749,14:05:22,113.838615,22.620466,1,99
25749,14:06:10,113.848602,22.623632,1,74
25749,14:06:42,113.8517,22.625732,1,0
25749,14:06:50,113.852051,22.625851,1,33
25749,14:07:22,113.853203,22.628017,1,65
25749,14:15:56,113.819702,22.6688,0,6
25749,14:15:57,113.819702,22.6688,0,6
25749,14:15:58,113.819702,22.6688,0,6
25749,14:15:59,113.819702,22.6688,0,6
25749,14:16:36,113.819168,22.671101,0,34
25749,14:16:37,113.819168,22.671101,0,34
25749,14:16:38,113.819168,22.671101,0,34
25749,14:16:39,113.819168,22.671101,0,34
25749,14:16:44,113.818871,22.6716,0,19
25749,14:16:45,113.818871,22.6716,0,19
25749,14:16:46,113.818871,22.6716,0,19
25749,14:16:47,113.818871,22.6716,0,19
25749,14:17:16,113.818787,22.671867,0,0
25749,14:17:17,113.818787,22.671867,0,0
25749,14:17:18,113.818787,22.671867,0,0
25749,14:17:19,113.818787,22.671867,0,0
25749,14:17:55,113.818787,22.671867,0,0
25749,14:17:56,113.818787,22.671867,0,0
25749,14:17:57,113.853203,22.628017,1,0
25749,14:17:57,113.818787,22.671867,0,0
25749,14:17:58,113.818787,22.671867,0,0
25749,14:18:38,113.81765,22.673218,0,25
25749,14:18:39,113.81765,22.673218,0,25
25749,14:18:40,113.81765,22.673218,0,25
25749,14:18:41,113.81765,22.673218,0,25
25749,14:19:18,113.82,22.674868,0,45
25749,14:19:19,113.82,22.674868,0,45
25749,14:19:20,113.82,22.674868,0,45
25749,14:19:21,113.82,22.674868,0,45
25749,14:19:55,113.821869,22.676001,0,0
25749,14:19:56,113.821869,22.676001,0,0
25749,14:19:57,113.821869,22.676001,0,0
25749,14:19:58,113.821869,22.676001,0,0
25749,14:20:38,113.822281,22.676283,0,15
25749,14:20:39,113.822281,22.676283,0,15
25749,14:20:40,113.822281,22.676283,0,15
25749,14:20:41,113.822281,22.676283,0,15
25749,14:21:18,113.823349,22.675568,0,44
25749,14:21:19,113.823349,22.675568,0,44
25749,14:21:20,113.823349,22.675568,0,44
25749,14:21:21,113.823349,22.675568,0,44
25749,14:21:55,113.823303,22.673384,0,7
25749,14:21:56,113.823303,22.673384,0,7
25749,14:21:57,113.823303,22.673384,0,7
25749,14:21:58,113.823303,22.673384,0,7
25749,14:22:38,113.823303,22.673367,0,0
25749,14:22:39,113.823303,22.673367,0,0
25749,14:22:40,113.823303,22.673367,0,0
25749,14:22:41,113.823303,22.673367,0,0
25749,14:23:18,113.823303,22.673367,0,0
25749,14:23:19,113.823303,22.673367,0,0
25749,14:23:20,113.823303,22.673367,0,0
25749,14:23:21,113.823303,22.673367,0,0
25749,14:23:55,113.823303,22.673367,0,0
25749,14:23:56,113.823303,22.673367,0,0
25749,14:23:57,113.823303,22.673367,0,0
25749,14:23:58,113.823303,22.673367,0,0
25749,14:24:38,113.823303,22.673367,0,0
25749,14:24:39,113.823303,22.673367,0,0
25749,14:24:40,113.823303,22.673367,0,0
25749,14:24:41,113.823303,22.673367,0,0
25749,14:25:18,113.823303,22.673367,0,0
25749,14:25:19,113.823303,22.673367,0,0
25749,14:25:20,113.823303,22.673367,0,0
25749,14:25:21,113.823303,22.673367,0,0
25749,14:25:55,113.823303,22.673367,0,0
25749,14:25:56,113.823303,22.673367,0,0
25749,14:25:57,113.823303,22.673367,0,0
25749,14:25:58,113.823303,22.673367,0,0
25749,14:26:38,113.823303,22.673367,0,0
25749,14:26:39,113.823303,22.673367,0,0
25749,14:26:40,113.823303,22.673367,0,0
25749,14:26:41,113.823303,22.673367,0,0
25749,14:27:18,113.823303,22.673367,0,0
25749,14:27:19,113.823303,22.673367,0,0
25749,14:27:20,113.823303,22.673367,0,0
25749,14:27:21,113.823303,22.673367,0,0
25749,14:27:55,113.823303,22.673367,0,0
25749,14:27:56,113.823303,22.673367,0,0
25749,14:27:57,113.823303,22.673367,0,0
25749,14:27:58,113.823303,22.673367,0,0
25749,14:28:38,113.823303,22.673367,0,0
25749,14:28:39,113.823303,22.673367,0,0
25749,14:28:40,113.823303,22.673367,0,0
25749,14:28:41,113.823303,22.673367,0,0
25749,14:29:18,113.823349,22.6721,0,29
25749,14:29:19,113.823349,22.6721,0,29
25749,14:29:20,113.823349,22.6721,0,29
25749,14:29:21,113.823349,22.6721,0,29
25749,14:29:55,113.82338,22.66835,0,44
25749,14:29:56,113.82338,22.66835,0,44
25749,14:29:57,113.82338,22.66835,0,44
25749,14:29:58,113.82338,22.66835,0,44
25749,14:30:04,113.823364,22.6677,0,47
25749,14:30:05,113.823364,22.6677,0,47
25749,14:30:06,113.823364,22.6677,0,47
25749,14:30:07,113.823364,22.6677,0,47
25749,14:30:38,113.822929,22.663567,0,48
25749,14:30:39,113.822929,22.663567,0,48
25749,14:30:40,113.822929,22.663567,0,48
25749,14:30:41,113.822929,22.663567,0,48
25749,14:31:18,113.821831,22.658117,0,38
25749,14:31:19,113.821831,22.658117,0,38
25749,14:31:20,113.821831,22.658117,0,38
25749,14:31:21,113.821831,22.658117,0,38
25749,14:31:55,113.822182,22.654417,1,36
25749,14:31:56,113.822182,22.654417,1,36
25749,14:31:57,113.822182,22.654417,1,36
25749,14:31:58,113.822182,22.654417,1,36
25749,14:32:38,113.824867,22.651117,1,56
25749,14:32:39,113.824867,22.651117,1,56
25749,14:32:40,113.824867,22.651117,1,56
25749,14:32:41,113.824867,22.651117,1,56
25749,14:33:18,113.828285,22.6474,1,58
25749,14:33:19,113.828285,22.6474,1,58
25749,14:33:20,113.828285,22.6474,1,58
25749,14:33:21,113.828285,22.6474,1,58
25749,14:33:58,113.830521,22.6441,1,36
25749,14:34:38,113.833534,22.640432,1,44
25749,14:35:18,113.836731,22.637217,1,53
25749,14:35:58,113.839935,22.63365,1,38
25749,14:36:38,113.843063,22.62995,1,39
25749,14:37:18,113.844917,22.626583,1,39
25749,14:37:58,113.847801,22.62265,1,50
25749,14:38:38,113.850853,22.619167,1,51
25749,14:39:18,113.853401,22.615116,1,41
25749,14:39:58,113.855247,22.611233,1,52
25749,14:40:38,113.856766,22.608801,1,0
25749,14:41:18,113.857033,22.6085,1,0
25749,14:41:58,113.85762,22.607883,1,12
25749,14:42:38,113.85878,22.606716,1,24
25749,14:53:12,113.85878,22.606716,1,0
25749,15:03:47,113.85878,22.606716,1,0
25749,15:13:40,113.903183,22.57,0,0
25749,15:14:20,113.902367,22.569349,0,0
25749,15:14:22,113.85878,22.606716,1,0
25749,15:15:00,113.902367,22.569349,0,0
25749,15:15:40,113.901566,22.569717,0,53
25749,15:16:22,113.899734,22.57155,1,20
25749,15:17:02,113.899384,22.571867,1,0
25749,15:17:42,113.899384,22.571867,1,0
25749,15:18:22,113.899384,22.571867,1,0
25749,15:19:02,113.897034,22.574133,1,57
25749,15:19:42,113.896179,22.574966,1,0
25749,15:20:22,113.896179,22.574966,1,0
25749,15:21:02,113.89418,22.576982,1,53
25749,15:21:42,113.892349,22.578951,1,0
25749,15:22:22,113.892349,22.578951,1,0
25749,15:23:02,113.892349,22.578951,1,0
25749,15:23:42,113.892303,22.579067,1,17
25749,15:24:22,113.889053,22.582199,1,46
25749,15:25:02,113.889771,22.58415,1,0
25749,15:25:42,113.889984,22.584417,1,16
25749,15:26:22,113.888382,22.588833,1,30
25749,15:27:02,113.890099,22.589451,0,39
25749,15:27:42,113.89238,22.591566,0,51
25749,15:28:22,113.893753,22.595633,0,71
25749,15:29:02,113.89817,22.596832,0,55
25749,15:29:50,113.899948,22.596567,1,14
25749,15:30:22,113.900116,22.594017,1,37
25749,15:31:02,113.902916,22.590317,1,52
25749,15:32:22,113.909264,22.5835,1,49
25749,15:33:02,113.910271,22.582466,1,0
25749,15:33:42,113.910599,22.582083,1,14
25749,15:34:22,113.909416,22.580868,1,0
25749,15:35:02,113.909416,22.580868,1,0
25749,15:35:42,113.907333,22.579018,1,77
25749,15:36:22,113.905983,22.577868,1,17
25749,15:37:02,113.907417,22.576033,1,23
25749,15:37:42,113.908615,22.574417,1,16
25749,15:38:22,113.908798,22.573,1,21
25749,15:39:02,113.908867,22.569668,1,42
25749,15:39:42,113.908897,22.56785,1,21
25749,15:40:22,113.907501,22.565132,1,39
25749,15:41:02,113.906967,22.564684,1,0
25749,15:41:42,113.906967,22.564684,1,0
25749,15:42:22,113.906998,22.564167,1,27
25749,15:43:02,113.908615,22.562517,1,0
25749,15:43:42,113.908615,22.5625,1,3
25749,15:44:22,113.907898,22.561733,1,0
25749,15:45:04,113.906631,22.560617,0,24
25749,15:45:44,113.905365,22.560633,0,21
25749,15:46:24,113.904167,22.561832,0,0
25749,15:47:04,113.904167,22.561832,0,0
25749,15:47:44,113.904167,22.561832,0,0
25749,15:48:24,113.904167,22.561832,0,0
25749,15:49:04,113.904167,22.561832,0,0
25749,15:49:44,113.902832,22.563168,0,19
25749,15:50:24,113.902214,22.563766,0,0
25749,15:51:04,113.90155,22.564333,0,16
25749,15:51:44,113.900566,22.565416,0,25
25749,15:52:24,113.899101,22.566933,0,18
25749,15:53:04,113.897331,22.568684,0,30
25749,15:53:44,113.897682,22.570583,0,27
25749,15:54:24,113.898148,22.570999,0,0
25749,15:55:04,113.899101,22.572283,0,29
25749,15:55:44,113.896301,22.5749,0,21
25749,15:56:24,113.896233,22.574966,0,0
25749,15:57:04,113.895287,22.574966,0,46
25749,15:57:44,113.894669,22.57435,0,0
25749,15:58:24,113.893433,22.573267,1,32
25749,15:59:04,113.895065,22.570932,1,25
25749,15:59:44,113.896034,22.56955,1,22
25749,16:00:24,113.893051,22.567667,1,29
25749,16:01:04,113.890579,22.564817,1,44
25749,16:01:44,113.889168,22.564182,1,24
25749,16:02:24,113.887169,22.56605,1,20
25749,16:03:04,113.886719,22.567432,1,13
25749,16:03:44,113.888031,22.56855,1,0
25749,16:04:24,113.886703,22.570232,1,46
25749,16:05:04,113.884682,22.572184,1,17
25749,16:05:44,113.882935,22.573851,1,24
25749,16:06:24,113.882004,22.574751,1,0
25749,16:07:04,113.881851,22.574867,0,0
25749,16:07:44,113.882248,22.574533,0,18
25749,16:08:24,113.883766,22.573017,0,19
25749,16:09:04,113.8825,22.571251,0,38
25749,16:09:46,113.883217,22.569967,1,34
25749,16:10:26,113.88607,22.567133,1,13
25749,16:11:06,113.886185,22.567017,1,7
25749,16:11:46,113.88765,22.568268,1,13
25749,16:12:26,113.888947,22.569401,1,26
25749,16:13:06,113.891098,22.568501,1,30
25749,16:13:46,113.893379,22.566217,1,30
25749,16:14:26,113.895866,22.569082,1,27
25749,16:15:06,113.897415,22.568632,1,11
25749,16:15:46,113.898003,22.56805,1,0
25749,16:16:26,113.898003,22.56805,1,0
25749,16:17:06,113.898003,22.56805,1,0
25749,16:17:46,113.898003,22.56805,1,0
25749,16:18:26,113.898003,22.56805,1,0
25749,16:19:06,113.898003,22.56805,1,0
25749,16:19:46,113.898003,22.56805,1,0
25749,16:20:26,113.898003,22.56805,1,0
25749,16:21:06,113.898003,22.56805,1,0
25749,16:21:46,113.898003,22.56805,1,0
25749,16:22:26,113.89782,22.568167,0,19
25749,16:23:06,113.896965,22.569,0,18
25749,16:23:46,113.898148,22.571016,0,34
25749,16:24:26,113.898682,22.571533,0,22
25749,16:25:06,113.898285,22.57305,0,37
25749,16:25:46,113.896317,22.574917,0,2
25749,16:26:26,113.895737,22.575434,0,17
25749,16:27:08,113.894432,22.574183,1,11
25749,16:27:48,113.893616,22.573467,1,25
25749,16:28:28,113.891403,22.574551,1,31
25749,16:29:08,113.889786,22.576349,1,0
25749,16:29:48,113.888916,22.576967,1,14
25749,16:30:28,113.88723,22.578667,1,24
25749,16:31:08,113.886253,22.579767,1,29
25749,16:31:48,113.88607,22.580017,1,0
25749,16:32:28,113.885086,22.580351,1,29
25749,16:33:08,113.881516,22.577267,1,54
25749,16:33:48,113.878769,22.574932,1,25
25749,16:34:28,113.87645,22.572901,1,29
25749,16:35:08,113.874519,22.572666,1,45
25749,16:35:48,113.8694,22.576033,1,45
25749,16:35:54,113.869003,22.576283,1,22
25749,16:36:28,113.867386,22.574284,1,29
25749,16:37:08,113.86692,22.573683,0,34
25749,16:37:48,113.865196,22.5725,0,5
25749,16:38:28,113.86515,22.572683,0,0
25749,16:39:08,113.86515,22.572683,0,0
25749,16:39:48,113.86515,22.572683,0,0
25749,16:40:28,113.86515,22.572683,0,0
25749,16:41:08,113.86515,22.572683,0,0
25749,16:41:48,113.864647,22.572968,1,22
25749,16:42:28,113.86335,22.573967,1,0
25749,16:43:08,113.861053,22.575783,1,41
25749,16:43:48,113.861603,22.578432,1,50
25749,16:44:28,113.863297,22.580233,1,0
25749,16:45:08,113.863297,22.580233,1,0
25749,16:45:48,113.86425,22.581249,1,51
25749,16:46:28,113.865982,22.582817,1,34
25749,16:47:08,113.870667,22.58655,1,52
25749,16:47:48,113.872734,22.588882,1,32
25749,16:48:28,113.869797,22.590549,1,38
25749,16:49:08,113.869247,22.591516,1,0
25749,16:49:50,113.868149,22.593666,0,35
25749,16:50:30,113.870117,22.593616,0,47
25749,16:51:10,113.871452,22.591784,0,11
25749,16:51:50,113.872169,22.590683,0,13
25749,16:52:30,113.873001,22.589233,0,27
25749,16:53:10,113.873718,22.58815,0,0
25749,16:53:50,113.874733,22.587099,0,22
25749,16:54:30,113.875435,22.586399,0,0
25749,16:55:10,113.876404,22.585533,0,30
25749,16:55:50,113.877136,22.584766,0,11
25749,16:56:30,113.878754,22.583067,0,15
25749,16:57:10,113.877419,22.584482,0,27
25749,16:57:50,113.875648,22.586184,0,20
25749,16:58:30,113.873863,22.588017,0,16
25749,16:59:10,113.875633,22.590151,0,40
25749,16:59:50,113.878319,22.5917,0,12
25749,17:03:16,113.878197,22.591482,0,0
25749,17:04:30,113.879631,22.591433,0,38
25749,17:05:10,113.882202,22.588949,0,54
25749,17:05:50,113.883934,22.587233,0,0
25749,17:06:30,113.883934,22.587233,0,0
25749,17:07:10,113.884567,22.587017,0,13
25749,17:07:50,113.886169,22.587933,0,33
25749,17:08:30,113.887932,22.588568,0,0
25749,17:09:10,113.888214,22.588383,0,25
25749,17:09:50,113.88987,22.585016,0,33
25749,17:10:30,113.890099,22.584583,0,0
25749,17:11:10,113.892616,22.585033,0,19
25749,17:11:50,113.893417,22.585318,0,0
25749,17:16:28,113.893417,22.585318,0,0
25749,17:16:30,113.893417,22.585318,0,0
25749,17:17:10,113.893417,22.585318,0,0
25749,17:17:50,113.893417,22.585318,0,0
25749,17:18:30,113.893417,22.585318,0,0
25749,17:19:10,113.893417,22.585318,0,0
25749,17:19:50,113.893417,22.585318,0,0
25749,17:20:30,113.893417,22.585318,0,0
25749,17:21:10,113.893417,22.585318,0,0
25749,17:21:50,113.893417,22.585318,0,0
25749,17:22:30,113.893417,22.585318,0,0
25749,17:23:10,113.893417,22.585318,0,0
25749,17:23:50,113.893417,22.585318,0,0
25749,17:24:30,113.893417,22.585318,0,0
25749,17:25:10,113.893417,22.585318,0,0
25749,17:25:50,113.893417,22.585318,0,0
25749,17:26:30,113.893417,22.585318,0,0
25749,17:27:10,113.893417,22.585318,0,0
25749,17:27:50,113.89328,22.585251,0,0
25749,17:28:30,113.892899,22.585068,0,7
25749,17:29:10,113.892815,22.585033,0,0
25749,17:29:50,113.892815,22.585033,0,0
25749,17:30:30,113.89267,22.584999,0,0
25749,17:31:10,113.89267,22.584999,0,0
25749,17:31:50,113.89267,22.584999,0,0
25749,17:32:30,113.89267,22.584999,0,0
25749,17:33:10,113.89267,22.584999,0,0
25749,17:33:50,113.89267,22.584999,0,0
25749,17:34:30,113.89267,22.584999,0,0
25749,17:35:10,113.892784,22.585083,0,0
25749,17:35:50,113.892647,22.585016,0,8
25749,17:36:30,113.891502,22.584732,0,0
25749,17:37:10,113.890701,22.584534,1,0
25749,17:37:50,113.890701,22.584534,1,0
25749,17:38:30,113.889732,22.584101,1,20
25749,17:39:10,113.887901,22.583418,1,36
25749,17:39:50,113.884384,22.586782,1,0
25749,17:40:30,113.8843,22.58675,1,0
25749,17:41:10,113.8843,22.58675,1,0
25749,17:41:50,113.8843,22.58675,1,0
25749,17:42:30,113.882965,22.585899,1,46
25749,17:43:10,113.88147,22.584717,1,0
25749,17:43:50,113.881233,22.584517,1,26
25749,17:44:30,113.878914,22.582951,1,30
25749,17:45:10,113.877434,22.584383,1,8
25749,17:45:52,113.876083,22.583883,1,7
25749,17:46:32,113.873802,22.586067,1,13
25749,17:47:12,113.872734,22.587116,1,33
25749,17:47:52,113.86927,22.591333,1,56
25749,17:48:32,113.865768,22.597317,1,66
25749,17:49:12,113.863281,22.60125,1,29
25749,17:49:52,113.861252,22.60445,1,42
25749,18:00:28,113.861252,22.60445,1,0
25749,18:11:03,113.861252,22.60445,1,0
25749,18:20:57,113.863266,22.580334,1,0
25749,18:21:35,113.863266,22.580334,1,0
25749,18:22:15,113.863266,22.580334,1,0
25749,18:22:55,113.863266,22.580334,1,0
25749,18:23:35,113.864914,22.58205,1,0
25749,18:24:15,113.865898,22.583017,1,32
25749,18:24:55,113.868599,22.585016,1,32
25749,18:25:35,113.87307,22.588266,1,57
25749,18:25:43,113.874046,22.58905,1,62
25749,18:26:15,113.875832,22.5905,1,13
25749,18:26:55,113.876053,22.590668,1,0
25749,18:27:35,113.876366,22.590918,1,0
25749,18:28:15,113.87748,22.5917,1,34
25749,18:28:23,113.877983,22.591932,1,20
25749,18:28:55,113.878082,22.591967,1,0
25749,18:29:03,113.878082,22.591967,1,0
25749,18:29:35,113.878082,22.591967,1,0
25749,18:29:43,113.878082,22.591967,1,0
25749,18:30:15,113.878082,22.591967,1,0
25749,18:30:23,113.878418,22.5921,1,28
25749,18:30:55,113.881348,22.59285,1,39
25749,18:31:03,113.882248,22.592882,1,50
25749,18:32:15,113.886932,22.591118,1,13
25749,18:32:55,113.887215,22.590418,1,0
25749,18:34:15,113.88578,22.587833,0,25
25749,18:34:55,113.884964,22.587334,0,0
25749,18:35:35,113.88372,22.5865,0,2
25749,18:35:43,113.88372,22.5865,0,0
25749,18:36:15,113.883034,22.586018,0,4
25749,18:36:57,113.883934,22.586884,1,0
25749,18:37:37,113.883934,22.586884,1,0
25749,18:38:17,113.883934,22.586884,1,0
25749,18:38:57,113.882118,22.5891,1,72
25749,18:39:37,113.880852,22.590349,1,0
25749,18:40:17,113.879753,22.591482,1,50
25749,18:40:57,113.879082,22.592199,1,0
25749,18:41:37,113.879082,22.592199,1,0
25749,18:42:17,113.879082,22.592199,1,0
25749,18:42:57,113.879082,22.592199,1,0
25749,18:43:37,113.877403,22.593849,1,16
25749,18:44:17,113.87513,22.5961,1,40
25749,18:45:37,113.869614,22.601549,1,66
25749,18:46:17,113.865219,22.605984,1,62
25749,18:46:57,113.860184,22.611032,1,59
25749,18:47:37,113.857552,22.613617,1,0
25749,18:48:17,113.857552,22.613617,1,0
25749,18:48:57,113.856598,22.616301,1,2
25749,18:49:37,113.856133,22.617617,1,31
25749,18:50:17,113.855148,22.620483,1,27
25749,18:50:57,113.85498,22.620501,1,0
25749,18:51:37,113.855637,22.618299,0,35
25749,18:52:17,113.855736,22.61795,0,0
25749,18:52:57,113.856087,22.617132,1,0
25749,18:53:37,113.856087,22.617582,1,37
25749,18:53:45,113.855782,22.618467,1,56
25749,18:54:17,113.8554,22.621,1,25
25749,18:54:57,113.858131,22.6259,1,66
25749,18:55:37,113.85955,22.631117,1,48
25749,18:56:17,113.860298,22.634867,1,49
25749,18:56:57,113.859947,22.639816,1,63
25749,18:57:37,113.860016,22.645517,1,58
25749,18:58:17,113.859947,22.649267,1,55
25749,18:58:57,113.859901,22.651966,1,0
25749,18:59:37,113.859482,22.653383,1,38
25749,19:00:17,113.85865,22.656282,1,6
25749,19:00:25,113.85865,22.656282,1,0
25749,19:00:57,113.858749,22.657667,1,55
25749,19:01:37,113.859901,22.660032,1,0
25749,19:02:17,113.860069,22.660233,1,0
25749,19:02:57,113.859833,22.660217,1,15
25749,19:03:39,113.858467,22.65675,0,39
25749,19:04:19,113.858437,22.656366,0,20
25749,19:04:59,113.858887,22.654234,1,42
25749,19:05:39,113.859764,22.650383,1,43
25749,19:06:19,113.859848,22.645317,1,55
25749,19:06:59,113.85968,22.640383,1,57
25749,19:07:39,113.860085,22.636999,1,25
25749,19:08:19,113.859833,22.633717,1,10
25749,19:08:59,113.859833,22.633633,1,0
25749,19:09:39,113.859833,22.633633,1,0
25749,19:10:19,113.859581,22.632717,1,18
25749,19:10:59,113.858948,22.629066,1,26
25749,19:11:39,113.858398,22.627317,1,44
25749,19:12:19,113.857368,22.62455,1,34
25749,19:12:59,113.857132,22.624001,1,5
25749,19:13:39,113.857086,22.623867,1,0
25749,19:14:19,113.856979,22.623751,1,17
25749,19:14:59,113.856819,22.623301,1,0
25749,19:15:39,113.85685,22.623199,1,0
25749,19:16:19,113.856796,22.623133,1,0
25749,19:16:59,113.856651,22.622868,1,8
25749,19:17:39,113.856216,22.62225,1,22
25749,19:18:27,113.855835,22.621799,1,11
25749,19:18:59,113.855247,22.621201,1,0
25749,19:19:39,113.855247,22.621201,1,0
25749,19:20:19,113.855064,22.62105,1,15
25749,19:20:59,113.855385,22.619432,1,5
25749,19:21:39,113.855614,22.61915,1,10
25749,19:22:19,113.855698,22.618601,1,0
25749,19:22:59,113.855835,22.618082,1,13
25749,19:23:39,113.855919,22.617916,1,0
25749,19:24:19,113.856049,22.617416,1,14
25749,19:24:59,113.856682,22.615618,1,4
25749,19:25:39,113.856682,22.615601,1,0
25749,19:26:19,113.856819,22.615232,1,22
25749,19:26:59,113.857033,22.614651,1,0
25749,19:27:39,113.857033,22.614651,1,0
25749,19:28:19,113.857384,22.613768,1,12
25749,19:28:59,113.859901,22.611183,1,44
25749,19:29:39,113.864632,22.606449,1,63
25749,19:30:19,113.867699,22.603434,1,70
25749,19:30:59,113.8722,22.5989,1,13
25749,19:31:39,113.872299,22.598801,1,0
25749,19:31:47,113.872299,22.598801,1,0
25749,19:32:19,113.872299,22.598801,1,0
25749,19:32:59,113.87265,22.59845,1,5
25749,19:33:39,113.873116,22.597933,1,0
25749,19:34:19,113.873116,22.597933,1,0
25749,19:34:59,113.873116,22.597933,1,0
25749,19:35:39,113.874115,22.596968,1,45
25749,19:36:19,113.87748,22.593567,1,25
25749,19:36:59,113.87767,22.593468,1,3
25749,19:37:39,113.878349,22.592768,1,0
25749,19:37:47,113.878349,22.592768,1,0
25749,19:38:19,113.878349,22.592768,1,0
25749,19:38:59,113.878349,22.592768,1,0
25749,19:39:39,113.878349,22.592768,1,0
25749,19:39:47,113.878349,22.592768,1,0
25749,19:40:19,113.88047,22.5926,1,38
25749,19:40:27,113.880798,22.592649,1,0
25749,19:40:59,113.881134,22.592716,1,27
25749,19:41:07,113.881836,22.592768,1,36
25749,19:41:39,113.88475,22.592916,0,25
25749,19:42:19,113.886368,22.592417,1,0
25749,19:43:01,113.88752,22.59005,1,2
25749,19:43:41,113.887764,22.589333,1,11
25749,19:44:21,113.888,22.588917,1,12
25749,19:45:01,113.885269,22.5875,1,37
25749,19:45:41,113.884468,22.587032,1,13
25749,19:46:21,113.882866,22.585751,1,25
25749,19:47:01,113.880486,22.5853,1,39
25749,19:47:41,113.879433,22.586367,1,0
25749,19:48:21,113.880836,22.584818,0,33
25749,19:49:01,113.882217,22.583099,0,19
25749,19:49:41,113.88282,22.582399,0,0
25749,19:50:21,113.88295,22.582283,0,0
25749,19:51:01,113.883034,22.58215,0,2
25749,19:51:41,113.883385,22.582033,0,0
25749,19:52:21,113.88475,22.5809,0,21
25749,19:53:01,113.885017,22.5807,0,0
25749,19:53:41,113.885536,22.580566,0,25
25749,19:54:21,113.888367,22.582733,0,22
25749,19:55:01,113.889984,22.581066,0,20
25749,19:55:41,113.892136,22.578966,0,20
25749,19:56:21,113.89447,22.576616,0,30
25749,19:57:01,113.895683,22.575382,0,0
25749,19:57:41,113.895683,22.575382,0,0
25749,19:58:21,113.895683,22.575382,0,0
25749,19:59:03,113.897018,22.574284,1,56
25749,19:59:43,113.899033,22.572149,1,0
25749,20:00:23,113.899879,22.571383,1,18
25749,20:01:03,113.901833,22.568783,1,29
25749,20:01:43,113.900085,22.56745,1,14
25749,20:02:21,113.899551,22.56695,0,0
25749,20:03:03,113.898232,22.567751,0,23
25749,20:03:11,113.897934,22.568001,0,19
25749,20:03:43,113.896835,22.569166,0,25
25749,20:04:23,113.89743,22.570417,0,37
25749,20:04:31,113.89798,22.5709,0,38
25749,20:05:03,113.899132,22.571867,0,0
25749,20:05:43,113.899902,22.570368,1,27
25749,20:06:23,113.89843,22.569201,1,3
25749,20:07:03,113.897232,22.5688,1,24
25749,20:07:43,113.896751,22.569099,1,11
25749,20:08:23,113.894836,22.5683,1,36
25749,20:09:03,113.890953,22.569117,1,42
25749,20:09:43,113.887169,22.572783,1,66
25749,20:10:23,113.881752,22.5776,1,57
25749,20:11:03,113.877449,22.581818,1,68
25749,20:11:43,113.874031,22.585817,1,0
25749,20:12:23,113.873482,22.586433,1,15
25749,20:13:03,113.873169,22.588249,1,4
25749,20:13:43,113.873169,22.588249,1,0
25749,20:14:23,113.872681,22.590033,1,35
25749,20:15:03,113.871231,22.592033,1,33
25749,20:15:45,113.870781,22.592617,0,16
25749,20:16:25,113.870117,22.595083,0,33
25749,20:17:05,113.87043,22.59535,1,44
25749,20:17:45,113.870697,22.592768,1,26
25749,20:18:25,113.872147,22.590717,1,13
25749,20:19:05,113.873131,22.588633,1,33
25749,20:19:45,113.874283,22.587517,1,7
25749,20:20:25,113.874451,22.587334,1,0
25749,20:21:05,113.873901,22.5861,0,13
25749,20:21:45,113.872215,22.587667,0,30
25749,20:22:25,113.872185,22.587883,0,33
25749,20:23:05,113.871635,22.587917,0,30
25749,20:23:45,113.873314,22.585951,0,15
25749,20:24:25,113.875565,22.583467,0,32
25749,20:25:05,113.878036,22.5809,0,34
25749,20:25:45,113.878334,22.579666,0,13
25749,20:26:25,113.876884,22.579132,0,17
25749,20:27:05,113.876083,22.578367,0,7
25749,20:27:45,113.87532,22.576851,0,24
25749,20:28:27,113.874817,22.575768,1,13
25749,20:29:07,113.873901,22.574034,1,9
25749,20:29:47,113.871552,22.574667,1,53
25749,20:30:27,113.869118,22.5763,1,0
25749,20:31:07,113.8685,22.576683,1,45
25749,20:31:47,113.86412,22.580383,1,21
25749,20:32:27,113.86525,22.582317,1,14
25749,20:33:07,113.865913,22.582933,1,18
25749,20:33:47,113.868179,22.584949,1,55
25749,20:34:27,113.873001,22.588266,1,52
25749,20:35:07,113.877319,22.5916,1,28
25749,20:36:27,113.880516,22.590517,1,19
25749,20:37:15,113.877853,22.588017,1,40
25749,20:37:47,113.87735,22.587618,1,6
25749,20:38:27,113.877197,22.587517,1,0
25749,20:39:07,113.876999,22.587433,1,0
25749,20:39:47,113.876648,22.587168,1,0
25749,20:40:27,113.876434,22.586933,1,5
25749,20:41:07,113.876297,22.586866,1,2
25749,20:41:47,113.875954,22.58655,1,0
25749,20:42:27,113.875664,22.586166,1,15
25749,20:43:07,113.876663,22.585083,0,9
25749,20:43:47,113.877197,22.58465,0,5
25749,20:44:27,113.877419,22.584534,1,5
25749,20:45:07,113.878998,22.582733,1,10
25749,20:45:47,113.880569,22.581467,1,11
25749,20:46:27,113.882271,22.580618,1,18
25749,20:47:07,113.883102,22.581367,1,16
25749,20:47:47,113.883881,22.58165,1,5
25749,20:48:27,113.88475,22.581118,1,0
25749,20:49:07,113.885101,22.5809,1,21
25749,20:50:27,113.879501,22.575417,1,8
25749,20:51:07,113.880081,22.575783,1,38
25749,20:51:47,113.88237,22.576733,1,27
25749,20:52:27,113.885864,22.5737,1,56
25749,20:53:07,113.889885,22.569883,1,35
25749,20:53:47,113.891968,22.565832,1,61
25749,20:54:27,113.890221,22.564283,1,0
25749,20:55:09,113.889847,22.563816,0,0
25749,20:55:49,113.889732,22.563667,0,0
25749,20:56:29,113.887917,22.565166,1,42
25749,20:57:09,113.886414,22.566717,1,0
25749,20:57:49,113.885933,22.567266,1,35
25749,20:58:29,113.883102,22.570049,1,50
25749,20:59:09,113.883614,22.572433,1,31
25749,20:59:49,113.883736,22.572599,1,0
25749,21:00:29,113.885048,22.571882,0,4
25749,21:01:09,113.886452,22.570417,0,3
25749,21:01:51,113.8881,22.568632,1,19
25749,21:02:31,113.885086,22.566032,1,12
25749,21:03:11,113.88575,22.566732,0,43
25749,21:03:51,113.888336,22.564882,0,41
25749,21:04:31,113.888184,22.562668,0,43
25749,21:05:11,113.887154,22.56175,0,0
25749,21:05:51,113.887154,22.56175,0,0
25749,21:06:31,113.88842,22.562733,0,28
25749,21:07:11,113.88958,22.563932,1,25
25749,21:07:51,113.892502,22.565933,1,33
25749,21:08:33,113.892502,22.567617,1,32
25749,21:09:11,113.889236,22.570818,1,73
25749,21:09:51,113.884399,22.575317,1,59
25749,21:10:31,113.878853,22.580549,1,67
25749,21:11:11,113.878853,22.582367,1,11
25749,21:11:51,113.878952,22.582466,1,0
25749,21:12:31,113.87912,22.5826,1,12
25749,21:13:11,113.879852,22.583183,1,19
25749,21:13:53,113.88102,22.584333,1,11
25749,21:14:33,113.883904,22.586617,1,30
25749,21:15:13,113.885017,22.587418,1,31
25749,21:15:53,113.888466,22.5888,1,33
25749,21:16:33,113.890785,22.589666,1,0
25749,21:17:13,113.8909,22.589733,0,0
25749,21:17:53,113.890816,22.589733,0,3
25749,21:18:33,113.888519,22.58885,1,17
25749,21:19:13,113.888901,22.58695,1,53
25749,21:19:53,113.889702,22.58395,1,24
25749,21:20:33,113.888634,22.583218,1,0
25749,21:21:13,113.888649,22.582483,1,45
25749,21:21:53,113.891785,22.579416,1,40
25749,21:22:33,113.891983,22.579201,1,0
25749,21:23:13,113.894264,22.577,1,48
25749,21:23:53,113.895737,22.575533,1,0
25749,21:24:33,113.897835,22.573383,1,55
25749,21:25:13,113.899132,22.572132,1,0
25749,21:25:53,113.899132,22.572132,1,0
25749,21:26:33,113.899132,22.572132,1,0
25749,21:27:13,113.899681,22.57155,1,0
25749,21:27:53,113.899963,22.571383,1,17
25749,21:28:35,113.902031,22.569283,0,0
25749,21:29:15,113.901871,22.568783,0,11
25749,21:29:55,113.900848,22.567917,0,22
25749,21:30:35,113.899582,22.566883,0,0
25749,21:31:15,113.899033,22.56695,0,0
25749,21:31:55,113.897865,22.568132,1,5
25749,21:32:35,113.89753,22.568466,1,11
25749,21:33:15,113.897484,22.568518,1,0
25749,21:33:55,113.897484,22.568518,1,0
25749,21:34:35,113.897484,22.568518,1,0
25749,21:35:15,113.897118,22.56885,1,0
25749,21:35:55,113.897118,22.56885,1,0
25749,21:36:35,113.897118,22.56885,1,0
25749,21:37:15,113.897049,22.568899,1,14
25749,21:37:55,113.896935,22.568983,1,0
25749,21:38:35,113.896935,22.568983,1,0
25749,21:39:15,113.896935,22.568983,1,0
25749,21:39:55,113.896568,22.569517,1,0
25749,21:40:35,113.896568,22.569517,1,0
25749,21:41:15,113.896568,22.569517,1,0
25749,21:41:55,113.896469,22.569532,1,13
25749,21:42:35,113.892632,22.567467,1,33
25749,21:43:15,113.889717,22.563967,1,9
25749,21:43:55,113.889732,22.563967,1,0
25749,21:44:35,113.889732,22.563967,1,0
25749,21:45:15,113.887253,22.56185,1,34
25749,21:45:23,113.887115,22.56175,1,0
25749,21:46:03,113.885384,22.560249,1,73
25749,21:46:35,113.883385,22.55835,1,29
25749,21:47:15,113.884865,22.558018,1,0
25749,21:47:55,113.884468,22.558033,0,28
25749,21:48:35,113.885284,22.560017,0,3
25749,21:49:17,113.887451,22.560583,1,52
25749,21:50:05,113.893265,22.554934,1,58
25749,21:50:37,113.894066,22.554068,1,12
25749,21:51:17,113.897781,22.556499,1,33
25749,21:51:57,113.897865,22.556583,1,0
25749,21:52:37,113.897865,22.556583,1,0
25749,21:53:17,113.898354,22.557016,1,41
25749,21:53:57,113.903168,22.561216,1,62
25749,21:54:37,113.905235,22.560717,1,0
25749,21:55:17,113.905281,22.560766,0,12
25749,21:55:57,113.904152,22.561817,0,0
25749,21:56:37,113.904152,22.561817,0,0
25749,21:57:17,113.904152,22.561817,0,0
25749,21:57:57,113.902832,22.563116,0,22
25749,21:58:37,113.901886,22.564051,1,12
25749,21:59:17,113.901497,22.564501,1,0
25749,21:59:57,113.900948,22.564966,1,5
25749,22:00:37,113.900032,22.565933,1,20
25749,22:01:17,113.899719,22.566334,1,0
25749,22:01:57,113.899017,22.566999,1,15
25749,22:02:37,113.897652,22.568333,1,21
25749,22:03:17,113.896484,22.569468,1,0
25749,22:03:57,113.896484,22.569468,1,0
25749,22:04:37,113.895065,22.570868,1,36
25749,22:05:17,113.892052,22.573933,1,36
25749,22:05:57,113.889465,22.5765,1,0
25749,22:06:37,113.888466,22.577482,1,0
25749,22:07:17,113.888184,22.577566,1,26
25749,22:08:07,113.888336,22.577618,1,32
25749,22:08:47,113.890381,22.575583,1,59
25749,22:09:19,113.892151,22.5737,1,44
25749,22:09:59,113.894951,22.570999,1,17
25749,22:10:39,113.896019,22.569366,1,32
25749,22:11:19,113.89212,22.566616,1,41
25749,22:11:59,113.895714,22.563683,1,62
25749,22:12:39,113.900101,22.560183,1,49
25749,22:13:19,113.89827,22.557249,1,9
25749,22:13:59,113.896965,22.556101,1,34
25749,22:14:39,113.89492,22.554317,1,0
25749,22:15:19,113.89492,22.554317,1,0
25749,22:15:59,113.89312,22.552717,1,67
25749,22:16:39,113.89032,22.550234,1,0
25749,22:17:19,113.891235,22.5509,1,53
25749,22:17:59,113.892319,22.551783,0,0
25749,22:18:07,113.892319,22.551783,0,0
25749,22:18:39,113.89238,22.551849,0,18
25749,22:19:19,113.894615,22.5543,0,23
25749,22:19:59,113.893433,22.556932,0,25
25749,22:20:39,113.895332,22.558783,0,11
25749,22:21:19,113.892769,22.561001,0,29
25749,22:21:59,113.893852,22.561899,0,18
25749,22:22:39,113.89595,22.563316,0,28
25749,22:23:19,113.89772,22.5611,0,31
25749,22:23:27,113.897385,22.5606,0,23
25749,22:23:59,113.896416,22.55945,0,24
25749,22:24:41,113.895065,22.559032,1,34
25749,22:25:21,113.892136,22.561317,1,33
25749,22:26:01,113.889931,22.563499,1,33
25749,22:26:41,113.893166,22.566116,1,24
25749,22:27:21,113.891418,22.568666,1,50
25749,22:28:01,113.886932,22.573017,1,69
25749,22:28:41,113.882401,22.577084,1,54
25749,22:29:21,113.878448,22.580967,1,53
25749,22:30:01,113.879883,22.58325,1,39
25749,22:30:41,113.881332,22.584433,1,24
25749,22:31:21,113.883636,22.586283,1,33
25749,22:32:01,113.885567,22.587683,1,8
25749,22:32:41,113.887352,22.58835,1,53
25749,22:33:21,113.889435,22.589951,1,13
25749,22:34:01,113.888718,22.5914,1,0
25749,22:34:41,113.888817,22.591133,1,9
25749,22:35:21,113.890114,22.591499,1,13
25749,22:36:01,113.891884,22.591883,1,23
25749,22:36:41,113.891716,22.590017,1,22
25749,22:37:21,113.889786,22.589283,1,16
25749,22:38:01,113.888336,22.588783,0,0
25749,22:38:41,113.886818,22.588217,0,34
25749,22:39:21,113.884552,22.586983,0,12
25749,22:40:01,113.8825,22.585449,0,39
25749,22:40:41,113.881485,22.584633,0,0
25749,22:41:29,113.88063,22.583883,0,16
25749,22:42:01,113.879204,22.5826,0,5
25749,22:42:41,113.8815,22.580732,0,38
25749,22:43:21,113.881371,22.5797,0,11
25749,22:44:01,113.8806,22.579,0,11
25749,22:44:41,113.878784,22.580717,0,38
25749,22:45:23,113.876816,22.58275,1,13
25749,22:46:03,113.877167,22.584566,1,23
25749,22:46:41,113.878983,22.5828,1,0
25749,22:47:21,113.880852,22.581284,1,13
25749,22:48:01,113.882568,22.579617,1,32
25749,22:48:43,113.884216,22.577784,1,44
25749,22:49:23,113.887085,22.574783,1,0
25749,22:50:03,113.888397,22.5735,1,62
25749,22:50:43,113.890717,22.571199,1,0
25749,22:51:23,113.892464,22.569332,1,32
25749,22:52:03,113.893784,22.5681,1,10
25749,22:52:43,113.893036,22.5688,0,30
25749,22:53:23,113.890968,22.570868,0,15
25749,22:54:03,113.892403,22.572483,1,32
25749,22:54:43,113.895386,22.574932,1,25
25749,22:55:23,113.897079,22.57645,1,20
25749,22:56:03,113.899132,22.57815,1,35
25749,22:56:43,113.900414,22.579332,1,17
25749,22:57:23,113.901604,22.580467,1,25
25749,22:58:03,113.902,22.580868,1,15
25749,22:58:45,113.902267,22.581017,0,0
25749,22:59:25,113.901382,22.582018,0,20
25749,23:00:05,113.899429,22.583982,0,25
25749,23:00:45,113.897316,22.583418,0,17
25749,23:01:25,113.895584,22.581949,0,20
25749,23:02:05,113.893318,22.579967,0,31
25749,23:02:45,113.8908,22.5805,0,32
25749,23:03:25,113.889832,22.581516,0,5
25749,23:04:05,113.88855,22.582951,0,23
25749,23:04:45,113.889954,22.584267,0,0
25749,23:05:25,113.890015,22.584249,0,15
25749,23:06:05,113.893181,22.584932,0,36
25749,23:06:45,113.894447,22.5837,0,20
25749,23:07:25,113.895615,22.582367,0,0
25749,23:08:05,113.894264,22.580833,0,30
25749,23:08:45,113.89238,22.579317,0,0
25749,23:09:25,113.89238,22.579317,0,0
25749,23:10:05,113.892685,22.578484,0,51
25749,23:10:13,113.893433,22.577717,0,47
25749,23:10:45,113.895653,22.575399,0,6
25749,23:11:25,113.897369,22.57375,0,41
25749,23:12:05,113.899017,22.571882,1,32
25749,23:12:45,113.89595,22.569283,1,42
25749,23:13:25,113.89183,22.566633,1,60
25749,23:14:05,113.889832,22.563417,1,24
25749,23:14:53,113.88942,22.561934,1,11
25749,23:15:25,113.888763,22.56105,1,0
25749,23:16:05,113.888832,22.5609,0,0
25749,23:16:45,113.888832,22.5609,0,0
25749,23:17:25,113.888832,22.5609,0,0
25749,23:18:05,113.888832,22.5609,0,0
25749,23:18:45,113.888832,22.5609,0,0
25749,23:19:25,113.887619,22.560766,0,31
25749,23:20:05,113.888931,22.563168,0,0
25749,23:20:45,113.890915,22.562416,0,27
25749,23:21:27,113.89212,22.561184,1,37
25749,23:22:07,113.89447,22.559233,1,52
25749,23:22:47,113.895866,22.558216,1,43
25749,23:23:33,113.894951,22.554317,1,40
25749,23:24:07,113.890633,22.55065,1,54
25749,23:24:47,113.887886,22.548332,1,2
25749,23:25:27,113.888351,22.548433,0,43
25749,23:25:35,113.889168,22.549133,0,53
25749,23:26:07,113.890083,22.5499,0,0
25749,23:26:47,113.891403,22.5511,0,45
25749,23:27:27,113.894386,22.553617,0,0
25749,23:28:07,113.893784,22.555082,1,59
25749,23:28:47,113.889984,22.558718,1,38
25749,23:29:27,113.888069,22.560467,1,31
25749,23:30:07,113.888947,22.563133,1,13
25749,23:30:47,113.890015,22.564182,1,34
25749,23:31:27,113.893379,22.566233,1,38
25749,23:32:07,113.890831,22.5693,1,71
25749,23:32:47,113.886284,22.573851,1,16
25749,23:33:27,113.8871,22.574568,1,0
25749,23:34:07,113.889351,22.57675,1,23
25749,23:34:47,113.890915,22.578016,1,0
25749,23:35:35,113.892052,22.578966,1,0
25749,23:36:09,113.892052,22.578966,0,0
25749,23:36:49,113.894066,22.58095,0,40
25749,23:37:29,113.89608,22.5825,0,22
25749,23:38:09,113.898552,22.58465,0,30
25749,23:41:55,113.899002,22.585217,0,0
25749,23:42:09,113.899002,22.585217,0,0
25749,23:42:49,113.899017,22.584618,0,0
25749,23:43:29,113.900352,22.582983,0,31
25749,23:44:09,113.902199,22.581083,0,17
25749,23:44:49,113.900681,22.579849,0,23
25749,23:45:29,113.898216,22.57715,0,26
25749,23:46:09,113.895668,22.575632,0,14
25749,23:46:49,113.894447,22.5767,0,0
25749,23:47:29,113.893951,22.576866,1,25
25749,23:48:09,113.892403,22.578751,1,0
25749,23:48:49,113.892448,22.57885,1,13
25749,23:49:29,113.888901,22.5823,1,54
25749,23:50:09,113.884666,22.58655,1,40
25749,23:50:49,113.881599,22.589701,1,47
25749,23:51:29,113.88015,22.591084,1,42
25749,23:52:09,113.878998,22.592266,1,24
25749,23:52:49,113.874069,22.589268,1,81
25749,23:53:29,113.867981,22.584717,1,54
