23352,00:00:18,114.010101,22.6451,1,61
23352,00:00:48,114.013298,22.6408,1,68
23352,00:01:18,114.017403,22.638201,1,57
23352,00:01:48,114.022102,22.6369,1,68
23352,00:02:19,114.027397,22.635401,1,66
23352,00:02:49,114.0317,22.634199,1,3
23352,00:03:49,114.032799,22.6339,1,42
23352,00:04:18,114.037399,22.633101,1,59
23352,00:04:48,114.042397,22.6325,1,42
23352,00:06:18,114.044296,22.6322,1,61
23352,00:06:48,114.0504,22.630699,1,88
23352,00:07:19,114.057198,22.629499,1,83
23352,00:07:49,114.063599,22.6299,1,61
23352,00:09:19,114.067101,22.630301,1,42
23352,00:09:49,114.0709,22.6301,1,40
23352,00:10:49,114.0728,22.6297,1,35
23352,00:11:19,114.075104,22.629299,1,29
23352,00:11:49,114.078796,22.628599,1,48
23352,00:12:19,114.081703,22.628099,1,40
23352,00:12:50,114.0858,22.628099,1,57
23352,00:13:19,114.089897,22.630501,1,61
23352,00:13:49,114.094803,22.632,1,55
23352,00:14:19,114.0989,22.6294,1,51
23352,00:14:49,114.100998,22.627001,1,29
23352,00:15:19,114.102303,22.6243,1,44
23352,00:16:49,114.104797,22.621099,1,27
23352,00:17:19,114.105202,22.6192,1,44
23352,00:17:51,114.105904,22.615999,1,25
23352,00:18:21,114.106697,22.615601,1,27
23352,00:18:51,114.1082,22.6159,1,20
23352,00:19:21,114.1101,22.615,1,18
23352,00:19:51,114.110497,22.6147,1,12
23352,00:21:15,114.110497,22.614799,0,14
23352,00:21:45,114.109703,22.615299,0,20
23352,00:22:15,114.109398,22.615499,0,9
23352,00:22:46,114.107803,22.615499,0,16
23352,00:23:36,114.106598,22.6154,1,5
23352,00:25:05,114.107002,22.6138,1,46
23352,00:25:35,114.107803,22.611401,1,7
23352,00:26:05,114.109497,22.610001,1,31
23352,00:27:05,114.110298,22.609501,1,27
23352,00:27:35,114.114304,22.609501,1,51
23352,00:28:06,114.118698,22.610399,1,50
23352,00:28:36,114.119904,22.611601,1,31
23352,00:29:06,114.118401,22.612801,1,18
23352,00:29:36,114.117897,22.6143,1,9
23352,00:30:06,114.117996,22.614799,1,12
23352,00:31:25,114.118103,22.614901,0,11
23352,00:31:55,114.117996,22.614,0,22
23352,00:32:24,114.118103,22.612801,0,5
23352,00:32:55,114.1194,22.6117,0,29
23352,00:33:25,114.117599,22.610001,0,59
23352,00:33:55,114.112801,22.6096,0,57
23352,00:34:25,114.110603,22.609501,0,16
23352,00:46:02,114.109596,22.610001,1,12
23352,00:47:02,114.107803,22.6112,1,29
23352,00:47:32,114.106598,22.614201,1,48
23352,00:48:03,114.106102,22.6152,1,11
23352,00:48:33,114.1054,22.618,1,50
23352,00:49:03,114.104599,22.620399,1,14
23352,00:49:33,114.104401,22.621,1,5
23352,00:50:03,114.1026,22.6206,1,11
23352,00:52:49,114.102402,22.620501,0,18
23352,00:53:20,114.104103,22.6206,0,25
23352,00:54:50,114.104698,22.621901,0,31
23352,00:55:57,114.1045,22.6224,1,12
23352,00:56:27,114.106003,22.621901,1,14
23352,00:56:57,114.107002,22.621401,1,11
23352,00:57:27,114.110497,22.621599,1,66
23352,00:57:57,114.115799,22.621201,1,55
23352,00:58:28,114.1203,22.618401,1,72
23352,00:58:58,114.124001,22.6145,1,44
23352,00:59:27,114.127403,22.6117,1,53
23352,00:59:57,114.130898,22.6138,1,59
23352,01:00:27,114.133102,22.615999,1,25
23352,01:00:57,114.134903,22.6145,1,22
23352,01:02:08,114.135101,22.616199,0,3
23352,01:12:10,114.135201,22.616301,0,16
23352,01:14:11,114.1334,22.617201,0,40
23352,01:14:41,114.131599,22.615,0,40
23352,01:15:11,114.128304,22.6129,0,53
23352,01:15:41,114.124496,22.6143,0,55
23352,01:16:11,114.121101,22.617599,0,66
23352,01:16:41,114.117699,22.6208,0,59
23352,01:17:41,114.115303,22.621401,0,27
23352,01:18:11,114.110901,22.6217,0,48
23352,01:18:41,114.106598,22.623699,0,27
23352,01:19:11,114.102402,22.6264,0,85
23352,01:19:41,114.098801,22.6299,0,40
23352,01:20:11,114.0951,22.6322,0,75
23352,01:20:41,114.089798,22.631201,0,61
23352,01:22:41,114.075996,22.6294,0,62
23352,01:23:11,114.074303,22.6297,0,51
23352,01:23:41,114.068298,22.630501,0,75
23352,01:24:11,114.065498,22.631201,0,27
23352,01:26:21,114.0653,22.631399,1,48
23352,01:26:51,114.0625,22.6299,1,72
23352,01:27:23,114.056702,22.6297,1,74
23352,01:27:53,114.050499,22.6308,1,75
23352,01:28:23,114.044197,22.632401,1,74
23352,01:28:53,114.038498,22.6332,1,74
23352,01:29:23,114.032799,22.6341,1,31
23352,01:29:53,114.028603,22.6353,1,75
23352,01:30:23,114.023003,22.636801,1,72
23352,01:30:53,114.017502,22.638399,1,38
23352,01:31:52,114.015602,22.6394,1,57
23352,01:32:22,114.011703,22.643299,1,72
23352,01:32:53,114.008797,22.647301,1,38
23352,01:33:53,114.007004,22.649799,1,68
23352,01:34:23,114.003899,22.6541,1,51
23352,01:34:53,114.001297,22.657801,1,72
23352,01:35:23,113.998299,22.662001,1,33
23352,01:35:53,113.994904,22.665001,1,59
23352,01:36:23,113.995903,22.6677,1,61
23352,01:37:54,113.997299,22.6696,1,25
23352,01:38:24,113.998901,22.6721,1,40
23352,01:38:54,113.997803,22.674999,1,46
23352,01:39:24,113.999603,22.677299,1,35
23352,01:42:42,114.000099,22.6793,0,22
23352,01:43:12,113.998398,22.681499,0,16
23352,01:43:42,113.999199,22.6819,0,35
23352,01:44:12,114.001801,22.682501,0,14
23352,01:44:42,114.003502,22.681499,0,29
23352,01:45:12,114.004799,22.680201,0,16
23352,01:45:42,114.005302,22.6807,0,37
23352,01:46:12,114.005699,22.683901,0,53
23352,01:46:42,114.0084,22.6831,0,37
23352,01:47:12,114.012497,22.681299,0,55
23352,01:47:42,114.0158,22.680799,0,53
23352,01:48:12,114.019402,22.679199,0,46
23352,01:48:42,114.021896,22.6772,0,37
23352,01:49:11,114.022797,22.674801,0,24
23352,01:49:41,114.0243,22.6747,0,27
23352,01:50:11,114.025398,22.6747,0,5
23352,01:50:41,114.026497,22.673201,0,16
23352,01:51:11,114.025398,22.6721,0,7
23352,01:51:42,114.024101,22.672701,0,31
23352,01:53:36,114.023804,22.6731,1,12
23352,01:54:36,114.026199,22.669701,1,51
23352,01:55:06,114.028297,22.667299,1,31
23352,01:55:36,114.029701,22.6656,1,31
23352,01:56:06,114.030296,22.665001,1,18
23352,01:56:36,114.0317,22.6632,1,42
23352,01:57:38,114.034698,22.6602,1,40
23352,01:58:07,114.037003,22.6583,1,11
23352,01:58:37,114.035698,22.655001,1,33
23352,01:59:07,114.033699,22.650801,1,72
23352,01:59:37,114.032097,22.6488,1,18
23352,02:00:07,114.028999,22.6462,1,57
23352,02:01:37,114.026398,22.641899,1,59
23352,02:02:38,114.024902,22.638201,1,59
23352,02:03:08,114.024597,22.6355,1,51
23352,02:03:38,114.025497,22.6313,1,35
23352,02:04:08,114.027702,22.631399,1,38
23352,02:04:38,114.0308,22.632299,1,46
23352,02:05:08,114.032097,22.630899,1,31
23352,02:05:38,114.030602,22.6299,1,33
23352,02:06:08,114.0298,22.6276,1,14
23352,02:07:56,114.029999,22.627001,0,12
23352,02:08:25,114.030296,22.6262,0,12
23352,02:24:27,114.029701,22.627199,1,24
23352,02:24:57,114.026901,22.6273,1,31
23352,02:25:27,114.025803,22.6304,1,16
23352,02:25:57,114.025299,22.630899,1,1
23352,02:26:27,114.024696,22.634199,1,64
23352,02:27:58,114.025002,22.637699,1,55
23352,02:28:28,114.026604,22.642,1,64
23352,02:29:28,114.027603,22.644501,1,14
23352,02:29:58,114.024902,22.646,1,50
23352,02:30:58,114.023697,22.6464,1,25
23352,02:31:28,114.019997,22.6462,1,51
23352,02:32:29,114.017197,22.6471,1,48
23352,02:32:59,114.0159,22.6485,1,35
23352,02:33:29,114.013702,22.651199,1,20
23352,02:38:30,114.013397,22.651501,1,20
23352,02:39:00,114.012497,22.654699,1,48
23352,02:39:30,114.0121,22.6553,1,27
23352,02:40:00,114.010201,22.658001,1,35
23352,02:41:07,114.008598,22.6588,0,29
23352,02:41:37,114.009697,22.6584,0,40
23352,02:42:07,114.011803,22.655701,0,38
23352,02:43:08,114.012299,22.655399,0,20
23352,02:44:08,114.0131,22.658001,0,38
23352,02:44:38,114.013,22.6595,0,31
23352,02:45:08,114.015701,22.660601,0,27
23352,02:45:38,114.017601,22.661501,0,5
23352,02:46:38,114.019096,22.662201,0,18
23352,02:47:07,114.021004,22.663601,0,33
23352,02:48:08,114.022499,22.6647,0,16
23352,02:49:38,114.025299,22.666599,0,44
23352,02:50:08,114.027,22.6688,0,44
23352,02:50:38,114.024902,22.671301,0,12
23352,02:51:08,114.024002,22.673,0,11
23352,03:00:09,114.023697,22.673201,0,9
23352,03:00:13,114.023804,22.673,1,18
23352,03:01:43,114.025803,22.670099,1,48
23352,03:02:13,114.027496,22.6682,1,25
23352,03:02:43,114.028603,22.666901,1,20
23352,03:03:14,114.029701,22.665701,1,16
23352,03:03:44,114.029999,22.6642,1,35
23352,03:04:14,114.027603,22.6621,1,20
23352,03:15:14,114.029099,22.662901,1,38
23352,03:16:42,114.0299,22.6635,0,31
23352,03:18:14,114.030098,22.6651,0,16
23352,03:18:44,114.028801,22.6667,0,37
23352,03:19:07,114.028397,22.6672,1,14
23352,03:20:37,114.0271,22.6681,1,31
23352,03:21:07,114.0243,22.665899,1,27
23352,03:21:37,114.0261,22.663401,1,53
23352,03:22:07,114.0261,22.660801,1,57
23352,03:22:37,114.0242,22.659401,1,40
23352,03:23:07,114.022499,22.658199,1,16
23352,03:23:37,114.020103,22.6565,1,46
23352,03:24:37,114.0168,22.6541,1,46
23352,03:25:06,114.013603,22.6516,1,9
23352,03:26:06,114.013496,22.651199,1,25
23352,03:26:36,114.0149,22.6495,1,44
23352,03:27:06,114.0158,22.6483,1,20
23352,03:27:36,114.013603,22.646601,1,16
23352,03:28:06,114.013,22.6462,1,25
23352,03:28:38,114.0121,22.6453,1,9
23352,03:30:38,114.0121,22.6451,1,18
23352,03:31:08,114.011803,22.645399,1,12
23352,03:31:38,114.014,22.646999,1,40
23352,03:32:08,114.015297,22.649099,1,48
23352,03:32:38,114.013603,22.6514,1,7
23352,03:42:09,114.016197,22.6534,1,14
23352,03:42:39,114.016403,22.653601,1,16
23352,03:42:45,114.016296,22.6539,0,18
23352,03:43:15,114.014999,22.655701,0,31
23352,03:43:46,114.014603,22.657,0,29
23352,03:44:46,114.017197,22.658501,0,18
23352,03:45:16,114.016502,22.6597,0,29
23352,03:45:46,114.017097,22.661301,0,31
23352,03:46:16,114.019699,22.662701,0,33
23352,03:46:46,114.021896,22.6642,0,40
23352,03:47:46,114.0242,22.665899,0,29
23352,03:48:16,114.027,22.6679,0,46
23352,03:48:46,114.025703,22.6703,0,50
23352,03:49:16,114.025002,22.671499,0,29
23352,03:57:17,114.026299,22.6724,0,14
23352,04:02:16,114.027,22.673,0,18
23352,04:05:48,114.027496,22.6733,0,5
23352,04:06:18,114.026398,22.6728,0,37
23352,04:09:48,114.026001,22.6728,0,24
23352,04:10:48,114.027397,22.673401,0,25
23352,04:11:17,114.030899,22.6761,0,53
23352,04:12:17,114.0317,22.6786,0,46
23352,04:12:47,114.033798,22.683201,0,68
23352,04:13:17,114.034897,22.687901,0,42
23352,04:13:47,114.035797,22.692101,0,55
23352,04:14:49,114.035698,22.694799,0,33
23352,04:15:19,114.035599,22.6984,0,53
23352,04:15:49,114.036598,22.7024,0,50
23352,04:16:19,114.037697,22.7066,0,53
23352,04:16:49,114.038597,22.7101,0,27
23352,04:17:19,114.036499,22.711901,0,42
23352,04:17:49,114.036903,22.714899,0,1
23352,04:18:49,114.036201,22.717501,0,55
23352,04:19:20,114.035103,22.7216,0,53
23352,04:19:49,114.034103,22.725901,0,55
23352,04:20:19,114.035698,22.728701,0,59
23352,04:21:19,114.0364,22.7293,0,7
23352,04:21:49,114.035797,22.731701,0,42
23352,04:22:19,114.033997,22.7344,0,51
23352,04:22:49,114.030403,22.737101,0,55
23352,04:26:21,114.028801,22.739599,0,12
23352,04:26:51,114.028801,22.739201,0,40
23352,04:27:21,114.031502,22.7362,0,48
23352,04:27:51,114.034798,22.7335,0,51
23352,04:28:21,114.036697,22.729099,0,64
23352,04:28:50,114.039597,22.7248,0,72
23352,04:29:20,114.041397,22.7209,0,50
23352,04:30:20,114.042297,22.7178,0,14
23352,04:30:50,114.042801,22.7155,0,46
23352,04:31:20,114.039902,22.7141,0,46
23352,04:31:50,114.038696,22.710699,0,16
23352,04:32:20,114.038696,22.710501,0,20
23352,04:32:50,114.038002,22.707899,0,44
23352,04:33:50,114.037498,22.706301,0,20
23352,04:34:20,114.036697,22.702801,0,55
23352,04:34:52,114.035599,22.698601,0,59
23352,04:35:22,114.035599,22.695,0,27
23352,04:35:52,114.035797,22.6922,0,55
23352,04:36:22,114.034798,22.687901,0,62
23352,04:36:52,114.033699,22.683201,0,61
23352,04:37:22,114.031799,22.679001,0,50
23352,04:38:51,114.031403,22.6782,0,11
23352,04:40:22,114.031601,22.6784,0,20
23352,04:41:52,114.031998,22.679199,0,40
23352,04:42:22,114.033699,22.682699,0,11
23352,04:42:52,114.032303,22.679899,0,50
23352,04:43:22,114.030998,22.6765,0,53
23352,04:43:52,114.027901,22.6738,0,51
23352,04:44:22,114.026604,22.672899,0,22
23352,04:44:53,114.025101,22.6721,0,16
23352,04:48:52,114.024696,22.6721,0,7
23352,04:49:22,114.025398,22.671,0,16
23352,04:49:52,114.025101,22.6716,0,5
23352,04:50:23,114.025703,22.6705,0,9
23352,04:50:53,114.024399,22.6723,0,9
23352,04:51:23,114.023499,22.673901,0,31
23352,04:51:53,114.025597,22.6745,0,24
23352,05:07:24,114.026398,22.6728,0,12
23352,05:08:24,114.024803,22.671499,0,16
23352,05:08:54,114.026497,22.6693,0,40
23352,05:09:24,114.028297,22.6672,0,33
23352,05:09:54,114.030197,22.665001,0,14
23352,05:11:26,114.031898,22.662901,0,44
23352,05:11:56,114.034599,22.6602,0,48
23352,05:12:56,114.037201,22.658199,0,25
23352,05:13:26,114.039101,22.657101,0,1
23352,05:30:58,114.038803,22.6572,0,24
23352,05:31:57,114.035004,22.66,0,51
23352,05:32:27,114.031998,22.663,0,55
23352,05:32:57,114.030998,22.665501,0,29
23352,05:33:27,114.032303,22.667999,0,38
23352,05:34:57,114.032402,22.668699,0,12
23352,05:35:27,114.031303,22.666599,0,33
23352,05:36:28,114.029999,22.6654,0,33
23352,05:36:58,114.027802,22.667801,0,40
23352,05:37:28,114.025101,22.6667,0,50
23352,05:37:58,114.022301,22.6674,0,48
23352,05:38:58,114.020103,22.6681,0,20
23352,05:40:55,114.020103,22.6679,1,1
23352,05:55:55,114.019402,22.6679,1,9
23352,05:56:27,114.018097,22.6668,1,35
23352,05:56:57,114.015999,22.6661,1,24
23352,05:57:27,114.013298,22.665199,1,40
23352,05:57:57,114.011101,22.6635,1,25
23352,05:58:27,114.008797,22.6616,1,40
23352,05:58:57,114.007896,22.660801,1,9
23352,05:59:27,114.007896,22.6593,1,29
23352,05:59:57,114.0065,22.657801,1,27
23352,06:00:27,114.004997,22.6579,1,27
23352,06:00:57,114.004501,22.655899,1,35
23352,06:01:28,114.0019,22.6546,1,40
23352,06:01:58,113.999496,22.6539,1,16
23352,06:06:58,113.999702,22.653799,1,7
23352,07:16:44,113.999901,22.6541,0,7
23352,07:17:14,114.000801,22.654301,0,5
23352,07:28:56,114.002098,22.6546,0,20
23352,07:29:26,114.0037,22.6539,0,31
23352,07:29:56,114.005096,22.652,0,42
23352,07:30:26,114.007004,22.649401,0,44
23352,07:30:56,114.007797,22.6481,0,11
23352,07:32:58,114.0065,22.647301,0,9
23352,07:33:28,114.007401,22.647499,0,22
23352,07:33:57,114.009804,22.649,0,29
23352,07:34:57,114.010399,22.6493,0,16
23352,07:35:27,114.012703,22.6509,0,31
23352,07:36:57,114.013199,22.6514,0,12
23352,07:37:27,114.015404,22.652901,0,35
23352,07:38:57,114.017601,22.6546,0,20
23352,07:39:27,114.018402,22.655001,0,3
23352,07:40:57,114.018997,22.655399,0,24
23352,07:41:27,114.021103,22.6572,0,33
23352,07:42:26,114.0224,22.6577,0,18
23352,07:42:56,114.024399,22.6593,0,18
23352,07:43:28,114.0261,22.660601,0,29
23352,07:43:58,114.027702,22.6614,0,27
23352,07:44:24,114.028702,22.6607,1,5
23352,07:45:54,114.031303,22.658501,1,40
23352,07:46:23,114.034103,22.656,1,24
23352,07:46:53,114.034599,22.6556,1,7
23352,07:49:23,114.0355,22.654699,1,12
23352,07:49:53,114.037102,22.6534,1,12
23352,07:51:23,114.0382,22.6525,1,33
23352,07:51:53,114.039101,22.653299,1,27
23352,07:52:29,114.039703,22.654499,0,27
23352,07:55:31,114.040398,22.6563,0,9
23352,07:56:01,114.039398,22.6569,0,3
23352,07:56:31,114.038597,22.657499,0,11
23352,07:57:01,114.037598,22.658199,0,7
23352,07:58:01,114.0364,22.659,0,42
23352,07:58:31,114.0336,22.6611,0,18
23352,07:59:01,114.0317,22.6632,0,37
23352,08:00:02,114.031303,22.666,0,11
23352,08:00:31,114.032097,22.667999,0,20
23352,08:02:31,114.032204,22.6686,0,20
23352,08:03:31,114.031502,22.666201,0,20
23352,08:04:01,114.032097,22.6651,0,7
23352,08:04:31,114.031097,22.665899,0,9
23352,08:05:32,114.029503,22.6677,0,14
23352,08:07:02,114.026497,22.669001,0,31
23352,08:07:32,114.025002,22.671101,0,14
23352,08:08:32,114.026001,22.6721,0,9
23352,08:09:31,114.026299,22.6723,0,5
23352,08:10:03,114.0271,22.6731,0,24
23352,08:10:33,114.029198,22.6747,0,33
23352,08:12:07,114.030899,22.676001,1,20
23352,08:12:37,114.031197,22.676399,1,9
23352,08:13:07,114.031403,22.676901,1,9
23352,08:14:37,114.032303,22.677601,1,7
23352,08:15:07,114.031799,22.677799,1,9
23352,08:16:07,114.031403,22.6779,1,18
23352,08:16:37,114.030998,22.676399,1,33
23352,08:17:07,114.029503,22.675301,1,7
23352,08:18:07,114.027298,22.6745,1,16
23352,08:18:37,114.025803,22.674601,1,14
23352,08:19:23,114.025902,22.674101,1,9
23352,08:19:53,114.026497,22.673201,1,12
23352,08:20:25,114.025002,22.6717,1,18
23352,08:22:25,114.023003,22.6702,1,59
23352,08:23:55,114.0196,22.667601,1,37
23352,08:24:55,114.016197,22.6661,1,29
23352,08:25:26,114.013,22.6649,1,50
23352,08:28:59,114.011703,22.6632,0,18
23352,08:29:29,114.012497,22.664499,0,24
23352,08:29:59,114.014198,22.665701,0,12
23352,08:30:16,114.014397,22.665899,1,7
23352,08:32:47,114.017502,22.666401,1,38
23352,08:33:47,114.020103,22.6679,1,27
23352,08:36:18,114.021599,22.668699,1,29
23352,08:36:48,114.023399,22.6703,1,51
23352,08:37:18,114.026497,22.6726,1,29
23352,08:39:47,114.027199,22.6733,1,38
23352,08:40:17,114.0308,22.676001,1,53
23352,08:42:18,114.031403,22.6777,1,16
23352,08:43:48,114.031097,22.6766,0,22
23352,08:44:18,114.0298,22.675301,0,12
23352,08:44:48,114.0289,22.675301,0,5
23352,08:45:18,114.027,22.674801,0,24
23352,08:45:49,114.025803,22.674601,0,7
23352,08:46:18,114.026001,22.674101,1,9
23352,08:46:48,114.026398,22.672701,1,27
23352,08:48:47,114.025002,22.6717,1,14
23352,08:49:17,114.026398,22.6695,1,53
23352,08:51:17,114.028801,22.6667,1,42
23352,08:53:17,114.031898,22.6633,1,42
23352,08:54:17,114.033897,22.6609,1,29
23352,08:54:47,114.036903,22.6584,1,31
23352,08:55:17,114.036102,22.655701,1,18
23352,08:55:48,114.035797,22.6551,1,24
23352,08:56:19,114.034401,22.651899,1,64
23352,08:59:18,114.032097,22.6485,1,22
23352,08:59:48,114.034698,22.647699,1,25
23352,09:00:18,114.035103,22.646,1,40
23352,09:00:48,114.033501,22.6432,1,1
23352,09:02:48,114.033302,22.6418,1,18
23352,09:03:18,114.032402,22.639799,1,35
23352,09:03:48,114.0317,22.6367,1,29
23352,09:05:18,114.032097,22.6343,1,14
23352,09:05:48,114.032303,22.632401,1,29
23352,09:06:20,114.031998,22.630199,1,14
23352,09:06:50,114.030098,22.628799,1,16
23352,09:07:19,114.0299,22.627399,1,16
23352,09:08:14,114.030602,22.625601,0,29
23352,09:09:43,114.031799,22.624399,0,33
23352,09:10:13,114.034103,22.625,0,9
23352,09:10:43,114.034798,22.623699,0,16
23352,09:11:14,114.035599,22.6213,0,35
23352,09:11:44,114.036301,22.618999,0,35
23352,09:12:14,114.036797,22.6173,0,5
23352,09:12:44,114.0354,22.616501,0,20
23352,09:13:14,114.033897,22.615499,0,14
23352,09:13:44,114.0326,22.615101,0,22
23352,09:14:14,114.030701,22.617201,0,46
23352,09:14:44,114.028999,22.620001,0,42
23352,09:15:14,114.028099,22.6229,0,22
23352,09:16:45,114.027496,22.6245,0,29
23352,09:17:15,114.026497,22.628,0,48
23352,09:17:45,114.025597,22.630899,0,37
23352,09:18:14,114.025101,22.6336,0,46
23352,09:19:44,114.024803,22.636801,0,38
23352,09:20:14,114.025803,22.6399,0,38
23352,09:21:16,114.026199,22.640699,0,24
23352,09:21:46,114.027298,22.6436,0,46
23352,09:24:16,114.027802,22.644899,0,24
23352,09:24:46,114.029503,22.646299,0,24
23352,09:26:16,114.030098,22.646999,0,14
23352,09:28:28,114.0326,22.6483,1,31
23352,09:28:58,114.0354,22.6474,1,25
23352,09:30:28,114.036301,22.6471,1,22
23352,09:30:58,114.039001,22.646099,1,48
23352,09:31:30,114.039497,22.6443,1,22
23352,09:32:00,114.038902,22.6432,1,22
23352,09:32:30,114.0383,22.641701,1,9
23352,09:33:00,114.039803,22.6409,1,25
23352,09:34:16,114.040703,22.6404,0,5
23352,09:34:46,114.039497,22.641199,0,20
23352,09:35:45,114.038399,22.641899,0,7
23352,09:36:09,114.038399,22.642099,1,11
23352,09:36:40,114.038902,22.643299,1,9
23352,09:37:09,114.039398,22.6446,1,25
23352,09:37:39,114.040001,22.6458,1,27
23352,09:38:09,114.041199,22.647699,1,33
23352,09:38:39,114.042,22.6495,1,16
23352,09:39:09,114.042099,22.6509,1,25
23352,09:39:39,114.039597,22.6518,1,29
23352,09:40:38,114.038902,22.6527,0,20
23352,09:41:07,114.0401,22.6551,0,42
23352,09:41:38,114.039703,22.6567,0,24
23352,09:42:08,114.037903,22.657801,0,22
23352,09:43:08,114.036797,22.6586,0,33
23352,09:43:38,114.034203,22.6607,0,25
23352,09:44:08,114.0336,22.6612,0,25
23352,09:44:38,114.031799,22.663099,0,42
23352,09:45:08,114.030899,22.6654,0,16
23352,09:45:38,114.031799,22.6672,0,25
23352,09:46:08,114.032501,22.6688,0,9
23352,09:46:38,114.031799,22.6679,0,5
23352,09:47:09,114.0317,22.6675,0,16
23352,09:53:39,114.031197,22.666599,0,5
23352,09:54:09,114.030899,22.6663,0,3
23352,09:54:39,114.030502,22.6665,0,11
23352,09:55:09,114.0299,22.6672,0,14
23352,09:56:09,114.0289,22.6684,0,12
23352,09:56:39,114.028297,22.6689,0,18
23352,09:57:10,114.026398,22.6695,0,42
23352,09:57:40,114.025002,22.671499,0,22
23352,09:59:10,114.026001,22.672199,0,5
23352,09:59:40,114.026199,22.6723,0,11
23352,10:01:09,114.026398,22.673,0,5
23352,10:01:21,114.026299,22.672899,1,5
23352,10:07:23,114.025803,22.6726,1,5
23352,10:07:52,114.025398,22.6721,1,5
23352,10:09:22,114.024696,22.671499,1,24
23352,10:09:52,114.0224,22.6698,1,20
23352,10:10:22,114.021698,22.6693,1,16
23352,10:10:52,114.020203,22.6681,0,20
23352,10:11:22,114.019501,22.6675,0,12
23352,10:11:52,114.017303,22.666401,0,11
23352,10:13:54,114.016899,22.666201,0,12
23352,10:14:24,114.014999,22.6658,0,38
23352,10:14:53,114.012398,22.664499,0,1
23352,10:15:23,114.0121,22.6642,0,16
23352,10:15:53,114.010696,22.6632,0,12
23352,10:16:23,114.009903,22.6625,0,5
23352,10:16:53,114.009201,22.662001,0,5
23352,10:18:54,114.008904,22.661699,0,12
23352,10:19:24,114.007698,22.660999,0,25
23352,10:19:54,114.005898,22.660999,0,16
23352,10:20:24,114.004997,22.6611,0,16
23352,10:20:54,114.003197,22.6612,0,7
23352,10:21:24,114.002403,22.661301,0,16
23352,10:21:54,114.000298,22.6618,0,37
23352,10:22:25,113.998802,22.6623,0,9
23352,10:22:55,113.997002,22.663099,0,35
23352,10:23:25,113.995796,22.664101,0,9
23352,10:23:54,113.994797,22.665001,0,16
23352,10:24:24,113.993698,22.665899,0,22
23352,10:24:54,113.991699,22.6677,0,50
23352,10:25:24,113.988297,22.6703,0,42
23352,10:25:54,113.985603,22.6719,0,16
23352,10:26:24,113.985603,22.6716,0,3
23352,10:26:54,113.9851,22.6712,0,11
23352,10:27:24,113.983597,22.671,0,18
23352,10:28:25,113.982903,22.670799,0,7
23352,10:29:25,113.983902,22.6712,0,18
23352,10:29:55,113.985199,22.6712,0,14
23352,10:30:25,113.985901,22.6714,0,16
23352,10:30:55,113.986603,22.671,0,7
23352,10:31:25,113.988297,22.669901,0,16
23352,10:32:55,113.988899,22.6696,0,27
23352,10:33:25,113.991096,22.6679,0,42
23352,10:33:55,113.992798,22.666401,0,24
23352,10:34:25,113.994202,22.665199,0,24
23352,10:34:55,113.996696,22.663,0,35
23352,10:36:25,113.997398,22.662399,0,24
23352,10:36:55,113.999802,22.6619,0,31
23352,10:37:25,114.0019,22.661301,0,29
23352,10:38:56,114.004501,22.660999,0,24
23352,10:39:26,114.0056,22.660999,0,5
23352,10:39:56,114.006203,22.660999,0,5
23352,10:41:55,114.006699,22.660999,0,16
23352,10:42:25,114.008102,22.660999,0,14
23352,10:42:56,114.009003,22.661699,0,16
23352,10:43:57,114.010803,22.663099,0,27
23352,10:44:27,114.012199,22.6642,0,11
23352,10:45:57,114.012703,22.664499,0,3
23352,10:47:27,114.013,22.665199,0,7
23352,10:47:57,114.013298,22.6654,0,7
23352,10:51:57,114.014801,22.665701,0,22
23352,10:53:58,114.0158,22.666201,0,5
23352,10:55:25,114.0187,22.667,1,33
23352,10:55:55,114.020401,22.668301,1,7
23352,10:57:55,114.0205,22.668301,1,9
23352,10:58:25,114.022102,22.6695,1,18
23352,11:00:25,114.024696,22.6716,1,12
23352,11:04:07,114.025101,22.672199,0,5
23352,11:04:36,114.0243,22.6723,0,12
23352,11:04:54,114.023903,22.673,1,16
23352,11:05:24,114.023499,22.674299,1,9
23352,11:05:54,114.025101,22.6747,1,20
23352,11:06:24,114.026001,22.6738,1,16
23352,11:29:05,114.024696,22.671499,1,22
23352,11:29:37,114.022003,22.6695,1,44
23352,11:31:37,114.021004,22.6688,1,25
23352,11:32:06,114.019402,22.667601,1,12
23352,11:32:36,114.017197,22.666401,1,22
23352,11:33:06,114.016701,22.665701,1,27
23352,11:33:36,114.017799,22.6642,1,20
23352,11:34:37,114.019302,22.662001,1,29
23352,11:35:07,114.020897,22.660101,1,37
23352,11:36:37,114.023102,22.657499,1,35
23352,11:37:07,114.024902,22.655399,1,37
23352,11:38:37,114.027298,22.6525,1,16
23352,11:39:07,114.029602,22.650299,1,46
23352,11:39:38,114.031197,22.648199,1,40
23352,11:40:08,114.028297,22.645599,1,3
23352,11:41:38,114.028198,22.6455,1,16
23352,11:42:07,114.0271,22.6436,1,29
23352,11:42:37,114.026001,22.6409,1,27
23352,11:44:07,114.025597,22.639799,1,40
23352,11:44:37,114.024498,22.6369,1,3
23352,11:46:09,114.024399,22.6364,1,18
23352,11:46:39,114.024902,22.633801,1,33
23352,11:47:09,114.025497,22.6311,1,5
23352,11:48:39,114.025803,22.6297,1,46
23352,11:49:09,114.0271,22.625601,1,40
23352,11:49:39,114.027199,22.624901,1,5
23352,11:52:38,114.027702,22.6236,1,29
23352,11:53:08,114.0289,22.619801,1,57
23352,11:53:38,114.0317,22.6157,1,37
23352,11:56:10,114.0327,22.615101,1,27
23352,12:08:05,114.029099,22.6122,0,16
23352,12:09:04,114.029198,22.6129,0,31
23352,12:09:34,114.027298,22.615601,0,46
23352,12:10:04,114.0271,22.6157,0,3
23352,12:10:33,114.027,22.615499,0,5
23352,12:11:33,114.026901,22.615801,0,5
23352,12:12:03,114.0271,22.615801,0,5
23352,12:14:05,114.027702,22.614799,0,22
23352,12:14:35,114.029297,22.612499,0,12
23352,12:15:05,114.0308,22.613501,0,50
23352,12:17:05,114.0326,22.615,0,27
23352,12:17:35,114.0345,22.6161,0,35
23352,12:19:06,114.0383,22.618,0,46
23352,12:19:35,114.040703,22.6192,0,25
23352,12:20:05,114.043701,22.620399,0,51
23352,12:20:35,114.047302,22.621401,0,35
23352,12:21:05,114.050598,22.622101,0,31
23352,12:22:05,114.050797,22.619499,0,20
23352,12:22:35,114.053398,22.6192,0,35
23352,12:23:05,114.056999,22.619301,0,48
23352,12:24:05,114.059601,22.619301,0,31
23352,12:24:35,114.062599,22.619301,0,16
23352,12:25:05,114.065399,22.6194,0,44
23352,12:25:35,114.0672,22.618299,0,31
23352,12:26:35,114.068298,22.615499,0,51
23352,12:27:05,114.070702,22.612301,0,46
23352,12:27:35,114.072197,22.614599,0,48
23352,12:28:04,114.074303,22.6173,0,38
23352,12:28:35,114.0774,22.619699,0,55
23352,12:29:05,114.079102,22.623301,0,51
23352,12:29:35,114.080299,22.626499,0,48
23352,12:30:05,114.084,22.6278,0,42
23352,12:30:35,114.087898,22.6292,0,55
23352,12:31:05,114.091698,22.631701,0,57
23352,12:31:35,114.096199,22.6315,0,51
23352,12:32:05,114.099503,22.628901,0,53
23352,12:32:35,114.102798,22.625799,0,62
23352,12:33:05,114.105904,22.623699,0,24
23352,12:34:06,114.106201,22.6236,0,12
23352,12:34:36,114.108902,22.622,0,50
23352,12:35:06,114.112396,22.6215,0,40
23352,12:35:36,114.113998,22.621401,0,5
23352,12:36:06,114.1147,22.6213,0,22
23352,12:36:36,114.1175,22.620701,0,44
23352,12:37:05,114.1203,22.618299,0,51
23352,12:37:35,114.122902,22.615299,0,46
23352,12:37:51,114.124603,22.6141,1,46
23352,12:38:21,114.127197,22.611799,1,37
23352,12:38:53,114.124901,22.6096,1,37
23352,12:39:23,114.121399,22.6077,1,48
23352,12:39:53,114.118401,22.606199,1,20
23352,12:40:23,114.117897,22.605801,1,24
23352,12:40:53,114.116997,22.604601,1,14
23352,12:41:23,114.116302,22.6038,1,14
23352,12:47:09,114.117203,22.6043,1,31
23352,12:48:09,114.118401,22.6052,1,35
23352,12:48:39,114.121399,22.6073,1,59
23352,12:49:09,114.125298,22.6096,1,51
23352,12:49:39,114.129402,22.612499,1,68
23352,12:50:09,114.132599,22.615801,1,37
23352,12:50:39,114.1334,22.6157,1,20
23352,12:51:08,114.134804,22.614599,1,14
23352,12:52:09,114.135803,22.613899,1,9
23352,12:52:39,114.135399,22.612101,1,37
23352,12:53:43,114.135002,22.611099,1,7
23352,12:54:13,114.134003,22.610201,1,27
23352,12:56:44,114.130798,22.6106,1,24
23352,12:57:44,114.129501,22.608999,1,20
23352,12:58:44,114.127296,22.6091,1,5
23352,12:59:14,114.125999,22.608,1,22
23352,12:59:44,114.125397,22.6071,1,18
23352,13:00:14,114.125397,22.6064,1,24
23352,13:00:44,114.126801,22.6054,1,20
23352,13:01:14,114.127701,22.604799,1,12
23352,13:03:15,114.126602,22.604,1,11
23352,13:03:45,114.125,22.603399,1,27
23352,13:04:15,114.123703,22.603201,1,22
23352,13:04:45,114.122299,22.6033,1,14
23352,13:05:14,114.120903,22.6033,1,25
23352,13:05:44,114.119698,22.6033,1,5
23352,13:06:14,114.118698,22.603399,1,18
23352,13:06:45,114.1175,22.6029,1,3
23352,13:07:15,114.116501,22.602301,1,18
23352,13:08:23,114.115799,22.601999,0,16
23352,13:08:53,114.116501,22.6035,0,24
23352,13:09:23,114.117798,22.604799,0,20
23352,13:09:53,114.118797,22.6059,0,20
23352,13:10:23,114.120796,22.6071,0,37
23352,13:10:53,114.1241,22.6087,0,48
23352,13:11:23,114.125504,22.6096,0,11
23352,13:11:53,114.127602,22.611,0,44
23352,13:12:23,114.128502,22.612801,0,24
23352,13:12:53,114.125801,22.6136,0,37
23352,13:13:23,114.1231,22.6154,0,37
23352,13:15:53,114.1222,22.6166,0,18
23352,13:16:23,114.120499,22.6185,0,48
23352,13:16:54,114.119698,22.620701,0,31
23352,13:17:23,114.121002,22.622299,0,24
23352,13:29:06,114.121399,22.622999,1,11
23352,13:29:10,114.1213,22.622801,0,16
23352,13:29:40,114.119904,22.621401,0,24
23352,13:30:10,114.118698,22.6203,0,29
23352,13:30:40,114.116501,22.621201,0,44
23352,13:31:10,114.1147,22.6215,0,9
23352,13:31:40,114.113899,22.6215,0,20
23352,13:32:11,114.112,22.6217,0,24
23352,13:32:41,114.109299,22.622101,0,38
23352,13:33:11,114.107002,22.6234,0,5
23352,13:34:11,114.106697,22.623501,0,12
23352,13:34:41,114.104202,22.625099,0,53
23352,13:35:11,114.100601,22.628,0,57
23352,13:35:41,114.098198,22.6304,0,27
23352,13:36:10,114.095001,22.632299,0,55
23352,13:36:40,114.090797,22.631901,0,51
23352,13:37:10,114.087196,22.630699,0,50
23352,13:37:42,114.082703,22.629499,0,55
23352,13:38:12,114.080299,22.6287,0,35
23352,13:38:42,114.077904,22.629,0,33
23352,13:39:42,114.074898,22.629601,0,25
23352,13:40:12,114.073997,22.629801,0,24
23352,13:40:42,114.070999,22.630301,0,35
23352,13:41:12,114.067596,22.630501,0,31
23352,13:42:43,114.065804,22.630501,0,29
23352,13:43:13,114.063004,22.629999,0,37
23352,13:43:43,114.059502,22.629801,0,46
23352,13:46:12,114.055099,22.629999,0,22
23352,13:46:42,114.054398,22.6301,0,12
23352,13:46:59,114.054298,22.6301,1,7
23352,13:47:30,114.052002,22.630501,1,46
23352,13:48:00,114.047501,22.631599,1,61
23352,13:48:30,114.044098,22.6325,1,12
23352,13:49:00,114.0438,22.6325,1,11
23352,13:49:30,114.041397,22.6329,1,7
23352,13:51:00,114.039902,22.632999,1,24
23352,13:52:30,114.0382,22.6332,1,44
23352,13:53:01,114.0336,22.6339,1,44
23352,13:54:31,114.032204,22.632999,1,37
23352,13:55:01,114.032204,22.630199,1,25
23352,13:58:03,114.032204,22.630301,0,16
23352,13:59:47,114.031898,22.6373,0,18
23352,14:00:17,114.032303,22.639601,0,24
23352,14:00:47,114.033096,22.6415,0,5
23352,14:01:17,114.033401,22.642401,0,22
23352,14:03:47,114.033897,22.6437,0,22
23352,14:04:17,114.035004,22.6457,0,31
23352,14:05:18,114.036201,22.6476,0,29
23352,14:05:48,114.037697,22.6506,0,48
23352,14:08:14,114.0373,22.6532,1,16
23352,14:09:13,114.035896,22.654499,1,1
23352,14:11:45,114.0355,22.6546,1,29
23352,14:12:15,114.033798,22.6511,1,61
23352,14:13:15,114.030899,22.649401,1,38
23352,14:13:45,114.029602,22.6504,1,24
23352,14:14:15,114.028,22.651899,1,14
23352,14:15:15,114.026199,22.6539,1,48
23352,14:17:15,114.024498,22.656,1,44
23352,14:17:44,114.023003,22.657801,1,22
23352,14:20:45,114.021004,22.6572,1,33
23352,14:21:15,114.019501,22.656099,1,11
23352,14:21:45,114.017998,22.6562,1,33
23352,14:22:45,114.015602,22.658899,1,29
23352,14:23:15,114.014099,22.6607,1,38
23352,14:23:45,114.012604,22.6621,1,20
23352,14:25:16,114.011299,22.6635,1,18
23352,14:25:46,114.009598,22.6623,1,25
23352,14:27:15,114.008202,22.661301,1,14
23352,14:29:05,114.0084,22.6612,1,9
23352,14:29:35,114.010498,22.662901,1,27
23352,14:31:06,114.012901,22.6649,1,55
23352,14:31:36,114.015701,22.665899,1,22
23352,14:33:36,114.016701,22.666201,1,29
23352,14:34:06,114.019798,22.667801,1,31
23352,14:38:06,114.020798,22.6686,1,12
23352,14:38:36,114.020798,22.67,1,25
23352,14:39:06,114.021599,22.671499,1,18
23352,14:40:06,114.022301,22.6731,1,11
23352,14:41:07,114.023003,22.674,1,5
23352,14:42:37,114.023201,22.674101,1,20
23352,14:43:07,114.025398,22.674601,1,9
23352,14:47:38,114.026199,22.6738,1,11
23352,15:05:09,114.025803,22.672701,1,9
23352,15:14:40,114.025299,22.672199,1,1
23352,15:15:40,114.024696,22.6721,1,11
23352,15:16:41,114.024101,22.672701,1,14
23352,15:17:11,114.023399,22.673901,1,18
23352,15:17:41,114.024597,22.6745,1,14
23352,15:18:41,114.025597,22.6745,1,9
23352,15:19:11,114.026199,22.6737,1,7
23352,15:19:41,114.026398,22.673201,1,1
23352,15:20:11,114.027,22.6731,1,14
23352,15:20:40,114.028999,22.674601,1,40
23352,15:23:12,114.030296,22.675501,1,7
23352,15:24:12,114.031303,22.6768,1,16
23352,15:24:42,114.0317,22.678699,1,18
23352,15:25:06,114.032303,22.679701,0,27
23352,15:25:37,114.033501,22.6817,1,42
23352,15:26:07,114.034302,22.685301,1,55
23352,15:26:37,114.035004,22.687901,1,9
23352,15:28:07,114.035004,22.6882,1,11
23352,15:28:37,114.0354,22.690001,1,5
23352,15:29:35,114.034302,22.686001,0,33
23352,15:30:05,114.0336,22.683001,0,51
23352,15:30:35,114.032402,22.680201,0,7
23352,15:31:07,114.031998,22.679501,0,18
23352,15:31:37,114.031403,22.6782,0,12
23352,15:32:07,114.0308,22.6763,0,35
23352,15:32:37,114.028999,22.675301,0,16
23352,15:33:07,114.027199,22.674801,0,27
23352,15:33:36,114.025902,22.674801,0,16
23352,15:34:06,114.024002,22.674601,0,24
23352,15:35:06,114.023102,22.6745,0,14
23352,15:35:36,114.022003,22.6765,0,24
23352,15:36:06,114.021301,22.6782,0,24
23352,15:36:37,114.019096,22.679399,0,29
23352,15:37:07,114.016502,22.6807,0,38
23352,15:37:37,114.013496,22.6812,0,42
23352,15:38:07,114.010002,22.682301,0,33
23352,15:39:37,114.010597,22.6821,0,40
23352,15:40:07,114.013603,22.681101,0,35
23352,15:40:37,114.014198,22.680901,0,5
23352,15:41:38,114.013496,22.679701,0,5
23352,15:43:37,114.011803,22.6775,0,5
23352,15:44:07,114.010002,22.677099,0,5
23352,15:45:37,114.007896,22.6765,0,22
23352,15:48:38,114.0075,22.6765,0,5
23352,15:49:38,114.007103,22.674601,0,37
23352,15:50:08,114.005402,22.6733,0,5
23352,15:50:38,114.003998,22.6731,0,16
23352,15:51:08,114.002602,22.672899,0,25
23352,15:51:38,114.001999,22.674299,0,29
23352,15:52:56,114.0019,22.6751,1,1
23352,15:56:57,114.001801,22.675699,1,25
23352,15:58:56,114.0009,22.678699,1,18
23352,16:00:27,113.999603,22.679701,0,3
23352,16:01:55,113.997902,22.681801,1,22
23352,16:02:25,113.995003,22.6796,1,48
23352,16:02:55,113.992897,22.678301,1,9
23352,16:03:25,113.992798,22.678301,1,5
23352,16:03:55,113.991501,22.677601,1,29
23352,16:06:16,113.991997,22.678101,0,31
23352,16:06:48,113.990799,22.6814,0,22
23352,16:08:17,113.989799,22.6835,0,53
23352,16:08:47,113.9888,22.685699,0,37
23352,16:09:17,113.9879,22.687799,0,27
23352,16:09:47,113.986801,22.690201,0,27
23352,16:10:17,113.986801,22.691401,0,18
23352,16:16:17,113.9869,22.692499,0,7
23352,16:16:47,113.987999,22.6929,0,37
23352,16:17:17,113.992104,22.6933,0,38
23352,16:18:17,113.992897,22.693399,0,16
23352,16:18:47,113.992302,22.695299,0,31
23352,16:19:17,113.992401,22.6973,0,18
23352,16:19:47,113.995102,22.697901,0,29
23352,16:20:47,113.999001,22.6987,0,44
23352,16:21:17,113.999603,22.6973,0,27
23352,16:22:49,114.0,22.695,0,12
23352,16:23:19,113.998901,22.694,0,12
23352,16:24:49,113.997704,22.692699,0,12
23352,16:25:18,113.997002,22.692699,0,12
23352,16:25:48,113.996696,22.692301,0,9
23352,16:26:18,113.995903,22.6926,0,11
23352,16:26:48,113.994904,22.6924,0,9
23352,16:27:19,113.9935,22.6931,0,16
23352,16:27:49,113.991898,22.693399,0,35
23352,16:28:19,113.988602,22.6931,0,38
23352,16:28:49,113.9869,22.6929,0,11
23352,16:29:19,113.986397,22.691601,0,31
23352,16:29:49,113.987297,22.6887,0,40
23352,16:30:19,113.988403,22.686199,0,31
23352,16:31:19,113.988998,22.684999,0,33
23352,16:31:49,113.990097,22.6824,0,38
23352,16:32:21,113.991302,22.6796,0,51
23352,16:32:51,113.991302,22.677601,0,31
23352,16:33:49,113.990402,22.6772,1,14
23352,16:35:49,113.990501,22.6772,1,9
23352,16:36:48,113.9916,22.677601,1,16
23352,16:37:18,113.993103,22.675301,1,35
23352,16:38:18,113.9935,22.674,1,22
23352,16:38:48,113.995102,22.671301,1,50
23352,16:41:18,113.997299,22.67,1,25
23352,16:41:48,113.999298,22.667801,1,40
23352,16:42:18,114.001404,22.6656,1,31
23352,16:42:50,114.002701,22.662001,1,37
23352,16:44:20,114.004097,22.660999,1,33
23352,16:45:19,114.006302,22.660999,1,20
23352,16:47:50,114.007202,22.660999,1,9
23352,16:48:50,114.008598,22.661501,1,25
23352,16:49:50,114.0103,22.662701,1,12
23352,16:50:20,114.011902,22.6639,1,25
23352,16:50:50,114.013397,22.665199,1,27
23352,16:51:20,114.014397,22.6656,1,14
23352,16:53:21,114.0159,22.666,1,9
23352,16:53:51,114.017998,22.666599,1,33
23352,16:54:21,114.0196,22.6677,1,9
23352,16:54:50,114.020203,22.6681,1,22
23352,16:57:20,114.021004,22.668699,1,18
23352,16:58:51,114.022102,22.6695,1,11
23352,16:59:21,114.023201,22.6703,1,14
23352,17:06:51,114.024399,22.6712,1,3
23352,17:07:21,114.024597,22.671801,1,18
23352,17:07:53,114.025299,22.6721,1,5
23352,17:14:46,114.025299,22.672199,1,5
23352,17:16:15,114.025101,22.6719,1,22
23352,17:16:30,114.024399,22.671301,0,27
23352,17:17:00,114.0224,22.6698,0,5
23352,17:19:32,114.021202,22.669001,0,22
23352,17:20:01,114.019203,22.6674,0,40
23352,17:21:31,114.016296,22.6661,0,20
23352,17:22:01,114.013901,22.665501,0,24
23352,17:22:31,114.011597,22.6639,0,1
23352,17:23:01,114.011497,22.663799,0,16
23352,17:23:32,114.0103,22.6628,0,27
23352,17:24:02,114.009003,22.6618,0,18
23352,17:24:32,114.008102,22.661301,0,7
23352,17:25:02,114.006401,22.6611,0,16
23352,17:25:32,114.004303,22.6612,0,18
23352,17:27:02,114.003403,22.661301,0,12
23352,17:27:32,114.002403,22.6633,0,33
23352,17:28:02,114.001503,22.6656,0,33
23352,17:28:32,113.999603,22.6675,0,22
23352,17:30:02,113.999496,22.6675,0,16
23352,17:30:15,114.0,22.667,1,18
23352,17:30:45,114.000999,22.6661,1,24
23352,17:31:15,114.0019,22.6644,1,25
23352,17:31:45,114.0028,22.661699,1,29
23352,17:33:46,114.003197,22.6607,1,16
23352,17:34:16,114.003899,22.660101,1,7
23352,17:34:46,114.004997,22.659599,1,9
23352,17:35:46,114.005096,22.659201,1,12
23352,17:36:16,114.004898,22.658199,1,18
23352,17:36:46,114.004997,22.6565,1,16
23352,17:37:16,114.003899,22.6555,1,22
23352,17:38:46,114.003403,22.655199,1,12
23352,17:39:16,114.001404,22.654499,1,31
23352,17:39:46,113.999702,22.6539,1,1
23352,17:40:16,113.999496,22.6537,1,16
23352,17:40:46,114.0,22.651699,1,24
23352,17:45:18,113.999901,22.6523,1,33
23352,17:45:48,114.000298,22.6541,1,24
23352,17:46:18,114.002502,22.654699,1,20
23352,17:47:47,114.003304,22.6551,1,20
23352,17:48:17,114.004501,22.656,1,14
23352,17:48:47,114.005096,22.657101,1,24
23352,17:49:17,114.005302,22.6586,1,12
23352,17:49:47,114.006599,22.657801,1,16
23352,17:50:17,114.007599,22.658701,1,14
23352,17:50:47,114.007896,22.660299,1,9
23352,17:51:17,114.008797,22.661501,1,27
23352,17:51:47,114.009903,22.6623,1,7
23352,17:52:17,114.010201,22.6626,1,20
23352,17:52:47,114.011703,22.663799,1,22
23352,17:53:17,114.013603,22.6653,1,9
23352,17:53:49,114.014,22.665501,1,5
23352,17:54:19,114.014603,22.665701,1,16
23352,17:55:19,114.015404,22.6658,1,9
23352,17:55:48,114.016998,22.666201,1,18
23352,17:56:18,114.018402,22.6668,1,9
23352,17:56:48,114.019302,22.6674,1,9
23352,17:57:18,114.020203,22.667999,1,7
23352,17:59:48,114.0214,22.669001,1,46
23352,18:00:18,114.023598,22.670601,1,31
23352,18:02:18,114.024498,22.671301,1,16
23352,18:02:48,114.024002,22.672899,1,38
23352,18:03:18,114.024002,22.6745,1,20
23352,18:03:48,114.025299,22.674601,1,9
23352,18:04:20,114.026299,22.6735,1,16
23352,18:05:20,114.0261,22.6728,1,5
23352,18:10:20,114.025497,22.6724,1,9
23352,18:10:50,114.0252,22.6721,1,5
23352,18:11:20,114.024498,22.672001,1,12
23352,18:11:50,114.023399,22.673901,1,5
23352,18:13:20,114.022797,22.674801,1,25
23352,18:13:50,114.021896,22.677,1,18
23352,18:14:21,114.020897,22.678499,1,38
23352,18:14:50,114.017799,22.680099,1,40
23352,18:21:22,113.998802,22.6915,1,22
23352,18:21:52,113.998001,22.6924,1,3
23352,18:22:22,113.997597,22.692801,1,5
23352,18:24:21,113.996902,22.6924,1,9
23352,18:24:51,113.995697,22.6926,1,18
23352,18:25:21,113.994202,22.6926,1,11
23352,18:25:51,113.993301,22.693399,1,18
23352,18:26:21,113.990799,22.6933,1,51
23352,18:26:51,113.987297,22.6929,1,20
23352,18:28:51,113.985703,22.6929,1,42
23352,18:29:23,113.9832,22.6929,1,25
23352,18:29:52,113.979797,22.6929,1,46
23352,18:30:22,113.976501,22.6929,1,53
23352,18:30:52,113.972397,22.693701,1,50
23352,18:31:22,113.971298,22.695999,1,44
23352,18:31:52,113.968903,22.6964,1,40
23352,18:33:21,113.965202,22.700199,1,9
23352,18:33:51,113.965599,22.7013,1,24
23352,18:34:21,113.966003,22.7026,1,3
23352,18:34:52,113.965302,22.7027,1,11
23352,18:35:52,113.965599,22.7026,1,22
23352,18:36:22,113.965698,22.701599,1,9
23352,18:37:52,113.965302,22.7006,1,9
23352,18:38:22,113.964996,22.6996,1,29
23352,18:38:52,113.965103,22.698,1,24
23352,18:39:22,113.966003,22.695801,1,27
23352,18:39:54,113.968597,22.6964,1,25
23352,18:40:24,113.969803,22.6966,1,27
23352,18:40:54,113.971397,22.6959,1,31
23352,18:41:53,113.974197,22.6929,1,35
23352,18:42:23,113.9758,22.6929,1,29
23352,18:42:53,113.978798,22.6929,1,38
23352,18:43:23,113.981903,22.692801,1,33
23352,18:43:53,113.985199,22.692801,1,46
23352,18:44:23,113.986603,22.692101,1,12
23352,18:44:54,113.986397,22.6908,1,44
23352,18:45:24,113.987503,22.6884,1,29
23352,18:45:54,113.987999,22.6873,1,3
23352,18:46:24,113.988197,22.6866,1,20
23352,18:48:24,113.988998,22.6852,1,35
23352,18:48:54,113.990196,22.682301,1,29
23352,18:49:24,113.991096,22.6803,1,33
23352,18:49:55,113.991798,22.6782,1,14
23352,18:50:24,113.9907,22.677401,1,14
23352,18:50:54,113.989304,22.676901,1,9
23352,18:51:32,113.989304,22.6768,1,12
23352,18:53:32,113.987801,22.6759,1,35
23352,18:54:02,113.985703,22.6733,1,40
23352,18:54:32,113.9851,22.672701,1,16
23352,18:55:04,113.985497,22.6717,1,22
23352,18:55:34,113.987,22.670799,1,40
23352,18:56:04,113.989899,22.669001,1,37
23352,18:56:34,113.992203,22.667,1,20
23352,18:57:34,113.993698,22.665701,1,24
23352,18:58:03,113.995399,22.6642,1,29
23352,19:00:33,113.998199,22.6616,1,44
23352,19:01:03,113.999901,22.6593,1,37
23352,19:01:33,114.001701,22.656799,1,38
23352,19:02:03,114.002502,22.6549,1,20
23352,19:02:33,114.0009,22.654301,1,3
23352,19:03:03,114.001404,22.654301,1,24
23352,19:05:03,114.0037,22.655399,1,20
23352,19:05:33,114.005096,22.6563,1,7
23352,19:06:03,114.004898,22.6577,1,18
23352,19:06:33,114.005096,22.6584,1,9
23352,19:07:03,114.0056,22.6584,1,7
23352,19:07:33,114.0065,22.657801,1,9
23352,19:08:03,114.0075,22.658701,1,12
23352,19:08:33,114.008003,22.6605,1,24
23352,19:09:03,114.010002,22.6625,1,33
23352,19:09:33,114.011703,22.663799,1,24
23352,19:10:03,114.013397,22.665199,1,27
23352,19:12:02,114.014702,22.665701,1,35
23352,19:13:32,114.016701,22.6661,1,27
23352,19:14:02,114.019501,22.6675,1,44
23352,19:14:32,114.021698,22.669201,1,31
23352,19:15:02,114.023804,22.6707,1,9
23352,19:15:34,114.025101,22.6716,1,37
23352,19:16:04,114.027496,22.673401,1,31
23352,19:16:34,114.0289,22.6745,1,5
23352,19:17:04,114.029198,22.6747,1,11
23352,19:17:34,114.0298,22.6751,1,11
23352,19:21:03,114.030602,22.6758,1,9
23352,19:21:33,114.031403,22.677401,1,31
23352,19:22:03,114.031799,22.679001,1,16
23352,19:22:33,114.032303,22.6798,1,7
23352,19:23:03,114.0326,22.6803,1,20
23352,19:23:33,114.033897,22.683201,1,50
23352,19:24:03,114.035599,22.6852,1,37
23352,19:24:33,114.0373,22.6866,1,35
23352,19:25:03,114.039299,22.6875,1,31
23352,19:25:35,114.039001,22.6903,1,42
23352,19:26:35,114.040001,22.693899,1,1
23352,19:27:05,114.040199,22.694799,1,18
23352,19:27:35,114.040298,22.696301,1,35
23352,19:28:04,114.041801,22.6985,1,35
23352,19:28:34,114.042,22.7013,1,38
23352,19:29:04,114.042,22.703501,1,22
23352,19:29:34,114.041702,22.705,1,5
23352,19:31:36,114.0429,22.7059,1,42
23352,19:32:06,114.041801,22.7101,1,59
23352,19:33:06,114.0429,22.712,1,22
23352,19:33:36,114.045097,22.711201,1,24
23352,19:34:06,114.047401,22.709999,1,40
23352,19:34:36,114.050301,22.7087,1,25
23352,19:35:06,114.052902,22.7068,1,31
23352,19:35:36,114.055901,22.705,1,48
23352,19:36:06,114.059799,22.7059,1,62
23352,19:36:36,114.061699,22.708799,1,59
23352,19:37:06,114.063599,22.711901,1,14
23352,19:38:43,114.065399,22.7148,0,62
23352,19:40:13,114.064301,22.7174,0,33
23352,19:40:45,114.062202,22.720301,0,40
23352,19:42:14,114.061302,22.722799,0,20
23352,19:42:44,114.059998,22.723301,0,7
23352,19:46:44,114.058998,22.7236,0,7
23352,19:47:14,114.058601,22.724501,0,11
23352,19:47:44,114.058098,22.7255,0,12
23352,19:48:14,114.0578,22.726299,0,11
23352,19:48:44,114.0578,22.7267,0,7
23352,19:52:15,114.058296,22.7274,0,5
23352,19:53:15,114.059196,22.7285,0,11
23352,19:53:45,114.059799,22.729401,0,14
23352,19:54:45,114.061401,22.731899,0,16
23352,19:55:15,114.062302,22.7313,0,14
23352,19:55:45,114.059196,22.733801,0,31
23352,19:56:15,114.0541,22.733999,0,75
23352,19:56:45,114.047699,22.734301,0,72
23352,19:57:15,114.0411,22.7328,0,77
23352,19:57:45,114.0373,22.730301,0,22
23352,19:58:14,114.036499,22.729601,0,27
23352,19:58:44,114.034401,22.7281,0,42
23352,19:59:14,114.031303,22.727301,0,42
23352,19:59:44,114.027802,22.728399,0,38
23352,20:00:44,114.025299,22.729601,0,37
23352,20:01:16,114.022202,22.7311,0,50
23352,20:04:01,114.019997,22.732201,1,50
23352,20:04:31,114.0159,22.733801,1,55
23352,20:05:01,114.011299,22.7351,1,50
23352,20:05:31,114.007103,22.7353,1,62
23352,20:06:33,114.004997,22.734699,1,50
23352,20:07:03,113.999901,22.735001,1,68
23352,20:07:33,113.996201,22.7355,1,38
23352,20:08:03,113.992104,22.7356,1,46
23352,20:08:33,113.987999,22.735201,1,38
23352,20:09:32,113.987503,22.735201,1,14
23352,20:10:02,113.987396,22.7367,1,3
23352,20:12:41,113.987,22.7358,0,31
23352,20:13:11,113.990196,22.735201,0,72
23352,20:13:41,113.995499,22.735399,0,51
23352,20:14:41,113.998596,22.735001,0,48
23352,20:15:11,114.001602,22.7346,0,35
23352,20:16:11,114.005699,22.7348,0,27
23352,20:16:43,114.006401,22.735001,0,7
23352,20:17:13,114.006798,22.7351,0,5
23352,20:17:43,114.0075,22.7353,0,24
23352,20:18:13,114.011398,22.7349,0,62
23352,20:18:43,114.0158,22.7337,0,55
23352,20:19:13,114.019997,22.731899,0,53
23352,20:21:12,114.021301,22.7313,0,18
23352,20:21:42,114.023697,22.730101,0,16
23352,20:22:12,114.026901,22.7286,0,50
23352,20:22:42,114.030899,22.7271,0,59
23352,20:23:42,114.033997,22.7276,0,18
23352,20:24:12,114.036201,22.729099,0,35
23352,20:24:43,114.0401,22.732,0,72
23352,20:25:13,114.045303,22.7339,0,68
23352,20:25:43,114.050598,22.733999,0,62
23352,20:26:13,114.056702,22.7337,0,83
23352,20:26:43,114.061699,22.731899,0,42
23352,20:27:43,114.063797,22.728001,0,70
23352,20:28:13,114.065399,22.724199,0,35
23352,20:28:42,114.061699,22.723,0,37
23352,20:29:12,114.059601,22.7234,0,5
23352,20:29:43,114.0588,22.7236,0,18
23352,20:30:13,114.057899,22.7237,0,12
23352,20:31:13,114.055603,22.7232,0,22
23352,20:33:43,114.054398,22.7222,0,5
23352,20:38:14,114.052902,22.720699,0,9
23352,20:39:14,114.052498,22.720301,0,24
23352,20:39:45,114.050201,22.7183,0,38
23352,20:40:15,114.048203,22.7173,0,48
23352,20:40:45,114.045097,22.7162,0,48
23352,20:42:15,114.042503,22.715401,0,38
23352,20:42:45,114.040703,22.7152,0,20
23352,20:43:15,114.039902,22.716,0,14
23352,20:43:45,114.038803,22.7157,0,20
23352,20:44:15,114.037903,22.7152,0,9
23352,20:46:46,114.036598,22.715099,0,14
23352,20:47:15,114.0354,22.7148,0,18
23352,20:47:45,114.034302,22.7148,0,3
23352,20:48:15,114.033501,22.7145,0,5
23352,20:48:45,114.032997,22.714199,0,5
23352,20:49:15,114.031799,22.7136,0,25
23352,20:49:45,114.030296,22.7132,0,12
23352,20:50:16,114.027901,22.7131,0,29
23352,20:51:16,114.0289,22.712999,0,38
23352,20:51:46,114.031303,22.713499,0,29
23352,20:52:16,114.032799,22.714001,0,22
23352,20:53:16,114.033997,22.715,0,9
23352,21:07:17,114.033798,22.715099,0,3
23352,21:07:47,114.035202,22.7148,0,14
23352,21:08:17,114.036598,22.715,0,9
23352,21:10:19,114.036797,22.715099,0,18
23352,21:10:49,114.038101,22.7152,0,16
23352,21:11:19,114.039101,22.7157,0,11
23352,21:11:49,114.040199,22.716101,0,12
23352,21:12:49,114.040497,22.714701,0,24
23352,21:13:18,114.039703,22.7136,0,9
23352,21:13:48,114.041,22.714899,0,24
23352,21:15:49,114.043297,22.7155,0,18
23352,21:16:19,114.045601,22.7162,0,37
23352,21:16:49,114.047401,22.7169,0,18
23352,21:17:19,114.0495,22.717699,0,12
23352,21:18:19,114.0504,22.7183,0,5
23352,21:18:49,114.0513,22.7192,0,29
23352,21:19:19,114.052696,22.720501,0,7
23352,21:19:49,114.051102,22.719101,0,16
23352,21:34:20,114.0495,22.7178,0,24
23352,21:34:50,114.047501,22.716999,0,5
23352,21:35:20,114.045799,22.7164,0,29
23352,21:37:21,114.0438,22.7153,0,38
23352,21:38:21,114.0429,22.7125,0,25
23352,21:38:51,114.041603,22.709101,0,53
23352,21:39:20,114.042801,22.705999,0,35
23352,21:40:51,114.043198,22.7052,0,16
23352,21:41:21,114.044098,22.703199,0,33
23352,21:41:51,114.044197,22.701599,0,42
23352,21:42:21,114.044296,22.6985,0,11
23352,21:42:51,114.044403,22.6964,0,33
23352,21:43:21,114.044502,22.694,0,12
23352,21:43:51,114.044403,22.692499,0,37
23352,21:44:21,114.044296,22.6887,0,33
23352,21:44:51,114.044197,22.687401,0,33
23352,21:45:21,114.0439,22.6833,0,51
23352,21:46:33,114.043602,22.6798,1,48
23352,21:48:03,114.039803,22.674601,1,31
23352,21:48:32,114.038399,22.670799,1,46
23352,21:49:02,114.037201,22.6674,1,33
23352,21:49:32,114.034401,22.6681,1,44
23352,21:51:34,114.031303,22.6668,1,7
23352,22:06:34,114.031303,22.6663,1,1
23352,22:07:04,114.031197,22.6661,1,1
23352,22:07:34,114.030998,22.666401,1,3
23352,22:08:04,114.031303,22.6661,1,3
23352,22:21:38,114.030403,22.6653,1,9
23352,22:22:08,114.0308,22.665199,1,18
23352,22:22:38,114.032097,22.667601,1,33
23352,22:23:08,114.033401,22.6707,1,57
23352,22:24:38,114.034798,22.674,1,50
23352,22:25:37,114.035698,22.675699,1,25
23352,22:26:07,114.032997,22.677401,1,42
23352,22:26:37,114.032204,22.6796,1,61
23352,22:27:07,114.034103,22.684401,1,70
23352,22:27:37,114.035202,22.689199,1,59
23352,22:28:07,114.035896,22.6936,1,29
23352,22:29:07,114.035797,22.6943,1,20
23352,22:29:37,114.0355,22.6971,1,25
23352,22:30:07,114.036201,22.700399,1,44
23352,22:32:09,114.037399,22.7062,1,33
23352,22:32:39,114.033798,22.707701,1,59
23352,22:33:09,114.030998,22.7115,1,37
23352,22:33:38,114.0317,22.713499,1,38
23352,22:34:08,114.033997,22.714899,1,20
23352,22:34:38,114.031799,22.7167,1,42
23352,22:35:08,114.028099,22.718201,1,50
23352,22:35:38,114.024902,22.719801,1,53
23352,22:36:09,114.022301,22.722401,1,48
23352,22:36:39,114.021599,22.725401,1,29
23352,22:37:09,114.021301,22.7281,1,55
23352,22:37:39,114.021301,22.7314,1,25
23352,22:38:09,114.017403,22.733299,1,61
23352,22:38:39,114.012497,22.734699,1,77
23352,22:39:09,114.006599,22.7351,1,57
23352,22:40:09,114.005699,22.7348,1,12
23352,22:41:09,114.007896,22.7353,1,38
23352,22:41:40,114.012199,22.734699,1,55
23352,22:42:09,114.016998,22.733299,1,70
23352,22:42:39,114.021103,22.731501,1,5
23352,22:44:09,114.021301,22.731501,1,7
23352,22:44:39,114.0214,22.7327,1,12
23352,22:45:09,114.020897,22.7342,1,27
23352,22:45:39,114.019402,22.735901,1,24
23352,22:46:09,114.017998,22.7374,1,35
23352,22:46:40,114.017303,22.7393,1,14
23352,22:47:10,114.017097,22.740299,1,14
23352,22:47:40,114.016701,22.7423,1,29
23352,22:48:10,114.015503,22.743999,1,22
23352,22:48:40,114.0149,22.7449,1,35
23352,22:49:10,114.014297,22.746201,1,25
23352,22:49:40,114.013298,22.747,1,40
23352,22:50:10,114.010498,22.746201,1,14
23352,22:54:26,114.011299,22.746799,1,33
23352,22:54:56,114.013702,22.7472,1,22
23352,22:55:26,114.014503,22.745399,1,24
23352,22:55:56,114.0158,22.7435,1,33
23352,22:56:26,114.016701,22.7421,1,27
23352,22:56:57,114.017097,22.7402,1,35
23352,22:57:27,114.017303,22.7386,1,24
23352,22:57:57,114.018097,22.737301,1,24
23352,22:58:27,114.018997,22.7363,1,16
23352,22:58:57,114.020401,22.734699,1,31
23352,22:59:27,114.0214,22.733,1,9
23352,22:59:57,114.021004,22.731701,1,24
23352,23:00:27,114.017097,22.7334,1,59
23352,23:01:14,114.015503,22.7339,0,35
23352,23:01:45,114.010803,22.735201,0,62
23352,23:02:15,114.007797,22.7355,0,18
23352,23:02:45,114.005997,22.735001,0,40
23352,23:03:15,114.006104,22.7349,0,38
23352,23:15:47,114.009201,22.7353,0,5
23352,23:16:47,114.012299,22.7346,0,55
23352,23:17:17,114.017097,22.7332,0,64
23352,23:17:47,114.021202,22.731501,0,12
23352,23:18:17,114.0214,22.732401,0,12
23352,23:18:47,114.0214,22.7332,0,14
23352,23:19:17,114.021103,22.734301,0,5
23352,23:20:17,114.022202,22.735001,0,20
23352,23:20:47,114.0215,22.738001,0,48
23352,23:21:17,114.021004,22.741301,0,40
23352,23:21:47,114.019798,22.744801,0,48
23352,23:22:18,114.018402,22.747801,0,53
23352,23:22:48,114.016701,22.7486,0,9
23352,23:28:48,114.0168,22.748699,0,38
23352,23:29:18,114.018799,22.7467,0,51
23352,23:29:48,114.019997,22.744101,0,33
23352,23:30:18,114.021004,22.740601,0,51
23352,23:30:48,114.021599,22.736401,0,61
23352,23:31:23,114.022102,22.7351,1,16
23352,23:31:53,114.021103,22.7339,1,27
23352,23:32:24,114.0214,22.732401,1,7
23352,23:32:54,114.0205,22.731899,1,48
23352,23:33:24,114.016098,22.7337,1,68
23352,23:34:24,114.014503,22.733801,1,14
23352,23:34:54,114.011902,22.7334,1,37
23352,23:35:23,114.010201,22.733101,1,12
23352,23:36:23,114.009201,22.733,1,14
23352,23:36:26,114.009102,22.733,0,14
23352,23:36:56,114.008102,22.7328,0,14
23352,23:45:57,114.008499,22.7332,0,18
23352,23:46:27,114.0093,22.7339,0,9
23352,23:46:57,114.010803,22.733101,0,3
23352,23:47:44,114.012604,22.7335,1,29
23352,23:51:43,114.014702,22.7339,1,5
23352,23:52:13,114.017601,22.733101,1,51
23352,23:52:44,114.020599,22.731701,1,14
23352,23:53:14,114.0215,22.7313,1,24
23352,23:53:44,114.023499,22.730301,1,27
