30245,00:01:05,113.8564,22.573299,0,13
30245,00:01:35,113.857597,22.574301,0,26
30245,00:02:23,113.859802,22.576599,0,0
30245,00:03:53,113.865501,22.572001,0,0
30245,00:04:53,113.866997,22.5709,0,3
30245,00:05:23,113.867302,22.570601,0,19
30245,00:05:53,113.869797,22.5686,0,8
30245,00:06:23,113.870499,22.5681,0,3
30245,00:06:25,113.870499,22.5681,0,0
30245,00:07:25,113.874397,22.5707,0,32
30245,00:07:55,113.876297,22.5725,0,24
30245,00:08:25,113.879204,22.573799,0,25
30245,00:08:55,113.881699,22.5714,0,24
30245,00:11:25,113.890701,22.564501,0,26
30245,00:11:55,113.892799,22.565701,0,23
30245,00:12:26,113.894402,22.5646,0,6
30245,00:13:56,113.894096,22.5641,0,0
30245,00:14:26,113.894096,22.5641,0,0
30245,00:14:56,113.894096,22.5641,0,0
30245,00:16:26,113.894096,22.5641,0,0
30245,00:17:26,113.894096,22.5641,0,0
30245,00:18:26,113.894096,22.5641,0,0
30245,00:18:56,113.894096,22.5641,0,0
30245,00:19:26,113.894096,22.5641,0,0
30245,00:20:26,113.894096,22.5641,0,0
30245,00:21:26,113.894203,22.563999,0,0
30245,00:22:56,113.894203,22.563999,0,0
30245,00:24:56,113.894203,22.563999,0,0
30245,00:25:26,113.894203,22.563999,0,0
30245,00:25:56,113.894203,22.563999,0,0
30245,00:26:26,113.894203,22.563999,0,0
30245,00:27:26,113.894203,22.563999,0,0
30245,00:28:56,113.894203,22.563999,0,0
30245,00:29:26,113.894203,22.563999,0,0
30245,00:29:56,113.894203,22.5639,0,7
30245,00:30:26,113.894699,22.5627,0,14
30245,00:30:56,113.892998,22.561199,0,15
30245,00:31:26,113.891098,22.5595,0,13
30245,00:31:56,113.889801,22.559,0,0
30245,00:32:27,113.889801,22.559,0,0
30245,00:32:57,113.889801,22.559,0,0
30245,00:33:27,113.889801,22.559,0,0
30245,00:33:57,113.889801,22.559,0,0
30245,00:34:37,113.889801,22.559,0,0
30245,00:35:07,113.889801,22.559,0,0
30245,00:36:37,113.889801,22.559,0,0
30245,00:37:07,113.889801,22.559,0,0
30245,00:37:37,113.889801,22.559,0,0
30245,00:38:07,113.889397,22.559299,0,0
30245,00:38:37,113.889397,22.559299,0,0
30245,00:39:07,113.889397,22.559299,0,0
30245,00:39:37,113.889397,22.559299,0,0
30245,00:40:07,113.889397,22.559299,0,0
30245,00:40:49,113.887802,22.560801,0,20
30245,00:41:19,113.887199,22.5613,0,0
30245,00:41:49,113.8871,22.561399,0,0
30245,00:42:49,113.883797,22.564501,0,0
30245,00:43:49,113.883202,22.5644,0,22
30245,00:44:19,113.879303,22.561199,0,22
30245,00:44:49,113.876701,22.563101,0,7
30245,00:45:19,113.876701,22.563101,0,0
30245,00:45:24,113.876701,22.563101,0,0
30245,00:47:25,113.873901,22.559601,0,3
30245,00:47:55,113.873901,22.559601,0,0
30245,00:48:04,113.873901,22.559601,0,0
30245,00:48:34,113.874298,22.5613,0,31
30245,00:50:34,113.875198,22.571501,0,0
30245,00:52:34,113.884499,22.579599,0,31
30245,00:53:04,113.886002,22.58,0,17
30245,00:54:29,113.888901,22.577,0,21
30245,00:54:59,113.891701,22.578501,0,30
30245,00:55:29,113.8946,22.576599,0,39
30245,00:55:59,113.895798,22.575701,0,0
30245,00:56:29,113.895798,22.575701,0,0
30245,00:56:59,113.895798,22.575701,0,0
30245,00:57:35,113.895798,22.575701,0,0
30245,00:58:05,113.895699,22.5758,0,0
30245,00:59:05,113.898399,22.5728,0,29
30245,00:59:35,113.8993,22.572001,0,13
30245,01:00:35,113.906601,22.5783,0,36
30245,01:01:05,113.910301,22.581499,0,30
30245,01:02:11,113.914299,22.584801,0,0
30245,01:02:42,113.914299,22.584801,0,0
30245,01:03:42,113.913902,22.584999,0,0
30245,01:04:12,113.913696,22.5846,0,20
30245,01:04:42,113.910301,22.5816,0,28
30245,01:04:43,113.910202,22.5816,0,0
30245,01:06:13,113.902603,22.580999,0,25
30245,01:07:33,113.9002,22.5791,0,20
30245,01:08:03,113.898201,22.5774,0,16
30245,01:08:33,113.895798,22.5756,0,16
30245,01:09:03,113.8946,22.5767,0,0
30245,01:09:33,113.8946,22.5767,0,0
30245,01:10:09,113.8946,22.5767,0,0
30245,01:10:39,113.8946,22.5767,0,0
30245,01:11:09,113.8946,22.5767,0,0
30245,01:11:39,113.8946,22.5767,0,0
30245,01:12:09,113.8946,22.5767,0,0
30245,01:12:25,113.8946,22.5767,0,0
30245,01:12:55,113.892403,22.578699,0,14
30245,01:13:25,113.892303,22.578899,0,0
30245,01:13:55,113.890099,22.5772,0,29
30245,01:14:25,113.887703,22.578199,0,27
30245,01:15:25,113.885696,22.580299,0,0
30245,01:15:55,113.883904,22.5793,0,29
30245,01:16:26,113.879997,22.575899,0,33
30245,01:16:56,113.876701,22.573,0,29
30245,01:18:26,113.869499,22.569,0,26
30245,01:18:56,113.867104,22.570801,0,10
30245,01:19:26,113.865997,22.569401,0,0
30245,01:19:41,113.865997,22.569401,0,0
30245,01:20:11,113.864998,22.5681,0,14
30245,01:21:41,113.858299,22.5655,0,34
30245,01:23:11,113.8535,22.5695,0,17
30245,01:23:41,113.854897,22.571501,0,29
30245,01:24:41,113.856697,22.573601,0,4
30245,01:25:11,113.856598,22.5737,0,5
30245,01:25:41,113.854599,22.5751,0,10
30245,01:26:11,113.8554,22.574499,0,9
30245,01:28:42,113.850899,22.5721,0,15
30245,01:29:42,113.8536,22.575001,0,2
30245,01:30:12,113.854797,22.5749,0,19
30245,01:31:12,113.856499,22.5737,0,0
30245,01:31:42,113.858902,22.571699,0,24
30245,01:31:53,113.8591,22.5716,0,0
30245,01:32:23,113.861298,22.570101,0,21
30245,01:34:23,113.863602,22.568899,0,0
30245,01:34:53,113.864899,22.5707,0,20
30245,01:35:23,113.867203,22.573799,0,34
30245,01:35:53,113.870102,22.575399,0,32
30245,01:36:53,113.877403,22.5735,0,34
30245,01:38:23,113.879898,22.5756,0,28
30245,01:38:53,113.882698,22.5765,0,23
30245,01:39:53,113.890297,22.5695,0,45
30245,01:40:53,113.896004,22.569099,0,33
30245,01:41:53,113.899399,22.566601,0,0
30245,01:42:31,113.900803,22.5653,0,27
30245,01:43:01,113.899696,22.563299,0,26
30245,01:43:31,113.8993,22.562901,0,0
30245,01:45:01,113.895203,22.566799,0,19
30245,01:46:01,113.893799,22.5681,0,15
30245,01:47:31,113.894798,22.5744,0,18
30245,01:48:01,113.895798,22.575199,0,5
30245,01:49:01,113.895798,22.5758,0,0
30245,01:49:31,113.895798,22.5758,0,0
30245,01:50:01,113.895798,22.5758,0,0
30245,01:50:31,113.895798,22.5758,0,0
30245,01:51:01,113.895798,22.5758,0,0
30245,01:51:31,113.895798,22.5758,0,0
30245,01:52:11,113.895798,22.5758,0,0
30245,01:53:11,113.893204,22.573099,0,19
30245,01:53:41,113.895401,22.570601,0,23
30245,01:54:11,113.894798,22.568399,0,28
30245,01:54:41,113.891602,22.565901,0,32
30245,01:55:11,113.889,22.5644,0,22
30245,01:56:11,113.888397,22.568899,0,13
30245,01:56:41,113.888802,22.569201,0,12
30245,01:57:23,113.8899,22.569599,0,0
30245,01:57:53,113.8899,22.569599,0,0
30245,01:58:23,113.8899,22.569599,0,0
30245,01:59:53,113.893799,22.566601,0,24
30245,02:00:54,113.8983,22.567699,0,33
30245,02:01:24,113.899803,22.566099,0,21
30245,02:01:54,113.900703,22.565201,0,0
30245,02:02:24,113.900803,22.5651,0,9
30245,02:03:24,113.899597,22.5632,0,0
30245,02:03:54,113.898804,22.5632,0,5
30245,02:04:24,113.898399,22.563499,0,0
30245,02:04:54,113.897697,22.563999,0,17
30245,02:05:24,113.895897,22.566099,0,22
30245,02:06:24,113.892303,22.5695,0,1
30245,02:06:28,113.892303,22.5695,0,0
30245,02:06:58,113.890999,22.5711,0,11
30245,02:07:28,113.892998,22.5728,0,13
30245,02:07:58,113.895401,22.5749,0,17
30245,02:08:28,113.895798,22.575899,0,10
30245,02:09:28,113.895699,22.577499,0,0
30245,02:09:58,113.895699,22.577499,0,3
30245,02:10:28,113.895699,22.578699,0,1
30245,02:10:51,113.895699,22.578699,0,0
30245,02:11:21,113.895599,22.578699,0,4
30245,02:12:51,113.895699,22.577101,0,0
30245,02:13:21,113.895798,22.5763,0,4
30245,02:13:51,113.895798,22.575899,0,0
30245,02:14:21,113.895699,22.575701,0,0
30245,02:14:51,113.895699,22.575701,0,0
30245,02:15:21,113.895699,22.575701,0,0
30245,02:15:38,113.895699,22.575701,0,0
30245,02:16:08,113.8936,22.5777,0,31
30245,02:16:38,113.892502,22.578899,0,0
30245,02:17:08,113.8909,22.5805,0,30
30245,02:17:38,113.888802,22.583401,0,7
30245,02:18:08,113.886299,22.584999,0,37
30245,02:18:39,113.884598,22.5868,0,0
30245,02:19:09,113.884598,22.5868,0,0
30245,02:20:09,113.881104,22.5903,0,5
30245,02:20:39,113.880402,22.5909,0,25
30245,02:22:09,113.878098,22.593201,0,30
30245,02:22:39,113.874496,22.5968,0,30
30245,02:23:09,113.873802,22.597401,0,13
30245,02:24:52,113.8741,22.597,0,21
30245,02:25:22,113.8769,22.5942,0,9
30245,02:26:22,113.877197,22.5944,0,0
30245,02:26:52,113.877197,22.5944,0,0
30245,02:27:22,113.877197,22.5944,0,0
30245,02:27:52,113.877197,22.5944,0,0
30245,02:28:22,113.877197,22.5944,0,0
30245,02:28:52,113.877197,22.5944,0,0
30245,02:29:52,113.877197,22.5944,0,0
30245,02:30:53,113.877197,22.5944,0,0
30245,02:31:23,113.877197,22.5944,0,0
30245,02:31:53,113.877197,22.5944,0,0
30245,02:32:23,113.877197,22.5944,0,0
30245,02:32:53,113.877197,22.5944,0,0
30245,02:33:23,113.877197,22.5944,0,0
30245,02:33:53,113.877197,22.5944,0,0
30245,02:34:23,113.877197,22.5944,0,0
30245,02:34:53,113.877197,22.5944,0,0
30245,02:35:23,113.877197,22.5944,0,0
30245,02:35:53,113.877197,22.5944,0,0
30245,02:36:23,113.877998,22.593399,0,15
30245,02:36:53,113.879898,22.592899,0,23
30245,02:37:23,113.880898,22.5942,0,0
30245,02:37:53,113.880898,22.5942,0,0
30245,02:38:23,113.880898,22.5942,0,0
30245,02:38:53,113.880898,22.5942,0,0
30245,02:39:23,113.880898,22.5942,0,0
30245,02:39:53,113.880898,22.5942,0,0
30245,02:40:24,113.880798,22.593,0,18
30245,02:41:24,113.879097,22.5924,0,14
30245,02:42:24,113.889,22.593201,0,15
30245,02:43:54,113.8909,22.5917,0,0
30245,02:44:24,113.8909,22.5917,0,0
30245,02:45:24,113.8909,22.5917,0,0
30245,02:45:54,113.8909,22.5917,0,0
30245,02:46:24,113.8909,22.5917,0,0
30245,02:46:54,113.8909,22.5917,0,0
30245,02:47:24,113.8909,22.5917,0,0
30245,02:48:24,113.8909,22.5917,0,0
30245,02:48:54,113.8909,22.5917,0,0
30245,02:49:24,113.8909,22.5917,0,0
30245,02:49:54,113.8909,22.5917,0,0
30245,02:50:54,113.8909,22.5917,0,0
30245,02:51:24,113.8909,22.5917,0,0
30245,02:51:54,113.8909,22.5917,0,0
30245,02:52:24,113.8909,22.5917,0,0
30245,02:52:54,113.8909,22.5917,0,0
30245,02:53:24,113.8909,22.5917,0,0
30245,02:53:54,113.8909,22.5917,0,0
30245,02:54:25,113.8909,22.5917,0,0
30245,02:54:55,113.891296,22.5919,0,0
30245,02:55:25,113.891296,22.5919,0,0
30245,02:55:55,113.891296,22.5919,0,0
30245,02:56:25,113.891296,22.5919,0,0
30245,02:56:55,113.891296,22.5919,0,0
30245,02:57:55,113.891296,22.5919,0,0
30245,02:58:55,113.891296,22.5919,0,0
30245,03:00:25,113.891296,22.5919,0,0
30245,03:00:55,113.891296,22.5919,0,0
30245,03:01:55,113.891296,22.5919,0,0
30245,03:02:55,113.891296,22.5919,0,0
30245,03:03:25,113.891296,22.5919,0,0
30245,03:03:55,113.891296,22.5919,0,0
30245,03:04:25,113.891296,22.5919,0,0
30245,03:04:55,113.891296,22.5919,0,0
30245,03:05:25,113.891296,22.5919,0,0
30245,03:05:55,113.891296,22.5919,0,0
30245,03:06:25,113.891296,22.5919,0,0
30245,03:07:25,113.891296,22.5919,0,0
30245,03:08:25,113.891296,22.5919,0,0
30245,03:08:55,113.891296,22.5919,0,0
30245,03:09:25,113.891296,22.5919,0,0
30245,03:09:55,113.891296,22.5919,0,0
30245,03:10:55,113.891296,22.5919,0,0
30245,03:11:25,113.891296,22.5919,0,0
30245,03:11:55,113.891296,22.5919,0,0
30245,03:12:25,113.891296,22.5919,0,0
30245,03:12:55,113.891296,22.5919,0,0
30245,03:14:25,113.891296,22.5919,0,0
30245,03:14:55,113.891296,22.5919,0,0
30245,03:15:55,113.891296,22.5919,0,0
30245,03:16:26,113.891296,22.5919,0,0
30245,03:16:56,113.891296,22.5919,0,0
30245,03:17:56,113.891296,22.5919,0,0
30245,03:18:26,113.891296,22.5919,0,0
30245,03:19:26,113.891296,22.5919,0,0
30245,03:19:56,113.891296,22.5919,0,0
30245,03:20:26,113.891296,22.5919,0,0
30245,03:20:56,113.891296,22.5919,0,0
30245,03:21:26,113.891296,22.5919,0,0
30245,03:21:56,113.891296,22.5919,0,0
30245,03:22:26,113.891296,22.5919,0,0
30245,03:22:56,113.891296,22.5919,0,0
30245,03:23:56,113.891296,22.5919,0,0
30245,03:24:26,113.891296,22.5919,0,0
30245,03:25:56,113.891296,22.5919,0,0
30245,03:26:26,113.891296,22.5919,0,0
30245,03:26:56,113.891296,22.5919,0,0
30245,03:27:26,113.891296,22.5919,0,0
30245,03:28:26,113.891296,22.5919,0,0
30245,03:29:56,113.891296,22.5919,0,0
30245,03:30:26,113.891296,22.5919,0,0
30245,03:31:26,113.891296,22.5919,0,0
30245,03:32:26,113.891296,22.5919,0,0
30245,03:32:56,113.891296,22.5919,0,0
30245,03:34:56,113.891296,22.5919,0,0
30245,03:35:56,113.891296,22.5919,0,0
30245,03:36:26,113.891296,22.5919,0,0
30245,03:37:26,113.891296,22.5919,0,0
30245,03:37:56,113.891296,22.5919,0,0
30245,03:38:26,113.891296,22.5919,0,0
30245,03:39:26,113.891296,22.5919,0,0
30245,03:39:56,113.891296,22.5919,0,0
30245,03:40:26,113.891296,22.5919,0,0
30245,03:40:56,113.891296,22.5919,0,0
30245,03:41:56,113.891296,22.5919,0,0
30245,03:42:56,113.891296,22.5919,0,0
30245,03:43:26,113.891296,22.5919,0,0
30245,03:44:57,113.891296,22.5919,0,0
30245,03:45:27,113.891296,22.5919,0,0
30245,03:45:57,113.891296,22.5919,0,0
30245,03:46:27,113.891296,22.5919,0,0
30245,03:46:57,113.891296,22.5919,0,0
30245,03:47:27,113.891296,22.5919,0,0
30245,03:48:27,113.891296,22.5919,0,0
30245,03:49:27,113.891296,22.5919,0,0
30245,03:50:27,113.891296,22.5919,0,0
30245,03:51:27,113.891296,22.5919,0,0
30245,03:51:57,113.891296,22.5919,0,0
30245,03:52:57,113.891296,22.5919,0,0
30245,03:53:57,113.891296,22.5919,0,0
30245,03:54:57,113.891296,22.5919,0,0
30245,03:56:57,113.891296,22.5919,0,0
30245,03:57:27,113.891296,22.5919,0,0
30245,03:57:57,113.891296,22.5919,0,0
30245,03:58:27,113.891296,22.5919,0,0
30245,03:58:57,113.891296,22.5919,0,0
30245,03:59:27,113.891296,22.5919,0,0
30245,03:59:57,113.891296,22.5919,0,0
30245,04:00:27,113.891296,22.5919,0,0
30245,04:00:57,113.891296,22.5919,0,0
30245,04:02:27,113.891296,22.5919,0,0
30245,04:02:57,113.891296,22.5919,0,0
30245,04:03:27,113.891296,22.5919,0,0
30245,04:03:57,113.891296,22.5919,0,0
30245,04:04:27,113.891296,22.5919,0,0
30245,04:05:57,113.891296,22.5919,0,0
30245,04:06:28,113.891296,22.5919,0,0
30245,04:06:58,113.891296,22.5919,0,0
30245,04:07:58,113.891296,22.5919,0,0
30245,04:08:28,113.891296,22.5919,0,0
30245,04:09:58,113.891296,22.5919,0,0
30245,04:10:28,113.891296,22.5919,0,0
30245,04:11:28,113.891296,22.5919,0,0
30245,04:11:58,113.891296,22.5919,0,0
30245,04:12:28,113.891296,22.5919,0,0
30245,04:12:58,113.891296,22.5919,0,0
30245,04:13:28,113.891296,22.5919,0,0
30245,04:13:58,113.891296,22.5919,0,0
30245,04:14:28,113.891296,22.5919,0,0
30245,04:15:58,113.891296,22.5919,0,0
30245,04:16:28,113.891296,22.5919,0,0
30245,04:16:58,113.891296,22.5919,0,0
30245,04:17:28,113.891296,22.5919,0,0
30245,04:17:58,113.891296,22.5919,0,0
30245,04:18:58,113.891296,22.5919,0,0
30245,04:20:28,113.891296,22.5919,0,0
30245,04:20:58,113.891296,22.5919,0,0
30245,04:21:28,113.891296,22.5919,0,0
30245,04:21:58,113.891296,22.5919,0,0
30245,04:22:28,113.891296,22.5919,0,0
30245,04:23:28,113.891296,22.5919,0,0
30245,04:24:28,113.891296,22.5919,0,0
30245,04:24:58,113.891296,22.5919,0,0
30245,04:25:28,113.891296,22.5919,0,0
30245,04:25:58,113.891296,22.5919,0,0
30245,04:26:58,113.891296,22.5919,0,0
30245,04:27:28,113.891296,22.5919,0,0
30245,04:27:58,113.891296,22.5919,0,0
30245,04:28:28,113.891296,22.5919,0,0
30245,04:28:58,113.891296,22.5919,0,0
30245,04:29:58,113.891296,22.5919,0,0
30245,04:30:28,113.891296,22.5919,0,0
30245,04:30:58,113.891296,22.5919,0,0
30245,04:31:28,113.891296,22.5919,0,0
30245,04:31:58,113.891296,22.5919,0,0
30245,04:32:29,113.891296,22.5919,0,0
30245,04:32:59,113.891296,22.5919,0,0
30245,04:33:29,113.891296,22.5919,0,0
30245,04:33:59,113.891296,22.5919,0,0
30245,04:34:59,113.891296,22.5919,0,0
30245,04:35:59,113.891296,22.5919,0,0
30245,04:36:29,113.891296,22.5919,0,0
30245,04:36:59,113.891296,22.5919,0,0
30245,04:37:29,113.891296,22.5919,0,0
30245,04:38:59,113.891296,22.5919,0,0
30245,04:39:29,113.891296,22.5919,0,0
30245,04:43:29,113.891296,22.5919,0,0
30245,04:43:59,113.891296,22.5919,0,0
30245,04:44:59,113.891296,22.5919,0,0
30245,04:45:29,113.891296,22.5919,0,0
30245,04:45:59,113.891296,22.5919,0,0
30245,04:46:29,113.891296,22.5919,0,0
30245,04:46:59,113.891296,22.5919,0,0
30245,04:47:59,113.891296,22.5919,0,0
30245,04:48:59,113.891296,22.5919,0,0
30245,04:49:59,113.891296,22.5919,0,0
30245,04:50:29,113.891296,22.5919,0,0
30245,04:50:59,113.891296,22.5919,0,0
30245,04:51:29,113.891296,22.5919,0,0
30245,04:51:59,113.891296,22.5919,0,0
30245,04:52:29,113.891296,22.5919,0,0
30245,04:53:59,113.891296,22.5919,0,0
30245,04:54:30,113.891296,22.5919,0,0
30245,04:55:00,113.891296,22.5919,0,0
30245,04:55:30,113.891296,22.5919,0,0
30245,04:56:00,113.891296,22.5919,0,0
30245,04:56:30,113.891296,22.5919,0,0
30245,04:57:00,113.891296,22.5919,0,0
30245,04:57:30,113.891296,22.5919,0,0
30245,04:58:30,113.891296,22.5919,0,0
30245,04:59:00,113.891296,22.5919,0,0
30245,04:59:30,113.891296,22.5919,0,0
30245,05:00:30,113.891296,22.5919,0,0
30245,05:01:00,113.891296,22.5919,0,0
30245,05:01:30,113.891296,22.5919,0,0
30245,05:03:30,113.891296,22.5919,0,0
30245,05:04:30,113.891296,22.5919,0,0
30245,05:05:00,113.891296,22.5919,0,0
30245,05:05:30,113.891296,22.5919,0,0
30245,05:06:30,113.891296,22.5919,0,0
30245,05:07:00,113.891296,22.5919,0,0
30245,05:08:00,113.891296,22.5919,0,0
30245,05:09:00,113.891296,22.5919,0,0
30245,05:10:00,113.891296,22.5919,0,0
30245,05:10:30,113.891296,22.5919,0,0
30245,05:11:00,113.891296,22.5919,0,0
30245,05:11:30,113.891296,22.5919,0,0
30245,05:12:30,113.891296,22.5919,0,0
30245,05:13:00,113.891296,22.5919,0,0
30245,05:13:30,113.891296,22.5919,0,0
30245,05:14:00,113.891296,22.5919,0,0
30245,05:14:31,113.891296,22.5919,0,0
30245,05:16:01,113.891296,22.5919,0,0
30245,05:16:31,113.891296,22.5919,0,0
30245,05:17:01,113.891296,22.5919,0,0
30245,05:17:31,113.891296,22.5919,0,0
30245,05:18:01,113.891296,22.5919,0,0
30245,05:19:01,113.891296,22.5919,0,0
30245,05:19:31,113.891296,22.5919,0,0
30245,05:20:01,113.891296,22.5919,0,0
30245,05:20:31,113.891296,22.5919,0,0
30245,05:21:01,113.891296,22.5919,0,0
30245,05:22:01,113.891296,22.5919,0,0
30245,05:22:31,113.891296,22.5919,0,0
30245,05:23:01,113.891296,22.5919,0,0
30245,05:23:31,113.891296,22.5919,0,0
30245,05:24:01,113.891296,22.5919,0,0
30245,05:25:01,113.891296,22.5919,0,0
30245,05:26:01,113.891296,22.5919,0,0
30245,05:26:31,113.891296,22.5919,0,0
30245,05:27:01,113.891296,22.5919,0,0
30245,05:27:31,113.891296,22.5919,0,0
30245,05:28:01,113.891296,22.5919,0,0
30245,05:28:31,113.891296,22.5919,0,0
30245,05:29:01,113.891296,22.5919,0,0
30245,05:29:31,113.891296,22.5919,0,0
30245,05:30:01,113.891296,22.5919,0,0
30245,05:30:31,113.891296,22.5919,0,0
30245,05:31:01,113.891296,22.5919,0,0
30245,05:31:31,113.891296,22.5919,0,0
30245,05:32:01,113.891296,22.5919,0,0
30245,05:32:31,113.891296,22.5919,0,0
30245,05:33:31,113.891296,22.5919,0,0
30245,05:34:01,113.891296,22.5919,0,0
30245,05:35:01,113.891296,22.5919,0,0
30245,05:35:31,113.891296,22.5919,0,0
30245,05:36:01,113.891296,22.5919,0,0
30245,05:37:02,113.891296,22.5919,0,0
30245,05:37:32,113.891296,22.5919,0,0
30245,05:38:02,113.891296,22.5919,0,0
30245,05:39:02,113.891296,22.5919,0,0
30245,05:40:02,113.891296,22.5919,0,0
30245,05:41:02,113.891296,22.5919,0,0
30245,05:41:32,113.891296,22.5919,0,0
30245,05:43:02,113.891296,22.5919,0,0
30245,05:43:32,113.891296,22.5919,0,0
30245,05:44:02,113.891296,22.5919,0,0
30245,05:45:02,113.891296,22.5919,0,0
30245,05:45:32,113.891296,22.5919,0,0
30245,05:46:02,113.891296,22.5919,0,0
30245,05:46:32,113.891296,22.5919,0,0
30245,05:47:02,113.891296,22.5919,0,0
30245,05:47:32,113.891296,22.5919,0,0
30245,05:48:02,113.891296,22.5919,0,0
30245,05:49:02,113.891296,22.5919,0,0
30245,05:49:32,113.891296,22.5919,0,0
30245,05:50:32,113.891296,22.5919,0,0
30245,05:51:32,113.891296,22.5919,0,0
30245,05:52:02,113.891296,22.5919,0,0
30245,05:52:32,113.891296,22.5919,0,0
30245,05:53:32,113.891296,22.5919,0,0
30245,05:55:02,113.891296,22.5919,0,0
30245,05:55:32,113.891296,22.5919,0,0
30245,05:56:02,113.891296,22.5919,0,0
30245,05:56:32,113.891296,22.5919,0,0
30245,05:57:02,113.891296,22.5919,0,0
30245,05:57:32,113.891296,22.5919,0,0
30245,05:58:02,113.891296,22.5919,0,0
30245,05:58:32,113.891296,22.5919,0,0
30245,05:59:02,113.891296,22.5919,0,0
30245,06:01:02,113.891296,22.5919,0,0
30245,06:02:32,113.891296,22.5919,0,0
30245,06:03:02,113.891296,22.5919,0,0
30245,06:04:02,113.891296,22.5919,0,0
30245,06:05:03,113.891296,22.5919,0,0
30245,06:06:33,113.891296,22.5919,0,0
30245,06:07:03,113.891296,22.5919,0,0
30245,06:07:33,113.891296,22.5919,0,0
30245,06:08:33,113.891296,22.5919,0,0
30245,06:09:03,113.891296,22.5919,0,0
30245,06:09:33,113.891296,22.5919,0,0
30245,06:10:33,113.891296,22.5919,0,0
30245,06:11:33,113.891296,22.5919,0,0
30245,06:12:03,113.891296,22.5919,0,0
30245,06:13:33,113.891296,22.5919,0,0
30245,06:14:03,113.891296,22.5919,0,0
30245,06:14:33,113.891296,22.5919,0,0
30245,06:15:03,113.891296,22.5919,0,0
30245,06:15:33,113.891296,22.5919,0,0
30245,06:16:03,113.891296,22.5919,0,0
30245,06:16:33,113.891296,22.5919,0,0
30245,06:17:03,113.891296,22.5919,0,0
30245,06:17:33,113.891296,22.5919,0,0
30245,06:18:03,113.891296,22.5919,0,0
30245,06:19:03,113.891296,22.5919,0,0
30245,06:20:03,113.891296,22.5919,0,0
30245,06:20:33,113.891296,22.5919,0,0
30245,06:21:33,113.891296,22.5919,0,0
30245,06:22:33,113.891296,22.5919,0,0
30245,06:23:33,113.891296,22.5919,0,0
30245,06:24:03,113.891296,22.5919,0,0
30245,06:24:34,113.891296,22.5919,0,0
30245,06:25:04,113.891296,22.5919,0,0
30245,06:25:34,113.891296,22.5919,0,0
30245,06:26:04,113.891296,22.5919,0,0
30245,06:26:34,113.891296,22.5919,0,0
30245,06:28:04,113.891296,22.5919,0,0
30245,06:28:34,113.891296,22.5919,0,0
30245,06:29:04,113.891296,22.5919,0,0
30245,06:31:04,113.891296,22.5919,0,0
30245,06:33:34,113.891296,22.5919,0,0
30245,06:34:04,113.891296,22.5919,0,0
30245,06:35:04,113.891296,22.5919,0,0
30245,06:35:34,113.891296,22.5919,0,0
30245,06:37:04,113.891296,22.5919,0,0
30245,06:37:34,113.891296,22.5919,0,0
30245,06:38:04,113.891296,22.5919,0,0
30245,06:38:34,113.891296,22.5919,0,0
30245,06:39:04,113.891296,22.5919,0,0
30245,06:39:34,113.891296,22.5919,0,0
30245,06:40:04,113.891296,22.5919,0,0
30245,06:40:34,113.891296,22.5919,0,0
30245,06:41:04,113.891296,22.5919,0,0
30245,06:41:34,113.891296,22.5919,0,0
30245,06:42:04,113.891296,22.5919,0,0
30245,06:43:34,113.891296,22.5919,0,0
30245,06:44:04,113.891296,22.5919,0,0
30245,06:44:34,113.891296,22.5919,0,0
30245,06:45:04,113.891296,22.5919,0,0
30245,06:45:34,113.891296,22.5919,0,0
30245,06:46:04,113.891296,22.5919,0,0
30245,06:46:34,113.891296,22.5919,0,0
30245,06:47:04,113.891296,22.5919,0,0
30245,06:47:34,113.891296,22.5919,0,0
30245,06:48:35,113.891296,22.5919,0,0
30245,06:49:35,113.891296,22.5919,0,0
30245,06:50:05,113.891296,22.5919,0,0
30245,06:50:35,113.891296,22.5919,0,0
30245,06:51:05,113.891296,22.5919,0,0
30245,06:52:05,113.891296,22.5919,0,0
30245,06:52:35,113.891296,22.5919,0,0
30245,06:55:05,113.891296,22.5919,0,0
30245,06:55:35,113.891296,22.5919,0,0
30245,06:56:05,113.891296,22.5919,0,0
30245,06:58:05,113.891296,22.5919,0,0
30245,06:59:35,113.891296,22.5919,0,0
30245,07:00:05,113.891296,22.5919,0,0
30245,07:01:05,113.891296,22.5919,0,0
30245,07:01:35,113.891296,22.5919,0,0
30245,07:02:05,113.891296,22.5919,0,0
30245,07:03:05,113.891296,22.5919,0,0
30245,07:03:35,113.891296,22.5919,0,0
30245,07:04:35,113.891296,22.5919,0,0
30245,07:05:35,113.891296,22.5919,0,0
30245,07:07:05,113.891296,22.5919,0,0
30245,07:07:35,113.891296,22.5919,0,0
30245,07:08:05,113.891296,22.5919,0,0
30245,07:08:35,113.891296,22.5919,0,0
30245,07:09:35,113.891296,22.5919,0,0
30245,07:11:35,113.891296,22.5919,0,0
30245,07:12:05,113.891296,22.5919,0,0
30245,07:12:36,113.891296,22.5919,0,0
30245,07:13:06,113.891296,22.5919,0,0
30245,07:13:36,113.891296,22.5919,0,0
30245,07:14:06,113.891296,22.5919,0,0
30245,07:15:06,113.891296,22.5919,0,0
30245,07:15:36,113.891296,22.5919,0,0
30245,07:16:06,113.891296,22.5919,0,0
30245,07:16:36,113.891296,22.5919,0,0
30245,07:17:06,113.891296,22.5919,0,0
30245,07:17:36,113.891296,22.5919,0,0
30245,07:19:36,113.891296,22.5919,0,0
30245,07:20:06,113.891296,22.5919,0,0
30245,07:20:36,113.891296,22.5919,0,0
30245,07:21:06,113.891296,22.5919,0,0
30245,07:21:36,113.891296,22.5919,0,0
30245,07:22:06,113.891296,22.5919,0,0
30245,07:23:36,113.891296,22.5919,0,0
30245,07:24:36,113.891296,22.5919,0,0
30245,07:25:06,113.891296,22.5919,0,0
30245,07:26:06,113.891502,22.591499,0,0
30245,07:26:36,113.891502,22.591499,0,0
30245,07:27:36,113.891502,22.591499,0,0
30245,07:28:06,113.891502,22.591499,0,1
30245,07:28:36,113.891502,22.591499,0,0
30245,07:29:06,113.891502,22.591499,0,0
30245,07:29:36,113.891502,22.591499,0,0
30245,07:30:06,113.891502,22.591499,0,0
30245,07:31:07,113.891502,22.591499,0,0
30245,07:32:07,113.891502,22.591499,0,0
30245,07:32:37,113.891403,22.5917,0,0
30245,07:33:07,113.891403,22.5917,0,0
30245,07:33:37,113.891403,22.5917,0,0
30245,07:34:07,113.891403,22.5917,0,0
30245,07:35:37,113.891403,22.5917,0,0
30245,07:36:07,113.891403,22.5917,0,0
30245,07:36:37,113.891403,22.5917,0,0
30245,07:37:07,113.891403,22.5917,0,0
30245,07:37:37,113.891403,22.5917,0,0
30245,07:38:07,113.891403,22.5917,0,0
30245,07:39:37,113.891403,22.5917,0,0
30245,07:40:37,113.891403,22.5917,0,0
30245,07:41:07,113.891403,22.5917,0,0
30245,07:42:07,113.891403,22.5917,0,0
30245,07:42:37,113.891403,22.5917,0,0
30245,07:43:07,113.891403,22.5917,0,0
30245,07:43:37,113.891403,22.5917,0,0
30245,07:44:07,113.891403,22.5917,0,0
30245,07:44:37,113.891403,22.5917,0,0
30245,07:45:07,113.891403,22.5917,0,0
30245,07:46:07,113.891403,22.5917,0,0
30245,07:46:37,113.891403,22.5917,0,0
30245,07:47:07,113.891502,22.591801,0,0
30245,07:47:37,113.891502,22.591801,0,0
30245,07:48:07,113.891502,22.591801,0,0
30245,07:49:07,113.891502,22.591801,0,0
30245,07:49:37,113.891502,22.591801,0,0
30245,07:50:07,113.891502,22.591801,0,0
30245,07:50:37,113.891502,22.591801,0,0
30245,07:51:07,113.891502,22.591801,0,0
30245,07:51:37,113.891502,22.591801,0,0
30245,07:52:07,113.891502,22.591801,0,0
30245,07:53:07,113.891502,22.591801,0,0
30245,07:53:37,113.891502,22.591801,0,0
30245,07:56:08,113.891502,22.591801,0,0
30245,07:56:38,113.891502,22.591801,0,0
30245,07:57:38,113.891502,22.591801,0,0
30245,07:58:08,113.891502,22.591801,0,0
30245,07:58:38,113.891502,22.591801,0,0
30245,07:59:08,113.891502,22.591801,0,0
30245,07:59:38,113.891502,22.591801,0,0
30245,08:00:08,113.891502,22.591801,0,0
30245,08:00:38,113.891502,22.591801,0,0
30245,08:01:08,113.891296,22.5919,0,6
30245,08:01:38,113.890198,22.5921,0,8
30245,08:02:38,113.891403,22.593399,0,0
30245,08:03:08,113.891403,22.593399,0,2
30245,08:03:38,113.891998,22.5938,0,11
30245,08:04:38,113.883598,22.593201,0,27
30245,08:05:38,113.880798,22.594299,0,3
30245,08:06:08,113.880798,22.594299,0,0
30245,08:06:38,113.880798,22.594299,0,0
30245,08:07:08,113.880798,22.594299,0,0
30245,08:07:38,113.880798,22.594299,0,0
30245,08:08:08,113.880798,22.594299,0,0
30245,08:09:38,113.880798,22.594299,0,0
30245,08:10:08,113.880798,22.594299,0,0
30245,08:10:38,113.880798,22.594299,0,0
30245,08:11:08,113.880798,22.594299,0,0
30245,08:11:38,113.880798,22.594299,0,0
30245,08:12:08,113.880798,22.594299,0,0
30245,08:12:38,113.880798,22.594299,0,0
30245,08:13:38,113.881104,22.5935,0,9
30245,08:14:40,113.8797,22.592699,0,0
30245,08:15:40,113.8797,22.592699,0,0
30245,08:16:10,113.8797,22.592699,0,0
30245,08:17:10,113.879402,22.592699,0,0
30245,08:17:40,113.879204,22.5926,0,0
30245,08:18:10,113.879204,22.5926,0,0
30245,08:18:40,113.879204,22.5926,0,0
30245,08:19:10,113.879204,22.5926,0,0
30245,08:19:40,113.879204,22.5926,0,0
30245,08:20:10,113.879204,22.5926,0,0
30245,08:20:40,113.878998,22.5921,0,17
30245,08:21:10,113.880501,22.5905,0,0
30245,08:21:16,113.880501,22.590401,0,0
30245,08:21:46,113.878197,22.588301,0,20
30245,08:22:16,113.8797,22.5861,0,19
30245,08:22:46,113.8815,22.5842,0,12
30245,08:23:16,113.882401,22.583,0,3
30245,08:23:46,113.883499,22.5821,0,4
30245,08:24:16,113.884201,22.581499,0,9
30245,08:24:46,113.885002,22.580099,0,10
30245,08:25:16,113.882896,22.5784,0,20
30245,08:25:46,113.880402,22.5762,0,20
30245,08:26:16,113.879402,22.5753,0,0
30245,08:26:46,113.879303,22.575199,0,0
30245,08:27:16,113.879303,22.5751,0,13
30245,08:27:46,113.881401,22.5769,0,15
30245,08:28:16,113.883003,22.5763,0,12
30245,08:28:46,113.884003,22.575399,0,13
30245,08:29:16,113.885399,22.5741,0,12
30245,08:29:46,113.886597,22.573,0,11
30245,08:30:16,113.887802,22.571899,0,19
30245,08:30:46,113.889603,22.5702,0,7
30245,08:31:16,113.890297,22.5695,0,4
30245,08:31:46,113.8908,22.569,0,4
30245,08:32:16,113.892197,22.567499,0,32
30245,08:32:46,113.895203,22.564199,0,32
30245,08:33:16,113.899002,22.5613,0,33
30245,08:35:58,113.903297,22.558001,0,27
30245,08:36:28,113.900497,22.5604,0,22
30245,08:36:58,113.898697,22.562,0,6
30245,08:37:28,113.899002,22.562599,0,0
30245,08:37:58,113.899002,22.562599,0,0
30245,08:38:28,113.899002,22.5627,0,7
30245,08:38:58,113.897903,22.5639,0,11
30245,08:39:28,113.897202,22.5646,0,0
30245,08:39:58,113.895897,22.566,0,19
30245,08:40:28,113.894798,22.567101,0,10
30245,08:40:58,113.894798,22.568001,0,5
30245,08:41:28,113.895798,22.5688,0,17
30245,08:41:58,113.897301,22.568701,0,17
30245,08:43:28,113.900497,22.567499,0,0
30245,08:44:15,113.899498,22.566799,0,0
30245,08:46:23,113.897102,22.564899,0,2
30245,08:47:23,113.894302,22.5653,0,28
30245,08:47:53,113.8909,22.569,0,33
30245,08:48:23,113.887398,22.5725,0,36
30245,08:48:53,113.8834,22.576099,0,34
30245,08:49:23,113.879799,22.5795,0,25
30245,08:49:53,113.878601,22.5807,0,5
30245,08:50:53,113.877602,22.581699,0,8
30245,08:51:53,113.876297,22.583,0,4
30245,08:52:23,113.875801,22.5837,0,9
30245,08:53:23,113.874199,22.5854,0,3
30245,08:53:53,113.873497,22.586201,0,6
30245,08:54:54,113.872101,22.587601,0,3
30245,08:55:24,113.871399,22.5884,0,7
30245,08:56:24,113.870102,22.59,0,9
30245,08:56:54,113.8694,22.591101,0,9
30245,08:57:24,113.868103,22.593599,0,25
30245,08:57:54,113.866096,22.5968,0,30
30245,08:58:24,113.863998,22.6001,0,22
30245,08:58:54,113.862999,22.601801,0,16
30245,08:59:54,113.860397,22.6038,0,11
30245,09:00:24,113.861504,22.6033,0,9
30245,09:00:54,113.8619,22.602699,0,0
30245,09:01:17,113.862099,22.602301,0,14
30245,09:01:47,113.863701,22.5998,0,23
30245,09:03:17,113.8675,22.594101,0,9
30245,09:03:47,113.868202,22.593,0,4
30245,09:04:17,113.868698,22.5921,0,7
30245,09:04:47,113.869202,22.5912,0,6
30245,09:05:17,113.869598,22.590401,0,5
30245,09:06:17,113.872299,22.587099,0,9
30245,09:06:47,113.873299,22.5861,0,14
30245,09:07:17,113.875,22.5842,0,11
30245,09:07:47,113.875801,22.5833,0,0
30245,09:08:48,113.878601,22.5804,0,17
30245,09:09:11,113.879097,22.5798,0,0
30245,09:10:11,113.882004,22.577,0,9
30245,09:10:41,113.884499,22.5749,0,32
30245,09:11:12,113.887802,22.571899,0,30
30245,09:11:42,113.890602,22.569099,0,25
30245,09:12:12,113.892097,22.5665,0,15
30245,09:12:42,113.893501,22.566299,0,9
30245,09:13:12,113.895203,22.568399,0,14
30245,09:13:42,113.896004,22.569099,0,5
30245,09:14:12,113.896698,22.569201,0,16
30245,09:14:42,113.896896,22.568199,0,5
30245,09:15:12,113.8965,22.5679,0,2
30245,09:15:42,113.896301,22.567699,0,0
30245,09:16:12,113.896301,22.5672,0,4
30245,09:16:42,113.895401,22.5665,0,8
30245,09:17:12,113.894798,22.567101,0,0
30245,09:17:57,113.894302,22.5676,0,9
30245,09:18:27,113.8927,22.569201,0,17
30245,09:18:57,113.891098,22.5707,0,7
30245,09:19:27,113.891602,22.5716,0,13
30245,09:19:57,113.892197,22.5721,0,0
30245,09:20:09,113.892197,22.5721,0,0
30245,09:20:39,113.892197,22.5721,0,0
30245,09:21:09,113.8909,22.5709,0,7
30245,09:22:09,113.893501,22.5683,0,20
30245,09:22:39,113.894501,22.567301,0,0
30245,09:23:30,113.894997,22.566799,0,0
30245,09:24:00,113.895599,22.566099,0,7
30245,09:25:00,113.897102,22.564899,0,0
30245,09:26:00,113.898102,22.565599,0,3
30245,09:27:00,113.899902,22.566,0,7
30245,09:27:30,113.900803,22.5653,0,7
30245,09:28:30,113.901604,22.564301,0,0
30245,09:29:01,113.902496,22.5637,0,11
30245,09:29:31,113.903503,22.5625,0,15
30245,09:30:01,113.903801,22.562099,0,0
30245,09:30:31,113.903198,22.561399,0,13
30245,09:31:01,113.9021,22.5606,0,0
30245,09:31:31,113.9021,22.5606,0,0
30245,09:32:01,113.901199,22.560699,0,16
30245,09:32:31,113.899597,22.5623,0,11
30245,09:33:01,113.8983,22.563601,0,12
30245,09:33:31,113.897697,22.564301,0,5
30245,09:34:01,113.897499,22.5644,0,0
30245,09:34:12,113.902496,22.5637,0,0
30245,09:34:31,113.896301,22.565599,0,8
30245,09:36:01,113.893097,22.568701,0,8
30245,09:36:31,113.891899,22.569901,0,15
30245,09:37:01,113.8908,22.570999,0,0
30245,09:37:31,113.890198,22.571699,0,18
30245,09:39:31,113.890701,22.575399,0,14
30245,09:40:01,113.8918,22.5741,0,6
30245,09:40:31,113.892899,22.573099,0,0
30245,09:41:01,113.892899,22.573099,0,0
30245,09:41:31,113.894402,22.5716,0,22
30245,09:42:31,113.894997,22.5709,0,0
30245,09:43:06,113.893204,22.5728,0,5
30245,09:43:36,113.893204,22.5728,0,0
30245,09:44:06,113.891701,22.574301,0,6
30245,09:45:06,113.889603,22.5765,0,12
30245,09:45:36,113.888496,22.577499,0,9
30245,09:46:06,113.888298,22.5777,0,8
30245,09:46:36,113.886803,22.579,0,9
30245,09:47:08,113.886398,22.5795,0,0
30245,09:49:08,113.885696,22.580299,0,0
30245,09:49:38,113.885696,22.580299,0,0
30245,09:50:08,113.885696,22.580299,0,0
30245,09:51:08,113.883598,22.579,0,29
30245,09:51:38,113.880302,22.576099,0,24
30245,09:52:08,113.878799,22.5749,0,11
30245,09:52:38,113.876701,22.573099,0,21
30245,09:53:38,113.869904,22.5756,0,26
30245,09:54:08,113.8694,22.576,0,0
30245,09:54:38,113.8694,22.576,0,0
30245,09:55:38,113.868599,22.575899,0,14
30245,09:56:08,113.866898,22.573601,0,23
30245,09:56:38,113.865501,22.5723,0,9
30245,09:57:08,113.8638,22.573601,0,19
30245,09:59:31,113.862503,22.5767,0,0
30245,10:00:01,113.862198,22.576401,0,4
30245,10:01:02,113.861298,22.5755,0,9
30245,10:01:32,113.8619,22.5749,0,0
30245,10:02:02,113.863899,22.5734,0,16
30245,10:02:32,113.865303,22.5723,0,0
30245,10:03:02,113.865402,22.572201,0,0
30245,10:03:32,113.866997,22.573601,0,25
30245,10:04:02,113.8685,22.575701,0,14
30245,10:04:32,113.870102,22.5753,0,17
30245,10:05:02,113.874001,22.5728,0,30
30245,10:05:32,113.874702,22.5723,0,0
30245,10:06:32,113.874702,22.5723,0,0
30245,10:07:02,113.874702,22.5723,0,0
30245,10:08:02,113.877899,22.573999,0,0
30245,10:08:32,113.877899,22.573999,0,0
30245,10:10:02,113.883698,22.579,0,21
30245,10:11:03,113.884102,22.5793,0,0
30245,10:11:33,113.884697,22.5798,0,1
30245,10:12:03,113.8853,22.580299,0,1
30245,10:13:03,113.8853,22.580299,0,0
30245,10:14:03,113.885201,22.5804,0,10
30245,10:14:33,113.884102,22.579399,0,0
30245,10:16:03,113.882698,22.579599,0,0
30245,10:16:33,113.882202,22.5802,0,2
30245,10:17:03,113.880997,22.5812,0,17
30245,10:17:33,113.8797,22.582199,0,4
30245,10:18:03,113.880302,22.583599,0,22
30245,10:19:33,113.884598,22.5811,0,22
30245,10:20:33,113.883102,22.5793,0,13
30245,10:21:03,113.882103,22.580299,0,0
30245,10:21:33,113.881104,22.5811,0,8
30245,10:22:03,113.879898,22.5821,0,11
30245,10:22:33,113.879402,22.5825,0,0
30245,10:23:33,113.878502,22.5833,0,15
30245,10:24:03,113.876801,22.584999,0,7
30245,10:24:33,113.875999,22.5863,0,13
30245,10:25:34,113.879898,22.585899,0,16
30245,10:26:04,113.881104,22.5847,0,6
30245,10:26:34,113.882004,22.583401,0,14
30245,10:27:00,113.882401,22.582899,0,0
30245,10:27:30,113.8834,22.582001,0,8
30245,10:28:00,113.884903,22.580799,0,13
30245,10:29:00,113.8853,22.580601,0,8
30245,10:29:30,113.887199,22.582001,0,19
30245,10:30:30,113.887604,22.582399,0,0
30245,10:32:00,113.8881,22.5828,0,0
30245,10:32:30,113.8881,22.5828,0,0
30245,10:33:30,113.888298,22.583,0,15
30245,10:34:00,113.889999,22.5842,0,0
30245,10:34:30,113.889999,22.5842,0,0
30245,10:35:00,113.889999,22.5842,0,0
30245,10:35:30,113.889801,22.5842,0,7
30245,10:36:00,113.888901,22.5835,0,0
30245,10:36:30,113.888603,22.5826,0,13
30245,10:37:30,113.8918,22.5793,0,0
30245,10:40:30,113.897598,22.573601,0,11
30245,10:41:00,113.898804,22.572201,0,4
30245,10:41:30,113.898804,22.5718,0,0
30245,10:42:00,113.898201,22.571199,0,13
30245,10:42:15,113.897301,22.570499,0,20
30245,10:42:45,113.895699,22.5704,0,11
30245,10:43:46,113.893204,22.5728,0,0
30245,10:44:16,113.893204,22.5728,0,0
30245,10:44:54,113.891403,22.5746,0,17
30245,10:45:24,113.889702,22.5763,0,6
30245,10:45:54,113.889603,22.576401,0,6
30245,10:47:24,113.887398,22.5748,0,10
30245,10:48:05,113.886002,22.575899,0,0
30245,10:48:07,113.886002,22.575899,0,3
30245,10:48:37,113.887703,22.5742,0,21
30245,10:49:07,113.889503,22.5723,0,21
30245,10:49:37,113.890999,22.5711,0,8
30245,10:50:07,113.891998,22.572001,0,11
30245,10:51:07,113.895302,22.5707,0,13
30245,10:51:37,113.896103,22.5695,0,0
30245,10:52:07,113.895203,22.568701,0,25
30245,10:52:37,113.892097,22.567101,0,20
30245,10:53:07,113.889999,22.564301,0,20
30245,10:53:37,113.889801,22.5641,0,0
30245,10:54:07,113.889801,22.5641,0,0
30245,10:54:37,113.889801,22.5641,0,0
30245,10:55:08,113.888802,22.563299,0,27
30245,10:55:38,113.887398,22.562099,0,4
30245,10:57:08,113.8825,22.558001,0,0
30245,10:57:38,113.8825,22.558001,0,0
30245,10:58:08,113.8825,22.558001,0,0
30245,10:58:38,113.880898,22.556499,0,0
30245,10:59:08,113.878899,22.556299,0,33
30245,11:00:38,113.875099,22.5527,0,3
30245,11:01:36,113.875397,22.5534,0,18
30245,11:02:06,113.874199,22.554501,0,17
30245,11:02:36,113.873703,22.555901,0,0
30245,11:03:06,113.873703,22.555901,0,0
30245,11:03:36,113.873703,22.555901,0,0
30245,11:04:06,113.874496,22.5567,0,17
30245,11:04:36,113.876404,22.556601,0,18
30245,11:05:07,113.879601,22.5562,0,20
30245,11:05:37,113.881798,22.556999,0,23
30245,11:06:07,113.882202,22.5574,0,0
30245,11:06:37,113.882202,22.5574,0,0
30245,11:07:07,113.882202,22.5574,0,0
30245,11:08:07,113.883003,22.558001,0,0
30245,11:08:12,113.883003,22.558001,0,0
30245,11:08:42,113.884399,22.559299,0,25
30245,11:09:42,113.886398,22.561001,0,0
30245,11:10:12,113.886398,22.561001,0,0
30245,11:11:12,113.886902,22.561399,0,14
30245,11:11:42,113.888802,22.563,0,17
30245,11:12:12,113.889297,22.5634,0,0
30245,11:12:42,113.889297,22.5634,0,0
30245,11:13:42,113.891899,22.565701,0,17
30245,11:14:12,113.893997,22.5672,0,20
30245,11:14:42,113.895897,22.569,0,4
30245,11:15:12,113.895897,22.569099,0,0
30245,11:16:42,113.897598,22.568399,0,0
30245,11:18:12,113.898499,22.566099,0,0
30245,11:18:30,113.898399,22.565901,0,0
30245,11:19:01,113.897202,22.564899,0,6
30245,11:19:31,113.895401,22.5665,0,16
30245,11:20:01,113.8946,22.567301,0,10
30245,11:21:31,113.890999,22.5709,0,0
30245,11:22:01,113.8909,22.5711,0,11
30245,11:22:31,113.889,22.572901,0,15
30245,11:23:31,113.8871,22.5748,0,11
30245,11:24:01,113.885101,22.576799,0,15
30245,11:24:31,113.883698,22.5786,0,0
30245,11:25:01,113.883301,22.5791,0,7
30245,11:25:31,113.882401,22.58,0,9
30245,11:26:01,113.882103,22.580299,0,0
30245,11:26:02,113.882103,22.580299,0,0
30245,11:26:32,113.882301,22.5805,0,0
30245,11:27:02,113.883102,22.5814,0,8
30245,11:28:02,113.885101,22.580601,0,10
30245,11:28:32,113.883202,22.5786,0,31
30245,11:29:02,113.8797,22.575701,0,21
30245,11:29:32,113.878899,22.575001,0,0
30245,11:30:02,113.877098,22.5734,0,23
30245,11:30:32,113.8759,22.572399,0,0
30245,11:31:32,113.8759,22.572399,0,0
30245,11:32:02,113.8759,22.572399,0,0
30245,11:32:32,113.875603,22.5721,0,15
30245,11:33:32,113.877701,22.5686,0,21
30245,11:34:02,113.875702,22.5667,0,20
30245,11:34:32,113.874802,22.566,0,0
30245,11:34:44,113.874802,22.566,0,0
30245,11:35:14,113.874001,22.5655,0,12
30245,11:35:44,113.872101,22.5669,0,15
30245,11:36:14,113.871902,22.5686,0,24
30245,11:36:44,113.874496,22.570801,0,14
30245,11:37:14,113.874901,22.571199,0,0
30245,11:37:44,113.875099,22.5714,0,12
30245,11:38:14,113.877098,22.573299,0,19
30245,11:38:44,113.879204,22.5751,0,21
30245,11:39:15,113.882004,22.577499,0,26
30245,11:39:45,113.884903,22.579901,0,7
30245,11:40:15,113.884903,22.58,0,0
30245,11:41:11,113.874802,22.566,0,0
30245,11:42:15,113.8881,22.582701,0,0
30245,11:42:45,113.8881,22.582701,0,0
30245,11:43:15,113.888397,22.583,0,16
30245,11:43:45,113.889801,22.584101,0,3
30245,11:45:15,113.889702,22.5893,0,6
30245,11:45:45,113.889297,22.590099,0,4
30245,11:46:15,113.889603,22.591299,0,11
30245,11:47:45,113.889999,22.5917,0,0
30245,11:48:15,113.889999,22.5917,0,0
30245,11:48:45,113.889999,22.5917,0,0
30245,11:49:15,113.889999,22.5917,0,0
30245,11:49:45,113.889999,22.5917,0,0
30245,11:50:45,113.889999,22.5917,0,0
30245,11:51:45,113.889999,22.5917,0,0
30245,11:52:15,113.889999,22.5917,0,0
30245,11:53:45,113.889999,22.5917,0,0
30245,11:54:15,113.889999,22.5917,0,0
30245,11:55:15,113.889999,22.5917,0,0
30245,11:55:45,113.889999,22.5917,0,0
30245,11:56:15,113.889999,22.5917,0,0
30245,11:57:45,113.889999,22.5917,0,0
30245,11:58:15,113.889999,22.5917,0,0
30245,11:58:45,113.889999,22.5917,0,0
30245,11:59:15,113.889999,22.5917,0,0
30245,11:59:45,113.889999,22.5917,0,0
30245,12:00:30,113.889999,22.5917,0,0
30245,12:01:30,113.889999,22.5917,0,0
30245,12:02:00,113.889999,22.5917,0,0
30245,12:03:30,113.885498,22.591999,0,4
30245,12:04:30,113.885201,22.5921,0,0
30245,12:06:00,113.885201,22.5921,0,0
30245,12:06:30,113.885201,22.5921,0,0
30245,12:06:59,113.885201,22.5921,0,0
30245,12:07:29,113.885201,22.5921,0,0
30245,12:07:59,113.885201,22.5921,0,0
30245,12:09:29,113.885201,22.5921,0,0
30245,12:11:29,113.885201,22.5921,0,0
30245,12:11:59,113.885201,22.5921,0,0
30245,12:12:59,113.885201,22.5921,0,0
30245,12:15:29,113.885201,22.5921,0,0
30245,12:16:29,113.885201,22.5921,0,0
30245,12:16:59,113.885201,22.5921,0,0
30245,12:17:29,113.885201,22.5921,0,0
30245,12:18:29,113.885201,22.5921,0,0
30245,12:18:59,113.885201,22.5921,0,0
30245,12:19:29,113.885201,22.5921,0,0
30245,12:19:59,113.885201,22.5921,0,0
30245,12:21:59,113.885201,22.5921,0,0
30245,12:22:29,113.885201,22.5921,0,0
30245,12:23:29,113.885201,22.5921,0,0
30245,12:23:59,113.885201,22.5921,0,0
30245,12:24:29,113.885201,22.5921,0,0
30245,12:24:59,113.885201,22.5921,0,0
30245,12:25:29,113.885201,22.5921,0,0
30245,12:26:29,113.885201,22.5921,0,0
30245,12:26:59,113.885201,22.5921,0,0
30245,12:27:59,113.885201,22.5921,0,0
30245,12:28:29,113.885201,22.5921,0,0
30245,12:28:59,113.885201,22.5921,0,0
30245,12:30:29,113.885201,22.5921,0,0
30245,12:31:30,113.885201,22.5921,0,0
30245,12:32:00,113.885201,22.5921,0,0
30245,12:32:30,113.885201,22.5921,0,0
30245,12:33:00,113.885201,22.5921,0,0
30245,12:33:30,113.885201,22.5921,0,0
30245,12:34:00,113.885201,22.5921,0,0
30245,12:34:30,113.885201,22.5921,0,0
30245,12:35:00,113.885201,22.5921,0,0
30245,12:35:30,113.885201,22.5921,0,0
30245,12:36:00,113.885201,22.5921,0,0
30245,12:39:00,113.885201,22.5921,0,0
30245,12:40:00,113.885201,22.5921,0,0
30245,12:41:00,113.885201,22.5921,0,0
30245,12:42:00,113.885201,22.5921,0,0
30245,12:42:30,113.885201,22.5921,0,0
30245,12:43:30,113.885201,22.5921,0,0
30245,12:44:00,113.885201,22.5921,0,0
30245,12:45:00,113.885201,22.5921,0,0
30245,12:45:30,113.885201,22.5921,0,0
30245,12:46:00,113.885201,22.5921,0,0
30245,12:46:30,113.885201,22.5921,0,0
30245,12:47:00,113.885201,22.5921,0,0
30245,12:47:30,113.885201,22.5921,0,0
30245,12:48:00,113.885201,22.5921,0,0
30245,12:48:30,113.885201,22.5921,0,0
30245,12:49:00,113.885201,22.5921,0,0
30245,12:49:30,113.885201,22.5921,0,0
30245,12:50:30,113.885201,22.5921,0,0
30245,12:51:00,113.885201,22.5921,0,0
30245,12:53:00,113.885201,22.5921,0,0
30245,12:54:00,113.885201,22.5921,0,0
30245,12:54:30,113.885201,22.5921,0,0
30245,12:55:00,113.885201,22.5921,0,0
30245,12:56:00,113.885201,22.5921,0,0
30245,12:57:00,113.885201,22.5921,0,0
30245,12:57:30,113.885201,22.5921,0,0
30245,12:58:00,113.885201,22.5921,0,0
30245,12:58:30,113.885201,22.5921,0,0
30245,12:59:00,113.885201,22.5921,0,0
30245,13:00:00,113.885201,22.5921,0,0
30245,13:00:30,113.885201,22.5921,0,0
30245,13:01:00,113.885201,22.5921,0,0
30245,13:01:30,113.885201,22.5921,0,0
30245,13:02:30,113.885201,22.5921,0,0
30245,13:03:31,113.885201,22.5921,0,0
30245,13:04:01,113.890198,22.5924,0,5
30245,13:04:31,113.890404,22.5933,0,11
30245,13:05:01,113.891998,22.5938,0,12
30245,13:05:31,113.888901,22.5935,0,25
30245,13:06:01,113.884201,22.5933,0,36
30245,13:07:32,113.880699,22.5931,0,0
30245,13:08:02,113.880699,22.5931,0,0
30245,13:08:32,113.880699,22.5931,0,0
30245,13:09:02,113.880699,22.5931,0,0
30245,13:09:32,113.880699,22.5931,0,0
30245,13:10:32,113.880699,22.5931,0,0
30245,13:10:39,113.880699,22.5931,0,0
30245,13:11:09,113.878998,22.592699,0,0
30245,13:12:39,113.875198,22.5902,0,35
30245,13:13:39,113.869202,22.5917,0,25
30245,13:14:39,113.864197,22.599701,0,33
30245,13:15:09,113.861603,22.6036,0,34
30245,13:15:11,113.880699,22.5931,0,0
30245,13:15:39,113.858803,22.607,0,27
30245,13:16:39,113.853798,22.6147,0,35
30245,13:17:09,113.851898,22.618,0,27
30245,13:18:09,113.845398,22.626301,0,39
30245,13:18:39,113.842903,22.630699,0,35
30245,13:19:10,113.839699,22.634399,0,35
30245,13:19:40,113.836098,22.638399,0,36
30245,13:21:10,113.827904,22.648399,0,27
30245,13:21:40,113.824898,22.6514,0,31
30245,13:22:10,113.822197,22.6555,0,28
30245,13:22:40,113.821602,22.659201,0,27
30245,13:23:40,113.818604,22.663401,0,0
30245,13:24:10,113.818604,22.663401,0,0
30245,13:25:10,113.817001,22.665501,0,23
30245,13:25:40,113.815498,22.6674,0,0
30245,13:26:10,113.815498,22.6674,0,0
30245,13:26:40,113.815498,22.6674,0,0
30245,13:27:10,113.814903,22.6681,0,23
30245,13:27:40,113.813599,22.67,0,0
30245,13:28:40,113.811798,22.6696,0,16
30245,13:29:11,113.809097,22.667801,0,27
30245,13:29:41,113.806099,22.666901,0,21
30245,13:30:11,113.8022,22.669701,0,33
30245,13:30:41,113.801498,22.670799,0,0
30245,13:31:11,113.801498,22.670799,0,0
30245,13:31:41,113.801498,22.670799,0,0
30245,13:32:11,113.801498,22.670799,0,0
30245,13:32:41,113.799797,22.672199,0,19
30245,13:33:11,113.797501,22.674801,0,25
30245,13:34:41,113.796898,22.6768,0,0
30245,13:35:11,113.796898,22.677099,0,2
30245,13:35:41,113.796997,22.677401,0,0
30245,13:36:11,113.796997,22.677401,0,0
30245,13:37:11,113.796997,22.677401,0,0
30245,13:37:41,113.796898,22.6775,0,0
30245,13:38:41,113.796898,22.6775,0,0
30245,13:40:41,113.793602,22.678101,0,29
30245,13:41:11,113.7892,22.678101,0,15
30245,13:41:41,113.788101,22.6796,0,27
30245,13:42:11,113.788002,22.6821,0,1
30245,13:42:41,113.788002,22.6821,0,0
30245,13:44:38,113.788002,22.6831,0,17
30245,13:45:08,113.788002,22.6856,0,9
30245,13:45:38,113.788002,22.685699,0,0
30245,13:47:08,113.787903,22.689199,0,20
30245,13:48:11,113.788002,22.6821,0,0
30245,13:49:09,113.787804,22.6945,0,13
30245,13:49:39,113.787903,22.6961,0,9
30245,13:50:09,113.787804,22.6954,0,11
30245,13:50:39,113.787804,22.693501,0,14
30245,13:51:09,113.787804,22.6915,0,13
30245,13:51:39,113.787903,22.689301,0,16
30245,13:52:09,113.787903,22.6868,0,18
30245,13:52:39,113.787903,22.6863,0,0
30245,13:53:09,113.788002,22.6842,0,22
30245,13:53:39,113.788002,22.682699,0,0
30245,13:54:09,113.788002,22.6807,0,18
30245,13:55:09,113.788101,22.678301,0,0
30245,13:57:39,113.795601,22.6779,0,10
30245,13:58:09,113.796501,22.6779,0,10
30245,13:59:09,113.7985,22.673,0,23
30245,14:00:09,113.802002,22.6693,0,20
30245,14:00:39,113.804604,22.667299,0,12
30245,14:01:10,113.806,22.666599,0,14
30245,14:01:40,113.8088,22.6675,0,20
30245,14:02:40,113.8134,22.6705,0,17
30245,14:03:40,113.817001,22.6728,0,1
30245,14:04:10,113.817001,22.6728,0,0
30245,14:04:40,113.817703,22.6733,0,12
30245,14:05:10,113.819298,22.6744,0,13
30245,14:05:40,113.820396,22.674999,0,0
30245,14:06:10,113.820999,22.675501,0,5
30245,14:06:40,113.822502,22.6765,0,13
30245,14:07:10,113.823402,22.6751,0,21
30245,14:07:40,113.823402,22.672501,0,27
30245,14:08:40,113.823303,22.6682,0,0
30245,14:09:10,113.823303,22.6682,0,0
30245,14:09:40,113.823303,22.6682,0,0
30245,14:10:40,113.822899,22.6633,0,0
30245,14:11:12,113.822403,22.6607,0,23
30245,14:11:42,113.8218,22.6577,0,23
30245,14:12:12,113.822304,22.654499,0,28
30245,14:13:12,113.828201,22.647699,0,31
30245,14:13:42,113.830498,22.6443,0,27
30245,14:14:12,113.833397,22.6409,0,31
30245,14:14:42,113.836502,22.6378,0,35
30245,14:15:12,113.839996,22.6339,0,36
30245,14:15:42,113.843399,22.629801,0,37
30245,14:16:12,113.8461,22.624901,0,37
30245,14:18:42,113.860298,22.6052,0,30
30245,14:19:13,113.862801,22.6017,0,32
30245,14:21:13,113.867897,22.5937,0,9
30245,14:25:13,113.883904,22.5755,0,30
30245,14:26:43,113.893303,22.566299,0,32
30245,14:27:11,113.867897,22.5937,0,0
30245,14:27:13,113.896599,22.563101,0,32
30245,14:28:13,113.900597,22.560101,0,9
30245,14:28:43,113.901604,22.559401,0,6
30245,14:29:14,113.902298,22.5588,0,5
30245,14:29:44,113.902802,22.558399,0,5
30245,14:30:44,113.904198,22.5567,0,6
30245,14:32:33,113.904503,22.556601,0,25
30245,14:33:03,113.901703,22.5595,0,19
30245,14:34:19,113.898399,22.562201,0,0
30245,14:35:19,113.894699,22.564899,0,22
30245,14:37:27,113.886902,22.573,0,9
30245,14:37:57,113.885803,22.573999,0,7
30245,14:38:57,113.883797,22.5758,0,5
30245,14:39:30,113.882698,22.576799,0,12
30245,14:40:00,113.8815,22.5779,0,7
30245,14:40:30,113.880302,22.579,0,21
30245,14:42:30,113.868698,22.592199,0,24
30245,14:43:00,113.867104,22.5952,0,23
30245,14:44:30,113.860497,22.605301,0,23
30245,14:45:00,113.857697,22.608101,0,23
30245,14:45:30,113.856003,22.6106,0,12
30245,14:46:30,113.856003,22.610701,0,0
30245,14:47:31,113.8536,22.615299,0,23
30245,14:48:01,113.852097,22.618,0,14
30245,14:48:54,113.851501,22.6189,0,10
30245,14:49:24,113.849602,22.621201,0,22
30245,14:49:54,113.848099,22.6229,0,9
30245,14:52:54,113.854797,22.6266,0,10
30245,14:54:24,113.856697,22.6301,0,15
30245,14:55:11,113.848099,22.6229,0,0
30245,14:55:24,113.857201,22.6308,0,1
30245,14:55:54,113.8564,22.629601,0,12
30245,14:56:24,113.856003,22.628,0,7
30245,14:57:24,113.856697,22.6259,0,15
30245,14:57:54,113.857498,22.6252,0,9
30245,14:58:24,113.856598,22.6229,0,21
30245,14:58:54,113.856201,22.622299,0,0
30245,15:00:11,113.854797,22.6266,0,0
30245,15:00:24,113.856102,22.6222,0,0
30245,15:01:11,113.854797,22.6266,0,0
30245,15:01:24,113.855698,22.621799,0,3
30245,15:02:54,113.8554,22.621401,0,0
30245,15:03:25,113.8554,22.621401,0,0
30245,15:04:25,113.855598,22.618401,0,13
30245,15:05:25,113.855904,22.6175,0,0
30245,15:05:34,113.855904,22.6175,0,0
30245,15:06:04,113.856102,22.616899,0,3
30245,15:07:04,113.857101,22.6143,0,15
30245,15:07:34,113.859001,22.612101,0,25
30245,15:08:04,113.861298,22.6099,0,31
30245,15:09:04,113.865601,22.6056,0,7
30245,15:09:34,113.867599,22.6035,0,27
30245,15:10:04,113.8703,22.600901,0,25
30245,15:11:04,113.871696,22.5994,0,0
30245,15:11:34,113.872101,22.599001,0,6
30245,15:12:04,113.872803,22.598301,0,0
30245,15:12:34,113.872803,22.598301,0,0
30245,15:13:04,113.872803,22.598301,0,0
30245,15:14:04,113.873901,22.5972,0,18
30245,15:15:04,113.877296,22.593901,0,12
30245,15:15:34,113.878403,22.592699,0,0
30245,15:16:04,113.878403,22.592699,0,0
30245,15:16:34,113.878403,22.592699,0,0
30245,15:17:04,113.878403,22.592699,0,0
30245,15:18:04,113.878403,22.592699,0,0
30245,15:18:34,113.878403,22.592699,0,0
30245,15:19:35,113.880501,22.590599,0,0
30245,15:20:35,113.881302,22.5898,0,29
30245,15:21:05,113.884102,22.587,0,0
30245,15:21:35,113.884102,22.587,0,0
30245,15:22:35,113.884102,22.587,0,0
30245,15:23:05,113.886597,22.584499,0,32
30245,15:25:05,113.892403,22.578699,0,12
30245,15:27:05,113.898399,22.5728,0,19
30245,15:27:35,113.898804,22.572399,0,0
30245,15:28:05,113.898804,22.572399,0,0
30245,15:28:35,113.898804,22.572399,0,0
30245,15:29:05,113.898804,22.572399,0,0
30245,15:30:04,113.899803,22.572399,0,0
30245,15:30:34,113.899803,22.572399,0,0
30245,15:31:04,113.901299,22.5737,0,18
30245,15:31:35,113.903,22.5751,0,8
30245,15:32:05,113.904099,22.5741,0,7
30245,15:32:35,113.904198,22.5741,0,0
30245,15:33:41,113.905098,22.571699,0,16
30245,15:34:11,113.903801,22.570499,0,16
30245,15:34:41,113.902496,22.5695,0,5
30245,15:35:11,113.901398,22.568501,0,18
30245,15:35:41,113.899597,22.5669,0,4
30245,15:37:11,113.897003,22.568399,0,11
30245,15:37:41,113.896698,22.5681,0,0
30245,15:38:46,113.894997,22.5669,0,9
30245,15:39:11,113.904198,22.5741,0,0
30245,15:39:16,113.8936,22.568199,0,13
30245,15:39:47,113.892197,22.569599,0,11
30245,15:40:17,113.890999,22.5711,0,10
30245,15:40:47,113.892502,22.5725,0,15
30245,15:41:17,113.893997,22.572001,0,15
30245,15:42:47,113.895699,22.570299,0,9
30245,15:43:17,113.895798,22.569201,0,13
30245,15:43:47,113.893097,22.567801,0,27
30245,15:44:17,113.891296,22.568899,0,4
30245,15:44:47,113.891296,22.568899,0,0
30245,15:45:47,113.891296,22.568899,0,0
30245,15:46:17,113.8899,22.570299,0,7
30245,15:47:17,113.886299,22.5739,0,6
30245,15:47:47,113.887001,22.574499,0,9
30245,15:48:17,113.885696,22.5762,0,24
30245,15:49:17,113.884399,22.5795,0,7
30245,15:49:47,113.884399,22.5795,0,0
30245,15:50:47,113.885498,22.580299,0,10
30245,15:51:31,113.886803,22.5791,0,0
30245,15:52:31,113.890198,22.5758,0,18
30245,15:55:01,113.895103,22.570999,0,11
30245,15:56:01,113.8936,22.567801,0,29
30245,15:56:31,113.8927,22.566099,0,19
30245,15:57:32,113.897102,22.5625,0,16
30245,15:59:32,113.895798,22.559099,0,4
30245,16:00:24,113.895302,22.558901,0,8
30245,16:00:54,113.8936,22.5602,0,16
30245,16:01:24,113.892197,22.5613,0,17
30245,16:01:54,113.891296,22.562099,0,3
30245,16:02:54,113.889801,22.563601,0,0
30245,16:03:24,113.889801,22.563601,0,0
30245,16:03:54,113.889801,22.563601,0,0
30245,16:04:54,113.889801,22.563601,0,0
30245,16:05:24,113.887901,22.5625,0,28
30245,16:05:54,113.887398,22.562099,0,0
30245,16:06:54,113.885902,22.560801,0,27
30245,16:07:54,113.884102,22.558399,0,11
30245,16:08:54,113.885803,22.558399,0,0
30245,16:10:05,113.885498,22.559799,0,9
30245,16:14:06,113.891701,22.561899,0,10
30245,16:14:36,113.891098,22.562401,0,0
30245,16:14:40,113.891098,22.562401,0,0
30245,16:15:40,113.8918,22.565701,0,22
30245,16:16:10,113.894203,22.5676,0,16
30245,16:17:40,113.896202,22.570999,0,8
30245,16:18:10,113.896599,22.571199,0,7
30245,16:18:40,113.897499,22.572001,0,8
30245,16:19:10,113.897903,22.5725,0,7
30245,16:19:33,113.898102,22.572701,0,0
30245,16:20:03,113.898201,22.5728,0,0
30245,16:20:33,113.898804,22.572399,0,0
30245,16:21:03,113.898903,22.571899,0,14
30245,16:21:39,113.898102,22.571199,0,0
30245,16:22:09,113.897102,22.570299,0,0
30245,16:22:39,113.896896,22.570101,0,0
30245,16:23:09,113.8965,22.569599,0,8
30245,16:23:11,113.896599,22.571199,0,0
30245,16:23:39,113.898399,22.571199,0,1
30245,16:24:39,113.8993,22.571899,0,16
30245,16:25:09,113.900703,22.573299,0,21
30245,16:25:39,113.902603,22.5748,0,13
30245,16:26:09,113.9048,22.576799,0,26
30245,16:26:39,113.905602,22.577499,0,0
30245,16:27:09,113.905602,22.577499,0,0
30245,16:27:39,113.905602,22.577499,0,0
30245,16:28:09,113.907204,22.578899,0,28
30245,16:28:39,113.908699,22.580099,0,0
30245,16:29:09,113.909897,22.5812,0,12
30245,16:29:39,113.910301,22.5816,0,0
30245,16:30:09,113.912399,22.5833,0,26
30245,16:31:39,113.917999,22.5881,0,0
30245,16:32:39,113.9198,22.5898,0,15
30245,16:33:09,113.920502,22.59,0,0
30245,16:33:48,113.920502,22.59,0,5
30245,16:34:18,113.9189,22.5891,0,0
30245,16:34:38,113.9189,22.5891,0,0
30245,16:35:08,113.916901,22.5898,0,29
30245,16:35:38,113.915901,22.5909,0,10
30245,16:36:08,113.913696,22.5895,0,25
30245,16:38:11,113.920502,22.59,0,0
30245,16:38:38,113.904198,22.5919,0,28
30245,16:39:38,113.907303,22.598101,0,20
30245,16:40:08,113.9058,22.599501,0,18
30245,16:40:38,113.902496,22.5994,0,22
30245,16:42:08,113.896698,22.5994,0,18
30245,16:42:38,113.897102,22.6017,0,9
30245,16:43:08,113.897003,22.6021,0,0
30245,16:43:39,113.897003,22.601999,0,2
30245,16:44:09,113.8965,22.600201,0,18
30245,16:44:12,113.8964,22.599899,0,15
30245,16:44:42,113.895699,22.5994,0,5
30245,16:45:42,113.8946,22.596399,0,0
30245,16:47:42,113.888802,22.5935,0,21
30245,16:48:12,113.8843,22.5933,0,33
30245,16:48:42,113.880997,22.5931,0,6
30245,16:48:58,113.880997,22.5931,0,0
30245,16:49:29,113.880302,22.593,0,10
30245,16:49:59,113.878502,22.592501,0,18
30245,16:50:29,113.876099,22.5909,0,31
30245,16:50:59,113.873001,22.5884,0,20
30245,16:51:29,113.8713,22.5874,0,16
30245,16:51:59,113.8722,22.5875,0,20
30245,16:52:29,113.875,22.584299,0,30
30245,16:52:59,113.878098,22.5811,0,35
30245,16:53:29,113.880096,22.5791,0,19
30245,16:53:59,113.881699,22.5774,0,19
30245,16:54:29,113.884102,22.575199,0,17
30245,16:54:56,113.884201,22.575001,0,0
30245,16:55:26,113.885399,22.5737,0,6
30245,16:56:15,113.884201,22.572701,0,11
30245,16:56:45,113.882301,22.570999,0,9
30245,16:57:15,113.883598,22.5695,0,14
30245,16:58:45,113.887802,22.565399,0,6
30245,16:59:15,113.8871,22.564699,0,0
30245,16:59:58,113.887001,22.5646,0,0
30245,17:01:28,113.886398,22.5641,0,9
30245,17:02:29,113.884003,22.5646,0,17
30245,17:02:59,113.8853,22.5662,0,21
30245,17:03:57,113.886597,22.5667,0,17
30245,17:04:27,113.884697,22.5658,0,21
30245,17:05:11,113.8871,22.564699,0,0
30245,17:05:27,113.884399,22.5655,0,0
30245,17:05:57,113.8843,22.565399,0,10
30245,17:06:27,113.881798,22.5632,0,39
30245,17:06:57,113.879402,22.5613,0,2
30245,17:07:57,113.876999,22.562901,0,0
30245,17:08:27,113.876999,22.562901,0,0
30245,17:09:27,113.876099,22.5637,0,12
30245,17:09:29,113.8759,22.563801,0,11
30245,17:10:46,113.874298,22.565201,0,10
30245,17:11:16,113.872803,22.566401,0,18
30245,17:11:46,113.871201,22.567699,0,12
30245,17:12:16,113.8703,22.568399,0,6
30245,17:12:46,113.869499,22.569099,0,0
30245,17:13:16,113.870003,22.569799,0,2
30245,17:14:16,113.871399,22.5695,0,9
30245,17:14:46,113.872498,22.570499,0,8
30245,17:15:16,113.872704,22.5707,0,0
30245,17:15:50,113.872704,22.5707,0,0
30245,17:16:20,113.872002,22.570101,0,6
30245,17:16:50,113.871498,22.5697,0,0
30245,17:18:02,113.8713,22.569401,0,4
30245,17:19:32,113.867599,22.570601,0,17
30245,17:20:32,113.866203,22.571699,0,10
30245,17:22:02,113.870102,22.5753,0,16
30245,17:23:02,113.872299,22.573799,0,0
30245,17:23:32,113.872299,22.573799,0,0
30245,17:24:32,113.873497,22.573,0,0
30245,17:26:02,113.873703,22.5728,0,0
30245,17:27:32,113.8741,22.572599,0,6
30245,17:29:02,113.870499,22.568199,0,13
30245,17:30:32,113.866096,22.572399,0,17
30245,17:31:32,113.8685,22.575701,0,8
30245,17:32:02,113.8685,22.5758,0,0
30245,17:32:32,113.868698,22.575899,0,9
30245,17:33:02,113.867699,22.5774,0,19
30245,17:34:33,113.865402,22.582399,0,17
30245,17:35:03,113.866997,22.5837,0,14
30245,17:35:33,113.8685,22.584801,0,14
30245,17:36:03,113.871597,22.5872,0,16
30245,17:36:33,113.873703,22.588699,0,9
30245,17:37:10,113.8685,22.5758,0,0
30245,17:37:33,113.874702,22.5896,0,2
30245,17:38:03,113.874901,22.589701,0,0
30245,17:39:03,113.874901,22.589701,0,0
30245,17:39:33,113.875801,22.5905,0,6
30245,17:40:33,113.876602,22.591101,0,0
30245,17:41:03,113.876701,22.5912,0,0
30245,17:41:33,113.877502,22.5916,0,9
30245,17:42:03,113.878098,22.5917,0,0
30245,17:43:03,113.878304,22.5916,0,0
30245,17:43:33,113.878304,22.5916,0,0
30245,17:44:04,113.878304,22.5916,0,0
30245,17:44:34,113.878304,22.5916,0,0
30245,17:45:04,113.878304,22.5916,0,0
30245,17:46:35,113.878304,22.5916,0,0
30245,17:47:05,113.878304,22.5916,0,0
30245,17:48:35,113.877998,22.5917,0,0
30245,17:49:05,113.877998,22.5917,0,0
30245,17:49:35,113.877998,22.5917,0,0
30245,17:50:05,113.878502,22.5921,0,3
30245,17:50:35,113.880997,22.5928,0,27
30245,17:52:05,113.889297,22.5928,0,0
30245,17:53:05,113.8899,22.5916,0,3
30245,17:54:35,113.890701,22.59,0,0
30245,17:55:05,113.890701,22.59,0,0
30245,17:55:35,113.890701,22.59,0,0
30245,17:56:05,113.890701,22.59,0,0
30245,17:56:35,113.890701,22.59,0,0
30245,17:57:05,113.890198,22.5895,0,8
30245,17:57:35,113.888802,22.5889,0,9
30245,17:58:06,113.8871,22.5884,0,21
30245,17:58:34,113.885101,22.5875,0,0
30245,17:59:04,113.884804,22.587099,0,0
30245,18:01:04,113.881699,22.5849,0,0
30245,18:01:34,113.881599,22.5847,0,8
30245,18:02:04,113.879799,22.583099,0,25
30245,18:02:34,113.880402,22.5816,0,21
30245,18:03:04,113.882401,22.58,0,19
30245,18:03:34,113.883102,22.579201,0,14
30245,18:03:40,113.883301,22.578899,0,9
30245,18:05:10,113.878403,22.5812,0,3
30245,18:05:40,113.8778,22.5818,0,14
30245,18:06:10,113.8769,22.582701,0,0
30245,18:07:10,113.874702,22.5851,0,16
30245,18:07:19,113.874702,22.585199,0,0
30245,18:07:49,113.874001,22.585899,0,15
30245,18:08:19,113.872803,22.587099,0,12
30245,18:08:49,113.870796,22.5893,0,23
30245,18:09:19,113.868896,22.5921,0,19
30245,18:10:49,113.862198,22.602699,0,26
30245,18:12:19,113.854401,22.613501,0,30
30245,18:13:19,113.852203,22.619499,0,21
30245,18:13:49,113.8507,22.617901,0,8
30245,18:14:19,113.850899,22.618799,0,9
30245,18:20:57,113.8396,22.615,0,10
30245,18:21:27,113.838402,22.614599,0,1
30245,18:22:27,113.836098,22.617001,0,15
30245,18:23:27,113.834999,22.618999,0,0
30245,18:23:57,113.834999,22.618999,0,0
30245,18:24:27,113.834999,22.618999,0,0
30245,18:24:57,113.834999,22.618999,0,0
30245,18:25:57,113.830101,22.6175,0,37
30245,18:26:57,113.819504,22.6127,0,47
30245,18:27:58,113.8134,22.6199,0,51
30245,18:28:28,113.812897,22.623301,0,21
30245,18:29:58,113.810097,22.626499,0,0
30245,18:30:20,113.809898,22.625799,0,0
30245,18:30:28,113.809898,22.625799,0,0
30245,18:30:32,113.809898,22.625799,0,22
30245,18:31:58,113.810699,22.6161,0,38
30245,18:32:58,113.810699,22.6082,0,40
30245,18:33:28,113.809998,22.6057,0,10
30245,18:36:28,113.810303,22.605301,0,19
30245,18:36:58,113.809898,22.6077,0,25
30245,18:37:28,113.814301,22.6098,0,14
30245,18:37:58,113.813698,22.6113,0,22
30245,18:38:28,113.812103,22.6145,0,35
30245,18:39:58,113.812103,22.623301,0,27
30245,18:40:28,113.8134,22.6245,0,26
30245,18:41:58,113.809998,22.626801,0,0
30245,18:42:28,113.809998,22.626801,0,0
30245,18:42:58,113.809998,22.626801,0,0
30245,18:42:59,113.809998,22.626801,0,0
30245,18:43:17,113.809898,22.6257,0,0
30245,18:43:59,113.807098,22.6229,0,24
30245,18:44:59,113.812202,22.613899,0,40
30245,18:45:29,113.814796,22.610399,0,30
30245,18:45:59,113.818802,22.610701,0,25
30245,18:46:29,113.822197,22.613501,0,41
30245,18:51:00,113.829399,22.599001,0,34
30245,18:51:30,113.830399,22.5937,0,41
30245,18:53:00,113.832298,22.580799,0,27
30245,18:53:30,113.836098,22.5776,0,41
30245,18:54:00,113.841301,22.573299,0,43
30245,18:54:30,113.844704,22.5681,0,40
30245,18:55:00,113.847603,22.564199,0,15
30245,18:55:30,113.8489,22.5655,0,19
30245,18:56:00,113.852203,22.568701,0,22
30245,18:58:30,113.856102,22.573,0,5
30245,18:59:30,113.854698,22.572201,0,12
30245,19:01:17,113.854103,22.575399,0,0
30245,19:01:47,113.855598,22.577101,0,15
30245,19:02:17,113.856102,22.5777,0,0
30245,19:03:47,113.856499,22.5781,0,0
30245,19:04:17,113.856598,22.5783,0,0
30245,19:04:47,113.856598,22.5783,0,0
30245,19:05:17,113.857002,22.578501,0,0
30245,19:05:26,113.857002,22.578501,0,0
30245,19:05:56,113.858299,22.577999,0,29
30245,19:06:56,113.862801,22.579901,0,0
30245,19:07:57,113.862801,22.579901,0,0
30245,19:08:27,113.862801,22.579901,0,0
30245,19:09:27,113.8647,22.5816,0,11
30245,19:09:57,113.866203,22.5832,0,10
30245,19:10:27,113.868698,22.5851,0,27
30245,19:11:27,113.872002,22.5891,0,23
30245,19:11:57,113.869904,22.5905,0,20
30245,19:12:27,113.868698,22.5926,0,14
30245,19:13:57,113.865799,22.5991,0,17
30245,19:14:27,113.869003,22.601601,0,20
30245,19:15:27,113.871902,22.5991,0,8
30245,19:15:55,113.872398,22.5986,0,10
30245,19:16:25,113.873199,22.597799,0,0
30245,19:16:55,113.872299,22.5965,0,20
30245,19:17:25,113.870201,22.5951,0,16
30245,19:18:25,113.871101,22.592199,0,6
30245,19:18:55,113.871597,22.5916,0,0
30245,19:19:55,113.873001,22.5893,0,9
30245,19:20:25,113.873199,22.5886,0,0
30245,19:21:25,113.875198,22.586599,0,10
30245,19:22:25,113.875702,22.5861,0,0
30245,19:22:55,113.8759,22.585899,0,0
30245,19:23:31,113.8759,22.585899,0,0
30245,19:23:36,113.8759,22.585899,0,0
30245,19:23:38,113.8759,22.585899,0,0
30245,19:24:06,113.875801,22.5861,0,8
30245,19:24:36,113.8778,22.5879,0,12
30245,19:25:06,113.880501,22.590099,0,24
30245,19:27:06,113.877296,22.5949,0,22
30245,19:27:59,113.876602,22.597,0,0
30245,19:28:29,113.876602,22.597,0,0
30245,19:28:59,113.876701,22.5968,0,5
30245,19:29:29,113.875801,22.5984,0,10
30245,19:30:59,113.8769,22.6001,0,11
30245,19:31:29,113.875504,22.5989,0,6
30245,19:31:59,113.874702,22.598301,0,8
30245,19:33:29,113.873802,22.597601,0,9
30245,19:34:59,113.877998,22.592899,0,5
30245,19:35:29,113.877602,22.5921,0,15
30245,19:35:59,113.874901,22.59,0,27
30245,19:37:29,113.872299,22.587299,0,19
30245,19:37:59,113.874496,22.5849,0,33
30245,19:38:29,113.877296,22.581699,0,15
30245,19:38:59,113.8787,22.5802,0,8
30245,19:39:29,113.878899,22.58,0,0
30245,19:40:59,113.882599,22.5765,0,22
30245,19:42:59,113.882401,22.5711,0,0
30245,19:43:29,113.881897,22.5707,0,7
30245,19:44:16,113.880997,22.569799,0,0
30245,19:45:46,113.883598,22.572001,0,8
30245,19:46:16,113.885399,22.573601,0,11
30245,19:46:46,113.887604,22.572001,0,19
30245,19:47:16,113.889397,22.570299,0,12
30245,19:47:46,113.891502,22.5681,0,33
30245,19:48:16,113.894798,22.564501,0,21
30245,19:48:46,113.895599,22.563499,0,0
30245,19:49:45,113.894997,22.563,0,10
30245,19:50:11,113.882599,22.5765,0,0
30245,19:50:41,113.893799,22.562,0,0
30245,19:51:41,113.891197,22.562201,0,0
30245,19:52:11,113.8899,22.563601,0,3
30245,19:52:41,113.8899,22.563601,0,0
30245,19:53:41,113.8899,22.563601,0,0
30245,19:54:11,113.889,22.5644,0,15
30245,19:54:41,113.887901,22.5655,0,11
30245,19:55:11,113.887199,22.566099,0,6
30245,19:55:41,113.886497,22.566799,0,0
30245,19:56:11,113.893799,22.562,0,0
30245,19:56:11,113.885803,22.567499,0,15
30245,19:56:41,113.883598,22.5697,0,21
30245,19:57:11,113.882004,22.570801,0,13
30245,19:58:26,113.879501,22.5688,0,14
30245,19:58:56,113.876801,22.5709,0,19
30245,20:00:26,113.871902,22.5744,0,31
30245,20:00:56,113.869202,22.5762,0,0
30245,20:01:26,113.869202,22.5762,0,0
30245,20:01:56,113.869202,22.5762,0,0
30245,20:02:26,113.8675,22.5774,0,33
30245,20:02:56,113.864197,22.5802,0,0
30245,20:03:26,113.863899,22.5805,0,11
30245,20:03:56,113.8619,22.5791,0,30
30245,20:04:26,113.860703,22.577999,0,0
30245,20:05:56,113.860298,22.577499,0,7
30245,20:06:26,113.858803,22.5776,0,20
30245,20:06:56,113.857002,22.5791,0,21
30245,20:07:26,113.854897,22.5811,0,0
30245,20:08:26,113.852997,22.5825,0,22
30245,20:08:56,113.850403,22.5812,0,34
30245,20:09:26,113.848701,22.5795,0,23
30245,20:09:54,113.848396,22.579201,0,0
30245,20:10:24,113.8489,22.579599,0,8
30245,20:10:54,113.848999,22.5797,0,0
30245,20:11:55,113.849503,22.5802,0,14
30245,20:12:25,113.851303,22.582001,0,25
30245,20:13:25,113.854401,22.581301,0,0
30245,20:13:55,113.854401,22.581301,0,0
30245,20:14:25,113.854401,22.581301,0,0
30245,20:15:25,113.8592,22.577101,0,14
30245,20:15:55,113.859299,22.577,0,0
30245,20:16:25,113.859703,22.576799,0,6
30245,20:16:55,113.857903,22.5783,0,19
30245,20:17:25,113.857201,22.5791,0,0
30245,20:17:55,113.857201,22.5791,0,0
30245,20:18:25,113.857201,22.5791,0,0
30245,20:18:55,113.857201,22.5791,0,0
30245,20:19:25,113.857201,22.5791,0,0
30245,20:19:55,113.857201,22.5791,0,0
30245,20:20:06,113.857201,22.5791,0,0
30245,20:20:36,113.856003,22.58,0,24
30245,20:21:06,113.855202,22.5818,0,21
30245,20:22:06,113.858002,22.584801,0,6
30245,20:22:36,113.858597,22.5847,0,17
30245,20:23:36,113.862701,22.5814,0,0
30245,20:24:06,113.862701,22.5814,0,0
30245,20:24:36,113.862701,22.5814,0,0
30245,20:25:06,113.862999,22.580999,0,7
30245,20:25:36,113.864502,22.581499,0,22
30245,20:26:06,113.865601,22.5825,0,5
30245,20:26:36,113.865799,22.5826,0,4
30245,20:27:06,113.866302,22.5832,0,9
30245,20:29:06,113.877998,22.591801,0,19
30245,20:29:36,113.879402,22.5916,0,11
30245,20:30:06,113.880402,22.590599,0,3
30245,20:31:36,113.877403,22.5877,0,0
30245,20:32:36,113.877197,22.5875,0,1
30245,20:34:36,113.876297,22.5868,0,0
30245,20:35:06,113.875397,22.5865,0,13
30245,20:35:36,113.874397,22.5875,0,0
30245,20:35:48,113.874397,22.5875,0,0
30245,20:36:18,113.874298,22.5875,0,5
30245,20:36:48,113.875603,22.586201,0,3
30245,20:37:12,113.875603,22.586201,0,0
30245,20:37:42,113.875504,22.586399,0,7
30245,20:40:13,113.870003,22.593901,0,24
30245,20:41:15,113.870697,22.5928,0,17
30245,20:43:15,113.875198,22.586599,0,15
30245,20:43:45,113.875397,22.586399,0,0
30245,20:44:15,113.8759,22.585899,0,0
30245,20:45:08,113.8759,22.585899,0,0
30245,20:47:08,113.874397,22.5868,0,14
30245,20:48:38,113.872002,22.5877,0,13
30245,20:49:38,113.866302,22.583599,0,23
30245,20:50:08,113.8657,22.583099,0,0
30245,20:50:38,113.8657,22.583099,0,0
30245,20:51:38,113.864799,22.582199,0,22
30245,20:52:08,113.864197,22.581499,0,0
30245,20:54:08,113.861298,22.578501,0,19
30245,20:55:08,113.860199,22.5774,0,0
30245,20:55:38,113.860001,22.5772,0,12
30245,20:56:38,113.853699,22.570601,0,33
30245,20:57:08,113.853203,22.57,0,0
30245,20:57:38,113.853203,22.57,0,0
30245,20:58:08,113.853203,22.57,0,0
30245,20:58:38,113.853203,22.57,0,0
30245,20:59:08,113.854301,22.568701,0,16
30245,20:59:38,113.855003,22.5681,0,0
30245,20:59:46,113.855003,22.5681,0,0
30245,21:00:16,113.8554,22.567801,0,20
30245,21:00:46,113.8573,22.566299,0,26
30245,21:01:46,113.859497,22.564501,0,0
30245,21:02:17,113.860199,22.564899,0,24
30245,21:02:47,113.861603,22.566601,0,5
30245,21:03:47,113.863098,22.5683,0,0
30245,21:04:17,113.863998,22.5695,0,23
30245,21:04:47,113.864899,22.5707,0,6
30245,21:05:17,113.865303,22.571301,0,0
30245,21:06:48,113.865303,22.5725,0,0
30245,21:07:18,113.865303,22.5725,0,0
30245,21:07:48,113.865303,22.5725,0,0
30245,21:08:18,113.865303,22.5725,0,0
30245,21:08:48,113.865303,22.5725,0,0
30245,21:09:18,113.865303,22.5725,0,0
30245,21:09:48,113.865303,22.5725,0,0
30245,21:09:50,113.865303,22.5725,0,0
30245,21:11:20,113.863098,22.5742,0,18
30245,21:12:20,113.860397,22.5774,0,24
30245,21:12:50,113.8629,22.58,0,7
30245,21:13:20,113.862999,22.58,0,0
30245,21:15:20,113.866203,22.5832,0,12
30245,21:15:50,113.868599,22.584999,0,26
30245,21:16:20,113.872002,22.5875,0,28
30245,21:16:50,113.875801,22.5905,0,30
30245,21:19:50,113.874702,22.598301,0,9
30245,21:20:20,113.875702,22.5991,0,9
30245,21:20:50,113.876503,22.5998,0,9
30245,21:22:04,113.879898,22.602699,0,21
30245,21:22:34,113.880997,22.602699,0,0
30245,21:23:04,113.880997,22.602699,0,0
30245,21:24:27,113.877701,22.6008,0,6
30245,21:24:57,113.876999,22.600201,0,11
30245,21:27:27,113.869598,22.594801,0,13
30245,21:27:57,113.867699,22.596901,0,24
30245,21:28:57,113.863701,22.6007,0,30
30245,21:29:57,113.859001,22.6043,0,13
30245,21:30:27,113.857399,22.6042,0,11
30245,21:31:27,113.852997,22.6047,0,8
30245,21:31:57,113.8507,22.603901,0,12
30245,21:32:28,113.848701,22.603399,0,11
30245,21:32:58,113.847298,22.602699,0,10
30245,21:33:28,113.846298,22.601999,0,9
30245,21:33:58,113.845299,22.601,0,6
30245,21:34:28,113.8452,22.6008,0,0
30245,21:35:58,113.843399,22.5991,0,6
30245,21:36:58,113.842201,22.597601,0,7
30245,21:37:28,113.841698,22.5968,0,6
30245,21:39:58,113.840698,22.593599,0,4
30245,21:40:28,113.840103,22.592899,0,6
30245,21:40:58,113.840202,22.592199,0,7
30245,21:41:28,113.840401,22.591101,0,0
30245,21:41:58,113.839897,22.5905,0,0
30245,21:42:42,113.8395,22.59,0,6
30245,21:44:13,113.837799,22.5921,0,8
30245,21:44:43,113.838501,22.592899,0,7
30245,21:45:13,113.8395,22.5938,0,11
30245,21:45:43,113.8405,22.5952,0,6
30245,21:46:43,113.841797,22.597,0,10
30245,21:47:13,113.842598,22.598301,0,10
30245,21:47:43,113.843498,22.5991,0,8
30245,21:48:13,113.843697,22.5993,0,0
30245,21:48:43,113.843697,22.5993,0,0
30245,21:49:13,113.843697,22.5993,0,0
30245,21:49:43,113.843903,22.5994,0,0
30245,21:50:13,113.843903,22.5994,0,0
30245,21:50:43,113.8451,22.5973,0,33
30245,21:51:43,113.853897,22.587799,0,42
30245,21:52:43,113.859497,22.584,0,20
30245,21:53:13,113.862297,22.5816,0,23
30245,21:53:43,113.863297,22.580601,0,13
30245,21:54:13,113.866302,22.5781,0,36
30245,21:56:43,113.875099,22.572001,0,5
30245,21:57:13,113.874199,22.572901,0,15
30245,21:58:07,113.871498,22.5748,0,0
30245,21:59:07,113.871498,22.5748,0,0
30245,21:59:37,113.871498,22.5748,0,0
30245,22:00:08,113.871498,22.5748,0,0
30245,22:00:38,113.871498,22.5748,0,0
30245,22:01:08,113.871498,22.5748,0,0
30245,22:01:11,113.871498,22.5748,0,0
30245,22:02:41,113.872002,22.5741,0,41
30245,22:04:11,113.882301,22.5655,0,28
30245,22:07:11,113.896103,22.555201,0,29
30245,22:07:41,113.8992,22.555799,0,27
30245,22:08:06,113.899696,22.555401,0,0
30245,22:08:36,113.899696,22.555401,0,0
30245,22:09:09,113.898201,22.556601,0,0
30245,22:09:39,113.898201,22.556601,0,0
30245,22:10:09,113.898201,22.556601,0,0
30245,22:10:39,113.898201,22.556601,0,0
30245,22:12:09,113.8927,22.560801,0,0
30245,22:12:39,113.891701,22.5618,0,14
30245,22:13:09,113.890602,22.562799,0,20
30245,22:13:39,113.890099,22.564301,0,23
30245,22:15:09,113.887802,22.5723,0,44
30245,22:16:10,113.883003,22.5783,0,17
30245,22:16:40,113.884201,22.5793,0,12
30245,22:17:10,113.885101,22.580099,0,0
30245,22:17:40,113.885101,22.580099,0,0
30245,22:18:10,113.885101,22.580099,0,0
30245,22:18:40,113.885201,22.580299,0,6
30245,22:19:10,113.886703,22.581499,0,0
30245,22:19:28,113.886902,22.581699,0,14
30245,22:19:58,113.889,22.582199,0,19
30245,22:20:43,113.891602,22.5795,0,24
30245,22:22:43,113.898201,22.5711,0,24
30245,22:23:13,113.896698,22.569799,0,0
30245,22:23:43,113.8964,22.569599,0,6
30245,22:24:14,113.897499,22.568399,0,15
30245,22:24:44,113.898697,22.567301,0,6
30245,22:25:14,113.898499,22.566,0,19
30245,22:25:44,113.898003,22.5639,0,25
30245,22:26:09,113.8983,22.563499,0,0
30245,22:27:31,113.894096,22.5658,0,30
30245,22:28:31,113.890404,22.5646,0,4
30245,22:29:01,113.889099,22.564301,0,24
30245,22:30:01,113.890099,22.566799,0,0
30245,22:30:17,113.890099,22.566799,0,0
30245,22:31:17,113.890297,22.566299,0,0
30245,22:32:17,113.889397,22.565599,0,17
30245,22:33:17,113.886398,22.5669,0,0
30245,22:33:54,113.884499,22.5688,0,27
30245,22:34:24,113.882401,22.570801,0,0
30245,22:34:54,113.882004,22.571199,0,20
30245,22:35:24,113.880302,22.572701,0,7
30245,22:35:54,113.878899,22.571301,0,20
30245,22:36:20,113.878403,22.570999,0,11
30245,22:36:45,113.877701,22.570299,0,0
30245,22:37:15,113.876099,22.571501,0,12
30245,22:38:45,113.879601,22.575399,0,18
30245,22:39:15,113.881699,22.5772,0,19
30245,22:39:45,113.884903,22.580099,0,26
30245,22:41:15,113.881798,22.5837,0,17
30245,22:41:45,113.881599,22.584101,0,0
30245,22:42:16,113.880096,22.5858,0,22
30245,22:42:46,113.877899,22.5879,0,8
30245,22:43:45,113.876602,22.587,0,0
30245,22:45:45,113.8759,22.585899,0,0
30245,22:46:15,113.8759,22.585899,0,0
30245,22:47:12,113.8759,22.585899,0,0
30245,22:47:42,113.8769,22.5872,0,29
30245,22:48:12,113.8797,22.589399,0,28
30245,22:49:12,113.878799,22.5926,0,16
30245,22:49:42,113.875198,22.5961,0,40
30245,22:50:42,113.876602,22.599899,0,8
30245,22:51:42,113.878304,22.601299,0,21
30245,22:52:18,113.875603,22.5991,0,18
30245,22:52:48,113.874298,22.598,0,15
30245,22:53:18,113.874001,22.597601,0,0
30245,22:54:18,113.874001,22.597601,0,0
30245,22:54:48,113.875298,22.5958,0,21
30245,22:56:17,113.875198,22.5902,0,36
30245,22:56:47,113.871101,22.589199,0,26
30245,22:58:17,113.863197,22.6015,0,27
30245,22:59:17,113.858299,22.604401,0,10
30245,22:59:47,113.856003,22.6038,0,15
30245,23:01:47,113.848602,22.6035,0,18
30245,23:02:17,113.846901,22.6026,0,11
30245,23:03:17,113.844902,22.600599,0,15
30245,23:03:47,113.843903,22.5994,0,0
30245,23:04:17,113.843903,22.5994,0,0
30245,23:04:47,113.843903,22.5994,0,0
30245,23:05:17,113.843903,22.5994,0,0
30245,23:05:47,113.843903,22.5994,0,0
30245,23:07:19,113.843903,22.5994,0,0
30245,23:07:49,113.843903,22.5994,0,0
30245,23:09:36,113.841003,22.606199,0,34
30245,23:10:36,113.840401,22.607599,0,24
30245,23:11:36,113.836502,22.6159,0,35
30245,23:12:36,113.839699,22.620501,0,40
30245,23:13:06,113.845901,22.622101,0,30
30245,23:13:36,113.848701,22.621401,0,32
30245,23:14:06,113.850098,22.6182,0,24
30245,23:15:36,113.851303,22.6196,0,26
30245,23:16:06,113.848,22.6229,0,33
30245,23:16:36,113.845497,22.6262,0,33
30245,23:17:06,113.842903,22.631001,0,41
30245,23:17:36,113.839203,22.635,0,42
30245,23:18:06,113.834801,22.6397,0,45
30245,23:19:36,113.8228,22.6537,0,38
30245,23:20:06,113.822502,22.659599,0,42
30245,23:20:37,113.8237,22.665501,0,43
30245,23:21:37,113.823997,22.6733,0,6
30245,23:22:07,113.827103,22.6735,0,30
30245,23:22:37,113.829903,22.6737,0,19
30245,23:23:07,113.831001,22.674999,0,13
30245,23:23:37,113.831001,22.6751,0,0
30245,23:24:36,113.830902,22.6772,0,9
30245,23:25:06,113.8283,22.6772,0,17
30245,23:25:36,113.8255,22.6772,0,16
30245,23:27:06,113.824303,22.6772,0,0
30245,23:27:36,113.823402,22.676901,0,17
30245,23:28:06,113.823402,22.6744,0,22
30245,23:28:36,113.823402,22.673201,0,1
30245,23:29:06,113.823402,22.6731,0,0
30245,23:29:36,113.823402,22.672899,0,0
30245,23:30:06,113.823402,22.671499,0,22
30245,23:31:36,113.821899,22.658199,0,26
30245,23:32:06,113.821999,22.6553,0,34
30245,23:32:36,113.824898,22.6511,0,41
30245,23:33:06,113.8283,22.6474,0,35
30245,23:33:36,113.830704,22.6439,0,0
30245,23:33:39,113.830704,22.6439,0,0
30245,23:34:09,113.832901,22.6413,0,32
30245,23:35:39,113.8442,22.628401,0,36
30245,23:36:09,113.846603,22.624001,0,35
30245,23:36:39,113.848999,22.6213,0,22
30245,23:37:09,113.850502,22.619301,0,14
30245,23:37:39,113.851402,22.618,0,30
30245,23:39:09,113.857201,22.6141,0,18
30245,23:39:39,113.857697,22.6133,0,26
30245,23:40:40,113.8657,22.6054,0,8
30245,23:41:10,113.869003,22.6022,0,49
30245,23:41:40,113.873199,22.5979,0,16
30245,23:42:40,113.874702,22.5982,0,16
30245,23:43:36,113.874397,22.598,0,17
30245,23:44:06,113.874001,22.5977,0,0
30245,23:44:36,113.874001,22.5977,0,0
30245,23:45:16,113.875099,22.596001,0,0
30245,23:45:46,113.877197,22.593901,0,28
30245,23:46:16,113.878403,22.592699,0,0
30245,23:46:46,113.878403,22.592699,0,0
30245,23:48:16,113.8862,22.584999,0,30
30245,23:49:46,113.889801,22.5814,0,32
30245,23:50:47,113.892097,22.5791,0,0
30245,23:51:17,113.8936,22.577499,0,31
30245,23:51:47,113.895103,22.574699,0,20
30245,23:52:17,113.893097,22.5728,0,13
30245,23:52:47,113.895203,22.5707,0,15
30245,23:53:17,113.896004,22.569401,0,18
