35099,00:00:09,114.054153,22.582518,1,71
35099,00:01:04,114.049187,22.591118,1,72
35099,00:01:59,114.046036,22.598667,1,59
35099,00:02:54,114.043915,22.603933,1,45
35099,00:03:49,114.041267,22.604267,1,40
35099,00:04:44,114.040398,22.6084,1,39
35099,00:05:39,114.039116,22.6136,1,39
35099,00:06:05,114.038116,22.61545,0,31
35099,00:07:00,114.038116,22.61545,0,0
35099,00:07:55,114.037651,22.615917,0,2
35099,00:08:50,114.036667,22.617216,0,11
35099,00:09:45,114.033852,22.615517,0,21
35099,00:10:40,114.03318,22.615101,0,3
35099,00:11:35,114.03318,22.615101,0,0
35099,00:12:30,114.029648,22.612749,0,25
35099,00:13:25,114.026352,22.610718,0,24
35099,00:14:20,114.021881,22.609734,0,36
35099,00:15:15,114.02298,22.610399,0,12
35099,00:16:10,114.022385,22.610901,0,4
35099,00:17:05,114.022385,22.610901,0,0
35099,00:18:00,114.022385,22.610901,0,0
35099,00:18:55,114.021614,22.610634,0,0
35099,00:19:50,114.020782,22.610832,0,0
35099,00:20:45,114.020782,22.610832,0,0
35099,00:21:40,114.022003,22.6112,0,0
35099,00:22:35,114.021584,22.610683,0,2
35099,00:23:30,114.021233,22.611233,0,1
35099,00:25:20,114.021652,22.610083,0,11
35099,00:26:15,114.02562,22.610033,0,37
35099,00:27:10,114.030365,22.610451,0,42
35099,00:28:05,114.031853,22.608868,0,14
35099,00:29:00,114.034203,22.609667,0,16
35099,00:30:50,114.0383,22.607567,0,2
35099,00:31:46,114.039886,22.605667,0,14
35099,00:32:41,114.04155,22.602467,0,28
35099,00:33:36,114.038071,22.599716,0,30
35099,00:34:31,114.032898,22.603951,0,48
35099,00:35:26,114.029816,22.606968,0,29
35099,00:36:21,114.027931,22.609833,0,21
35099,00:37:16,114.027229,22.611233,0,32
35099,00:38:11,114.021866,22.609751,0,44
35099,00:39:06,114.022583,22.609966,0,8
35099,00:40:01,114.022003,22.611217,0,10
35099,00:40:56,114.022003,22.611217,0,0
35099,00:41:51,114.022003,22.611217,0,0
35099,00:42:46,114.022003,22.611217,0,0
35099,00:43:41,114.022003,22.611217,0,0
35099,00:44:36,114.022003,22.611217,0,0
35099,00:45:31,114.022003,22.611217,0,0
35099,00:46:26,114.022003,22.611217,0,0
35099,00:47:21,114.022003,22.611217,0,0
35099,00:48:16,114.022003,22.611217,0,0
35099,00:49:11,114.022003,22.611217,0,0
35099,00:50:06,114.022003,22.611217,0,0
35099,00:51:01,114.022003,22.611217,0,0
35099,00:51:56,114.022003,22.611217,0,0
35099,00:52:51,114.022003,22.611217,0,0
35099,00:53:46,114.022003,22.611217,0,0
35099,00:54:41,114.022003,22.611217,0,0
35099,00:55:36,114.022003,22.611217,0,0
35099,00:56:31,114.022003,22.611217,0,0
35099,00:57:26,114.022003,22.611217,0,0
35099,00:58:21,114.022003,22.611217,0,0
35099,00:59:16,114.022003,22.611217,0,0
35099,01:00:11,114.022003,22.611217,0,0
35099,01:01:06,114.022003,22.611217,0,0
35099,01:02:01,114.022003,22.611217,0,0
35099,01:02:56,114.022003,22.611217,0,0
35099,01:03:51,114.022003,22.611217,0,0
35099,01:04:46,114.022003,22.611217,0,0
35099,01:06:36,114.022003,22.611217,0,0
35099,01:08:26,114.022003,22.611217,0,0
35099,01:09:21,114.022003,22.611217,0,0
35099,01:10:16,114.022003,22.611217,0,0
35099,01:11:11,114.022003,22.611217,0,0
35099,01:12:06,114.022003,22.611217,0,0
35099,01:13:01,114.022003,22.611217,0,0
35099,01:13:56,114.022003,22.611217,0,0
35099,01:14:51,114.022003,22.611217,0,0
35099,01:15:46,114.022003,22.611217,0,0
35099,01:17:36,114.022003,22.611217,0,0
35099,01:18:31,114.022003,22.611217,0,0
35099,01:20:21,114.022003,22.611217,0,0
35099,01:21:16,114.022003,22.611217,0,0
35099,01:22:11,114.022003,22.611217,0,0
35099,01:23:06,114.022003,22.611217,0,0
35099,01:24:01,114.022003,22.611217,0,0
35099,01:24:56,114.022003,22.611217,0,0
35099,01:25:51,114.022003,22.611217,0,0
35099,01:26:46,114.022003,22.611217,0,0
35099,01:27:41,114.021797,22.610849,0,0
35099,01:28:36,114.021736,22.61025,0,0
35099,01:30:26,114.022598,22.61025,0,0
35099,01:35:40,114.022285,22.60885,1,25
35099,01:36:35,114.026421,22.610518,1,33
35099,01:37:29,114.031769,22.60885,1,52
35099,01:38:25,114.034668,22.606518,1,23
35099,01:39:20,114.036247,22.605249,1,14
35099,01:40:14,114.038902,22.606783,1,24
35099,01:41:10,114.043404,22.601334,1,47
35099,01:42:05,114.046616,22.595266,1,53
35099,01:42:59,114.052002,22.588051,1,65
35099,01:43:55,114.055481,22.579832,1,63
35099,01:44:50,114.060867,22.575001,1,54
35099,01:45:45,114.062103,22.566999,1,58
35099,01:46:40,114.068336,22.569017,1,57
35099,01:47:35,114.078018,22.572567,1,71
35099,01:48:30,114.086334,22.567383,1,73
35099,01:49:25,114.095367,22.568417,1,64
35099,01:50:20,114.104553,22.573334,1,71
35099,01:51:15,114.114136,22.576532,1,70
35099,01:52:10,114.125069,22.576918,1,73
35099,01:53:05,114.135834,22.576117,1,74
35099,01:54:00,114.137154,22.566982,1,75
35099,01:54:55,114.139984,22.558416,1,70
35099,01:55:50,114.140846,22.55575,1,49
35099,01:56:45,114.143547,22.553034,1,35
35099,01:57:40,114.143219,22.550934,1,15
35099,01:58:35,114.1427,22.550467,1,3
35099,01:58:57,114.140984,22.549982,0,28
35099,01:59:52,114.140984,22.549982,0,0
35099,02:00:47,114.137436,22.549717,0,17
35099,02:01:42,114.130684,22.5487,0,45
35099,02:02:37,114.12413,22.547518,0,44
35099,02:03:32,114.122665,22.546534,0,7
35099,02:04:27,114.11747,22.545868,0,36
35099,02:06:17,114.117569,22.545218,0,0
35099,02:07:12,114.117569,22.545218,0,0
35099,02:08:07,114.117569,22.545218,0,0
35099,02:09:02,114.117569,22.545218,0,0
35099,02:09:57,114.117569,22.545218,0,0
35099,02:10:52,114.117569,22.545218,0,0
35099,02:11:47,114.117569,22.545218,0,0
35099,02:12:42,114.117569,22.545218,0,0
35099,02:13:37,114.117569,22.545218,0,0
35099,02:14:32,114.117569,22.545218,0,0
35099,02:15:10,114.117569,22.545218,1,0
35099,02:16:05,114.117981,22.54435,1,8
35099,02:17:00,114.117699,22.545134,1,8
35099,02:17:55,114.117233,22.54645,1,9
35099,02:18:50,114.117767,22.552,1,35
35099,02:19:45,114.121468,22.557568,1,47
35099,02:20:40,114.118713,22.563049,1,44
35099,02:21:35,114.117752,22.571251,1,60
35099,02:22:30,114.118584,22.570868,1,4
35099,02:23:25,114.120033,22.5711,1,8
35099,02:24:20,114.117798,22.574751,1,37
35099,02:25:15,114.113968,22.583467,1,67
35099,02:25:52,114.113029,22.585632,0,27
35099,02:27:41,114.109848,22.58955,0,33
35099,02:28:37,114.111099,22.595934,0,47
35099,02:29:32,114.111832,22.596817,0,7
35099,02:30:26,114.111832,22.596817,0,0
35099,02:31:22,114.111832,22.596817,0,0
35099,02:32:17,114.111832,22.596817,0,0
35099,02:33:11,114.111832,22.596817,0,0
35099,02:34:07,114.111832,22.596817,0,0
35099,02:35:02,114.111832,22.596817,0,0
35099,02:35:56,114.111832,22.596817,0,0
35099,02:36:52,114.111832,22.596817,0,0
35099,02:37:47,114.111832,22.596817,0,0
35099,02:38:41,114.111832,22.596817,0,0
35099,02:39:37,114.111832,22.596817,0,0
35099,02:40:32,114.111832,22.596817,0,0
35099,02:41:26,114.111832,22.596817,0,0
35099,02:43:17,114.111832,22.596817,0,0
35099,02:44:11,114.114052,22.596466,0,15
35099,02:46:02,114.119202,22.59655,0,2
35099,02:46:56,114.120735,22.598183,0,21
35099,02:47:52,114.120735,22.5982,0,0
35099,02:48:47,114.120735,22.5982,0,0
35099,02:49:41,114.120735,22.5982,0,0
35099,02:50:37,114.120735,22.5982,0,0
35099,02:51:32,114.120735,22.5982,0,0
35099,02:53:22,114.120735,22.5982,0,0
35099,02:54:17,114.120735,22.5982,0,0
35099,02:55:12,114.120735,22.5982,0,0
35099,02:56:07,114.120735,22.5982,0,0
35099,02:57:02,114.120735,22.5982,0,0
35099,02:57:57,114.120735,22.5982,0,0
35099,02:58:52,114.120735,22.5982,0,0
35099,02:59:47,114.120735,22.5982,0,0
35099,03:00:42,114.120735,22.5982,0,0
35099,03:01:37,114.120735,22.5982,0,0
35099,03:02:32,114.120735,22.5982,0,0
35099,03:03:27,114.120735,22.5982,0,0
35099,03:04:22,114.120735,22.5982,0,0
35099,03:05:17,114.120735,22.5982,0,0
35099,03:06:12,114.120735,22.5982,0,0
35099,03:07:07,114.120735,22.5982,0,0
35099,03:08:02,114.120735,22.5982,0,0
35099,03:08:57,114.120735,22.5982,0,0
35099,03:09:52,114.120735,22.5982,0,0
35099,03:10:47,114.120735,22.5982,0,0
35099,03:11:42,114.120735,22.5982,0,0
35099,03:12:37,114.120735,22.5982,0,0
35099,03:13:32,114.120735,22.5982,0,0
35099,03:14:27,114.120735,22.5982,0,0
35099,03:15:22,114.120735,22.5982,0,0
35099,03:16:17,114.120735,22.5982,0,0
35099,03:17:12,114.120735,22.5982,0,0
35099,03:18:07,114.120735,22.5982,0,0
35099,03:19:02,114.120735,22.5982,0,0
35099,03:19:57,114.120735,22.5982,0,0
35099,03:20:52,114.120735,22.5982,0,0
35099,03:21:47,114.120735,22.5982,0,0
35099,03:22:42,114.120735,22.5982,0,0
35099,03:23:37,114.120735,22.5982,0,0
35099,03:24:32,114.120735,22.5982,0,0
35099,03:25:27,114.120735,22.5982,0,0
35099,03:26:22,114.120735,22.5982,0,0
35099,03:27:17,114.120735,22.5982,0,0
35099,03:28:12,114.120735,22.5982,0,0
35099,03:29:07,114.120735,22.5982,0,0
35099,03:30:02,114.120735,22.5982,0,0
35099,03:30:57,114.120735,22.5982,0,0
35099,03:31:52,114.120735,22.5982,0,0
35099,03:32:47,114.120735,22.5982,0,0
35099,03:33:42,114.120735,22.5982,0,0
35099,03:34:37,114.120735,22.5982,0,0
35099,03:35:32,114.120735,22.5982,0,0
35099,03:36:27,114.120735,22.5982,0,0
35099,03:37:22,114.120735,22.5982,0,0
35099,03:38:17,114.120735,22.5982,0,0
35099,03:39:12,114.120735,22.5982,0,0
35099,03:40:07,114.120735,22.5982,0,0
35099,03:41:02,114.120735,22.5982,0,0
35099,03:41:57,114.120735,22.5982,0,0
35099,03:42:52,114.120735,22.5982,0,0
35099,03:43:47,114.120735,22.5982,0,0
35099,03:44:42,114.120735,22.5982,0,0
35099,03:45:37,114.120735,22.5982,0,0
35099,03:46:32,114.120735,22.5982,0,0
35099,03:47:27,114.120735,22.5982,0,0
35099,03:48:22,114.120735,22.5982,0,0
35099,03:49:17,114.120735,22.5982,0,0
35099,03:50:12,114.120735,22.5982,0,0
35099,03:51:07,114.120735,22.5982,0,0
35099,03:52:02,114.120735,22.5982,0,0
35099,03:52:57,114.120735,22.5982,0,0
35099,03:53:52,114.120735,22.5982,0,0
35099,03:54:47,114.120735,22.5982,0,0
35099,03:55:42,114.120735,22.5982,0,0
35099,03:56:37,114.120735,22.5982,0,0
35099,03:57:32,114.120735,22.5982,0,0
35099,03:58:27,114.120735,22.5982,0,0
35099,03:59:22,114.120735,22.5982,0,0
35099,04:00:17,114.120735,22.5982,0,0
35099,04:01:12,114.120735,22.5982,0,0
35099,04:02:07,114.120735,22.5982,0,0
35099,04:03:02,114.120735,22.5982,0,0
35099,04:03:58,114.120735,22.5982,0,0
35099,04:04:52,114.120735,22.5982,0,0
35099,04:05:47,114.120735,22.5982,0,0
35099,04:06:43,114.120735,22.5982,0,0
35099,04:07:38,114.120735,22.5982,0,0
35099,04:08:32,114.120735,22.5982,0,0
35099,04:09:28,114.120735,22.5982,0,0
35099,04:10:23,114.120735,22.5982,0,0
35099,04:11:17,114.120735,22.5982,0,0
35099,04:12:13,114.120735,22.5982,0,0
35099,04:13:08,114.120735,22.5982,0,0
35099,04:14:02,114.120735,22.5982,0,0
35099,04:14:58,114.120735,22.5982,0,0
35099,04:15:53,114.120735,22.5982,0,0
35099,04:16:47,114.120735,22.5982,0,0
35099,04:17:43,114.120735,22.5982,0,0
35099,04:18:38,114.120735,22.5982,0,0
35099,04:19:32,114.120735,22.5982,0,0
35099,04:20:28,114.120735,22.5982,0,0
35099,04:21:23,114.120735,22.5982,0,0
35099,04:22:17,114.120735,22.5982,0,0
35099,04:23:13,114.120735,22.5982,0,0
35099,04:24:08,114.120735,22.5982,0,0
35099,04:25:02,114.120735,22.5982,0,0
35099,04:25:58,114.120735,22.5982,0,0
35099,04:26:53,114.120735,22.5982,0,0
35099,04:27:47,114.120735,22.5982,0,0
35099,04:28:43,114.120735,22.5982,0,0
35099,04:29:38,114.120735,22.5982,0,0
35099,04:30:33,114.120735,22.5982,0,0
35099,04:32:23,114.120735,22.5982,0,0
35099,04:34:13,114.120735,22.5982,0,0
35099,04:35:08,114.120735,22.5982,0,0
35099,04:36:03,114.120735,22.5982,0,0
35099,04:36:58,114.120735,22.5982,0,0
35099,04:37:53,114.120735,22.5982,0,0
35099,04:38:48,114.120735,22.5982,0,0
35099,04:39:43,114.120735,22.5982,0,0
35099,04:40:38,114.120735,22.5982,0,0
35099,04:41:34,114.120735,22.5982,0,0
35099,04:42:29,114.120735,22.5982,0,0
35099,04:43:23,114.120735,22.5982,0,0
35099,04:44:19,114.120735,22.5982,0,0
35099,04:45:14,114.120735,22.5982,0,0
35099,04:46:08,114.120735,22.5982,0,0
35099,04:47:04,114.120735,22.5982,0,0
35099,04:47:59,114.120735,22.5982,0,0
35099,04:48:53,114.120735,22.5982,0,0
35099,04:49:49,114.120735,22.5982,0,0
35099,04:50:44,114.120735,22.5982,0,0
35099,04:51:38,114.120735,22.5982,0,0
35099,04:52:34,114.120735,22.5982,0,0
35099,04:53:29,114.120735,22.5982,0,0
35099,04:54:23,114.120735,22.5982,0,0
35099,04:55:19,114.120735,22.5982,0,0
35099,04:56:14,114.120735,22.5982,0,0
35099,04:57:08,114.120735,22.5982,0,0
35099,04:58:04,114.120735,22.5982,0,0
35099,04:58:59,114.120735,22.5982,0,0
35099,04:59:53,114.120735,22.5982,0,0
35099,05:00:49,114.120735,22.5982,0,0
35099,05:01:44,114.120735,22.5982,0,0
35099,05:02:38,114.120735,22.5982,0,0
35099,05:04:29,114.120735,22.5982,0,0
35099,05:05:23,114.120735,22.5982,0,0
35099,05:06:19,114.120735,22.5982,0,0
35099,05:07:14,114.120735,22.5982,0,0
35099,05:08:08,114.120735,22.5982,0,0
35099,05:09:04,114.120735,22.5982,0,0
35099,05:09:59,114.120735,22.5982,0,0
35099,05:10:53,114.120735,22.5982,0,0
35099,05:11:49,114.120735,22.5982,0,0
35099,05:12:44,114.120735,22.5982,0,0
35099,05:13:38,114.120735,22.5982,0,0
35099,05:14:34,114.120735,22.5982,0,0
35099,05:15:29,114.120735,22.5982,0,0
35099,05:16:23,114.120735,22.5982,0,0
35099,05:17:19,114.120735,22.5982,0,0
35099,05:18:14,114.120735,22.5982,0,0
35099,05:19:08,114.120735,22.5982,0,0
35099,05:20:04,114.120735,22.5982,0,0
35099,05:20:59,114.120735,22.5982,0,0
35099,05:21:53,114.120735,22.5982,0,0
35099,05:22:49,114.120735,22.5982,0,0
35099,05:23:44,114.120735,22.5982,0,0
35099,05:24:39,114.120735,22.5982,0,0
35099,05:25:34,114.120735,22.5982,0,0
35099,05:26:29,114.120735,22.5982,0,0
35099,05:27:24,114.120735,22.5982,0,0
35099,05:28:19,114.120735,22.5982,0,0
35099,05:29:14,114.120735,22.5982,0,0
35099,05:30:09,114.120735,22.5982,0,0
35099,05:31:04,114.120735,22.5982,0,0
35099,05:31:59,114.120735,22.5982,0,0
35099,05:32:54,114.120735,22.5982,0,0
35099,05:33:49,114.120735,22.5982,0,0
35099,05:34:44,114.120735,22.5982,0,0
35099,05:35:39,114.120735,22.5982,0,0
35099,05:36:34,114.120735,22.5982,0,0
35099,05:37:29,114.120735,22.5982,0,0
35099,05:38:24,114.120735,22.5982,0,0
35099,05:39:19,114.120735,22.5982,0,0
35099,05:40:14,114.120735,22.5982,0,0
35099,05:41:09,114.120735,22.5982,0,0
35099,05:42:04,114.120735,22.5982,0,0
35099,05:42:59,114.120735,22.5982,0,0
35099,05:43:54,114.120735,22.5982,0,0
35099,05:44:49,114.120735,22.5982,0,0
35099,05:45:44,114.120735,22.5982,0,0
35099,05:46:39,114.120735,22.5982,0,0
35099,05:47:34,114.120735,22.5982,0,0
35099,05:48:29,114.120735,22.5982,0,0
35099,05:49:24,114.120735,22.5982,0,0
35099,05:50:19,114.120735,22.5982,0,0
35099,05:51:14,114.120735,22.5982,0,0
35099,05:52:09,114.120735,22.5982,0,0
35099,05:53:04,114.120735,22.5982,0,0
35099,05:53:59,114.120735,22.5982,0,0
35099,05:54:54,114.120735,22.5982,0,0
35099,05:55:49,114.120735,22.5982,0,0
35099,05:56:44,114.120735,22.5982,0,0
35099,05:57:39,114.120735,22.5982,0,0
35099,05:58:34,114.120735,22.5982,0,0
35099,05:59:29,114.120735,22.5982,0,0
35099,06:00:24,114.120735,22.5982,0,0
35099,06:01:19,114.120735,22.5982,0,0
35099,06:02:14,114.120735,22.5982,0,0
35099,06:03:09,114.120735,22.5982,0,0
35099,06:04:04,114.120735,22.5982,0,0
35099,06:04:59,114.120735,22.5982,0,0
35099,06:05:54,114.120735,22.5982,0,0
35099,06:06:49,114.120735,22.5982,0,0
35099,06:07:44,114.120735,22.5982,0,0
35099,06:08:39,114.120735,22.5982,0,0
35099,06:09:34,114.120735,22.5982,0,0
35099,06:10:29,114.120735,22.5982,0,0
35099,06:11:24,114.120735,22.5982,0,0
35099,06:12:19,114.120735,22.5982,0,0
35099,06:13:14,114.120735,22.5982,0,0
35099,06:14:09,114.120735,22.5982,0,0
35099,06:15:04,114.120735,22.5982,0,0
35099,06:15:59,114.120735,22.5982,0,0
35099,06:16:54,114.120735,22.5982,0,0
35099,06:17:49,114.120735,22.5982,0,0
35099,06:18:44,114.120735,22.5982,0,0
35099,06:19:39,114.120735,22.5982,0,0
35099,06:20:34,114.120735,22.5982,0,0
35099,06:21:29,114.120735,22.5982,0,0
35099,06:22:24,114.120735,22.5982,0,0
35099,06:23:19,114.120735,22.5982,0,0
35099,06:24:14,114.120735,22.5982,0,0
35099,06:25:09,114.120735,22.5982,0,0
35099,06:26:05,114.120735,22.5982,0,0
35099,06:26:59,114.120735,22.5982,0,0
35099,06:27:55,114.120735,22.5982,0,0
35099,06:28:50,114.120514,22.598101,0,0
35099,06:29:44,114.117996,22.59955,0,17
35099,06:30:40,114.116585,22.602533,0,23
35099,06:31:35,114.119553,22.6035,0,19
35099,06:32:29,114.119553,22.6035,0,0
35099,06:33:25,114.119553,22.6035,0,0
35099,06:33:54,114.119553,22.6035,1,0
35099,06:34:49,114.115982,22.601982,1,26
35099,06:35:44,114.115715,22.60215,1,1
35099,06:36:39,114.11763,22.604767,1,22
35099,06:37:34,114.11795,22.605101,1,1
35099,06:38:29,114.126221,22.610132,1,66
35099,06:39:24,114.127113,22.612917,1,41
35099,06:40:19,114.120583,22.61805,1,58
35099,06:41:14,114.115982,22.621267,1,39
35099,06:42:09,114.115021,22.621283,1,5
35099,06:43:04,114.107033,22.623199,1,55
35099,06:43:59,114.10173,22.62685,1,44
35099,06:44:54,114.093552,22.632816,1,70
35099,06:45:49,114.085434,22.629984,1,57
35099,06:46:44,114.079231,22.624367,1,63
35099,06:47:39,114.072853,22.616199,1,75
35099,06:48:34,114.066315,22.607817,1,76
35099,06:49:29,114.058502,22.601049,1,75
35099,06:51:19,114.042648,22.592417,1,77
35099,06:52:14,114.031548,22.594868,1,76
35099,06:53:09,114.020699,22.593033,1,74
35099,06:54:04,114.010086,22.590099,1,74
35099,06:54:59,113.998596,22.590334,1,77
35099,06:55:54,113.988251,22.586767,1,74
35099,06:56:49,113.975815,22.586267,1,84
35099,06:57:44,113.966652,22.580418,1,81
35099,06:59:34,113.960182,22.563368,1,72
35099,07:00:29,113.953835,22.56695,1,57
35099,07:02:19,113.950836,22.556767,1,45
35099,07:03:14,113.941216,22.555317,1,65
35099,07:04:09,113.930733,22.5555,1,70
35099,07:05:04,113.929153,22.56275,1,57
35099,07:05:59,113.930466,22.565666,1,47
35099,07:06:54,113.926399,22.566816,1,27
35099,07:07:49,113.922081,22.570618,1,38
35099,07:08:44,113.917633,22.573584,1,56
35099,07:09:39,113.909386,22.5825,1,84
35099,07:10:34,113.899246,22.593149,1,102
35099,07:11:29,113.887268,22.6024,1,104
35099,07:12:24,113.877953,22.614134,1,105
35099,07:13:19,113.865379,22.622517,1,105
35099,07:14:14,113.853767,22.62805,1,88
35099,07:15:09,113.850365,22.627216,1,45
35099,07:16:04,113.847931,22.623301,1,32
35099,07:16:59,113.836998,22.620083,1,77
35099,07:17:54,113.8255,22.615183,1,84
35099,07:18:49,113.816284,22.613968,1,73
35099,07:19:44,113.81192,22.622467,1,67
35099,07:20:40,113.810165,22.62785,1,52
35099,07:21:29,113.809013,22.627132,0,6
35099,07:22:25,113.80722,22.626217,0,11
35099,07:24:14,113.813782,22.61105,0,65
35099,07:25:10,113.820419,22.6126,0,55
35099,07:26:05,113.829987,22.617149,0,71
35099,07:26:59,113.840416,22.620832,0,76
35099,07:27:55,113.847832,22.62245,0,51
35099,07:28:50,113.848869,22.621267,0,8
35099,07:29:44,113.849167,22.620934,0,0
35099,07:30:40,113.852249,22.617001,0,28
35099,07:31:35,113.854179,22.613533,0,25
35099,07:32:29,113.858101,22.607416,0,52
35099,07:33:25,113.861298,22.6036,0,32
35099,07:34:20,113.864304,22.599016,0,38
35099,07:35:14,113.867752,22.593834,0,42
35099,07:36:10,113.871803,22.587799,0,50
35099,07:37:05,113.877266,22.581867,0,54
35099,07:37:59,113.879532,22.579483,0,23
35099,07:38:55,113.882179,22.576933,0,23
35099,07:39:50,113.885468,22.5739,0,30
35099,07:40:44,113.885399,22.573584,0,2
35099,07:41:40,113.885216,22.5735,0,0
35099,07:41:55,113.885216,22.5735,1,0
35099,07:42:50,113.886887,22.572666,1,12
35099,07:43:45,113.889114,22.570583,1,20
35099,07:44:40,113.891113,22.5686,1,16
35099,07:45:35,113.894814,22.564516,1,37
35099,07:46:30,113.899803,22.560682,1,43
35099,07:47:25,113.902763,22.558332,1,26
35099,07:48:20,113.904015,22.557034,1,10
35099,07:49:15,113.904999,22.554132,1,23
35099,07:50:10,113.907166,22.552017,1,20
35099,07:51:05,113.909698,22.5509,1,28
35099,07:52:00,113.912468,22.553249,1,25
35099,07:52:55,113.9179,22.555599,1,40
35099,07:53:50,113.923836,22.555384,1,39
35099,07:54:45,113.931747,22.555117,1,52
35099,07:55:40,113.9375,22.555149,1,38
35099,07:56:35,113.938217,22.555166,1,1
35099,07:57:30,113.938904,22.555117,1,3
35099,07:58:25,113.938904,22.555117,1,0
35099,07:59:20,113.940086,22.554968,1,4
35099,08:00:15,113.940086,22.554968,1,0
35099,08:01:10,113.940086,22.554968,1,0
35099,08:02:05,113.94043,22.550301,1,32
35099,08:03:00,113.94043,22.550234,1,0
35099,08:03:55,113.940681,22.546949,1,17
35099,08:04:50,113.940681,22.546949,1,0
35099,08:05:45,113.942703,22.546534,1,18
35099,08:06:10,113.943031,22.546749,0,5
35099,08:07:05,113.943031,22.546749,0,0
35099,08:08:00,113.94175,22.546217,0,9
35099,08:08:55,113.940567,22.544767,0,12
35099,08:09:50,113.94075,22.542101,0,15
35099,08:10:45,113.940514,22.540318,0,12
35099,08:12:35,113.937065,22.535017,0,49
35099,08:13:30,113.931114,22.529716,0,55
35099,08:13:56,113.930634,22.528883,1,14
35099,08:14:51,113.930466,22.528267,1,2
35099,08:15:46,113.930466,22.528267,1,0
35099,08:16:41,113.931297,22.529633,1,10
35099,08:17:36,113.936768,22.5348,1,52
35099,08:18:31,113.941864,22.535667,1,33
35099,08:19:26,113.947052,22.535801,1,32
35099,08:20:21,113.947899,22.535767,1,5
35099,08:21:16,113.947899,22.535767,1,0
35099,08:21:55,113.949516,22.53595,0,12
35099,08:22:50,113.946503,22.535732,0,18
35099,08:24:40,113.946136,22.535732,0,9
35099,08:25:35,113.955536,22.535151,0,63
35099,08:26:30,113.961349,22.534134,0,40
35099,08:27:25,113.961853,22.53385,0,0
35099,08:28:01,113.961853,22.53385,1,0
35099,08:28:56,113.959053,22.537434,1,40
35099,08:29:51,113.959549,22.5415,1,27
35099,08:30:46,113.957664,22.543533,1,24
35099,08:31:41,113.95092,22.543449,1,44
35099,08:32:36,113.948647,22.543301,1,14
35099,08:33:31,113.941437,22.543068,1,47
35099,08:34:26,113.936485,22.542816,1,33
35099,08:35:21,113.931351,22.542749,1,33
35099,08:35:45,113.93013,22.54285,0,14
35099,08:36:40,113.92588,22.543667,0,27
35099,08:37:35,113.926964,22.53965,0,36
35099,08:38:30,113.925484,22.5355,0,37
35099,08:39:00,113.925453,22.535482,1,0
35099,08:39:55,113.927353,22.535717,1,9
35099,08:40:50,113.9272,22.541082,1,38
35099,08:41:45,113.933418,22.542418,1,50
35099,08:42:40,113.937683,22.542482,1,28
35099,08:44:30,113.940453,22.54195,1,2
35099,08:45:25,113.939079,22.541317,1,11
35099,08:46:20,113.938118,22.540117,1,6
35099,08:47:08,113.936996,22.538549,0,12
35099,08:47:43,113.936996,22.538549,0,0
35099,08:48:38,113.936836,22.536333,0,15
35099,08:49:32,113.9338,22.532633,0,36
35099,08:50:28,113.930321,22.5282,0,39
35099,08:51:23,113.927719,22.528418,0,11
35099,08:51:35,113.927719,22.528418,1,0
35099,08:52:30,113.925781,22.528784,1,10
35099,08:53:25,113.926018,22.53335,1,38
35099,08:54:20,113.927116,22.539066,1,42
35099,08:56:10,113.928665,22.553682,1,56
35099,08:57:05,113.929115,22.561817,1,58
35099,08:58:00,113.929047,22.568317,1,47
35099,08:58:55,113.926147,22.575632,1,59
35099,08:59:50,113.925148,22.5812,1,40
35099,09:00:45,113.925148,22.5812,1,0
35099,09:01:40,113.925148,22.5812,1,0
35099,09:02:35,113.925133,22.582317,1,4
35099,09:03:30,113.925133,22.582317,1,0
35099,09:04:25,113.925133,22.582317,1,0
35099,09:05:20,113.925217,22.583151,1,2
35099,09:06:15,113.925217,22.583151,1,0
35099,09:07:10,113.925217,22.583151,1,0
35099,09:08:05,113.920952,22.584917,1,31
35099,09:09:00,113.917397,22.5818,1,32
35099,09:09:55,113.915749,22.580183,1,14
35099,09:10:01,113.915749,22.580183,0,0
35099,09:10:57,113.915749,22.580183,0,0
35099,09:11:52,113.917183,22.581551,0,11
35099,09:13:42,113.924484,22.584284,0,21
35099,09:14:37,113.929451,22.584167,0,31
35099,09:15:32,113.938469,22.583332,0,60
35099,09:16:27,113.938736,22.583349,0,1
35099,09:17:22,113.943016,22.583483,0,26
35099,09:18:17,113.943016,22.583483,0,0
35099,09:19:12,113.946198,22.583384,0,18
35099,09:19:55,113.94828,22.583517,1,17
35099,09:20:50,113.94828,22.583517,1,0
35099,09:21:44,113.94828,22.583517,1,0
35099,09:22:40,113.94828,22.583517,1,0
35099,09:23:35,113.94828,22.583517,1,0
35099,09:24:29,113.94828,22.583517,1,0
35099,09:25:25,113.949684,22.583183,1,2
35099,09:26:20,113.949234,22.577084,1,44
35099,09:27:14,113.949814,22.572149,1,36
35099,09:28:10,113.949814,22.572149,1,0
35099,09:29:05,113.949814,22.572149,1,0
35099,09:29:59,113.949898,22.571751,1,1
35099,09:30:55,113.949898,22.571751,1,0
35099,09:32:44,113.953499,22.568684,1,36
35099,09:33:40,113.957565,22.565332,1,37
35099,09:34:35,113.959969,22.564699,1,16
35099,09:35:29,113.960716,22.566099,1,13
35099,09:36:25,113.963432,22.5665,1,14
35099,09:37:20,113.966484,22.566217,1,19
35099,09:37:26,113.96653,22.566217,0,3
35099,09:38:21,113.966797,22.566282,0,0
35099,09:38:24,113.966881,22.566317,1,10
35099,09:39:19,113.96653,22.566517,1,6
35099,10:00:01,113.925453,22.584534,1,27
35099,10:00:56,113.924881,22.5844,1,2
35099,10:01:50,113.925583,22.575684,1,62
35099,10:02:46,113.928932,22.567017,1,67
35099,10:03:41,113.929085,22.559799,1,52
35099,10:04:35,113.92865,22.552401,1,54
35099,10:05:31,113.928635,22.549417,1,21
35099,10:06:26,113.928467,22.5488,1,4
35099,10:07:20,113.927948,22.547567,1,5
35099,10:08:16,113.927666,22.546932,1,0
35099,10:10:44,113.923866,22.535482,1,45
35099,10:11:40,113.923347,22.535482,1,3
35099,10:12:35,113.92202,22.53545,1,7
35099,10:13:26,113.919617,22.5355,0,14
35099,10:14:20,113.919617,22.5355,0,0
35099,10:14:40,113.919617,22.5355,1,0
35099,10:15:35,113.91642,22.536716,1,27
35099,10:15:36,113.91642,22.536716,0,0
35099,10:16:32,113.916397,22.537167,0,1
35099,10:17:02,113.916397,22.537167,1,0
35099,10:17:56,113.915718,22.538767,1,12
35099,10:18:52,113.915154,22.538883,1,3
35099,10:20:41,113.90937,22.538366,1,25
35099,10:21:37,113.905869,22.538349,1,22
35099,10:24:02,113.906601,22.541082,0,0
35099,10:24:56,113.905296,22.539301,0,12
35099,10:25:52,113.905533,22.53845,0,7
35099,10:26:47,113.908417,22.538418,0,16
35099,10:26:58,113.908417,22.538418,1,0
35099,10:27:53,113.910233,22.536966,1,19
35099,10:28:48,113.910332,22.539351,1,16
35099,10:29:43,113.911331,22.544483,1,43
35099,10:30:38,113.917381,22.543083,1,41
35099,10:31:33,113.920685,22.542999,1,20
35099,10:32:28,113.926201,22.541634,1,39
35099,10:33:23,113.927681,22.546667,1,41
35099,10:34:18,113.930931,22.5492,1,32
35099,10:35:13,113.93383,22.549267,1,17
35099,10:35:52,113.937866,22.549383,0,37
35099,10:36:47,113.940231,22.550016,0,13
35099,10:37:43,113.940353,22.552233,0,17
35099,10:38:38,113.941681,22.55485,0,25
35099,10:39:32,113.948868,22.555733,0,49
35099,10:40:28,113.953148,22.55225,0,50
35099,10:41:23,113.954102,22.545616,0,50
35099,10:42:17,113.953979,22.5432,0,44
35099,10:43:13,113.96077,22.5429,0,45
35099,10:44:08,113.963066,22.542067,0,16
35099,10:45:02,113.968697,22.5399,0,39
35099,10:45:58,113.973648,22.538,0,35
35099,10:46:53,113.978035,22.536234,0,31
35099,10:47:47,113.983582,22.5361,0,37
35099,10:48:43,113.989197,22.535667,0,36
35099,10:49:38,113.992599,22.534433,0,23
35099,10:50:32,113.992371,22.530968,0,29
35099,10:52:23,113.992371,22.530968,0,0
35099,10:54:13,113.992371,22.530968,0,0
35099,10:55:08,113.992371,22.530968,0,0
35099,10:56:02,113.992371,22.530968,0,0
35099,10:56:58,113.992371,22.530968,0,0
35099,10:57:53,113.992371,22.530968,0,0
35099,10:58:47,113.992371,22.530968,0,0
35099,10:59:43,113.992371,22.530968,0,0
35099,11:00:38,113.992371,22.530968,0,0
35099,11:01:32,113.992371,22.530968,0,0
35099,11:02:28,113.992371,22.530968,0,0
35099,11:03:23,113.992371,22.530968,0,0
35099,11:04:27,113.992371,22.530968,0,0
35099,11:05:22,113.992371,22.530968,0,0
35099,11:06:17,113.992371,22.530968,0,0
35099,11:07:12,113.992371,22.530968,0,0
35099,11:08:07,113.992371,22.530968,0,0
35099,11:09:02,113.992371,22.530968,0,0
35099,11:09:57,113.990967,22.530634,0,7
35099,11:10:52,113.992302,22.530767,0,30
35099,11:11:47,113.993431,22.524967,0,50
35099,11:12:42,113.99762,22.52915,0,47
35099,11:14:32,114.016815,22.531082,0,60
35099,11:15:27,114.021118,22.532167,0,30
35099,11:16:22,114.028214,22.530367,0,47
35099,11:17:13,114.032913,22.5299,1,33
35099,11:18:08,114.033798,22.528601,1,12
35099,11:19:02,114.030067,22.527967,1,34
35099,11:19:58,114.025253,22.532499,1,47
35099,11:20:53,114.023415,22.539734,1,53
35099,11:21:47,114.021385,22.5394,1,32
35099,11:22:43,114.018066,22.539232,1,19
35099,11:22:59,114.017982,22.539433,0,5
35099,11:23:54,114.017982,22.539433,0,0
35099,11:24:49,114.017899,22.540051,0,3
35099,11:25:44,114.017899,22.540051,0,0
35099,11:26:35,114.017899,22.540051,1,0
35099,11:27:31,114.020401,22.542583,1,31
35099,11:28:26,114.023148,22.539949,1,33
35099,11:29:20,114.024597,22.534201,1,43
35099,11:30:16,114.029335,22.530167,1,49
35099,11:31:11,114.039551,22.530783,1,68
35099,11:32:05,114.04995,22.531433,1,71
35099,11:33:01,114.059532,22.531584,1,63
35099,11:33:56,114.068016,22.531683,1,56
35099,11:34:50,114.069321,22.531668,1,3
35099,11:35:46,114.072083,22.531633,1,12
35099,11:36:41,114.073898,22.531651,1,9
35099,11:37:35,114.075569,22.531683,1,11
35099,11:38:31,114.076897,22.531851,1,5
35099,11:39:26,114.078102,22.5329,1,8
35099,11:40:20,114.078232,22.533133,1,1
35099,11:41:16,114.07917,22.5348,1,3
35099,11:42:11,114.0811,22.536882,1,15
35099,11:43:05,114.088936,22.537567,1,53
35099,11:44:01,114.098846,22.53805,1,65
35099,11:44:56,114.105019,22.537649,1,43
35099,11:45:50,114.106819,22.540983,1,27
35099,11:46:46,114.108498,22.541582,1,12
35099,11:47:41,114.110634,22.542084,1,10
35099,11:48:35,114.110901,22.543768,1,12
35099,11:49:31,114.110367,22.547283,1,25
35099,11:50:26,114.109886,22.552349,1,35
35099,11:51:20,114.114449,22.553833,1,47
35099,11:52:16,114.114899,22.553801,1,2
35099,11:53:11,114.114899,22.553801,1,0
35099,11:54:05,114.115646,22.55315,1,5
35099,11:54:53,114.115784,22.55295,0,16
35099,11:55:48,114.115402,22.554632,0,12
35099,11:56:43,114.115486,22.558367,0,27
35099,11:56:44,114.115486,22.558367,0,27
35099,11:58:14,114.115448,22.55485,1,8
35099,11:59:10,114.113152,22.554132,1,19
35099,12:00:05,114.111816,22.5585,1,53
35099,12:00:59,114.11248,22.566784,1,61
35099,12:01:55,114.113953,22.573418,1,49
35099,12:02:50,114.113747,22.577682,1,30
35099,12:03:29,114.10965,22.576584,1,40
35099,12:04:24,114.104118,22.573183,1,44
35099,12:06:14,114.088486,22.56695,1,46
35099,12:07:10,114.083015,22.571768,1,53
35099,12:08:05,114.074966,22.571617,1,57
35099,12:08:59,114.065468,22.5688,1,69
35099,12:09:55,114.055984,22.565416,1,67
35099,12:10:50,114.044479,22.564783,1,77
35099,12:11:44,114.033165,22.562349,1,79
35099,12:12:40,114.02198,22.560383,1,74
35099,12:13:35,114.010948,22.559099,1,75
35099,12:14:29,114.00312,22.555967,1,58
35099,12:15:25,113.993896,22.557034,1,62
35099,12:16:20,113.985283,22.560083,1,62
35099,12:17:14,113.978249,22.562183,1,51
35099,12:18:10,113.978249,22.562183,1,0
35099,12:19:05,113.976463,22.563183,1,11
35099,12:19:59,113.97567,22.563633,1,6
35099,12:20:55,113.970596,22.56645,1,38
35099,12:21:50,113.968933,22.567383,1,11
35099,12:22:44,113.9627,22.569967,1,46
35099,12:23:40,113.9627,22.569967,1,0
35099,12:23:55,113.96225,22.570551,0,16
35099,12:24:50,113.96225,22.570551,0,0
35099,12:25:44,113.965981,22.568983,0,28
35099,12:26:40,113.969299,22.567183,0,25
35099,12:27:35,113.970985,22.566116,0,12
35099,12:28:29,113.975349,22.56365,0,34
35099,12:29:25,113.977684,22.562218,0,18
35099,12:30:20,113.978218,22.562,0,2
35099,12:31:14,113.97937,22.561449,0,8
35099,12:31:29,113.97937,22.561449,1,0
35099,12:32:24,113.977615,22.5597,1,15
35099,12:34:14,113.975334,22.562851,1,13
35099,12:38:02,113.977119,22.562483,0,15
35099,12:38:56,113.978882,22.561768,0,12
35099,12:39:52,113.983131,22.557684,0,46
35099,12:40:47,113.980431,22.551083,0,52
35099,12:41:41,113.975616,22.553183,0,40
35099,12:42:37,113.974533,22.5541,0,9
35099,12:44:26,113.972282,22.550133,1,13
35099,12:45:21,113.971268,22.552217,1,14
35099,12:46:16,113.966499,22.552418,1,26
35099,12:47:11,113.962036,22.552483,1,30
35099,12:50:51,113.958946,22.538883,1,7
35099,12:51:46,113.958771,22.534817,1,28
35099,12:52:41,113.947929,22.535851,1,72
35099,12:53:36,113.945068,22.535667,1,17
35099,12:54:31,113.945084,22.532949,1,19
35099,12:55:14,113.945198,22.529383,0,30
35099,12:55:59,113.945198,22.529383,1,0
35099,12:56:55,113.943169,22.527384,1,23
35099,12:57:50,113.940865,22.52725,1,11
35099,12:58:44,113.940964,22.527433,1,36
35099,12:59:40,113.940948,22.529833,1,16
35099,13:00:35,113.940804,22.535183,1,36
35099,13:01:29,113.940765,22.537382,1,14
35099,13:02:25,113.94072,22.542116,1,31
35099,13:03:20,113.940582,22.546867,1,31
35099,13:04:14,113.940018,22.550016,1,22
35099,13:06:05,113.941498,22.557367,1,20
35099,13:06:14,113.941635,22.557367,0,4
35099,13:07:09,113.942101,22.55835,0,8
35099,13:07:49,113.943153,22.559032,1,15
35099,13:08:44,113.941299,22.559982,1,13
35099,13:09:38,113.940598,22.557966,1,16
35099,13:10:34,113.940536,22.556717,1,6
35099,13:11:29,113.940453,22.556267,1,1
35099,13:12:23,113.93737,22.555834,1,18
35099,13:13:19,113.927902,22.555416,1,61
35099,13:14:14,113.917717,22.555733,1,68
35099,13:15:08,113.911232,22.552933,1,49
35099,13:16:04,113.90477,22.548233,1,55
35099,13:16:59,113.900848,22.548218,1,36
35099,13:17:53,113.901199,22.553101,1,48
35099,13:18:49,113.903603,22.554033,1,21
35099,13:18:55,113.903603,22.554033,0,0
35099,13:19:50,113.903603,22.554033,0,0
35099,13:20:44,113.902496,22.55435,0,10
35099,13:21:40,113.899368,22.555616,0,25
35099,13:22:35,113.899467,22.558033,0,21
35099,13:24:25,113.904915,22.555918,0,5
35099,13:25:20,113.904915,22.555918,0,0
35099,13:26:15,113.904915,22.555918,0,0
35099,13:27:10,113.904915,22.555918,0,0
35099,13:28:05,113.904915,22.555918,0,0
35099,13:29:00,113.904915,22.555918,0,0
35099,13:29:55,113.904915,22.555918,0,0
35099,13:30:50,113.904915,22.555918,0,0
35099,13:31:45,113.904915,22.555918,0,0
35099,13:32:40,113.904915,22.555918,0,0
35099,13:33:35,113.904915,22.555918,0,0
35099,13:33:57,113.904915,22.555918,1,0
35099,13:34:52,113.907135,22.552633,1,23
35099,13:35:47,113.910416,22.552067,1,42
35099,13:36:42,113.916229,22.55505,1,44
35099,13:37:37,113.918365,22.553568,1,22
35099,13:38:32,113.919083,22.55895,1,38
35099,13:39:27,113.91922,22.55975,1,4
35099,13:40:22,113.916351,22.565067,1,50
35099,13:41:08,113.917564,22.568649,0,35
35099,13:42:02,113.919731,22.570032,0,15
35099,13:42:58,113.924187,22.571533,0,31
35099,13:43:53,113.927551,22.571518,0,20
35099,13:44:47,113.933632,22.571367,0,40
35099,13:45:43,113.940269,22.57135,0,42
35099,13:46:38,113.949501,22.57135,0,61
35099,13:46:55,113.949684,22.571283,1,4
35099,13:47:50,113.952797,22.564632,1,51
35099,13:48:45,113.952866,22.564083,1,3
35099,13:49:40,113.952698,22.559868,1,27
35099,13:50:35,113.952881,22.5548,1,29
35099,13:51:30,113.956947,22.556133,1,37
35099,13:52:25,113.961121,22.552967,1,47
35099,13:53:20,113.96067,22.549833,1,20
35099,13:54:15,113.960381,22.547533,1,14
35099,13:55:10,113.961014,22.547083,1,6
35099,13:55:49,113.961517,22.547117,0,4
35099,13:56:44,113.963051,22.547199,0,6
35099,13:57:32,113.963417,22.547268,1,0
35099,13:58:26,113.961014,22.546949,1,13
35099,13:59:22,113.958702,22.543533,1,33
35099,14:00:17,113.950104,22.543484,1,57
35099,14:01:11,113.946785,22.543417,1,20
35099,14:02:07,113.940681,22.544567,1,47
35099,14:03:02,113.94062,22.5459,1,6
35099,14:03:56,113.94062,22.5459,1,0
35099,14:04:28,113.940567,22.547083,0,12
35099,14:05:23,113.940369,22.549017,0,12
35099,14:06:18,113.940353,22.549067,0,5
35099,14:07:13,113.940552,22.546534,0,18
35099,14:08:08,113.940514,22.545151,0,8
35099,14:08:31,113.940498,22.544817,1,5
35099,14:09:26,113.940598,22.539783,1,33
35099,14:10:21,113.94072,22.536066,1,25
35099,14:11:16,113.940765,22.530968,1,32
35099,14:12:11,113.940987,22.522232,1,62
35099,14:13:06,113.947037,22.51865,1,55
35099,14:14:01,113.947197,22.512266,1,52
35099,14:14:56,113.943199,22.508118,1,49
35099,14:15:44,113.943169,22.506468,0,22
35099,14:16:38,113.94368,22.507351,0,7
35099,14:17:34,113.945236,22.507017,0,18
35099,14:18:29,113.945236,22.507017,0,0
35099,14:19:23,113.945236,22.507017,0,0
35099,14:20:19,113.945114,22.507233,0,0
35099,14:21:14,113.944786,22.507183,0,0
35099,14:22:08,113.944786,22.507183,0,0
35099,14:23:04,113.944786,22.507183,0,0
35099,14:23:59,113.944786,22.507183,0,0
35099,14:24:32,113.945267,22.50655,1,0
35099,14:25:28,113.942719,22.507566,1,29
35099,14:26:23,113.946617,22.507633,1,45
35099,14:27:17,113.94825,22.516617,1,66
35099,14:28:13,113.948982,22.521883,1,37
35099,14:30:02,113.962753,22.522717,1,69
35099,14:30:58,113.974815,22.522751,1,79
35099,14:31:53,113.985619,22.523518,1,72
35099,14:32:47,113.992981,22.526266,1,55
35099,14:33:43,114.002419,22.530018,1,69
35099,14:34:38,114.013016,22.530416,1,72
35099,14:35:32,114.018364,22.531834,1,38
35099,14:36:28,114.025551,22.53125,1,48
35099,14:37:23,114.035454,22.53035,1,67
35099,14:38:17,114.044151,22.531267,1,59
35099,14:39:13,114.054497,22.53145,1,68
35099,14:40:08,114.062668,22.531467,1,54
35099,14:41:02,114.066483,22.53125,1,26
35099,14:41:58,114.065865,22.524733,1,52
35099,14:42:35,114.06842,22.523867,0,31
35099,14:43:31,114.06768,22.524317,0,5
35099,14:44:26,114.068214,22.524033,0,6
35099,14:45:21,114.068214,22.524033,0,0
35099,14:46:16,114.068214,22.524033,0,0
35099,14:47:11,114.068214,22.524033,0,0
35099,14:48:06,114.068214,22.524033,0,0
35099,14:48:22,114.068214,22.524033,1,0
35099,14:49:17,114.067863,22.527849,1,30
35099,14:50:11,114.071083,22.531601,1,37
35099,14:51:07,114.068718,22.5298,1,33
35099,14:52:02,114.065765,22.52515,1,39
35099,14:52:56,114.063637,22.52195,1,27
35099,14:53:52,114.061249,22.52095,1,21
35099,14:54:47,114.061249,22.52095,1,0
35099,14:55:41,114.058914,22.520218,1,14
35099,14:56:28,114.058968,22.521833,0,11
35099,14:57:17,114.058968,22.521833,1,0
35099,14:58:12,114.058563,22.524067,1,13
35099,14:59:07,114.059319,22.525867,1,16
35099,15:00:02,114.059319,22.525867,1,0
35099,15:00:57,114.059402,22.527201,1,8
35099,15:01:52,114.058746,22.530167,1,19
35099,15:02:47,114.064346,22.531584,1,46
35099,15:03:42,114.070297,22.531683,1,39
35099,15:04:37,114.071198,22.530451,1,21
35099,15:04:47,114.070435,22.530416,0,25
35099,15:05:43,114.069283,22.530149,0,6
35099,15:06:38,114.066383,22.526133,0,35
35099,15:07:32,114.067314,22.529682,0,24
35099,15:09:23,114.063065,22.534834,0,38
35099,15:10:17,114.063103,22.535,0,1
35099,15:11:13,114.064102,22.537567,0,21
35099,15:12:08,114.069649,22.538633,0,37
35099,15:13:02,114.072067,22.536734,0,27
35099,15:13:58,114.072067,22.536734,0,0
35099,15:14:53,114.072067,22.536734,0,0
35099,15:15:47,114.072067,22.536734,0,0
35099,15:16:43,114.071999,22.537018,0,0
35099,15:16:50,114.071999,22.537018,1,0
35099,15:17:44,114.071983,22.532133,1,41
35099,15:18:40,114.068398,22.532,1,22
35099,15:19:35,114.0681,22.5298,1,36
35099,15:20:29,114.06633,22.526333,1,30
35099,15:21:25,114.064331,22.52285,1,25
35099,15:22:20,114.062103,22.520317,1,21
35099,15:23:14,114.061966,22.520149,1,11
35099,15:24:10,114.060585,22.51725,1,28
35099,15:25:05,114.058517,22.515751,1,15
35099,15:25:59,114.055763,22.514183,1,20
35099,15:26:05,114.055763,22.514183,0,0
35099,15:27:01,114.055763,22.514183,0,0
35099,15:27:56,114.054604,22.511917,0,22
35099,15:28:38,114.05423,22.511818,1,3
35099,15:29:34,114.052101,22.511267,1,13
35099,15:30:29,114.05098,22.514116,1,20
35099,15:31:23,114.05085,22.517834,1,27
35099,15:32:19,114.05085,22.517834,1,0
35099,15:33:14,114.046951,22.518932,1,28
35099,15:33:52,114.046829,22.518999,0,1
35099,15:34:47,114.044746,22.519716,0,13
35099,15:35:41,114.042068,22.521032,0,20
35099,15:36:37,114.042068,22.521032,0,0
35099,15:37:32,114.047432,22.51865,0,39
35099,15:39:05,114.056267,22.518801,1,34
35099,15:39:59,114.058884,22.52,1,17
35099,15:40:55,114.051552,22.51825,1,50
35099,15:41:50,114.047066,22.518867,1,29
35099,15:42:44,114.042183,22.520967,1,36
35099,15:43:40,114.041916,22.521133,1,0
35099,15:43:57,114.041466,22.520866,0,12
35099,15:44:31,114.041466,22.520866,1,0
35099,15:45:26,114.039619,22.517616,1,38
35099,15:46:21,114.041718,22.5208,1,26
35099,15:47:16,114.043503,22.523832,1,21
35099,15:48:11,114.048103,22.525667,1,37
35099,15:48:57,114.049416,22.525633,0,8
35099,15:49:52,114.04998,22.525749,0,2
35099,15:50:47,114.050819,22.525784,0,5
35099,15:51:42,114.052315,22.525667,0,8
35099,15:52:01,114.052582,22.525682,1,4
35099,15:52:56,114.054337,22.5259,1,8
35099,15:53:51,114.058197,22.526016,1,24
35099,15:54:46,114.058716,22.525932,1,3
35099,15:55:41,114.059464,22.526583,1,7
35099,15:56:36,114.058548,22.530783,1,28
35099,15:57:31,114.061935,22.531467,1,25
35099,15:58:26,114.064034,22.531567,1,6
35099,15:59:21,114.067947,22.531633,1,25
35099,16:00:16,114.070152,22.5317,1,10
35099,16:01:11,114.071083,22.531683,1,6
35099,16:02:06,114.073997,22.531717,1,14
35099,16:03:01,114.074699,22.531733,1,1
35099,16:03:56,114.075966,22.531816,1,1
35099,16:04:51,114.07753,22.532167,1,5
35099,16:05:46,114.078514,22.533632,1,8
35099,16:06:41,114.079247,22.535017,1,5
35099,16:07:36,114.082481,22.537233,1,26
35099,16:08:31,114.088348,22.537399,1,38
35099,16:09:26,114.0951,22.537933,1,45
35099,16:10:21,114.10128,22.537867,1,41
35099,16:11:16,114.10437,22.5376,1,19
35099,16:12:11,114.110451,22.537617,1,43
35099,16:13:06,114.111382,22.533632,1,30
35099,16:13:38,114.111633,22.531267,0,29
35099,16:14:32,114.112,22.531017,0,5
35099,16:15:28,114.111267,22.535049,0,28
35099,16:16:23,114.110817,22.537718,0,18
35099,16:17:17,114.110451,22.540434,0,17
35099,16:18:13,114.11042,22.54105,0,4
35099,16:19:08,114.11042,22.54105,0,0
35099,16:20:02,114.110336,22.541317,0,1
35099,16:21:53,114.110336,22.541317,0,0
35099,16:22:48,114.11055,22.541883,0,1
35099,16:23:43,114.110382,22.546133,0,28
35099,16:24:38,114.110336,22.549,0,17
35099,16:25:33,114.109886,22.552116,0,20
35099,16:26:28,114.110901,22.557068,0,37
35099,16:27:23,114.11422,22.558733,0,24
35099,16:28:17,114.120064,22.558718,0,51
35099,16:29:13,114.119331,22.5613,0,16
35099,16:30:08,114.118713,22.563,0,9
35099,16:31:03,114.118202,22.565733,0,20
35099,16:31:58,114.117752,22.57095,0,37
35099,16:32:53,114.117119,22.576017,0,37
35099,16:33:48,114.115517,22.579166,0,23
35099,16:34:43,114.114586,22.581917,0,20
35099,16:35:38,114.112282,22.585966,0,32
35099,16:36:33,114.112129,22.586367,0,2
35099,16:37:28,114.112129,22.586367,0,0
35099,16:38:23,114.112129,22.586367,0,0
35099,16:39:18,114.112129,22.586367,0,0
35099,16:40:13,114.112198,22.58555,0,29
35099,16:41:08,114.11438,22.581818,0,31
35099,16:42:03,114.115685,22.578568,0,25
35099,16:42:58,114.117767,22.571367,0,55
35099,16:43:53,114.118217,22.56555,0,40
35099,16:44:48,114.119865,22.558933,0,46
35099,16:45:43,114.124802,22.553949,0,48
35099,16:46:38,114.125519,22.553482,0,5
35099,16:47:33,114.126152,22.5511,0,16
35099,16:48:28,114.126152,22.5511,0,0
35099,16:48:59,114.126137,22.549883,1,10
35099,16:49:54,114.126099,22.5467,1,18
35099,16:50:49,114.125984,22.54615,1,3
35099,16:51:44,114.125984,22.54615,1,0
35099,16:52:38,114.125832,22.542999,1,18
35099,16:53:34,114.12043,22.538816,1,47
35099,16:54:29,114.115952,22.5394,1,34
35099,16:55:23,114.108482,22.53755,1,52
35099,16:56:19,114.101913,22.538334,1,45
35099,16:58:09,114.09005,22.537901,1,28
35099,16:59:04,114.0867,22.537533,1,20
35099,16:59:59,114.084816,22.5375,1,6
35099,17:00:54,114.082001,22.537451,1,14
35099,17:02:44,114.077797,22.533382,1,21
35099,17:04:34,114.068184,22.535683,1,47
35099,17:05:29,114.067619,22.543432,1,56
35099,17:06:24,114.06382,22.5431,1,37
35099,17:06:56,114.060471,22.543449,0,37
35099,17:07:38,114.060387,22.543467,1,0
35099,17:08:32,114.060417,22.545151,1,10
35099,17:09:27,114.060364,22.547167,1,11
35099,17:10:22,114.060448,22.54735,1,0
35099,17:11:17,114.062347,22.547483,1,12
35099,17:12:13,114.062347,22.547483,1,0
35099,17:13:08,114.062798,22.55085,1,23
35099,17:14:02,114.062798,22.55085,1,0
35099,17:14:58,114.062752,22.5541,1,21
35099,17:15:53,114.06263,22.560917,1,49
35099,17:16:47,114.062698,22.562799,1,14
35099,17:17:43,114.062653,22.563883,1,3
35099,17:18:38,114.062447,22.566999,1,18
35099,17:19:32,114.064903,22.568466,1,22
35099,17:20:28,114.066864,22.568483,1,10
35099,17:21:23,114.066864,22.568483,1,0
35099,17:22:17,114.066864,22.568483,1,0
35099,17:23:13,114.066864,22.568483,1,0
35099,17:24:08,114.067802,22.568184,1,1
35099,17:25:02,114.068535,22.568916,1,0
35099,17:25:58,114.072746,22.569767,1,24
35099,17:26:53,114.079453,22.572416,1,50
35099,17:27:47,114.082016,22.571383,1,19
35099,17:28:43,114.082016,22.571383,1,0
35099,17:29:38,114.082886,22.57225,1,5
35099,17:30:32,114.082886,22.57225,1,0
35099,17:31:28,114.083069,22.572517,1,0
35099,17:32:23,114.084465,22.573116,1,5
35099,17:33:17,114.086967,22.57235,1,16
35099,17:34:13,114.089897,22.5718,1,16
35099,17:35:08,114.093552,22.572184,1,23
35099,17:36:02,114.097969,22.5744,1,33
35099,17:36:52,114.09832,22.5762,0,13
35099,17:37:47,114.09832,22.5762,0,0
35099,17:38:41,114.098518,22.576866,0,0
35099,17:39:37,114.098434,22.576017,0,5
35099,17:40:11,114.098633,22.575684,1,6
35099,17:41:05,114.09742,22.56975,1,46
35099,17:42:01,114.094131,22.568533,1,22
35099,17:42:56,114.090569,22.567633,1,21
35099,17:43:50,114.085732,22.56925,1,39
35099,17:44:46,114.083832,22.571301,1,17
35099,17:45:41,114.079765,22.57275,1,29
35099,17:46:35,114.076248,22.572283,1,24
35099,17:47:31,114.073318,22.57045,1,21
35099,17:48:26,114.069702,22.569418,1,25
35099,17:49:20,114.066597,22.568968,1,21
35099,17:50:16,114.061485,22.568132,1,32
35099,17:51:11,114.054382,22.565517,1,51
35099,17:52:05,114.0541,22.567249,1,9
35099,17:53:01,114.054001,22.569782,1,17
35099,17:53:56,114.054001,22.569782,1,0
35099,17:55:46,114.054001,22.570766,1,0
35099,17:56:41,114.054001,22.570766,1,0
35099,17:57:36,114.054131,22.574383,1,22
35099,17:57:49,114.054184,22.574833,0,13
35099,17:58:27,114.054184,22.574833,1,0
35099,17:59:22,114.054153,22.572666,1,14
35099,18:00:17,114.054153,22.572666,1,0
35099,18:01:12,114.054153,22.572666,1,0
35099,18:02:07,114.054153,22.572666,1,0
35099,18:03:02,114.054047,22.5716,1,1
35099,18:03:57,114.054047,22.5716,1,0
35099,18:04:52,114.055916,22.571432,1,11
35099,18:05:47,114.059265,22.571167,1,20
35099,18:06:42,114.060768,22.571182,1,8
35099,18:08:32,114.062485,22.560766,1,56
35099,18:09:27,114.062569,22.552683,1,58
35099,18:10:22,114.062569,22.552683,1,0
35099,18:11:17,114.062653,22.548166,1,31
35099,18:12:12,114.062866,22.541918,1,45
35099,18:13:08,114.063004,22.5382,1,25
35099,18:14:02,114.063416,22.537451,1,4
35099,18:14:58,114.067131,22.538633,1,25
35099,18:21:22,114.071602,22.531651,1,10
35099,18:22:17,114.074615,22.531717,1,18
35099,18:23:13,114.075386,22.53175,1,1
35099,18:24:08,114.076485,22.531816,1,1
35099,18:25:02,114.077934,22.53265,1,6
35099,18:25:58,114.078529,22.5338,1,7
35099,18:26:53,114.079247,22.5352,1,7
35099,18:27:47,114.080902,22.536949,1,12
35099,18:28:43,114.082314,22.53735,1,8
35099,18:29:38,114.083351,22.537466,1,2
35099,18:30:32,114.083931,22.537367,1,0
35099,18:31:28,114.084953,22.53735,1,1
35099,18:33:17,114.089066,22.537567,1,12
35099,18:34:13,114.091347,22.538868,1,20
35099,18:35:08,114.09137,22.540501,1,9
35099,18:36:02,114.09137,22.540617,1,0
35099,18:36:58,114.09137,22.540617,1,0
35099,18:37:53,114.091484,22.540983,1,0
35099,18:38:47,114.091217,22.5427,1,5
35099,18:39:43,114.092499,22.543333,1,6
35099,18:40:38,114.095917,22.543432,1,22
35099,18:42:28,114.097069,22.54385,1,2
35099,18:43:23,114.102234,22.543934,1,35
35099,18:44:17,114.104881,22.544451,1,16
35099,18:45:13,114.105064,22.544468,1,0
35099,18:45:40,114.105064,22.544468,1,0
35099,18:46:35,114.107635,22.545116,1,14
35099,18:47:31,114.112167,22.545851,1,29
35099,18:48:26,114.113785,22.5452,1,16
35099,18:49:20,114.113586,22.543783,1,4
35099,18:50:16,114.112801,22.542334,1,9
35099,18:51:11,114.112167,22.542067,1,2
35099,18:52:05,114.111168,22.542967,1,10
35099,18:53:01,114.110283,22.541866,1,21
35099,18:53:56,114.107719,22.541416,1,13
35099,18:54:50,114.107002,22.541401,1,0
35099,18:55:46,114.104286,22.538017,1,35
35099,18:56:41,114.093834,22.538218,1,70
35099,18:57:35,114.087013,22.537617,1,47
35099,18:58:11,114.086433,22.539516,0,18
35099,18:59:07,114.086632,22.539284,0,1
35099,19:00:02,114.083786,22.5376,0,29
35099,19:00:48,114.081734,22.538067,1,18
35099,19:01:43,114.081467,22.539932,1,11
35099,19:02:38,114.08152,22.540466,1,1
35099,19:03:33,114.082199,22.543083,1,18
35099,19:03:34,114.082199,22.543083,1,18
35099,19:06:18,114.085114,22.543083,1,0
35099,19:07:13,114.08667,22.543234,1,1
35099,19:08:08,114.08773,22.54335,1,6
35099,19:09:03,114.091217,22.542801,1,24
35099,19:09:59,114.091248,22.542667,1,0
35099,19:10:55,114.091469,22.541733,1,6
35099,19:11:13,114.091331,22.542334,0,9
35099,19:11:58,114.091164,22.542917,0,2
35099,19:12:53,114.093002,22.543383,0,9
35099,19:13:48,114.095184,22.542217,0,20
35099,19:14:43,114.095284,22.539667,0,15
35099,19:15:38,114.091866,22.538317,0,31
35099,19:16:33,114.085732,22.537634,0,41
35099,19:17:28,114.081886,22.538467,0,29
35099,19:18:23,114.081497,22.540283,0,13
35099,19:19:18,114.081497,22.540283,0,0
35099,19:20:05,114.081734,22.5417,1,10
35099,19:20:59,114.08252,22.5431,1,14
35099,19:22:50,114.084396,22.543234,1,3
35099,19:23:44,114.084915,22.5432,1,0
35099,19:24:40,114.086082,22.5432,1,5
35099,19:25:35,114.087448,22.543367,1,4
35099,19:26:29,114.089951,22.543333,1,15
35099,19:27:25,114.090286,22.543318,1,0
35099,19:28:20,114.090286,22.543318,1,0
35099,19:29:14,114.092598,22.543367,1,10
35099,19:30:10,114.094398,22.543417,1,8
35099,19:31:05,114.096382,22.543432,1,11
35099,19:31:59,114.096382,22.543432,1,0
35099,19:32:55,114.097153,22.543432,1,2
35099,19:33:50,114.098869,22.543417,1,11
35099,19:34:44,114.098869,22.543417,1,0
35099,19:35:40,114.104401,22.544283,1,35
35099,19:36:35,114.105835,22.544533,1,9
35099,19:37:29,114.108917,22.545233,1,21
35099,19:38:25,114.110786,22.545767,1,14
35099,19:39:20,114.112747,22.545883,1,16
35099,19:40:14,114.115646,22.546183,1,17
35099,19:41:10,114.115997,22.5462,1,1
35099,19:42:05,114.119797,22.546917,1,23
35099,19:42:59,114.120247,22.547001,1,0
35099,19:43:55,114.122551,22.547251,1,12
35099,19:44:50,114.12323,22.547583,1,2
35099,19:45:44,114.123703,22.5476,1,3
35099,19:46:40,114.125198,22.547968,1,5
35099,19:47:35,114.125198,22.547968,1,0
35099,19:48:29,114.125198,22.547968,1,0
35099,19:49:25,114.125885,22.550867,1,20
35099,19:50:20,114.127815,22.556383,1,42
35099,19:51:14,114.127914,22.556467,1,0
35099,19:51:15,114.127914,22.556467,1,0
35099,19:53:05,114.132698,22.562866,1,9
35099,19:53:55,114.134903,22.565567,0,38
35099,19:54:50,114.134903,22.565567,0,0
35099,19:55:46,114.134903,22.565567,0,0
35099,19:56:41,114.132446,22.562634,0,23
35099,19:57:37,114.130135,22.559433,0,28
35099,19:57:55,114.129784,22.55895,0,12
35099,19:58:50,114.129784,22.55895,0,0
35099,19:59:46,114.129784,22.55895,0,0
35099,20:01:35,114.129784,22.55895,0,0
35099,20:02:31,114.129784,22.55895,0,0
35099,20:03:26,114.129784,22.55895,0,0
35099,20:04:20,114.129784,22.55895,0,0
35099,20:05:16,114.129784,22.55895,0,0
35099,20:06:11,114.128403,22.556801,0,16
35099,20:07:05,114.126953,22.554483,0,17
35099,20:08:01,114.126068,22.553049,0,11
35099,20:08:56,114.125832,22.549717,0,22
35099,20:09:50,114.125351,22.549299,0,2
35099,20:10:46,114.123199,22.548567,0,13
35099,20:11:41,114.121353,22.54715,0,14
35099,20:12:35,114.118919,22.546766,0,15
35099,20:13:31,114.113899,22.545868,0,33
35099,20:14:26,114.112099,22.545567,0,7
35099,20:15:20,114.105934,22.545601,0,38
35099,20:15:44,114.105667,22.5462,1,12
35099,20:16:38,114.107513,22.54705,1,14
35099,20:17:34,114.110069,22.5438,1,30
35099,20:18:29,114.110283,22.542732,1,7
35099,20:19:23,114.112083,22.542183,1,17
35099,20:20:19,114.113564,22.541233,1,13
35099,20:21:08,114.113716,22.540768,0,3
35099,20:22:05,114.113503,22.54155,0,2
35099,20:22:14,114.113503,22.54155,1,0
35099,20:23:09,114.115067,22.542683,1,12
35099,20:24:04,114.115982,22.5425,1,1
35099,20:24:59,114.11657,22.540649,1,9
35099,20:25:54,114.113403,22.538584,1,23
35099,20:26:49,114.105835,22.537216,1,52
35099,20:27:44,114.100037,22.538317,1,40
35099,20:28:39,114.093246,22.538349,1,44
35099,20:29:23,114.088669,22.537867,0,36
35099,20:30:18,114.086784,22.5376,0,11
35099,20:31:13,114.086571,22.539417,0,13
35099,20:31:48,114.086571,22.539383,1,0
35099,20:32:43,114.083,22.537666,1,34
35099,20:33:38,114.081734,22.536432,1,34
35099,20:34:33,114.0821,22.534616,1,23
35099,20:35:57,114.082153,22.534367,0,0
35099,20:36:52,114.08197,22.5361,0,15
35099,20:37:47,114.08152,22.539682,0,24
35099,20:38:42,114.08152,22.539783,0,0
35099,20:39:38,114.08152,22.539818,0,0
35099,20:39:57,114.081497,22.539967,0,1
35099,20:39:58,114.081497,22.539967,0,1
35099,20:41:44,114.0839,22.540833,1,0
35099,20:42:40,114.083748,22.5375,1,22
35099,20:43:35,114.079033,22.5352,1,36
35099,20:44:29,114.07415,22.531967,1,45
35099,20:45:25,114.064346,22.531883,1,64
35099,20:46:05,114.062469,22.532818,1,22
35099,20:47:01,114.063065,22.526382,1,46
35099,20:47:56,114.061401,22.521549,1,36
35099,20:48:50,114.060669,22.522699,1,10
35099,20:49:46,114.060471,22.523001,1,0
35099,20:50:41,114.060471,22.523001,1,0
35099,20:51:35,114.060471,22.523001,1,0
35099,20:51:36,114.060471,22.523001,1,0
35099,20:53:26,114.057503,22.5236,1,5
35099,20:54:04,114.056732,22.523117,0,5
35099,20:54:59,114.056732,22.523117,0,0
35099,20:55:26,114.056732,22.523117,1,0
35099,20:56:23,114.056602,22.519318,1,19
35099,20:57:17,114.051147,22.518284,1,38
35099,20:58:14,114.044067,22.52005,1,59
35099,20:58:47,114.04213,22.521183,1,25
35099,20:59:43,114.04213,22.521183,1,0
35099,21:00:37,114.038666,22.523083,1,26
35099,21:01:32,114.037651,22.523582,1,7
35099,21:02:28,114.032951,22.52615,1,35
35099,21:03:23,114.030899,22.527533,1,15
35099,21:04:17,114.025169,22.533051,1,59
35099,21:06:08,114.022316,22.545033,1,39
35099,21:07:02,114.020035,22.549168,1,34
35099,21:07:58,114.015579,22.556517,1,60
35099,21:08:53,114.01387,22.561567,1,43
35099,21:09:47,114.006599,22.557217,1,58
35099,21:10:43,113.997047,22.555967,1,64
35099,21:11:38,113.986916,22.559151,1,72
35099,21:12:32,113.976631,22.557016,1,72
35099,21:13:28,113.9655,22.557467,1,74
35099,21:15:17,113.94503,22.555283,1,68
35099,21:16:13,113.934601,22.555433,1,69
35099,21:17:08,113.923599,22.5555,1,73
35099,21:18:02,113.912865,22.553717,1,77
35099,21:18:03,113.912865,22.553717,1,77
35099,21:19:53,113.899803,22.54925,1,49
35099,21:20:47,113.89537,22.553568,1,43
35099,21:21:43,113.891518,22.551399,1,32
35099,21:22:38,113.888199,22.552032,1,29
35099,21:23:32,113.888016,22.552217,1,0
35099,21:24:16,113.885696,22.549999,0,26
35099,21:25:13,113.88562,22.549917,0,0
35099,21:25:17,113.88562,22.549917,0,0
35099,21:26:13,113.885353,22.549217,0,9
35099,21:27:08,113.887833,22.552067,0,26
35099,21:28:02,113.887833,22.552067,0,0
35099,21:28:58,113.892448,22.55575,0,39
35099,21:29:53,113.893898,22.554367,0,13
35099,21:30:47,113.89785,22.556583,0,33
35099,21:31:43,113.89785,22.556583,0,0
35099,21:32:38,113.898468,22.557068,0,3
35099,21:32:53,113.898468,22.557068,1,0
35099,21:33:48,113.902367,22.558517,1,33
35099,21:34:43,113.904671,22.5546,1,33
35099,21:35:38,113.907349,22.550632,1,37
35099,21:36:33,113.91272,22.553383,1,46
35099,21:37:28,113.921318,22.555532,1,61
35099,21:38:23,113.932266,22.555218,1,73
35099,21:40:13,113.952599,22.556217,1,76
35099,21:42:03,113.974281,22.556482,1,73
35099,21:42:58,113.981468,22.55785,1,49
35099,21:43:53,113.990852,22.558367,1,64
35099,21:44:48,113.999916,22.555733,1,64
35099,21:45:43,114.009453,22.558283,1,67
35099,21:46:38,114.020302,22.56015,1,75
35099,21:46:39,114.020302,22.56015,1,75
35099,21:48:28,114.04248,22.564034,1,75
35099,21:49:23,114.053452,22.56485,1,74
35099,21:50:18,114.06337,22.568451,1,71
35099,21:51:13,114.07048,22.569384,1,48
35099,21:52:08,114.077118,22.5723,1,38
35099,21:53:04,114.084366,22.570417,1,51
35099,21:53:29,114.085884,22.567883,1,46
35099,21:54:24,114.086037,22.567583,1,0
35099,21:55:19,114.085716,22.569468,1,12
35099,21:55:23,114.085716,22.569468,0,0
35099,21:56:20,114.085716,22.569468,0,0
35099,21:56:57,114.084747,22.570583,1,10
35099,21:57:52,114.079918,22.572683,1,35
35099,21:58:47,114.07077,22.5695,1,67
35099,21:59:42,114.06057,22.567617,1,70
35099,22:00:37,114.050117,22.565033,1,74
35099,22:01:32,114.039932,22.563566,1,69
35099,22:02:27,114.029984,22.561832,1,67
35099,22:03:22,114.020767,22.560368,1,62
35099,22:04:17,114.014534,22.562782,1,52
35099,22:05:12,114.011864,22.569151,1,49
35099,22:09:47,114.011398,22.606268,1,71
35099,22:10:42,114.008247,22.61565,1,71
35099,22:11:37,114.008286,22.625267,1,69
35099,22:12:32,114.0037,22.632683,1,64
35099,22:13:27,113.999298,22.639618,1,58
35099,22:14:22,114.001732,22.644016,1,39
35099,22:16:12,114.008034,22.647583,1,2
35099,22:17:07,114.008369,22.647766,1,0
35099,22:18:02,114.012016,22.650417,1,30
35099,22:19:43,114.016266,22.653383,1,18
35099,22:20:38,114.019897,22.656183,1,27
35099,22:21:33,114.023148,22.6574,1,27
35099,22:21:53,114.023819,22.656616,0,19
35099,22:22:48,114.024467,22.654966,0,13
35099,22:23:43,114.021935,22.653017,0,20
35099,22:24:38,114.020134,22.651632,0,12
35099,22:25:00,114.019516,22.651167,1,13
35099,22:25:55,114.01915,22.650883,1,1
35099,22:26:50,114.016464,22.648666,1,21
35099,22:27:45,114.01638,22.6486,1,0
35099,22:28:40,114.017616,22.646784,1,17
35099,22:29:35,114.020233,22.646183,1,16
35099,22:30:30,114.022751,22.643368,1,43
35099,22:31:25,114.021515,22.63945,1,29
35099,22:32:20,114.021019,22.637966,1,11
35099,22:33:15,114.024086,22.636133,1,27
35099,22:34:10,114.025414,22.630568,1,41
35099,22:35:05,114.027466,22.623817,1,50
35099,22:36:00,114.030647,22.616882,1,54
35099,22:36:55,114.031914,22.61525,1,14
35099,22:37:50,114.035271,22.611134,1,35
35099,22:38:45,114.038269,22.6075,1,31
35099,22:39:40,114.041565,22.603582,1,34
35099,22:40:35,114.041718,22.603416,1,1
35099,22:41:30,114.04377,22.600218,1,25
35099,22:42:25,114.047333,22.594049,1,54
35099,22:43:20,114.053017,22.585983,1,70
35099,22:44:15,114.057617,22.578318,1,66
35099,22:45:10,114.061363,22.5725,1,54
35099,22:46:05,114.061333,22.567667,1,50
35099,22:47:00,114.070213,22.569317,1,61
35099,22:47:55,114.079216,22.572617,1,66
35099,22:48:50,114.086815,22.566816,1,70
35099,22:49:45,114.094864,22.568268,1,56
35099,22:50:40,114.103897,22.57295,1,69
35099,22:51:35,114.111801,22.5763,1,59
35099,22:52:30,114.117851,22.576349,1,40
35099,22:53:25,114.116035,22.578234,1,32
35099,22:54:07,114.11692,22.580099,0,29
35099,22:55:02,114.11692,22.580099,0,0
35099,22:55:57,114.120399,22.579201,0,23
35099,22:56:52,114.1222,22.57925,0,11
35099,22:56:58,114.1222,22.57925,1,0
35099,22:57:53,114.119583,22.5767,1,37
35099,22:58:48,114.110214,22.57645,1,62
35099,22:59:43,114.102051,22.57205,1,63
35099,23:00:38,114.098885,22.575617,1,49
35099,23:01:33,114.099266,22.577299,1,12
35099,23:02:28,114.099503,22.57745,1,1
35099,23:03:23,114.09877,22.57115,1,44
35099,23:04:18,114.099464,22.572233,1,15
35099,23:05:13,114.101463,22.573067,1,13
35099,23:06:01,114.102081,22.572599,0,3
35099,23:06:56,114.102081,22.572599,0,0
35099,23:07:51,114.09877,22.570299,0,26
35099,23:08:46,114.092201,22.567818,0,47
35099,23:09:41,114.085167,22.564083,0,57
35099,23:10:36,114.081299,22.558832,0,45
35099,23:10:59,114.081299,22.558832,1,0
35099,23:11:53,114.07338,22.55825,1,53
35099,23:12:49,114.06778,22.560984,1,54
35099,23:13:44,114.067665,22.569183,1,59
35099,23:14:38,114.067383,22.573418,1,31
35099,23:15:34,114.06105,22.578133,1,58
35099,23:16:29,114.053886,22.583151,1,66
35099,23:17:23,114.04985,22.59025,1,61
35099,23:18:19,114.046181,22.598217,1,62
35099,23:19:14,114.044281,22.604567,1,54
35099,23:20:08,114.040619,22.605066,1,43
35099,23:21:04,114.040649,22.608517,1,33
35099,23:21:59,114.040649,22.608517,1,0
35099,23:22:53,114.038849,22.6141,1,42
35099,23:23:49,114.036964,22.617634,1,24
35099,23:24:44,114.03492,22.623466,1,44
35099,23:25:38,114.03418,22.625633,1,15
35099,23:25:47,114.033966,22.6264,0,34
35099,23:26:43,114.03392,22.626516,0,0
35099,23:27:06,114.03363,22.627184,1,7
35099,23:28:01,114.032204,22.629999,1,22
35099,23:28:56,114.032333,22.633551,1,25
35099,23:29:51,114.038582,22.632917,1,43
35099,23:30:47,114.041466,22.632618,1,19
35099,23:31:41,114.04203,22.632566,1,2
35099,23:32:37,114.042503,22.632483,1,0
35099,23:33:32,114.046082,22.630117,1,32
35099,23:34:26,114.046082,22.630117,1,0
35099,23:35:22,114.046082,22.630117,1,0
35099,23:37:11,114.043617,22.632032,1,42
35099,23:38:07,114.048882,22.642584,1,82
35099,23:39:02,114.049721,22.653982,1,83
35099,23:39:56,114.049118,22.665833,1,87
35099,23:40:52,114.048615,22.677299,1,81
35099,23:41:47,114.055031,22.682182,1,67
35099,23:42:41,114.065201,22.676617,1,81
35099,23:43:37,114.077782,22.673149,1,87
35099,23:44:32,114.089485,22.666634,1,92
35099,23:45:26,114.103203,22.664516,1,95
35099,23:46:22,114.117935,22.665167,1,97
35099,23:47:17,114.131416,22.6619,1,94
35099,23:48:11,114.144836,22.661367,1,93
35099,23:49:07,114.158119,22.659184,1,90
35099,23:50:02,114.170547,22.65605,1,87
35099,23:50:56,114.182068,22.6614,1,90
35099,23:51:52,114.190651,22.670483,1,85
35099,23:52:47,114.200783,22.67745,1,86
35099,23:53:41,114.210968,22.679283,1,71
