36930,00:00:23,113.991699,22.535,0,25
36930,00:01:09,113.996002,22.534599,0,27
36930,00:01:39,113.999603,22.5352,0,12
36930,00:02:09,113.999802,22.5352,0,0
36930,00:02:39,114.004997,22.5361,0,21
36930,00:03:26,114.006302,22.534599,0,8
36930,00:04:06,114.007401,22.5354,0,0
36930,00:04:56,114.007401,22.5354,0,0
36930,00:06:14,114.007401,22.5354,0,0
36930,00:06:44,114.007401,22.5354,0,0
36930,00:08:56,114.007401,22.5354,0,0
36930,00:09:26,114.007401,22.5354,0,0
36930,00:10:26,114.007401,22.5354,0,0
36930,00:11:56,114.007401,22.5354,0,0
36930,00:12:26,114.007401,22.5354,0,0
36930,00:12:56,114.007401,22.5354,0,0
36930,00:13:56,114.007401,22.5354,0,0
36930,00:14:26,114.007401,22.5354,0,0
36930,00:14:56,114.007401,22.5354,0,0
36930,00:15:56,114.007401,22.5354,0,0
36930,00:16:56,114.007401,22.5354,0,0
36930,00:17:56,114.007401,22.5354,0,0
36930,00:18:26,114.007401,22.5354,0,0
36930,00:19:26,114.007401,22.5354,0,0
36930,00:20:56,114.007401,22.5354,0,0
36930,00:21:56,114.007401,22.5354,0,0
36930,00:22:56,114.007401,22.5354,0,0
36930,00:23:26,114.007401,22.5354,0,0
36930,00:23:56,114.007401,22.5354,0,0
36930,00:24:26,114.007401,22.5354,0,0
36930,00:25:26,114.007401,22.5354,0,0
36930,00:25:56,114.007401,22.5354,0,0
36930,00:26:26,114.007401,22.5354,0,0
36930,00:26:56,114.007401,22.5354,0,0
36930,00:27:26,114.007401,22.5354,0,0
36930,00:28:26,114.007401,22.5354,0,0
36930,00:28:56,114.007401,22.5354,0,0
36930,00:29:57,114.007401,22.5354,0,0
36930,00:30:57,114.007401,22.5354,0,0
36930,00:31:27,114.007401,22.5354,0,0
36930,00:31:57,114.007401,22.5354,0,0
36930,00:32:57,114.007401,22.5354,0,0
36930,00:33:37,114.007401,22.5354,0,0
36930,00:34:37,114.007401,22.5354,0,0
36930,00:35:07,114.007401,22.5354,0,0
36930,00:35:37,114.007401,22.5354,0,0
36930,00:36:37,114.007401,22.5354,0,0
36930,00:37:07,114.007401,22.5354,0,0
36930,00:37:37,114.007401,22.5354,0,0
36930,00:38:37,114.007401,22.5354,0,0
36930,00:39:07,114.007401,22.5354,0,0
36930,00:39:38,114.007401,22.5354,0,0
36930,00:40:08,114.007401,22.5354,0,0
36930,00:40:38,114.007401,22.5354,0,0
36930,00:42:08,114.007401,22.5354,0,0
36930,00:42:38,114.007401,22.5354,0,0
36930,00:43:08,114.007401,22.5354,0,0
36930,00:43:38,114.007401,22.5354,0,0
36930,00:44:38,114.007401,22.5354,0,0
36930,00:46:08,114.007401,22.5354,0,0
36930,00:47:08,114.007401,22.5354,0,0
36930,00:48:38,114.007401,22.5354,0,0
36930,00:49:08,114.007401,22.5354,0,0
36930,00:49:38,114.007401,22.5354,0,0
36930,00:50:08,114.007401,22.5354,0,0
36930,00:51:38,114.007401,22.5354,0,0
36930,00:52:08,114.007401,22.5354,0,0
36930,00:53:08,114.007401,22.5354,0,0
36930,00:54:38,114.007401,22.5354,0,0
36930,00:55:08,114.007401,22.5354,0,0
36930,00:55:38,114.007401,22.5354,0,0
36930,00:56:08,114.007401,22.5354,0,0
36930,00:56:38,114.007401,22.5354,0,0
36930,00:57:38,114.007401,22.5354,0,0
36930,00:58:08,114.007401,22.5354,0,0
36930,00:59:08,114.007401,22.5354,0,0
36930,01:03:09,114.007401,22.5354,0,0
36930,01:04:09,114.007401,22.5354,0,0
36930,01:04:39,114.007401,22.5354,0,0
36930,01:05:09,114.007401,22.5354,0,0
36930,01:05:39,114.007401,22.5354,0,0
36930,01:06:09,114.007401,22.5354,0,0
36930,01:06:39,114.007401,22.5354,0,0
36930,01:06:54,114.007401,22.5354,0,0
36930,01:07:24,114.007401,22.5354,0,0
36930,01:08:00,114.007401,22.5354,0,0
36930,01:08:09,114.007401,22.5354,0,14
36930,01:08:33,114.007698,22.5366,0,38
36930,01:09:33,114.016403,22.5397,0,32
36930,01:10:02,114.018997,22.539101,0,29
36930,01:10:32,114.019402,22.5362,0,10
36930,01:11:02,114.019402,22.535999,0,12
36930,01:11:32,114.019997,22.5334,0,9
36930,01:12:20,114.019997,22.5331,0,4
36930,01:12:50,114.019699,22.534901,0,25
36930,01:13:50,114.021797,22.539301,0,24
36930,01:15:05,114.028198,22.540001,0,15
36930,01:15:35,114.031097,22.5406,0,20
36930,01:16:05,114.034897,22.541201,0,16
36930,01:17:06,114.039101,22.541901,0,34
36930,01:17:36,114.0438,22.542299,0,28
36930,01:18:52,114.050903,22.5424,0,30
36930,01:19:22,114.055397,22.542101,0,33
36930,01:19:52,114.058998,22.542299,0,21
36930,01:20:22,114.062698,22.5415,0,18
36930,01:21:39,114.061401,22.537701,0,19
36930,01:22:09,114.058296,22.5375,0,11
36930,01:22:39,114.058296,22.5347,0,23
36930,01:23:13,114.058296,22.530701,0,30
36930,01:23:43,114.058998,22.5282,0,0
36930,01:24:13,114.059502,22.5266,0,8
36930,01:24:43,114.058701,22.525999,0,4
36930,01:25:31,114.057198,22.5259,0,5
36930,01:26:01,114.056602,22.5259,0,10
36930,01:26:31,114.053596,22.5257,0,15
36930,01:29:17,114.051102,22.5212,0,23
36930,01:30:18,114.050903,22.518499,0,0
36930,01:30:48,114.051697,22.518101,0,21
36930,01:32:06,114.058899,22.5198,0,0
36930,01:32:36,114.058899,22.5198,0,0
36930,01:33:06,114.058998,22.52,0,9
36930,01:33:36,114.058899,22.5208,0,0
36930,01:34:22,114.058899,22.5208,0,0
36930,01:34:52,114.058899,22.5208,0,0
36930,01:35:22,114.058899,22.522499,0,2
36930,01:35:52,114.0588,22.5231,0,3
36930,01:36:24,114.0588,22.523001,0,2
36930,01:36:54,114.058998,22.521799,0,11
36930,01:37:24,114.058998,22.520901,0,7
36930,01:37:54,114.058899,22.5201,0,0
36930,01:38:41,114.057098,22.519199,0,22
36930,01:39:11,114.0532,22.518299,0,27
36930,01:40:59,114.056297,22.518801,0,27
36930,01:41:59,114.061096,22.520901,0,10
36930,01:42:29,114.062798,22.5191,0,6
36930,01:43:02,114.0625,22.5187,0,15
36930,01:43:32,114.058403,22.515699,0,23
36930,01:44:02,114.055496,22.514,0,9
36930,01:44:32,114.055397,22.5133,0,2
36930,01:45:49,114.054298,22.513,0,6
36930,01:46:19,114.0541,22.512899,0,0
36930,01:48:08,114.055298,22.513901,0,0
36930,01:48:50,114.055397,22.5144,0,0
36930,01:49:04,114.055099,22.5149,0,3
36930,01:49:41,114.055702,22.5161,0,11
36930,01:50:11,114.055298,22.5184,0,9
36930,01:50:41,114.058098,22.519501,0,29
36930,01:51:59,114.058899,22.5198,0,0
36930,01:52:29,114.058998,22.519899,0,4
36930,01:52:59,114.058998,22.5201,0,0
36930,01:53:29,114.058998,22.5201,0,0
36930,01:54:17,114.058998,22.5201,0,0
36930,01:54:47,114.058998,22.5201,0,0
36930,01:55:17,114.058998,22.5201,0,0
36930,01:56:19,114.060799,22.520901,0,0
36930,01:56:49,114.0616,22.5215,0,27
36930,01:57:49,114.063301,22.525801,0,0
36930,01:59:37,114.063103,22.5343,0,25
36930,02:00:55,114.062798,22.539,0,0
36930,02:01:55,114.063004,22.5404,0,0
36930,02:02:25,114.063004,22.5404,0,0
36930,02:02:56,114.063004,22.5415,0,18
36930,02:03:26,114.066803,22.542601,0,9
36930,02:03:56,114.069702,22.5427,0,18
36930,02:05:15,114.071999,22.5392,0,8
36930,02:05:45,114.071999,22.539,0,0
36930,02:06:15,114.072502,22.538799,0,18
36930,02:06:45,114.074402,22.5397,0,0
36930,02:07:33,114.074898,22.5399,0,8
36930,02:08:33,114.075996,22.542,0,13
36930,02:09:03,114.076401,22.542999,0,5
36930,02:09:34,114.078903,22.5431,0,27
36930,02:10:04,114.083,22.5431,0,26
36930,02:11:04,114.090897,22.5434,0,6
36930,02:11:53,114.090897,22.543301,0,0
36930,02:12:23,114.090897,22.543301,0,0
36930,02:13:23,114.091202,22.545401,0,0
36930,02:14:11,114.091202,22.5464,0,30
36930,02:14:41,114.091103,22.5508,0,27
36930,02:16:13,114.091103,22.5581,0,0
36930,02:17:13,114.089897,22.560699,0,2
36930,02:19:01,114.090797,22.5613,0,0
36930,02:19:31,114.090797,22.5613,0,0
36930,02:20:01,114.092003,22.561399,0,10
36930,02:21:19,114.094398,22.561399,0,0
36930,02:21:49,114.096199,22.5616,0,7
36930,02:23:22,114.098999,22.561501,0,0
36930,02:23:52,114.099197,22.560101,0,21
36930,02:24:22,114.099297,22.5576,0,24
36930,02:25:36,114.099602,22.5515,0,21
36930,02:26:06,114.099503,22.547701,0,8
36930,02:26:36,114.099503,22.5441,0,27
36930,02:27:13,114.099503,22.543699,0,0
36930,02:27:43,114.099503,22.543699,0,0
36930,02:28:13,114.099602,22.5436,0,0
36930,02:28:43,114.101898,22.5436,0,6
36930,02:29:15,114.102097,22.5413,0,12
36930,02:29:45,114.101997,22.5413,0,0
36930,02:30:15,114.102097,22.541201,0,8
36930,02:30:45,114.1026,22.540701,0,0
36930,02:31:24,114.102699,22.5404,0,9
36930,02:31:54,114.104301,22.540501,0,0
36930,02:32:54,114.105598,22.541201,0,4
36930,02:33:36,114.108299,22.5415,0,14
36930,02:34:36,114.112701,22.5422,0,15
36930,02:35:06,114.114601,22.5425,0,11
36930,02:35:38,114.115601,22.5427,0,0
36930,02:36:38,114.115501,22.544399,0,0
36930,02:37:09,114.1129,22.544201,0,3
36930,02:37:28,114.112999,22.544201,0,0
36930,02:37:58,114.112999,22.544201,0,0
36930,02:38:58,114.112999,22.544201,0,0
36930,02:39:26,114.113899,22.544201,0,0
36930,02:39:55,114.113899,22.544201,0,2
36930,02:40:15,114.1157,22.542999,0,8
36930,02:42:46,114.118103,22.5439,0,5
36930,02:43:16,114.118401,22.544399,0,2
36930,02:43:46,114.118698,22.5439,0,5
36930,02:44:24,114.118698,22.5438,0,0
36930,02:45:24,114.118103,22.5438,0,9
36930,02:46:32,114.122002,22.547199,0,21
36930,02:47:02,114.125504,22.5478,0,6
36930,02:48:02,114.125603,22.5478,0,0
36930,02:48:34,114.125702,22.5478,0,9
36930,02:49:04,114.126198,22.5497,0,11
36930,02:49:34,114.128403,22.5502,0,1
36930,02:52:12,114.130501,22.551001,0,0
36930,02:52:51,114.1306,22.5511,0,0
36930,02:53:21,114.129501,22.5508,0,3
36930,02:53:51,114.129204,22.5506,0,0
36930,02:54:21,114.128403,22.550301,0,9
36930,02:54:52,114.127899,22.549999,0,7
36930,02:55:22,114.127296,22.549801,0,9
36930,02:55:52,114.125999,22.551901,0,24
36930,02:56:22,114.124901,22.5539,0,35
36930,02:58:06,114.113197,22.5588,0,31
36930,02:58:36,114.108704,22.5588,0,25
36930,02:59:09,114.106903,22.562,0,0
36930,03:00:09,114.1073,22.566401,0,0
36930,03:00:39,114.1073,22.566401,0,0
36930,03:01:24,114.1073,22.566401,0,0
36930,03:01:54,114.107697,22.567699,0,5
36930,03:02:54,114.107597,22.569201,0,12
36930,03:03:37,114.107697,22.568899,0,6
36930,03:04:37,114.110199,22.566401,0,23
36930,03:05:07,114.113899,22.566601,0,26
36930,03:05:39,114.117798,22.567301,0,25
36930,03:06:09,114.1185,22.563801,0,24
36930,03:07:09,114.121399,22.5574,0,26
36930,03:07:54,114.125,22.553699,0,28
36930,03:08:24,114.125397,22.552999,0,7
36930,03:08:54,114.124199,22.552401,0,4
36930,03:09:24,114.123901,22.552299,0,0
36930,03:10:06,114.123199,22.552099,0,7
36930,03:10:36,114.122299,22.5516,0,11
36930,03:11:06,114.122498,22.5508,0,6
36930,03:12:07,114.122902,22.548901,0,9
36930,03:12:37,114.124901,22.549101,0,12
36930,03:13:07,114.125099,22.5492,0,0
36930,03:13:37,114.125999,22.550301,0,28
36930,03:14:22,114.1259,22.5525,0,0
36930,03:15:22,114.128403,22.556299,0,5
36930,03:15:52,114.129898,22.558901,0,34
36930,03:16:35,114.131699,22.5616,0,0
36930,03:17:05,114.133698,22.563999,0,36
36930,03:17:35,114.136101,22.566799,0,3
36930,03:18:05,114.134903,22.565599,0,3
36930,03:18:37,114.134499,22.565701,0,0
36930,03:19:07,114.133797,22.566601,0,5
36930,03:19:37,114.133102,22.5674,0,12
36930,03:20:07,114.1325,22.5681,0,6
36930,03:20:52,114.132004,22.566999,0,4
36930,03:21:22,114.132004,22.566299,0,0
36930,03:23:01,114.134102,22.5653,0,10
36930,03:24:31,114.132103,22.561501,0,22
36930,03:25:33,114.134804,22.558701,0,0
36930,03:26:03,114.1343,22.557501,0,4
36930,03:26:33,114.1343,22.5576,0,0
36930,03:27:12,114.135902,22.559999,0,19
36930,03:28:42,114.136002,22.5667,0,13
36930,03:29:19,114.137398,22.568501,0,30
36930,03:29:49,114.137901,22.572001,0,29
36930,03:30:38,114.140297,22.5786,0,0
36930,03:30:49,114.140297,22.5786,0,0
36930,03:31:20,114.140297,22.5786,0,0
36930,03:31:50,114.140297,22.5786,0,0
36930,03:32:28,114.146797,22.594299,0,27
36930,03:33:24,114.151001,22.6024,0,0
36930,03:33:29,114.151001,22.6024,0,0
36930,03:33:59,114.151001,22.6024,0,0
36930,03:34:02,114.151001,22.6024,0,30
36930,03:34:31,114.154503,22.6092,0,27
36930,03:35:01,114.151001,22.607901,0,20
36930,03:35:37,114.148499,22.6089,0,31
36930,03:36:07,114.145699,22.609699,0,0
36930,03:36:37,114.145699,22.609699,0,0
36930,03:37:07,114.1455,22.609699,0,9
36930,03:37:40,114.144997,22.612301,0,19
36930,03:38:10,114.144699,22.614,0,13
36930,03:39:10,114.142303,22.6157,0,7
36930,03:39:53,114.141602,22.6157,0,0
36930,03:40:23,114.141197,22.615499,0,0
36930,03:40:53,114.141197,22.615499,0,0
36930,03:41:23,114.1408,22.614901,0,0
36930,03:42:08,114.140198,22.614799,0,2
36930,03:43:08,114.140099,22.614599,0,0
36930,03:43:38,114.140099,22.614599,0,0
36930,03:44:10,114.140099,22.614599,0,0
36930,03:45:10,114.139603,22.6138,0,6
36930,03:45:40,114.139099,22.6117,0,18
36930,03:46:48,114.136497,22.6096,0,32
36930,03:47:18,114.134903,22.610001,0,0
36930,03:47:48,114.132103,22.6106,0,24
36930,03:48:26,114.1315,22.610701,0,0
36930,03:49:26,114.128601,22.6126,0,16
36930,03:49:56,114.126099,22.610399,0,35
36930,03:50:58,114.116699,22.604401,0,34
36930,03:51:28,114.113503,22.600599,0,26
36930,03:51:58,114.112503,22.6005,0,0
36930,03:54:06,114.107803,22.592699,0,0
36930,03:54:45,114.107803,22.592699,0,0
36930,03:55:15,114.107597,22.5919,0,5
36930,03:55:45,114.107201,22.591,0,0
36930,03:56:48,114.107498,22.591101,0,22
36930,03:57:48,114.108902,22.5937,0,24
36930,03:58:18,114.110802,22.5977,0,29
36930,03:58:55,114.1119,22.6001,0,0
36930,03:59:25,114.111603,22.600401,0,11
36930,03:59:55,114.111504,22.6017,0,1
36930,04:00:25,114.111801,22.6024,0,5
36930,04:01:04,114.112198,22.603201,0,10
36930,04:01:34,114.112198,22.603399,0,0
36930,04:02:04,114.113098,22.603201,0,6
36930,04:02:34,114.112297,22.601101,0,3
36930,04:03:04,114.113297,22.6001,0,0
36930,04:03:06,114.113297,22.6001,0,0
36930,04:03:43,114.116798,22.600201,0,21
36930,04:04:13,114.119003,22.5982,0,2
36930,04:04:43,114.119499,22.597099,0,20
36930,04:05:43,114.119797,22.591101,0,9
36930,04:06:13,114.124702,22.5909,0,28
36930,04:06:43,114.126701,22.5877,0,24
36930,04:07:22,114.128899,22.5851,0,21
36930,04:08:22,114.1306,22.581699,0,17
36930,04:08:52,114.129898,22.5797,0,14
36930,04:09:55,114.123398,22.579399,0,0
36930,04:10:55,114.123398,22.579399,0,0
36930,04:11:33,114.123398,22.579399,0,0
36930,04:12:03,114.123398,22.579399,0,0
36930,04:12:33,114.123398,22.579399,0,0
36930,04:15:12,114.123398,22.579399,0,0
36930,04:15:44,114.123398,22.579399,0,0
36930,04:16:44,114.123398,22.579399,0,0
36930,04:17:53,114.123398,22.579399,0,0
36930,04:18:53,114.123398,22.579399,0,0
36930,04:19:23,114.123398,22.579399,0,0
36930,04:20:32,114.1231,22.5793,0,0
36930,04:21:32,114.124001,22.5739,0,2
36930,04:22:03,114.121803,22.573799,0,9
36930,04:22:33,114.121399,22.5714,0,17
36930,04:23:33,114.121902,22.5716,0,0
36930,04:24:12,114.1231,22.571899,0,19
36930,04:24:42,114.124603,22.5716,0,20
36930,04:25:42,114.125099,22.5679,0,20
36930,04:26:20,114.124901,22.565201,0,19
36930,04:27:20,114.124901,22.5611,0,24
36930,04:28:52,114.124901,22.558901,0,19
36930,04:29:22,114.127296,22.5574,0,21
36930,04:29:52,114.129303,22.5557,0,14
36930,04:31:01,114.130302,22.553301,0,8
36930,04:32:01,114.134201,22.557301,0,28
36930,04:33:28,114.135201,22.5588,0,22
36930,04:33:58,114.137299,22.5618,0,27
36930,04:34:28,114.138901,22.564301,0,17
36930,04:35:15,114.139801,22.565001,0,0
36930,04:35:45,114.139801,22.565001,0,0
36930,04:36:45,114.136299,22.560499,0,16
36930,04:37:47,114.133598,22.556601,0,17
36930,04:38:47,114.130302,22.553801,0,16
36930,04:39:34,114.129898,22.552,0,19
36930,04:41:04,114.125603,22.5494,0,18
36930,04:42:48,114.125603,22.5494,0,0
36930,04:43:18,114.125603,22.5494,0,0
36930,04:43:51,114.125603,22.5494,0,0
36930,04:44:21,114.125603,22.5494,0,0
36930,04:44:51,114.125603,22.5494,0,0
36930,04:45:21,114.125603,22.5494,0,0
36930,04:46:34,114.125603,22.5494,0,0
36930,04:47:34,114.125603,22.5494,0,0
36930,04:48:02,114.125603,22.5494,0,0
36930,04:48:49,114.125801,22.5492,0,9
36930,04:49:19,114.125801,22.5483,0,0
36930,04:49:49,114.125801,22.5483,0,0
36930,04:50:20,114.125801,22.547001,0,24
36930,04:50:50,114.124802,22.5417,0,33
36930,04:51:20,114.120499,22.5389,0,25
36930,04:52:35,114.111298,22.538,0,38
36930,04:53:05,114.105499,22.537399,0,34
36930,04:54:05,114.092003,22.5382,0,38
36930,04:55:19,114.081902,22.537399,0,27
36930,04:55:49,114.079102,22.535601,0,25
36930,04:56:52,114.0765,22.535101,0,9
36930,04:58:22,114.074799,22.5348,0,0
36930,04:59:06,114.074699,22.534901,0,3
36930,04:59:36,114.074097,22.535299,0,4
36930,05:00:06,114.072899,22.5359,0,14
36930,05:01:49,114.074097,22.5396,0,20
36930,05:02:19,114.075996,22.5401,0,0
36930,05:02:49,114.077301,22.5403,0,27
36930,05:03:21,114.0811,22.5406,0,17
36930,05:03:51,114.081703,22.537399,0,28
36930,05:04:21,114.082703,22.537201,0,36
36930,05:04:51,114.088402,22.5375,0,37
36930,05:05:35,114.094101,22.538,0,36
36930,05:06:05,114.099701,22.538099,0,30
36930,05:06:35,114.105003,22.5375,0,30
36930,05:07:52,114.116096,22.539,0,12
36930,05:09:22,114.120003,22.541201,0,5
36930,05:09:54,114.120003,22.5413,0,0
36930,05:10:24,114.120102,22.541401,0,6
36930,05:10:54,114.119102,22.5425,0,11
36930,05:12:11,114.117401,22.545099,0,20
36930,05:12:41,114.118797,22.5467,0,31
36930,05:13:41,114.125999,22.5492,0,0
36930,05:14:26,114.125999,22.5492,0,0
36930,05:15:26,114.126404,22.549601,0,17
36930,05:15:56,114.1287,22.550501,0,11
36930,05:17:27,114.132103,22.550301,0,0
36930,05:17:57,114.133003,22.550501,0,4
36930,05:19:12,114.132896,22.549101,0,19
36930,05:19:42,114.130096,22.5487,0,13
36930,05:20:12,114.129898,22.548599,0,0
36930,05:20:56,114.131302,22.5487,0,32
36930,05:21:26,114.1362,22.5494,0,21
36930,05:21:56,114.136803,22.5502,0,26
36930,05:22:26,114.139198,22.5543,0,42
36930,05:22:58,114.140701,22.5602,0,40
36930,05:24:28,114.134804,22.5765,0,46
36930,05:25:42,114.122299,22.576799,0,45
36930,05:26:12,114.115303,22.5767,0,42
36930,05:27:27,114.107101,22.575899,0,17
36930,05:28:57,114.103996,22.581301,0,0
36930,05:29:29,114.102699,22.581499,0,25
36930,05:30:29,114.101997,22.582399,0,0
36930,05:30:59,114.101997,22.582399,0,0
36930,05:32:13,114.101898,22.5825,0,0
36930,05:32:43,114.101601,22.5825,0,0
36930,05:33:13,114.101601,22.5825,0,0
36930,05:34:30,114.101601,22.5825,0,0
36930,05:34:57,114.101601,22.5825,0,0
36930,05:36:10,114.101601,22.5825,0,0
36930,05:37:40,114.101601,22.5825,0,0
36930,05:39:10,114.101601,22.5825,0,0
36930,05:39:40,114.101601,22.5825,0,0
36930,05:40:11,114.101601,22.5825,0,0
36930,05:40:41,114.101601,22.5825,0,0
36930,05:41:11,114.101601,22.5825,0,0
36930,05:42:41,114.101601,22.5825,0,0
36930,05:43:11,114.101601,22.5825,0,0
36930,05:43:41,114.101601,22.5825,0,0
36930,05:44:41,114.101601,22.5825,0,0
36930,05:45:11,114.101601,22.5825,0,0
36930,05:45:41,114.101601,22.5825,0,0
36930,05:46:41,114.101601,22.5825,0,0
36930,05:47:41,114.101601,22.5825,0,0
36930,05:48:11,114.101601,22.5825,0,0
36930,05:48:41,114.101601,22.5825,0,0
36930,05:49:11,114.101601,22.5825,0,0
36930,05:50:11,114.101601,22.5825,0,0
36930,05:50:41,114.101601,22.5825,0,2
36930,05:51:11,114.101501,22.582701,0,0
36930,05:51:41,114.101501,22.582701,0,0
36930,05:52:11,114.101501,22.582701,0,0
36930,05:52:41,114.101501,22.582701,0,0
36930,05:53:11,114.101501,22.582701,0,0
36930,05:54:11,114.101501,22.582701,0,0
36930,05:54:41,114.101501,22.582701,0,0
36930,05:55:11,114.101501,22.582701,0,0
36930,05:55:41,114.101501,22.582701,0,0
36930,05:56:11,114.101501,22.582701,0,0
36930,05:56:41,114.101501,22.582701,0,0
36930,05:57:11,114.101501,22.582701,0,0
36930,05:57:41,114.101501,22.582701,0,0
36930,05:58:11,114.101501,22.582701,0,0
36930,05:58:41,114.101501,22.582701,0,0
36930,05:59:41,114.101501,22.582701,0,0
36930,06:00:11,114.101501,22.582701,0,0
36930,06:02:06,114.101601,22.5825,0,0
36930,06:02:42,114.101601,22.5825,0,0
36930,06:03:12,114.101601,22.5825,0,0
36930,06:04:11,114.101601,22.5825,0,0
36930,06:05:41,114.101601,22.5825,0,0
36930,06:06:41,114.101601,22.5825,0,0
36930,06:06:50,114.101601,22.5825,0,0
36930,06:07:42,114.101501,22.5825,0,0
36930,06:08:11,114.101501,22.5825,0,0
36930,06:09:11,114.101501,22.5825,0,0
36930,06:09:41,114.101601,22.582399,0,6
36930,06:10:11,114.1017,22.5825,0,0
36930,06:11:11,114.1017,22.5825,0,0
36930,06:12:12,114.1017,22.5825,0,0
36930,06:12:43,114.1017,22.5825,0,0
36930,06:13:13,114.1017,22.5825,0,0
36930,06:13:43,114.1017,22.5825,0,0
36930,06:16:42,114.101303,22.582399,0,0
36930,06:18:12,114.101303,22.5825,0,0
36930,06:18:53,114.101303,22.5825,0,0
36930,06:19:01,114.101303,22.5825,0,2
36930,06:19:13,114.1017,22.582399,0,0
36930,06:19:43,114.1017,22.582399,0,0
36930,06:20:12,114.1017,22.582399,0,0
36930,06:20:42,114.1017,22.582399,0,0
36930,06:21:42,114.1017,22.582399,0,0
36930,06:22:12,114.1017,22.582399,0,0
36930,06:22:32,114.1017,22.582399,0,0
36930,06:22:41,114.1017,22.582399,0,0
36930,06:22:43,114.1017,22.582399,0,0
36930,06:22:52,114.1017,22.582399,0,0
36930,06:23:03,114.1017,22.582399,0,0
36930,06:24:00,114.101501,22.582199,0,0
36930,06:24:08,114.101501,22.582199,0,0
36930,06:24:13,114.101501,22.582199,0,0
36930,06:25:23,114.101501,22.582199,0,0
36930,06:25:29,114.101501,22.582199,0,0
36930,06:25:43,114.1017,22.5826,0,0
36930,06:26:12,114.1017,22.5826,0,0
36930,06:26:28,114.1017,22.5826,0,0
36930,06:26:42,114.1017,22.5826,0,0
36930,06:26:53,114.1017,22.5826,0,0
36930,06:27:13,114.1017,22.5826,0,0
36930,06:27:15,114.1017,22.5826,0,0
36930,06:27:43,114.1017,22.5826,0,0
36930,06:28:12,114.1017,22.5826,0,0
36930,06:28:42,114.1017,22.5826,0,0
36930,06:29:12,114.1017,22.5826,0,0
36930,06:30:42,114.101501,22.5825,0,0
36930,06:31:12,114.101601,22.5826,0,0
36930,06:31:57,114.101601,22.5826,0,1
36930,06:32:57,114.101799,22.5825,0,7
36930,06:33:27,114.101799,22.581499,0,5
36930,06:34:04,114.100998,22.5821,0,16
36930,06:35:24,114.1036,22.5865,0,0
36930,06:37:20,114.1036,22.5865,0,0
36930,06:37:50,114.1036,22.5865,0,0
36930,06:38:20,114.1036,22.5865,0,0
36930,06:40:20,114.1036,22.5865,0,0
36930,06:41:20,114.1036,22.5865,0,0
36930,06:42:11,114.1036,22.5865,0,0
36930,06:42:48,114.1036,22.5865,0,0
36930,06:43:18,114.1036,22.5865,0,0
36930,06:43:48,114.1036,22.5865,0,0
36930,06:44:18,114.1035,22.586399,0,0
36930,06:44:20,114.1035,22.586399,0,0
36930,06:45:01,114.1035,22.586399,0,0
36930,06:45:31,114.1035,22.586399,0,0
36930,06:46:15,114.1035,22.586399,0,0
36930,06:46:51,114.1035,22.586399,0,0
36930,06:47:51,114.1035,22.586399,0,0
36930,06:48:21,114.1035,22.586399,0,0
36930,06:48:53,114.1035,22.586399,0,0
36930,06:49:23,114.102097,22.5861,0,11
36930,06:50:23,114.100601,22.5807,0,16
36930,06:52:09,114.0989,22.5777,0,15
36930,06:54:26,114.095001,22.569201,0,5
36930,06:55:27,114.0933,22.570499,0,13
36930,06:55:57,114.094002,22.5723,0,14
36930,06:56:27,114.097504,22.574301,0,19
36930,06:56:57,114.098602,22.575701,0,5
36930,06:57:45,114.0989,22.5718,0,32
36930,06:58:15,114.100098,22.570299,0,38
36930,06:58:45,114.105202,22.573601,0,43
36930,06:59:15,114.110802,22.576401,0,40
36930,07:00:00,114.120102,22.5765,0,40
36930,07:02:01,114.137299,22.568701,0,44
36930,07:02:31,114.139702,22.563499,0,44
36930,07:03:01,114.139198,22.5555,0,27
36930,07:03:31,114.140602,22.555799,0,42
36930,07:05:47,114.165001,22.5627,0,42
36930,07:06:34,114.174301,22.562201,0,42
36930,07:07:04,114.178398,22.5595,0,28
36930,07:07:34,114.179901,22.5585,0,0
36930,07:08:04,114.181801,22.5571,0,23
36930,07:08:37,114.184303,22.5557,0,11
36930,07:09:37,114.183098,22.559,0,11
36930,07:10:07,114.184402,22.5604,0,0
36930,07:11:53,114.181099,22.5576,0,23
36930,07:12:23,114.178596,22.559601,0,17
36930,07:13:40,114.170998,22.563101,0,7
36930,07:15:42,114.169998,22.566799,0,12
36930,07:16:12,114.166397,22.5669,0,20
36930,07:16:42,114.1651,22.5667,0,8
36930,07:18:00,114.1642,22.5667,0,12
36930,07:18:30,114.164803,22.5667,0,14
36930,07:20:17,114.164597,22.564301,0,21
36930,07:20:47,114.162102,22.562901,0,33
36930,07:21:17,114.157799,22.5613,0,29
36930,07:21:50,114.153702,22.558201,0,33
36930,07:25:07,114.131104,22.562,0,19
36930,07:25:37,114.127998,22.560801,0,18
36930,07:25:47,114.127403,22.5604,0,0
36930,07:27:27,114.125198,22.559299,0,14
36930,07:27:57,114.1241,22.5588,0,0
36930,07:28:29,114.123802,22.5585,0,7
36930,07:29:29,114.119102,22.559299,0,28
36930,07:30:48,114.1101,22.5588,0,35
36930,07:31:18,114.1054,22.5588,0,13
36930,07:31:48,114.104103,22.559999,0,23
36930,07:32:18,114.104103,22.561001,0,0
36930,07:33:05,114.104103,22.561001,0,0
36930,07:33:35,114.103699,22.5616,0,15
36930,07:36:07,114.098999,22.5616,0,12
36930,07:36:37,114.097801,22.561399,0,10
36930,07:37:23,114.0951,22.561501,0,15
36930,07:37:53,114.095001,22.561501,0,0
36930,07:38:23,114.095001,22.561501,0,0
36930,07:40:41,114.088097,22.564199,0,19
36930,07:41:11,114.0868,22.567101,0,18
36930,07:42:12,114.085999,22.570601,0,14
36930,07:43:12,114.0839,22.571301,0,24
36930,07:44:30,114.076103,22.572201,0,31
36930,07:45:00,114.072502,22.570101,0,26
36930,07:45:30,114.068199,22.569201,0,29
36930,07:46:19,114.067398,22.568001,0,37
36930,07:46:49,114.067497,22.563499,0,28
36930,07:47:19,114.067596,22.560101,0,20
36930,07:48:51,114.067703,22.555,0,25
36930,07:49:51,114.067802,22.5466,0,20
36930,07:50:39,114.067398,22.543301,0,25
36930,07:51:09,114.067902,22.5394,0,21
36930,07:51:39,114.0662,22.5385,0,10
36930,07:52:09,114.064499,22.537901,0,6
36930,07:52:57,114.064102,22.538,0,3
36930,07:54:59,114.062401,22.5411,0,17
36930,07:55:59,114.068001,22.5369,0,43
36930,07:56:29,114.068199,22.530899,0,40
36930,07:57:17,114.067596,22.528099,0,15
36930,07:57:47,114.066902,22.526899,0,5
36930,07:58:47,114.066399,22.5259,0,6
36930,08:02:08,114.067497,22.5222,0,3
36930,08:02:38,114.067802,22.5222,0,8
36930,08:03:08,114.068001,22.521601,0,10
36930,08:03:55,114.067902,22.521299,0,9
36930,08:04:25,114.0681,22.521601,0,0
36930,08:04:55,114.0681,22.521601,0,0
36930,08:05:25,114.067703,22.522301,0,22
36930,08:06:14,114.066002,22.524401,0,9
36930,08:06:44,114.067299,22.5238,0,0
36930,08:07:44,114.068199,22.5236,0,0
36930,08:08:17,114.067902,22.524401,0,12
36930,08:09:47,114.068199,22.5383,0,36
36930,08:11:07,114.068001,22.5469,0,12
36930,08:12:07,114.068001,22.5473,0,9
36930,08:13:03,114.071503,22.547899,0,5
36930,08:13:33,114.071602,22.5474,0,0
36930,08:14:03,114.071602,22.5474,0,0
36930,08:15:05,114.071602,22.5474,0,0
36930,08:15:35,114.071602,22.5474,0,0
36930,08:16:05,114.071602,22.5474,0,0
36930,08:16:35,114.071602,22.5474,0,0
36930,08:17:23,114.071602,22.5474,0,0
36930,08:17:53,114.071602,22.5464,0,5
36930,08:18:23,114.071098,22.546101,0,8
36930,08:18:53,114.0709,22.546,0,0
36930,08:19:42,114.0709,22.546,0,0
36930,08:20:12,114.0709,22.546,0,0
36930,08:20:42,114.071198,22.545601,0,2
36930,08:21:12,114.071404,22.5446,0,8
36930,08:21:43,114.071404,22.5445,0,0
36930,08:22:13,114.071602,22.544001,0,0
36930,08:22:43,114.068604,22.5436,0,20
36930,08:23:13,114.067802,22.541599,0,31
36930,08:24:02,114.0681,22.537201,0,36
36930,08:24:32,114.067596,22.5333,0,3
36930,08:25:02,114.066902,22.5326,0,13
36930,08:25:32,114.065002,22.532,0,8
36930,08:26:22,114.060303,22.5319,0,27
36930,08:26:52,114.055603,22.5317,0,31
36930,08:27:22,114.050797,22.5317,0,35
36930,08:27:52,114.046501,22.5317,0,35
36930,08:28:24,114.041199,22.531099,0,29
36930,08:29:24,114.030403,22.5305,0,2
36930,08:29:54,114.030403,22.5305,0,0
36930,08:30:42,114.030403,22.5305,0,0
36930,08:31:12,114.030403,22.5305,0,0
36930,08:31:42,114.030403,22.5305,0,0
36930,08:33:01,114.029404,22.5306,0,0
36930,08:33:31,114.029404,22.5306,0,0
36930,08:34:01,114.028603,22.530701,0,0
36930,08:35:34,114.027802,22.532499,0,13
36930,08:36:34,114.0261,22.5352,0,0
36930,08:37:48,114.026001,22.5348,0,0
36930,08:41:00,114.025002,22.534201,0,0
36930,08:42:32,114.0243,22.5364,0,15
36930,08:43:02,114.023499,22.539499,0,27
36930,08:43:45,114.023499,22.539801,0,12
36930,08:44:15,114.021103,22.539301,0,14
36930,08:46:54,114.011803,22.542101,0,28
36930,08:47:56,114.009697,22.5476,0,20
36930,08:48:26,114.008698,22.547701,0,13
36930,08:49:26,114.008003,22.5485,0,6
36930,08:50:06,114.009201,22.5478,0,3
36930,08:52:14,114.011703,22.5443,0,8
36930,08:52:44,114.012001,22.543301,0,0
36930,08:54:15,114.013397,22.5397,0,0
36930,08:54:45,114.013702,22.538401,0,11
36930,08:55:15,114.011398,22.5378,0,31
36930,08:55:45,114.009399,22.5382,0,17
36930,08:56:22,114.010696,22.5382,0,6
36930,08:56:52,114.011497,22.537001,0,12
36930,08:57:52,114.011497,22.5371,0,3
36930,08:58:29,114.012703,22.5373,0,5
36930,08:58:59,114.013298,22.537399,0,0
36930,08:59:29,114.014198,22.5376,0,9
36930,09:00:31,114.017403,22.5382,0,5
36930,09:01:01,114.018097,22.538401,0,1
36930,09:02:01,114.019096,22.537901,0,0
36930,09:02:44,114.019096,22.537901,0,0
36930,09:03:14,114.019096,22.537399,0,3
36930,09:03:44,114.019302,22.5361,0,0
36930,09:04:14,114.020401,22.5362,0,17
36930,09:05:28,114.022797,22.5366,0,0
36930,09:05:58,114.023804,22.5368,0,10
36930,09:06:05,114.024002,22.5368,0,0
36930,09:06:14,114.024399,22.5368,0,9
36930,09:06:31,114.024902,22.5369,0,5
36930,09:07:01,114.025902,22.537201,0,8
36930,09:07:31,114.026703,22.5373,0,2
36930,09:08:01,114.027901,22.5382,0,17
36930,09:09:09,114.029701,22.540501,0,10
36930,09:09:39,114.030502,22.5406,0,6
36930,09:10:09,114.032402,22.5408,0,17
36930,09:10:39,114.034698,22.5413,0,10
36930,09:11:11,114.035004,22.541401,0,0
36930,09:11:41,114.035004,22.541401,0,0
36930,09:12:41,114.035698,22.5422,0,15
36930,09:13:19,114.035202,22.544201,0,16
36930,09:13:49,114.034798,22.5462,0,0
36930,09:14:19,114.034798,22.5462,0,0
36930,09:14:49,114.034798,22.5462,0,0
36930,09:16:06,114.034599,22.547701,0,0
36930,09:16:36,114.036003,22.548401,0,12
36930,09:17:06,114.038399,22.549101,0,10
36930,09:17:36,114.039803,22.549101,0,11
36930,09:18:15,114.039803,22.547001,0,17
36930,09:19:45,114.039597,22.549,0,0
36930,09:20:52,114.039497,22.5492,0,9
36930,09:21:22,114.037003,22.548901,0,17
36930,09:21:52,114.036003,22.550301,0,15
36930,09:22:25,114.035797,22.551701,0,9
36930,09:23:25,114.035599,22.5527,0,0
36930,09:24:33,114.036797,22.552099,0,5
36930,09:25:03,114.037102,22.552401,0,0
36930,09:26:03,114.038902,22.553301,0,15
36930,09:26:40,114.039803,22.551901,0,15
36930,09:27:10,114.039703,22.5504,0,2
36930,09:27:40,114.039703,22.5504,0,0
36930,09:28:10,114.039803,22.5497,0,13
36930,09:29:12,114.044197,22.5483,0,25
36930,09:29:42,114.044197,22.544001,0,25
36930,09:30:12,114.044296,22.539301,0,33
36930,09:30:56,114.0439,22.536501,0,14
36930,09:31:26,114.045502,22.5373,0,24
36930,09:31:56,114.047401,22.5373,0,0
36930,09:33:10,114.047897,22.5357,0,0
36930,09:34:10,114.050201,22.5355,0,15
36930,09:35:13,114.051003,22.5354,0,0
36930,09:35:43,114.053497,22.535299,0,21
36930,09:36:43,114.055298,22.5352,0,0
36930,09:37:21,114.055901,22.5352,0,3
36930,09:37:51,114.057701,22.5352,0,3
36930,09:38:51,114.0578,22.5352,0,2
36930,09:39:28,114.058098,22.533001,0,32
36930,09:40:58,114.058197,22.5334,0,31
36930,09:41:29,114.058296,22.534901,0,0
36930,09:41:59,114.058296,22.534901,0,0
36930,09:42:29,114.058197,22.5355,0,23
36930,09:42:59,114.057701,22.537701,0,11
36930,09:44:37,114.057404,22.5378,0,0
36930,09:45:07,114.057503,22.5376,0,2
36930,09:45:50,114.056,22.536699,0,23
36930,09:46:20,114.056,22.5359,0,0
36930,09:46:50,114.056,22.5359,0,0
36930,09:47:20,114.056099,22.534401,0,18
36930,09:47:23,114.056099,22.534201,0,0
36930,09:48:53,114.047798,22.531601,0,13
36930,09:49:23,114.043198,22.5313,0,41
36930,09:50:38,114.031898,22.530199,0,32
36930,09:51:38,114.020103,22.5322,0,21
36930,09:52:16,114.0168,22.531401,0,25
36930,09:52:46,114.011597,22.5303,0,40
36930,09:53:16,114.005798,22.5299,0,37
36930,09:53:46,114.000298,22.530001,0,33
36930,09:54:17,113.995102,22.528099,0,42
36930,09:54:47,113.989601,22.524799,0,34
36930,09:55:17,113.984802,22.5235,0,34
36930,09:55:47,113.978996,22.523001,0,40
36930,09:57:27,113.960403,22.5228,0,40
36930,09:57:57,113.954102,22.5235,0,31
36930,09:58:35,113.948601,22.524099,0,43
36930,09:59:35,113.9356,22.5247,0,40
36930,10:00:05,113.930199,22.524799,0,28
36930,10:00:37,113.927299,22.525499,0,10
36930,10:01:07,113.924599,22.5268,0,9
36930,10:01:37,113.9245,22.5284,0,12
36930,10:02:07,113.9245,22.5299,0,7
36930,10:03:20,113.926201,22.5334,0,29
36930,10:03:50,113.927101,22.535,0,0
36930,10:04:20,113.927101,22.535,0,0
36930,10:05:05,113.927299,22.537701,0,30
36930,10:06:05,113.927101,22.5441,0,28
36930,10:06:35,113.927696,22.5466,0,4
36930,10:07:37,113.930702,22.5492,0,5
36930,10:08:37,113.931099,22.548901,0,14
36930,10:09:14,113.930901,22.546301,0,7
36930,10:09:44,113.930702,22.5441,0,10
36930,10:10:14,113.93,22.544201,0,0
36930,10:10:44,113.93,22.544201,0,0
36930,10:11:22,113.929497,22.5439,0,5
36930,10:12:22,113.928398,22.5453,0,3
36930,10:12:52,113.928398,22.5455,0,3
36930,10:13:26,113.927696,22.546499,0,18
36930,10:13:56,113.928703,22.549,0,17
36930,10:14:26,113.928902,22.552401,0,21
36930,10:14:56,113.928902,22.5527,0,1
36930,10:15:36,113.9282,22.551701,0,14
36930,10:16:06,113.9263,22.551701,0,7
36930,10:16:36,113.924103,22.551701,0,13
36930,10:17:06,113.922997,22.5513,0,10
36930,10:18:45,113.922798,22.5492,0,13
36930,10:19:15,113.919403,22.549299,0,20
36930,10:19:46,113.9189,22.549299,0,0
36930,10:21:16,113.9189,22.543699,0,0
36930,10:21:55,113.9189,22.543699,0,0
36930,10:22:25,113.919296,22.540899,0,24
36930,10:22:55,113.917198,22.540899,0,14
36930,10:23:25,113.917,22.540899,0,0
36930,10:24:05,113.916,22.5413,0,11
36930,10:25:05,113.914803,22.539101,0,0
36930,10:25:35,113.914803,22.539101,0,0
36930,10:26:06,113.914497,22.537701,0,18
36930,10:26:36,113.913399,22.535601,0,10
36930,10:27:36,113.910797,22.5354,0,0
36930,10:28:14,113.9105,22.5354,0,11
36930,10:28:44,113.910301,22.5327,0,22
36930,10:29:14,113.910301,22.531799,0,0
36930,10:30:23,113.9105,22.531601,0,0
36930,10:31:23,113.9105,22.5347,0,0
36930,10:31:53,113.9104,22.5371,0,23
36930,10:32:54,113.910202,22.540501,0,28
36930,10:33:24,113.910004,22.544201,0,0
36930,10:34:34,113.910202,22.5473,0,25
36930,10:35:04,113.910103,22.5515,0,34
36930,10:36:04,113.9198,22.5553,0,24
36930,10:36:44,113.923798,22.555099,0,28
36930,10:37:14,113.927696,22.555,0,11
36930,10:37:44,113.929703,22.5543,0,20
36930,10:38:47,113.929199,22.560301,0,26
36930,10:39:17,113.9291,22.564899,0,22
36930,10:40:14,113.929199,22.566,0,0
36930,10:40:17,113.929199,22.566,0,0
36930,10:41:27,113.926102,22.567301,0,0
36930,10:43:11,113.919403,22.574699,0,21
36930,10:43:41,113.916801,22.574499,0,28
36930,10:44:11,113.913101,22.5786,0,42
36930,10:44:41,113.908997,22.583,0,44
36930,10:45:43,113.898201,22.5942,0,52
36930,10:46:43,113.886803,22.6028,0,45
36930,10:47:27,113.882103,22.608,0,49
36930,10:47:57,113.877998,22.614201,0,51
36930,10:48:27,113.873199,22.6187,0,42
36930,10:48:57,113.866096,22.622299,0,47
36930,10:50:10,113.851097,22.628401,0,52
36930,10:51:10,113.840401,22.6385,0,41
36930,10:52:12,113.833199,22.648199,0,34
36930,10:53:57,113.833199,22.6492,0,0
36930,10:54:27,113.831902,22.6507,0,23
36930,10:54:57,113.828003,22.650101,0,35
36930,10:55:27,113.821503,22.648199,0,44
36930,10:56:15,113.819099,22.6448,0,35
36930,10:57:15,113.820602,22.642099,0,0
36930,10:58:17,113.820602,22.642099,0,0
36930,10:58:47,113.821297,22.6409,0,32
36930,10:59:17,113.823303,22.636999,0,6
36930,10:59:47,113.823601,22.636499,0,0
36930,11:00:32,113.8237,22.6364,0,7
36930,11:01:02,113.8246,22.634701,0,0
36930,11:01:32,113.825104,22.633801,0,30
36930,11:02:02,113.8274,22.6297,0,19
36930,11:02:45,113.828697,22.6271,0,26
36930,11:03:45,113.828598,22.6215,0,34
36930,11:04:15,113.8302,22.617901,0,15
36930,11:04:46,113.826202,22.6157,0,37
36930,11:06:16,113.814499,22.617701,0,33
36930,11:07:31,113.813103,22.623199,0,10
36930,11:08:01,113.813202,22.6234,0,0
36930,11:08:28,113.813202,22.6234,0,0
36930,11:09:09,113.813202,22.6234,0,0
36930,11:09:39,113.813202,22.6234,0,0
36930,11:10:09,113.813202,22.6234,0,0
36930,11:11:10,113.813202,22.6234,0,0
36930,11:11:40,113.813202,22.6234,0,0
36930,11:12:10,113.813202,22.6234,0,0
36930,11:12:40,113.813202,22.6234,0,0
36930,11:13:10,113.813202,22.6234,0,0
36930,11:14:10,113.813202,22.6234,0,0
36930,11:14:40,113.813202,22.6234,0,0
36930,11:16:40,113.813202,22.6234,0,0
36930,11:17:10,113.813202,22.6234,0,0
36930,11:18:10,113.813202,22.6234,0,0
36930,11:19:10,113.813202,22.6234,0,0
36930,11:19:40,113.813202,22.6234,0,0
36930,11:20:10,113.813202,22.6234,0,0
36930,11:21:10,113.813202,22.6234,0,0
36930,11:21:40,113.813202,22.6234,0,0
36930,11:22:10,113.813202,22.6234,0,0
36930,11:22:40,113.813202,22.6234,0,0
36930,11:23:40,113.813202,22.6234,0,0
36930,11:24:10,113.813202,22.6234,0,0
36930,11:24:40,113.813202,22.6234,0,0
36930,11:25:10,113.813202,22.6234,0,0
36930,11:25:40,113.813202,22.6234,0,0
36930,11:28:10,113.813202,22.6234,0,0
36930,11:28:40,113.813202,22.6234,0,0
36930,11:29:11,113.813202,22.6234,0,0
36930,11:30:11,113.813202,22.6234,0,0
36930,11:30:41,113.813202,22.6234,0,0
36930,11:31:11,113.813202,22.6234,0,0
36930,11:31:41,113.813202,22.6234,0,0
36930,11:32:41,113.813202,22.6234,0,0
36930,11:33:16,113.813202,22.6234,0,0
36930,11:34:16,113.813202,22.6234,0,0
36930,11:36:46,113.813202,22.6234,0,0
36930,11:37:16,113.813202,22.6234,0,0
36930,11:37:46,113.813202,22.6234,0,0
36930,11:38:16,113.813202,22.6234,0,0
36930,11:39:51,113.813202,22.6234,0,0
36930,11:40:21,113.813202,22.6234,0,0
36930,11:40:51,113.813202,22.6234,0,0
36930,11:41:26,113.813202,22.6234,0,0
36930,11:41:56,113.813202,22.6234,0,0
36930,11:42:26,113.813202,22.6234,0,0
36930,11:42:56,113.813202,22.6234,0,0
36930,11:43:26,113.813202,22.6234,0,0
36930,11:44:26,113.813202,22.6234,0,0
36930,11:44:56,113.813202,22.6234,0,0
36930,11:45:26,113.813202,22.6234,0,0
36930,11:45:56,113.813202,22.6234,0,0
36930,11:46:26,113.813202,22.6234,0,0
36930,11:46:56,113.813202,22.6234,0,0
36930,11:47:56,113.813202,22.6234,0,0
36930,11:48:26,113.813202,22.6234,0,0
36930,11:48:56,113.813202,22.6234,0,0
36930,11:49:26,113.813202,22.6234,0,0
36930,11:49:56,113.813202,22.6234,0,0
36930,11:50:26,113.813202,22.6234,0,0
36930,11:50:56,113.813202,22.6234,0,0
36930,11:51:26,113.813202,22.6234,0,0
36930,11:51:56,113.813202,22.6234,0,0
36930,11:52:26,113.813202,22.6234,0,0
36930,11:52:56,113.813202,22.6234,0,0
36930,11:53:26,113.813202,22.6234,0,0
36930,11:53:56,113.813202,22.6234,0,0
36930,11:54:56,113.813202,22.6234,0,0
36930,11:55:26,113.813202,22.6234,0,0
36930,11:57:36,113.813202,22.6234,0,0
36930,11:58:06,113.813499,22.624901,0,4
36930,11:58:36,113.813499,22.624901,0,0
36930,11:59:06,113.8134,22.625099,0,5
36930,11:59:42,113.812897,22.625999,0,8
36930,12:00:30,113.812599,22.626699,0,0
36930,12:02:23,113.812401,22.6271,0,5
36930,12:03:23,113.809998,22.6276,0,8
36930,12:04:53,113.809898,22.626699,0,0
36930,12:06:05,113.809799,22.6257,0,0
36930,12:06:11,113.809799,22.6257,0,0
36930,12:06:43,113.806602,22.6236,0,15
36930,12:08:13,113.8153,22.610201,0,35
36930,12:09:13,113.823898,22.6143,0,38
36930,12:09:58,113.829498,22.617001,0,41
36930,12:10:28,113.835297,22.619499,0,43
36930,12:11:28,113.848701,22.6236,0,27
36930,12:12:13,113.851097,22.625,0,24
36930,12:12:43,113.851799,22.6252,0,0
36930,12:13:13,113.855499,22.625601,0,35
36930,12:13:43,113.861504,22.623699,0,48
36930,12:14:14,113.868401,22.621099,0,48
36930,12:15:14,113.880501,22.6103,0,43
36930,12:15:44,113.884201,22.6052,0,46
36930,12:16:30,113.890198,22.6001,0,54
36930,12:17:00,113.894997,22.596701,0,38
36930,12:17:30,113.9002,22.5921,0,44
36930,12:18:00,113.905899,22.5861,0,32
36930,12:19:15,113.913902,22.577499,0,35
36930,12:19:45,113.917,22.5742,0,26
36930,12:20:15,113.920197,22.5716,0,39
36930,12:20:47,113.922699,22.568199,0,34
36930,12:22:17,113.926102,22.565599,0,16
36930,12:23:03,113.928802,22.564199,0,9
36930,12:23:33,113.929001,22.561899,0,23
36930,12:24:33,113.927597,22.554199,0,5
36930,12:25:17,113.928902,22.555,0,26
36930,12:25:47,113.933502,22.555099,0,25
36930,12:26:17,113.937798,22.5553,0,30
36930,12:27:19,113.9496,22.556,0,43
36930,12:27:49,113.957298,22.5564,0,34
36930,12:28:19,113.962402,22.556801,0,31
36930,12:29:33,113.969398,22.5574,0,7
36930,12:30:33,113.971298,22.5571,0,5
36930,12:32:48,113.989098,22.5588,0,36
36930,12:33:18,113.9944,22.556601,0,41
36930,12:34:19,114.0075,22.557501,0,29
36930,12:34:49,114.012802,22.559601,0,41
36930,12:35:19,114.019402,22.560101,0,43
36930,12:37:05,114.038696,22.5632,0,37
36930,12:37:35,114.044701,22.564699,0,34
36930,12:38:21,114.051399,22.564899,0,35
36930,12:38:51,114.0569,22.565701,0,36
36930,12:39:21,114.061203,22.567801,0,31
36930,12:40:54,114.074402,22.5711,0,32
36930,12:41:54,114.084999,22.5697,0,27
36930,12:43:09,114.0914,22.5674,0,34
36930,12:45:55,114.101097,22.5814,0,7
36930,12:46:25,114.101898,22.5823,0,9
36930,12:47:27,114.101898,22.5826,0,0
36930,12:47:57,114.101898,22.5826,0,0
36930,12:48:27,114.101898,22.5826,0,0
36930,12:48:57,114.101898,22.5826,0,0
36930,12:51:08,114.101898,22.5826,0,0
36930,12:51:38,114.101898,22.5826,0,0
36930,12:52:08,114.101402,22.5826,0,0
36930,12:52:38,114.101402,22.5826,0,0
36930,12:53:38,114.101402,22.5826,0,0
36930,12:54:08,114.101402,22.5826,0,0
36930,12:54:38,114.101402,22.5826,0,0
36930,12:55:08,114.101402,22.5826,0,0
36930,12:55:38,114.101402,22.5826,0,0
36930,12:57:38,114.101402,22.5826,0,0
36930,12:58:38,114.101402,22.5826,0,0
36930,12:59:38,114.101402,22.5826,0,0
36930,13:00:08,114.101402,22.5826,0,0
36930,13:01:08,114.101402,22.5826,0,0
36930,13:02:38,114.101402,22.5826,0,0
36930,13:03:08,114.101402,22.5826,0,0
36930,13:03:38,114.101402,22.5826,0,0
36930,13:04:08,114.101601,22.5825,0,1
36930,13:04:38,114.101601,22.5825,0,0
36930,13:05:08,114.101601,22.5825,0,0
36930,13:06:09,114.101601,22.5825,0,0
36930,13:06:39,114.101601,22.5825,0,0
36930,13:07:39,114.101601,22.5825,0,0
36930,13:08:54,114.101997,22.582001,0,6
36930,13:12:34,114.0979,22.588301,0,41
36930,13:12:56,114.098297,22.592199,0,0
36930,13:13:04,114.098297,22.592199,0,0
36930,13:13:51,114.098701,22.6003,0,43
36930,13:14:21,114.095497,22.605801,0,44
36930,13:14:51,114.093102,22.611601,0,41
36930,13:15:21,114.091003,22.6192,0,18
36930,13:16:07,114.090202,22.621599,0,33
36930,13:16:37,114.089302,22.6276,0,43
36930,13:17:07,114.091904,22.6315,0,34
36930,13:17:37,114.097099,22.633499,0,41
36930,13:18:40,114.108299,22.640499,0,43
36930,13:19:10,114.114601,22.6429,0,48
36930,13:19:40,114.121597,22.6408,0,49
36930,13:20:27,114.127998,22.6381,0,48
36930,13:20:57,114.134804,22.6357,0,47
36930,13:21:27,114.141701,22.6383,0,49
36930,13:22:43,114.156601,22.646299,0,43
36930,13:23:13,114.163101,22.6474,0,43
36930,13:23:43,114.1698,22.649401,0,46
36930,13:24:13,114.175797,22.6527,0,45
36930,13:24:45,114.181297,22.6558,0,41
36930,13:25:15,114.188301,22.6593,0,39
36930,13:25:45,114.194,22.6621,0,40
36930,13:26:15,114.199997,22.6649,0,37
36930,13:27:31,114.204201,22.6658,0,0
36930,13:28:01,114.205002,22.665701,0,18
36930,13:28:31,114.205299,22.662701,0,19
36930,13:29:19,114.203598,22.661699,0,8
36930,13:29:49,114.202904,22.6612,0,7
36930,13:30:19,114.204201,22.659599,0,18
36930,13:30:49,114.206497,22.6574,0,18
36930,13:31:21,114.207802,22.656,0,5
36930,13:31:51,114.205498,22.6528,0,16
36930,13:32:51,114.205299,22.652599,0,0
36930,13:34:07,114.205498,22.6525,0,19
36930,13:34:37,114.208,22.6556,0,27
36930,13:35:07,114.209396,22.657,0,15
36930,13:35:55,114.212196,22.6597,0,29
36930,13:36:25,114.213699,22.6625,0,20
36930,13:36:55,114.214401,22.664,0,4
36930,13:38:28,114.215897,22.667999,0,21
36930,13:38:58,114.216499,22.6698,0,7
36930,13:39:28,114.217796,22.6696,0,7
36930,13:40:43,114.219299,22.669201,0,0
36930,13:41:13,114.219299,22.669201,0,0
36930,13:42:31,114.218903,22.6693,0,10
36930,13:43:01,114.2173,22.6698,0,16
36930,13:44:01,114.219597,22.676001,0,20
36930,13:44:33,114.2201,22.6765,0,0
36930,13:45:03,114.221603,22.6793,0,10
36930,13:45:33,114.221802,22.679899,0,21
36930,13:46:03,114.222801,22.683599,0,21
36930,13:47:34,114.225098,22.6917,0,17
36930,13:49:50,114.219902,22.694901,0,0
36930,13:50:50,114.216904,22.6973,0,0
36930,13:52:07,114.216904,22.6973,0,0
36930,13:52:37,114.216904,22.6973,0,0
36930,13:53:07,114.215103,22.6961,0,27
36930,13:54:09,114.213097,22.693899,0,0
36930,13:54:39,114.213097,22.693899,0,0
36930,13:55:09,114.214302,22.692301,0,26
36930,13:55:57,114.215599,22.691299,0,0
36930,13:56:27,114.216499,22.691601,0,26
36930,13:57:27,114.216698,22.693199,0,0
36930,13:58:14,114.216698,22.693199,0,0
36930,13:58:44,114.216698,22.693199,0,0
36930,13:59:14,114.216797,22.692801,0,6
36930,13:59:44,114.216499,22.691799,0,26
36930,14:00:46,114.213203,22.693501,0,0
36930,14:01:46,114.213203,22.693501,0,0
36930,14:03:03,114.2089,22.6903,0,0
36930,14:03:33,114.2089,22.6903,0,0
36930,14:04:03,114.2089,22.6903,0,0
36930,14:05:12,114.2089,22.6903,0,0
36930,14:05:42,114.2089,22.6903,0,0
36930,14:06:42,114.2089,22.6903,0,0
36930,14:07:12,114.2089,22.6903,0,0
36930,14:07:42,114.2089,22.6903,0,0
36930,14:08:12,114.2089,22.6903,0,0
36930,14:10:42,114.2089,22.6903,0,0
36930,14:12:12,114.2089,22.6903,0,0
36930,14:12:42,114.2089,22.6903,0,0
36930,14:14:12,114.2089,22.6903,0,0
36930,14:14:42,114.2089,22.6903,0,0
36930,14:15:12,114.2089,22.6903,0,0
36930,14:15:42,114.2089,22.6903,0,0
36930,14:17:12,114.2089,22.6903,0,0
36930,14:17:42,114.2089,22.6903,0,0
36930,14:18:12,114.2089,22.6903,0,0
36930,14:18:42,114.2089,22.6903,0,0
36930,14:19:12,114.2089,22.6903,0,0
36930,14:19:42,114.2089,22.6903,0,0
36930,14:20:12,114.2089,22.6903,0,0
36930,14:21:42,114.2089,22.6903,0,0
36930,14:23:12,114.2089,22.6903,0,0
36930,14:23:42,114.2089,22.6903,0,0
36930,14:24:12,114.2089,22.6903,0,0
36930,14:24:42,114.2089,22.6903,0,0
36930,14:25:13,114.2089,22.6903,0,0
36930,14:27:43,114.2089,22.6903,0,0
36930,14:28:13,114.2089,22.6903,0,0
36930,14:28:43,114.2089,22.6903,0,0
36930,14:30:13,114.2089,22.6903,0,0
36930,14:30:43,114.2089,22.6903,0,0
36930,14:31:13,114.2089,22.6903,0,0
36930,14:31:43,114.2089,22.6903,0,0
36930,14:32:43,114.2089,22.6903,0,0
36930,14:33:13,114.2089,22.6903,0,0
36930,14:33:43,114.2089,22.6903,0,0
36930,14:34:13,114.2089,22.6903,0,0
36930,14:34:43,114.2089,22.6903,0,0
36930,14:35:43,114.2089,22.6903,0,0
36930,14:36:43,114.2089,22.6903,0,0
36930,14:37:13,114.2089,22.6903,0,0
36930,14:37:43,114.2089,22.6903,0,0
36930,14:38:13,114.2089,22.6903,0,0
36930,14:39:13,114.2089,22.6903,0,0
36930,14:41:13,114.2089,22.6903,0,0
36930,14:41:43,114.2089,22.6903,0,0
36930,14:42:13,114.2089,22.6903,0,0
36930,14:42:43,114.2089,22.6903,0,0
36930,14:43:13,114.2089,22.6903,0,0
36930,14:43:43,114.2089,22.6903,0,0
36930,14:44:43,114.2089,22.6903,0,0
36930,14:46:13,114.2089,22.6903,0,0
36930,14:46:43,114.2089,22.6903,0,0
36930,14:47:13,114.2089,22.6903,0,0
36930,14:47:43,114.2089,22.6903,0,0
36930,14:48:43,114.2089,22.6903,0,0
36930,14:49:43,114.2089,22.6903,0,0
36930,14:50:13,114.2089,22.6903,0,0
36930,14:50:43,114.2089,22.6903,0,0
36930,14:51:44,114.2089,22.6903,0,0
36930,14:52:14,114.2089,22.6903,0,0
36930,14:52:44,114.2089,22.6903,0,0
36930,14:53:44,114.2089,22.6903,0,0
36930,14:54:44,114.2089,22.6903,0,0
36930,14:55:14,114.2089,22.6903,0,0
36930,14:55:44,114.2089,22.6903,0,0
36930,14:56:44,114.2089,22.6903,0,0
36930,14:57:44,114.2089,22.6903,0,0
36930,14:59:14,114.2089,22.6903,0,0
36930,15:00:44,114.2089,22.6903,0,0
36930,15:01:14,114.2089,22.6903,0,0
36930,15:01:44,114.2089,22.6903,0,0
36930,15:02:14,114.2089,22.6903,0,0
36930,15:02:44,114.2089,22.6903,0,0
36930,15:03:14,114.2089,22.6903,0,0
36930,15:03:44,114.2089,22.6903,0,0
36930,15:04:14,114.2089,22.6903,0,0
36930,15:05:14,114.2089,22.6903,0,0
36930,15:05:44,114.2089,22.6903,0,0
36930,15:06:14,114.2089,22.6903,0,0
36930,15:06:44,114.2089,22.6903,0,0
36930,15:07:14,114.2089,22.6903,0,0
36930,15:07:44,114.2089,22.6903,0,0
36930,15:08:44,114.2089,22.6903,0,0
36930,15:09:44,114.2089,22.6903,0,0
36930,15:10:14,114.2089,22.6903,0,0
36930,15:11:14,114.2089,22.6903,0,0
36930,15:11:44,114.2089,22.6903,0,0
36930,15:12:14,114.2089,22.6903,0,0
36930,15:13:15,114.2089,22.6903,0,0
36930,15:14:15,114.2089,22.6903,0,0
36930,15:14:45,114.2089,22.6903,0,0
36930,15:15:15,114.2089,22.6903,0,0
36930,15:16:15,114.2089,22.6903,0,0
36930,15:17:15,114.2089,22.6903,0,0
36930,15:17:45,114.2089,22.6903,0,0
36930,15:18:15,114.2089,22.6903,0,0
36930,15:18:45,114.2089,22.6903,0,0
36930,15:21:15,114.2089,22.6903,0,0
36930,15:22:15,114.2089,22.6903,0,0
36930,15:22:45,114.2089,22.6903,0,0
36930,15:23:15,114.2089,22.6903,0,0
36930,15:24:15,114.2089,22.6903,0,0
36930,15:25:24,114.2089,22.6903,0,0
36930,15:25:54,114.2089,22.6903,0,0
36930,15:27:02,114.206299,22.686899,0,7
36930,15:27:32,114.209099,22.6896,0,29
36930,15:28:02,114.212097,22.692699,0,27
36930,15:28:32,114.214401,22.6922,0,26
36930,15:29:20,114.217796,22.689699,0,23
36930,15:31:51,114.221298,22.679501,0,18
36930,15:34:09,114.220596,22.678499,0,0
36930,15:35:09,114.220398,22.677799,0,16
36930,15:36:26,114.220001,22.6772,0,13
36930,15:37:26,114.216301,22.6712,0,0
36930,15:37:58,114.216301,22.6712,0,0
36930,15:38:58,114.216301,22.6712,0,0
36930,15:40:15,114.215302,22.667101,0,20
36930,15:43:04,114.201302,22.649099,0,17
36930,15:46:31,114.188202,22.6429,0,36
36930,15:47:19,114.183601,22.6406,0,23
36930,15:49:20,114.168999,22.6362,0,24
36930,15:49:50,114.162903,22.634199,0,22
36930,15:50:20,114.159698,22.6322,0,24
36930,15:51:40,114.154701,22.6262,0,26
36930,15:52:32,114.145798,22.622801,0,0
36930,15:52:40,114.145798,22.622801,0,35
36930,15:54:30,114.139702,22.622499,0,10
36930,15:55:00,114.137703,22.621799,0,6
36930,15:56:02,114.137703,22.621799,0,0
36930,15:56:32,114.137703,22.621799,0,0
36930,15:57:02,114.1362,22.620501,0,32
36930,15:59:50,114.1185,22.6061,0,24
36930,16:01:11,114.111702,22.5975,0,26
36930,16:01:41,114.109802,22.5937,0,39
36930,16:02:11,114.109802,22.5889,0,39
36930,16:02:43,114.112503,22.5851,0,21
36930,16:03:13,114.114899,22.579901,0,11
36930,16:03:43,114.115402,22.578899,0,13
36930,16:04:13,114.115402,22.577101,0,15
36930,16:05:04,114.1119,22.5767,0,32
36930,16:05:34,114.106697,22.5748,0,28
36930,16:06:04,114.103699,22.572901,0,25
36930,16:06:34,114.099197,22.570299,0,7
36930,16:07:24,114.0989,22.570101,0,0
36930,16:07:54,114.098099,22.569799,0,4
36930,16:08:24,114.097504,22.569599,0,0
36930,16:09:25,114.095802,22.568899,0,2
36930,16:10:25,114.093803,22.5683,0,12
36930,16:11:44,114.091003,22.567499,0,8
36930,16:14:28,114.0811,22.572399,0,17
36930,16:14:58,114.078201,22.572701,0,22
36930,16:16:00,114.071602,22.5697,0,23
36930,16:16:30,114.067398,22.569099,0,30
36930,16:17:00,114.061798,22.568199,0,33
36930,16:17:30,114.056297,22.565701,0,40
36930,16:18:46,114.0466,22.5653,0,29
36930,16:19:46,114.038902,22.565901,0,14
36930,16:21:01,114.036697,22.5658,0,21
36930,16:21:31,114.036499,22.5658,0,17
36930,16:22:01,114.038002,22.565701,0,0
36930,16:24:02,114.032402,22.5625,0,23
36930,16:25:12,114.021896,22.560499,0,34
36930,16:25:28,114.020302,22.5604,0,0
36930,16:25:35,114.0196,22.560499,0,20
36930,16:25:43,114.018898,22.560499,0,18
36930,16:27:19,114.016502,22.5539,0,41
36930,16:27:49,114.020599,22.5483,0,29
36930,16:29:08,114.022598,22.542101,0,21
36930,16:29:38,114.021599,22.5394,0,20
36930,16:32:15,114.011002,22.537701,0,29
36930,16:32:45,114.011497,22.5345,0,19
36930,16:33:47,114.009697,22.534901,0,0
36930,16:34:17,114.009598,22.5348,0,0
36930,16:34:47,114.009499,22.5347,0,15
36930,16:35:42,114.009399,22.5348,0,0
36930,16:36:02,114.009399,22.5348,0,0
36930,16:36:21,114.009399,22.5348,0,0
36930,16:36:39,114.009399,22.5348,0,0
36930,16:36:46,114.009399,22.5348,0,0
36930,16:37:45,114.0093,22.5345,0,5
36930,16:38:15,114.009697,22.5341,0,10
36930,16:38:45,114.006699,22.5343,0,0
36930,16:39:47,114.007698,22.5341,0,26
36930,16:40:17,114.011597,22.533701,0,8
36930,16:40:47,114.012901,22.530199,0,19
36930,16:41:17,114.013,22.5303,0,17
36930,16:41:56,114.016602,22.5312,0,26
36930,16:44:05,114.034798,22.5301,0,26
36930,16:46:36,114.036499,22.5294,0,0
36930,16:47:36,114.035103,22.5287,0,8
36930,16:48:14,114.035202,22.5282,0,0
36930,16:48:44,114.035202,22.5282,0,0
36930,16:49:14,114.033897,22.528299,0,9
36930,16:50:57,114.026001,22.530701,0,30
36930,16:51:27,114.024696,22.534599,0,22
36930,16:52:29,114.022903,22.5417,0,11
36930,16:53:59,114.022797,22.5434,0,10
36930,16:54:43,114.022499,22.544701,0,14
36930,16:55:43,114.029297,22.5467,0,19
36930,16:56:13,114.023201,22.5453,0,43
36930,16:56:51,114.017197,22.544701,0,25
36930,16:57:21,114.014603,22.549101,0,20
36930,16:57:51,114.014397,22.5494,0,0
36930,16:58:21,114.013397,22.550699,0,22
36930,17:00:23,114.004997,22.551701,0,22
36930,17:01:00,114.003998,22.5532,0,2
36930,17:01:30,114.004997,22.553301,0,11
36930,17:02:00,114.005402,22.553301,0,0
36930,17:02:30,114.004601,22.5534,0,4
36930,17:03:08,114.003998,22.553801,0,6
36930,17:03:38,114.003899,22.5513,0,18
36930,17:04:08,114.005501,22.5501,0,11
36930,17:04:38,114.006302,22.549601,0,0
36930,17:06:40,114.009201,22.552601,0,0
36930,17:07:49,114.009804,22.553801,0,0
36930,17:08:19,114.011002,22.555201,0,16
36930,17:08:49,114.0121,22.555201,0,10
36930,17:09:27,114.0149,22.5553,0,10
36930,17:10:27,114.019997,22.5555,0,31
36930,17:10:57,114.025497,22.555799,0,39
36930,17:11:59,114.028503,22.5564,0,0
36930,17:12:29,114.029099,22.556499,0,0
36930,17:12:59,114.029099,22.556499,0,0
36930,17:13:38,114.029099,22.556499,0,0
36930,17:14:08,114.029099,22.556499,0,0
36930,17:14:38,114.029297,22.5567,0,11
36930,17:15:51,114.025597,22.5627,0,16
36930,17:16:21,114.027901,22.563299,0,20
36930,17:16:51,114.0298,22.5644,0,20
36930,17:18:23,114.032501,22.5667,0,4
36930,17:18:53,114.032501,22.5667,0,0
36930,17:19:23,114.033401,22.566601,0,10
36930,17:20:08,114.035202,22.567699,0,8
36930,17:20:38,114.036499,22.565901,0,16
36930,17:21:38,114.040199,22.563,0,12
36930,17:22:46,114.043297,22.564199,0,29
36930,17:23:16,114.046303,22.564899,0,8
36930,17:23:46,114.048401,22.564899,0,17
36930,17:24:48,114.052101,22.5648,0,9
36930,17:25:48,114.055901,22.5653,0,15
36930,17:26:57,114.058899,22.566601,0,11
36930,17:27:27,114.061401,22.5679,0,23
36930,17:27:57,114.065002,22.5686,0,28
36930,17:28:40,114.069,22.569201,0,17
36930,17:29:40,114.076202,22.5721,0,24
36930,17:30:10,114.0783,22.5725,0,9
36930,17:30:42,114.079803,22.572399,0,7
36930,17:31:42,114.083199,22.571501,0,8
36930,17:32:12,114.084,22.5709,0,11
36930,17:32:57,114.0849,22.57,0,10
36930,17:33:57,114.086403,22.567301,0,11
36930,17:34:27,114.087997,22.5667,0,19
36930,17:35:35,114.093201,22.5679,0,22
36930,17:36:05,114.096497,22.5688,0,11
36930,17:37:06,114.1007,22.5709,0,18
36930,17:37:36,114.099098,22.5725,0,20
36930,17:38:36,114.099297,22.577101,0,0
36930,17:39:14,114.099297,22.577101,0,0
36930,17:39:44,114.099403,22.5777,0,13
36930,17:40:44,114.101501,22.5814,0,12
36930,17:41:22,114.101898,22.581499,0,3
36930,17:41:52,114.101898,22.582399,0,3
36930,17:42:22,114.101898,22.582399,0,0
36930,17:43:01,114.101898,22.582399,0,0
36930,17:43:37,114.101898,22.582399,0,2
36930,17:44:07,114.101898,22.582399,0,0
36930,17:44:37,114.101898,22.582399,0,0
36930,17:45:07,114.101898,22.582399,0,0
36930,17:45:38,114.101898,22.582399,0,0
36930,17:47:08,114.101898,22.582399,0,0
36930,17:47:38,114.101898,22.582399,0,0
36930,17:48:08,114.101898,22.582399,0,0
36930,17:48:38,114.101898,22.582399,0,0
36930,17:49:08,114.101898,22.582399,0,0
36930,17:50:08,114.101898,22.582399,0,0
36930,17:50:38,114.101898,22.582399,0,0
36930,17:52:08,114.101898,22.582399,0,0
36930,17:52:38,114.101898,22.582399,0,0
36930,17:53:08,114.101898,22.582399,0,0
36930,17:54:08,114.101898,22.582399,0,0
36930,17:54:38,114.101898,22.582399,0,0
36930,17:55:08,114.101898,22.582399,0,0
36930,17:55:38,114.101898,22.582399,0,0
36930,17:57:08,114.101898,22.582399,0,0
36930,17:58:08,114.101898,22.582399,0,0
36930,17:58:38,114.101898,22.582399,0,0
36930,17:59:08,114.101898,22.582399,0,0
36930,17:59:38,114.101898,22.582399,0,1
36930,18:00:08,114.101898,22.582399,0,0
36930,18:00:10,114.101898,22.582399,0,0
36930,18:00:17,114.101898,22.582399,0,0
36930,18:02:38,114.101898,22.582399,0,0
36930,18:03:08,114.101898,22.582399,0,0
36930,18:03:38,114.101898,22.582399,0,0
36930,18:04:38,114.101898,22.582399,0,0
36930,18:05:08,114.101898,22.582399,0,0
36930,18:05:38,114.101898,22.582399,0,0
36930,18:06:38,114.101898,22.582399,0,0
36930,18:07:38,114.101898,22.582399,0,0
36930,18:08:08,114.101898,22.582399,0,0
36930,18:10:38,114.1017,22.582701,0,0
36930,18:11:39,114.101601,22.582399,0,0
36930,18:12:09,114.101601,22.582399,0,0
36930,18:12:39,114.101601,22.582399,0,0
36930,18:13:09,114.101601,22.582399,0,0
36930,18:13:39,114.101601,22.582399,0,0
36930,18:14:09,114.101601,22.582399,0,0
36930,18:14:39,114.101601,22.582399,0,0
36930,18:20:39,114.101601,22.582399,0,0
36930,18:22:09,114.101601,22.582399,0,0
36930,18:23:09,114.101601,22.582399,0,0
36930,18:23:39,114.101601,22.582399,0,0
36930,18:24:09,114.101601,22.582399,0,0
36930,18:25:09,114.101601,22.582701,0,0
36930,18:25:39,114.101601,22.582701,0,0
36930,18:26:09,114.101601,22.582701,0,0
36930,18:26:39,114.101601,22.582701,0,0
36930,18:28:09,114.101601,22.582701,0,0
36930,18:28:39,114.101601,22.582701,0,0
36930,18:31:09,114.101601,22.5825,0,0
36930,18:31:39,114.101601,22.5825,0,0
36930,18:34:09,114.101799,22.582701,0,0
36930,18:34:39,114.101799,22.582701,0,0
36930,18:35:09,114.101799,22.582701,0,0
36930,18:35:39,114.101799,22.582701,0,0
36930,18:36:39,114.101799,22.582701,0,0
36930,18:38:39,114.101799,22.582701,0,0
36930,18:39:09,114.101799,22.582701,0,0
36930,18:39:39,114.101799,22.582701,0,0
36930,18:40:09,114.101799,22.582701,0,0
36930,18:40:39,114.101799,22.582701,0,0
36930,18:41:09,114.1017,22.5823,0,0
36930,18:41:39,114.1017,22.5823,0,0
36930,18:43:09,114.1017,22.5823,0,0
36930,18:44:10,114.101997,22.5826,0,0
36930,18:44:40,114.101997,22.5826,0,0
36930,18:45:10,114.101997,22.5826,0,0
36930,18:45:40,114.101898,22.582701,0,0
36930,18:46:10,114.101898,22.582701,0,0
36930,18:46:40,114.101898,22.582701,0,0
36930,18:47:10,114.101898,22.582701,0,0
36930,18:47:40,114.101898,22.582701,0,0
36930,18:48:10,114.101898,22.582701,0,0
36930,18:49:10,114.101898,22.582701,0,0
36930,18:49:40,114.101898,22.582701,0,0
36930,18:50:40,114.101898,22.582701,0,0
36930,18:52:10,114.101898,22.582701,0,3
36930,18:53:10,114.101898,22.582701,0,0
36930,18:53:40,114.101898,22.582701,0,0
36930,18:54:10,114.101898,22.582701,0,0
36930,18:54:40,114.101898,22.582701,0,0
36930,18:55:40,114.101898,22.582701,0,0
36930,18:56:10,114.101898,22.582701,0,0
36930,18:56:40,114.101898,22.582701,0,0
36930,18:57:10,114.101898,22.582701,0,0
36930,18:57:40,114.101898,22.582701,0,0
36930,18:58:10,114.101601,22.5825,0,0
36930,18:58:40,114.101501,22.582399,0,0
36930,18:59:10,114.101501,22.582399,0,0
36930,18:59:41,114.101501,22.582399,0,0
36930,19:00:11,114.101501,22.582399,0,0
36930,19:00:41,114.101601,22.582701,0,7
36930,19:01:41,114.101601,22.5828,0,0
36930,19:02:11,114.101601,22.5828,0,0
36930,19:02:41,114.101601,22.5828,0,0
36930,19:03:11,114.101601,22.5828,0,0
36930,19:04:11,114.101601,22.5828,0,0
36930,19:04:41,114.101601,22.5828,0,0
36930,19:05:41,114.101601,22.5828,0,0
36930,19:06:41,114.101601,22.5828,0,0
36930,19:07:11,114.101601,22.5828,0,0
36930,19:07:41,114.101601,22.5828,0,0
36930,19:08:41,114.101601,22.5828,0,0
36930,19:09:11,114.101601,22.5828,0,0
36930,19:09:41,114.101601,22.5828,0,0
36930,19:10:11,114.101601,22.5828,0,0
36930,19:10:41,114.101601,22.5828,0,0
36930,19:11:11,114.101601,22.5828,0,0
36930,19:11:41,114.101601,22.5828,0,0
36930,19:12:11,114.101601,22.5828,0,0
36930,19:12:41,114.101601,22.5828,0,0
36930,19:13:41,114.101601,22.5828,0,0
36930,19:14:11,114.101501,22.5825,0,1
36930,19:14:41,114.101501,22.5825,0,0
36930,19:16:11,114.101501,22.5825,0,0
36930,19:16:41,114.101501,22.5825,0,0
36930,19:18:41,114.101501,22.5825,0,0
36930,19:19:11,114.101501,22.5825,0,0
36930,19:19:49,114.101501,22.5825,0,0
36930,19:20:49,114.101501,22.5825,0,0
36930,19:21:19,114.101501,22.5825,0,0
36930,19:24:00,114.101501,22.5825,0,0
36930,19:24:30,114.101501,22.5825,0,0
36930,19:25:00,114.101501,22.5825,0,0
36930,19:25:30,114.101898,22.581699,0,3
36930,19:26:08,114.102997,22.581499,0,21
36930,19:26:38,114.103699,22.5814,0,0
36930,19:27:38,114.104599,22.5793,0,19
36930,19:28:16,114.105003,22.577999,0,0
36930,19:28:46,114.105003,22.577999,0,0
36930,19:29:46,114.107002,22.5742,0,3
36930,19:30:18,114.107002,22.5741,0,0
36930,19:30:48,114.107002,22.5741,0,0
36930,19:31:18,114.107002,22.5741,0,0
36930,19:32:57,114.107399,22.5735,0,2
36930,19:33:27,114.107697,22.573,0,3
36930,19:33:57,114.107697,22.573,0,0
36930,19:35:05,114.107903,22.572701,0,5
36930,19:35:35,114.107903,22.572701,0,8
36930,19:36:05,114.106796,22.5751,0,22
36930,19:36:38,114.107002,22.575199,0,12
36930,19:37:38,114.099602,22.570499,0,28
36930,19:38:46,114.091103,22.567499,0,30
36930,19:39:16,114.0877,22.566799,0,19
36930,19:39:46,114.085098,22.569901,0,32
36930,19:40:16,114.081001,22.5725,0,36
36930,19:40:55,114.075203,22.5718,0,30
36930,19:41:25,114.071098,22.5697,0,35
36930,19:41:55,114.066299,22.569,0,32
36930,19:42:57,114.062302,22.569401,0,0
36930,19:43:57,114.061798,22.5714,0,12
36930,19:45:35,114.061501,22.572901,0,0
36930,19:46:35,114.061501,22.572901,0,0
36930,19:47:13,114.061501,22.574301,0,0
36930,19:47:43,114.061501,22.5746,0,0
36930,19:49:15,114.061501,22.5746,0,0
36930,19:49:45,114.061501,22.5746,0,0
36930,19:50:15,114.061501,22.5746,0,0
36930,19:50:45,114.061501,22.5746,0,0
36930,19:51:28,114.061302,22.5751,0,7
36930,19:52:58,114.061096,22.5753,0,0
36930,19:54:15,114.060898,22.5758,0,0
36930,19:54:45,114.060799,22.576,0,0
36930,19:57:08,114.060799,22.5769,0,4
36930,19:57:38,114.061203,22.5772,0,3
36930,19:59:21,114.0625,22.5777,0,4
36930,20:01:54,114.053101,22.586399,0,30
36930,20:02:37,114.050003,22.590099,0,33
36930,20:03:07,114.049004,22.592699,0,15
36930,20:03:37,114.050201,22.5942,0,12
36930,20:04:52,114.0513,22.593901,0,10
36930,20:05:22,114.052902,22.5931,0,12
36930,20:06:54,114.055496,22.5956,0,0
36930,20:07:54,114.055801,22.596001,0,0
36930,20:09:40,114.055801,22.596001,0,0
36930,20:11:34,114.056702,22.5965,0,7
36930,20:12:04,114.055702,22.5945,0,0
36930,20:12:34,114.055702,22.5945,0,0
36930,20:12:37,114.055702,22.5945,0,13
36930,20:13:06,114.0476,22.5937,0,22
36930,20:13:37,114.048203,22.5912,0,0
36930,20:14:07,114.0485,22.5909,0,13
36930,20:14:37,114.050598,22.589199,0,24
36930,20:15:54,114.054199,22.582199,0,27
36930,20:16:54,114.060799,22.5749,0,36
36930,20:17:24,114.061996,22.5697,0,29
36930,20:18:12,114.062202,22.567301,0,13
36930,20:18:42,114.061203,22.5674,0,11
36930,20:19:12,114.064301,22.5686,0,31
36930,20:19:42,114.068901,22.569099,0,34
36930,20:20:44,114.080498,22.572399,0,16
36930,20:21:44,114.086304,22.5674,0,27
36930,20:22:28,114.089996,22.567101,0,29
36930,20:22:58,114.094002,22.568001,0,30
36930,20:23:28,114.100197,22.570601,0,36
36930,20:23:58,114.1045,22.5732,0,34
36930,20:24:42,114.107903,22.5753,0,21
36930,20:25:12,114.111504,22.5765,0,34
36930,20:25:42,114.116798,22.5765,0,32
36930,20:27:13,114.121597,22.5749,0,13
36930,20:28:13,114.121803,22.5739,0,3
36930,20:28:57,114.121498,22.575199,0,14
36930,20:29:27,114.121902,22.576401,0,21
36930,20:29:57,114.125397,22.576799,0,23
36930,20:30:27,114.130798,22.577499,0,23
36930,20:31:11,114.134499,22.5763,0,22
36930,20:31:41,114.136497,22.5756,0,14
36930,20:32:41,114.135902,22.5763,0,17
36930,20:33:12,114.1325,22.577499,0,14
36930,20:33:42,114.132797,22.580601,0,10
36930,20:34:12,114.132896,22.5812,0,0
36930,20:34:42,114.132896,22.5818,0,0
36930,20:35:27,114.133003,22.5825,0,9
36930,20:36:27,114.132896,22.584101,0,0
36930,20:36:57,114.133003,22.584299,0,5
36930,20:37:42,114.132896,22.5853,0,4
36930,20:38:12,114.132896,22.585501,0,0
36930,20:39:45,114.1343,22.5844,0,12
36930,20:40:45,114.1371,22.5814,0,13
36930,20:41:15,114.1371,22.5812,0,0
36930,20:42:01,114.137299,22.580799,0,0
36930,20:42:31,114.137299,22.580799,0,0
36930,20:43:31,114.133698,22.5795,0,7
36930,20:44:19,114.131699,22.579599,0,0
36930,20:45:19,114.130798,22.579599,0,0
36930,20:45:39,114.130798,22.579599,0,0
36930,20:45:47,114.130699,22.579599,0,0
36930,20:45:51,114.130699,22.579599,0,0
36930,20:46:20,114.130699,22.579599,0,0
36930,20:46:50,114.127701,22.579599,0,12
36930,20:47:20,114.124603,22.579399,0,22
36930,20:47:50,114.1241,22.5793,0,0
36930,20:48:34,114.123703,22.579201,0,0
36930,20:49:34,114.122704,22.5788,0,18
36930,20:50:04,114.120903,22.577,0,26
36930,20:50:49,114.117996,22.576799,0,23
36930,20:52:19,114.117699,22.5704,0,26
36930,20:52:52,114.117897,22.5672,0,27
36930,20:53:22,114.119301,22.561501,0,33
36930,20:53:52,114.120102,22.558399,0,12
36930,20:54:22,114.120598,22.556601,0,24
36930,20:55:08,114.118401,22.553101,0,29
36930,20:56:08,114.117599,22.5518,0,0
36930,20:56:38,114.1166,22.5502,0,6
36930,20:57:54,114.116501,22.5499,0,0
36930,20:58:24,114.116699,22.5492,0,10
36930,20:58:54,114.116699,22.5488,0,0
36930,20:59:26,114.116699,22.5488,0,0
36930,20:59:56,114.116898,22.5478,0,0
36930,21:00:26,114.117104,22.5469,0,8
36930,21:00:56,114.113701,22.546,0,8
36930,21:02:41,114.107002,22.544901,0,16
36930,21:04:26,114.099998,22.5436,0,3
36930,21:04:56,114.099998,22.5436,0,0
36930,21:05:58,114.0989,22.543501,0,25
36930,21:08:14,114.094002,22.5434,0,0
36930,21:08:44,114.094002,22.5434,0,1
36930,21:09:14,114.094002,22.5434,0,0
36930,21:10:31,114.094704,22.543301,0,0
36930,21:11:01,114.094704,22.543301,0,0
36930,21:11:31,114.0952,22.543301,0,9
36930,21:12:01,114.097198,22.543301,0,8
36930,21:14:03,114.099602,22.541401,0,0
36930,21:14:50,114.099602,22.538799,0,16
36930,21:15:20,114.095703,22.5382,0,33
36930,21:15:50,114.0905,22.538099,0,36
36930,21:16:20,114.083298,22.5375,0,32
36930,21:17:06,114.079399,22.5359,0,22
36930,21:17:36,114.0774,22.5327,0,24
36930,21:18:36,114.069099,22.531799,0,38
36930,21:20:08,114.051697,22.531601,0,24
36930,21:21:24,114.045799,22.5322,0,21
36930,21:22:54,114.044403,22.5473,0,41
36930,21:24:10,114.044403,22.5497,0,9
36930,21:24:40,114.044403,22.5499,0,0
36930,21:25:10,114.044403,22.5499,0,0
36930,21:25:42,114.044403,22.5499,0,0
36930,21:26:42,114.043999,22.5564,0,0
36930,21:27:12,114.043999,22.5564,0,0
36930,21:28:28,114.043701,22.5571,0,11
36930,21:28:58,114.042999,22.558399,0,18
36930,21:29:28,114.042297,22.5597,0,0
36930,21:30:44,114.042099,22.559999,0,0
36930,21:31:14,114.041298,22.5616,0,16
36930,21:31:44,114.042397,22.563601,0,21
36930,21:32:46,114.049103,22.563999,0,12
36930,21:33:46,114.049797,22.562201,0,0
36930,21:34:32,114.049797,22.562201,0,0
36930,21:35:02,114.051903,22.5625,0,22
36930,21:36:02,114.056297,22.562401,0,14
36930,21:36:48,114.058701,22.5616,0,19
36930,21:37:18,114.060799,22.5595,0,22
36930,21:37:48,114.0625,22.556499,0,28
36930,21:38:49,114.062599,22.552,0,13
36930,21:39:49,114.062698,22.548,0,0
36930,21:40:19,114.062698,22.547701,0,8
36930,21:41:08,114.062698,22.5459,0,0
36930,21:41:38,114.062698,22.5459,0,0
36930,21:42:08,114.062698,22.545799,0,12
36930,21:42:38,114.062798,22.539499,0,30
36930,21:43:26,114.062897,22.5382,0,0
36930,21:43:56,114.062302,22.539101,0,26
36930,21:44:56,114.063904,22.5425,0,23
36930,21:45:29,114.067299,22.542601,0,29
36930,21:45:59,114.0746,22.5429,0,33
36930,21:47:44,114.076202,22.542999,0,14
36930,21:48:14,114.079903,22.5431,0,27
36930,21:48:44,114.081398,22.5431,0,0
36930,21:49:14,114.086197,22.5432,0,37
36930,21:50:01,114.088997,22.543301,0,27
36930,21:50:31,114.090797,22.543301,0,0
36930,21:51:31,114.094803,22.5434,0,24
36930,21:52:03,114.098396,22.543501,0,20
36930,21:52:33,114.099197,22.543501,0,0
36930,21:53:03,114.099701,22.544399,0,14
36930,21:53:33,114.0998,22.546301,0,11
36930,21:54:19,114.100899,22.5462,0,0
36930,21:54:49,114.101196,22.5462,0,2
36930,21:55:14,114.101402,22.5462,0,0
36930,21:55:19,114.101402,22.5462,0,0
36930,21:55:51,114.101402,22.5462,0,0
36930,21:58:41,114.101898,22.545799,0,0
36930,21:59:11,114.102303,22.5459,0,7
36930,21:59:41,114.102303,22.545799,0,0
36930,22:00:11,114.101997,22.544701,0,12
36930,22:00:59,114.101097,22.5438,0,14
36930,22:01:59,114.094299,22.543501,0,3
36930,22:03:15,114.091904,22.543501,0,25
36930,22:03:45,114.0886,22.5434,0,8
36930,22:04:15,114.088402,22.5434,0,0
36930,22:04:45,114.087097,22.543301,0,22
36930,22:05:17,114.083,22.5432,0,11
36930,22:05:47,114.081902,22.5432,0,5
36930,22:06:17,114.078102,22.5431,0,22
36930,22:08:04,114.069,22.542999,0,32
36930,22:08:34,114.064598,22.5429,0,37
36930,22:09:04,114.058998,22.542801,0,28
36930,22:10:24,114.0457,22.542601,0,22
36930,22:10:54,114.044502,22.5452,0,27
36930,22:12:25,114.044403,22.5502,0,0
36930,22:13:25,114.043999,22.556101,0,0
36930,22:14:43,114.040901,22.556499,0,17
36930,22:15:13,114.039597,22.5564,0,0
36930,22:17:00,114.038696,22.5562,0,0
36930,22:17:30,114.038002,22.5562,0,18
36930,22:18:32,114.034698,22.554701,0,19
36930,22:19:32,114.035599,22.552999,0,12
36930,22:19:43,114.035698,22.5522,0,0
36930,22:20:07,114.035698,22.5522,0,6
36930,22:20:20,114.035301,22.5515,0,9
36930,22:20:49,114.035301,22.551399,0,0
36930,22:21:19,114.034401,22.5509,0,9
36930,22:21:49,114.033997,22.5502,0,0
36930,22:22:19,114.034203,22.549101,0,12
36930,22:23:07,114.034401,22.548201,0,10
36930,22:24:07,114.039398,22.549299,0,6
36930,22:25:09,114.042702,22.5501,0,22
36930,22:26:09,114.0438,22.550501,0,10
36930,22:27:27,114.044098,22.555901,0,7
36930,22:27:57,114.044098,22.556101,0,0
36930,22:28:57,114.043297,22.5578,0,12
36930,22:30:44,114.047401,22.565001,0,27
36930,22:31:14,114.053101,22.5648,0,37
36930,22:32:15,114.063599,22.568501,0,40
36930,22:32:45,114.071503,22.5695,0,34
36930,22:33:15,114.0755,22.571699,0,35
36930,22:34:04,114.0812,22.572201,0,37
36930,22:34:34,114.085403,22.568899,0,36
36930,22:36:22,114.098602,22.569799,0,23
36930,22:37:22,114.107002,22.574699,0,29
36930,22:38:54,114.1222,22.576599,0,43
36930,22:39:24,114.129501,22.5774,0,25
36930,22:39:54,114.133499,22.576599,0,24
36930,22:41:13,114.137497,22.5758,0,18
36930,22:42:13,114.1325,22.578199,0,21
36930,22:43:02,114.134499,22.579201,0,0
36930,22:44:02,114.134499,22.579201,0,0
36930,22:45:04,114.134499,22.579201,0,0
36930,22:45:34,114.134499,22.579201,0,0
36930,22:46:04,114.134499,22.579201,0,0
36930,22:46:34,114.133797,22.579399,0,11
36930,22:48:22,114.132896,22.579599,0,0
36930,22:50:39,114.130501,22.5805,0,22
36930,22:51:09,114.130402,22.5837,0,14
36930,22:51:41,114.128098,22.5863,0,28
36930,22:52:11,114.125298,22.589899,0,29
36930,22:52:41,114.120201,22.5912,0,8
36930,22:54:01,114.119797,22.5937,0,9
36930,22:54:31,114.119698,22.5954,0,10
36930,22:55:01,114.119698,22.5963,0,0
36930,22:55:31,114.119698,22.5963,0,0
36930,22:56:15,114.119698,22.5965,0,9
36930,22:56:45,114.118698,22.5987,0,25
36930,22:57:45,114.116096,22.601601,0,4
36930,22:58:17,114.115799,22.601999,0,0
36930,22:58:47,114.115799,22.6028,0,18
36930,23:01:25,114.116096,22.6094,0,7
36930,23:01:55,114.117996,22.6099,0,6
36930,23:02:37,114.117996,22.6099,0,0
36930,23:03:37,114.120201,22.611099,0,9
36930,23:04:07,114.121002,22.6101,0,0
36930,23:04:39,114.121002,22.6101,0,0
36930,23:05:09,114.121002,22.6101,0,0
36930,23:05:39,114.121498,22.6096,0,19
36930,23:06:53,114.117203,22.6047,0,32
36930,23:07:23,114.113503,22.6003,0,41
36930,23:07:53,114.110703,22.595501,0,33
36930,23:09:01,114.112,22.585699,0,30
36930,23:10:31,114.114304,22.576799,0,17
36930,23:11:13,114.114197,22.576599,0,0
36930,23:11:34,114.113998,22.574699,0,2
36930,23:12:04,114.113098,22.57,0,33
36930,23:12:34,114.112396,22.5658,0,33
36930,23:15:12,114.109596,22.5471,0,17
36930,23:16:12,114.110199,22.542101,0,0
36930,23:17:25,114.107002,22.541401,0,0
36930,23:17:55,114.107002,22.541401,0,0
36930,23:19:44,114.1054,22.541201,0,0
36930,23:20:14,114.1054,22.541201,0,0
36930,23:22:11,114.1064,22.541201,0,0
36930,23:22:41,114.1064,22.541201,0,0
36930,23:23:41,114.108704,22.542,0,18
36930,23:24:43,114.109802,22.542,0,0
36930,23:25:13,114.111298,22.542101,0,5
36930,23:26:20,114.113098,22.546,0,10
36930,23:26:50,114.113297,22.546,0,0
36930,23:27:50,114.119598,22.548,0,15
36930,23:28:28,114.122597,22.548401,0,0
36930,23:28:58,114.122597,22.548401,0,0
36930,23:29:28,114.124199,22.548599,0,8
36930,23:29:58,114.125397,22.5466,0,25
36930,23:30:30,114.125603,22.5455,0,0
36930,23:31:30,114.126503,22.5424,0,16
36930,23:32:00,114.129799,22.544001,0,17
36930,23:33:09,114.133202,22.5459,0,22
36930,23:33:39,114.1362,22.5494,0,29
36930,23:34:09,114.139099,22.5536,0,25
36930,23:34:51,114.142998,22.5555,0,37
36930,23:36:54,114.157501,22.5616,0,29
36930,23:37:24,114.159798,22.564501,0,26
36930,23:37:54,114.162903,22.5646,0,13
36930,23:38:24,114.164497,22.5646,0,6
36930,23:39:08,114.165398,22.5646,0,3
36930,23:41:16,114.165901,22.565399,0,0
36930,23:43:48,114.165901,22.565399,0,0
36930,23:44:48,114.165901,22.565399,0,0
36930,23:45:57,114.165901,22.565399,0,0
36930,23:46:27,114.165901,22.565399,0,0
36930,23:46:57,114.165901,22.565001,0,0
36930,23:48:10,114.165199,22.564301,0,0
36930,23:48:40,114.165199,22.564301,0,0
36930,23:49:10,114.165199,22.564301,0,0
36930,23:49:41,114.165199,22.564301,0,0
36930,23:50:41,114.164703,22.564301,0,1
36930,23:51:11,114.164497,22.564199,0,3
36930,23:51:56,114.164398,22.565201,0,0
36930,23:52:26,114.164398,22.565399,0,6
36930,23:53:26,114.168297,22.566799,0,0
