29688,00:00:37,114.05938,22.527397,1,0
29688,00:06:15,114.126007,22.551805,0,0
29688,00:06:22,114.05938,22.527397,1,0
29688,00:12:06,114.126007,22.551805,0,0
29688,00:17:50,114.126007,22.551805,0,0
29688,00:23:35,114.126007,22.551805,0,0
29688,00:24:15,114.107285,22.612419,1,7
29688,00:29:20,114.107285,22.612419,1,0
29688,00:35:07,114.107285,22.612419,1,0
29688,00:40:51,114.107285,22.612419,1,0
29688,00:44:15,114.099182,22.557358,1,15
29688,00:45:15,114.097916,22.551926,1,49
29688,00:45:41,114.097008,22.552443,0,0
29688,00:46:36,114.097008,22.552443,0,0
29688,00:52:20,114.097008,22.552443,0,0
29688,00:58:04,114.097008,22.552443,0,0
29688,01:03:47,114.097008,22.552443,0,0
29688,01:05:15,114.084282,22.546387,0,25
29688,01:06:15,114.085648,22.545521,0,0
29688,01:09:32,114.085648,22.545521,0,0
29688,01:15:17,114.085648,22.545521,0,0
29688,01:21:02,114.085648,22.545521,0,0
29688,01:26:46,114.085648,22.545521,0,0
29688,01:30:22,114.081985,22.538057,1,32
29688,01:32:31,114.081985,22.538057,1,0
29688,01:38:15,114.081985,22.538057,1,0
29688,01:44:00,114.081985,22.538057,1,0
29688,01:49:44,114.081985,22.538057,1,0
29688,01:50:20,114.063278,22.537676,0,0
29688,01:51:20,114.063011,22.533333,0,60
29688,01:55:29,114.063011,22.533333,0,0
29688,02:01:14,114.063011,22.533333,0,0
29688,02:06:58,114.063011,22.533333,0,0
29688,02:12:42,114.063011,22.533333,0,0
29688,02:13:20,114.058884,22.520807,1,0
29688,02:18:26,114.058884,22.520807,1,0
29688,02:24:15,114.058884,22.520807,1,0
29688,02:29:59,114.058884,22.520807,1,0
29688,02:31:20,114.062759,22.539682,0,0
29688,02:32:20,114.062805,22.539642,0,0
29688,02:35:20,114.062889,22.539618,0,0
29688,02:35:43,114.062805,22.539642,0,0
29688,02:41:27,114.062889,22.539618,0,0
29688,02:47:12,114.062889,22.539618,0,0
29688,02:52:56,114.062889,22.539618,0,0
29688,02:58:40,114.062889,22.539618,0,0
29688,03:04:24,114.062889,22.539618,0,0
29688,03:10:07,114.062889,22.539618,0,0
29688,03:15:50,114.062889,22.539618,0,0
29688,03:15:56,114.059593,22.527081,1,31
29688,03:21:34,114.059593,22.527081,1,0
29688,03:27:18,114.059593,22.527081,1,0
29688,03:33:02,114.059593,22.527081,1,0
29688,03:38:46,114.059593,22.527081,1,0
29688,03:43:04,114.040985,22.514837,0,35
29688,03:44:30,114.040985,22.514837,0,0
29688,03:50:15,114.040985,22.514837,0,0
29688,03:55:59,114.040985,22.514837,0,0
29688,04:01:43,114.040985,22.514837,0,0
29688,04:07:27,114.040985,22.514837,0,0
29688,04:13:10,114.040985,22.514837,0,0
29688,04:18:58,114.040985,22.514837,0,0
29688,04:24:41,114.040985,22.514837,0,0
29688,04:30:25,114.040985,22.514837,0,0
29688,04:36:09,114.040985,22.514837,0,0
29688,04:41:52,114.040985,22.514837,0,0
29688,04:47:36,114.040985,22.514837,0,0
29688,04:53:20,114.040985,22.514837,0,0
29688,04:59:04,114.040985,22.514837,0,0
29688,05:04:47,114.040985,22.514837,0,0
29688,05:10:32,114.040985,22.514837,0,0
29688,05:16:16,114.040985,22.514837,0,0
29688,05:21:59,114.040985,22.514837,0,0
29688,05:27:42,114.040985,22.514837,0,0
29688,05:33:26,114.040985,22.514837,0,0
29688,05:39:10,114.040985,22.514837,0,0
29688,05:44:54,114.040985,22.514837,0,0
29688,05:50:37,114.040985,22.514837,0,0
29688,05:56:21,114.040985,22.514837,0,0
29688,06:02:05,114.040985,22.514837,0,0
29688,06:07:48,114.040985,22.514837,0,0
29688,06:13:32,114.040985,22.514837,0,0
29688,06:19:16,114.040985,22.514837,0,0
29688,06:25:02,114.040985,22.514837,0,0
29688,06:30:46,114.040985,22.514837,0,0
29688,06:36:30,114.040985,22.514837,0,0
29688,06:42:14,114.040985,22.514837,0,0
29688,06:47:58,114.040985,22.514837,0,0
29688,06:53:41,114.040985,22.514837,0,0
29688,06:59:25,114.040985,22.514837,0,0
29688,07:05:10,114.040985,22.514837,0,0
29688,07:10:54,114.040985,22.514837,0,0
29688,07:16:38,114.040985,22.514837,0,0
29688,07:22:23,114.040985,22.514837,0,0
29688,07:28:07,114.040985,22.514837,0,0
29688,07:33:52,114.040985,22.514837,0,0
29688,07:35:28,114.030952,22.523607,1,0
29688,07:39:36,114.030952,22.523607,1,0
29688,07:45:21,114.030952,22.523607,1,0
29688,07:51:05,114.030952,22.523607,1,0
29688,07:56:49,114.030952,22.523607,1,0
29688,07:57:28,114.072304,22.535875,0,5
29688,08:02:33,114.072304,22.535875,0,0
29688,08:08:17,114.072304,22.535875,0,0
29688,08:14:00,114.072304,22.535875,0,0
29688,08:18:28,114.063011,22.534662,0,0
29688,08:18:47,114.063004,22.534683,1,3
29688,08:19:44,114.063004,22.534683,1,0
29688,08:25:29,114.063004,22.534683,1,0
29688,08:31:14,114.063004,22.534683,1,0
29688,08:36:58,114.063004,22.534683,1,0
29688,08:38:27,114.076164,22.549171,1,36
29688,08:42:41,114.076164,22.549171,1,0
29688,08:48:29,114.076164,22.549171,1,0
29688,08:54:13,114.076164,22.549171,1,0
29688,08:57:27,114.043343,22.531809,1,6
29688,08:59:57,114.043343,22.531809,1,0
29688,09:05:41,114.043343,22.531809,1,0
29688,09:11:26,114.043343,22.531809,1,0
29688,09:11:27,114.025215,22.532772,1,34
29688,09:12:27,114.023872,22.53809,1,42
29688,09:17:12,114.023872,22.53809,1,0
29688,09:22:57,114.023872,22.53809,1,0
29688,09:24:26,113.975319,22.556747,1,6
29688,09:25:26,113.974045,22.556652,1,8
29688,09:26:26,113.970406,22.557714,1,27
29688,09:27:26,113.964989,22.557852,1,17
29688,09:28:44,113.964989,22.557852,1,0
29688,09:34:29,113.964989,22.557852,1,0
29688,09:37:30,113.964989,22.557852,1,0
29688,09:40:15,113.964989,22.557852,1,0
29688,09:46:00,113.964989,22.557852,1,0
29688,09:48:06,113.964989,22.557852,1,0
29688,09:51:45,113.963745,22.543423,1,0
29688,09:57:31,113.963745,22.543423,1,0
29688,09:58:49,113.964989,22.557852,1,0
29688,10:03:18,113.963745,22.543423,1,0
29688,10:07:55,113.963074,22.547031,0,4
29688,10:08:55,113.963806,22.545982,1,35
29688,10:09:05,113.963806,22.545982,1,0
29688,10:09:40,113.963806,22.545982,1,0
29688,10:14:51,113.963806,22.545982,1,0
29688,10:20:19,113.963806,22.545982,1,0
29688,10:20:36,113.963806,22.545982,1,0
29688,10:26:20,113.963806,22.545982,1,0
29688,10:26:55,114.047768,22.54027,0,26
29688,10:31:04,114.047768,22.54027,0,0
29688,10:32:06,114.047768,22.54027,0,0
29688,10:37:52,114.047768,22.54027,0,0
29688,10:41:47,114.047768,22.54027,0,0
29688,10:43:38,114.047768,22.54027,0,0
29688,10:46:55,114.039116,22.522915,1,15
29688,10:49:25,114.039116,22.522915,1,0
29688,10:52:32,114.039116,22.522915,1,0
29688,10:55:11,114.039116,22.522915,1,0
29688,11:00:56,114.039116,22.522915,1,0
29688,11:03:14,114.039116,22.522915,1,0
29688,11:06:44,114.039116,22.522915,1,0
29688,11:12:28,114.039116,22.522915,1,0
29688,11:13:57,114.039116,22.522915,1,0
29688,11:18:12,114.039116,22.522915,1,0
29688,11:23:56,114.039116,22.522915,1,0
29688,11:24:40,114.039116,22.522915,1,0
29688,11:24:55,114.093483,22.543371,1,40
29688,11:25:55,114.097977,22.54347,1,0
29688,11:29:40,114.097977,22.54347,1,0
29688,11:35:25,114.097977,22.54347,1,0
29688,11:35:26,114.097977,22.54347,1,0
29688,11:41:10,114.097977,22.54347,1,0
29688,11:46:10,114.097977,22.54347,1,0
29688,11:46:54,114.097977,22.54347,1,0
29688,11:52:37,114.097977,22.54347,1,0
29688,11:56:53,114.097977,22.54347,1,0
29688,11:58:21,114.097977,22.54347,1,0
29688,12:04:05,114.097977,22.54347,1,0
29688,12:04:59,114.017014,22.555496,1,51
29688,12:05:59,114.015633,22.555017,1,17
29688,12:07:41,114.015633,22.555017,1,0
29688,12:09:49,114.015633,22.555017,1,0
29688,12:15:36,114.015633,22.555017,1,0
29688,12:18:21,114.015633,22.555017,1,0
29688,12:21:21,114.015633,22.555017,1,0
29688,12:22:59,113.938454,22.508142,1,33
29688,12:23:59,113.937187,22.508162,1,0
29688,12:27:07,113.937187,22.508162,1,0
29688,12:29:06,113.937187,22.508162,1,0
29688,12:32:52,113.937187,22.508162,1,0
29688,12:38:37,113.937187,22.508162,1,0
29688,12:39:48,113.937187,22.508162,1,0
29688,12:44:27,113.937187,22.508162,1,0
29688,12:50:12,113.937187,22.508162,1,0
29688,12:50:30,113.937187,22.508162,1,0
29688,12:51:01,113.94104,22.526098,0,51
29688,12:52:01,113.942726,22.527353,0,0
29688,12:55:58,113.942726,22.527353,0,0
29688,13:01:16,113.942726,22.527353,0,0
29688,13:01:43,113.942726,22.527353,0,0
29688,13:07:01,113.999733,22.535192,0,31
29688,13:07:27,113.942726,22.527353,0,0
29688,13:08:01,114.006439,22.536303,0,46
29688,13:12:01,114.026604,22.539724,0,26
29688,13:13:01,114.026634,22.537292,0,3
29688,13:13:13,114.006439,22.536303,0,0
29688,13:14:01,114.023308,22.536713,0,12
29688,13:15:01,114.022331,22.535379,0,33
29688,13:18:57,114.022331,22.535379,0,0
29688,13:22:43,114.022331,22.535379,0,0
29688,13:24:42,114.022331,22.535379,0,0
29688,13:30:27,114.022331,22.535379,0,0
29688,13:32:01,114.039474,22.560884,1,9
29688,13:33:01,114.040466,22.561581,0,0
29688,13:33:34,114.040466,22.561581,0,0
29688,13:36:12,114.040466,22.561581,0,0
29688,13:41:58,114.040466,22.561581,0,0
29688,13:44:09,114.040466,22.561581,0,0
29688,13:47:43,114.040466,22.561581,0,0
29688,13:51:01,114.050323,22.622351,1,0
29688,13:52:01,114.050362,22.624067,1,33
29688,13:53:28,114.050362,22.624067,1,0
29688,13:54:53,114.050362,22.624067,1,0
29688,13:59:14,114.050362,22.624067,1,0
29688,14:04:58,114.050362,22.624067,1,0
29688,14:05:34,114.050362,22.624067,1,0
29688,14:07:01,114.067429,22.573318,1,63
29688,14:08:01,114.067596,22.565796,1,63
29688,14:10:44,114.067596,22.565796,1,0
29688,14:16:01,114.076096,22.551769,1,0
29688,14:16:18,114.067596,22.565796,1,0
29688,14:16:28,114.067596,22.565796,1,0
29688,14:17:01,114.076096,22.551758,1,0
29688,14:18:01,114.075996,22.549562,1,6
29688,14:19:01,114.076027,22.547888,1,0
29688,14:22:13,114.076027,22.547888,1,0
29688,14:27:02,114.076027,22.547888,1,0
29688,14:27:57,114.076027,22.547888,1,0
29688,14:33:41,114.076027,22.547888,1,0
29688,14:37:44,114.076027,22.547888,1,0
29688,14:39:01,114.082397,22.545612,1,18
29688,14:39:27,114.076027,22.547888,1,0
29688,14:45:15,114.082397,22.545612,1,0
29688,14:48:29,114.082397,22.545612,1,0
29688,14:51:00,114.082397,22.545612,1,0
29688,14:56:43,114.082397,22.545612,1,0
29688,14:57:01,113.98201,22.536579,1,0
29688,14:59:14,113.98201,22.536579,1,0
29688,15:02:27,113.98201,22.536579,1,0
29688,15:08:11,113.98201,22.536579,1,0
29688,15:09:55,113.98201,22.536579,1,0
29688,15:13:56,113.98201,22.536579,1,0
29688,15:14:01,113.99205,22.538912,1,55
29688,15:18:01,113.969124,22.540052,1,57
29688,15:19:01,113.963638,22.542496,1,6
29688,15:19:39,113.99205,22.538912,1,0
29688,15:20:01,113.9636,22.543051,1,8
29688,15:20:40,113.99205,22.538912,1,0
29688,15:25:25,113.963959,22.544098,1,0
29688,15:31:09,113.963959,22.544098,1,0
29688,15:31:23,113.9636,22.543051,1,0
29688,15:36:55,113.963959,22.544098,1,0
29688,15:37:55,113.947044,22.541706,0,11
29688,15:39:01,113.949036,22.541838,1,23
29688,15:42:10,113.949036,22.541838,1,0
29688,15:42:40,113.949036,22.541838,1,0
29688,15:48:25,113.949036,22.541838,1,0
29688,15:52:51,113.949036,22.541838,1,0
29688,15:54:09,113.949036,22.541838,1,0
29688,15:57:00,113.964798,22.587145,0,31
29688,15:58:00,113.96476,22.585871,1,14
29688,15:59:00,113.960655,22.585663,1,0
29688,15:59:53,113.949036,22.541838,1,0
29688,16:00:00,113.959335,22.58534,0,6
29688,16:01:00,113.956131,22.583879,0,48
29688,16:02:00,113.955711,22.58386,0,0
29688,16:03:38,113.955711,22.58386,0,0
29688,16:05:37,113.955711,22.58386,0,0
29688,16:11:21,113.955711,22.58386,0,0
29688,16:14:19,113.955711,22.58386,0,0
29688,16:17:05,113.955711,22.58386,0,0
29688,16:22:50,113.955711,22.58386,0,0
29688,16:25:02,113.955711,22.58386,0,0
29688,16:28:36,113.955711,22.58386,0,0
29688,16:34:20,113.955711,22.58386,0,0
29688,16:35:45,113.955711,22.58386,0,0
29688,16:36:01,114.016747,22.530155,1,19
29688,16:37:01,114.018967,22.526764,1,32
29688,16:38:01,114.024445,22.523237,1,13
29688,16:39:01,114.024467,22.523188,1,0
29688,16:40:01,114.02845,22.521055,1,0
29688,16:40:06,113.955711,22.58386,0,0
29688,16:41:01,114.0299,22.522198,1,38
29688,16:43:58,114.029327,22.521276,1,0
29688,16:44:58,114.030609,22.519842,1,49
29688,16:45:53,113.955711,22.58386,0,0
29688,16:45:58,114.035851,22.517082,1,47
29688,16:46:28,113.955711,22.58386,0,0
29688,16:46:58,114.040573,22.513725,1,33
29688,16:47:58,114.043991,22.512438,1,0
29688,16:48:58,114.047668,22.512264,1,38
29688,16:49:58,114.050491,22.512552,1,0
29688,16:50:58,114.053085,22.511698,1,23
29688,16:51:38,113.955711,22.58386,0,0
29688,16:57:10,113.955711,22.58386,0,0
29688,16:57:24,113.955711,22.58386,0,0
29688,17:03:10,113.955711,22.58386,0,0
29688,17:07:54,113.955711,22.58386,0,0
29688,17:08:56,113.955711,22.58386,0,0
29688,17:14:42,113.955711,22.58386,0,0
29688,17:18:37,113.955711,22.58386,0,0
29688,17:20:28,113.955711,22.58386,0,0
29688,17:26:11,113.955711,22.58386,0,0
29688,17:29:21,113.955711,22.58386,0,0
29688,17:31:55,113.955711,22.58386,0,0
29688,17:37:40,113.955711,22.58386,0,0
29688,17:40:04,113.955711,22.58386,0,0
29688,17:43:26,113.955711,22.58386,0,0
29688,17:49:11,113.955711,22.58386,0,0
29688,17:50:48,113.955711,22.58386,0,0
29688,17:54:57,113.955711,22.58386,0,0
29688,18:00:45,113.955711,22.58386,0,0
29688,18:01:31,113.955711,22.58386,0,0
29688,18:06:31,113.955711,22.58386,0,0
29688,18:12:15,113.955711,22.58386,0,0
29688,18:12:16,113.955711,22.58386,0,0
29688,18:23:03,113.952171,22.571442,1,0
29688,18:23:47,113.952171,22.571442,1,0
29688,18:29:32,114.053085,22.511698,1,0
29688,18:33:45,114.053085,22.511698,1,0
29688,18:35:20,114.053085,22.511698,1,0
29688,18:41:05,114.053085,22.511698,1,0
29688,18:44:28,114.053085,22.511698,1,0
29688,18:46:51,114.053085,22.511698,1,0
29688,18:47:50,114.120125,22.541416,1,17
29688,18:48:50,114.121017,22.543222,1,0
29688,18:52:35,114.121017,22.543222,1,0
29688,18:55:13,114.121017,22.543222,1,0
29688,18:58:21,114.121017,22.543222,1,0
29688,19:04:06,114.121017,22.543222,1,0
29688,19:05:55,114.121017,22.543222,1,0
29688,19:09:51,114.121017,22.543222,1,0
29688,19:15:35,114.121017,22.543222,1,0
29688,19:16:37,114.121017,22.543222,1,0
29688,19:21:19,114.121017,22.543222,1,0
29688,19:27:03,114.121017,22.543222,1,0
29688,19:27:21,114.121017,22.543222,1,0
29688,19:29:53,114.099449,22.554888,1,6
29688,19:32:46,114.099449,22.554888,1,0
29688,19:38:06,114.099449,22.554888,1,0
29688,19:38:32,114.099449,22.554888,1,0
29688,19:44:18,114.099449,22.554888,1,0
29688,19:48:48,114.099449,22.554888,1,0
29688,19:50:01,114.099449,22.554888,1,0
29688,19:50:53,114.121696,22.547176,1,0
29688,19:51:53,114.122131,22.547268,1,0
29688,19:55:45,114.122131,22.547268,1,0
29688,19:59:33,114.122131,22.547268,1,0
29688,20:01:29,114.122131,22.547268,1,0
29688,20:07:12,114.122131,22.547268,1,0
29688,20:10:15,114.122131,22.547268,1,0
29688,20:12:56,114.122131,22.547268,1,0
29688,20:14:56,114.119835,22.54125,1,41
29688,20:18:41,114.119835,22.54125,1,0
29688,20:21:00,114.119835,22.54125,1,0
29688,20:24:26,114.119835,22.54125,1,0
29688,20:30:10,114.119835,22.54125,1,0
29688,20:31:42,114.119835,22.54125,1,0
29688,20:33:56,114.116982,22.551485,1,9
29688,20:34:56,114.116951,22.551378,1,0
29688,20:35:55,114.116951,22.551378,1,0
29688,20:41:40,114.116951,22.551378,1,0
29688,20:42:27,114.116951,22.551378,1,0
29688,20:47:25,114.116951,22.551378,1,0
29688,20:53:09,114.116951,22.551378,1,0
29688,20:53:15,114.116951,22.551378,1,0
29688,20:56:56,114.10598,22.546831,0,0
29688,20:57:56,114.105911,22.546747,0,0
29688,20:58:59,114.105911,22.546747,0,0
29688,21:03:54,114.105911,22.546747,0,0
29688,21:04:44,114.105911,22.546747,0,0
29688,21:10:29,114.105911,22.546747,0,0
29688,21:11:56,114.116631,22.549091,1,47
29688,21:12:56,114.118118,22.55266,1,25
29688,21:13:56,114.123734,22.558294,1,41
29688,21:14:36,114.105911,22.546747,0,0
29688,21:14:56,114.124901,22.558952,1,0
29688,21:16:14,114.124901,22.558952,1,0
29688,21:21:58,114.124901,22.558952,1,0
29688,21:25:21,114.124901,22.558952,1,0
29688,21:27:43,114.124901,22.558952,1,0
29688,21:32:55,114.12635,22.55372,1,21
29688,21:33:28,114.124901,22.558952,1,0
29688,21:36:06,114.12635,22.55372,1,0
29688,21:39:13,114.12635,22.55372,1,0
29688,21:44:59,114.12635,22.55372,1,0
29688,21:46:48,114.12635,22.55372,1,0
29688,21:50:44,114.12635,22.55372,1,0
29688,21:56:28,114.12635,22.55372,1,0
29688,21:57:30,114.12635,22.55372,1,0
29688,22:02:13,114.12635,22.55372,1,0
29688,22:07:58,114.12635,22.55372,1,0
29688,22:08:13,114.12635,22.55372,1,0
29688,22:13:42,114.12635,22.55372,1,0
29688,22:16:59,114.062714,22.552715,1,42
29688,22:19:00,114.062714,22.552715,1,0
29688,22:19:27,114.062714,22.552715,1,0
29688,22:25:13,114.062714,22.552715,1,0
29688,22:29:41,114.062714,22.552715,1,0
29688,22:30:58,114.062714,22.552715,1,0
29688,22:36:42,114.062714,22.552715,1,0
29688,22:40:24,114.062714,22.552715,1,0
29688,22:41:00,114.043701,22.598057,0,48
29688,22:42:00,114.048897,22.59115,0,64
29688,22:42:28,114.048897,22.59115,0,0
29688,22:48:11,114.048897,22.59115,0,0
29688,22:51:09,114.048897,22.59115,0,0
29688,22:53:55,114.048897,22.59115,0,0
29688,22:59:39,114.048897,22.59115,0,0
29688,23:00:00,114.044411,22.525871,1,18
29688,23:01:54,114.044411,22.525871,1,0
29688,23:05:25,114.044411,22.525871,1,0
29688,23:11:10,114.044411,22.525871,1,0
29688,23:12:35,114.044411,22.525871,1,0
29688,23:15:00,114.044006,22.520075,1,42
29688,23:16:00,114.037857,22.523611,1,16
29688,23:16:55,114.037857,22.523611,1,0
29688,23:22:40,114.037857,22.523611,1,0
29688,23:23:20,114.037857,22.523611,1,0
29688,23:28:25,114.037857,22.523611,1,0
29688,23:34:02,114.037857,22.523611,1,0
29688,23:34:10,114.037857,22.523611,1,0
29688,23:38:00,113.912247,22.52615,1,38
29688,23:39:00,113.910347,22.529802,1,36
29688,23:39:53,113.910347,22.529802,1,0
29688,23:44:47,113.910347,22.529802,1,0
29688,23:45:36,113.910347,22.529802,1,0
29688,23:51:20,113.910347,22.529802,1,0
