29416,00:00:24,113.962303,22.534,0,0
29416,00:00:54,113.962196,22.533899,0,0
29416,00:01:24,113.965401,22.532499,0,0
29416,00:02:06,113.965897,22.532301,0,24
29416,00:02:36,113.970497,22.530701,0,39
29416,00:03:36,113.983803,22.5292,0,38
29416,00:04:12,113.987297,22.529699,0,0
29416,00:04:31,113.987297,22.529699,0,0
29416,00:05:01,113.988297,22.5299,0,0
29416,00:05:31,113.992302,22.5308,0,34
29416,00:07:13,113.997803,22.5292,0,43
29416,00:07:43,114.004799,22.5298,0,47
29416,00:08:55,114.019302,22.532,0,40
29416,00:09:25,114.025703,22.531099,0,42
29416,00:09:55,114.032204,22.530001,0,44
29416,00:10:28,114.039497,22.5308,0,45
29416,00:11:28,114.054703,22.5315,0,41
29416,00:11:58,114.061203,22.531601,0,41
29416,00:13:10,114.074203,22.531799,0,42
29416,00:13:40,114.078796,22.5341,0,39
29416,00:14:52,114.090302,22.537901,0,40
29416,00:16:22,114.107498,22.537001,0,34
29416,00:16:55,114.109497,22.5375,0,16
29416,00:17:25,114.110497,22.5401,0,24
29416,00:17:55,114.110497,22.5411,0,0
29416,00:18:25,114.110497,22.5411,0,0
29416,00:19:08,114.110199,22.541599,0,6
29416,00:20:06,114.1064,22.5427,0,34
29416,00:21:23,114.113602,22.546101,0,0
29416,00:22:53,114.120003,22.5459,0,18
29416,00:23:30,114.120399,22.544901,0,4
29416,00:24:00,114.120598,22.544201,0,0
29416,00:24:30,114.120399,22.5441,0,0
29416,00:24:56,114.120499,22.544001,0,0
29416,00:26:08,114.1203,22.541901,0,0
29416,00:26:38,114.1203,22.541901,0,0
29416,00:28:31,114.117203,22.539801,0,24
29416,00:29:31,114.106499,22.537001,0,31
29416,00:30:44,114.1008,22.5383,0,42
29416,00:31:14,114.094299,22.5382,0,43
29416,00:31:44,114.085999,22.537399,0,42
29416,00:33:09,114.076302,22.532,0,31
29416,00:33:39,114.070999,22.5319,0,32
29416,00:34:09,114.0672,22.532,0,16
29416,00:34:39,114.0681,22.530899,0,26
29416,00:35:12,114.069504,22.5315,0,34
29416,00:35:42,114.071999,22.530001,0,19
29416,00:36:12,114.0718,22.528,0,0
29416,00:36:42,114.0718,22.528,0,0
29416,00:38:24,114.077103,22.531799,0,32
29416,00:39:34,114.081902,22.5368,0,16
29416,00:40:09,114.081596,22.5389,0,4
29416,00:40:39,114.081802,22.536699,0,20
29416,00:41:09,114.082802,22.537201,0,29
29416,00:41:40,114.088203,22.537399,0,36
29416,00:42:10,114.096397,22.538,0,38
29416,00:43:10,114.105103,22.537701,0,26
29416,00:43:56,114.106697,22.541201,0,3
29416,00:44:56,114.106697,22.541201,0,0
29416,00:46:36,114.104698,22.542601,0,16
29416,00:47:06,114.103203,22.5429,0,17
29416,00:47:36,114.101997,22.542,0,11
29416,00:48:06,114.100304,22.541201,0,12
29416,00:48:40,114.099297,22.540199,0,7
29416,00:49:10,114.097099,22.5401,0,13
29416,00:50:10,114.0952,22.5401,0,8
29416,00:50:58,114.095001,22.5413,0,8
29416,00:51:28,114.092598,22.5415,0,15
29416,00:51:58,114.090698,22.541201,0,18
29416,00:52:28,114.087601,22.5411,0,11
29416,00:54:11,114.083702,22.540701,0,15
29416,00:55:15,114.077904,22.540199,0,0
29416,00:55:27,114.077904,22.540199,0,0
29416,00:55:57,114.0765,22.540001,0,0
29416,00:56:27,114.076401,22.540701,0,15
29416,00:57:18,114.076202,22.541599,0,0
29416,00:57:48,114.075104,22.541599,0,0
29416,00:58:18,114.075104,22.541599,0,0
29416,00:58:59,114.075996,22.5408,0,0
29416,00:59:00,114.075996,22.5408,0,0
29416,00:59:48,114.076202,22.5406,0,0
29416,01:00:18,114.076797,22.5403,0,18
29416,01:00:48,114.077599,22.5403,0,0
29416,01:01:51,114.084,22.540701,0,20
29416,01:02:19,114.086601,22.540701,0,0
29416,01:02:49,114.086601,22.540701,0,2
29416,01:04:36,114.0821,22.540701,0,0
29416,01:05:06,114.081703,22.5408,0,12
29416,01:05:36,114.077904,22.540001,0,11
29416,01:07:10,114.076797,22.535601,0,6
29416,01:07:24,114.076599,22.535299,0,0
29416,01:07:54,114.077202,22.5369,0,8
29416,01:10:18,114.082298,22.540701,0,24
29416,01:10:48,114.084,22.540701,0,0
29416,01:11:18,114.084297,22.5397,0,6
29416,01:11:30,114.084396,22.5392,0,0
29416,01:12:25,114.084396,22.5392,0,0
29416,01:12:55,114.083801,22.5375,0,22
29416,01:13:25,114.078499,22.534599,0,7
29416,01:14:53,114.076797,22.5355,0,0
29416,01:15:53,114.076797,22.5355,0,0
29416,01:16:23,114.076401,22.534901,0,5
29416,01:16:52,114.076103,22.5345,0,9
29416,01:17:22,114.0746,22.532101,0,13
29416,01:19:10,114.068497,22.5411,0,35
29416,01:19:40,114.068001,22.5459,0,34
29416,01:20:40,114.067902,22.5508,0,1
29416,01:21:58,114.0672,22.5511,0,31
29416,01:22:18,114.065102,22.551399,0,0
29416,01:22:48,114.065102,22.551399,0,0
29416,01:23:29,114.063103,22.551399,0,6
29416,01:23:59,114.061798,22.5476,0,26
29416,01:24:29,114.058098,22.5471,0,10
29416,01:24:59,114.0578,22.546301,0,17
29416,01:26:17,114.057899,22.5403,0,31
29416,01:26:33,114.056702,22.5392,0,0
29416,01:26:42,114.055901,22.539301,0,24
29416,01:26:50,114.054802,22.5394,0,24
29416,01:27:20,114.051598,22.5392,0,5
29416,01:28:05,114.051399,22.538799,0,4
29416,01:28:35,114.050201,22.5383,0,0
29416,01:29:05,114.0485,22.5375,0,16
29416,01:29:35,114.047897,22.537701,0,0
29416,01:30:09,114.047897,22.537701,0,0
29416,01:30:13,114.047897,22.537901,0,0
29416,01:30:43,114.047897,22.539101,0,0
29416,01:33:44,114.035896,22.5417,0,0
29416,01:34:44,114.034599,22.5415,0,34
29416,01:35:14,114.030098,22.540701,0,37
29416,01:38:12,114.010201,22.5432,0,7
29416,01:38:29,114.0103,22.543301,0,0
29416,01:39:24,114.0103,22.543301,0,0
29416,01:40:03,114.0103,22.543301,0,0
29416,01:40:14,114.009201,22.542299,0,8
29416,01:40:49,114.011101,22.542601,0,20
29416,01:42:19,114.014702,22.5397,0,14
29416,01:42:54,114.015602,22.540001,0,0
29416,01:43:24,114.017899,22.5404,0,7
29416,01:43:54,114.017601,22.542801,0,25
29416,01:44:24,114.020203,22.5445,0,33
29416,01:45:10,114.025497,22.545401,0,36
29416,01:45:40,114.029701,22.5462,0,16
29416,01:46:10,114.030998,22.546,0,15
29416,01:46:40,114.034897,22.5455,0,17
29416,01:47:30,114.035301,22.543699,0,2
29416,01:48:00,114.035599,22.542,0,8
29416,01:48:30,114.035599,22.541901,0,0
29416,01:50:03,114.047699,22.5417,0,18
29416,01:50:33,114.048203,22.5389,0,14
29416,01:51:03,114.048302,22.5385,0,0
29416,01:52:22,114.048302,22.5385,0,0
29416,01:52:52,114.047897,22.538,0,5
29416,01:53:22,114.047997,22.538099,0,0
29416,01:54:11,114.047997,22.538099,0,0
29416,01:54:28,114.047997,22.538099,0,0
29416,01:54:58,114.047997,22.538601,0,15
29416,01:56:02,114.044502,22.5432,0,29
29416,01:57:02,114.036598,22.5418,0,25
29416,01:57:32,114.035896,22.5417,0,0
29416,01:59:51,114.017998,22.539499,0,30
29416,02:00:10,114.047997,22.538099,0,0
29416,02:00:45,114.017502,22.5434,0,27
29416,02:01:15,114.017303,22.5439,0,0
29416,02:02:15,114.0149,22.5455,0,24
29416,02:02:55,114.016701,22.5455,0,18
29416,02:03:25,114.017097,22.5443,0,0
29416,02:03:55,114.017601,22.538099,0,37
29416,02:04:25,114.012604,22.535801,0,36
29416,02:05:19,114.009804,22.538099,0,27
29416,02:06:19,114.012199,22.531799,0,25
29416,02:06:49,114.008301,22.5298,0,39
29416,02:07:38,113.999901,22.530001,0,42
29416,02:08:38,113.988899,22.524599,0,41
29416,02:10:41,113.9589,22.523001,0,44
29416,02:11:11,113.952301,22.523701,0,40
29416,02:12:31,113.938698,22.524599,0,42
29416,02:13:01,113.932198,22.5247,0,38
29416,02:13:31,113.929802,22.5266,0,27
29416,02:14:20,113.927902,22.528099,0,17
29416,02:14:36,113.926804,22.528299,0,1
29416,02:15:36,113.927597,22.5284,0,14
29416,02:16:06,113.93,22.527201,0,24
29416,02:16:40,113.9282,22.5231,0,33
29416,02:17:10,113.927803,22.519699,0,8
29416,02:17:33,113.9282,22.5214,0,0
29416,02:18:16,113.9282,22.5214,0,6
29416,02:18:39,113.9282,22.5214,0,1
29416,02:20:12,113.929901,22.5224,0,17
29416,02:21:12,113.929802,22.5271,0,27
29416,02:22:48,113.916298,22.527599,0,24
29416,02:24:37,113.914703,22.526899,0,0
29416,02:25:07,113.9123,22.5263,0,35
29416,02:25:37,113.909698,22.525999,0,20
29416,02:26:13,113.908401,22.525999,0,0
29416,02:27:13,113.905296,22.5259,0,0
29416,02:27:43,113.905296,22.5259,0,0
29416,02:29:47,113.917801,22.527,0,20
29416,02:33:00,113.930901,22.5191,0,15
29416,02:33:09,113.931,22.5198,0,0
29416,02:33:16,113.930801,22.5205,0,9
29416,02:34:01,113.930801,22.520599,0,0
29416,02:34:35,113.929901,22.519199,0,29
29416,02:36:06,113.926697,22.5156,0,18
29416,02:36:36,113.925003,22.515499,0,0
29416,02:37:58,113.924103,22.5172,0,18
29416,02:38:28,113.926201,22.518,0,23
29416,02:38:58,113.927597,22.518101,0,15
29416,02:40:03,113.930901,22.5198,0,0
29416,02:40:04,113.930901,22.5198,0,0
29416,02:40:12,113.930901,22.520399,0,5
29416,02:40:42,113.931702,22.5207,0,0
29416,02:41:18,113.931702,22.5207,0,11
29416,02:41:42,113.935204,22.521999,0,17
29416,02:42:12,113.9356,22.5219,0,0
29416,02:43:43,113.942001,22.524099,0,39
29416,02:44:13,113.947701,22.523701,0,38
29416,02:44:43,113.952904,22.5231,0,33
29416,02:45:15,113.957901,22.522499,0,27
29416,02:45:45,113.970596,22.522699,0,39
29416,02:46:15,113.9814,22.5228,0,39
29416,02:46:45,113.991402,22.525299,0,30
29416,02:49:45,113.997704,22.532,0,15
29416,02:50:15,114.005898,22.534,0,13
29416,02:50:45,114.007797,22.5348,0,10
29416,02:53:20,114.007896,22.534901,0,0
29416,02:53:50,114.007896,22.534901,0,0
29416,02:54:20,114.007896,22.534901,0,0
29416,02:54:50,114.007896,22.534901,0,0
29416,02:55:48,114.007896,22.534901,0,0
29416,02:56:18,114.007896,22.534901,0,0
29416,02:57:18,114.007896,22.534901,0,0
29416,02:58:35,114.007896,22.534901,0,0
29416,02:59:05,114.007896,22.534901,0,0
29416,02:59:35,114.007896,22.534901,0,0
29416,03:01:28,114.007896,22.534901,0,0
29416,03:03:58,114.007896,22.534901,0,0
29416,03:04:28,114.007896,22.534901,0,0
29416,03:04:58,114.007896,22.534901,0,0
29416,03:05:58,114.007896,22.534901,0,0
29416,03:06:28,114.007896,22.534901,0,0
29416,03:06:58,114.007896,22.534901,0,0
29416,03:07:58,114.007896,22.534901,0,0
29416,03:08:28,114.007896,22.534901,0,0
29416,03:08:58,114.007896,22.534901,0,0
29416,03:09:28,114.007896,22.534901,0,0
29416,03:10:58,114.007896,22.534901,0,0
29416,03:11:28,114.007896,22.534901,0,0
29416,03:11:58,114.007896,22.534901,0,0
29416,03:12:29,114.007896,22.534901,0,0
29416,03:13:59,114.007896,22.534901,0,0
29416,03:14:29,114.007896,22.534901,0,0
29416,03:14:59,114.007896,22.534901,0,0
29416,03:15:29,114.007896,22.534901,0,0
29416,03:16:59,114.007896,22.534901,0,0
29416,03:17:29,114.007896,22.534901,0,0
29416,03:18:29,114.007896,22.534901,0,0
29416,03:18:59,114.007896,22.534901,0,0
29416,03:19:29,114.007896,22.534901,0,0
29416,03:19:59,114.007896,22.534901,0,0
29416,03:20:59,114.007896,22.534901,0,0
29416,03:22:29,114.007896,22.534901,0,0
29416,03:22:59,114.007896,22.534901,0,0
29416,03:23:29,114.007896,22.534901,0,0
29416,03:24:29,114.007896,22.534901,0,0
29416,03:24:59,114.007896,22.534901,0,0
29416,03:25:29,114.007896,22.534901,0,0
29416,03:26:29,114.007896,22.534901,0,0
29416,03:26:59,114.007896,22.534901,0,0
29416,03:27:29,114.007896,22.534901,0,0
29416,03:27:59,114.007896,22.534901,0,0
29416,03:28:29,114.007896,22.534901,0,0
29416,03:29:29,114.007896,22.534901,0,0
29416,03:29:59,114.007896,22.534901,0,0
29416,03:30:29,114.007896,22.534901,0,0
29416,03:30:59,114.007896,22.534901,0,0
29416,03:31:29,114.007896,22.534901,0,0
29416,03:32:59,114.007896,22.534901,0,0
29416,03:33:29,114.007896,22.534901,0,0
29416,03:34:30,114.007896,22.534901,0,0
29416,03:35:00,114.007896,22.534901,0,0
29416,03:35:30,114.007896,22.534901,0,0
29416,03:36:00,114.007896,22.534901,0,0
29416,03:36:30,114.007896,22.534901,0,0
29416,03:37:00,114.007896,22.534901,0,0
29416,03:37:30,114.007896,22.534901,0,0
29416,03:38:00,114.007896,22.534901,0,0
29416,03:38:30,114.007896,22.534901,0,0
29416,03:39:00,114.007896,22.534901,0,0
29416,03:39:30,114.007896,22.534901,0,0
29416,03:40:00,114.007896,22.534901,0,0
29416,03:40:30,114.007896,22.534901,0,0
29416,03:41:00,114.007896,22.534901,0,0
29416,03:41:30,114.007896,22.534901,0,0
29416,03:42:00,114.007896,22.534901,0,0
29416,03:42:30,114.007896,22.534901,0,0
29416,03:43:00,114.007896,22.534901,0,0
29416,03:43:30,114.007896,22.534901,0,0
29416,03:44:00,114.007896,22.534901,0,0
29416,03:45:00,114.007896,22.534901,0,0
29416,03:45:30,114.007896,22.534901,0,0
29416,03:46:00,114.007896,22.534901,0,0
29416,03:47:00,114.007896,22.534901,0,0
29416,03:49:00,114.007896,22.534901,0,0
29416,03:49:30,114.007896,22.534901,0,0
29416,03:50:00,114.007896,22.534901,0,0
29416,03:51:00,114.007896,22.534901,0,0
29416,03:52:30,114.007896,22.534901,0,0
29416,03:53:00,114.007896,22.534901,0,0
29416,03:53:30,114.007896,22.534901,0,0
29416,03:54:00,114.007896,22.534901,0,0
29416,03:54:31,114.007896,22.534901,0,0
29416,03:55:01,114.007896,22.534901,0,0
29416,03:55:31,114.007896,22.534901,0,0
29416,03:56:01,114.007896,22.534901,0,0
29416,03:56:31,114.007896,22.534901,0,0
29416,03:57:31,114.007896,22.534901,0,0
29416,03:58:01,114.007896,22.534901,0,0
29416,03:58:31,114.007896,22.534901,0,0
29416,04:00:01,114.007896,22.534901,0,0
29416,04:00:31,114.007896,22.534901,0,0
29416,04:01:31,114.007896,22.534901,0,0
29416,04:02:01,114.007896,22.534901,0,0
29416,04:02:31,114.007896,22.534901,0,0
29416,04:03:01,114.007896,22.534901,0,0
29416,04:03:31,114.007896,22.534901,0,0
29416,04:04:01,114.007896,22.534901,0,0
29416,04:05:01,114.007896,22.534901,0,0
29416,04:05:31,114.007896,22.534901,0,0
29416,04:06:31,114.007896,22.534901,0,0
29416,04:07:01,114.007896,22.534901,0,0
29416,04:08:01,114.007896,22.534901,0,0
29416,04:09:01,114.007896,22.534901,0,0
29416,04:10:01,114.007896,22.534901,0,0
29416,04:10:31,114.007896,22.534901,0,0
29416,04:11:01,114.007896,22.534901,0,0
29416,04:11:31,114.007896,22.534901,0,0
29416,04:12:31,114.007896,22.534901,0,0
29416,04:13:01,114.007896,22.534901,0,0
29416,04:13:31,114.007896,22.534901,0,0
29416,04:14:01,114.007896,22.534901,0,0
29416,04:14:32,114.007896,22.534901,0,0
29416,04:15:02,114.007896,22.534901,0,0
29416,04:15:32,114.007896,22.534901,0,0
29416,04:16:02,114.007896,22.534901,0,0
29416,04:16:32,114.007896,22.534901,0,0
29416,04:17:02,114.007896,22.534901,0,0
29416,04:17:32,114.007896,22.534901,0,0
29416,04:18:32,114.007896,22.534901,0,0
29416,04:19:02,114.007896,22.534901,0,0
29416,04:19:32,114.007896,22.534901,0,0
29416,04:20:32,114.007896,22.534901,0,0
29416,04:21:02,114.007896,22.534901,0,0
29416,04:23:02,114.007896,22.534901,0,0
29416,04:23:32,114.007896,22.534901,0,0
29416,04:24:32,114.007896,22.534901,0,0
29416,04:25:32,114.007896,22.534901,0,0
29416,04:27:02,114.007896,22.534901,0,0
29416,04:27:32,114.007896,22.534901,0,0
29416,04:28:02,114.007896,22.534901,0,0
29416,04:28:42,114.007896,22.534901,0,0
29416,04:29:12,114.007896,22.534901,0,0
29416,04:30:12,114.007896,22.534901,0,0
29416,04:30:32,114.007896,22.534901,0,17
29416,04:31:11,114.016602,22.5303,0,17
29416,04:32:13,114.018204,22.527201,0,9
29416,04:32:14,114.018204,22.527201,0,9
29416,04:32:44,114.018501,22.525499,0,0
29416,04:33:14,114.018501,22.525499,0,0
29416,04:34:47,114.018501,22.525499,0,0
29416,04:36:17,114.018501,22.525499,0,0
29416,04:39:08,114.018501,22.525499,0,0
29416,04:40:38,114.018501,22.525499,0,0
29416,04:41:08,114.018501,22.525499,0,0
29416,04:42:28,114.018303,22.5254,0,0
29416,04:42:58,114.018303,22.5254,0,0
29416,04:43:28,114.018303,22.5254,0,0
29416,04:43:58,114.018303,22.5254,0,0
29416,04:44:31,114.018303,22.5254,0,0
29416,04:46:01,114.018303,22.5254,0,0
29416,04:47:18,114.018303,22.5254,0,0
29416,04:48:18,114.018303,22.525499,0,0
29416,04:49:09,114.017097,22.5261,0,0
29416,04:49:41,114.017502,22.526699,0,7
29416,04:50:10,114.019997,22.525999,0,22
29416,04:52:09,114.027,22.521799,0,0
29416,04:52:39,114.027,22.521799,0,0
29416,04:54:00,114.027,22.521799,0,0
29416,04:54:30,114.027,22.521799,0,0
29416,04:55:35,114.027,22.521799,0,0
29416,04:56:05,114.027,22.521799,0,0
29416,04:58:35,114.027,22.521799,0,0
29416,04:59:05,114.027,22.521799,0,0
29416,04:59:35,114.027,22.521799,0,0
29416,05:00:05,114.027,22.521799,0,0
29416,05:00:35,114.027,22.521799,0,0
29416,05:01:35,114.027,22.521799,0,0
29416,05:02:05,114.027,22.521799,0,0
29416,05:02:35,114.027,22.521799,0,0
29416,05:03:05,114.027,22.521799,0,0
29416,05:04:05,114.027,22.521799,0,0
29416,05:04:35,114.027,22.521799,0,0
29416,05:05:05,114.027,22.521799,0,0
29416,05:06:35,114.027,22.521799,0,0
29416,05:07:05,114.027,22.521799,0,0
29416,05:07:35,114.027,22.521799,0,0
29416,05:08:05,114.027,22.521799,0,0
29416,05:08:35,114.027,22.521799,0,0
29416,05:09:05,114.027,22.521799,0,0
29416,05:09:35,114.027,22.521799,0,0
29416,05:10:05,114.027,22.521799,0,0
29416,05:10:35,114.027,22.521799,0,0
29416,05:11:35,114.027,22.521799,0,0
29416,05:12:05,114.027,22.521799,0,0
29416,05:13:05,114.027,22.521799,0,0
29416,05:14:05,114.027,22.521799,0,0
29416,05:16:06,114.027,22.521799,0,0
29416,05:17:36,114.027,22.521799,0,0
29416,05:18:06,114.027,22.521799,0,0
29416,05:18:36,114.027,22.521799,0,0
29416,05:19:06,114.027,22.521799,0,0
29416,05:19:36,114.027,22.521799,0,0
29416,05:20:06,114.027,22.521799,0,0
29416,05:20:36,114.027,22.521799,0,0
29416,05:24:06,114.027,22.521799,0,0
29416,05:24:36,114.027,22.521799,0,0
29416,05:25:06,114.027,22.521799,0,0
29416,05:25:36,114.027,22.521799,0,0
29416,05:26:36,114.027,22.521799,0,0
29416,05:27:06,114.027,22.521799,0,0
29416,05:27:36,114.027,22.521799,0,0
29416,05:28:36,114.027,22.521799,0,0
29416,05:29:06,114.027,22.521799,0,0
29416,05:30:06,114.027,22.521799,0,0
29416,05:30:36,114.027,22.521799,0,0
29416,05:31:06,114.027,22.521799,0,0
29416,05:31:36,114.027,22.521799,0,0
29416,05:33:06,114.027,22.521799,0,0
29416,05:34:06,114.027,22.521799,0,0
29416,05:34:36,114.027,22.521799,0,0
29416,05:35:06,114.027,22.521799,0,0
29416,05:36:37,114.027,22.521799,0,0
29416,05:37:37,114.027,22.521799,0,0
29416,05:38:07,114.027,22.521799,0,0
29416,05:38:37,114.027,22.521799,0,0
29416,05:40:07,114.027,22.521799,0,0
29416,05:40:37,114.027,22.521799,0,0
29416,05:41:37,114.027,22.521799,0,0
29416,05:42:07,114.027,22.521799,0,0
29416,05:43:07,114.027,22.521799,0,0
29416,05:44:07,114.027,22.521799,0,0
29416,05:44:37,114.027,22.521799,0,0
29416,05:46:07,114.027,22.521799,0,0
29416,05:46:37,114.027,22.521799,0,0
29416,05:48:07,114.027,22.521799,0,0
29416,05:48:37,114.027,22.521799,0,0
29416,05:49:07,114.027,22.521799,0,0
29416,05:51:07,114.027,22.521799,0,0
29416,05:51:37,114.027,22.521799,0,0
29416,05:53:07,114.027,22.521799,0,0
29416,05:54:07,114.027,22.521799,0,0
29416,05:54:37,114.027,22.521799,0,0
29416,05:56:37,114.027,22.521799,0,0
29416,05:58:37,114.027,22.521799,0,0
29416,05:59:07,114.027,22.521799,0,0
29416,05:59:37,114.027,22.521799,0,0
29416,06:01:37,114.027,22.521799,0,0
29416,06:02:37,114.027,22.521799,0,0
29416,06:03:07,114.027,22.521799,0,0
29416,06:03:38,114.027,22.521799,0,0
29416,06:04:38,114.027,22.521799,0,0
29416,06:05:08,114.027,22.521799,0,0
29416,06:06:45,114.027,22.521799,0,0
29416,06:07:15,114.026398,22.5224,0,12
29416,06:07:49,114.0252,22.5235,0,0
29416,06:09:19,114.027,22.5263,0,5
29416,06:10:25,114.026398,22.527399,0,9
29416,06:10:55,114.025299,22.5282,0,1
29416,06:11:55,114.024399,22.5303,0,7
29416,06:13:08,114.025497,22.531099,0,28
29416,06:15:12,114.050102,22.531401,0,42
29416,06:15:42,114.056396,22.5315,0,38
29416,06:16:12,114.062401,22.531401,0,36
29416,06:16:56,114.067001,22.5308,0,28
29416,06:19:08,114.067902,22.520901,0,8
29416,06:20:14,114.068199,22.5221,0,6
29416,06:20:50,114.065498,22.5229,0,16
29416,06:21:20,114.067398,22.5238,0,21
29416,06:21:50,114.068497,22.524099,0,4
29416,06:22:20,114.067101,22.525999,0,29
29416,06:23:30,114.069099,22.532,0,17
29416,06:23:37,114.068298,22.532,0,0
29416,06:23:46,114.0672,22.5319,0,31
29416,06:25:41,114.0494,22.5317,0,29
29416,06:26:41,114.044502,22.531,0,22
29416,06:27:15,114.044899,22.5271,0,25
29416,06:28:15,114.041496,22.5235,0,11
29416,06:28:45,114.041496,22.5238,0,0
29416,06:28:51,114.041496,22.5238,0,0
29416,06:29:32,114.041199,22.5257,0,4
29416,06:30:02,114.040901,22.527,0,5
29416,06:31:02,114.041,22.529499,0,15
29416,06:31:43,114.043701,22.531099,0,31
29416,06:33:13,114.063103,22.531401,0,40
29416,06:33:47,114.067596,22.530199,0,29
29416,06:34:47,114.066101,22.5226,0,19
29416,06:35:17,114.067802,22.520901,0,5
29416,06:35:55,114.068199,22.521799,0,7
29416,06:36:25,114.0681,22.5221,0,18
29416,06:36:55,114.0653,22.523701,0,26
29416,06:37:25,114.068398,22.5238,0,15
29416,06:38:08,114.067001,22.5256,0,18
29416,06:38:38,114.068298,22.5306,0,35
29416,06:39:08,114.069199,22.532,0,16
29416,06:39:38,114.065002,22.532,0,31
29416,06:40:12,114.058998,22.531799,0,40
29416,06:40:42,114.051697,22.531799,0,33
29416,06:41:12,114.046303,22.5317,0,33
29416,06:41:42,114.0438,22.532,0,22
29416,06:42:23,114.044701,22.529499,0,30
29416,06:42:53,114.044098,22.5278,0,1
29416,06:43:23,114.0439,22.5278,0,2
29416,06:43:53,114.042,22.527201,0,13
29416,06:45:04,114.037903,22.5275,0,19
29416,06:47:07,114.032303,22.525801,0,30
29416,06:47:37,114.030098,22.5226,0,11
29416,06:48:07,114.029297,22.5221,0,14
29416,06:49:51,114.026901,22.5228,0,7
29416,06:50:25,114.029099,22.522301,0,14
29416,06:51:37,114.028999,22.5207,0,10
29416,06:52:07,114.032898,22.5187,0,30
29416,06:52:37,114.037003,22.516701,0,24
29416,06:53:10,114.039902,22.5151,0,19
29416,06:53:40,114.044502,22.514099,0,0
29416,06:54:10,114.0466,22.514,0,34
29416,06:55:24,114.054703,22.515301,0,15
29416,06:55:33,114.055,22.5151,0,0
29416,06:55:44,114.055298,22.514299,0,12
29416,06:55:56,114.055298,22.5142,0,0
29416,06:56:26,114.055298,22.5142,0,0
29416,06:57:36,114.061798,22.518101,0,21
29416,06:58:06,114.0625,22.5186,0,0
29416,06:58:44,114.062599,22.518999,0,0
29416,06:59:14,114.061897,22.5196,0,9
29416,07:00:17,114.060501,22.518801,0,0
29416,07:01:17,114.055397,22.515699,0,28
29416,07:02:28,114.048203,22.5142,0,30
29416,07:03:28,114.041702,22.5147,0,27
29416,07:04:09,114.039001,22.515499,0,7
29416,07:04:39,114.036598,22.516701,0,20
29416,07:05:09,114.033699,22.518299,0,11
29416,07:06:14,114.029198,22.5207,0,0
29416,07:06:44,114.028397,22.521099,0,28
29416,07:07:14,114.026001,22.5226,0,16
29416,07:08:25,114.025803,22.5242,0,2
29416,07:09:12,114.026497,22.524799,0,0
29416,07:09:42,114.027298,22.5254,0,0
29416,07:10:26,114.0271,22.525999,0,13
29416,07:10:56,114.028297,22.5268,0,9
29416,07:11:56,114.030899,22.5268,0,0
29416,07:12:30,114.032303,22.5263,0,16
29416,07:13:00,114.033798,22.528099,0,0
29416,07:13:30,114.033798,22.5298,0,14
29416,07:14:43,114.042603,22.531,0,28
29416,07:18:03,114.044098,22.555901,0,22
29416,07:18:33,114.042503,22.5592,0,31
29416,07:20:07,114.043098,22.567499,0,6
29416,07:20:37,114.045197,22.567499,0,20
29416,07:21:27,114.048103,22.567499,0,2
29416,07:21:57,114.048599,22.567499,0,5
29416,07:22:05,114.048401,22.5674,0,0
29416,07:22:35,114.048401,22.5674,0,0
29416,07:23:57,114.0439,22.567499,0,0
29416,07:24:57,114.043701,22.5674,0,0
29416,07:25:27,114.043701,22.5674,0,0
29416,07:26:37,114.043999,22.5653,0,15
29416,07:27:07,114.041298,22.563999,0,26
29416,07:27:37,114.039398,22.564199,0,14
29416,07:29:58,114.040398,22.5564,0,19
29416,07:30:49,114.038597,22.5562,0,0
29416,07:31:19,114.035599,22.5555,0,21
29416,07:31:49,114.034401,22.554701,0,17
29416,07:32:19,114.035301,22.554001,0,13
29416,07:32:52,114.035599,22.5525,0,10
29416,07:33:22,114.038002,22.5527,0,20
29416,07:33:52,114.039497,22.5534,0,0
29416,07:36:09,114.036598,22.5488,0,9
29416,07:36:39,114.036499,22.548901,0,0
29416,07:37:25,114.0364,22.5492,0,6
29416,07:37:55,114.035896,22.5513,0,17
29416,07:38:25,114.036797,22.5522,0,0
29416,07:39:29,114.036797,22.5522,0,0
29416,07:39:59,114.036797,22.5522,0,0
29416,07:41:47,114.036797,22.5522,0,0
29416,07:42:12,114.037003,22.552299,0,11
29416,07:42:42,114.0392,22.553499,0,0
29416,07:43:12,114.0392,22.553499,0,0
29416,07:45:31,114.043602,22.5504,0,14
29416,07:46:05,114.0438,22.550501,0,0
29416,07:46:35,114.0438,22.550501,0,0
29416,07:47:05,114.0438,22.550501,0,0
29416,07:47:35,114.0438,22.550501,0,0
29416,07:49:51,114.056396,22.5513,0,29
29416,07:50:38,114.057297,22.5513,0,0
29416,07:51:08,114.057701,22.5513,0,14
29416,07:51:38,114.061996,22.5513,0,8
29416,07:52:42,114.062202,22.5513,0,0
29416,07:53:12,114.0634,22.5513,0,26
29416,07:53:42,114.068001,22.551001,0,18
29416,07:55:29,114.075401,22.551399,0,0
29416,07:55:59,114.075401,22.551399,0,0
29416,07:57:15,114.075401,22.551399,0,0
29416,07:57:45,114.075401,22.551399,0,0
29416,07:58:45,114.080803,22.551701,0,0
29416,07:59:51,114.081802,22.551701,0,18
29416,08:00:21,114.086502,22.551701,0,13
29416,08:00:51,114.0886,22.551701,0,16
29416,08:02:41,114.091103,22.550501,0,17
29416,08:03:11,114.091103,22.550301,0,0
29416,08:04:32,114.091202,22.544901,0,9
29416,08:05:02,114.091202,22.5446,0,0
29416,08:05:32,114.091103,22.5445,0,0
29416,08:06:05,114.091103,22.5436,0,0
29416,08:06:35,114.091103,22.5436,0,0
29416,08:07:05,114.091103,22.5436,0,0
29416,08:07:35,114.091103,22.5436,0,0
29416,08:08:24,114.091499,22.541599,0,18
29416,08:09:24,114.088699,22.5378,0,24
29416,08:09:54,114.084099,22.5376,0,24
29416,08:10:43,114.0811,22.5373,0,8
29416,08:11:43,114.078201,22.534,0,12
29416,08:12:13,114.075203,22.532,0,18
29416,08:13:08,114.072701,22.532,0,11
29416,08:13:38,114.070297,22.5319,0,14
29416,08:14:08,114.068298,22.532,0,4
29416,08:14:38,114.065002,22.5319,0,11
29416,08:15:13,114.0625,22.5319,0,23
29416,08:15:43,114.059303,22.5319,0,21
29416,08:16:43,114.048103,22.531601,0,20
29416,08:17:32,114.0448,22.531601,0,26
29416,08:18:02,114.0439,22.532101,0,0
29416,08:19:02,114.044601,22.5298,0,22
29416,08:19:51,114.044296,22.5277,0,2
29416,08:20:21,114.044098,22.527599,0,0
29416,08:20:51,114.0439,22.5273,0,3
29416,08:21:21,114.0429,22.527399,0,4
29416,08:21:55,114.041397,22.527201,0,4
29416,08:22:25,114.040497,22.5271,0,3
29416,08:22:55,114.0392,22.5273,0,0
29416,08:23:25,114.038803,22.527399,0,9
29416,08:24:20,114.0383,22.5289,0,9
29416,08:24:50,114.038399,22.528999,0,13
29416,08:25:20,114.038498,22.527901,0,0
29416,08:25:30,114.038498,22.527901,0,0
29416,08:26:00,114.038498,22.5277,0,0
29416,08:26:50,114.038498,22.5277,0,0
29416,08:27:20,114.036797,22.5275,0,15
29416,08:27:50,114.036499,22.527599,0,0
29416,08:28:20,114.036499,22.527599,0,0
29416,08:28:54,114.035797,22.527599,0,0
29416,08:29:24,114.035797,22.527599,0,0
29416,08:29:54,114.035103,22.5278,0,8
29416,08:30:24,114.034698,22.527901,0,0
29416,08:32:49,114.032997,22.527,0,0
29416,08:33:38,114.032997,22.527,0,0
29416,08:38:29,114.030296,22.5278,0,2
29416,08:38:59,114.0299,22.528099,0,8
29416,08:41:18,114.0177,22.531799,0,11
29416,08:41:48,114.014198,22.5308,0,29
29416,08:42:24,114.009598,22.5299,0,30
29416,08:42:54,114.004204,22.530001,0,32
29416,08:43:24,113.997498,22.529301,0,34
29416,08:43:54,113.993202,22.5268,0,36
29416,08:46:13,113.972702,22.5229,0,36
29416,08:47:04,113.964203,22.5229,0,35
29416,08:47:34,113.958702,22.5229,0,43
29416,08:48:04,113.952797,22.5236,0,31
29416,08:48:34,113.947998,22.524099,0,38
29416,08:49:08,113.941803,22.5245,0,44
29416,08:50:08,113.927399,22.525101,0,38
29416,08:50:38,113.922203,22.5263,0,19
29416,08:53:51,113.915199,22.527,0,0
29416,08:54:21,113.915199,22.527,0,0
29416,08:54:51,113.913498,22.526501,0,19
29416,08:55:21,113.9105,22.525999,0,11
29416,08:55:57,113.9104,22.525999,0,0
29416,08:56:57,113.906502,22.5268,0,2
29416,08:57:27,113.906502,22.526899,0,0
29416,08:58:19,113.905998,22.527599,0,3
29416,08:58:49,113.905403,22.5284,0,3
29416,08:59:49,113.904999,22.5294,0,0
29416,09:00:38,113.906197,22.5313,0,18
29416,09:01:01,113.906898,22.5312,0,4
29416,09:01:31,113.906898,22.5329,0,16
29416,09:02:01,113.9076,22.535101,0,25
29416,09:02:35,113.911697,22.535299,0,13
29416,09:03:05,113.913696,22.5354,0,0
29416,09:03:35,113.913696,22.5354,0,0
29416,09:04:05,113.913696,22.5354,0,0
29416,09:04:55,113.915298,22.5355,0,8
29416,09:05:25,113.915703,22.5355,0,0
29416,09:05:55,113.915901,22.535601,0,8
29416,09:06:25,113.9179,22.535601,0,6
29416,09:07:14,113.919601,22.5355,0,0
29416,09:07:44,113.919601,22.5355,0,0
29416,09:08:14,113.919601,22.5355,0,0
29416,09:08:44,113.919998,22.5357,0,18
29416,09:09:20,113.919701,22.538401,0,11
29416,09:09:50,113.919403,22.540899,0,22
29416,09:10:20,113.9207,22.542999,0,14
29416,09:11:38,113.928398,22.542601,0,34
29416,09:12:08,113.932899,22.5425,0,27
29416,09:12:38,113.9366,22.5424,0,16
29416,09:13:08,113.940697,22.542601,0,31
29416,09:14:02,113.944298,22.542601,0,10
29416,09:15:02,113.943001,22.5417,0,3
29416,09:17:04,113.9412,22.541599,0,12
29416,09:17:34,113.940804,22.5422,0,8
29416,09:18:04,113.943497,22.542801,0,21
29416,09:18:34,113.9468,22.542999,0,19
29416,09:19:08,113.948303,22.5431,0,5
29416,09:19:38,113.952698,22.543301,0,30
29416,09:20:38,113.959396,22.5431,0,7
29416,09:21:30,113.959099,22.5396,0,24
29416,09:22:00,113.959,22.539,0,0
29416,09:23:00,113.959198,22.5352,0,0
29416,09:23:50,113.961197,22.5341,0,10
29416,09:24:20,113.962402,22.5338,0,22
29416,09:24:50,113.965599,22.532499,0,12
29416,09:25:20,113.969101,22.5312,0,0
29416,09:25:54,113.970596,22.530701,0,29
29416,09:26:24,113.973198,22.529699,0,0
29416,09:26:54,113.976997,22.5284,0,22
29416,09:27:24,113.977501,22.528299,0,0
29416,09:28:45,113.987099,22.529699,0,16
29416,09:29:15,113.9888,22.530001,0,0
29416,09:30:38,113.989502,22.530199,0,0
29416,09:31:08,113.989403,22.5303,0,5
29416,09:31:38,113.9888,22.5301,0,0
29416,09:32:08,113.984596,22.5294,0,35
29416,09:33:11,113.973,22.5299,0,36
29416,09:33:41,113.968697,22.5315,0,29
29416,09:34:11,113.965797,22.532499,0,11
29416,09:35:02,113.965599,22.5341,0,0
29416,09:35:32,113.966599,22.5343,0,8
29416,09:36:32,113.966599,22.534401,0,0
29416,09:37:53,113.966499,22.534401,0,0
29416,09:38:23,113.966599,22.534201,0,0
29416,09:39:27,113.965797,22.533899,0,19
29416,09:39:57,113.962799,22.533501,0,8
29416,09:40:27,113.962799,22.5336,0,0
29416,09:40:57,113.962799,22.5336,0,0
29416,09:42:48,113.962502,22.533701,0,0
29416,09:45:39,113.9617,22.541901,0,8
29416,09:46:44,113.962799,22.542101,0,10
29416,09:47:14,113.967003,22.5406,0,34
29416,09:48:35,113.972603,22.5385,0,17
29416,09:49:05,113.975601,22.537001,0,2
29416,09:50:05,113.973198,22.5371,0,0
29416,09:50:58,113.973198,22.5371,0,0
29416,09:51:28,113.973099,22.537001,0,0
29416,09:52:28,113.975403,22.5366,0,0
29416,09:53:02,113.9757,22.5369,0,6
29416,09:53:32,113.9795,22.5362,0,38
29416,09:54:02,113.985497,22.5361,0,25
29416,09:55:26,113.993103,22.5347,0,24
29416,09:55:56,113.996101,22.534599,0,14
29416,09:56:56,113.999603,22.5352,0,0
29416,09:59:28,114.007896,22.534901,0,0
29416,09:59:53,114.007896,22.534901,0,0
29416,10:00:23,114.007896,22.534901,0,0
29416,10:02:28,114.007896,22.534901,0,0
29416,10:02:58,114.007896,22.534901,0,0
29416,10:03:28,114.007896,22.534901,0,0
29416,10:04:28,114.007896,22.534901,0,0
29416,10:04:58,114.007896,22.534901,0,0
29416,10:05:28,114.007896,22.534901,0,0
29416,10:05:58,114.007896,22.534901,0,0
29416,10:06:29,114.007896,22.534901,0,0
29416,10:06:59,114.007896,22.534901,0,0
29416,10:07:29,114.007896,22.534901,0,0
29416,10:07:59,114.007896,22.534901,0,0
29416,10:08:29,114.007896,22.534901,0,0
29416,10:08:59,114.007896,22.534901,0,0
29416,10:09:59,114.007896,22.534901,0,0
29416,10:10:29,114.007896,22.534901,0,0
29416,10:11:29,114.007896,22.534901,0,0
29416,10:11:59,114.007896,22.534901,0,0
29416,10:12:29,114.007896,22.534901,0,0
29416,10:12:59,114.007896,22.534901,0,0
29416,10:13:29,114.007896,22.534901,0,0
29416,10:13:59,114.007896,22.534901,0,0
29416,10:14:29,114.007896,22.534901,0,0
29416,10:14:59,114.007896,22.534901,0,0
29416,10:15:29,114.007896,22.534901,0,0
29416,10:15:59,114.007896,22.534901,0,0
29416,10:16:29,114.007896,22.534901,0,0
29416,10:16:59,114.007896,22.534901,0,0
29416,10:17:29,114.007896,22.534901,0,0
29416,10:17:59,114.007896,22.534901,0,0
29416,10:18:29,114.007896,22.534901,0,0
29416,10:18:59,114.007896,22.534901,0,0
29416,10:19:29,114.007896,22.534901,0,0
29416,10:19:59,114.007896,22.534901,0,0
29416,10:20:29,114.007896,22.534901,0,0
29416,10:20:59,114.007896,22.534901,0,0
29416,10:21:29,114.007896,22.534901,0,0
29416,10:22:29,114.007896,22.534901,0,0
29416,10:22:59,114.007896,22.534901,0,0
29416,10:23:29,114.007896,22.534901,0,0
29416,10:23:59,114.007896,22.534901,0,0
29416,10:24:29,114.007896,22.534901,0,0
29416,10:24:59,114.007896,22.534901,0,0
29416,10:25:59,114.007896,22.534901,0,0
29416,10:26:59,114.007896,22.534901,0,0
29416,10:27:29,114.007896,22.534901,0,0
29416,10:27:59,114.007896,22.534901,0,0
29416,10:28:30,114.007896,22.534901,0,0
29416,10:29:30,114.007896,22.534901,0,0
29416,10:30:30,114.007896,22.534901,0,0
29416,10:31:00,114.007896,22.534901,0,0
29416,10:31:30,114.007896,22.534901,0,0
29416,10:32:00,114.007896,22.534901,0,0
29416,10:32:30,114.007896,22.534901,0,0
29416,10:33:30,114.007896,22.534901,0,0
29416,10:34:00,114.007896,22.534901,0,0
29416,10:34:30,114.007896,22.534901,0,0
29416,10:35:00,114.007896,22.534901,0,0
29416,10:35:30,114.007896,22.534901,0,0
29416,10:36:00,114.007896,22.534901,0,0
29416,10:36:30,114.007896,22.534901,0,0
29416,10:38:00,114.007896,22.534901,0,0
29416,10:38:30,114.007896,22.534901,0,0
29416,10:39:00,114.007896,22.534901,0,0
29416,10:39:30,114.007896,22.534901,0,0
29416,10:41:30,114.007896,22.534901,0,0
29416,10:42:00,114.007896,22.534901,0,0
29416,10:42:30,114.007896,22.534901,0,0
29416,10:44:00,114.007896,22.534901,0,0
29416,10:44:31,114.007896,22.534901,0,0
29416,10:45:31,114.007896,22.534901,0,0
29416,10:46:31,114.007896,22.534901,0,0
29416,10:47:01,114.007896,22.534901,0,0
29416,10:47:31,114.007896,22.534901,0,0
29416,10:48:31,114.007896,22.534901,0,0
29416,10:49:31,114.007896,22.534901,0,0
29416,10:50:31,114.007896,22.534901,0,0
29416,10:51:01,114.007896,22.534901,0,0
29416,10:51:31,114.007896,22.534901,0,0
29416,10:52:31,114.007896,22.534901,0,0
29416,10:53:01,114.007896,22.534901,0,0
29416,10:53:31,114.007896,22.534901,0,0
29416,10:54:31,114.007896,22.534901,0,0
29416,10:55:01,114.007896,22.534901,0,0
29416,10:55:31,114.007896,22.534901,0,0
29416,10:56:01,114.007896,22.534901,0,0
29416,10:58:01,114.007896,22.534901,0,0
29416,10:59:01,114.007896,22.534901,0,0
29416,11:00:01,114.007896,22.534901,0,0
29416,11:00:39,114.007896,22.534901,0,0
29416,11:01:09,114.007896,22.534901,0,0
29416,11:02:28,114.007896,22.534901,0,5
29416,11:03:04,114.008797,22.5368,0,17
29416,11:03:34,114.012199,22.5373,0,16
29416,11:05:46,114.018997,22.538099,0,4
29416,11:09:07,114.022202,22.5357,0,7
29416,11:09:59,114.0224,22.5355,0,0
29416,11:10:29,114.022499,22.535299,0,6
29416,11:10:59,114.023598,22.535101,0,15
29416,11:11:29,114.024498,22.5338,0,17
29416,11:12:04,114.025398,22.5315,0,26
29416,11:13:04,114.032204,22.525801,0,20
29416,11:13:34,114.031097,22.5242,0,0
29416,11:14:25,114.031097,22.5242,0,0
29416,11:15:55,114.027298,22.5219,0,29
29416,11:16:48,114.025002,22.523399,0,2
29416,11:17:18,114.025002,22.523399,0,0
29416,11:19:17,114.027298,22.526501,0,9
29416,11:19:47,114.0298,22.5271,0,10
29416,11:20:17,114.030602,22.526899,0,0
29416,11:21:11,114.031403,22.526699,0,24
29416,11:21:41,114.032303,22.5264,0,0
29416,11:22:11,114.032303,22.5264,0,0
29416,11:22:41,114.033798,22.528,0,11
29416,11:23:22,114.033897,22.5287,0,16
29416,11:24:22,114.039398,22.530701,0,19
29416,11:24:52,114.042603,22.531,0,19
29416,11:25:38,114.045502,22.5312,0,16
29416,11:29:15,114.049103,22.541201,0,4
29416,11:29:45,114.049202,22.5399,0,10
29416,11:30:20,114.047798,22.539499,0,8
29416,11:30:50,114.0466,22.539499,0,13
29416,11:31:20,114.044502,22.5394,0,10
29416,11:31:50,114.044502,22.542801,0,36
29416,11:34:14,114.039597,22.544399,0,4
29416,11:35:15,114.039902,22.545601,0,10
29416,11:35:45,114.039803,22.546801,0,4
29416,11:36:15,114.039803,22.547701,0,4
29416,11:36:45,114.039597,22.5495,0,14
29416,11:37:38,114.036201,22.548599,0,12
29416,11:38:08,114.038399,22.549101,0,14
29416,11:39:08,114.0401,22.544399,0,4
29416,11:41:28,114.040497,22.5446,0,0
29416,11:42:40,114.043404,22.5445,0,10
29416,11:43:40,114.045097,22.5441,0,1
29416,11:45:00,114.044403,22.5501,0,28
29416,11:45:30,114.044296,22.554001,0,23
29416,11:46:30,114.046402,22.558901,0,39
29416,11:47:11,114.0495,22.561399,0,0
29416,11:47:41,114.049797,22.561701,0,0
29416,11:48:41,114.049797,22.561701,0,0
29416,11:49:53,114.0494,22.5637,0,0
29416,11:50:23,114.0494,22.5634,0,5
29416,11:50:53,114.049301,22.561501,0,24
29416,11:51:34,114.047302,22.559999,0,0
29416,11:51:35,114.047302,22.5599,0,0
29416,11:52:05,114.043999,22.5571,0,4
29416,11:54:55,114.044098,22.551901,0,0
29416,11:55:25,114.044098,22.5511,0,18
29416,11:56:08,114.044296,22.545601,0,36
29416,11:57:08,114.043503,22.5369,0,18
29416,11:57:38,114.047302,22.5373,0,3
29416,11:58:50,114.047798,22.5373,0,11
29416,11:59:01,114.048203,22.5373,0,0
29416,11:59:31,114.048203,22.5373,0,0
29416,12:00:01,114.048599,22.5373,0,7
29416,12:00:49,114.0495,22.536699,0,5
29416,12:01:19,114.0485,22.535299,0,16
29416,12:02:19,114.048103,22.5354,0,0
29416,12:06:02,114.033501,22.5457,0,16
29416,12:06:33,114.0382,22.5446,0,62
29416,12:07:03,114.039299,22.5443,0,3
29416,12:08:03,114.039902,22.547199,0,13
29416,12:09:01,114.039803,22.548901,0,7
29416,12:10:01,114.041702,22.549999,0,3
29416,12:10:31,114.0439,22.550501,0,5
29416,12:11:11,114.044197,22.547199,0,48
29416,12:11:41,114.044296,22.538799,0,35
29416,12:12:11,114.044403,22.535101,0,19
29416,12:12:41,114.044403,22.5319,0,9
29416,12:13:30,114.043503,22.5306,0,13
29416,12:14:00,114.0448,22.5312,0,19
29416,12:14:30,114.047798,22.5312,0,26
29416,12:15:00,114.056702,22.5315,0,46
29416,12:15:48,114.062897,22.531601,0,40
29416,12:16:18,114.068398,22.531601,0,23
29416,12:17:18,114.071899,22.5305,0,6
29416,12:17:52,114.072098,22.5294,0,0
29416,12:18:52,114.071701,22.528099,0,0
29416,12:20:11,114.0709,22.527,0,10
29416,12:21:34,114.069702,22.526501,0,0
29416,12:22:16,114.068298,22.5296,0,40
29416,12:23:16,114.067497,22.532,0,22
29416,12:23:46,114.0681,22.531,0,34
29416,12:24:27,114.067299,22.528799,0,6
29416,12:25:57,114.064499,22.5275,0,11
29416,12:29:19,114.063599,22.525801,0,3
29416,12:30:19,114.063103,22.531601,0,24
29416,12:31:31,114.063004,22.535101,0,0
29416,12:32:01,114.061996,22.5355,0,25
29416,12:32:31,114.059402,22.5355,0,10
29416,12:32:45,114.059502,22.5354,0,10
29416,12:32:46,114.059502,22.5354,0,10
29416,12:33:27,114.059303,22.5354,0,0
29416,12:33:57,114.058296,22.5354,0,0
29416,12:34:27,114.058296,22.5354,0,0
29416,12:34:57,114.058296,22.5354,0,0
29416,12:35:39,114.058296,22.5354,0,0
29416,12:36:39,114.058701,22.5294,0,24
29416,12:37:09,114.058998,22.528099,0,0
29416,12:37:43,114.059502,22.5263,0,7
29416,12:38:43,114.056396,22.525999,0,0
29416,12:40:02,114.054497,22.5261,0,16
29416,12:40:21,114.053299,22.5261,0,0
29416,12:40:51,114.051697,22.525999,0,5
29416,12:43:56,114.059196,22.5278,0,0
29416,12:44:38,114.0588,22.5292,0,34
29416,12:45:38,114.058098,22.5352,0,0
29416,12:46:08,114.058098,22.5352,0,0
29416,12:47:27,114.057999,22.5354,0,6
29416,12:47:57,114.057999,22.533501,0,4
29416,12:49:38,114.043297,22.5313,0,44
29416,12:50:08,114.037399,22.530701,0,45
29416,12:50:38,114.030602,22.530399,0,40
29416,12:52:11,114.025002,22.5394,0,12
29416,12:52:41,114.025398,22.5394,0,0
29416,12:53:31,114.026398,22.5397,0,8
29416,12:54:01,114.027901,22.538401,0,18
29416,12:54:31,114.026703,22.5373,0,4
29416,12:55:01,114.025002,22.5368,0,13
29416,12:55:24,114.0242,22.536699,0,0
29416,12:55:44,114.0233,22.536699,0,3
29416,12:56:41,114.022102,22.536301,0,0
29416,12:57:11,114.022301,22.5355,0,0
29416,12:58:43,114.024902,22.5329,0,16
29416,12:59:13,114.026604,22.5296,0,35
29416,12:59:55,114.0308,22.526899,0,1
29416,13:01:25,114.027199,22.526501,0,12
29416,13:02:55,114.024902,22.527,0,0
29416,13:02:56,114.024902,22.527,0,0
29416,13:03:26,114.024803,22.5271,0,0
29416,13:04:31,114.023598,22.525499,0,5
29416,13:05:31,114.020103,22.525801,0,3
29416,13:06:20,114.018303,22.5275,0,9
29416,13:06:50,114.016998,22.529499,0,10
29416,13:07:29,114.0168,22.531,0,0
29416,13:07:59,114.019302,22.531601,0,18
29416,13:09:18,114.025398,22.5312,0,39
29416,13:11:52,114.0448,22.531099,0,22
29416,13:14:14,114.0495,22.5396,0,8
29416,13:15:22,114.0495,22.5406,0,0
29416,13:15:52,114.049301,22.541,0,8
29416,13:16:52,114.049004,22.5408,0,0
29416,13:17:33,114.049004,22.5408,0,0
29416,13:18:03,114.049004,22.5408,0,0
29416,13:18:33,114.049202,22.540701,0,3
29416,13:19:03,114.049202,22.5406,0,0
29416,13:20:44,114.049202,22.5406,0,0
29416,13:21:55,114.049202,22.5406,0,0
29416,13:22:08,114.049797,22.540501,0,0
29416,13:22:57,114.049797,22.5404,0,0
29416,13:23:27,114.049797,22.5404,0,0
29416,13:24:37,114.049797,22.5404,0,0
29416,13:25:07,114.049896,22.5396,0,9
29416,13:25:32,114.047501,22.5394,0,0
29416,13:25:37,114.047501,22.5394,0,0
29416,13:25:51,114.046799,22.539499,0,13
29416,13:26:20,114.044502,22.5394,0,12
29416,13:26:50,114.044403,22.5427,0,22
29416,13:27:20,114.044899,22.542601,0,14
29416,13:28:32,114.0392,22.5436,0,14
29416,13:28:58,114.039299,22.5443,0,8
29416,13:29:28,114.041496,22.544399,0,14
29416,13:29:58,114.042702,22.5443,0,0
29416,13:30:33,114.0439,22.544701,0,4
29416,13:31:03,114.043198,22.5431,0,13
29416,13:31:33,114.044403,22.5408,0,14
29416,13:33:16,114.049599,22.5422,0,23
29416,13:33:46,114.055397,22.542101,0,40
29416,13:34:16,114.057899,22.5406,0,7
29416,13:35:04,114.058098,22.538099,0,8
29416,13:36:34,114.058998,22.537001,0,18
29416,13:37:09,114.058998,22.536301,0,2
29416,13:37:39,114.058098,22.537001,0,15
29416,13:38:09,114.057899,22.5396,0,9
29416,13:38:39,114.056396,22.5394,0,0
29416,13:39:30,114.053596,22.5396,0,0
29416,13:40:23,114.0513,22.5394,0,7
29416,13:40:36,114.050797,22.5394,0,1
29416,13:41:06,114.049698,22.5394,0,0
29416,13:41:54,114.047302,22.5394,0,8
29416,13:42:23,114.046501,22.539,0,0
29416,13:42:53,114.044601,22.5397,0,22
29416,13:43:17,114.044403,22.544001,0,0
29416,13:43:28,114.044403,22.545099,0,26
29416,13:43:58,114.046799,22.547199,0,10
29416,13:44:35,114.046402,22.5453,0,15
29416,13:44:50,114.045502,22.545401,0,1
29416,13:45:20,114.046402,22.5452,0,14
29416,13:45:50,114.048302,22.5453,0,13
29416,13:46:51,114.050499,22.545401,0,0
29416,13:47:21,114.051102,22.5446,0,28
29416,13:47:51,114.051102,22.5406,0,17
29416,13:48:21,114.051201,22.5397,0,0
29416,13:49:27,114.051201,22.5397,0,0
29416,13:49:57,114.049698,22.539499,0,7
29416,13:51:47,114.0476,22.539301,0,0
29416,13:51:55,114.0476,22.539301,0,9
29416,13:53:35,114.042603,22.5425,0,38
29416,13:54:07,114.039597,22.542299,0,15
29416,13:54:37,114.035896,22.5417,0,0
29416,13:56:31,114.0317,22.541,0,13
29416,13:57:31,114.0186,22.5389,0,38
29416,13:59:51,114.011597,22.5369,0,32
29416,14:00:55,114.009697,22.534901,0,3
29416,14:03:14,114.006401,22.5343,0,0
29416,14:04:14,114.012001,22.533199,0,15
29416,14:04:44,114.015099,22.532,0,10
29416,14:06:09,114.017403,22.534,0,0
29416,14:07:09,114.019402,22.534401,0,7
29416,14:07:45,114.019501,22.534401,0,0
29416,14:08:45,114.019402,22.535999,0,11
29416,14:09:15,114.019096,22.537399,0,0
29416,14:09:54,114.019203,22.5373,0,0
29416,14:10:24,114.019699,22.539,0,31
29416,14:11:24,114.0308,22.5406,0,24
29416,14:13:14,114.0355,22.541401,0,0
29416,14:14:48,114.048599,22.5424,0,38
29416,14:18:14,114.074097,22.542999,0,0
29416,14:19:12,114.074501,22.542999,0,4
29416,14:19:42,114.075897,22.542999,0,0
29416,14:20:42,114.075897,22.542999,0,0
29416,14:21:45,114.082603,22.5431,0,24
29416,14:22:45,114.0877,22.543301,0,0
29416,14:23:39,114.090797,22.543301,0,0
29416,14:24:39,114.095703,22.5434,0,30
29416,14:25:09,114.098801,22.543501,0,0
29416,14:25:57,114.099503,22.5436,0,6
29416,14:26:27,114.095398,22.543501,0,15
29416,14:27:14,114.0951,22.5443,0,0
29416,14:27:44,114.0951,22.5443,0,11
29416,14:28:18,114.093803,22.543501,0,10
29416,14:29:18,114.091499,22.543501,0,0
29416,14:29:48,114.091499,22.543501,0,0
29416,14:30:44,114.091499,22.543501,0,0
29416,14:31:44,114.085503,22.543301,0,23
29416,14:33:06,114.080299,22.5432,0,8
29416,14:34:06,114.077103,22.5432,0,0
29416,14:34:36,114.077103,22.5432,0,0
29416,14:36:44,114.058098,22.5436,0,20
29416,14:37:58,114.058502,22.5455,0,16
29416,14:38:28,114.059799,22.545601,0,8
29416,14:38:58,114.060303,22.5448,0,16
29416,14:39:28,114.060303,22.5434,0,4
29416,14:40:36,114.049202,22.5427,0,30
29416,14:41:06,114.045799,22.542601,0,21
29416,14:41:36,114.041603,22.5425,0,32
29416,14:42:29,114.039101,22.5425,0,6
29416,14:42:59,114.039101,22.543699,0,10
29416,14:43:29,114.0392,22.544201,0,2
29416,14:44:53,114.039803,22.5473,0,16
29416,14:45:12,114.039703,22.548599,0,0
29416,14:45:20,114.039803,22.549,0,8
29416,14:45:26,114.039803,22.549,0,0
29416,14:46:10,114.038498,22.549299,0,9
29416,14:46:42,114.035004,22.548201,0,5
29416,14:48:12,114.034798,22.5417,0,28
29416,14:49:06,114.031998,22.541201,0,7
29416,14:49:36,114.029099,22.540701,0,31
29416,14:50:06,114.024803,22.5399,0,15
29416,14:52:30,114.024803,22.5322,0,18
29416,14:53:00,114.021599,22.5324,0,17
29416,14:54:08,114.009903,22.5299,0,38
29416,14:54:38,114.004303,22.5301,0,42
29416,14:55:08,113.998703,22.5298,0,42
29416,14:56:04,113.993797,22.527201,0,27
29416,14:56:34,113.989799,22.5249,0,29
29416,14:57:34,113.9757,22.523001,0,40
29416,14:58:25,113.969704,22.5229,0,41
29416,14:58:55,113.9636,22.5229,0,37
29416,14:59:55,113.952698,22.5236,0,34
29416,15:01:29,113.931,22.524799,0,39
29416,15:01:59,113.928497,22.5249,0,6
29416,15:02:52,113.927696,22.525299,0,5
29416,15:03:22,113.925201,22.525801,0,33
29416,15:03:52,113.9244,22.525999,0,22
29416,15:04:22,113.922798,22.5203,0,21
29416,15:05:19,113.922401,22.5193,0,0
29416,15:06:19,113.922203,22.5182,0,0
29416,15:06:49,113.922096,22.518101,0,8
29416,15:07:16,113.923203,22.517799,0,0
29416,15:07:46,113.924103,22.5179,0,12
29416,15:08:16,113.924599,22.5179,0,0
29416,15:09:44,113.927299,22.5179,0,0
29416,15:10:14,113.927299,22.5179,0,0
29416,15:12:10,113.930397,22.5173,0,0
29416,15:12:40,113.930496,22.5172,0,2
29416,15:13:10,113.930496,22.5172,0,0
29416,15:13:40,113.930496,22.5172,0,0
29416,15:14:14,113.931503,22.518299,0,14
29416,15:17:11,113.932503,22.5219,0,0
29416,15:17:41,113.932899,22.5243,0,12
29416,15:18:11,113.936699,22.5242,0,27
29416,15:18:41,113.946297,22.524099,0,48
29416,15:19:33,113.954002,22.5233,0,49
29416,15:20:03,113.962097,22.522699,0,38
29416,15:21:03,113.975197,22.5228,0,43
29416,15:21:44,113.981598,22.5229,0,38
29416,15:22:44,113.993896,22.5271,0,34
29416,15:23:14,113.9991,22.5296,0,38
29416,15:24:06,114.004997,22.5298,0,38
29416,15:25:06,114.012802,22.530701,0,22
29416,15:25:36,114.015198,22.5322,0,16
29416,15:26:33,114.016602,22.5326,0,14
29416,15:27:03,114.018402,22.5329,0,12
29416,15:27:05,114.018501,22.5329,0,8
29416,15:29:09,114.015404,22.5341,0,6
29416,15:29:39,114.013702,22.5357,0,31
29416,15:30:38,114.011803,22.534901,0,4
29416,15:31:08,114.010498,22.533899,0,21
29416,15:31:38,114.006699,22.534401,0,13
29416,15:33:07,114.007896,22.534901,0,0
29416,15:33:37,114.007896,22.534901,0,0
29416,15:34:07,114.007896,22.534901,0,0
29416,15:35:22,114.007896,22.534901,0,0
29416,15:35:52,114.007896,22.534901,0,0
29416,15:36:22,114.007896,22.534901,0,0
29416,15:36:52,114.007896,22.534901,0,0
29416,15:37:53,114.007896,22.534901,0,0
29416,15:38:53,114.007896,22.534901,0,0
29416,15:39:23,114.007896,22.534901,0,0
29416,15:39:53,114.007896,22.534901,0,0
29416,15:40:23,114.007896,22.534901,0,0
29416,15:43:29,114.007896,22.534901,0,0
29416,15:44:58,114.007896,22.534901,0,43
29416,15:45:00,114.007896,22.534901,0,42
29416,15:45:30,114.007896,22.534901,0,0
29416,15:47:00,114.007896,22.534901,0,0
29416,15:47:30,114.007896,22.534901,0,0
29416,15:48:30,114.007896,22.534901,0,0
29416,15:50:00,114.007896,22.534901,0,0
29416,15:51:00,114.007896,22.534901,0,0
29416,15:52:00,114.007896,22.534901,0,0
29416,15:52:30,114.007896,22.534901,0,0
29416,15:56:30,114.007896,22.534901,0,0
29416,15:57:00,114.007896,22.534901,0,0
29416,15:57:30,114.007896,22.534901,0,0
29416,15:59:00,114.007896,22.534901,0,0
29416,16:00:00,114.007896,22.534901,0,0
29416,16:00:30,114.007896,22.534901,0,0
29416,16:01:30,114.007896,22.534901,0,0
29416,16:02:00,114.007896,22.534901,0,0
29416,16:03:00,114.007896,22.534901,0,0
29416,16:03:30,114.007896,22.534901,0,0
29416,16:04:00,114.007896,22.534901,0,0
29416,16:04:30,114.007896,22.534901,0,0
29416,16:05:00,114.007896,22.534901,0,0
29416,16:05:30,114.007896,22.534901,0,0
29416,16:07:00,114.007896,22.534901,0,0
29416,16:07:30,114.007896,22.534901,0,0
29416,16:08:00,114.007896,22.534901,0,0
29416,16:08:30,114.007896,22.534901,0,0
29416,16:09:30,114.007896,22.534901,0,0
29416,16:10:30,114.007896,22.534901,0,0
29416,16:11:00,114.007896,22.534901,0,0
29416,16:11:30,114.007896,22.534901,0,0
29416,16:12:00,114.007896,22.534901,0,0
29416,16:12:30,114.007896,22.534901,0,0
29416,16:13:30,114.007896,22.534901,0,0
29416,16:14:00,114.007896,22.534901,0,0
29416,16:14:30,114.007896,22.534901,0,0
29416,16:15:00,114.007896,22.534901,0,0
29416,16:15:30,114.007896,22.534901,0,0
29416,16:17:00,114.007896,22.534901,0,0
29416,16:17:30,114.007896,22.534901,0,0
29416,16:18:30,114.007896,22.534901,0,0
29416,16:19:00,114.007896,22.534901,0,0
29416,16:19:30,114.007896,22.534901,0,0
29416,16:20:00,114.007896,22.534901,0,0
29416,16:20:30,114.007896,22.534901,0,0
29416,16:21:00,114.007896,22.534901,0,0
29416,16:21:30,114.007896,22.534901,0,0
29416,16:22:30,114.007896,22.534901,0,0
29416,16:23:00,114.007896,22.534901,0,0
29416,16:23:30,114.007896,22.534901,0,0
29416,16:24:00,114.007896,22.534901,0,0
29416,16:24:30,114.007896,22.534901,0,0
29416,16:25:31,114.007896,22.534901,0,0
29416,16:26:01,114.007896,22.534901,0,0
29416,16:26:31,114.007896,22.534901,0,0
29416,16:27:36,114.007896,22.534901,0,0
29416,16:29:06,114.007896,22.534901,0,0
29416,16:29:36,114.007896,22.534901,0,0
29416,16:30:06,114.007896,22.534901,0,0
29416,16:30:36,114.007896,22.534901,0,0
29416,16:31:36,114.007896,22.534901,0,0
29416,16:33:43,114.007896,22.534901,0,0
29416,16:34:13,114.007896,22.534901,0,0
29416,16:34:28,114.007896,22.534901,0,5
29416,16:34:47,114.008598,22.537201,0,17
29416,16:35:17,114.010803,22.537399,0,26
29416,16:35:55,114.014702,22.5375,0,9
29416,16:36:10,114.0149,22.5376,0,0
29416,16:36:40,114.0186,22.5383,0,16
29416,16:37:40,114.019302,22.536699,0,1
29416,16:38:31,114.019699,22.5362,0,8
29416,16:40:01,114.0224,22.535,0,0
29416,16:40:53,114.0224,22.535,0,0
29416,16:41:23,114.022797,22.535,0,15
29416,16:41:53,114.024498,22.533701,0,16
29416,16:43:30,114.028,22.5287,0,4
29416,16:44:00,114.028099,22.5287,0,0
29416,16:45:21,114.0289,22.5282,0,0
29416,16:45:51,114.029297,22.527901,0,5
29416,16:46:51,114.031097,22.526899,0,4
29416,16:47:48,114.0317,22.5266,0,5
29416,16:48:18,114.033798,22.528,0,22
29416,16:48:48,114.035103,22.528,0,0
29416,16:49:18,114.035301,22.528,0,2
29416,16:49:55,114.035103,22.5285,0,9
29416,16:50:15,114.0354,22.5292,0,0
29416,16:51:04,114.0354,22.5292,0,2
29416,16:51:34,114.037201,22.5289,0,14
29416,16:52:30,114.035698,22.5277,0,12
29416,16:53:00,114.0345,22.528099,0,4
29416,16:53:30,114.032799,22.526699,0,8
29416,16:54:54,114.032799,22.5266,0,0
29416,16:55:24,114.032799,22.5266,0,0
29416,16:55:54,114.032799,22.5266,0,0
29416,16:56:24,114.031403,22.524599,0,14
29416,16:57:28,114.029404,22.5221,0,11
29416,16:57:50,114.028503,22.522499,0,4
29416,16:59:28,114.028397,22.522499,0,0
29416,17:00:13,114.028603,22.522499,0,6
29416,17:01:35,114.0308,22.523399,0,0
29416,17:02:05,114.0308,22.523399,0,0
29416,17:02:35,114.0308,22.523399,0,0
29416,17:03:05,114.031601,22.5245,0,18
29416,17:03:39,114.033501,22.5256,0,34
29416,17:04:09,114.036201,22.524401,0,10
29416,17:05:09,114.036697,22.5242,0,0
29416,17:06:39,114.036697,22.5242,0,0
29416,17:07:09,114.036697,22.5242,0,0
29416,17:07:39,114.0373,22.5238,0,0
29416,17:08:38,114.0373,22.5238,0,0
29416,17:09:29,114.0373,22.5238,0,0
29416,17:09:59,114.0373,22.5238,0,0
29416,17:10:29,114.0373,22.5238,0,0
29416,17:11:03,114.035797,22.524599,0,18
29416,17:11:33,114.032997,22.5261,0,0
29416,17:12:03,114.032402,22.525999,0,15
29416,17:12:33,114.0308,22.523701,0,17
29416,17:13:35,114.029999,22.5226,0,0
29416,17:14:05,114.029999,22.5226,0,0
29416,17:15:05,114.0298,22.5222,0,0
29416,17:16:31,114.0298,22.5222,0,0
29416,17:17:01,114.0298,22.5222,0,0
29416,17:18:12,114.0298,22.5222,0,0
29416,17:18:42,114.0298,22.5222,0,0
29416,17:19:12,114.0298,22.5222,0,0
29416,17:19:42,114.0298,22.5222,0,0
29416,17:20:39,114.0298,22.5222,0,0
29416,17:21:39,114.0298,22.5222,0,0
29416,17:23:36,114.0298,22.5222,0,0
29416,17:24:36,114.0298,22.5222,0,0
29416,17:25:18,114.0298,22.5222,0,0
29416,17:26:18,114.0298,22.5222,0,0
29416,17:26:48,114.0298,22.5222,0,0
29416,17:28:18,114.0298,22.5222,0,0
29416,17:28:48,114.0298,22.5222,0,0
29416,17:29:18,114.0298,22.5222,0,0
29416,17:31:48,114.0298,22.5222,0,0
29416,17:32:52,114.029198,22.5212,0,0
29416,17:33:22,114.029198,22.5212,0,0
29416,17:33:52,114.030502,22.519899,0,26
29416,17:34:45,114.0345,22.5179,0,22
29416,17:35:15,114.038002,22.5159,0,13
29416,17:35:45,114.040398,22.514999,0,9
29416,17:35:55,114.040802,22.514299,0,0
29416,17:36:26,114.040497,22.5135,0,11
29416,17:37:31,114.043999,22.512501,0,0
29416,17:38:01,114.044701,22.5128,0,10
29416,17:38:25,114.044701,22.513,0,0
29416,17:38:35,114.044701,22.5138,0,0
29416,17:39:35,114.044701,22.5142,0,10
29416,17:40:05,114.040398,22.5151,0,26
29416,17:40:35,114.038101,22.516001,0,22
29416,17:41:27,114.035202,22.5175,0,25
29416,17:41:57,114.031998,22.5193,0,26
29416,17:42:27,114.0298,22.5205,0,14
29416,17:42:57,114.030701,22.5233,0,0
29416,17:43:50,114.031097,22.5238,0,14
29416,17:44:20,114.0326,22.5264,0,15
29416,17:44:50,114.030296,22.527901,0,18
29416,17:45:20,114.028702,22.5285,0,1
29416,17:45:54,114.028397,22.5287,0,1
29416,17:48:17,114.026398,22.530199,0,4
29416,17:48:47,114.026001,22.5306,0,5
29416,17:49:47,114.024696,22.5317,0,3
29416,17:50:40,114.0242,22.5319,0,5
29416,17:51:10,114.023598,22.532101,0,4
29416,17:51:40,114.023003,22.5322,0,0
29416,17:52:10,114.022598,22.5322,0,3
29416,17:52:43,114.022003,22.532301,0,5
29416,17:53:13,114.019501,22.5322,0,14
29416,17:53:43,114.017303,22.5317,0,17
29416,17:55:15,114.008301,22.5298,0,14
29416,17:55:45,114.006897,22.5299,0,9
29416,17:56:15,114.003799,22.5301,0,36
29416,17:56:45,113.995697,22.5285,0,37
29416,17:57:38,113.992302,22.5261,0,24
29416,17:58:38,113.985001,22.5236,0,30
29416,17:59:08,113.979103,22.523001,0,42
29416,17:59:42,113.972198,22.523001,0,43
29416,18:01:12,113.955299,22.523399,0,6
29416,18:02:45,113.946701,22.524401,0,34
29416,18:03:45,113.931198,22.524799,0,40
29416,18:04:33,113.9244,22.525801,0,42
29416,18:05:03,113.922203,22.5264,0,0
29416,18:05:33,113.922203,22.5264,0,0
29416,18:06:03,113.922203,22.5264,0,0
29416,18:07:14,113.920097,22.527,0,18
29416,18:08:14,113.919403,22.527201,0,0
29416,18:08:56,113.919403,22.527201,0,0
29416,18:09:26,113.919403,22.527201,0,0
29416,18:10:26,113.919403,22.527201,0,0
29416,18:13:56,113.9151,22.527,0,0
29416,18:14:26,113.914703,22.526899,0,9
29416,18:20:43,113.9104,22.538099,0,7
29416,18:21:13,113.9104,22.5383,0,0
29416,18:21:15,113.9104,22.538401,0,0
29416,18:22:42,113.910301,22.5394,0,0
29416,18:23:12,113.910004,22.5432,0,19
29416,18:23:42,113.911301,22.5445,0,15
29416,18:24:45,113.9132,22.5439,0,0
29416,18:25:15,113.9132,22.5439,0,0
29416,18:25:45,113.9132,22.5439,0,0
29416,18:26:58,113.914001,22.5436,0,0
29416,18:27:58,113.915001,22.5434,0,0
29416,18:29:18,113.915199,22.543301,0,8
29416,18:29:48,113.916,22.5431,0,0
29416,18:30:18,113.916702,22.5431,0,10
29416,18:30:48,113.917297,22.5431,0,0
29416,18:31:37,113.917297,22.5431,0,0
29416,18:32:07,113.917297,22.5431,0,0
29416,18:32:37,113.917297,22.5431,0,0
29416,18:33:07,113.917297,22.5431,0,0
29416,18:33:50,113.917297,22.5431,0,0
29416,18:34:20,113.9179,22.5431,0,8
29416,18:34:50,113.920799,22.542999,0,26
29416,18:36:01,113.929001,22.5425,0,30
29416,18:37:01,113.935501,22.5424,0,16
29416,18:37:17,113.935699,22.5424,0,0
29416,18:37:47,113.941002,22.542801,0,39
29416,18:38:37,113.9478,22.5431,0,24
29416,18:39:07,113.948196,22.5431,0,0
29416,18:39:37,113.948898,22.5431,0,15
29416,18:40:07,113.950897,22.5432,0,4
29416,18:40:40,113.952202,22.5432,0,10
29416,18:41:40,113.953598,22.5432,0,0
29416,18:42:10,113.955299,22.543301,0,16
29416,18:43:00,113.9571,22.543301,0,5
29416,18:44:00,113.957497,22.543301,0,8
29416,18:44:30,113.960701,22.5429,0,34
29416,18:45:20,113.962898,22.542101,0,0
29416,18:46:20,113.9711,22.539101,0,24
29416,18:46:50,113.973099,22.538401,0,10
29416,18:48:33,113.981102,22.536301,0,0
29416,18:49:44,113.9879,22.5361,0,36
29416,18:50:44,113.9925,22.535,0,42
29416,18:52:05,114.002701,22.535801,0,0
29416,18:53:35,114.002701,22.535801,0,0
29416,18:54:08,114.002701,22.535801,0,0
29416,18:54:38,114.006104,22.5364,0,39
29416,18:55:38,114.013901,22.5383,0,8
29416,18:56:50,114.017303,22.540199,0,0
29416,18:57:20,114.017303,22.540199,0,0
29416,18:59:01,114.017601,22.542999,0,17
29416,18:59:31,114.019699,22.5445,0,44
29416,19:00:01,114.025803,22.5455,0,22
29416,19:01:41,114.028099,22.5462,0,0
29416,19:03:55,114.0289,22.5464,0,0
29416,19:04:25,114.029297,22.546499,0,0
29416,19:05:46,114.028999,22.5466,0,20
29416,19:06:16,114.024101,22.545401,0,37
29416,19:06:46,114.0187,22.5445,0,31
29416,19:07:55,114.017502,22.544201,0,0
29416,19:11:13,114.017303,22.5387,0,17
29416,19:12:55,114.006104,22.537701,0,17
29416,19:13:25,114.004501,22.5376,0,6
29416,19:14:12,114.004501,22.5376,0,0
29416,19:14:22,114.004501,22.5376,0,0
29416,19:15:22,114.003098,22.5364,0,22
29416,19:17:41,113.993797,22.5312,0,6
29416,19:18:53,113.9841,22.5294,0,34
29416,19:19:23,113.977997,22.5284,0,23
29416,19:21:13,113.9869,22.529699,0,14
29416,19:21:43,113.987396,22.5298,0,4
29416,19:22:43,113.987801,22.5278,0,16
29416,19:24:03,113.987999,22.5266,0,0
29416,19:24:33,113.988098,22.525499,0,10
29416,19:25:37,113.988197,22.5249,0,0
29416,19:25:57,113.988197,22.5249,0,0
29416,19:26:27,113.985397,22.524,0,19
29416,19:26:57,113.983398,22.5235,0,6
29416,19:27:39,113.9813,22.5233,0,20
29416,19:28:09,113.977997,22.523701,0,17
29416,19:29:09,113.977097,22.5224,0,24
29416,19:30:51,113.991402,22.5254,0,31
29416,19:31:21,113.995003,22.5278,0,29
29416,19:32:25,114.005302,22.529699,0,29
29416,19:32:55,114.009903,22.529699,0,16
29416,19:33:25,114.015198,22.531,0,32
29416,19:35:45,114.037399,22.5305,0,33
29416,19:36:26,114.040703,22.5308,0,14
29416,19:37:26,114.045799,22.531099,0,10
29416,19:37:56,114.0448,22.5312,0,20
29416,19:38:30,114.044701,22.536501,0,27
29416,19:39:00,114.047302,22.5373,0,4
29416,19:41:51,114.0495,22.5369,0,5
29416,19:44:13,114.048401,22.5352,0,0
29416,19:44:43,114.048401,22.5352,0,0
29416,19:45:22,114.047897,22.5364,0,8
29416,19:45:52,114.047897,22.536501,0,0
29416,19:46:22,114.047897,22.536501,0,0
29416,19:46:52,114.047897,22.5371,0,0
29416,19:47:36,114.047897,22.5371,0,0
29416,19:48:06,114.047897,22.5371,0,0
29416,19:49:57,114.051102,22.5397,0,18
29416,19:50:27,114.052803,22.539499,0,0
29416,19:50:57,114.052803,22.539499,0,0
29416,19:54:51,114.056099,22.5375,0,9
29416,19:55:11,114.051102,22.5397,0,0
29416,19:55:18,114.055298,22.5376,0,0
29416,19:56:49,114.0495,22.537201,0,18
29416,19:57:19,114.048103,22.5375,0,0
29416,19:57:49,114.048103,22.5375,0,0
29416,19:58:19,114.047997,22.537399,0,5
29416,19:58:53,114.043999,22.537399,0,26
29416,19:59:23,114.044403,22.5329,0,25
29416,19:59:53,114.042603,22.531401,0,15
29416,20:00:23,114.038902,22.530899,0,31
29416,20:01:39,114.028297,22.530701,0,31
29416,20:02:09,114.023201,22.532,0,32
29416,20:02:39,114.017998,22.5319,0,25
29416,20:04:26,114.004303,22.5301,0,31
29416,20:04:56,113.999001,22.5299,0,32
29416,20:06:00,113.993698,22.5303,0,3
29416,20:06:30,113.993301,22.5327,0,27
29416,20:07:00,113.993103,22.534,0,0
29416,20:08:21,113.993103,22.534,0,0
29416,20:08:51,113.991402,22.5357,0,19
29416,20:09:21,113.987099,22.5364,0,28
29416,20:10:54,113.974403,22.538,0,20
29416,20:11:24,113.972,22.539,0,0
29416,20:11:54,113.971901,22.539101,0,0
29416,20:12:36,113.971298,22.539301,0,0
29416,20:12:38,113.971298,22.539301,0,0
29416,20:13:38,113.970703,22.5396,0,0
29416,20:15:04,113.968597,22.540001,0,45
29416,20:16:34,113.9832,22.5362,0,14
29416,20:17:13,113.9888,22.535801,0,24
29416,20:18:13,113.992203,22.534599,0,0
29416,20:18:43,113.992897,22.5354,0,0
29416,20:19:31,113.992897,22.5354,0,0
29416,20:20:01,113.992897,22.5354,0,0
29416,20:21:01,113.988899,22.5369,0,12
29416,20:21:58,113.988602,22.5387,0,11
29416,20:22:28,113.988602,22.538799,0,0
29416,20:22:58,113.987701,22.5401,0,7
29416,20:23:28,113.987701,22.5406,0,0
29416,20:24:09,113.987701,22.5411,0,11
29416,20:24:39,113.989098,22.5415,0,12
29416,20:25:39,113.992302,22.5389,0,6
29416,20:26:25,113.991898,22.541599,0,0
29416,20:26:55,113.991798,22.5429,0,28
29416,20:27:25,113.997002,22.5455,0,30
29416,20:27:55,114.001099,22.546301,0,24
29416,20:28:41,114.004898,22.547199,0,6
29416,20:29:11,114.005798,22.5483,0,15
29416,20:30:11,114.009003,22.548,0,19
29416,20:30:46,114.011597,22.5448,0,0
29416,20:31:30,114.011703,22.5448,0,0
29416,20:32:00,114.009804,22.547899,0,19
29416,20:32:48,114.011803,22.549101,0,15
29416,20:33:18,114.013199,22.549999,0,0
29416,20:33:48,114.013199,22.549999,0,0
29416,20:34:18,114.016998,22.5448,0,24
29416,20:35:37,114.017097,22.544399,0,0
29416,20:36:07,114.028801,22.546301,0,28
29416,20:36:37,114.031403,22.5471,0,27
29416,20:37:07,114.031998,22.5473,0,0
29416,20:39:30,114.035698,22.5418,0,0
29416,20:41:02,114.035698,22.5418,0,0
29416,20:42:02,114.047798,22.5413,0,9
29416,20:42:11,114.031998,22.5473,0,0
29416,20:48:20,114.050102,22.5355,0,3
29416,20:49:09,114.050201,22.534,0,7
29416,20:49:39,114.050102,22.531799,0,4
29416,20:50:09,114.047501,22.531601,0,17
29416,20:50:39,114.043602,22.5315,0,13
29416,20:53:01,114.043404,22.5238,0,23
29416,20:53:36,114.042,22.521601,0,0
29416,20:54:06,114.042,22.521601,0,0
29416,20:54:36,114.041901,22.5214,0,11
29416,20:55:06,114.044403,22.519699,0,32
29416,20:55:58,114.0495,22.5182,0,24
29416,20:56:28,114.050903,22.518101,0,13
29416,20:57:28,114.053596,22.5163,0,0
29416,20:58:49,114.055702,22.516199,0,23
29416,20:59:19,114.052597,22.5145,0,32
29416,20:59:56,114.050797,22.5165,0,0
29416,21:00:29,114.053398,22.5182,0,41
29416,21:00:59,114.059799,22.520201,0,25
29416,21:02:50,114.063103,22.518499,0,16
29416,21:04:20,114.063202,22.517401,0,0
29416,21:06:12,114.063202,22.517401,0,0
29416,21:07:32,114.063202,22.518801,0,0
29416,21:08:02,114.063202,22.518801,0,0
29416,21:10:28,114.059196,22.520201,0,8
29416,21:10:58,114.053299,22.518299,0,34
29416,21:11:47,114.051201,22.518299,0,0
29416,21:12:17,114.051201,22.518299,0,0
29416,21:12:47,114.051201,22.518299,0,0
29416,21:13:17,114.048302,22.5186,0,30
29416,21:13:57,114.042801,22.5208,0,34
29416,21:14:27,114.044403,22.525299,0,22
29416,21:14:57,114.044998,22.5256,0,0
29416,21:15:27,114.044998,22.5256,0,0
29416,21:15:30,114.044998,22.5256,0,0
29416,21:16:21,114.046898,22.5256,0,14
29416,21:16:51,114.0485,22.525499,0,4
29416,21:17:21,114.048401,22.524401,0,9
29416,21:17:51,114.048599,22.521999,0,5
29416,21:19:12,114.051003,22.5187,0,5
29416,21:20:51,114.055702,22.5158,0,9
29416,21:21:21,114.051498,22.5144,0,16
29416,21:21:51,114.048599,22.5142,0,22
29416,21:22:21,114.044403,22.514299,0,26
29416,21:23:22,114.040298,22.5151,0,20
29416,21:24:22,114.035896,22.517099,0,22
29416,21:26:12,114.032799,22.518801,0,0
29416,21:26:42,114.032799,22.518801,0,0
29416,21:27:12,114.032799,22.518801,0,0
29416,21:27:45,114.032799,22.518801,0,0
29416,21:28:15,114.032799,22.518801,0,0
29416,21:28:45,114.032799,22.518801,0,0
29416,21:30:06,114.032799,22.518801,0,0
29416,21:30:36,114.032799,22.518801,0,0
29416,21:32:26,114.032799,22.518801,0,0
29416,21:33:56,114.032799,22.518801,0,0
29416,21:34:37,114.032799,22.518801,0,0
29416,21:35:07,114.032799,22.518801,0,0
29416,21:35:37,114.032097,22.519199,0,0
29416,21:36:07,114.030602,22.5201,0,16
29416,21:36:57,114.029999,22.5222,0,23
29416,21:37:57,114.031998,22.5252,0,21
29416,21:38:27,114.032402,22.526501,0,13
29416,21:39:57,114.027901,22.5289,0,26
29416,21:40:27,114.025101,22.531401,0,23
29416,21:40:37,114.026703,22.5298,0,0
29416,21:42:01,114.015602,22.5334,0,23
29416,21:42:51,114.011803,22.5352,0,0
29416,21:44:00,114.008003,22.5343,0,0
29416,21:46:28,114.006798,22.5347,0,0
29416,21:49:11,114.026703,22.5298,0,0
29416,21:49:45,114.026703,22.5298,0,0
29416,21:50:16,114.007896,22.5348,0,0
29416,21:50:17,114.007896,22.5348,0,0
29416,21:50:47,114.007896,22.5348,0,0
29416,21:51:11,114.026703,22.5298,0,0
29416,21:53:19,114.007797,22.5348,0,0
29416,21:53:49,114.007797,22.5348,0,0
29416,21:54:19,114.007797,22.5348,0,0
29416,21:55:07,114.007797,22.5348,0,0
29416,21:56:37,114.007797,22.5348,0,0
29416,21:57:07,114.007797,22.5348,0,0
29416,21:57:37,114.007797,22.5348,0,0
29416,21:58:07,114.007797,22.5348,0,0
29416,21:59:07,114.007797,22.5348,0,0
29416,21:59:37,114.007797,22.5348,0,0
29416,22:00:07,114.007797,22.5348,0,0
29416,22:02:07,114.007797,22.5348,0,0
29416,22:02:37,114.007797,22.5348,0,0
29416,22:03:07,114.007797,22.5348,0,0
29416,22:03:37,114.007797,22.5348,0,0
29416,22:04:07,114.007797,22.5348,0,0
29416,22:04:37,114.007797,22.5348,0,0
29416,22:05:07,114.007797,22.5348,0,0
29416,22:06:37,114.007797,22.5348,0,0
29416,22:07:07,114.007797,22.5348,0,0
29416,22:08:07,114.007797,22.5348,0,0
29416,22:08:37,114.007797,22.5348,0,0
29416,22:09:07,114.007797,22.5348,0,0
29416,22:10:37,114.007797,22.5348,0,0
29416,22:12:37,114.007797,22.5348,0,0
29416,22:14:08,114.007797,22.5348,0,0
29416,22:15:08,114.007797,22.5348,0,0
29416,22:16:08,114.007797,22.5348,0,0
29416,22:16:38,114.007797,22.5348,0,0
29416,22:17:08,114.007797,22.5348,0,0
29416,22:18:38,114.007797,22.5348,0,0
29416,22:19:08,114.007797,22.5348,0,0
29416,22:20:08,114.007797,22.5348,0,0
29416,22:20:38,114.007797,22.5348,0,0
29416,22:21:08,114.007797,22.5348,0,0
29416,22:22:08,114.007797,22.5348,0,0
29416,22:22:38,114.007797,22.5348,0,0
29416,22:23:08,114.007797,22.5348,0,0
29416,22:23:38,114.007797,22.5348,0,0
29416,22:24:08,114.007797,22.5348,0,0
29416,22:25:08,114.007797,22.5348,0,0
29416,22:25:38,114.007797,22.5348,0,0
29416,22:26:38,114.007797,22.5348,0,0
29416,22:27:08,114.007797,22.5348,0,0
29416,22:27:38,114.007797,22.5348,0,0
29416,22:28:08,114.007797,22.5348,0,0
29416,22:28:38,114.007797,22.5348,0,0
29416,22:29:38,114.007797,22.5348,0,0
29416,22:30:38,114.007797,22.5348,0,0
29416,22:31:08,114.007797,22.5348,0,0
29416,22:31:38,114.007797,22.5348,0,0
29416,22:32:38,114.007797,22.5348,0,0
29416,22:33:09,114.007797,22.5348,0,0
29416,22:33:39,114.007797,22.5348,0,0
29416,22:34:39,114.007797,22.5348,0,0
29416,22:36:09,114.007797,22.5348,0,0
29416,22:37:39,114.007797,22.5348,0,0
29416,22:39:09,114.007797,22.5348,0,0
29416,22:39:39,114.007797,22.5348,0,0
29416,22:40:39,114.007797,22.5348,0,0
29416,22:41:09,114.007797,22.5348,0,0
29416,22:41:39,114.007797,22.5348,0,0
29416,22:42:09,114.007797,22.5348,0,0
29416,22:43:09,114.007797,22.5348,0,0
29416,22:44:09,114.007797,22.5348,0,0
29416,22:47:09,114.007797,22.5348,0,0
29416,22:47:39,114.007797,22.5348,0,0
29416,22:48:39,114.007797,22.5348,0,0
29416,22:49:09,114.007797,22.5348,0,0
29416,22:50:09,114.007797,22.5348,0,0
29416,22:50:39,114.007797,22.5348,0,0
29416,22:51:40,114.007797,22.5348,0,0
29416,22:52:10,114.007797,22.5348,0,0
29416,22:53:10,114.007797,22.5348,0,0
29416,22:53:40,114.007797,22.5348,0,0
29416,22:54:10,114.007797,22.5348,0,0
29416,22:55:10,114.007797,22.5348,0,0
29416,22:55:40,114.007797,22.5348,0,0
29416,22:56:10,114.007797,22.5348,0,0
29416,22:56:40,114.007797,22.5348,0,0
29416,22:57:10,114.007797,22.5348,0,0
29416,22:57:40,114.007797,22.5348,0,0
29416,22:58:40,114.007797,22.5348,0,0
29416,22:59:16,114.007797,22.5348,0,0
29416,23:00:16,114.007797,22.5348,0,0
29416,23:01:20,114.006699,22.5366,0,17
29416,23:01:50,114.008301,22.537001,0,16
29416,23:02:20,114.008598,22.5368,0,0
29416,23:02:31,114.008598,22.5368,0,0
29416,23:03:01,114.0112,22.535999,0,24
29416,23:03:54,114.0121,22.533001,0,18
29416,23:04:54,114.012497,22.530199,0,13
29416,23:05:24,114.015297,22.530899,0,23
29416,23:05:59,114.020798,22.532101,0,23
29416,23:06:29,114.024803,22.531401,0,28
29416,23:06:59,114.029198,22.5303,0,29
29416,23:07:29,114.0336,22.5301,0,29
29416,23:08:49,114.0429,22.531099,0,27
29416,23:12:35,114.0541,22.527399,0,5
29416,23:13:05,114.056396,22.5273,0,14
29416,23:15:02,114.051804,22.5257,0,4
29416,23:16:23,114.051804,22.5257,0,0
29416,23:16:53,114.051201,22.523399,0,39
29416,23:17:23,114.050697,22.5184,0,11
29416,23:17:53,114.045601,22.5193,0,39
29416,23:18:44,114.042297,22.520901,0,0
29416,23:19:44,114.0382,22.523199,0,26
29416,23:20:02,114.039497,22.522301,0,0
29416,23:20:45,114.040199,22.5219,0,0
29416,23:20:52,114.040298,22.5219,0,0
29416,23:21:22,114.041496,22.5212,0,0
29416,23:21:52,114.042999,22.5229,0,32
29416,23:24:22,114.055496,22.5313,0,31
29416,23:24:27,114.056198,22.5313,0,20
29416,23:24:55,114.056396,22.5313,0,0
29416,23:26:02,114.068001,22.529301,0,33
29416,23:26:32,114.065903,22.5249,0,28
29416,23:28:52,114.0681,22.521799,0,5
29416,23:29:22,114.067802,22.520901,0,4
29416,23:30:14,114.067902,22.521099,0,0
29416,23:30:44,114.0681,22.5217,0,3
29416,23:31:14,114.067902,22.5222,0,19
29416,23:32:15,114.067703,22.523701,0,0
29416,23:32:18,114.067703,22.523701,0,0
29416,23:32:40,114.068398,22.5236,0,17
29416,23:33:07,114.0681,22.5242,0,0
29416,23:34:07,114.068001,22.5238,0,6
29416,23:34:30,114.067703,22.523899,0,0
29416,23:35:00,114.067001,22.5252,0,17
29416,23:37:46,114.053902,22.5317,0,35
29416,23:38:16,114.048698,22.5317,0,31
29416,23:38:42,114.047997,22.533899,0,10
29416,23:39:40,114.047997,22.533899,0,2
29416,23:41:10,114.044899,22.527,0,34
29416,23:43:03,114.042297,22.5231,0,19
29416,23:44:27,114.040901,22.523701,0,0
29416,23:44:57,114.040199,22.5236,0,10
29416,23:45:27,114.038803,22.5245,0,17
29416,23:46:39,114.0383,22.524,0,8
29416,23:47:09,114.039001,22.524401,0,1
29416,23:47:39,114.038498,22.527,0,0
