31872,00:00:11,114.124702,22.5543,0,0
31872,00:00:41,114.124702,22.5543,0,0
31872,00:01:11,114.124702,22.5543,0,0
31872,00:02:11,114.124702,22.5543,0,0
31872,00:02:41,114.124702,22.5543,0,0
31872,00:03:41,114.124702,22.5543,0,0
31872,00:04:11,114.124702,22.5543,0,0
31872,00:04:41,114.124702,22.5543,0,0
31872,00:05:41,114.124702,22.5543,0,0
31872,00:06:11,114.124702,22.5543,0,0
31872,00:06:42,114.124702,22.5543,0,0
31872,00:07:12,114.124702,22.5543,0,0
31872,00:08:54,114.125801,22.552999,0,7
31872,00:09:54,114.123901,22.552401,0,0
31872,00:10:24,114.122803,22.551901,0,6
31872,00:10:54,114.122498,22.5516,0,6
31872,00:12:24,114.123001,22.5488,0,13
31872,00:13:24,114.123199,22.5478,0,8
31872,00:14:24,114.115601,22.5462,0,33
31872,00:16:24,114.1064,22.544901,0,0
31872,00:16:54,114.104103,22.5441,0,36
31872,00:17:24,114.099899,22.543501,0,1
31872,00:18:24,114.099899,22.543501,0,0
31872,00:19:24,114.097198,22.5411,0,12
31872,00:20:24,114.097099,22.5404,0,9
31872,00:21:24,114.095001,22.540899,0,5
31872,00:21:54,114.092697,22.5415,0,28
31872,00:22:54,114.091202,22.5424,0,24
31872,00:24:24,114.0905,22.5434,0,23
31872,00:24:54,114.089302,22.5434,0,19
31872,00:25:24,114.088203,22.543301,0,6
31872,00:27:25,114.089203,22.545401,0,26
31872,00:27:55,114.091202,22.544901,0,22
31872,00:28:25,114.0914,22.541599,0,0
31872,00:29:55,114.091698,22.5404,0,28
31872,00:30:25,114.093903,22.537901,0,43
31872,00:30:55,114.100403,22.5382,0,43
31872,00:31:25,114.106003,22.5371,0,33
31872,00:31:55,114.1129,22.538099,0,43
31872,00:32:35,114.117104,22.539,0,10
31872,00:36:35,114.136597,22.5571,0,0
31872,00:37:05,114.136597,22.5571,0,0
31872,00:37:35,114.1353,22.558399,0,0
31872,00:38:36,114.134102,22.557301,0,13
31872,00:39:06,114.132797,22.555401,0,14
31872,00:40:06,114.130302,22.552799,0,4
31872,00:40:36,114.129601,22.551399,0,12
31872,00:41:06,114.129303,22.5506,0,0
31872,00:42:06,114.1269,22.548,0,20
31872,00:44:36,114.1259,22.544201,0,17
31872,00:45:06,114.124298,22.5415,0,28
31872,00:46:06,114.119797,22.541201,0,19
31872,00:46:36,114.119202,22.540501,0,0
31872,00:47:06,114.118599,22.5401,0,8
31872,00:47:12,114.118599,22.5401,0,0
31872,00:47:19,114.118599,22.5401,0,3
31872,00:47:37,114.118599,22.5401,0,0
31872,00:48:07,114.118599,22.5401,0,0
31872,00:48:19,114.118599,22.5401,0,0
31872,00:48:25,114.118599,22.5401,0,17
31872,00:48:37,114.114899,22.538799,0,0
31872,00:49:37,114.113701,22.5408,0,10
31872,00:50:07,114.113602,22.541,0,0
31872,00:51:37,114.113602,22.541,0,0
31872,00:52:07,114.113602,22.541,0,0
31872,00:52:37,114.113899,22.541,0,13
31872,00:53:07,114.1147,22.540899,0,0
31872,00:54:37,114.113503,22.5383,0,31
31872,00:55:07,114.1082,22.537399,0,38
31872,00:55:37,114.1036,22.5382,0,26
31872,00:56:07,114.098099,22.538099,0,42
31872,00:56:37,114.091202,22.5382,0,46
31872,00:57:37,114.0793,22.5357,0,28
31872,00:58:07,114.076599,22.532,0,34
31872,00:59:07,114.0653,22.5319,0,32
31872,00:59:37,114.062202,22.5327,0,19
31872,01:00:07,114.063103,22.529499,0,41
31872,01:00:37,114.063103,22.5264,0,0
31872,01:02:37,114.063004,22.5194,0,10
31872,01:04:07,114.065002,22.518999,0,19
31872,01:04:37,114.067299,22.5194,0,0
31872,01:06:38,114.064102,22.519199,0,10
31872,01:07:08,114.066002,22.519199,0,12
31872,01:07:38,114.067299,22.5193,0,0
31872,01:09:08,114.062698,22.519699,0,24
31872,01:09:38,114.061203,22.521,0,0
31872,01:11:08,114.058998,22.5201,0,4
31872,01:12:08,114.058899,22.5205,0,4
31872,01:13:08,114.058899,22.5226,0,2
31872,01:14:38,114.056999,22.5236,0,3
31872,01:15:08,114.056801,22.5229,0,0
31872,01:15:38,114.056801,22.5229,0,0
31872,01:16:38,114.056801,22.5229,0,0
31872,01:17:08,114.057297,22.523701,0,10
31872,01:17:26,114.057899,22.523701,0,8
31872,01:17:39,114.058502,22.523701,0,5
31872,01:18:09,114.0588,22.522699,0,7
31872,01:20:08,114.058998,22.5207,0,2
31872,01:20:38,114.059799,22.520399,0,27
31872,01:21:08,114.060799,22.520901,0,0
31872,01:21:38,114.062798,22.5231,0,34
31872,01:23:08,114.067703,22.530199,0,16
31872,01:23:38,114.067497,22.527901,0,20
31872,01:24:08,114.065598,22.5243,0,22
31872,01:24:38,114.066299,22.5226,0,21
31872,01:25:08,114.068001,22.521299,0,13
31872,01:26:08,114.068199,22.521799,0,0
31872,01:26:38,114.067299,22.522301,0,26
31872,01:27:38,114.068398,22.5236,0,15
31872,01:28:08,114.067001,22.525499,0,24
31872,01:29:09,114.069397,22.532301,0,19
31872,01:29:39,114.0653,22.5319,0,31
31872,01:30:09,114.0597,22.5319,0,32
31872,01:30:39,114.058197,22.534,0,24
31872,01:31:09,114.057899,22.5347,0,24
31872,01:31:39,114.058701,22.529699,0,37
31872,01:32:09,114.058998,22.5284,0,0
31872,01:33:09,114.058701,22.5278,0,5
31872,01:34:09,114.056999,22.527599,0,0
31872,01:34:39,114.058197,22.527599,0,0
31872,01:35:09,114.058296,22.5277,0,0
31872,01:35:39,114.058296,22.5277,0,0
31872,01:36:09,114.058998,22.528999,0,31
31872,01:36:39,114.059799,22.531401,0,30
31872,01:37:39,114.0681,22.529301,0,20
31872,01:38:09,114.066101,22.525299,0,33
31872,01:38:40,114.066299,22.5226,0,24
31872,01:39:10,114.067802,22.520901,0,8
31872,01:39:40,114.0681,22.521799,0,0
31872,01:40:10,114.065804,22.5228,0,18
31872,01:41:40,114.067398,22.526501,0,35
31872,01:42:40,114.0681,22.532,0,27
31872,01:43:40,114.060402,22.5326,0,23
31872,01:44:10,114.059502,22.5338,0,5
31872,01:45:10,114.057899,22.535999,0,28
31872,01:46:10,114.053001,22.5375,0,17
31872,01:46:40,114.051697,22.537201,0,0
31872,01:47:10,114.0495,22.5361,0,19
31872,01:48:10,114.047798,22.537701,0,3
31872,01:48:40,114.047897,22.537901,0,0
31872,01:49:40,114.047897,22.537901,0,0
31872,01:50:10,114.047897,22.537901,0,0
31872,01:50:40,114.047699,22.5392,0,11
31872,01:53:11,114.044403,22.551001,0,22
31872,01:53:41,114.044197,22.556,0,31
31872,01:54:11,114.042801,22.5588,0,35
31872,01:54:41,114.040199,22.5634,0,29
31872,01:55:11,114.040199,22.5637,0,24
31872,01:56:11,114.028297,22.5616,0,42
31872,01:57:11,114.015503,22.560301,0,43
31872,01:57:41,114.009399,22.5585,0,43
31872,01:58:11,114.0037,22.556101,0,41
31872,01:59:11,113.990501,22.5585,0,46
31872,02:01:11,113.963097,22.5571,0,44
31872,02:02:41,113.952904,22.5632,0,40
31872,02:03:41,113.949997,22.5711,0,0
31872,02:04:41,113.945702,22.571501,0,38
31872,02:05:41,113.943497,22.5749,0,0
31872,02:06:41,113.943497,22.577999,0,0
31872,02:07:41,113.943298,22.5833,0,0
31872,02:08:11,113.943298,22.5833,0,0
31872,02:08:41,113.943298,22.5839,0,24
31872,02:09:41,113.941803,22.5888,0,17
31872,02:10:11,113.941002,22.589701,0,11
31872,02:10:41,113.941399,22.590799,0,0
31872,02:11:41,113.941399,22.590799,0,0
31872,02:12:42,113.941399,22.5891,0,15
31872,02:13:12,113.9431,22.5884,0,8
31872,02:14:12,113.945702,22.587099,0,0
31872,02:14:42,113.948402,22.5872,0,28
31872,02:15:42,113.949699,22.583401,0,20
31872,02:17:42,113.946198,22.5749,0,0
31872,02:18:42,113.946602,22.576099,0,21
31872,02:19:12,113.947701,22.576401,0,13
31872,02:20:12,113.949799,22.5718,0,0
31872,02:21:42,113.959999,22.5704,0,0
31872,02:22:12,113.959999,22.5704,0,0
31872,02:23:12,113.9645,22.569401,0,33
31872,02:23:42,113.968803,22.5674,0,35
31872,02:25:13,113.977699,22.562099,0,24
31872,02:25:43,113.980103,22.5613,0,28
31872,02:26:13,113.9832,22.558599,0,36
31872,02:26:43,113.982697,22.5541,0,10
31872,02:26:58,113.982002,22.552799,0,0
31872,02:27:43,113.981598,22.548599,0,30
31872,02:28:13,113.981796,22.546,0,26
31872,02:29:13,113.986801,22.5415,0,22
31872,02:29:43,113.989304,22.541599,0,16
31872,02:30:13,113.991402,22.5418,0,0
31872,02:30:43,113.992104,22.538601,0,38
31872,02:31:13,113.991302,22.5357,0,27
31872,02:32:13,113.980202,22.536501,0,45
31872,02:33:13,113.971497,22.5392,0,9
31872,02:33:43,113.967499,22.5408,0,28
31872,02:34:13,113.963898,22.5424,0,21
31872,02:34:43,113.963898,22.5438,0,10
31872,02:35:13,113.963898,22.546101,0,19
31872,02:35:43,113.963699,22.547001,0,0
31872,02:36:13,113.9636,22.547199,0,0
31872,02:36:44,113.963898,22.546101,0,10
31872,02:37:14,113.964104,22.5448,0,6
31872,02:37:44,113.963799,22.5438,0,0
31872,02:38:14,113.963203,22.5424,0,16
31872,02:38:44,113.960197,22.5432,0,2
31872,02:39:14,113.961403,22.542601,0,25
31872,02:39:44,113.961899,22.5401,0,25
31872,02:40:14,113.961899,22.5385,0,0
31872,02:40:44,113.961998,22.537399,0,20
31872,02:41:14,113.962196,22.535101,0,14
31872,02:41:44,113.962097,22.5347,0,7
31872,02:42:14,113.962402,22.533501,0,6
31872,02:42:44,113.965302,22.532499,0,8
31872,02:43:14,113.967499,22.5317,0,34
31872,02:43:44,113.972801,22.5298,0,36
31872,02:44:44,113.984001,22.5292,0,33
31872,02:45:14,113.987297,22.5298,0,0
31872,02:45:44,113.987701,22.5282,0,6
31872,02:46:14,113.987602,22.5291,0,16
31872,02:46:44,113.987503,22.5296,0,0
31872,02:47:14,113.987503,22.5296,0,0
31872,02:47:44,113.987503,22.5296,0,0
31872,02:48:14,113.987503,22.5296,0,0
31872,02:48:45,113.987503,22.5296,0,0
31872,02:50:15,113.988297,22.5299,0,20
31872,02:50:45,113.9925,22.5308,0,27
31872,02:51:15,113.993797,22.527901,0,32
31872,02:51:45,113.992798,22.5254,0,23
31872,02:52:15,113.995598,22.5282,0,33
31872,02:52:45,114.001198,22.530001,0,43
31872,02:53:15,114.007896,22.529499,0,41
31872,02:54:45,114.017197,22.528999,0,0
31872,02:55:15,114.017998,22.5277,0,21
31872,02:55:45,114.021103,22.5254,0,25
31872,02:56:15,114.0233,22.524799,0,15
31872,02:57:45,114.024498,22.526899,0,0
31872,02:58:15,114.024498,22.526899,0,0
31872,02:59:45,114.026703,22.5271,0,12
31872,03:00:15,114.027901,22.5268,0,14
31872,03:01:16,114.031898,22.526501,0,22
31872,03:01:46,114.031097,22.523899,0,5
31872,03:02:16,114.031799,22.524799,0,26
31872,03:02:46,114.032501,22.5259,0,0
31872,03:03:16,114.032501,22.5259,0,0
31872,03:04:16,114.033897,22.528999,0,23
31872,03:04:46,114.037201,22.530399,0,36
31872,03:05:16,114.043701,22.531099,0,44
31872,03:05:46,114.050301,22.5313,0,42
31872,03:06:16,114.055603,22.531401,0,36
31872,03:06:46,114.058502,22.5298,0,27
31872,03:07:16,114.059097,22.528099,0,0
31872,03:07:46,114.058701,22.527599,0,2
31872,03:08:16,114.056999,22.527599,0,3
31872,03:09:46,114.058998,22.528799,0,29
31872,03:10:46,114.059502,22.533701,0,4
31872,03:11:16,114.059601,22.533701,0,0
31872,03:11:46,114.059601,22.533701,0,0
31872,03:12:16,114.059402,22.533899,0,19
31872,03:12:47,114.058098,22.5354,0,10
31872,03:13:17,114.057999,22.532,0,29
31872,03:13:47,114.062302,22.531401,0,36
31872,03:14:47,114.075401,22.531799,0,42
31872,03:15:17,114.079201,22.535,0,37
31872,03:15:47,114.084099,22.5373,0,45
31872,03:16:47,114.097298,22.538099,0,44
31872,03:17:17,114.103699,22.538,0,40
31872,03:17:47,114.108902,22.5375,0,36
31872,03:18:17,114.113701,22.5383,0,23
31872,03:18:47,114.116798,22.5392,0,8
31872,03:19:17,114.118698,22.5401,0,15
31872,03:20:17,114.121399,22.5436,0,14
31872,03:21:17,114.1222,22.5453,0,0
31872,03:21:47,114.1222,22.545401,0,12
31872,03:22:17,114.123199,22.547701,0,30
31872,03:22:47,114.125999,22.549,0,13
31872,03:23:17,114.125999,22.5492,0,0
31872,03:24:17,114.125801,22.5525,0,0
31872,03:24:47,114.125504,22.5532,0,23
31872,03:25:17,114.122101,22.5567,0,40
31872,03:25:47,114.119301,22.5592,0,28
31872,03:26:47,114.1119,22.562201,0,34
31872,03:27:17,114.112602,22.5674,0,41
31872,03:28:17,114.114098,22.574699,0,10
31872,03:28:39,114.114304,22.5765,0,0
31872,03:28:47,114.114304,22.5765,0,20
31872,03:28:49,114.114304,22.5765,0,20
31872,03:29:19,114.111298,22.5767,0,30
31872,03:29:49,114.107201,22.5755,0,15
31872,03:30:19,114.106003,22.5779,0,0
31872,03:30:48,114.104897,22.5786,0,25
31872,03:31:18,114.104103,22.5812,0,0
31872,03:31:48,114.1026,22.581499,0,24
31872,03:32:18,114.101898,22.5819,0,0
31872,03:32:48,114.101898,22.5819,0,0
31872,03:33:18,114.101898,22.5819,0,0
31872,03:33:48,114.101898,22.5819,0,0
31872,03:35:18,114.101898,22.5819,0,0
31872,03:36:48,114.101898,22.5821,0,0
31872,03:37:18,114.101898,22.5821,0,0
31872,03:37:48,114.101898,22.5821,0,0
31872,03:38:18,114.101898,22.5821,0,0
31872,03:38:48,114.101898,22.5821,0,0
31872,03:39:48,114.101898,22.5821,0,0
31872,03:40:18,114.101898,22.5821,0,0
31872,03:41:48,114.101898,22.5821,0,0
31872,03:42:18,114.101898,22.5821,0,0
31872,03:43:18,114.101898,22.5821,0,0
31872,03:44:18,114.101898,22.5821,0,0
31872,03:45:18,114.101898,22.5821,0,0
31872,03:46:48,114.101898,22.5821,0,0
31872,03:47:18,114.101898,22.5821,0,0
31872,03:47:48,114.101898,22.5821,0,0
31872,03:48:18,114.101898,22.5821,0,0
31872,03:48:23,114.101898,22.5821,0,0
31872,03:49:53,114.101898,22.5821,0,0
31872,03:50:23,114.101898,22.5821,0,0
31872,03:50:54,114.101898,22.5821,0,0
31872,03:51:54,114.101898,22.5821,0,0
31872,03:52:24,114.101898,22.5821,0,0
31872,03:52:54,114.101898,22.5821,0,0
31872,03:53:24,114.101898,22.5821,0,0
31872,03:53:54,114.101898,22.5821,0,0
31872,03:54:24,114.101898,22.5821,0,0
31872,03:55:54,114.101898,22.5821,0,0
31872,03:57:24,114.101898,22.5821,0,0
31872,03:57:54,114.101898,22.5821,0,0
31872,03:58:24,114.101898,22.5821,0,0
31872,03:58:54,114.101898,22.5821,0,0
31872,03:59:24,114.101898,22.5821,0,0
31872,03:59:54,114.101898,22.5821,0,0
31872,04:00:54,114.101898,22.5821,0,0
31872,04:01:24,114.101898,22.5821,0,0
31872,04:01:54,114.101898,22.5821,0,0
31872,04:02:24,114.101898,22.5821,0,0
31872,04:03:24,114.101898,22.5821,0,0
31872,04:05:24,114.101898,22.5821,0,0
31872,04:05:54,114.101898,22.5821,0,0
31872,04:06:24,114.101898,22.5821,0,0
31872,04:06:54,114.101898,22.5821,0,0
31872,04:07:24,114.101898,22.5821,0,0
31872,04:07:54,114.101898,22.5821,0,0
31872,04:08:24,114.101898,22.5821,0,0
31872,04:08:54,114.101898,22.5821,0,0
31872,04:09:54,114.101898,22.5821,0,0
31872,04:11:24,114.101898,22.5821,0,0
31872,04:12:24,114.101898,22.5821,0,0
31872,04:13:24,114.101898,22.5821,0,0
31872,04:13:54,114.101898,22.5821,0,0
31872,04:14:24,114.101898,22.5821,0,0
31872,04:14:54,114.101898,22.5821,0,0
31872,04:15:24,114.101898,22.5821,0,0
31872,04:15:54,114.101898,22.5821,0,0
31872,04:17:54,114.101898,22.5821,0,0
31872,04:18:24,114.101898,22.5821,0,0
31872,04:19:24,114.101898,22.5821,0,0
31872,04:19:54,114.101898,22.5821,0,0
31872,04:20:24,114.101898,22.5821,0,0
31872,04:20:54,114.101898,22.5821,0,0
31872,04:21:54,114.101898,22.5821,0,0
31872,04:22:24,114.101402,22.582399,0,0
31872,04:23:24,114.101402,22.582399,0,0
31872,04:23:54,114.101402,22.582399,0,0
31872,04:24:24,114.101402,22.582399,0,0
31872,04:24:54,114.101402,22.582399,0,0
31872,04:25:24,114.101402,22.582399,0,0
31872,04:26:24,114.101402,22.582399,0,0
31872,04:27:25,114.101402,22.582399,0,0
31872,04:28:55,114.101402,22.582399,0,0
31872,04:29:25,114.101402,22.582399,0,0
31872,04:30:25,114.101402,22.582399,0,0
31872,04:31:06,114.101402,22.582399,0,0
31872,04:32:06,114.101402,22.582399,0,0
31872,04:32:36,114.101601,22.582399,0,0
31872,04:33:06,114.101601,22.582399,0,0
31872,04:33:36,114.101601,22.582399,0,0
31872,04:35:36,114.101601,22.582399,0,0
31872,04:36:06,114.101601,22.582399,0,0
31872,04:37:06,114.101601,22.582399,0,0
31872,04:38:36,114.101601,22.582399,0,0
31872,04:39:36,114.101601,22.582399,0,0
31872,04:40:06,114.101601,22.582399,0,0
31872,04:41:36,114.101601,22.582399,0,0
31872,04:42:36,114.1017,22.5823,0,0
31872,04:43:06,114.1017,22.5823,0,0
31872,04:44:06,114.1017,22.5823,0,0
31872,04:44:36,114.1017,22.5823,0,0
31872,04:45:36,114.1017,22.5823,0,0
31872,04:46:06,114.1017,22.5823,0,0
31872,04:46:36,114.1017,22.5823,0,0
31872,04:47:07,114.1017,22.5823,0,0
31872,04:47:37,114.1017,22.5823,0,0
31872,04:48:07,114.1017,22.5823,0,0
31872,04:48:37,114.1017,22.5823,0,0
31872,04:49:37,114.1017,22.5823,0,0
31872,04:50:07,114.1017,22.5823,0,0
31872,04:52:07,114.1017,22.5823,0,0
31872,04:52:37,114.1017,22.5823,0,0
31872,04:52:53,114.1017,22.5823,0,0
31872,04:53:53,114.101501,22.583,0,6
31872,04:54:23,114.101196,22.5856,0,21
31872,04:55:53,114.100403,22.58,0,29
31872,04:56:53,114.0989,22.576799,0,28
31872,04:57:23,114.0989,22.572901,0,26
31872,04:57:53,114.098503,22.569599,0,17
31872,04:58:53,114.105003,22.5734,0,30
31872,05:00:23,114.120201,22.576599,0,34
31872,05:00:53,114.126099,22.577,0,37
31872,05:01:23,114.129501,22.577101,0,5
31872,05:01:38,114.129601,22.577101,0,0
31872,05:02:08,114.129601,22.577101,0,0
31872,05:02:38,114.129601,22.577101,0,0
31872,05:03:08,114.129601,22.577101,0,0
31872,05:04:06,114.129601,22.577101,0,0
31872,05:04:36,114.129601,22.577101,0,0
31872,05:05:37,114.129601,22.577101,0,0
31872,05:06:37,114.129601,22.577101,0,0
31872,05:07:07,114.129601,22.577101,0,0
31872,05:08:07,114.129601,22.5774,0,0
31872,05:08:37,114.129601,22.5774,0,0
31872,05:10:07,114.131104,22.577499,0,24
31872,05:11:07,114.138603,22.5751,0,21
31872,05:11:37,114.140099,22.5776,0,23
31872,05:13:07,114.146599,22.5877,0,36
31872,05:13:37,114.150398,22.5902,0,31
31872,05:14:07,114.1521,22.5944,0,34
31872,05:14:37,114.155502,22.596901,0,35
31872,05:15:07,114.159302,22.6007,0,39
31872,05:15:37,114.160896,22.6043,0,19
31872,05:16:07,114.162804,22.6059,0,11
31872,05:16:37,114.165497,22.6052,0,20
31872,05:17:08,114.168999,22.6059,0,24
31872,05:17:38,114.170197,22.6045,0,16
31872,05:18:08,114.169899,22.6031,0,7
31872,05:18:38,114.169403,22.600599,0,14
31872,05:19:08,114.169197,22.5991,0,10
31872,05:19:38,114.169502,22.5986,0,0
31872,05:20:08,114.169502,22.5986,0,0
31872,05:21:08,114.169502,22.5986,0,0
31872,05:21:38,114.169502,22.5986,0,0
31872,05:22:08,114.169502,22.5986,0,0
31872,05:22:21,114.169502,22.5986,0,0
31872,05:22:51,114.169502,22.5986,0,0
31872,05:23:21,114.169502,22.5986,0,0
31872,05:24:21,114.169502,22.5986,0,0
31872,05:26:21,114.169502,22.5986,0,0
31872,05:26:51,114.169502,22.5986,0,0
31872,05:27:51,114.169502,22.5986,0,0
31872,05:28:21,114.169502,22.5986,0,0
31872,05:29:51,114.169502,22.5986,0,0
31872,05:30:21,114.169502,22.5986,0,0
31872,05:31:21,114.169502,22.5986,0,0
31872,05:31:51,114.169502,22.5986,0,0
31872,05:32:51,114.169502,22.5986,0,0
31872,05:33:51,114.169502,22.5986,0,0
31872,05:34:21,114.169502,22.5986,0,0
31872,05:34:51,114.169502,22.5986,0,0
31872,05:35:21,114.169502,22.5986,0,0
31872,05:36:21,114.169502,22.5986,0,0
31872,05:36:51,114.169502,22.5986,0,0
31872,05:37:21,114.169502,22.5986,0,0
31872,05:37:51,114.169502,22.5986,0,0
31872,05:38:51,114.169502,22.5986,0,0
31872,05:39:22,114.169502,22.5986,0,0
31872,05:39:52,114.169502,22.5986,0,0
31872,05:40:22,114.169502,22.5986,0,0
31872,05:41:52,114.169502,22.5986,0,0
31872,05:42:22,114.169502,22.5986,0,0
31872,05:42:52,114.169502,22.5986,0,0
31872,05:43:22,114.169502,22.5986,0,0
31872,05:43:52,114.169502,22.5986,0,0
31872,05:44:22,114.169502,22.5986,0,0
31872,05:44:52,114.169502,22.5986,0,0
31872,05:45:22,114.169502,22.5986,0,0
31872,05:45:52,114.169502,22.5986,0,0
31872,05:46:22,114.169502,22.5986,0,0
31872,05:46:52,114.169502,22.5986,0,0
31872,05:47:52,114.169502,22.5986,0,0
31872,05:48:52,114.169502,22.5986,0,0
31872,05:50:22,114.169502,22.5986,0,0
31872,05:50:52,114.169502,22.5986,0,0
31872,05:51:22,114.169502,22.5986,0,0
31872,05:51:52,114.169502,22.5986,0,0
31872,05:52:22,114.169502,22.5986,0,0
31872,05:52:52,114.169502,22.5986,0,0
31872,05:53:22,114.169502,22.5986,0,0
31872,05:54:22,114.169502,22.5986,0,0
31872,05:56:22,114.169502,22.5986,0,0
31872,05:56:52,114.169502,22.5986,0,0
31872,05:57:22,114.169502,22.5986,0,0
31872,05:58:22,114.169502,22.5986,0,0
31872,05:59:22,114.169502,22.5986,0,0
31872,05:59:52,114.169502,22.5986,0,0
31872,06:00:52,114.169502,22.5986,0,0
31872,06:01:52,114.169502,22.5986,0,0
31872,06:02:22,114.169502,22.5986,0,0
31872,06:03:23,114.169502,22.5986,0,0
31872,06:04:23,114.169502,22.5986,0,0
31872,06:04:53,114.169502,22.5986,0,0
31872,06:05:23,114.169502,22.5986,0,0
31872,06:06:23,114.169502,22.5986,0,0
31872,06:06:53,114.169502,22.5986,0,0
31872,06:08:53,114.169502,22.5986,0,0
31872,06:09:23,114.169502,22.5986,0,0
31872,06:09:53,114.169502,22.5986,0,0
31872,06:10:53,114.169502,22.5986,0,0
31872,06:12:23,114.169502,22.5986,0,0
31872,06:12:53,114.169502,22.5986,0,0
31872,06:13:23,114.169502,22.5986,0,0
31872,06:15:23,114.169502,22.5986,0,0
31872,06:16:23,114.169502,22.5986,0,0
31872,06:17:53,114.169502,22.5986,0,0
31872,06:18:23,114.169502,22.5986,0,0
31872,06:18:53,114.169502,22.5986,0,0
31872,06:19:23,114.169502,22.5986,0,0
31872,06:19:53,114.169502,22.5986,0,0
31872,06:20:53,114.169502,22.5986,0,0
31872,06:21:23,114.169502,22.5986,0,0
31872,06:21:53,114.169502,22.5986,0,0
31872,06:22:23,114.169502,22.5986,0,0
31872,06:22:53,114.169502,22.5986,0,0
31872,06:23:24,114.169502,22.5986,0,0
31872,06:23:54,114.169502,22.5986,0,0
31872,06:24:54,114.169502,22.5986,0,0
31872,06:25:54,114.169502,22.5986,0,0
31872,06:26:24,114.169502,22.5986,0,0
31872,06:26:54,114.169502,22.5986,0,0
31872,06:27:24,114.169502,22.5986,0,0
31872,06:29:54,114.169502,22.5986,0,0
31872,06:30:24,114.169502,22.5986,0,0
31872,06:30:54,114.169502,22.5986,0,0
31872,06:31:22,114.169502,22.5986,0,0
31872,06:32:22,114.169502,22.5986,0,0
31872,06:32:52,114.169502,22.5986,0,0
31872,06:33:22,114.169502,22.5986,0,0
31872,06:33:52,114.169502,22.5986,0,0
31872,06:34:22,114.1689,22.5989,0,10
31872,06:35:22,114.1698,22.6026,0,22
31872,06:36:22,114.169701,22.6059,0,22
31872,06:36:52,114.166702,22.6056,0,16
31872,06:37:22,114.164299,22.6052,0,16
31872,06:37:52,114.162697,22.6059,0,7
31872,06:38:52,114.160301,22.6021,0,25
31872,06:39:22,114.157997,22.599001,0,28
31872,06:39:52,114.154602,22.5968,0,28
31872,06:40:22,114.152,22.594601,0,24
31872,06:41:23,114.149101,22.5888,0,29
31872,06:41:53,114.145699,22.586201,0,27
31872,06:42:23,114.142601,22.584101,0,27
31872,06:42:53,114.141098,22.581499,0,17
31872,06:44:23,114.137703,22.580299,0,0
31872,06:44:53,114.137604,22.580601,0,0
31872,06:45:23,114.135803,22.5793,0,12
31872,06:45:53,114.133598,22.579399,0,10
31872,06:46:23,114.132797,22.579599,0,0
31872,06:47:53,114.130997,22.5795,0,0
31872,06:48:23,114.128098,22.579599,0,14
31872,06:48:53,114.124802,22.579399,0,21
31872,06:49:23,114.124199,22.5793,0,0
31872,06:50:23,114.124199,22.5793,0,0
31872,06:50:53,114.124199,22.5793,0,0
31872,06:51:23,114.124199,22.5793,0,0
31872,06:51:53,114.124199,22.5793,0,0
31872,06:52:23,114.124199,22.5793,0,0
31872,06:52:53,114.124199,22.5793,0,0
31872,06:53:23,114.124199,22.5793,0,0
31872,06:53:53,114.124199,22.5793,0,0
31872,06:54:53,114.124199,22.5793,0,0
31872,06:55:53,114.124199,22.5793,0,0
31872,06:56:23,114.124199,22.5793,0,0
31872,06:56:53,114.124199,22.5793,0,0
31872,06:57:23,114.124199,22.5793,0,0
31872,06:57:53,114.124199,22.5793,0,0
31872,06:58:23,114.124199,22.5793,0,0
31872,06:58:53,114.124199,22.5793,0,0
31872,06:59:53,114.124199,22.5793,0,0
31872,07:00:23,114.124199,22.5793,0,0
31872,07:00:53,114.124199,22.5793,0,0
31872,07:01:23,114.124199,22.5793,0,0
31872,07:01:53,114.124199,22.5793,0,0
31872,07:02:23,114.124199,22.5793,0,0
31872,07:03:23,114.124199,22.5793,0,0
31872,07:03:53,114.124199,22.5793,0,0
31872,07:04:23,114.123802,22.5793,0,7
31872,07:06:53,114.122101,22.5769,0,0
31872,07:07:24,114.122101,22.5769,0,0
31872,07:07:54,114.121101,22.5769,0,21
31872,07:08:24,114.117302,22.576799,0,24
31872,07:08:54,114.116096,22.577499,0,15
31872,07:09:24,114.117798,22.573799,0,35
31872,07:09:54,114.117599,22.569401,0,27
31872,07:11:54,114.1157,22.562799,0,9
31872,07:12:24,114.116096,22.5609,0,10
31872,07:12:54,114.117699,22.560101,0,1
31872,07:13:24,114.117599,22.5604,0,2
31872,07:13:54,114.118301,22.5611,0,6
31872,07:16:24,114.124397,22.555,0,0
31872,07:16:54,114.125702,22.5539,0,0
31872,07:17:24,114.126099,22.553801,0,0
31872,07:17:54,114.126297,22.551399,0,21
31872,07:18:54,114.125801,22.5485,0,22
31872,07:19:24,114.122498,22.5473,0,37
31872,07:20:24,114.1175,22.5464,0,0
31872,07:20:54,114.1175,22.5464,0,0
31872,07:21:25,114.114799,22.546,0,37
31872,07:21:55,114.109497,22.5453,0,37
31872,07:22:25,114.104401,22.5443,0,30
31872,07:22:55,114.100403,22.543501,0,23
31872,07:23:25,114.1017,22.543699,0,15
31872,07:24:25,114.102203,22.542,0,0
31872,07:24:55,114.1017,22.5427,0,12
31872,07:25:25,114.103699,22.5432,0,10
31872,07:25:55,114.105499,22.542299,0,7
31872,07:26:55,114.1054,22.5411,0,16
31872,07:27:25,114.1064,22.541201,0,0
31872,07:28:25,114.1064,22.541201,0,0
31872,07:28:55,114.1082,22.5415,0,2
31872,07:29:55,114.1082,22.5415,0,0
31872,07:30:25,114.1082,22.5415,0,0
31872,07:30:55,114.1082,22.5415,0,0
31872,07:31:26,114.1082,22.5415,0,0
31872,07:31:56,114.1082,22.5415,0,0
31872,07:32:56,114.1082,22.5415,0,0
31872,07:33:26,114.1082,22.5415,0,0
31872,07:33:56,114.1082,22.5415,0,0
31872,07:34:26,114.1082,22.5415,0,0
31872,07:36:26,114.109802,22.5415,0,0
31872,07:36:56,114.109802,22.5415,0,0
31872,07:37:26,114.110603,22.5399,0,19
31872,07:37:56,114.110802,22.5383,0,3
31872,07:38:56,114.104797,22.5378,0,31
31872,07:39:26,114.099602,22.5382,0,38
31872,07:39:56,114.093597,22.538099,0,41
31872,07:41:26,114.079201,22.5357,0,24
31872,07:41:56,114.077202,22.5324,0,23
31872,07:43:26,114.068901,22.532,0,9
31872,07:43:56,114.067596,22.532,0,13
31872,07:44:26,114.068199,22.531799,0,26
31872,07:44:56,114.0681,22.527599,0,22
31872,07:45:56,114.0606,22.518,0,40
31872,07:46:26,114.058098,22.5165,0,0
31872,07:46:56,114.054497,22.514601,0,44
31872,07:47:26,114.047401,22.513201,0,51
31872,07:47:56,114.039497,22.5145,0,55
31872,07:50:57,114.004601,22.5436,0,45
31872,07:51:27,113.997597,22.5457,0,54
31872,07:52:27,113.982201,22.5525,0,53
31872,07:52:57,113.975601,22.557501,0,60
31872,07:53:27,113.967201,22.5609,0,58
31872,07:54:27,113.951401,22.564199,0,50
31872,07:54:57,113.943604,22.565001,0,53
31872,07:56:27,113.922096,22.57,0,34
31872,07:57:27,113.918602,22.5735,0,20
31872,07:58:27,113.910896,22.5809,0,52
31872,07:59:27,113.900703,22.591801,0,49
31872,08:00:27,113.889198,22.601,0,48
31872,08:01:28,113.879898,22.6115,0,42
31872,08:02:28,113.872398,22.6192,0,43
31872,08:02:58,113.866402,22.622101,0,50
31872,08:03:28,113.860001,22.6245,0,38
31872,08:04:58,113.850098,22.6273,0,0
31872,08:05:58,113.850304,22.627001,0,8
31872,08:06:58,113.8424,22.6215,0,44
31872,08:07:28,113.836304,22.620001,0,46
31872,08:07:58,113.829597,22.617201,0,46
31872,08:08:28,113.823997,22.6145,0,38
31872,08:09:28,113.816002,22.614599,0,38
31872,08:10:28,113.812897,22.624201,0,34
31872,08:11:28,113.809097,22.6273,0,0
31872,08:11:58,113.809097,22.6273,0,0
31872,08:12:28,113.808296,22.626499,0,18
31872,08:13:33,113.808098,22.6213,0,32
31872,08:14:03,113.810402,22.6171,0,35
31872,08:14:33,113.812798,22.6127,0,33
31872,08:15:03,113.815903,22.6101,0,30
31872,08:15:33,113.819397,22.6117,0,32
31872,08:16:03,113.8237,22.614201,0,35
31872,08:16:33,113.828796,22.6166,0,38
31872,08:17:33,113.839203,22.6206,0,41
31872,08:18:03,113.844597,22.621901,0,30
31872,08:18:33,113.8479,22.6224,0,18
31872,08:19:34,113.850304,22.619801,0,15
31872,08:21:04,113.853897,22.619699,0,0
31872,08:21:34,113.853897,22.619699,0,0
31872,08:22:04,113.853897,22.619699,0,0
31872,08:22:34,113.853996,22.619801,0,0
31872,08:23:04,113.854401,22.6201,0,0
31872,08:23:34,113.854401,22.6201,0,0
31872,08:24:04,113.854401,22.6201,0,0
31872,08:24:34,113.855301,22.6196,0,24
31872,08:25:04,113.855904,22.6178,0,0
31872,08:25:34,113.856201,22.616899,0,3
31872,08:26:04,113.856201,22.616899,0,0
31872,08:26:34,113.856201,22.616899,0,0
31872,08:27:04,113.856201,22.616899,0,0
31872,08:27:34,113.856201,22.616899,0,0
31872,08:28:04,113.856201,22.616899,0,0
31872,08:28:34,113.856201,22.616899,0,0
31872,08:29:04,113.856201,22.616899,0,0
31872,08:29:34,113.856201,22.616899,0,0
31872,08:30:04,113.856903,22.614901,0,34
31872,08:30:34,113.859596,22.611601,0,29
31872,08:31:04,113.861702,22.609501,0,20
31872,08:31:34,113.864601,22.606501,0,35
31872,08:32:04,113.866997,22.6042,0,31
31872,08:33:34,113.872597,22.5986,0,3
31872,08:34:04,113.873596,22.597601,0,15
31872,08:34:34,113.876198,22.594999,0,25
31872,08:35:34,113.878197,22.593,0,0
31872,08:36:04,113.878197,22.593,0,0
31872,08:36:34,113.878502,22.592699,0,10
31872,08:37:04,113.881302,22.592899,0,30
31872,08:37:34,113.886597,22.5931,0,39
31872,08:38:04,113.892197,22.5935,0,30
31872,08:39:04,113.896698,22.5944,0,29
31872,08:42:04,113.920502,22.571301,0,27
31872,08:42:34,113.9226,22.568399,0,32
31872,08:43:35,113.925797,22.566,0,0
31872,08:46:35,113.927803,22.564301,0,0
31872,08:47:05,113.927803,22.564301,0,1
31872,08:47:35,113.928703,22.564199,0,1
31872,08:48:35,113.9291,22.5599,0,14
31872,08:49:05,113.928703,22.556499,0,29
31872,08:49:35,113.928596,22.5534,0,25
31872,08:50:05,113.928596,22.551001,0,3
31872,08:52:05,113.927002,22.545601,0,24
31872,08:52:35,113.924599,22.5431,0,14
31872,08:53:05,113.923401,22.5431,0,8
31872,08:53:35,113.923302,22.543301,0,0
31872,08:54:05,113.923302,22.543301,0,0
31872,08:54:35,113.923302,22.5443,0,2
31872,08:55:05,113.922401,22.5452,0,15
31872,08:55:36,113.922501,22.5457,0,0
31872,08:57:06,113.922997,22.549,0,0
31872,08:57:36,113.925598,22.5492,0,24
31872,08:58:06,113.927803,22.5494,0,13
31872,08:58:36,113.928299,22.5488,0,9
31872,08:59:06,113.927399,22.5467,0,16
31872,08:59:36,113.926399,22.5446,0,15
31872,09:01:06,113.927902,22.545799,0,10
31872,09:01:36,113.929604,22.545799,0,11
31872,09:02:06,113.930496,22.546,0,0
31872,09:02:36,113.9319,22.5457,0,20
31872,09:04:06,113.937302,22.546101,0,8
31872,09:05:06,113.941101,22.5462,0,7
31872,09:05:36,113.942596,22.546301,0,7
31872,09:06:06,113.943703,22.546,0,8
31872,09:06:36,113.943802,22.5455,0,0
31872,09:07:06,113.943802,22.5455,0,0
31872,09:07:36,113.943703,22.5455,0,8
31872,09:08:06,113.943802,22.5462,0,5
31872,09:08:36,113.944099,22.5462,0,0
31872,09:09:37,113.944702,22.5438,0,0
31872,09:10:07,113.944702,22.5438,0,0
31872,09:10:37,113.944702,22.5438,0,0
31872,09:11:07,113.944801,22.543501,0,11
31872,09:11:13,113.944801,22.543301,0,0
31872,09:11:37,113.944801,22.543301,0,0
31872,09:11:45,113.944801,22.543301,0,30
31872,09:12:08,113.944801,22.543301,0,0
31872,09:12:21,113.944801,22.543301,0,11
31872,09:12:22,113.944801,22.543301,0,0
31872,09:13:08,113.944801,22.543301,0,0
31872,09:13:17,113.944801,22.543301,0,10
31872,09:13:37,113.944801,22.543301,0,0
31872,09:14:07,113.944801,22.543301,0,0
31872,09:14:37,113.944801,22.543301,0,0
31872,09:15:07,113.945,22.541901,0,9
31872,09:15:53,113.947502,22.542999,0,9
31872,09:16:23,113.949203,22.5431,0,16
31872,09:18:30,113.9589,22.543301,0,0
31872,09:19:30,113.9589,22.543301,0,0
31872,09:20:00,113.959999,22.544201,0,18
31872,09:21:00,113.960403,22.5467,0,0
31872,09:21:30,113.960701,22.547001,0,6
31872,09:23:00,113.961998,22.5469,0,3
31872,09:23:30,113.9617,22.5469,0,0
31872,09:24:00,113.9608,22.547001,0,0
31872,09:24:30,113.9608,22.547001,0,0
31872,09:25:00,113.9608,22.547001,0,0
31872,09:25:30,113.960701,22.5492,0,11
31872,09:26:00,113.960701,22.549299,0,0
31872,09:26:30,113.960999,22.551701,0,28
31872,09:27:00,113.961502,22.5546,0,26
31872,09:28:01,113.960701,22.556999,0,19
31872,09:29:01,113.957802,22.556801,0,12
31872,09:29:31,113.956596,22.5567,0,7
31872,09:30:01,113.955002,22.556601,0,13
31872,09:31:01,113.951401,22.556601,0,17
31872,09:31:31,113.949799,22.556499,0,18
31872,09:33:01,113.945,22.5578,0,10
31872,09:33:31,113.945,22.5578,0,0
31872,09:34:01,113.944901,22.5588,0,8
31872,09:34:31,113.946899,22.558901,0,10
31872,09:35:01,113.950203,22.559601,0,24
31872,09:35:31,113.952202,22.559799,0,13
31872,09:36:01,113.952698,22.556999,0,25
31872,09:36:31,113.953598,22.554001,0,20
31872,09:37:31,113.959,22.556101,0,26
31872,09:38:01,113.961403,22.554701,0,23
31872,09:39:01,113.962898,22.551901,0,12
31872,09:39:31,113.9645,22.5518,0,9
31872,09:40:01,113.965599,22.552299,0,6
31872,09:40:31,113.966904,22.552601,0,14
31872,09:41:01,113.9692,22.5527,0,16
31872,09:41:31,113.970901,22.5525,0,9
31872,09:42:32,113.972298,22.549601,0,13
31872,09:43:32,113.973396,22.5462,0,16
31872,09:44:02,113.973503,22.5452,0,0
31872,09:44:32,113.973503,22.5448,0,4
31872,09:45:02,113.973503,22.5443,0,0
31872,09:45:32,113.973396,22.543301,0,15
31872,09:46:02,113.973396,22.5431,0,0
31872,09:46:32,113.973396,22.5431,0,0
31872,09:47:02,113.973396,22.5431,0,0
31872,09:48:02,113.973396,22.5408,0,5
31872,09:48:32,113.9729,22.5406,0,0
31872,09:49:32,113.972504,22.5403,0,5
31872,09:50:02,113.972298,22.5403,0,0
31872,09:50:32,113.972198,22.5403,0,0
31872,09:52:02,113.972198,22.5403,0,0
31872,09:52:32,113.972198,22.5403,0,0
31872,09:53:02,113.972198,22.5403,0,0
31872,09:53:32,113.972198,22.5403,0,0
31872,09:54:02,113.972198,22.5403,0,0
31872,09:54:32,113.971397,22.5396,0,0
31872,09:55:02,113.971397,22.5396,0,0
31872,09:55:32,113.971397,22.5396,0,0
31872,09:56:02,113.971397,22.5396,0,0
31872,09:56:32,113.971397,22.5396,0,0
31872,09:57:02,113.970299,22.5396,0,28
31872,09:57:32,113.965698,22.541401,0,31
31872,09:58:02,113.961998,22.5427,0,22
31872,09:59:02,113.9562,22.5434,0,24
31872,09:59:32,113.951599,22.5434,0,31
31872,10:00:02,113.949303,22.5434,0,0
31872,10:00:32,113.949303,22.5434,0,0
31872,10:01:02,113.949303,22.5434,0,0
31872,10:01:32,113.946503,22.5431,0,34
31872,10:02:32,113.934196,22.5427,0,37
31872,10:03:32,113.927101,22.544201,0,27
31872,10:04:02,113.928001,22.547701,0,27
31872,10:04:32,113.928802,22.551399,0,30
31872,10:05:32,113.929199,22.559799,0,37
31872,10:06:02,113.929199,22.563101,0,18
31872,10:07:02,113.930901,22.566401,0,19
31872,10:08:03,113.925903,22.566999,0,16
31872,10:09:03,113.921501,22.5734,0,30
31872,10:11:03,113.906197,22.585899,0,42
31872,10:11:33,113.902199,22.5902,0,39
31872,10:12:03,113.897202,22.594999,0,53
31872,10:12:33,113.891502,22.5994,0,41
31872,10:13:03,113.887001,22.602699,0,34
31872,10:14:03,113.880096,22.611,0,40
31872,10:14:33,113.8759,22.6164,0,42
31872,10:15:33,113.862,22.6238,0,55
31872,10:16:16,113.855598,22.626301,0,33
31872,10:16:46,113.852097,22.629299,0,37
31872,10:17:16,113.850197,22.6273,0,12
31872,10:17:46,113.850304,22.627199,0,0
31872,10:18:46,113.845901,22.622499,0,42
31872,10:19:16,113.840302,22.621,0,42
31872,10:19:46,113.834,22.6192,0,42
31872,10:20:16,113.8284,22.6166,0,42
31872,10:20:46,113.822899,22.614,0,40
31872,10:21:16,113.818199,22.6122,0,34
31872,10:22:16,113.813103,22.620001,0,38
31872,10:22:46,113.812599,22.6238,0,31
31872,10:23:16,113.811699,22.627899,0,27
31872,10:23:46,113.809196,22.6273,0,0
31872,10:24:17,113.809196,22.6273,0,0
31872,10:24:47,113.809097,22.627199,0,11
31872,10:25:17,113.806801,22.626101,0,26
31872,10:27:17,113.814301,22.6106,0,29
31872,10:27:47,113.818398,22.610201,0,26
31872,10:28:17,113.821404,22.6131,0,34
31872,10:28:47,113.826302,22.6154,0,36
31872,10:29:17,113.831398,22.6178,0,38
31872,10:29:47,113.8367,22.6199,0,36
31872,10:30:47,113.845703,22.622101,0,9
31872,10:31:17,113.8461,22.6222,0,0
31872,10:31:47,113.846298,22.6222,0,0
31872,10:32:17,113.846397,22.622299,0,0
31872,10:32:47,113.846497,22.622299,0,0
31872,10:33:17,113.846497,22.622299,0,0
31872,10:33:47,113.847,22.622499,0,0
31872,10:34:17,113.847099,22.622601,0,3
31872,10:34:47,113.847298,22.6227,0,0
31872,10:35:47,113.848297,22.621901,0,5
31872,10:36:17,113.848602,22.621599,0,4
31872,10:37:17,113.849098,22.621,0,3
31872,10:37:47,113.849403,22.620701,0,0
31872,10:39:17,113.850601,22.617599,0,22
31872,10:40:47,113.854599,22.6203,0,0
31872,10:41:17,113.855003,22.6203,0,16
31872,10:41:47,113.855797,22.6178,0,17
31872,10:42:17,113.856201,22.616899,0,12
31872,10:42:47,113.856499,22.616699,0,0
31872,10:43:17,113.856499,22.616699,0,0
31872,10:43:47,113.856499,22.616699,0,0
31872,10:44:47,113.856499,22.616699,0,0
31872,10:45:17,113.856499,22.616699,0,0
31872,10:46:18,113.856499,22.616699,0,0
31872,10:46:48,113.856499,22.616699,0,0
31872,10:47:18,113.856499,22.616699,0,0
31872,10:47:48,113.856499,22.616699,0,0
31872,10:48:48,113.856499,22.616699,0,0
31872,10:49:18,113.856499,22.616699,0,0
31872,10:49:48,113.856499,22.616699,0,0
31872,10:50:18,113.856499,22.616699,0,0
31872,10:50:48,113.856499,22.616699,0,0
31872,10:51:48,113.856499,22.616699,0,0
31872,10:52:18,113.856499,22.616699,0,0
31872,10:52:48,113.856499,22.616699,0,0
31872,10:53:18,113.856499,22.616699,0,0
31872,10:53:48,113.856499,22.616699,0,0
31872,10:54:18,113.856499,22.616699,0,0
31872,10:54:48,113.856499,22.616699,0,0
31872,10:55:18,113.856499,22.616699,0,0
31872,10:55:48,113.856499,22.616699,0,0
31872,10:56:18,113.856499,22.616699,0,0
31872,10:56:48,113.856499,22.616699,0,0
31872,10:57:18,113.856499,22.616699,0,0
31872,10:58:18,113.856499,22.616699,0,0
31872,10:58:48,113.856499,22.616699,0,0
31872,10:59:18,113.856499,22.616699,0,0
31872,11:00:18,113.856499,22.616699,0,0
31872,11:01:18,113.856499,22.616699,0,0
31872,11:01:48,113.856499,22.616699,0,0
31872,11:02:18,113.856499,22.616699,0,0
31872,11:02:48,113.856499,22.616699,0,0
31872,11:03:18,113.856499,22.616699,0,0
31872,11:03:48,113.856499,22.616699,0,0
31872,11:04:18,113.856499,22.616699,0,0
31872,11:05:18,113.856499,22.616699,0,0
31872,11:05:48,113.856499,22.616699,0,0
31872,11:06:19,113.856499,22.616699,0,0
31872,11:06:49,113.856499,22.616699,0,0
31872,11:07:49,113.856499,22.616699,0,0
31872,11:08:19,113.856499,22.616699,0,0
31872,11:09:19,113.856499,22.616699,0,0
31872,11:09:49,113.8563,22.6166,0,8
31872,11:10:19,113.857002,22.6147,0,18
31872,11:11:19,113.860497,22.6106,0,17
31872,11:11:49,113.863602,22.6075,0,33
31872,11:13:19,113.870003,22.601101,0,29
31872,11:14:19,113.874199,22.5968,0,10
31872,11:14:49,113.873901,22.596001,0,7
31872,11:15:19,113.8741,22.595301,0,12
31872,11:15:49,113.874298,22.5947,0,0
31872,11:16:19,113.874397,22.5945,0,0
31872,11:16:49,113.874298,22.594601,0,3
31872,11:17:19,113.874298,22.594601,0,0
31872,11:17:49,113.874298,22.594601,0,0
31872,11:18:19,113.874199,22.594999,0,11
31872,11:19:19,113.874496,22.596399,0,4
31872,11:20:19,113.877197,22.593901,0,4
31872,11:20:49,113.878304,22.592699,0,9
31872,11:21:19,113.875397,22.590401,0,34
31872,11:22:19,113.872101,22.5874,0,29
31872,11:22:49,113.875603,22.583599,0,37
31872,11:23:49,113.883797,22.5756,0,40
31872,11:24:49,113.891502,22.5683,0,37
31872,11:25:19,113.895103,22.564301,0,35
31872,11:25:49,113.898697,22.5616,0,29
31872,11:26:19,113.902397,22.558701,0,32
31872,11:26:49,113.904701,22.556101,0,15
31872,11:27:19,113.905602,22.553499,0,24
31872,11:27:49,113.906998,22.551399,0,25
31872,11:28:19,113.904999,22.5485,0,34
31872,11:29:49,113.904701,22.5355,0,0
31872,11:30:20,113.904701,22.5355,0,0
31872,11:30:50,113.904701,22.5355,0,0
31872,11:31:20,113.904701,22.532301,0,22
31872,11:31:50,113.904701,22.5319,0,0
31872,11:32:20,113.904701,22.5299,0,33
31872,11:32:50,113.9048,22.526199,0,0
31872,11:33:20,113.9048,22.526199,0,0
31872,11:34:24,113.902496,22.520399,0,33
31872,11:34:54,113.901299,22.519199,0,0
31872,11:35:24,113.901299,22.5191,0,0
31872,11:35:54,113.903099,22.517,0,22
31872,11:36:24,113.902496,22.515499,0,7
31872,11:36:54,113.901703,22.514799,0,3
31872,11:37:24,113.901703,22.514799,0,0
31872,11:38:25,113.902199,22.5151,0,17
31872,11:38:55,113.904297,22.516001,0,7
31872,11:39:25,113.904701,22.5159,0,8
31872,11:39:55,113.906998,22.5149,0,18
31872,11:40:35,113.908997,22.514999,0,15
31872,11:41:05,113.911003,22.5151,0,15
31872,11:42:05,113.913902,22.5117,0,0
31872,11:42:35,113.915703,22.510201,0,20
31872,11:43:05,113.918198,22.508301,0,3
31872,11:44:35,113.918198,22.508301,0,0
31872,11:45:05,113.919502,22.507799,0,23
31872,11:45:35,113.921303,22.507799,0,0
31872,11:46:36,113.926201,22.5079,0,27
31872,11:47:06,113.927002,22.5079,0,0
31872,11:47:36,113.927101,22.507799,0,6
31872,11:48:06,113.930603,22.5079,0,30
31872,11:48:36,113.9328,22.5061,0,29
31872,11:49:06,113.932999,22.5042,0,0
31872,11:49:36,113.932999,22.5042,0,0
31872,11:50:06,113.932899,22.507,0,20
31872,11:50:36,113.932999,22.5077,0,0
31872,11:51:06,113.932899,22.509399,0,30
31872,11:51:36,113.932999,22.513599,0,31
31872,11:52:06,113.934097,22.5166,0,19
31872,11:53:06,113.931999,22.518801,0,13
31872,11:53:36,113.931702,22.518801,0,9
31872,11:54:06,113.932098,22.519899,0,0
31872,11:54:36,113.932098,22.519899,0,0
31872,11:55:06,113.932198,22.520399,0,0
31872,11:55:36,113.932198,22.520399,0,0
31872,11:56:06,113.932503,22.521601,0,5
31872,11:56:36,113.9328,22.5236,0,12
31872,11:57:06,113.934898,22.5243,0,22
31872,11:58:06,113.940903,22.521999,0,23
31872,11:59:06,113.941101,22.527201,0,15
31872,11:59:36,113.941597,22.5271,0,6
31872,12:00:06,113.941597,22.527,0,0
31872,12:00:36,113.941704,22.527201,0,0
31872,12:01:06,113.942398,22.527599,0,0
31872,12:01:36,113.943199,22.526699,0,9
31872,12:02:06,113.944298,22.5259,0,12
31872,12:02:37,113.945,22.525801,0,0
31872,12:03:07,113.945099,22.525801,0,9
31872,12:03:37,113.947304,22.5261,0,13
31872,12:04:07,113.947403,22.527201,0,0
31872,12:05:37,113.9431,22.530199,0,17
31872,12:06:37,113.940903,22.532301,0,0
31872,12:07:07,113.940903,22.5343,0,24
31872,12:07:37,113.940903,22.537001,0,14
31872,12:08:37,113.940804,22.5418,0,16
31872,12:09:37,113.947304,22.5429,0,32
31872,12:11:27,113.948799,22.542999,0,34
31872,12:12:02,113.959099,22.5432,0,0
31872,12:14:29,113.970901,22.5392,0,34
31872,12:17:06,113.970901,22.539499,0,11
31872,12:17:36,113.970703,22.5396,0,0
31872,12:18:06,113.969002,22.5401,0,26
31872,12:18:36,113.962196,22.5427,0,30
31872,12:21:13,113.954102,22.5424,0,32
31872,12:23:21,113.949799,22.5392,0,4
31872,12:23:51,113.945702,22.539301,0,0
31872,12:24:21,113.942902,22.539301,0,7
31872,12:24:51,113.945099,22.539301,0,20
31872,12:27:00,113.951401,22.539801,0,10
31872,12:27:30,113.951599,22.5403,0,0
31872,12:28:00,113.951599,22.5417,0,1
31872,12:29:40,113.949898,22.5418,0,6
31872,12:30:10,113.949203,22.5427,0,0
31872,12:31:10,113.955498,22.543301,0,34
31872,12:32:48,113.959396,22.5432,0,0
31872,12:33:48,113.966698,22.5408,0,36
31872,12:34:18,113.973801,22.538,0,34
31872,12:35:56,113.980904,22.536301,0,23
31872,12:36:26,113.983902,22.5362,0,34
31872,12:36:56,113.992203,22.535,0,36
31872,12:39:05,114.002296,22.5357,0,11
31872,12:40:05,114.013802,22.5376,0,20
31872,12:40:35,114.017601,22.5383,0,15
31872,12:43:13,114.019699,22.5347,0,7
31872,12:43:43,114.019501,22.5331,0,7
31872,12:45:19,114.018997,22.533001,0,0
31872,12:46:19,114.015602,22.5333,0,20
31872,12:48:56,114.0075,22.5347,0,3
31872,12:49:26,114.0075,22.5347,0,0
31872,12:49:56,114.007797,22.5348,0,0
31872,12:51:35,114.007797,22.5348,0,0
31872,12:53:05,114.007797,22.5348,0,0
31872,12:53:13,114.007797,22.5348,0,0
31872,12:54:41,114.007797,22.5348,0,0
31872,12:55:41,114.007797,22.5348,0,0
31872,12:55:42,114.007797,22.5348,0,0
31872,12:56:12,114.007797,22.5348,0,0
31872,12:57:47,114.007797,22.5348,0,0
31872,12:58:47,114.007797,22.5348,0,0
31872,12:59:47,114.007797,22.5348,0,0
31872,13:00:47,114.007797,22.5348,0,0
31872,13:01:17,114.007797,22.5348,0,0
31872,13:02:17,114.007797,22.5348,0,0
31872,13:02:47,114.007797,22.5348,0,0
31872,13:03:47,114.007797,22.5348,0,0
31872,13:04:17,114.007797,22.5348,0,0
31872,13:05:47,114.007797,22.5348,0,0
31872,13:06:17,114.007797,22.5348,0,0
31872,13:06:47,114.007797,22.5348,0,0
31872,13:07:47,114.007797,22.5348,0,0
31872,13:08:47,114.007797,22.5348,0,0
31872,13:09:17,114.007797,22.5348,0,0
31872,13:09:47,114.007797,22.5348,0,0
31872,13:10:47,114.007797,22.5348,0,0
31872,13:11:17,114.007797,22.5348,0,0
31872,13:12:17,114.007797,22.5348,0,0
31872,13:12:47,114.007797,22.5348,0,0
31872,13:13:17,114.007797,22.5348,0,0
31872,13:13:47,114.007797,22.5348,0,0
31872,13:14:17,114.007797,22.5348,0,0
31872,13:14:47,114.007797,22.5348,0,0
31872,13:15:18,114.007797,22.5348,0,0
31872,13:15:48,114.007797,22.5348,0,0
31872,13:16:48,114.007797,22.5348,0,0
31872,13:17:18,114.007797,22.5348,0,0
31872,13:17:48,114.007797,22.5348,0,0
31872,13:18:18,114.007797,22.5348,0,0
31872,13:18:48,114.007797,22.5348,0,0
31872,13:19:18,114.007797,22.5348,0,0
31872,13:20:18,114.007797,22.5348,0,0
31872,13:20:48,114.007797,22.5348,0,0
31872,13:21:18,114.007797,22.5348,0,0
31872,13:21:48,114.007797,22.5348,0,0
31872,13:22:18,114.007797,22.5348,0,0
31872,13:23:48,114.007797,22.5348,0,0
31872,13:24:18,114.007797,22.5348,0,0
31872,13:25:18,114.007797,22.5348,0,0
31872,13:26:18,114.007797,22.5348,0,0
31872,13:27:18,114.007797,22.5348,0,0
31872,13:27:48,114.007797,22.5348,0,0
31872,13:28:48,114.007797,22.5348,0,0
31872,13:29:18,114.007797,22.5348,0,0
31872,13:30:18,114.007797,22.5348,0,0
31872,13:30:48,114.007797,22.5348,0,0
31872,13:31:48,114.007797,22.5348,0,0
31872,13:32:18,114.007797,22.5348,0,0
31872,13:32:48,114.007797,22.5348,0,0
31872,13:33:18,114.007797,22.5348,0,0
31872,13:33:48,114.007797,22.5348,0,0
31872,13:34:18,114.007797,22.5348,0,0
31872,13:34:48,114.007797,22.5348,0,0
31872,13:35:48,114.007797,22.5348,0,0
31872,13:36:48,114.007797,22.5348,0,0
31872,13:38:49,114.007797,22.5348,0,0
31872,13:39:19,114.007797,22.5348,0,0
31872,13:39:49,114.007797,22.5348,0,0
31872,13:40:19,114.007797,22.5348,0,0
31872,13:40:49,114.007797,22.5348,0,0
31872,13:41:19,114.007797,22.5348,0,0
31872,13:41:49,114.007797,22.5348,0,0
31872,13:42:19,114.007797,22.5348,0,0
31872,13:42:49,114.007797,22.5348,0,0
31872,13:43:19,114.007797,22.5348,0,0
31872,13:43:49,114.007797,22.5348,0,0
31872,13:44:19,114.007797,22.5348,0,0
31872,13:44:49,114.007797,22.5348,0,0
31872,13:45:49,114.007797,22.5348,0,0
31872,13:46:19,114.007797,22.5348,0,0
31872,13:46:49,114.007797,22.5348,0,0
31872,13:47:30,114.007797,22.5348,0,0
31872,13:48:00,114.007797,22.5348,0,0
31872,13:49:00,114.007797,22.5348,0,0
31872,13:50:00,114.007797,22.5348,0,0
31872,13:51:00,114.007797,22.5348,0,0
31872,13:51:30,114.007797,22.5348,0,0
31872,13:52:00,114.007797,22.5348,0,0
31872,13:52:30,114.007797,22.5348,0,0
31872,13:53:00,114.007797,22.5348,0,0
31872,13:54:00,114.007797,22.5348,0,0
31872,13:54:30,114.007797,22.5348,0,0
31872,13:55:00,114.007797,22.5348,0,0
31872,13:55:30,114.007797,22.5348,0,0
31872,13:57:00,114.007797,22.5348,0,0
31872,13:57:30,114.007797,22.5348,0,0
31872,13:58:30,114.007797,22.5348,0,0
31872,13:59:00,114.007797,22.5348,0,0
31872,13:59:31,114.007797,22.5348,0,0
31872,14:00:31,114.007797,22.5348,0,0
31872,14:01:31,114.007797,22.5348,0,0
31872,14:02:01,114.007797,22.5348,0,0
31872,14:03:01,114.007797,22.5348,0,0
31872,14:03:31,114.007797,22.5348,0,0
31872,14:04:01,114.007797,22.5348,0,0
31872,14:04:31,114.007797,22.5348,0,0
31872,14:05:31,114.007797,22.5348,0,0
31872,14:06:01,114.007797,22.5348,0,0
31872,14:06:31,114.007797,22.5348,0,0
31872,14:07:01,114.007797,22.5348,0,0
31872,14:07:31,114.007797,22.5348,0,0
31872,14:09:37,114.007797,22.5348,0,0
31872,14:10:37,114.007797,22.5348,0,0
31872,14:11:07,114.007797,22.5348,0,0
31872,14:11:37,114.007797,22.5348,0,0
31872,14:12:37,114.007797,22.5348,0,0
31872,14:13:07,114.007797,22.5348,0,0
31872,14:13:46,114.007797,22.5348,0,0
31872,14:14:46,114.007797,22.5348,0,0
31872,14:15:16,114.007797,22.5348,0,0
31872,14:15:46,114.007797,22.5348,0,0
31872,14:16:46,114.007797,22.5348,0,0
31872,14:17:16,114.007797,22.5348,0,0
31872,14:17:46,114.007797,22.5348,0,0
31872,14:18:16,114.007797,22.5348,0,0
31872,14:18:46,114.007797,22.5348,0,0
31872,14:20:30,114.007797,22.5348,0,0
31872,14:20:54,114.007797,22.5348,0,0
31872,14:21:24,114.007797,22.5348,0,0
31872,14:22:32,114.007797,22.5348,0,0
31872,14:23:02,114.007797,22.5348,0,0
31872,14:23:34,114.007797,22.5348,0,11
31872,14:23:58,113.999496,22.542999,0,54
31872,14:24:28,113.997101,22.545099,0,0
31872,14:26:19,114.013298,22.5375,0,0
31872,14:26:40,114.013298,22.5375,0,0
31872,14:27:31,114.018898,22.5392,0,29
31872,14:27:55,114.024101,22.5397,0,29
31872,14:28:50,114.029404,22.5404,0,16
31872,14:29:20,114.031898,22.5408,0,17
31872,14:29:50,114.037598,22.5418,0,24
31872,14:30:20,114.040901,22.5422,0,11
31872,14:32:58,114.045502,22.547199,0,18
31872,14:36:07,114.049202,22.551001,0,25
31872,14:36:37,114.050903,22.550699,0,0
31872,14:38:44,114.050903,22.550699,0,0
31872,14:39:44,114.050903,22.549601,0,14
31872,14:41:20,114.051003,22.547899,0,0
31872,14:41:50,114.052002,22.5473,0,26
31872,14:42:50,114.057404,22.5473,0,15
31872,14:44:28,114.057899,22.542101,0,35
31872,14:44:58,114.057999,22.540001,0,0
31872,14:45:28,114.057999,22.538799,0,0
31872,14:47:34,114.057899,22.538099,0,0
31872,14:48:04,114.057899,22.538099,0,0
31872,14:50:43,114.058403,22.5361,0,0
31872,14:51:13,114.058403,22.5361,0,0
31872,14:52:13,114.058899,22.5284,0,0
31872,14:53:52,114.058296,22.5275,0,0
31872,14:54:22,114.059097,22.5277,0,2
31872,14:54:52,114.058701,22.530399,0,26
31872,14:55:22,114.0634,22.5315,0,26
31872,14:57:31,114.072899,22.5317,0,23
31872,14:58:01,114.0765,22.531799,0,5
31872,15:00:09,114.078903,22.5345,0,9
31872,15:00:39,114.081001,22.537001,0,26
31872,15:01:09,114.087898,22.5375,0,28
31872,15:03:48,114.100403,22.5378,0,0
31872,15:07:56,114.111801,22.531799,0,13
31872,15:10:06,114.116302,22.535801,0,19
31872,15:12:45,114.134003,22.5466,0,35
31872,15:13:15,114.137802,22.552099,0,32
31872,15:13:45,114.140297,22.558399,0,28
31872,15:15:54,114.140404,22.563,0,0
31872,15:16:24,114.140297,22.5632,0,9
31872,15:20:30,114.137497,22.5686,0,0
31872,15:22:07,114.137703,22.5714,0,20
31872,15:22:22,114.138298,22.5732,0,0
31872,15:22:54,114.138603,22.5741,0,0
31872,15:23:24,114.138603,22.5741,0,0
31872,15:23:54,114.139397,22.5762,0,25
31872,15:25:15,114.140404,22.578899,0,0
31872,15:25:45,114.140404,22.578899,0,0
31872,15:26:24,114.140404,22.578899,0,31
31872,15:26:39,114.146896,22.5947,0,0
31872,15:26:44,114.146896,22.5947,0,0
31872,15:27:23,114.146896,22.5947,0,31
31872,15:27:36,114.151001,22.602501,0,31
31872,15:27:39,114.151001,22.602501,0,0
31872,15:28:21,114.151001,22.602501,0,25
31872,15:28:27,114.155602,22.608999,0,35
31872,15:29:27,114.156403,22.615601,0,0
31872,15:34:42,114.146599,22.6143,0,15
31872,15:35:12,114.145401,22.613701,0,0
31872,15:35:42,114.144997,22.6122,0,7
31872,15:38:18,114.145401,22.611,0,3
31872,15:38:48,114.145401,22.611,0,0
31872,15:39:18,114.144897,22.6099,0,16
31872,15:41:00,114.140503,22.609301,0,0
31872,15:41:12,114.144997,22.6122,0,0
31872,15:42:30,114.1381,22.6038,0,0
31872,15:44:36,114.138199,22.603201,0,0
31872,15:45:06,114.138199,22.603201,0,0
31872,15:45:36,114.138199,22.603201,0,0
31872,15:48:43,114.1446,22.609699,0,22
31872,15:50:51,114.149101,22.608601,0,0
31872,15:51:21,114.149101,22.608601,0,0
31872,15:53:58,114.149803,22.608299,0,0
31872,15:54:58,114.150299,22.608601,0,6
31872,15:56:36,114.1502,22.608601,0,0
31872,15:57:06,114.150101,22.6084,0,0
31872,15:58:06,114.150101,22.6084,0,0
31872,15:59:43,114.153702,22.6084,0,31
31872,16:00:43,114.158997,22.610001,0,5
31872,16:03:21,114.157898,22.612499,0,23
31872,16:04:21,114.153397,22.6085,0,29
31872,16:05:59,114.149002,22.608601,0,25
31872,16:07:29,114.139702,22.6092,0,25
31872,16:09:08,114.138802,22.6092,0,0
31872,16:09:38,114.137802,22.609301,0,16
31872,16:10:08,114.135399,22.6098,0,4
31872,16:12:15,114.134804,22.6099,0,0
31872,16:12:45,114.134804,22.6099,0,0
31872,16:13:15,114.1306,22.611,0,16
31872,16:15:25,114.122902,22.608299,0,38
31872,16:15:55,114.116699,22.604099,0,30
31872,16:16:25,114.112198,22.5986,0,32
31872,16:16:55,114.109398,22.5931,0,30
31872,16:18:34,114.111298,22.586599,0,28
31872,16:19:04,114.114304,22.5823,0,27
31872,16:19:34,114.115501,22.577101,0,13
31872,16:20:04,114.110802,22.5767,0,2
31872,16:21:44,114.108398,22.576,0,22
31872,16:22:44,114.106003,22.5779,0,1
31872,16:25:24,114.103996,22.581301,0,0
31872,16:25:54,114.102097,22.581499,0,15
31872,16:28:02,114.101898,22.582399,0,3
31872,16:28:32,114.1017,22.5825,0,0
31872,16:29:02,114.1017,22.5825,0,0
31872,16:29:32,114.1017,22.5825,0,0
31872,16:34:15,114.1017,22.5825,0,0
31872,16:35:45,114.1017,22.5825,0,0
31872,16:36:46,114.1017,22.5825,0,0
31872,16:37:16,114.1017,22.5825,0,0
31872,16:37:46,114.1017,22.5825,0,0
31872,16:38:46,114.1017,22.5825,0,0
31872,16:39:46,114.1017,22.5825,0,0
31872,16:40:46,114.1017,22.5825,0,0
31872,16:41:16,114.1017,22.5825,0,0
31872,16:41:46,114.1017,22.5825,0,0
31872,16:42:16,114.1017,22.5825,0,0
31872,16:42:46,114.1017,22.5825,0,0
31872,16:43:16,114.1017,22.5825,0,0
31872,16:43:46,114.1017,22.5825,0,0
31872,16:44:16,114.1017,22.5825,0,0
31872,16:44:46,114.1017,22.5825,0,0
31872,16:45:16,114.1017,22.5825,0,0
31872,16:45:46,114.1017,22.5825,0,0
31872,16:46:16,114.1017,22.5825,0,0
31872,16:46:46,114.1017,22.5825,0,0
31872,16:47:16,114.1017,22.5825,0,0
31872,16:48:16,114.1017,22.5825,0,0
31872,16:50:17,114.1017,22.5825,0,0
31872,16:50:47,114.1017,22.5825,0,0
31872,16:51:17,114.1017,22.5825,0,0
31872,16:52:17,114.1017,22.5825,0,0
31872,16:54:17,114.1017,22.5825,0,0
31872,16:55:47,114.1017,22.5825,0,0
31872,16:56:17,114.1017,22.5825,0,0
31872,16:56:47,114.1017,22.5825,0,3
31872,16:57:17,114.1017,22.5825,0,0
31872,16:57:47,114.1017,22.5825,0,0
31872,16:58:17,114.1017,22.5825,0,0
31872,16:58:32,114.1017,22.5825,0,0
31872,16:59:03,114.101601,22.5828,0,4
31872,17:00:03,114.101997,22.5868,0,21
31872,17:02:32,114.109596,22.5952,0,17
31872,17:03:02,114.110802,22.597799,0,4
31872,17:04:41,114.110901,22.598101,0,0
31872,17:05:41,114.111603,22.599501,0,0
31872,17:06:11,114.111603,22.599501,0,0
31872,17:07:51,114.111702,22.599701,0,4
31872,17:08:14,114.113098,22.6003,0,0
31872,17:08:45,114.113098,22.6003,0,21
31872,17:08:48,114.114601,22.6001,0,23
31872,17:09:18,114.117203,22.600201,0,0
31872,17:09:48,114.117302,22.600401,0,0
31872,17:14:09,114.110298,22.5886,0,32
31872,17:14:39,114.109398,22.591499,0,30
31872,17:15:39,114.110497,22.5942,0,11
31872,17:17:18,114.110802,22.5935,0,4
31872,17:17:48,114.111504,22.593,0,3
31872,17:18:18,114.111603,22.593,0,0
31872,17:18:48,114.111801,22.592699,0,2
31872,17:20:28,114.111801,22.592699,0,0
31872,17:20:58,114.111099,22.593201,0,3
31872,17:21:28,114.110298,22.593901,0,7
31872,17:23:36,114.113098,22.599501,0,30
31872,17:24:06,114.114899,22.601601,0,0
31872,17:24:36,114.114899,22.601601,0,0
31872,17:25:06,114.116798,22.6038,0,20
31872,17:27:43,114.124802,22.6092,0,19
31872,17:30:24,114.133499,22.610201,0,0
31872,17:31:24,114.137901,22.6092,0,0
31872,17:33:02,114.137901,22.6092,0,0
31872,17:33:32,114.138702,22.6091,0,20
31872,17:34:02,114.1437,22.6096,0,21
31872,17:34:32,114.145302,22.609699,0,0
31872,17:36:12,114.147598,22.609301,0,9
31872,17:37:12,114.148598,22.6087,0,0
31872,17:39:13,114.1567,22.6091,0,25
31872,17:39:43,114.158699,22.6078,0,16
31872,17:40:43,114.160797,22.6047,0,0
31872,17:42:19,114.161697,22.605101,0,11
31872,17:42:49,114.1642,22.6052,0,17
31872,17:43:49,114.170197,22.6056,0,7
31872,17:45:58,114.169502,22.601299,0,5
31872,17:46:58,114.169502,22.600901,0,0
31872,17:48:36,114.169502,22.600901,0,0
31872,17:49:06,114.169502,22.600901,0,0
31872,17:49:36,114.169502,22.600901,0,0
31872,17:51:44,114.169502,22.600901,0,0
31872,17:52:14,114.169502,22.600901,0,0
31872,17:52:44,114.169502,22.600901,0,0
31872,17:53:14,114.169502,22.6012,0,6
31872,17:54:53,114.169899,22.603399,0,7
31872,17:55:23,114.170197,22.604799,0,5
31872,17:55:53,114.168404,22.6059,0,18
31872,17:56:23,114.164101,22.6052,0,18
31872,17:58:01,114.163399,22.605499,0,0
31872,17:58:31,114.163399,22.605499,0,0
31872,18:01:10,114.161102,22.604601,0,3
31872,18:02:10,114.158798,22.611,0,11
31872,18:02:40,114.157303,22.614901,0,4
31872,18:04:20,114.156601,22.615999,0,16
31872,18:04:50,114.155701,22.620199,0,32
31872,18:05:20,114.153397,22.623699,0,0
31872,18:05:50,114.153397,22.623699,0,0
31872,18:07:29,114.153397,22.623699,0,0
31872,18:08:29,114.152802,22.626499,0,9
31872,18:08:59,114.152702,22.6271,0,0
31872,18:10:37,114.152702,22.6271,0,0
31872,18:11:07,114.152702,22.6271,0,0
31872,18:11:37,114.152603,22.6259,0,11
31872,18:14:14,114.142601,22.622601,0,0
31872,18:20:33,114.153503,22.6236,0,18
31872,18:21:03,114.155502,22.6182,0,6
31872,18:23:41,114.157799,22.6129,0,20
31872,18:24:11,114.158699,22.610901,0,6
31872,18:26:21,114.159897,22.606899,0,24
31872,18:26:51,114.160797,22.604601,0,5
31872,18:27:21,114.1604,22.6021,0,18
31872,18:27:51,114.156998,22.598,0,26
31872,18:30:01,114.150299,22.5905,0,21
31872,18:30:31,114.1465,22.5877,0,20
31872,18:31:01,114.144699,22.5847,0,15
31872,18:33:11,114.139099,22.5795,0,22
31872,18:33:41,114.138,22.5802,0,0
31872,18:34:11,114.138603,22.579901,0,16
31872,18:39:12,114.138603,22.579901,0,0
31872,18:39:28,114.137299,22.568399,0,12
31872,18:39:58,114.134399,22.564899,0,29
31872,18:40:28,114.132202,22.5625,0,0
31872,18:43:06,114.128403,22.556801,0,0
31872,18:43:36,114.128304,22.5567,0,7
31872,18:45:43,114.125999,22.553101,0,0
31872,18:46:13,114.125801,22.5527,0,12
31872,18:46:43,114.125801,22.549999,0,0
31872,18:48:51,114.125801,22.546101,0,14
31872,18:49:51,114.122299,22.5452,0,9
31872,18:51:30,114.121902,22.547001,0,0
31872,18:52:00,114.121803,22.5441,0,19
31872,18:52:30,114.121399,22.543501,0,12
31872,18:53:00,114.120903,22.5427,0,0
31872,18:54:39,114.120903,22.5427,0,0
31872,18:55:39,114.119202,22.5425,0,26
31872,18:56:09,114.118401,22.543301,0,0
31872,18:58:16,114.117897,22.5439,0,19
31872,18:58:46,114.116798,22.5481,0,0
31872,18:59:16,114.116402,22.549101,0,25
31872,19:00:55,114.1185,22.5539,0,24
31872,19:01:25,114.122803,22.557899,0,28
31872,19:02:25,114.125099,22.559099,0,10
31872,19:05:06,114.125999,22.553101,0,0
31872,19:07:14,114.1259,22.549801,0,0
31872,19:07:44,114.1259,22.549801,0,0
31872,19:08:14,114.1259,22.549801,0,0
31872,19:08:44,114.1259,22.549601,0,6
31872,19:11:22,114.1259,22.5487,0,0
31872,19:11:52,114.1259,22.5487,0,0
31872,19:13:28,114.1259,22.5487,0,0
31872,19:13:58,114.125999,22.5485,0,0
31872,19:14:28,114.125999,22.5485,0,0
31872,19:16:35,114.125999,22.5485,0,0
31872,19:17:05,114.126099,22.547899,0,6
31872,19:19:43,114.137199,22.5508,0,2
31872,19:20:13,114.1381,22.5502,0,0
31872,19:21:13,114.138702,22.5529,0,19
31872,19:22:54,114.140297,22.5567,0,20
31872,19:23:24,114.135803,22.557899,0,33
31872,19:26:02,114.130798,22.561899,0,22
31872,19:27:02,114.125198,22.559299,0,9
31872,19:27:32,114.124603,22.559,0,0
31872,19:29:11,114.123901,22.558599,0,0
31872,19:29:41,114.120697,22.558201,0,9
31872,19:30:11,114.125298,22.553499,0,16
31872,19:35:11,114.125298,22.553499,0,0
31872,19:36:30,114.116699,22.5502,0,0
31872,19:37:00,114.116898,22.5474,0,21
31872,19:39:08,114.119797,22.542,0,2
31872,19:40:08,114.119797,22.542,0,0
31872,19:41:45,114.1203,22.5417,0,7
31872,19:42:15,114.121498,22.5406,0,11
31872,19:42:45,114.120697,22.5389,0,0
31872,19:43:15,114.120499,22.539,0,8
31872,19:44:55,114.119499,22.539301,0,9
31872,19:45:25,114.118599,22.540501,0,9
31872,19:48:06,114.118896,22.5425,0,5
31872,19:49:06,114.122101,22.541,0,0
31872,19:51:44,114.132599,22.545601,0,14
31872,19:52:14,114.136101,22.5487,0,25
31872,19:52:44,114.139801,22.5499,0,10
31872,19:54:21,114.141403,22.5501,0,6
31872,19:54:51,114.142197,22.5488,0,12
31872,19:57:29,114.145103,22.544201,0,7
31872,19:58:29,114.149498,22.5455,0,27
31872,19:58:59,114.149696,22.5506,0,17
31872,20:00:37,114.151398,22.554399,0,27
31872,20:02:07,114.158997,22.564301,0,18
31872,20:03:48,114.161797,22.5644,0,10
31872,20:04:18,114.164703,22.5644,0,7
31872,20:04:48,114.165298,22.564501,0,4
31872,20:05:18,114.167503,22.5641,0,7
31872,20:07:26,114.166603,22.564199,0,4
31872,20:08:26,114.164398,22.5655,0,0
31872,20:11:04,114.165398,22.566601,0,0
31872,20:13:39,114.170799,22.5665,0,16
31872,20:14:39,114.172096,22.561899,0,23
31872,20:16:18,114.175301,22.5616,0,35
31872,20:17:42,114.185402,22.556101,0,36
31872,20:17:56,114.191803,22.5562,0,39
31872,20:18:26,114.193497,22.5567,0,0
31872,20:19:28,114.193497,22.5567,0,0
31872,20:19:58,114.193497,22.5567,0,0
31872,20:20:25,114.216202,22.5571,0,35
31872,20:20:55,114.218201,22.5571,0,0
31872,20:21:25,114.220596,22.5548,0,0
31872,20:23:06,114.2201,22.5546,0,4
31872,20:24:06,114.223198,22.552799,0,14
31872,20:25:44,114.224403,22.5515,0,24
31872,20:27:14,114.2286,22.551901,0,15
31872,20:29:52,114.222397,22.5534,0,26
31872,20:33:01,114.214996,22.557501,0,0
31872,20:34:21,114.214996,22.557501,0,25
31872,20:34:29,114.190697,22.556,0,35
31872,20:35:04,114.183998,22.5564,0,40
31872,20:35:45,114.177902,22.5602,0,0
31872,20:36:15,114.174004,22.5625,0,37
31872,20:38:49,114.149597,22.556101,0,37
31872,20:39:19,114.141602,22.555901,0,29
31872,20:41:54,114.127296,22.5431,0,33
31872,20:42:11,114.174004,22.5625,0,0
31872,20:42:24,114.119904,22.538799,0,19
31872,20:42:54,114.114899,22.539,0,25
31872,20:44:35,114.109497,22.537701,0,24
31872,20:46:05,114.084702,22.5375,0,37
31872,20:48:15,114.076897,22.5322,0,22
31872,20:50:54,114.068703,22.541599,0,39
31872,20:54:32,114.066299,22.547501,0,0
31872,20:55:02,114.065697,22.5476,0,16
31872,20:55:32,114.063004,22.547501,0,5
31872,20:57:40,114.066902,22.5476,0,14
31872,20:58:40,114.067596,22.547701,0,7
31872,21:00:19,114.068001,22.5522,0,28
31872,21:03:28,114.090202,22.558399,0,11
31872,21:04:28,114.089897,22.5604,0,0
31872,21:04:58,114.089897,22.5604,0,0
31872,21:06:36,114.091103,22.5613,0,0
31872,21:07:36,114.094498,22.559999,0,0
31872,21:08:06,114.094704,22.558701,0,5
31872,21:09:46,114.090202,22.559999,0,16
31872,21:10:16,114.0896,22.561199,0,14
31872,21:13:21,114.067902,22.569599,0,8
31872,21:14:21,114.066299,22.5758,0,21
31872,21:16:01,114.059303,22.5783,0,41
31872,21:16:31,114.055496,22.580099,0,21
31872,21:17:01,114.053596,22.5837,0,23
31872,21:19:39,114.044701,22.5994,0,27
31872,21:20:09,114.044197,22.603399,0,24
31872,21:20:39,114.046799,22.604,0,0
31872,21:22:19,114.046204,22.6042,0,21
31872,21:22:49,114.043297,22.6021,0,14
31872,21:23:19,114.043404,22.6019,0,0
31872,21:25:58,114.043404,22.6008,0,0
31872,21:26:58,114.043404,22.6008,0,0
31872,21:29:05,114.044296,22.5972,0,30
31872,21:29:35,114.048698,22.591801,0,39
31872,21:30:05,114.053299,22.584299,0,44
31872,21:32:14,114.065804,22.5763,0,13
31872,21:33:14,114.067497,22.571501,0,33
31872,21:34:53,114.067596,22.562901,0,35
31872,21:35:23,114.067596,22.5583,0,0
31872,21:35:53,114.067596,22.5583,0,0
31872,21:36:23,114.067596,22.557899,0,20
31872,21:38:03,114.067703,22.5515,0,7
31872,21:38:33,114.067802,22.5481,0,0
31872,21:39:03,114.068802,22.542999,0,28
31872,21:41:12,114.076302,22.542999,0,17
31872,21:41:42,114.081497,22.5431,0,2
31872,21:44:23,114.084198,22.541201,0,0
31872,21:45:23,114.086502,22.5408,0,3
31872,21:45:51,114.086899,22.541,0,0
31872,21:45:53,114.086899,22.541,0,0
31872,21:46:59,114.087196,22.541,0,8
31872,21:47:33,114.090897,22.541599,0,0
31872,21:48:03,114.0914,22.5415,0,16
31872,21:48:33,114.095299,22.541599,0,7
31872,21:49:03,114.096298,22.5434,0,24
31872,21:50:43,114.099701,22.5439,0,9
31872,21:51:13,114.099503,22.547001,0,0
31872,21:51:43,114.099503,22.549,0,22
31872,21:52:13,114.101097,22.5522,0,18
31872,21:53:51,114.102097,22.5525,0,0
31872,21:54:51,114.102097,22.5525,0,0
31872,21:56:59,114.103699,22.553101,0,0
31872,21:57:29,114.103699,22.553101,0,0
31872,22:00:06,114.111702,22.558701,0,46
31872,22:00:36,114.119202,22.559099,0,20
31872,22:01:36,114.121399,22.5616,0,6
31872,22:03:16,114.1231,22.562401,0,5
31872,22:03:31,114.123398,22.562599,0,0
31872,22:04:01,114.123398,22.562599,0,0
31872,22:04:31,114.123398,22.562599,0,0
31872,22:05:19,114.123398,22.562599,0,0
31872,22:05:49,114.123398,22.562599,0,0
31872,22:06:19,114.123398,22.562599,0,0
31872,22:06:49,114.123398,22.562599,0,0
31872,22:08:49,114.123398,22.562599,0,0
31872,22:09:49,114.123398,22.562599,0,0
31872,22:10:19,114.123398,22.562599,0,0
31872,22:10:49,114.123398,22.562599,0,0
31872,22:11:19,114.123398,22.562599,0,0
31872,22:12:19,114.123398,22.562599,0,0
31872,22:13:19,114.123398,22.562599,0,0
31872,22:13:49,114.123398,22.562599,0,0
31872,22:14:19,114.123398,22.562599,0,0
31872,22:14:49,114.123398,22.562599,0,0
31872,22:16:49,114.123398,22.562599,0,0
31872,22:17:19,114.123398,22.562599,0,0
31872,22:18:19,114.123398,22.562599,0,0
31872,22:18:49,114.123398,22.562599,0,0
31872,22:19:19,114.123398,22.562599,0,0
31872,22:20:19,114.123398,22.562599,0,0
31872,22:20:49,114.123398,22.562599,0,0
31872,22:23:20,114.123398,22.562599,0,0
31872,22:23:50,114.123398,22.562599,0,0
31872,22:24:50,114.123398,22.562599,0,0
31872,22:25:20,114.123398,22.562599,0,0
31872,22:26:20,114.123398,22.562599,0,0
31872,22:26:50,114.123398,22.562599,0,0
31872,22:27:20,114.123398,22.562599,0,0
31872,22:28:50,114.123398,22.562599,0,0
31872,22:29:50,114.123398,22.562599,0,0
31872,22:29:57,114.123398,22.562599,0,0
31872,22:30:44,114.123398,22.562599,0,0
31872,22:32:47,114.123398,22.562599,0,0
31872,22:33:17,114.123398,22.562599,0,0
31872,22:34:17,114.123398,22.562599,0,0
31872,22:34:47,114.123398,22.562599,0,0
31872,22:35:47,114.123398,22.562599,0,0
31872,22:36:17,114.123398,22.562599,0,0
31872,22:37:47,114.123398,22.562599,0,0
31872,22:38:17,114.123398,22.562599,0,0
31872,22:39:17,114.123398,22.562599,0,0
31872,22:40:17,114.123398,22.562599,0,0
31872,22:40:47,114.123398,22.562599,0,0
31872,22:42:17,114.123398,22.562599,0,0
31872,22:44:18,114.123398,22.562599,0,0
31872,22:44:48,114.123398,22.562599,0,0
31872,22:45:18,114.123398,22.562599,0,0
31872,22:45:48,114.123398,22.562599,0,0
31872,22:46:48,114.123398,22.562599,0,0
31872,22:47:18,114.123398,22.562599,0,0
31872,22:48:18,114.123398,22.562599,0,0
31872,22:48:48,114.123398,22.562599,0,0
31872,22:49:18,114.123398,22.562599,0,0
31872,22:49:48,114.123398,22.562599,0,0
31872,22:50:48,114.123398,22.562599,0,0
31872,22:52:48,114.123398,22.562599,0,0
31872,22:53:18,114.123398,22.562599,0,0
31872,22:54:18,114.123398,22.562599,0,0
31872,22:54:48,114.123398,22.562599,0,0
31872,22:56:48,114.123398,22.562599,0,0
31872,22:57:18,114.123398,22.562599,0,0
31872,22:57:48,114.123398,22.562599,0,0
31872,22:58:48,114.123398,22.562599,0,0
31872,23:00:18,114.123398,22.562599,0,0
31872,23:00:48,114.123398,22.562599,0,0
31872,23:02:18,114.123398,22.562599,0,0
31872,23:03:18,114.123398,22.562599,0,0
31872,23:03:48,114.123398,22.562599,0,0
31872,23:04:18,114.123398,22.562599,0,0
31872,23:04:48,114.123398,22.562599,0,0
31872,23:05:18,114.123398,22.562599,0,0
31872,23:05:48,114.123398,22.562599,0,0
31872,23:06:18,114.123398,22.562599,0,0
31872,23:06:48,114.123398,22.562599,0,0
31872,23:07:49,114.123398,22.562599,0,0
31872,23:08:49,114.123398,22.562599,0,0
31872,23:09:19,114.123398,22.562599,0,0
31872,23:09:49,114.123398,22.562599,0,0
31872,23:10:19,114.123398,22.562599,0,0
31872,23:10:49,114.123398,22.562599,0,0
31872,23:12:19,114.123398,22.562599,0,0
31872,23:12:49,114.123398,22.562599,0,0
31872,23:13:19,114.123398,22.562599,0,0
31872,23:14:19,114.123398,22.562599,0,0
31872,23:15:19,114.123398,22.562599,0,0
31872,23:15:49,114.123398,22.562599,0,0
31872,23:16:19,114.123398,22.562599,0,0
31872,23:16:49,114.123398,22.562599,0,0
31872,23:18:19,114.123398,22.562599,0,0
31872,23:19:49,114.123398,22.562599,0,0
31872,23:20:19,114.123398,22.562599,0,0
31872,23:20:49,114.123398,22.562599,0,0
31872,23:21:19,114.123398,22.562599,0,0
31872,23:21:49,114.123398,22.562599,0,0
31872,23:22:49,114.123398,22.562599,0,0
31872,23:23:19,114.123398,22.562599,0,0
31872,23:23:49,114.123398,22.562599,0,0
31872,23:24:25,114.122398,22.562599,0,8
31872,23:24:55,114.1241,22.563999,0,0
31872,23:25:25,114.125,22.5602,0,25
31872,23:26:58,114.121696,22.557501,0,11
31872,23:28:28,114.1259,22.544001,0,16
31872,23:31:07,114.108101,22.537399,0,46
31872,23:31:37,114.0998,22.5383,0,39
31872,23:33:17,114.090302,22.538,0,34
31872,23:33:47,114.080498,22.5368,0,32
31872,23:34:17,114.076202,22.5319,0,34
31872,23:34:47,114.066902,22.5319,0,46
31872,23:36:26,114.062698,22.5327,0,14
31872,23:37:26,114.059799,22.5275,0,2
31872,23:39:34,114.058197,22.527599,0,0
31872,23:40:04,114.058197,22.527599,0,2
31872,23:41:04,114.064499,22.5317,0,28
31872,23:43:13,114.065102,22.523399,0,0
31872,23:43:43,114.065498,22.5229,0,0
31872,23:45:50,114.0672,22.522301,0,7
31872,23:46:20,114.0681,22.521999,0,8
31872,23:46:50,114.067902,22.5212,0,0
31872,23:47:20,114.0681,22.5217,0,0
31872,23:49:27,114.066803,22.524,0,28
31872,23:50:27,114.067902,22.523899,0,0
31872,23:51:51,114.067299,22.524799,0,13
31872,23:52:04,114.067299,22.5263,0,26
31872,23:53:04,114.065598,22.532,0,31
31872,23:59:20,114.066597,22.520201,0,25
31872,23:59:50,114.063499,22.5194,0,0
