24379,00:05:29,114.122513,22.671116,0,1
24379,00:05:39,114.122551,22.671127,0,0
24379,00:06:01,114.122551,22.671127,0,0
24379,00:06:30,114.118385,22.672564,0,34
24379,00:06:40,114.117485,22.672659,0,26
24379,00:07:29,114.117424,22.675013,0,39
24379,00:07:40,114.117401,22.676243,0,53
24379,00:08:29,114.116791,22.683296,0,0
24379,00:08:39,114.116791,22.683289,0,0
24379,00:09:30,114.116791,22.68327,0,1
24379,00:09:40,114.116776,22.6833,0,11
24379,00:10:29,114.115715,22.690962,0,69
24379,00:10:40,114.115532,22.692549,0,57
24379,00:11:29,114.119545,22.697617,0,51
24379,00:11:39,114.120506,22.698107,0,28
24379,00:11:44,114.120506,22.698107,0,0
24379,00:12:29,114.123207,22.699278,0,36
24379,00:12:40,114.12368,22.698656,0,15
24379,00:13:30,114.12397,22.698664,0,0
24379,00:13:40,114.124161,22.698824,0,18
24379,00:14:29,114.127281,22.700851,0,34
24379,00:14:40,114.127899,22.701294,0,22
24379,00:15:29,114.130348,22.70219,0,17
24379,00:15:39,114.130714,22.701773,0,21
24379,00:16:30,114.130028,22.699858,0,25
24379,00:16:40,114.129494,22.69949,0,26
24379,00:17:29,114.129494,22.69949,0,0
24379,00:17:29,114.126839,22.697765,0,19
24379,00:17:40,114.126404,22.697453,0,20
24379,00:18:29,114.124191,22.698095,0,24
24379,00:18:39,114.123924,22.698479,0,12
24379,00:20:29,114.129768,22.702513,0,16
24379,00:20:40,114.130096,22.702616,0,8
24379,00:21:29,114.131348,22.700771,0,10
24379,00:21:39,114.130852,22.700409,0,25
24379,00:22:29,114.13102,22.698046,0,28
24379,00:22:40,114.13134,22.697308,0,28
24379,00:23:13,114.13134,22.697308,0,0
24379,00:23:30,114.12999,22.695864,0,5
24379,00:23:40,114.129784,22.695686,0,11
24379,00:24:29,114.128548,22.694868,0,9
24379,00:24:40,114.128082,22.694613,0,19
24379,00:25:29,114.127052,22.694698,0,17
24379,00:25:39,114.126701,22.695124,0,28
24379,00:26:40,114.126564,22.695105,0,24
24379,00:27:29,114.1278,22.693514,0,34
24379,00:27:40,114.128349,22.692833,0,31
24379,00:28:29,114.131783,22.691097,0,35
24379,00:28:39,114.132675,22.6908,0,35
24379,00:28:58,114.132675,22.6908,0,0
24379,00:29:30,114.134377,22.689905,0,0
24379,00:29:40,114.134361,22.689899,0,0
24379,00:30:29,114.136383,22.688789,0,35
24379,00:30:40,114.137421,22.688288,0,44
24379,00:31:29,114.138451,22.687723,0,0
24379,00:31:39,114.138519,22.687672,0,11
24379,00:32:29,114.142418,22.685247,0,36
24379,00:32:40,114.142624,22.685188,0,24
24379,00:33:30,114.140381,22.686794,0,0
24379,00:33:40,114.14019,22.686897,0,20
24379,00:34:29,114.137947,22.688128,0,32
24379,00:34:40,114.137154,22.688555,0,36
24379,00:34:43,114.137154,22.688555,0,0
24379,00:35:29,114.134979,22.689785,0,0
24379,00:35:39,114.134834,22.689852,0,8
24379,00:36:30,114.132111,22.686346,0,41
24379,00:36:40,114.130974,22.685795,0,51
24379,00:37:29,114.124611,22.684708,0,33
24379,00:37:40,114.123337,22.68449,0,54
24379,00:38:29,114.12233,22.681627,0,26
24379,00:38:39,114.122345,22.680859,0,24
24379,00:39:30,114.119995,22.679014,0,29
24379,00:39:40,114.119072,22.678989,0,40
24379,00:40:29,114.117157,22.677832,0,30
24379,00:40:30,114.119072,22.678989,0,0
24379,00:40:40,114.11721,22.676632,0,54
24379,00:41:29,114.11734,22.672808,0,0
24379,00:41:39,114.117325,22.67281,0,4
24379,00:42:29,114.117569,22.674301,0,30
24379,00:42:40,114.118713,22.674473,0,52
24379,00:43:30,114.122749,22.676689,0,42
24379,00:44:29,114.122612,22.682302,0,37
24379,00:44:40,114.12249,22.683231,0,41
24379,00:45:29,114.127937,22.685034,0,64
24379,00:45:39,114.129173,22.685015,0,32
24379,00:46:14,114.129173,22.685015,0,0
24379,00:46:30,114.132195,22.681189,0,30
24379,00:46:40,114.132927,22.681934,0,47
24379,00:47:29,114.137878,22.686663,0,45
24379,00:47:40,114.138748,22.687382,0,28
24379,00:48:29,114.137955,22.688105,0,23
24379,00:48:39,114.138084,22.688559,0,32
24379,00:49:30,114.139519,22.689896,0,14
24379,00:49:40,114.139854,22.689636,0,14
24379,00:50:29,114.141106,22.688583,0,3
24379,00:50:40,114.141068,22.68853,0,1
24379,00:51:29,114.140434,22.686943,0,12
24379,00:51:39,114.140427,22.686882,0,0
24379,00:51:59,114.140427,22.686882,0,0
24379,00:52:29,114.139084,22.689037,0,26
24379,00:52:40,114.138885,22.689413,0,10
24379,00:53:30,114.13784,22.691156,0,27
24379,00:53:40,114.137428,22.691751,0,26
24379,00:54:29,114.138695,22.696335,0,43
24379,00:54:40,114.138908,22.69696,0,6
24379,00:55:29,114.136345,22.699087,0,43
24379,00:55:39,114.135376,22.699898,0,51
24379,00:56:30,114.133736,22.701307,0,1
24379,00:56:40,114.133743,22.701298,0,1
24379,00:57:18,114.132759,22.702391,0,1
24379,00:57:29,114.132378,22.702799,1,30
24379,00:57:40,114.131805,22.703463,1,30
24379,00:57:43,114.131805,22.703463,1,0
24379,00:58:29,114.131981,22.703209,1,32
24379,00:58:39,114.13266,22.7024,1,44
24379,00:59:30,114.133766,22.701061,1,0
24379,00:59:40,114.134186,22.700699,1,34
24379,01:00:30,114.139847,22.696671,1,56
24379,01:01:29,114.148285,22.691418,1,37
24379,01:01:39,114.14756,22.690496,1,51
24379,01:02:29,114.142967,22.685118,1,0
24379,01:02:40,114.142982,22.685135,1,0
24379,01:03:26,114.142982,22.685135,1,0
24379,01:03:30,114.143005,22.685167,1,0
24379,01:03:40,114.14286,22.684959,1,20
24379,01:04:29,114.145851,22.678955,1,53
24379,01:04:40,114.146225,22.678238,1,9
24379,01:05:29,114.145264,22.680588,1,0
24379,01:05:39,114.145241,22.680643,1,13
24379,01:05:40,114.145226,22.680677,1,17
24379,01:06:30,114.144547,22.684538,0,30
24379,01:06:40,114.145241,22.684313,0,28
24379,01:07:29,114.149422,22.683853,0,31
24379,01:07:40,114.150352,22.683361,0,38
24379,01:08:29,114.152046,22.679476,0,20
24379,01:08:39,114.152061,22.679188,0,8
24379,01:09:10,114.152061,22.679188,0,0
24379,01:09:30,114.151726,22.678326,0,26
24379,01:09:40,114.151184,22.677595,0,36
24379,01:10:30,114.14856,22.674023,0,36
24379,01:10:40,114.14756,22.673637,0,44
24379,01:11:29,114.143051,22.671747,0,47
24379,01:11:39,114.142395,22.67083,0,38
24379,01:12:29,114.141571,22.66938,0,14
24379,01:12:40,114.141342,22.668941,0,20
24379,01:13:30,114.13942,22.667603,0,34
24379,01:13:40,114.138573,22.668055,0,30
24379,01:14:29,114.13504,22.667027,0,26
24379,01:14:40,114.134224,22.667057,0,28
24379,01:14:56,114.134224,22.667057,0,0
24379,01:15:29,114.130325,22.665468,0,38
24379,01:15:39,114.129364,22.665768,0,34
24379,01:16:30,114.126068,22.669052,0,33
24379,01:16:40,114.125206,22.669312,0,33
24379,01:17:29,114.122009,22.671263,0,27
24379,01:18:29,114.118111,22.672634,0,24
24379,01:18:39,114.117554,22.672661,0,19
24379,01:19:30,114.117393,22.677616,0,37
24379,01:19:40,114.117355,22.678368,0,25
24379,01:20:30,114.117126,22.678127,0,16
24379,01:20:40,114.117126,22.678127,0,0
24379,01:20:40,114.117149,22.677641,0,20
24379,01:21:29,114.117165,22.675272,0,1
24379,01:21:40,114.117172,22.675261,0,0
24379,01:22:29,114.117195,22.675207,0,0
24379,01:22:40,114.117195,22.675213,0,2
24379,01:23:30,114.117256,22.672789,0,1
24379,01:23:40,114.117256,22.67277,0,0
24379,01:24:29,114.117233,22.672373,0,20
24379,01:24:40,114.117271,22.671778,0,24
24379,01:25:29,114.11734,22.668648,0,65
24379,01:25:39,114.117561,22.666918,0,73
24379,01:26:25,114.117561,22.666918,0,0
24379,01:26:30,114.122223,22.659992,0,49
24379,01:26:40,114.122078,22.659,0,43
24379,01:27:29,114.121117,22.652468,0,61
24379,01:27:40,114.120148,22.65107,0,66
24379,01:28:29,114.11467,22.653769,0,63
24379,01:28:39,114.113373,22.654985,0,71
24379,01:29:30,114.105736,22.656389,0,65
24379,01:29:40,114.10408,22.656801,0,62
24379,01:30:30,114.100899,22.654329,0,47
24379,01:30:40,114.101334,22.653194,0,56
24379,01:31:29,114.100365,22.648071,0,40
24379,01:31:39,114.100639,22.646959,0,47
24379,01:32:09,114.100639,22.646959,0,0
24379,01:32:30,114.097488,22.640528,0,45
24379,01:32:40,114.096756,22.640209,0,23
24379,01:33:30,114.095024,22.636812,0,49
24379,01:33:40,114.094704,22.636217,0,39
24379,01:34:29,114.096344,22.631933,0,32
24379,01:35:29,114.086212,22.630442,0,69
24379,01:35:39,114.084274,22.63002,0,73
24379,01:36:30,114.081535,22.629099,0,0
24379,01:36:40,114.081467,22.629074,0,16
24379,01:37:29,114.073135,22.629883,0,81
24379,01:37:40,114.070877,22.630276,0,86
24379,01:37:54,114.070877,22.630276,0,0
24379,01:38:29,114.060432,22.629702,0,81
24379,01:38:39,114.058151,22.629616,0,88
24379,01:39:30,114.047203,22.631697,0,75
24379,01:39:40,114.04525,22.632189,0,73
24379,01:40:30,114.039619,22.633141,0,0
24379,01:40:40,114.039619,22.63312,0,1
24379,01:41:29,114.032684,22.634172,0,38
24379,01:41:40,114.032387,22.634237,0,0
24379,01:42:30,114.030334,22.634838,0,64
24379,01:42:40,114.028442,22.635309,0,77
24379,01:43:30,114.017418,22.638432,0,64
24379,01:43:38,114.017418,22.638432,0,0
24379,01:43:40,114.016754,22.638653,0,1
24379,01:44:29,114.01223,22.64246,0,75
24379,01:44:40,114.011131,22.64399,0,74
24379,01:45:29,114.00692,22.649981,0,79
24379,01:45:39,114.005585,22.651695,0,85
24379,01:46:30,114.00322,22.654919,0,0
24379,01:46:40,114.003204,22.65493,0,0
24379,01:47:29,114.003014,22.655052,0,24
24379,01:47:40,114.002151,22.654846,0,37
24379,01:48:29,113.999397,22.653776,0,0
24379,01:48:39,113.999405,22.653818,0,0
24379,01:49:23,113.999405,22.653818,0,0
24379,01:49:30,113.999878,22.654135,0,15
24379,01:49:40,114.000298,22.654161,0,18
24379,01:50:30,114.002502,22.65465,0,12
24379,01:50:40,114.002693,22.654791,0,0
24379,01:51:29,114.0028,22.654827,0,9
24379,01:52:30,114.005455,22.656227,0,22
24379,01:52:40,114.005951,22.655596,0,31
24379,01:53:30,114.007935,22.653229,0,21
24379,01:53:40,114.008156,22.65292,0,16
24379,01:54:29,114.010323,22.650003,0,6
24379,01:54:40,114.010399,22.650053,0,1
24379,01:55:08,114.010399,22.650053,0,0
24379,01:55:29,114.011383,22.650131,0,30
24379,01:55:39,114.012093,22.650576,0,32
24379,01:56:30,114.013176,22.651131,0,1
24379,01:56:40,114.013351,22.651249,0,15
24379,01:57:29,114.016335,22.652582,0,8
24379,01:57:40,114.016418,22.652977,0,2
24379,01:58:39,114.018082,22.653061,0,22
24379,01:59:30,114.022057,22.657581,0,30
24379,01:59:40,114.022568,22.65789,0,14
24379,02:00:30,114.024818,22.655693,0,1
24379,02:00:40,114.024857,22.655735,0,0
24379,02:00:52,114.024857,22.655735,0,0
24379,02:01:29,114.025032,22.655348,0,1
24379,02:01:40,114.025032,22.655296,0,0
24379,02:02:30,114.02504,22.655277,0,0
24379,02:02:40,114.025063,22.655294,0,0
24379,02:03:24,114.025131,22.655197,0,6
24379,02:03:30,114.02523,22.655066,1,18
24379,02:03:40,114.025688,22.654581,1,30
24379,02:04:29,114.027328,22.652567,1,0
24379,02:04:40,114.027344,22.65258,1,0
24379,02:05:29,114.030365,22.649837,1,48
24379,02:05:39,114.031357,22.649073,1,37
24379,02:06:30,114.033669,22.648024,1,53
24379,02:06:37,114.033669,22.648024,1,0
24379,02:06:40,114.034927,22.647579,1,44
24379,02:07:29,114.035736,22.647373,1,0
24379,02:07:40,114.035774,22.647364,1,12
24379,02:08:29,114.038612,22.651756,1,38
24379,02:08:39,114.038544,22.651939,1,0
24379,02:09:30,114.038521,22.651901,1,0
24379,02:09:40,114.038719,22.652287,1,31
24379,02:10:30,114.041641,22.657782,1,49
24379,02:10:40,114.042229,22.658812,1,37
24379,02:11:29,114.042198,22.659067,1,12
24379,02:11:40,114.041809,22.658367,1,34
24379,02:12:21,114.041809,22.658367,1,0
24379,02:12:30,114.039017,22.653351,1,47
24379,02:12:40,114.03846,22.652475,1,28
24379,02:13:30,114.035896,22.654837,1,3
24379,02:13:40,114.035889,22.654867,1,2
24379,02:14:29,114.033211,22.656908,1,26
24379,02:14:40,114.032791,22.657272,1,25
24379,02:15:40,114.034775,22.659943,1,1
24379,02:16:30,114.036896,22.658472,1,15
24379,02:16:40,114.036972,22.65843,1,1
24379,02:17:29,114.03698,22.658367,1,0
24379,02:17:40,114.036972,22.658361,1,0
24379,02:18:05,114.036972,22.658361,1,0
24379,02:18:29,114.039078,22.657051,1,1
24379,02:18:39,114.039108,22.657078,1,0
24379,02:19:12,114.039185,22.657169,1,0
24379,02:19:30,114.039154,22.657108,0,7
24379,02:19:40,114.038658,22.65737,0,30
24379,02:20:30,114.037453,22.658148,0,0
24379,02:20:40,114.03746,22.658146,0,0
24379,02:21:29,114.035942,22.659307,0,37
24379,02:21:40,114.035141,22.659931,0,39
24379,02:22:30,114.03376,22.660982,0,11
24379,02:22:40,114.03331,22.661474,0,37
24379,02:23:30,114.030724,22.66461,0,0
24379,02:23:40,114.030731,22.664606,0,1
24379,02:23:42,114.030739,22.664604,0,0
24379,02:23:54,114.030739,22.664604,0,0
24379,02:24:29,114.032158,22.667259,1,44
24379,02:24:40,114.032486,22.668447,1,27
24379,02:25:29,114.032448,22.668631,1,0
24379,02:25:40,114.03244,22.668638,1,0
24379,02:26:30,114.034195,22.672344,1,54
24379,02:26:40,114.034882,22.673822,1,58
24379,02:27:29,114.038132,22.674603,1,45
24379,02:27:40,114.039215,22.674545,1,29
24379,02:28:29,114.039597,22.674526,1,0
24379,02:28:39,114.039589,22.674522,1,0
24379,02:29:30,114.042221,22.677362,1,69
24379,02:29:38,114.042221,22.677362,1,0
24379,02:29:40,114.043358,22.678879,1,58
24379,02:30:30,114.044052,22.681753,1,55
24379,02:30:40,114.044151,22.683468,1,67
24379,02:31:29,114.044411,22.688269,1,42
24379,02:31:40,114.044479,22.689802,1,63
24379,02:32:30,114.044693,22.694872,1,1
24379,02:32:58,114.044685,22.694958,1,14
24379,02:33:30,114.044518,22.698082,0,37
24379,02:33:40,114.044495,22.698294,0,0
24379,02:34:29,114.044464,22.699903,0,1
24379,02:34:40,114.044472,22.699896,0,0
24379,02:35:22,114.044472,22.699896,0,0
24379,02:35:29,114.044121,22.703617,0,36
24379,02:35:40,114.043854,22.704018,0,10
24379,02:36:30,114.044334,22.698925,0,29
24379,02:36:40,114.04435,22.698692,0,0
24379,02:37:30,114.044502,22.695345,0,61
24379,02:37:40,114.044579,22.69384,0,37
24379,02:38:29,114.045753,22.693014,0,42
24379,02:38:39,114.047272,22.692797,0,60
24379,02:39:30,114.052254,22.692297,0,5
24379,02:39:40,114.052246,22.692289,0,1
24379,02:40:30,114.05188,22.692007,0,44
24379,02:40:40,114.053307,22.691807,0,52
24379,02:41:06,114.053307,22.691807,0,0
24379,02:41:29,114.061348,22.691307,0,64
24379,02:41:40,114.063248,22.691637,0,65
24379,02:42:30,114.068466,22.692518,0,41
24379,02:42:40,114.069977,22.692801,0,56
24379,02:43:30,114.076958,22.694845,0,63
24379,02:43:40,114.078773,22.695461,0,68
24379,02:44:29,114.084396,22.697599,0,0
24379,02:44:40,114.084389,22.697603,0,1
24379,02:45:29,114.088089,22.701826,0,31
24379,02:45:40,114.08918,22.701559,0,48
24379,02:46:30,114.096184,22.701637,0,45
24379,02:46:40,114.097229,22.701048,0,45
24379,02:46:50,114.097229,22.701048,0,0
24379,02:47:29,114.104378,22.698841,0,64
24379,02:47:40,114.106201,22.698341,0,57
24379,02:48:29,114.109421,22.697483,0,0
24379,02:48:39,114.109413,22.697508,0,8
24379,02:48:43,114.109444,22.69751,0,3
24379,02:49:06,114.110611,22.697365,1,31
24379,02:49:30,114.113091,22.69738,0,49
24379,02:50:30,114.115952,22.696629,0,7
24379,02:50:40,114.116539,22.696686,0,26
24379,02:51:29,114.121109,22.698442,0,19
24379,02:51:40,114.122246,22.698395,0,55
24379,02:52:30,114.127098,22.694359,0,34
24379,02:52:35,114.127098,22.694359,0,0
24379,02:52:40,114.127663,22.694447,0,30
24379,02:53:30,114.12999,22.695827,0,10
24379,02:53:40,114.13002,22.695852,0,0
24379,02:54:29,114.129608,22.695606,0,19
24379,02:54:40,114.129112,22.695263,0,16
24379,02:55:29,114.128426,22.694868,0,0
24379,02:55:40,114.128426,22.694851,0,0
24379,02:56:40,114.128372,22.694887,0,3
24379,02:57:29,114.128395,22.694796,0,0
24379,02:58:19,114.128395,22.694796,0,0
24379,03:12:30,114.126724,22.695091,0,31
24379,03:12:47,114.125656,22.696293,0,27
24379,03:13:30,114.125534,22.696512,0,0
24379,03:13:47,114.124924,22.697344,0,42
24379,03:14:29,114.121445,22.698544,0,0
24379,03:14:47,114.121452,22.698547,0,0
24379,03:15:30,114.118591,22.697239,0,55
24379,03:15:30,114.121452,22.698547,0,0
24379,03:15:47,114.116676,22.696732,0,39
24379,03:16:30,114.115051,22.701754,0,56
24379,03:16:47,114.113945,22.703545,0,29
24379,03:17:30,114.11306,22.704849,0,6
24379,03:17:47,114.112465,22.70557,0,16
24379,03:18:29,114.110847,22.705933,0,25
24379,03:18:47,114.110016,22.705933,0,1
24379,03:19:30,114.110039,22.705915,0,4
24379,03:19:47,114.11039,22.705868,0,21
24379,03:20:30,114.11219,22.705757,0,24
24379,03:20:47,114.112869,22.705027,0,16
24379,03:21:13,114.112869,22.705027,0,0
24379,03:21:29,114.113647,22.703781,0,12
24379,03:21:47,114.114296,22.703028,0,30
24379,03:22:30,114.116234,22.699118,0,43
24379,03:22:47,114.116402,22.697336,0,28
24379,03:23:30,114.116478,22.696939,0,0
24379,03:23:47,114.116463,22.696856,0,8
24379,03:24:29,114.119972,22.697817,0,49
24379,03:24:47,114.121376,22.698702,0,27
24379,03:25:30,114.122742,22.699881,0,24
24379,03:25:47,114.123672,22.698692,0,19
24379,03:26:30,114.125961,22.700045,0,30
24379,03:26:47,114.127197,22.70088,0,30
24379,03:26:57,114.125961,22.700045,0,0
24379,03:27:30,114.130402,22.702965,0,32
24379,03:27:47,114.131454,22.703905,0,26
24379,03:28:29,114.128929,22.707663,0,39
24379,03:28:47,114.130615,22.709293,0,54
24379,03:29:30,114.135117,22.713905,0,61
24379,03:29:47,114.137032,22.715784,0,38
24379,03:30:30,114.138535,22.716192,0,0
24379,03:33:30,114.139221,22.715771,0,1
24379,03:34:29,114.13913,22.716206,0,0
24379,03:46:30,114.139259,22.716139,0,3
24379,03:47:30,114.139198,22.716177,0,0
24379,04:00:29,114.138123,22.716515,0,30
24379,04:00:46,114.136986,22.715937,0,37
24379,04:01:22,114.136986,22.715937,0,0
24379,04:01:29,114.132927,22.711824,0,64
24379,04:01:48,114.13073,22.709543,0,65
24379,04:02:30,114.129669,22.705702,0,46
24379,04:02:48,114.131104,22.704155,0,43
24379,04:03:30,114.132286,22.701336,0,38
24379,04:03:47,114.131714,22.700586,0,14
24379,04:04:29,114.133095,22.700048,0,33
24379,04:04:47,114.134354,22.700453,0,37
24379,04:05:30,114.13887,22.697182,0,30
24379,04:05:48,114.138496,22.695511,0,46
24379,04:06:30,114.137428,22.691883,0,13
24379,04:06:47,114.138062,22.69075,0,32
24379,04:07:05,114.138062,22.69075,0,0
24379,04:07:30,114.138786,22.689554,0,0
24379,04:08:30,114.138283,22.690584,0,30
24379,04:08:48,114.137543,22.69158,0,20
24379,04:09:30,114.138641,22.696037,0,52
24379,04:09:48,114.138702,22.697458,0,36
24379,04:10:30,114.133995,22.700872,0,33
24379,04:10:47,114.132545,22.699768,0,41
24379,04:11:29,114.131355,22.69681,0,18
24379,04:11:48,114.130554,22.696241,0,8
24379,04:12:30,114.129295,22.695511,0,9
24379,04:12:48,114.128838,22.695192,0,1
24379,04:12:49,114.129295,22.695511,0,0
24379,04:13:30,114.128731,22.695122,0,0
24379,04:30:11,114.127441,22.694098,0,24
24379,04:30:30,114.128448,22.692753,0,38
24379,04:31:11,114.131538,22.690666,0,25
24379,04:31:29,114.131409,22.689697,0,13
24379,04:32:12,114.13166,22.68961,0,0
24379,04:32:30,114.131645,22.689608,0,0
24379,04:33:11,114.131577,22.689568,0,0
24379,04:33:30,114.131599,22.6896,0,0
24379,04:34:11,114.131577,22.689592,0,2
24379,04:34:29,114.131599,22.689577,0,1
24379,04:35:30,114.131683,22.689631,0,0
24379,04:35:48,114.131683,22.689631,0,0
24379,06:28:05,114.131248,22.689682,0,9
24379,06:28:30,114.131233,22.690218,0,7
24379,06:29:06,114.132576,22.690878,0,47
24379,06:29:30,114.134544,22.689898,0,0
24379,06:30:06,114.134537,22.689934,0,0
24379,06:30:24,114.134537,22.689934,0,0
24379,06:30:30,114.135506,22.689434,0,36
24379,06:31:05,114.13958,22.687086,0,51
24379,06:31:29,114.142456,22.685287,0,31
24379,06:32:06,114.142601,22.685127,0,0
24379,06:32:30,114.142593,22.685133,0,0
24379,06:33:06,114.1418,22.685896,0,47
24379,06:33:30,114.140556,22.68667,0,1
24379,06:34:05,114.13842,22.687843,0,37
24379,06:34:30,114.135925,22.689222,0,29
24379,06:35:06,114.13324,22.690651,0,46
24379,06:35:30,114.130432,22.691553,0,49
24379,06:36:06,114.127289,22.694313,0,17
24379,06:36:09,114.127289,22.694313,0,0
24379,06:36:30,114.126617,22.695145,0,34
24379,06:37:06,114.125961,22.697124,0,26
24379,06:37:30,114.126625,22.697601,0,18
24379,06:38:05,114.128426,22.698853,0,24
24379,06:38:30,114.129074,22.699221,0,5
24379,06:39:06,114.12928,22.699341,0,0
24379,06:39:30,114.129295,22.69935,0,0
24379,06:40:06,114.12928,22.699333,0,0
24379,06:40:30,114.12928,22.699337,0,0
24379,06:41:05,114.129196,22.699331,0,0
24379,06:41:30,114.129211,22.69932,0,0
24379,06:41:53,114.129211,22.69932,0,0
24379,06:42:06,114.129181,22.699287,0,1
24379,06:42:30,114.129219,22.699265,0,0
24379,06:42:52,114.129242,22.699282,0,0
24379,06:42:58,114.129242,22.699272,1,1
24379,06:43:06,114.129234,22.699266,0,0
24379,06:43:30,114.129242,22.699278,0,1
24379,06:44:05,114.130432,22.700127,0,33
24379,06:44:30,114.132271,22.701214,0,44
24379,06:45:06,114.13475,22.700172,0,58
24379,06:45:30,114.138031,22.697653,0,62
24379,06:46:06,114.142609,22.694952,0,74
24379,06:46:30,114.146439,22.692724,0,45
24379,06:47:05,114.147156,22.690067,0,58
24379,06:47:30,114.145027,22.687773,0,31
24379,06:47:37,114.145027,22.687773,0,0
24379,06:48:06,114.142914,22.685144,0,0
24379,06:48:30,114.142944,22.685167,0,0
24379,06:49:06,114.142952,22.685184,0,0
24379,06:49:30,114.142899,22.685139,0,13
24379,06:50:06,114.144958,22.68092,0,76
24379,06:50:30,114.145988,22.678324,0,7
24379,06:51:05,114.147362,22.674538,0,62
24379,06:51:30,114.146477,22.669579,0,91
24379,06:52:06,114.143509,22.663322,0,77
24379,06:52:30,114.141609,22.659203,0,73
24379,06:53:06,114.141205,22.654343,0,81
24379,06:53:20,114.141205,22.654343,0,0
24379,06:53:30,114.143555,22.649181,0,83
24379,06:54:05,114.14846,22.643782,0,89
24379,06:54:30,114.150177,22.640251,0,39
24379,06:55:06,114.150406,22.638069,0,36
24379,06:55:30,114.149216,22.635918,0,54
24379,06:56:06,114.145538,22.633389,0,41
24379,06:56:30,114.145638,22.629892,0,69
24379,06:57:05,114.141769,22.627657,0,71
24379,06:57:30,114.138702,22.627117,0,61
24379,06:58:06,114.132835,22.623165,0,50
24379,06:58:30,114.130257,22.620255,0,55
24379,06:59:04,114.130257,22.620255,0,0
24379,06:59:06,114.127403,22.616898,0,70
24379,06:59:30,114.123825,22.614067,0,75
24379,07:00:06,114.122894,22.613482,0,0
24379,07:00:30,114.12291,22.61348,0,0
24379,07:01:30,114.119453,22.611076,0,40
24379,07:02:06,114.114128,22.609587,0,50
24379,07:02:30,114.11116,22.609549,0,32
24379,07:03:06,114.10955,22.610132,0,8
24379,07:03:30,114.109398,22.610361,0,0
24379,07:04:05,114.10939,22.610397,0,0
24379,07:04:48,114.108589,22.610924,0,0
24379,07:05:06,114.108444,22.611109,0,0
24379,07:05:30,114.108467,22.611097,0,1
24379,07:06:06,114.108437,22.610861,0,28
24379,07:06:30,114.109917,22.609793,0,2
24379,07:07:05,114.110207,22.609663,0,19
24379,07:07:30,114.114182,22.609491,0,66
24379,07:08:02,114.117989,22.610001,0,1
24379,07:08:06,114.118057,22.610058,1,15
24379,07:08:30,114.119514,22.610945,1,16
24379,07:09:06,114.122894,22.613281,1,42
24379,07:09:30,114.12532,22.61359,1,38
24379,07:10:06,114.129066,22.611687,1,54
24379,07:10:30,114.131668,22.614697,1,51
24379,07:10:33,114.129066,22.611687,1,0
24379,07:11:05,114.134171,22.61701,1,21
24379,07:11:30,114.136253,22.619917,1,55
24379,07:12:06,114.139885,22.622231,1,52
24379,07:12:30,114.14341,22.622318,1,50
24379,07:13:06,114.149979,22.623358,1,62
24379,07:13:30,114.153778,22.624596,1,58
24379,07:14:05,114.153282,22.625044,1,63
24379,07:14:30,114.151802,22.630068,1,91
24379,07:15:06,114.150826,22.637058,1,66
24379,07:15:30,114.15007,22.641731,1,79
24379,07:16:06,114.146538,22.646114,1,52
24379,07:16:17,114.146538,22.646114,1,0
24379,07:16:30,114.144035,22.648926,1,61
24379,07:17:06,114.14119,22.655546,1,83
24379,07:17:30,114.142288,22.660391,1,67
24379,07:18:06,114.14492,22.666039,1,81
24379,07:18:30,114.146675,22.669878,1,74
24379,07:19:06,114.147133,22.676186,1,65
24379,07:19:30,114.145691,22.679489,1,64
24379,07:20:06,114.14341,22.684387,1,43
24379,07:20:30,114.143074,22.684805,1,0
24379,07:21:05,114.142815,22.685083,1,35
24379,07:21:30,114.140213,22.686867,1,55
24379,07:22:02,114.140213,22.686867,1,0
24379,07:22:06,114.136086,22.68919,1,52
24379,07:22:30,114.134941,22.689882,1,0
24379,07:23:06,114.133583,22.690496,1,46
24379,07:23:30,114.130386,22.69158,1,46
24379,07:24:30,114.127472,22.694017,1,0
24379,07:25:06,114.12616,22.695675,1,58
24379,07:25:30,114.125504,22.696581,1,0
24379,07:26:06,114.125534,22.696571,1,0
24379,07:26:30,114.125526,22.696577,1,0
24379,07:27:06,114.124489,22.697756,1,39
24379,07:27:30,114.124222,22.698248,1,1
24379,07:27:46,114.124222,22.698248,1,0
24379,07:28:06,114.12397,22.698202,1,1
24379,07:28:30,114.123894,22.698248,1,0
24379,07:29:06,114.123764,22.698242,1,0
24379,07:29:30,114.124023,22.698563,1,5
24379,07:30:06,114.1222,22.698498,1,6
24379,07:30:30,114.122139,22.698469,1,0
24379,07:31:05,114.120575,22.699133,1,36
24379,07:31:31,114.119415,22.701048,1,17
24379,07:32:06,114.117798,22.704702,1,62
24379,07:32:30,114.116295,22.707718,1,69
24379,07:33:06,114.113785,22.711432,1,58
24379,07:33:30,114.112747,22.712914,1,2
24379,07:33:31,114.113785,22.711432,1,0
24379,07:34:05,114.112785,22.712891,1,0
24379,07:34:30,114.112434,22.713243,1,30
24379,07:35:06,114.106407,22.713465,1,75
24379,07:35:30,114.100807,22.713467,1,82
24379,07:36:06,114.097221,22.715067,1,44
24379,07:36:30,114.097321,22.718773,1,54
24379,07:37:06,114.097466,22.723076,1,60
24379,07:37:30,114.09761,22.726591,1,54
24379,07:38:06,114.097679,22.731752,1,23
24379,07:38:30,114.096931,22.731976,1,45
24379,07:39:06,114.092194,22.731213,1,49
24379,07:39:15,114.092194,22.731213,1,0
24379,07:39:30,114.088814,22.730312,1,56
24379,07:40:06,114.086258,22.728369,1,0
24379,07:40:30,114.086197,22.728291,1,6
24379,07:41:05,114.083084,22.727045,1,33
24379,07:41:31,114.080673,22.726372,1,37
24379,07:42:06,114.076706,22.726503,1,20
24379,07:42:30,114.076622,22.726479,1,0
24379,07:43:06,114.074371,22.72538,1,37
24379,07:43:30,114.072044,22.724634,1,35
24379,07:44:05,114.069138,22.723909,1,57
24379,07:44:31,114.066406,22.724154,1,30
24379,07:45:01,114.066406,22.724154,1,0
24379,07:45:30,114.062439,22.731058,1,0
24379,07:46:06,114.06105,22.732733,1,76
24379,07:46:30,114.055443,22.73391,1,92
24379,07:47:06,114.047577,22.734177,1,69
24379,07:47:30,114.041916,22.733103,1,89
24379,07:48:06,114.037285,22.73019,1,16
24379,07:49:06,114.036629,22.729597,1,34
24379,07:49:30,114.034073,22.727808,1,28
24379,07:50:06,114.028999,22.727697,1,73
24379,07:50:30,114.026947,22.728783,1,0
24379,07:50:44,114.026947,22.728783,1,0
24379,07:51:05,114.025558,22.729443,1,67
24379,07:51:31,114.021751,22.731373,1,40
24379,07:52:06,114.018745,22.732733,1,60
24379,07:52:30,114.014275,22.734203,1,71
24379,07:53:06,114.01442,22.733763,1,21
24379,07:53:30,114.011879,22.733686,1,37
24379,07:53:51,114.01046,22.73325,1,1
24379,07:54:05,114.01049,22.733223,0,2
24379,07:54:31,114.010475,22.7332,0,1
24379,07:55:06,114.011719,22.733393,0,33
24379,07:55:30,114.014038,22.733707,0,38
24379,07:56:06,114.01709,22.733221,0,49
24379,07:56:28,114.01709,22.733221,0,0
24379,07:56:30,114.020058,22.731956,0,41
24379,07:57:06,114.021423,22.729399,0,42
24379,07:57:30,114.021339,22.726381,0,35
24379,07:58:06,114.022148,22.723551,0,25
24379,07:58:30,114.022186,22.723373,0,17
24379,07:59:06,114.023972,22.720263,0,53
24379,07:59:30,114.026581,22.718857,0,46
24379,08:00:06,114.031296,22.716793,0,57
24379,08:00:30,114.033707,22.715075,0,29
24379,08:01:05,114.035454,22.7148,0,29
24379,08:01:31,114.035934,22.714832,0,0
24379,08:02:06,114.036537,22.71496,0,20
24379,08:02:12,114.035934,22.714832,0,0
24379,08:02:30,114.037209,22.715151,0,3
24379,08:03:06,114.039207,22.715734,0,22
24379,08:03:30,114.040321,22.715895,0,23
24379,08:04:05,114.040619,22.715136,0,13
24379,08:04:31,114.040726,22.715067,0,1
24379,08:05:06,114.040756,22.715021,0,0
24379,08:06:06,114.043121,22.71549,0,1
24379,08:06:30,114.043106,22.715517,0,0
24379,08:07:06,114.043198,22.715534,0,16
24379,08:07:30,114.044899,22.716026,0,36
24379,08:07:56,114.044899,22.716026,0,0
24379,08:08:06,114.047615,22.717043,0,10
24379,08:08:30,114.04937,22.717779,0,43
24379,08:09:06,114.052071,22.719923,0,54
24379,08:09:30,114.054092,22.721716,0,61
24379,08:10:06,114.05629,22.723431,0,44
24379,08:10:30,114.05793,22.723694,0,12
24379,08:11:05,114.059792,22.723198,0,0
24379,08:11:31,114.060211,22.723068,0,0
24379,08:12:06,114.060928,22.722748,0,17
24379,08:12:30,114.061958,22.720739,0,38
24379,08:13:06,114.064224,22.717319,0,51
24379,08:13:30,114.06588,22.716692,0,0
24379,08:13:40,114.06588,22.716692,0,0
24379,08:14:05,114.067955,22.716267,0,31
24379,08:14:31,114.070137,22.714865,0,4
24379,08:15:06,114.070518,22.714668,0,1
24379,08:15:30,114.071869,22.713617,0,39
24379,08:16:06,114.074837,22.710896,0,40
24379,08:16:30,114.076958,22.709131,0,36
24379,08:17:06,114.07859,22.707987,0,0
24379,08:17:30,114.079788,22.707064,0,46
24379,08:18:06,114.082787,22.704304,0,47
24379,08:18:30,114.08461,22.703472,0,13
24379,08:19:23,114.085258,22.70326,0,0
24379,08:19:30,114.082619,22.704531,0,58
24379,08:20:06,114.079308,22.707581,0,0
24379,08:20:30,114.07933,22.707537,0,1
24379,08:21:06,114.078064,22.708391,0,37
24379,08:21:31,114.075188,22.710684,0,66
24379,08:22:06,114.071335,22.714092,0,56
24379,08:23:06,114.067307,22.716473,0,0
24379,08:23:30,114.065331,22.716988,0,52
24379,08:24:05,114.062874,22.718699,0,48
24379,08:24:31,114.062134,22.720364,0,34
24379,08:25:06,114.061607,22.722307,0,0
24379,08:25:08,114.061607,22.722307,0,0
24379,08:25:30,114.061569,22.722364,0,17
24379,08:26:06,114.059967,22.72336,0,1
24379,08:26:30,114.059738,22.723213,0,1
24379,08:27:06,114.059029,22.723475,0,27
24379,08:27:30,114.058083,22.723642,0,10
24379,08:28:06,114.056725,22.723452,0,31
24379,08:28:30,114.055351,22.722883,0,26
24379,08:29:06,114.052498,22.720335,0,40
24379,08:29:30,114.050674,22.718702,0,14
24379,08:30:06,114.050629,22.718737,0,0
24379,08:30:30,114.050018,22.718143,0,31
24379,08:30:52,114.050018,22.718143,0,0
24379,08:31:06,114.051674,22.719507,0,56
24379,08:31:31,114.054115,22.721678,0,43
24379,08:32:06,114.055916,22.723257,0,42
24379,08:32:30,114.058235,22.72364,0,39
24379,08:33:06,114.058594,22.723537,0,0
24379,08:33:30,114.059265,22.723377,0,29
24379,08:34:05,114.060204,22.723043,0,3
24379,08:34:31,114.060349,22.722969,0,13
24379,08:35:06,114.061874,22.720972,0,13
24379,08:35:30,114.062431,22.719265,0,36
24379,08:36:30,114.068336,22.716108,0,39
24379,08:36:37,114.068336,22.716108,0,0
24379,08:37:06,114.071976,22.713507,0,52
24379,08:37:30,114.074219,22.711542,0,59
24379,08:38:06,114.078506,22.708027,0,51
24379,08:38:30,114.078751,22.707876,0,0
24379,08:39:06,114.07972,22.707117,0,57
24379,08:40:06,114.08252,22.704517,0,27
24379,08:40:30,114.082809,22.703514,0,21
24379,08:41:06,114.081451,22.702908,0,14
24379,08:41:31,114.080856,22.702723,0,12
24379,08:42:06,114.079735,22.701975,0,14
24379,08:42:21,114.079735,22.701975,0,0
24379,08:42:30,114.079826,22.700817,0,31
24379,08:43:06,114.083015,22.698677,0,40
24379,08:43:30,114.083725,22.697412,0,36
24379,08:44:06,114.079506,22.695881,0,47
24379,08:44:31,114.076309,22.694805,0,49
24379,08:45:06,114.072433,22.693447,0,27
24379,08:46:06,114.072189,22.690235,0,14
24379,08:46:30,114.072418,22.689625,0,7
24379,08:47:06,114.07283,22.688023,0,23
24379,08:47:30,114.072762,22.687548,0,11
24379,08:48:06,114.070587,22.686459,0,30
24379,08:48:08,114.070587,22.686459,0,0
24379,08:48:30,114.06958,22.686247,0,7
24379,08:49:06,114.068985,22.685947,0,6
24379,08:49:30,114.068695,22.685743,0,3
24379,08:50:06,114.068275,22.685373,0,6
24379,08:50:30,114.067642,22.684799,0,13
24379,08:51:06,114.06646,22.683857,0,10
24379,08:51:31,114.065063,22.684813,0,55
24379,08:52:06,114.062958,22.687614,0,24
24379,08:52:30,114.06385,22.687956,0,0
24379,08:53:30,114.062469,22.689032,0,51
24379,08:53:52,114.062469,22.689032,0,0
24379,08:54:06,114.063507,22.691656,0,40
24379,08:54:31,114.067146,22.692303,0,41
24379,08:55:06,114.071609,22.693172,0,56
24379,08:55:30,114.075066,22.694212,0,70
24379,08:56:06,114.081322,22.696369,0,73
24379,08:56:30,114.083893,22.6973,0,6
24379,08:57:06,114.083885,22.697317,0,0
24379,08:57:30,114.084419,22.69759,0,27
24379,08:58:06,114.08696,22.700058,0,44
24379,08:58:31,114.087662,22.701351,0,18
24379,08:59:06,114.090645,22.701576,0,59
24379,08:59:30,114.092827,22.701872,0,7
24379,08:59:36,114.092827,22.701872,0,0
24379,09:00:06,114.095245,22.702023,0,56
24379,09:00:30,114.096367,22.701403,0,0
24379,09:01:06,114.098236,22.700611,0,41
24379,09:01:31,114.100937,22.699713,0,31
24379,09:02:06,114.104523,22.698803,0,59
24379,09:02:30,114.106941,22.698179,0,14
24379,09:03:06,114.110863,22.697332,0,46
24379,09:03:30,114.114487,22.697123,0,73
24379,09:04:06,114.11599,22.696646,0,0
24379,09:04:31,114.11599,22.696648,0,0
24379,09:05:06,114.115997,22.696632,0,1
24379,09:05:20,114.115997,22.696632,0,0
24379,09:05:30,114.116013,22.696629,0,2
24379,09:06:06,114.118805,22.697166,0,49
24379,09:06:30,114.120384,22.697968,0,30
24379,09:07:06,114.120911,22.698229,0,0
24379,09:07:30,114.121284,22.698406,0,25
24379,09:08:06,114.124413,22.697733,0,46
24379,09:08:31,114.12516,22.696909,0,0
24379,09:09:06,114.125183,22.696905,0,0
24379,09:09:30,114.125221,22.696909,0,0
24379,09:10:30,114.125908,22.697033,0,15
24379,09:11:04,114.125908,22.697033,0,0
24379,09:11:06,114.127121,22.69791,0,1
24379,09:11:31,114.127151,22.697929,0,1
24379,09:12:06,114.127907,22.698452,0,25
24379,09:12:30,114.129257,22.69932,0,22
24379,09:13:06,114.131447,22.700743,0,15
24379,09:14:06,114.132103,22.703245,0,59
24379,09:14:31,114.129883,22.705622,0,53
24379,09:15:06,114.130264,22.708862,0,52
24379,09:15:30,114.132874,22.711597,0,64
24379,09:16:06,114.135361,22.714117,0,49
24379,09:16:30,114.137497,22.716082,0,37
24379,09:16:50,114.137497,22.716082,0,0
24379,09:17:06,114.141289,22.716208,0,58
24379,09:17:31,114.14473,22.715216,0,40
24379,09:18:06,114.150635,22.714909,0,67
24379,09:18:31,114.154518,22.71537,0,39
24379,09:19:06,114.159019,22.716621,0,35
24379,09:19:30,114.159431,22.716818,0,1
24379,09:20:06,114.159439,22.716822,0,0
24379,09:20:30,114.159439,22.71681,0,0
24379,09:21:06,114.159538,22.716829,0,17
24379,09:21:31,114.16008,22.717651,0,0
24379,09:22:06,114.16011,22.717922,0,0
24379,09:22:11,114.160118,22.717922,0,0
24379,09:22:30,114.160103,22.718233,1,26
24379,09:22:35,114.160103,22.718233,1,0
24379,09:23:06,114.159233,22.72201,1,5
24379,09:23:30,114.159103,22.721907,1,7
24379,09:24:06,114.159821,22.719481,1,45
24379,09:24:31,114.159592,22.717249,1,25
24379,09:24:33,114.159515,22.717152,1,24
24379,09:25:06,114.155228,22.715677,0,61
24379,09:25:30,114.151138,22.71504,0,74
24379,09:26:06,114.145172,22.7153,0,36
24379,09:26:30,114.141922,22.716194,0,64
24379,09:27:06,114.137482,22.716328,0,42
24379,09:27:31,114.136566,22.715584,0,19
24379,09:28:06,114.134232,22.713299,0,0
24379,09:28:22,114.134232,22.713299,0,0
24379,09:28:31,114.134247,22.71332,0,0
24379,09:29:06,114.134041,22.713099,0,15
24379,09:29:30,114.132477,22.711472,0,1
24379,09:30:06,114.129852,22.708605,0,80
24379,09:31:06,114.131409,22.70396,0,0
24379,09:31:31,114.131706,22.703611,0,41
24379,09:32:06,114.133904,22.701113,0,25
24379,09:32:30,114.13604,22.699165,0,51
24379,09:33:06,114.13871,22.697123,0,17
24379,09:33:30,114.138351,22.695278,0,37
24379,09:34:06,114.137344,22.692133,0,25
24379,09:34:07,114.138351,22.695278,0,0
24379,09:34:31,114.13797,22.690809,0,14
24379,09:35:06,114.138916,22.689266,0,5
24379,09:35:30,114.139191,22.68885,0,15
24379,09:36:06,114.139137,22.687836,0,0
24379,09:36:30,114.139183,22.687775,0,0
24379,09:37:06,114.139214,22.687731,0,1
24379,09:37:31,114.138771,22.687538,0,18
24379,09:37:44,114.138771,22.687538,0,0
24379,09:38:06,114.137161,22.686153,0,9
24379,09:38:31,114.138786,22.684313,0,53
24379,09:39:06,114.137863,22.680777,0,49
24379,09:39:30,114.136024,22.679043,0,60
24379,09:39:34,114.135498,22.67869,0,56
24379,09:39:53,114.135498,22.67869,0,0
24379,09:40:06,114.134666,22.678204,1,0
24379,09:40:30,114.134521,22.677692,1,29
24379,09:41:06,114.136139,22.674831,1,17
24379,09:41:31,114.135757,22.676523,1,29
24379,09:42:06,114.136894,22.676937,1,0
24379,09:42:30,114.136047,22.676647,1,7
24379,09:43:06,114.134834,22.677622,1,11
24379,09:43:28,114.134224,22.678434,1,36
24379,09:43:30,114.134117,22.678585,0,34
24379,09:44:07,114.132248,22.681252,0,27
24379,09:44:31,114.133553,22.682568,0,38
24379,09:45:06,114.136917,22.685858,0,35
24379,09:45:30,114.138222,22.687033,0,26
24379,09:45:38,114.138222,22.687033,0,0
24379,09:46:06,114.137177,22.688538,0,49
24379,09:46:30,114.136253,22.689085,0,6
24379,09:47:31,114.132294,22.691046,0,36
24379,09:48:06,114.129288,22.692118,0,10
24379,09:48:24,114.129288,22.692118,0,0
24379,09:48:31,114.129143,22.692211,0,16
24379,09:49:06,114.127594,22.693821,0,0
24379,09:49:30,114.127495,22.693913,0,15
24379,09:50:06,114.12886,22.692167,0,17
24379,09:50:30,114.128258,22.691036,0,19
24379,09:51:06,114.126884,22.690939,0,0
24379,09:51:24,114.126884,22.690939,0,0
24379,09:51:31,114.126846,22.690931,0,0
24379,09:52:06,114.126389,22.690813,0,28
24379,09:52:54,114.124718,22.69038,0,1
24379,09:53:06,114.124733,22.690374,0,6
24379,09:53:54,114.12706,22.690838,0,28
24379,09:54:07,114.127846,22.690775,0,10
24379,09:54:54,114.130478,22.691402,0,37
24379,09:55:06,114.13131,22.691162,0,19
24379,09:55:54,114.131462,22.68955,0,11
24379,09:56:06,114.131561,22.689503,0,0
24379,09:56:54,114.131638,22.689562,0,0
24379,09:57:09,114.131638,22.689562,0,0
24379,10:24:27,114.131516,22.689558,0,0
24379,10:24:54,114.131401,22.689554,0,2
24379,10:25:27,114.131226,22.689793,0,8
24379,10:25:54,114.131615,22.690945,0,0
24379,10:25:59,114.131615,22.690945,0,0
24379,10:26:27,114.131683,22.690983,0,0
24379,10:26:54,114.13166,22.690971,0,0
24379,10:27:27,114.131653,22.690969,0,0
24379,10:28:27,114.131828,22.691023,0,21
24379,10:28:54,114.132645,22.690798,0,0
24379,10:29:27,114.13269,22.690805,0,12
24379,10:29:54,114.13401,22.690191,0,4
24379,10:30:26,114.134109,22.690117,0,0
24379,10:30:55,114.134102,22.690123,0,0
24379,10:31:27,114.134087,22.690117,0,0
24379,10:31:44,114.134087,22.690117,0,0
24379,10:31:54,114.135323,22.68944,0,34
24379,10:32:27,114.13868,22.687637,0,4
24379,10:32:54,114.137108,22.688522,0,36
24379,10:33:27,114.135803,22.689278,0,0
24379,10:33:55,114.13575,22.689299,0,10
24379,10:34:27,114.134033,22.690245,0,38
24379,10:34:54,114.131226,22.691296,0,34
24379,10:35:27,114.12841,22.692802,0,19
24379,10:35:54,114.127884,22.693441,0,9
24379,10:36:27,114.127853,22.693504,0,0
24379,10:36:54,114.12767,22.693745,0,12
24379,10:37:27,114.126472,22.695297,0,51
24379,10:37:30,114.12767,22.693745,0,0
24379,10:37:54,114.125809,22.696173,0,1
24379,10:38:27,114.125832,22.696148,0,0
24379,10:38:54,114.125481,22.696791,0,18
24379,10:39:27,114.127113,22.697874,0,22
24379,10:39:54,114.128723,22.699001,0,28
24379,10:40:26,114.130653,22.700317,0,27
24379,10:40:55,114.131073,22.701363,0,26
24379,10:41:52,114.131073,22.701363,0,0
24379,10:41:54,114.128548,22.701754,0,1
24379,10:42:27,114.127052,22.7008,0,8
24379,10:42:54,114.125916,22.700102,0,17
24379,10:43:16,114.125916,22.700102,0,0
24379,10:43:27,114.12426,22.698936,0,20
24379,10:43:55,114.122742,22.69841,0,17
24379,10:44:27,114.123619,22.698111,0,2
24379,10:45:27,114.123596,22.698107,0,0
24379,10:45:54,114.123589,22.698112,0,0
24379,10:46:27,114.123596,22.69813,0,0
24379,10:46:54,114.123589,22.698116,0,0
24379,10:47:27,114.123589,22.698114,0,0
24379,10:47:54,114.123581,22.698118,0,0
24379,10:48:27,114.123581,22.698111,0,0
24379,10:48:54,114.123573,22.698126,0,0
24379,10:49:02,114.123573,22.698126,0,0
24379,10:49:27,114.123581,22.698111,0,0
24379,10:49:54,114.123573,22.698122,0,0
24379,10:50:26,114.124855,22.697157,0,8
24379,10:50:55,114.124924,22.697178,0,0
24379,10:51:27,114.125168,22.696867,0,13
24379,10:51:54,114.124176,22.698235,0,18
24379,10:52:27,114.124611,22.69906,0,23
24379,10:52:54,114.125633,22.699873,0,15
24379,10:53:27,114.127434,22.701141,0,28
24379,10:53:55,114.129166,22.702082,0,32
24379,10:54:27,114.130379,22.702192,0,17
24379,10:54:48,114.130379,22.702192,0,0
24379,10:54:54,114.131165,22.701283,0,19
24379,10:55:27,114.130051,22.699966,0,30
24379,10:55:54,114.128273,22.698738,0,35
24379,10:56:27,114.126617,22.697674,0,18
24379,10:56:54,114.12635,22.697453,0,0
24379,10:57:27,114.126381,22.697443,0,0
24379,10:57:54,114.126366,22.697441,0,0
24379,10:58:54,114.126419,22.697454,0,0
24379,10:59:27,114.125504,22.696875,0,12
24379,10:59:54,114.125504,22.696871,0,1
24379,11:00:26,114.125458,22.696939,0,1
24379,11:00:34,114.125458,22.696939,0,0
24379,11:00:55,114.125443,22.696917,0,1
24379,11:01:27,114.125488,22.696888,0,4
24379,11:01:54,114.123505,22.698353,0,36
24379,11:02:27,114.122528,22.698483,0,0
24379,11:02:54,114.122391,22.69849,0,16
24379,11:03:24,114.122391,22.69849,0,0
24379,11:03:27,114.120491,22.698326,0,42
24379,11:03:39,114.120491,22.698326,0,0
24379,11:03:55,114.11805,22.696993,0,37
24379,11:04:27,114.117249,22.696623,0,0
24379,11:04:54,114.117157,22.696611,0,11
24379,11:05:27,114.113457,22.697426,0,63
24379,11:05:54,114.109482,22.697618,0,51
24379,11:06:23,114.109482,22.697618,0,0
24379,11:06:27,114.107635,22.698557,0,28
24379,11:06:54,114.107994,22.700111,0,14
24379,11:07:27,114.107758,22.699602,0,0
24379,11:07:55,114.10775,22.699577,0,3
24379,11:08:27,114.107483,22.698374,0,0
24379,11:08:54,114.107491,22.698378,0,0
24379,11:09:27,114.107506,22.698362,0,0
24379,11:09:54,114.107689,22.698023,0,30
24379,11:10:26,114.110512,22.697304,0,48
24379,11:10:55,114.113693,22.697304,0,51
24379,11:11:27,114.115784,22.696686,0,0
24379,11:11:54,114.115784,22.696676,0,0
24379,11:12:07,114.115784,22.696686,0,0
24379,11:12:27,114.115776,22.696692,0,2
24379,11:12:54,114.117409,22.696478,0,23
24379,11:13:27,114.119804,22.697739,0,26
24379,11:13:55,114.121567,22.698423,0,35
24379,11:14:14,114.121567,22.698423,0,0
24379,11:14:27,114.122452,22.698267,0,4
24379,11:14:54,114.123413,22.698172,0,12
24379,11:15:27,114.123627,22.698112,0,0
24379,11:15:54,114.123619,22.698092,0,0
24379,11:16:27,114.125076,22.696873,0,25
24379,11:16:54,114.12674,22.694752,0,35
24379,11:17:27,114.126938,22.694572,0,0
24379,11:17:51,114.126938,22.694572,0,0
24379,11:17:55,114.12693,22.694578,0,2
24379,11:18:27,114.128357,22.692881,0,38
24379,11:18:54,114.131615,22.69112,0,54
24379,11:19:27,114.133652,22.690351,0,11
24379,11:19:54,114.134209,22.689228,0,30
24379,11:20:26,114.132164,22.686392,0,49
24379,11:20:55,114.129372,22.685465,0,0
24379,11:21:27,114.129387,22.685471,0,0
24379,11:21:54,114.129379,22.685522,0,0
24379,11:22:27,114.129257,22.685532,0,22
24379,11:22:54,114.125359,22.684872,0,70
24379,11:23:27,114.122559,22.684443,0,0
24379,11:23:35,114.122559,22.684443,0,0
24379,11:23:55,114.122581,22.684433,0,0
24379,11:24:27,114.122597,22.684427,0,0
24379,11:24:54,114.12236,22.684307,0,24
24379,11:25:04,114.12236,22.684307,0,0
24379,11:25:54,114.122375,22.679985,0,19
24379,11:26:27,114.120781,22.679089,0,14
24379,11:26:54,114.120758,22.679102,0,0
24379,11:27:27,114.120323,22.678862,0,31
24379,11:27:55,114.122246,22.678869,0,15
24379,11:28:27,114.12265,22.680124,0,15
24379,11:29:19,114.122612,22.681427,0,0
24379,11:29:27,114.122452,22.683613,0,8
24379,11:29:54,114.122391,22.684057,0,0
24379,11:30:28,114.122368,22.684063,0,0
24379,11:30:55,114.122406,22.684032,0,0
24379,11:31:27,114.122086,22.68433,0,32
24379,11:31:54,114.118759,22.683889,0,51
24379,11:32:27,114.116379,22.685509,0,37
24379,11:32:54,114.116127,22.687666,0,64
24379,11:33:27,114.115578,22.692287,0,41
24379,11:33:55,114.115837,22.694954,0,62
24379,11:34:27,114.118332,22.696989,0,61
24379,11:34:54,114.120056,22.697838,0,0
24379,11:35:04,114.120056,22.697838,0,0
24379,11:35:12,114.120132,22.697872,0,9
24379,11:35:27,114.120842,22.698257,1,20
24379,11:35:46,114.120842,22.698257,1,0
24379,11:35:54,114.122551,22.698322,1,21
24379,11:36:27,114.125107,22.69692,1,0
24379,11:36:54,114.125122,22.696922,1,0
24379,11:37:27,114.125084,22.696939,1,0
24379,11:37:55,114.126022,22.695705,1,62
24379,11:38:27,114.128471,22.692591,1,39
24379,11:38:54,114.132217,22.690971,1,69
24379,11:39:27,114.134064,22.688936,1,32
24379,11:39:54,114.13205,22.68634,1,46
24379,11:40:28,114.129669,22.685499,1,0
24379,11:40:48,114.129669,22.685499,1,0
24379,11:40:55,114.129692,22.685497,1,0
24379,11:41:27,114.129692,22.685503,1,0
24379,11:41:54,114.128815,22.685349,1,37
24379,11:42:54,114.122719,22.684406,1,0
24379,11:43:27,114.122704,22.684412,1,0
24379,11:43:55,114.120819,22.684145,1,62
24379,11:44:27,114.116859,22.683537,1,0
24379,11:44:54,114.11689,22.683538,1,0
24379,11:45:27,114.11689,22.683567,1,0
24379,11:46:19,114.11689,22.683567,1,0
24379,11:46:27,114.117081,22.679052,1,26
24379,11:46:33,114.117081,22.679052,1,0
24379,11:46:35,114.117081,22.679052,1,0
24379,11:46:55,114.117172,22.675543,1,29
24379,11:47:27,114.117271,22.671972,1,43
24379,11:47:55,114.117432,22.667711,1,74
24379,11:48:27,114.118645,22.664818,1,49
24379,11:48:54,114.121696,22.662247,1,58
24379,11:49:27,114.121933,22.657017,1,56
24379,11:49:54,114.121674,22.654713,1,12
24379,11:50:27,114.121666,22.654713,1,0
24379,11:50:55,114.121674,22.654718,1,4
24379,11:51:27,114.12072,22.651859,1,51
24379,11:51:54,114.119263,22.650112,1,0
24379,11:52:16,114.119263,22.650112,1,0
24379,11:52:27,114.119278,22.650108,1,0
24379,11:52:54,114.119286,22.650114,1,0
24379,11:53:27,114.119041,22.649893,1,18
24379,11:53:55,114.120422,22.651108,1,52
24379,11:54:27,114.122665,22.654182,1,43
24379,11:54:54,114.124611,22.654188,1,15
24379,11:55:27,114.123001,22.654217,1,34
24379,11:55:54,114.121948,22.655943,1,47
24379,11:56:27,114.123055,22.656563,1,14
24379,11:56:55,114.122063,22.656948,1,33
24379,11:56:59,114.121948,22.655943,1,0
24379,11:57:16,114.122063,22.656948,1,0
24379,11:57:27,114.1222,22.659023,1,2
24379,11:57:55,114.122208,22.659096,1,3
24379,11:58:00,114.122208,22.659096,1,0
24379,11:58:27,114.122192,22.659105,1,0
24379,11:58:54,114.12204,22.658859,1,29
24379,11:59:54,114.121628,22.654697,1,17
24379,12:00:28,114.121574,22.654379,1,2
24379,12:00:55,114.121239,22.653103,1,6
24379,12:01:27,114.120667,22.651823,1,31
24379,12:01:50,114.119873,22.651106,1,0
24379,12:01:54,114.119843,22.651112,0,0
24379,12:02:27,114.118767,22.649813,0,11
24379,12:02:54,114.120888,22.651943,0,57
24379,12:03:27,114.122299,22.656548,0,31
24379,12:03:44,114.122299,22.656548,0,0
24379,12:03:55,114.122215,22.658493,0,42
24379,12:04:27,114.122253,22.658951,0,0
24379,12:04:54,114.122292,22.659502,0,26
24379,12:05:27,114.121468,22.662651,0,59
24379,12:05:54,114.118454,22.665686,0,13
24379,12:06:27,114.117844,22.666779,0,0
24379,12:06:55,114.1175,22.66853,0,50
24379,12:07:27,114.117455,22.672712,0,41
24379,12:07:55,114.117401,22.675318,0,47
24379,12:08:02,114.117401,22.675318,0,0
24379,12:08:27,114.117332,22.679119,0,51
24379,12:08:54,114.116997,22.681866,0,50
24379,12:09:27,114.116821,22.683102,0,0
24379,12:09:28,114.116997,22.681866,0,0
24379,12:09:54,114.116837,22.683079,0,0
24379,12:10:28,114.116547,22.684507,0,35
24379,12:10:55,114.116119,22.687544,0,64
24379,12:11:27,114.115646,22.691744,0,67
24379,12:11:54,114.116112,22.695587,0,61
24379,12:12:27,114.118912,22.697292,0,43
24379,12:13:27,114.120483,22.698095,0,2
24379,12:13:55,114.122849,22.700371,0,51
24379,12:14:27,114.124939,22.702793,0,44
24379,12:14:54,114.126106,22.70422,0,30
24379,12:15:14,114.126106,22.70422,0,0
24379,12:15:27,114.127747,22.706078,0,0
24379,12:15:54,114.127754,22.70606,0,0
24379,12:16:27,114.128319,22.70672,0,0
24379,12:16:55,114.129532,22.708044,0,34
24379,12:17:27,114.129745,22.708162,0,0
24379,12:17:55,114.129761,22.708218,0,15
24379,12:18:27,114.129982,22.707952,0,14
24379,12:18:54,114.129196,22.707029,0,12
24379,12:19:27,114.12957,22.705803,0,53
24379,12:19:54,114.130997,22.704212,0,0
24379,12:20:28,114.130898,22.70418,0,2
24379,12:20:55,114.130287,22.703039,0,31
24379,12:21:00,114.130287,22.703039,0,0
24379,12:21:27,114.129326,22.702286,0,22
24379,12:21:54,114.128754,22.701872,0,2
24379,12:22:03,114.128738,22.701881,0,1
24379,12:22:27,114.127907,22.701378,1,10
24379,12:22:54,114.126709,22.700525,1,13
24379,12:23:28,114.124901,22.699266,1,27
24379,12:23:55,114.123505,22.698481,1,18
24379,12:24:27,114.121674,22.698565,1,0
24379,12:24:54,114.121696,22.698565,1,0
24379,12:25:27,114.121689,22.698553,1,0
24379,12:25:54,114.121712,22.698551,1,0
24379,12:26:45,114.121719,22.698565,1,0
24379,12:26:55,114.120262,22.698168,1,51
24379,12:27:27,114.116669,22.696583,1,0
24379,12:27:55,114.116669,22.696596,1,0
24379,12:28:27,114.116699,22.696596,1,0
24379,12:28:54,114.115959,22.695707,1,57
24379,12:29:27,114.115227,22.692778,1,0
24379,12:29:32,114.115227,22.692778,1,0
24379,12:29:54,114.115204,22.692804,1,0
24379,12:30:28,114.115311,22.692169,1,40
24379,12:30:55,114.115555,22.689133,1,22
24379,12:31:27,114.116341,22.684982,1,62
24379,12:31:54,114.116455,22.683815,1,0
24379,12:32:27,114.11647,22.683725,1,20
24379,12:32:30,114.11647,22.683725,1,0
24379,12:32:54,114.116928,22.680582,1,48
24379,12:33:28,114.117058,22.679182,1,0
24379,12:33:55,114.117065,22.679176,1,0
24379,12:34:27,114.11718,22.677507,1,47
24379,12:34:54,114.117218,22.67421,1,53
24379,12:35:27,114.117355,22.669825,1,59
24379,12:35:54,114.117859,22.666012,1,26
24379,12:36:27,114.11837,22.665234,1,49
24379,12:36:55,114.121712,22.66231,1,57
24379,12:37:27,114.122025,22.6588,1,46
24379,12:37:55,114.121773,22.656282,1,34
24379,12:38:16,114.121773,22.656282,1,0
24379,12:38:27,114.121567,22.65391,1,41
24379,12:38:54,114.119308,22.650118,1,48
24379,12:39:27,114.118965,22.649822,1,0
24379,12:39:54,114.119011,22.649834,1,0
24379,12:40:10,114.119011,22.649834,1,0
24379,12:40:28,114.118996,22.649822,1,11
24379,12:40:55,114.121056,22.647398,1,46
24379,12:41:27,114.122978,22.645542,1,54
24379,12:41:54,114.124725,22.641935,1,73
24379,12:42:27,114.125229,22.638342,1,18
24379,12:42:54,114.124413,22.638412,1,24
24379,12:43:55,114.125137,22.638077,0,13
24379,12:44:05,114.125137,22.638077,0,0
24379,12:44:27,114.125595,22.636765,0,0
24379,12:44:54,114.12561,22.636778,0,0
24379,12:45:27,114.12571,22.636553,0,7
24379,12:45:54,114.125404,22.638765,0,46
24379,12:46:27,114.124756,22.642925,0,49
24379,12:46:55,114.123886,22.645155,0,19
24379,12:47:27,114.12159,22.647097,0,9
24379,12:47:55,114.12072,22.64794,0,32
24379,12:48:27,114.119453,22.650114,0,42
24379,12:48:54,114.121185,22.652197,0,41
24379,12:49:27,114.121765,22.654003,0,0
24379,12:49:51,114.121765,22.654003,0,0
24379,12:49:54,114.121735,22.65399,0,0
24379,12:50:28,114.122025,22.65658,0,56
24379,12:50:48,114.122025,22.65658,0,0
24379,12:50:55,114.122467,22.660866,0,58
24379,12:50:58,114.122467,22.660866,0,0
24379,12:51:27,114.119293,22.664278,0,58
24379,12:53:55,114.117432,22.674347,0,0
24379,12:54:27,114.117371,22.678074,0,51
24379,12:54:54,114.117935,22.67881,0,1
24379,12:55:03,114.117966,22.678802,0,4
24379,12:55:27,114.119911,22.678839,1,42
24379,12:55:36,114.119911,22.678839,1,0
24379,12:55:54,114.12262,22.678917,1,23
24379,12:56:27,114.122559,22.681425,1,23
24379,12:56:55,114.122429,22.683544,1,27
24379,12:57:27,114.125343,22.684683,1,55
24379,12:57:55,114.12883,22.685129,1,1
24379,12:58:27,114.128777,22.685101,1,1
24379,12:58:54,114.129395,22.685198,1,32
24379,12:59:27,114.13266,22.686728,1,62
24379,12:59:54,114.134483,22.689339,1,8
24379,13:00:28,114.134468,22.689316,1,0
24379,13:00:55,114.134392,22.689281,1,0
24379,13:01:21,114.134392,22.689281,1,0
24379,13:01:27,114.13459,22.689884,1,27
24379,13:01:38,114.13459,22.689884,1,0
24379,13:01:54,114.131371,22.691311,1,60
24379,13:02:27,114.127632,22.6938,1,17
24379,13:02:54,114.128487,22.694935,1,29
24379,13:03:28,114.130844,22.696348,1,35
24379,13:03:55,114.130936,22.696472,1,0
24379,13:03:57,114.130943,22.696472,1,0
24379,13:04:27,114.130295,22.696056,0,25
24379,13:04:54,114.128761,22.695091,0,22
24379,13:05:27,114.127762,22.694597,0,2
24379,13:05:54,114.127785,22.694584,0,0
24379,13:06:27,114.127609,22.69446,0,1
24379,13:07:06,114.127609,22.694447,0,0
24379,13:07:27,114.125778,22.69611,0,22
24379,13:07:55,114.125694,22.69618,0,0
24379,13:08:27,114.125717,22.696173,0,0
24379,13:08:54,114.124596,22.697548,0,41
24379,13:09:27,114.121925,22.698507,0,0
24379,13:10:28,114.121933,22.698492,0,0
24379,13:10:55,114.121941,22.698502,0,0
24379,13:11:27,114.121063,22.698217,0,16
24379,13:11:54,114.120964,22.698111,0,0
24379,13:12:15,114.120964,22.698111,0,0
24379,13:12:27,114.121223,22.698265,0,11
24379,13:12:51,114.121223,22.698265,0,0
24379,13:12:54,114.122856,22.698317,0,35
24379,13:13:28,114.125137,22.696817,0,0
24379,13:14:27,114.12516,22.696836,0,0
24379,13:14:54,114.126778,22.694853,0,46
24379,13:15:27,114.129356,22.691851,0,38
24379,13:15:54,114.13163,22.690939,0,17
24379,13:16:27,114.131485,22.689566,0,7
24379,13:16:55,114.131584,22.689604,0,1
24379,13:17:55,114.131607,22.689615,0,0
24379,13:18:36,114.131607,22.689615,0,0
24379,13:36:54,114.131584,22.689608,0,1
24379,13:37:30,114.131516,22.689486,0,5
24379,13:37:55,114.131142,22.689711,0,7
24379,13:38:31,114.131531,22.690754,0,16
24379,13:38:54,114.131859,22.691063,0,27
24379,13:39:31,114.134224,22.690096,0,0
24379,13:39:54,114.134727,22.689808,0,28
24379,13:40:31,114.138351,22.687778,0,38
24379,13:40:55,114.138588,22.687597,0,0
24379,13:41:31,114.138611,22.687647,0,0
24379,13:41:36,114.138611,22.687647,0,0
24379,13:41:54,114.138695,22.687645,0,11
24379,13:42:31,114.135735,22.689386,0,19
24379,13:42:54,114.134773,22.689976,0,20
24379,13:43:31,114.131042,22.691427,0,44
24379,13:43:55,114.128578,22.692778,0,45
24379,13:44:31,114.127563,22.694122,0,0
24379,13:44:55,114.127571,22.694113,0,0
24379,13:45:31,114.126266,22.695568,0,29
24379,13:45:54,114.125854,22.696104,0,13
24379,13:46:31,114.124687,22.697502,0,37
24379,13:46:55,114.123886,22.698736,0,10
24379,13:47:21,114.123886,22.698736,0,0
24379,13:47:31,114.126083,22.700163,0,20
24379,13:48:31,114.126808,22.702763,0,18
24379,13:48:54,114.127396,22.703129,0,0
24379,13:49:31,114.127769,22.703304,0,17
24379,13:49:54,114.128494,22.702923,0,8
24379,13:50:31,114.129524,22.702414,0,18
24379,13:50:55,114.130569,22.701967,0,26
24379,13:51:31,114.13092,22.700464,0,30
24379,13:51:54,114.129463,22.699467,0,27
24379,13:52:31,114.127327,22.698017,0,24
24379,13:52:54,114.126228,22.697292,0,21
24379,13:53:06,114.126228,22.697292,0,0
24379,13:53:31,114.125336,22.696817,0,10
24379,13:53:55,114.124084,22.698132,0,29
24379,13:54:31,114.122719,22.698347,0,13
24379,13:54:55,114.12352,22.698168,0,0
24379,13:55:10,114.12352,22.698168,0,0
24379,13:55:31,114.123634,22.698126,0,1
24379,13:55:54,114.12368,22.698122,0,0
24379,13:56:31,114.12365,22.698099,0,0
24379,13:56:55,114.124199,22.69784,0,36
24379,13:57:31,114.125252,22.696737,0,0
24379,13:57:55,114.125336,22.696732,0,4
24379,13:58:31,114.124222,22.698128,0,0
24379,13:58:51,114.124222,22.698128,0,0
24379,13:58:54,114.123703,22.698627,0,12
24379,13:59:31,114.122063,22.698538,0,1
24379,13:59:55,114.12207,22.698492,0,0
24379,14:00:31,114.122078,22.69846,0,0
24379,14:00:55,114.122078,22.698444,0,0
24379,14:01:54,114.121689,22.698515,0,17
24379,14:02:31,114.118614,22.697252,0,35
24379,14:02:54,114.11676,22.696541,0,34
24379,14:03:31,114.115265,22.693611,0,9
24379,14:03:55,114.115379,22.692331,0,26
24379,14:04:31,114.115616,22.689932,0,0
24379,14:04:37,114.115616,22.689932,0,0
24379,14:05:31,114.116478,22.683912,0,33
24379,14:05:54,114.116508,22.683741,0,0
24379,14:06:01,114.116508,22.683741,0,0
24379,14:06:32,114.116547,22.68376,0,0
24379,14:06:55,114.116539,22.683775,0,1
24379,14:07:31,114.116974,22.681068,0,66
24379,14:07:55,114.117165,22.679367,0,11
24379,14:08:31,114.118324,22.678822,0,2
24379,14:08:54,114.118294,22.67877,0,0
24379,14:09:31,114.11956,22.678888,0,12
24379,14:09:55,114.117958,22.678984,0,22
24379,14:10:23,114.117958,22.678984,0,0
24379,14:10:31,114.116676,22.683191,0,22
24379,14:10:55,114.116676,22.683262,0,0
24379,14:11:31,114.116692,22.683243,0,0
24379,14:11:54,114.116699,22.683229,0,0
24379,14:12:31,114.116692,22.683237,0,0
24379,14:12:54,114.116241,22.683517,0,36
24379,14:13:31,114.109474,22.685041,0,88
24379,14:13:55,114.104149,22.68648,0,90
24379,14:14:31,114.098862,22.689407,0,69
24379,14:14:55,114.097229,22.692949,0,50
24379,14:15:31,114.096016,22.698074,0,66
24379,14:15:54,114.09713,22.701523,0,42
24379,14:16:07,114.096016,22.698074,0,0
24379,14:16:32,114.098114,22.704939,0,17
24379,14:16:42,114.098114,22.704939,0,0
24379,14:16:55,114.096367,22.704582,0,26
24379,14:17:31,114.096634,22.703531,0,0
24379,14:17:55,114.096642,22.703623,0,0
24379,14:18:31,114.096344,22.704439,0,14
24379,14:18:54,114.097221,22.704903,0,28
24379,14:19:31,114.096947,22.701778,0,13
24379,14:19:55,114.096779,22.701883,0,3
24379,14:20:31,114.096786,22.701813,0,1
24379,14:20:55,114.096725,22.701864,0,2
24379,14:21:31,114.097786,22.700842,0,39
24379,14:21:52,114.097786,22.700842,0,0
24379,14:22:31,114.105804,22.698498,0,20
24379,14:22:54,114.106285,22.698412,0,35
24379,14:23:31,114.109833,22.697475,0,55
24379,14:23:55,114.112625,22.697376,0,51
24379,14:24:31,114.116531,22.696526,0,33
24379,14:24:55,114.118011,22.696775,0,28
24379,14:25:31,114.120407,22.698015,0,15
24379,14:25:54,114.121231,22.698435,0,11
24379,14:26:32,114.123497,22.698183,0,10
24379,14:26:55,114.123657,22.698132,0,0
24379,14:27:31,114.12365,22.69813,0,0
24379,14:27:36,114.12365,22.69813,0,0
24379,14:27:55,114.123657,22.698137,0,0
24379,14:28:31,114.125023,22.697033,0,5
24379,14:28:54,114.125015,22.697025,0,0
24379,14:29:31,114.125015,22.697037,0,0
24379,14:29:55,114.125023,22.697023,0,0
24379,14:30:31,114.125031,22.697006,0,7
24379,14:30:55,114.125824,22.697033,0,20
24379,14:31:31,114.127403,22.698112,0,27
24379,14:31:54,114.128723,22.698999,0,24
24379,14:32:31,114.130959,22.70048,0,28
24379,14:32:54,114.131744,22.70046,0,5
24379,14:33:20,114.131744,22.70046,0,0
24379,14:33:31,114.131714,22.70059,0,11
24379,14:33:55,114.131058,22.700558,0,29
24379,14:34:31,114.129158,22.699327,0,6
24379,14:34:55,114.12915,22.699343,0,0
24379,14:35:31,114.129166,22.699347,0,0
24379,14:35:54,114.129166,22.699322,0,0
24379,14:36:32,114.12915,22.699303,0,0
24379,14:36:55,114.129135,22.699318,0,0
24379,14:37:31,114.12915,22.699314,0,0
24379,14:37:55,114.129166,22.699303,0,0
24379,14:38:06,114.129166,22.699303,0,0
24379,14:38:31,114.12915,22.699282,0,4
24379,14:39:05,114.12925,22.699358,0,0
24379,14:39:31,114.130379,22.700089,0,14
24379,14:39:55,114.1315,22.700809,0,22
24379,14:40:31,114.133102,22.701893,0,10
24379,14:40:55,114.132317,22.703011,0,24
24379,14:41:31,114.130035,22.705469,0,33
24379,14:41:54,114.128975,22.706621,0,11
24379,14:42:31,114.129257,22.707838,0,44
24379,14:42:54,114.131203,22.709908,0,56
24379,14:43:31,114.134361,22.713181,0,44
24379,14:43:55,114.136002,22.714815,0,27
24379,14:44:31,114.136833,22.715664,0,49
24379,14:44:51,114.136833,22.715664,0,0
24379,14:44:55,114.137398,22.716034,0,20
24379,14:45:31,114.142998,22.715702,0,76
24379,14:45:54,114.145454,22.71512,0,51
24379,14:46:32,114.153214,22.715202,0,80
24379,14:47:31,114.160126,22.71693,0,18
24379,14:47:55,114.160706,22.717113,0,10
24379,14:48:31,114.162567,22.717918,0,49
24379,14:48:48,114.162567,22.717918,0,0
24379,14:48:54,114.165115,22.718307,0,36
24379,14:48:58,114.165115,22.718307,0,0
24379,14:49:31,114.165604,22.718344,0,0
24379,14:49:55,114.166527,22.718418,0,25
24379,14:50:31,114.170914,22.718798,0,54
24379,14:50:38,114.166527,22.718418,0,0
24379,14:50:55,114.173462,22.719406,0,45
24379,14:51:31,114.175011,22.719795,0,12
24379,14:51:54,114.1763,22.720188,0,26
24379,14:52:54,114.181442,22.722492,0,0
24379,14:53:31,114.182487,22.722816,0,48
24379,14:53:55,114.184967,22.723389,0,41
24379,14:54:31,114.190048,22.725231,0,70
24379,14:54:55,114.194016,22.72591,0,75
24379,14:55:24,114.19915,22.725338,0,49
24379,14:55:31,114.200218,22.725401,1,60
24379,14:56:22,114.203735,22.725485,1,0
24379,14:56:32,114.210464,22.728691,1,73
24379,14:56:55,114.212303,22.729637,1,24
24379,14:57:31,114.213104,22.730211,1,33
24379,14:57:55,114.213142,22.733053,1,21
24379,14:58:31,114.213165,22.733177,1,0
24379,14:58:54,114.213196,22.733755,1,15
24379,14:59:25,114.213196,22.733755,1,0
24379,14:59:31,114.212311,22.737617,1,58
24379,14:59:38,114.212311,22.737617,1,0
24379,14:59:55,114.209091,22.738564,1,62
24379,15:00:31,114.204979,22.738663,1,6
24379,15:00:55,114.203812,22.738348,1,46
24379,15:01:31,114.198929,22.742188,1,91
24379,15:01:54,114.19706,22.747301,1,94
24379,15:02:06,114.198929,22.742188,1,0
24379,15:02:31,114.198967,22.755936,1,96
24379,15:02:55,114.202202,22.76054,1,97
24379,15:03:31,114.204376,22.768578,1,90
24379,15:03:55,114.20369,22.774073,1,96
24379,15:04:31,114.202812,22.782873,1,98
24379,15:04:55,114.204185,22.78829,1,83
24379,15:05:31,114.206207,22.796364,1,97
24379,15:05:54,114.208717,22.80142,1,95
24379,15:06:32,114.216415,22.806513,1,95
24379,15:07:55,114.230789,22.817789,1,96
24379,15:08:31,114.235199,22.825983,1,95
24379,15:08:54,114.238129,22.830837,1,100
24379,15:09:55,114.239891,22.845301,1,98
24379,15:10:31,114.237091,22.853983,1,97
24379,15:10:55,114.234489,22.858931,1,96
24379,15:11:31,114.231834,22.866583,1,74
24379,15:17:31,114.209862,22.937597,1,102
24379,15:17:55,114.210403,22.943207,1,98
24379,15:18:31,114.213768,22.951841,1,99
24379,15:18:54,114.216026,22.957148,1,96
24379,15:19:18,114.216026,22.957148,1,0
24379,15:19:32,114.217278,22.96628,1,97
24379,15:19:55,114.21727,22.971848,1,97
24379,15:20:31,114.216141,22.98064,1,96
24379,15:20:54,114.216141,22.98064,1,0
24379,15:20:55,114.212875,22.985098,1,94
24379,15:21:03,114.212875,22.985098,1,0
24379,15:21:31,114.204239,22.988977,1,98
24379,15:21:54,114.198112,22.990038,1,100
24379,15:22:31,114.190079,22.995174,1,97
24379,15:22:55,114.187157,22.999804,1,94
24379,15:23:31,114.185104,23.008562,1,96
24379,15:23:55,114.184975,23.013924,1,92
24379,15:24:31,114.184921,23.022476,1,97
24379,15:24:55,114.185371,23.027983,1,94
24379,15:25:04,114.185371,23.027983,1,0
24379,15:25:31,114.188133,23.036053,1,89
24379,15:25:54,114.190941,23.04084,1,95
24379,15:27:31,114.194321,23.063078,1,98
24379,15:27:55,114.192261,23.068529,1,99
24379,15:28:31,114.188599,23.077152,1,100
24379,15:28:54,114.185028,23.082048,1,103
24379,15:29:32,114.179985,23.090145,1,97
24379,15:29:55,114.178322,23.095705,1,103
24379,15:30:13,114.17778,23.100674,1,100
24379,15:30:31,114.177635,23.105127,1,97
24379,15:30:48,114.177635,23.105127,1,0
24379,15:30:55,114.176399,23.11067,1,99
24379,15:31:31,114.176399,23.11067,1,0
24379,15:31:54,114.172874,23.124374,1,93
24379,15:32:31,114.176247,23.132296,1,90
24379,15:32:55,114.178368,23.13582,1,74
24379,15:33:31,114.182549,23.141253,1,65
24379,15:33:55,114.185905,23.140472,1,26
24379,15:34:31,114.186119,23.140495,1,1
24379,15:34:55,114.187706,23.140484,1,23
24379,15:35:31,114.190315,23.140341,1,32
24379,15:35:54,114.192375,23.140688,1,37
24379,15:36:32,114.193115,23.14393,1,34
24379,15:36:33,114.192375,23.140688,1,0
24379,15:36:55,114.19297,23.146095,1,44
24379,15:37:31,114.192734,23.150763,1,40
24379,15:37:55,114.192917,23.151466,1,24
24379,15:38:31,114.195267,23.152529,1,26
24379,15:38:54,114.19606,23.153044,1,16
24379,15:39:32,114.198212,23.154367,1,28
24379,15:39:55,114.199944,23.155428,1,31
24379,15:40:31,114.202003,23.156631,1,31
24379,15:40:55,114.203705,23.157318,1,26
24379,15:41:31,114.205582,23.158022,1,23
24379,15:41:54,114.206902,23.158548,1,26
24379,15:42:18,114.206902,23.158548,1,0
24379,15:42:31,114.208549,23.159172,1,26
24379,15:42:35,114.208549,23.159172,1,0
24379,15:42:55,114.210335,23.159822,1,28
24379,15:43:31,114.21315,23.160202,1,5
24379,15:43:55,114.21331,23.160151,1,0
24379,15:44:31,114.213348,23.160166,1,0
24379,15:44:55,114.212311,23.160297,1,34
24379,15:45:31,114.208946,23.159386,1,37
24379,15:45:54,114.20755,23.15881,1,27
24379,15:46:32,114.205078,23.157846,1,9
24379,15:46:55,114.203125,23.157169,1,41
24379,15:47:31,114.201096,23.156219,1,24
24379,15:47:55,114.200081,23.155607,1,26
24379,15:48:03,114.200081,23.155607,1,0
24379,15:48:31,114.197609,23.154066,1,36
24379,15:48:54,114.196045,23.153135,1,16
24379,15:49:32,114.193695,23.151859,1,39
24379,15:49:55,114.192642,23.151175,1,12
24379,15:50:31,114.192741,23.147879,1,60
24379,15:50:55,114.193008,23.143984,1,57
24379,15:51:31,114.190491,23.140343,1,67
24379,15:51:55,114.187546,23.140535,1,41
24379,15:52:31,114.184807,23.140814,1,43
24379,15:52:55,114.181847,23.141958,1,64
24379,15:53:10,114.181847,23.141958,1,0
24379,15:53:48,114.179764,23.138783,1,0
24379,15:53:55,114.177345,23.134653,1,74
24379,15:54:31,114.173431,23.127043,1,98
24379,15:54:55,114.172585,23.121658,1,98
24379,15:55:26,114.175026,23.11371,1,105
24379,15:55:31,114.175507,23.112482,1,100
24379,15:55:54,114.177193,23.106981,1,97
24379,15:56:32,114.177719,23.098682,1,86
24379,15:57:31,114.18187,23.085983,1,89
24379,15:57:55,114.185043,23.081734,1,94
24379,15:58:31,114.189758,23.074383,1,91
24379,15:58:54,114.19175,23.069359,1,94
24379,15:59:32,114.19175,23.069359,1,0
24379,15:59:32,114.194244,23.061916,1,76
24379,16:00:31,114.194069,23.049431,1,91
24379,16:00:55,114.192787,23.044388,1,88
24379,16:01:31,114.188721,23.037252,1,88
24379,16:01:55,114.186241,23.032373,1,96
24379,16:02:31,114.184792,23.023569,1,93
24379,16:02:55,114.1847,23.018232,1,91
24379,16:03:32,114.184898,23.009859,1,92
24379,16:03:54,114.184898,23.009859,1,0
24379,16:03:55,114.185471,23.004492,1,92
24379,16:04:00,114.185471,23.004492,1,0
24379,16:04:31,114.188782,22.996529,1,93
24379,16:04:55,114.192642,22.992601,1,89
24379,16:05:16,114.192642,22.992601,1,0
24379,16:05:31,114.201057,22.989157,1,95
24379,16:05:54,114.206802,22.988247,1,92
24379,16:06:32,114.214149,22.983482,1,92
24379,16:06:55,114.216698,22.978472,1,96
24379,16:07:31,114.217094,22.969534,1,97
24379,16:07:55,114.217056,22.963947,1,96
24379,16:08:31,114.215279,22.955868,1,93
24379,16:08:54,114.213135,22.950943,1,90
24379,16:09:32,114.210037,22.942801,1,95
24379,16:09:55,114.209618,22.937262,1,97
24379,16:10:31,114.212013,22.928738,1,93
24379,16:10:55,114.214874,22.92458,1,72
24379,16:11:00,114.212013,22.928738,1,0
24379,16:16:32,114.233398,22.860405,1,101
24379,16:16:44,114.233398,22.860405,1,0
24379,16:16:50,114.235596,22.856167,1,108
24379,16:16:55,114.236221,22.854956,1,104
24379,16:17:31,114.239548,22.846277,1,99
24379,16:17:55,114.239235,22.84054,1,99
24379,16:18:31,114.238091,22.831573,1,94
24379,16:18:54,114.235802,22.827007,1,91
24379,16:19:32,114.23143,22.81974,1,84
24379,16:19:55,114.22892,22.815348,1,87
24379,16:20:55,114.216705,22.807011,1,97
24379,16:21:31,114.208755,22.801702,1,94
24379,16:21:55,114.206062,22.797033,1,94
24379,16:22:28,114.206062,22.797033,1,0
24379,16:22:31,114.204018,22.788998,1,87
24379,16:22:55,114.202652,22.783911,1,87
24379,16:23:32,114.203262,22.775309,1,90
24379,16:23:55,114.204178,22.770172,1,81
24379,16:24:31,114.202484,22.761385,1,99
24379,16:24:55,114.199203,22.7565,1,99
24379,16:25:31,114.196831,22.747513,1,99
24379,16:25:55,114.198586,22.742292,1,73
24379,16:26:32,114.200172,22.737829,1,50
24379,16:26:55,114.203178,22.737833,1,62
24379,16:27:31,114.20504,22.738382,1,3
24379,16:27:55,114.206032,22.738396,1,37
24379,16:28:14,114.206032,22.738396,1,0
24379,16:28:29,114.210541,22.738626,0,55
24379,16:28:31,114.210846,22.738577,0,59
24379,16:28:54,114.212868,22.736523,0,33
24379,16:29:32,114.211922,22.733828,0,37
24379,16:29:55,114.209747,22.732985,0,45
24379,16:30:31,114.207024,22.728989,0,61
24379,16:30:55,114.206596,22.725195,0,77
24379,16:31:31,114.205452,22.719648,0,66
24379,16:31:55,114.203712,22.716349,0,65
24379,16:32:31,114.20047,22.712149,0,54
24379,16:32:55,114.198364,22.710302,0,30
24379,16:33:32,114.194565,22.708769,0,57
24379,16:33:55,114.190842,22.70715,0,72
24379,16:33:59,114.190842,22.70715,0,0
24379,16:34:31,114.183609,22.705667,0,73
24379,16:34:55,114.17981,22.706064,0,21
24379,16:35:31,114.179741,22.706051,0,0
24379,16:35:55,114.179749,22.706051,0,0
24379,16:36:07,114.179749,22.706051,0,0
24379,16:36:32,114.179253,22.706093,0,41
24379,16:36:55,114.176102,22.705788,0,57
24379,16:37:31,114.172409,22.703335,0,41
24379,16:37:55,114.171448,22.702728,0,0
24379,16:38:31,114.17054,22.702036,0,37
24379,16:38:54,114.168594,22.700788,0,39
24379,16:39:32,114.165405,22.698908,0,24
24379,16:39:44,114.165405,22.698908,0,0
24379,16:39:55,114.165718,22.697798,0,21
24379,16:40:31,114.166656,22.695677,0,16
24379,16:40:55,114.167221,22.693569,0,37
24379,16:41:31,114.166847,22.690086,0,29
24379,16:41:55,114.166763,22.68848,0,34
24379,16:42:31,114.166519,22.685043,0,30
24379,16:42:55,114.166641,22.683773,0,24
24379,16:43:32,114.16394,22.680798,0,55
24379,16:43:55,114.162239,22.679138,0,39
24379,16:44:31,114.162209,22.675388,0,50
24379,16:44:55,114.160004,22.67399,0,43
24379,16:45:31,114.160004,22.67399,0,0
24379,16:45:31,114.156517,22.674295,0,23
24379,16:45:55,114.155579,22.675919,0,22
24379,16:46:32,114.154251,22.677332,0,23
24379,16:46:55,114.153641,22.677723,0,21
24379,16:47:31,114.15271,22.678453,0,20
24379,16:47:55,114.152115,22.679159,0,0
24379,16:48:31,114.152092,22.679375,0,21
24379,16:48:54,114.151962,22.680651,0,21
24379,16:49:32,114.150665,22.683128,0,21
24379,16:49:55,114.149246,22.684214,0,33
24379,16:50:31,114.146469,22.684002,0,17
24379,16:50:55,114.145088,22.684452,0,29
24379,16:51:17,114.145088,22.684452,0,0
24379,16:51:31,114.143105,22.684826,0,0
24379,16:51:55,114.143105,22.684816,0,0
24379,16:52:31,114.143089,22.684837,0,0
24379,16:52:55,114.143021,22.685102,0,22
24379,16:53:32,114.144463,22.686373,0,17
24379,16:53:55,114.145325,22.685778,0,12
24379,16:54:31,114.144745,22.684587,0,19
24379,16:54:55,114.146431,22.684025,0,29
24379,16:55:31,114.148865,22.684137,0,26
24379,16:55:55,114.150543,22.683382,0,38
24379,16:56:32,114.15213,22.679979,0,24
24379,16:56:55,114.152023,22.678984,0,6
24379,16:57:02,114.152023,22.678984,0,0
24379,16:57:23,114.152023,22.678984,0,0
24379,16:57:31,114.152039,22.679035,0,0
24379,16:57:55,114.152054,22.679014,0,0
24379,16:58:31,114.152039,22.679001,0,0
24379,16:58:54,114.152061,22.679001,0,0
24379,16:59:32,114.152122,22.679043,0,2
24379,16:59:55,114.152092,22.679041,0,0
24379,17:10:51,114.152069,22.680317,0,21
24379,17:10:55,114.152046,22.680464,0,18
24379,17:11:51,114.149849,22.683964,0,33
24379,17:11:55,114.149643,22.684057,0,24
24379,17:12:52,114.146065,22.684103,0,34
24379,17:12:55,114.145805,22.684193,0,34
24379,17:13:51,114.142273,22.685577,0,26
24379,17:13:55,114.142097,22.685732,0,30
24379,17:14:20,114.142097,22.685732,0,0
24379,17:14:51,114.137024,22.688654,0,42
24379,17:14:55,114.136734,22.688833,0,45
24379,17:15:52,114.135643,22.689451,0,1
24379,17:15:55,114.135635,22.689455,0,1
24379,17:16:51,114.13504,22.689682,0,26
24379,17:16:55,114.135216,22.689571,0,27
24379,17:17:51,114.138351,22.687798,0,1
24379,17:17:55,114.138351,22.687798,0,1
24379,17:18:51,114.140816,22.686474,0,48
24379,17:18:54,114.141159,22.686251,0,51
24379,17:19:03,114.141159,22.686251,0,0
24379,17:19:52,114.144844,22.681273,0,45
24379,17:19:55,114.144974,22.680948,0,48
24379,17:20:06,114.144974,22.680948,0,0
24379,17:20:51,114.145988,22.678547,0,0
24379,17:20:55,114.145981,22.678541,0,0
24379,17:21:55,114.14698,22.676243,0,44
24379,17:22:52,114.147346,22.673672,0,33
24379,17:22:55,114.147629,22.673782,0,36
24379,17:23:51,114.147324,22.676653,0,4
24379,17:23:55,114.147316,22.676662,0,0
24379,17:24:55,114.147354,22.676695,0,0
24379,17:25:50,114.147354,22.676695,0,0
24379,17:35:50,114.145981,22.679241,0,11
24379,17:35:55,114.146027,22.679251,0,0
24379,17:36:50,114.145576,22.679882,0,50
24379,17:36:55,114.145241,22.68067,0,57
24379,17:37:19,114.145241,22.68067,0,0
24379,17:37:50,114.144493,22.684587,0,17
24379,17:37:55,114.144821,22.684532,0,17
24379,17:38:49,114.148643,22.684187,0,15
24379,17:38:55,114.149048,22.684135,0,30
24379,17:39:50,114.151993,22.680244,0,18
24379,17:39:55,114.152061,22.679903,0,28
24379,17:40:55,114.152046,22.679119,0,0
24379,17:43:54,114.151917,22.679058,0,6
24379,17:44:26,114.152077,22.679697,0,26
24379,17:44:55,114.151962,22.681072,0,25
24379,17:45:55,114.149773,22.684282,0,17
24379,17:46:28,114.147339,22.684097,0,25
24379,17:46:55,114.14547,22.684347,0,24
24379,17:47:27,114.143822,22.684231,0,3
24379,17:47:55,114.143105,22.684759,0,1
24379,17:48:27,114.143082,22.684856,0,12
24379,17:48:49,114.143082,22.684856,0,0
24379,17:48:55,114.141342,22.686283,0,40
24379,17:49:28,114.138725,22.687733,0,30
24379,17:49:55,114.136086,22.689171,0,30
24379,17:50:27,114.135872,22.689276,0,1
24379,17:50:55,114.135155,22.689657,0,28
24379,17:51:10,114.135155,22.689657,0,0
24379,17:51:27,114.133133,22.690725,0,45
24379,17:51:55,114.130051,22.691692,0,44
24379,17:52:28,114.127495,22.694069,0,0
24379,17:52:55,114.127472,22.694057,0,0
24379,17:53:28,114.127365,22.694227,0,23
24379,17:53:55,114.125847,22.696121,0,21
24379,17:54:27,114.125771,22.696222,0,1
24379,17:54:35,114.125771,22.696222,0,0
24379,17:54:55,114.125694,22.696318,0,16
24379,17:55:27,114.126419,22.697407,0,14
24379,17:55:55,114.127251,22.697975,0,14
24379,17:56:28,114.127411,22.698229,0,1
24379,17:56:55,114.128334,22.698748,0,6
24379,17:57:27,114.129784,22.699677,0,23
24379,17:57:55,114.131477,22.700766,0,15
24379,17:58:27,114.130447,22.702414,0,24
24379,17:58:55,114.128899,22.702032,0,29
24379,17:59:28,114.127098,22.700804,0,14
24379,17:59:55,114.126411,22.700357,0,7
24379,18:00:22,114.126411,22.700357,0,0
24379,18:00:27,114.12542,22.699665,0,24
24379,18:00:55,114.124092,22.698748,0,3
24379,18:01:27,114.122742,22.698326,0,11
24379,18:01:49,114.122742,22.698326,0,0
24379,18:01:55,114.123894,22.698086,0,27
24379,18:02:28,114.124725,22.697357,0,0
24379,18:02:55,114.124687,22.697363,0,0
24379,18:03:28,114.124687,22.697363,0,0
24379,18:03:55,114.124802,22.69721,0,5
24379,18:04:27,114.124535,22.697596,0,32
24379,18:04:55,114.123924,22.69829,0,0
24379,18:05:27,114.123291,22.699247,0,39
24379,18:05:55,114.123634,22.701311,0,19
24379,18:06:09,114.123634,22.701311,0,0
24379,18:06:28,114.124489,22.702337,0,49
24379,18:06:55,114.125526,22.703602,0,1
24379,18:07:27,114.125641,22.703753,0,11
24379,18:07:55,114.123878,22.701918,0,40
24379,18:08:27,114.123169,22.701159,0,0
24379,18:08:55,114.122375,22.700163,0,35
24379,18:09:28,114.121239,22.698975,0,4
24379,18:09:55,114.120422,22.698378,0,3
24379,18:10:27,114.118996,22.697506,0,39
24379,18:10:55,114.117348,22.696602,0,5
24379,18:11:27,114.117386,22.696598,0,0
24379,18:11:54,114.117386,22.696598,0,0
24379,18:11:55,114.1175,22.696552,0,28
24379,18:12:26,114.1175,22.696552,0,0
24379,18:12:28,114.119781,22.697718,0,12
24379,18:12:55,114.120087,22.697906,0,14
24379,18:13:28,114.120834,22.69828,0,1
24379,18:13:55,114.121254,22.698442,0,8
24379,18:14:27,114.123352,22.698282,0,13
24379,18:14:55,114.123795,22.698112,0,2
24379,18:20:55,114.124199,22.698925,0,14
24379,18:21:27,114.12162,22.69858,0,23
24379,18:21:55,114.121559,22.698572,0,0
24379,18:22:28,114.121552,22.698584,0,0
24379,18:22:55,114.121567,22.698587,0,0
24379,18:23:16,114.121567,22.698587,0,0
24379,18:23:25,114.121567,22.698587,0,0
24379,18:23:28,114.121582,22.698578,0,0
24379,18:23:55,114.121582,22.698582,0,4
24379,18:24:27,114.118393,22.69714,0,67
24379,18:24:55,114.116661,22.696617,0,0
24379,18:25:27,114.116684,22.696629,0,0
24379,18:25:55,114.116676,22.696617,0,0
24379,18:26:28,114.116653,22.696623,0,11
24379,18:26:55,114.11528,22.693516,0,64
24379,18:27:27,114.115364,22.691927,0,25
24379,18:27:55,114.115753,22.689211,0,41
24379,18:28:27,114.116135,22.686312,0,43
24379,18:28:55,114.116447,22.683899,0,0
24379,18:29:11,114.116447,22.683899,0,0
24379,18:29:28,114.116455,22.683924,0,0
24379,18:29:55,114.116684,22.68259,0,33
24379,18:30:55,114.11705,22.679644,0,0
24379,18:31:27,114.117203,22.678173,0,43
24379,18:31:55,114.117256,22.675022,0,38
24379,18:32:28,114.11734,22.672613,0,0
24379,18:32:55,114.117348,22.67264,0,0
24379,18:33:28,114.117355,22.672663,0,0
24379,18:33:59,114.117355,22.672663,0,0
24379,18:34:27,114.11734,22.672651,0,1
24379,18:34:55,114.117447,22.673414,0,17
24379,18:34:56,114.11734,22.672651,0,0
24379,18:35:27,114.117455,22.67412,0,0
24379,18:35:55,114.117401,22.676353,0,46
24379,18:36:28,114.117569,22.678785,0,8
24379,18:36:55,114.117645,22.678768,0,1
24379,18:37:27,114.118744,22.678843,0,31
24379,18:37:55,114.12114,22.67889,0,41
24379,18:38:27,114.122253,22.678852,0,0
24379,18:38:55,114.122269,22.678846,0,0
24379,18:39:28,114.122276,22.678772,0,0
24379,18:39:55,114.122383,22.678238,0,14
24379,18:40:27,114.122353,22.676493,0,17
24379,18:40:43,114.122353,22.676493,0,0
24379,18:40:55,114.122215,22.674751,0,24
24379,18:41:27,114.117737,22.674574,0,35
24379,18:41:55,114.117561,22.67454,0,0
24379,18:42:28,114.117577,22.674536,0,0
24379,18:42:36,114.117569,22.674538,0,0
24379,18:43:46,114.117325,22.670879,0,54
24379,18:44:31,114.117569,22.674538,0,0
24379,18:44:46,114.117912,22.66596,0,9
24379,18:45:46,114.122124,22.659533,0,35
24379,18:46:11,114.121758,22.656784,0,31
24379,18:46:29,114.122124,22.659533,0,0
24379,18:46:46,114.121605,22.654078,0,29
24379,18:47:46,114.116646,22.651854,0,64
24379,18:48:10,114.11454,22.653959,0,45
24379,18:48:46,114.111588,22.656254,0,21
24379,18:49:11,114.110603,22.656212,0,19
24379,18:49:46,114.10881,22.656267,0,30
24379,18:50:10,114.107109,22.656246,0,13
24379,18:50:46,114.104691,22.656614,0,40
24379,18:51:10,114.103088,22.657583,0,17
24379,18:51:46,114.102196,22.658125,0,12
24379,18:52:11,114.101982,22.658159,0,0
24379,18:52:14,114.102196,22.658125,0,0
24379,18:52:46,114.101929,22.658175,0,16
24379,18:53:11,114.102966,22.657698,0,1
24379,18:53:46,114.105522,22.656424,0,42
24379,18:54:46,114.111687,22.656227,0,28
24379,18:55:10,114.113503,22.654821,0,58
24379,18:55:29,114.113503,22.654821,0,0
24379,18:55:46,114.115021,22.653221,0,30
24379,18:56:11,114.11808,22.650368,0,65
24379,18:56:46,114.118484,22.65,0,0
24379,18:57:10,114.118469,22.650021,0,0
24379,18:57:46,114.118599,22.649893,0,19
24379,18:57:59,114.118599,22.649893,0,0
24379,18:58:10,114.120499,22.651222,0,46
24379,18:58:46,114.121704,22.653797,0,0
24379,18:59:11,114.121704,22.653805,0,8
24379,18:59:46,114.122131,22.657143,0,38
24379,19:00:10,114.122154,22.657358,0,0
24379,19:00:46,114.122231,22.65803,0,45
24379,19:01:10,114.122368,22.659098,0,0
24379,19:01:46,114.122375,22.659082,0,0
24379,19:02:11,114.122467,22.660448,0,51
24379,19:02:46,114.118797,22.664881,0,71
24379,19:03:11,114.118317,22.665707,0,0
24379,19:03:44,114.118317,22.665707,0,0
24379,19:03:46,114.117828,22.666832,0,22
24379,19:04:10,114.117523,22.669729,0,51
24379,19:04:46,114.117485,22.67201,0,0
24379,19:05:10,114.117523,22.672009,0,0
24379,19:05:46,114.117493,22.673479,0,31
24379,19:06:10,114.117493,22.673479,0,0
24379,19:06:11,114.117439,22.676098,0,45
24379,19:06:22,114.117439,22.676098,0,0
24379,19:06:46,114.11795,22.678867,0,12
24379,19:07:10,114.119186,22.678831,0,37
24379,19:07:46,114.122223,22.678883,0,13
24379,19:08:10,114.122581,22.679445,0,14
24379,19:08:46,114.122559,22.681187,0,29
24379,19:09:11,114.12252,22.683065,0,27
24379,19:09:29,114.12252,22.683065,0,0
24379,19:09:46,114.123154,22.684338,0,27
24379,19:10:10,114.12471,22.684538,0,15
24379,19:10:46,114.124908,22.683777,0,20
24379,19:11:10,114.124947,22.682173,0,27
24379,19:11:46,114.124954,22.680155,0,10
24379,19:12:11,114.124168,22.679958,0,18
24379,19:12:46,114.122604,22.679893,0,2
24379,19:13:11,114.122459,22.681347,0,25
24379,19:13:46,114.122467,22.683548,0,21
24379,19:14:10,114.122528,22.683903,0,1
24379,19:14:12,114.122528,22.683907,0,1
24379,19:14:46,114.122391,22.682962,1,36
24379,19:15:10,114.122391,22.680853,1,25
24379,19:15:14,114.122391,22.682962,1,0
24379,19:15:46,114.121605,22.679003,1,44
24379,19:16:11,114.119026,22.678976,1,39
24379,19:16:46,114.119026,22.678976,1,0
24379,19:17:10,114.117218,22.675999,1,49
24379,19:17:46,114.117271,22.672852,1,11
24379,19:18:10,114.117264,22.672838,1,0
24379,19:18:47,114.117256,22.672857,1,0
24379,19:19:11,114.11734,22.671322,1,42
24379,19:19:46,114.117821,22.666185,1,66
24379,19:20:10,114.120956,22.662888,1,71
24379,19:20:46,114.121948,22.657368,1,56
24379,19:20:58,114.121948,22.657368,1,0
24379,19:21:10,114.121857,22.65654,1,30
24379,19:21:46,114.12159,22.654411,1,0
24379,19:22:11,114.12159,22.654409,1,0
24379,19:22:46,114.121552,22.654022,1,35
24379,19:23:11,114.119804,22.650591,1,68
24379,19:23:46,114.118973,22.649902,1,0
24379,19:24:10,114.118965,22.649927,1,0
24379,19:24:46,114.119476,22.648932,1,52
24379,19:25:10,114.122307,22.646152,1,59
24379,19:25:46,114.124809,22.641602,1,55
24379,19:26:11,114.125198,22.638639,1,46
24379,19:26:42,114.125198,22.638639,1,0
24379,19:26:46,114.125427,22.637032,1,0
24379,19:27:10,114.125435,22.637022,1,0
24379,19:27:35,114.125435,22.637022,1,0
24379,19:27:46,114.125717,22.636185,1,39
24379,19:28:10,114.127251,22.633818,1,40
24379,19:28:47,114.127258,22.632624,1,7
24379,19:29:11,114.125671,22.630873,1,40
24379,19:29:46,114.122276,22.629354,1,19
24379,19:30:10,114.119896,22.628878,1,33
24379,19:30:46,114.117111,22.627892,1,33
24379,19:31:10,114.115532,22.626867,1,22
24379,19:31:46,114.115158,22.626553,1,9
24379,19:32:11,114.114876,22.626364,1,5
24379,19:32:25,114.114876,22.626364,1,0
24379,19:32:46,114.114029,22.625546,1,5
24379,19:33:11,114.113426,22.624071,1,28
24379,19:33:46,114.112968,22.622704,1,20
24379,19:34:10,114.112877,22.621168,1,22
24379,19:34:46,114.113258,22.61908,1,23
24379,19:35:10,114.113586,22.618092,1,20
24379,19:35:46,114.113953,22.616035,1,20
24379,19:36:11,114.113914,22.615597,1,0
24379,19:36:46,114.113853,22.615625,1,1
24379,19:36:56,114.113838,22.615643,1,1
24379,19:37:10,114.113899,22.615368,0,9
24379,19:37:46,114.11306,22.614807,0,4
24379,19:38:10,114.112595,22.614605,0,4
24379,19:38:10,114.11306,22.614807,0,0
24379,19:38:26,114.112595,22.614605,0,0
24379,19:38:47,114.111938,22.61445,0,3
24379,19:39:11,114.111641,22.614323,0,2
24379,19:39:46,114.111511,22.613995,0,13
24379,19:40:10,114.111855,22.613163,0,16
24379,19:40:46,114.11235,22.612085,0,23
24379,19:41:10,114.112595,22.611427,0,12
24379,19:42:11,114.112549,22.609783,0,0
24379,19:42:12,114.112549,22.609777,0,5
24379,19:42:46,114.11248,22.608618,1,14
24379,19:43:11,114.112541,22.607088,1,29
24379,19:43:46,114.112839,22.605236,1,9
24379,19:43:56,114.112839,22.605236,1,0
24379,19:44:10,114.113129,22.604439,1,36
24379,19:44:46,114.112244,22.601084,1,1
24379,19:45:46,114.112144,22.600847,1,17
24379,19:46:11,114.113037,22.600149,1,40
24379,19:46:46,114.117081,22.600105,1,34
24379,19:47:10,114.117249,22.600113,1,0
24379,19:47:46,114.117226,22.600098,1,0
24379,19:48:10,114.117226,22.600122,1,5
24379,19:48:47,114.118668,22.598537,1,16
24379,19:49:06,114.118668,22.598537,1,0
24379,19:49:11,114.119377,22.597479,1,35
24379,19:49:40,114.119377,22.597479,1,0
24379,19:49:46,114.119576,22.597153,1,0
24379,19:50:10,114.119698,22.595896,1,18
24379,19:50:46,114.119705,22.593107,1,33
24379,19:51:10,114.119675,22.59165,1,0
24379,19:51:23,114.119667,22.591648,1,1
24379,19:51:46,114.119781,22.591707,0,14
24379,19:52:11,114.119759,22.593554,0,35
24379,19:52:46,114.119766,22.596008,0,14
24379,19:53:08,114.119736,22.596483,1,2
24379,19:53:11,114.119728,22.596519,1,6
24379,19:53:46,114.119362,22.597731,1,0
24379,19:54:10,114.119377,22.597727,1,1
24379,19:54:46,114.118324,22.599173,1,31
24379,19:55:11,114.118004,22.59967,1,0
24379,19:55:24,114.118004,22.59967,1,0
24379,19:55:46,114.118057,22.599703,1,1
24379,19:56:11,114.117149,22.60062,1,31
24379,19:56:46,114.11573,22.602713,1,37
24379,19:57:10,114.117195,22.60412,1,16
24379,19:57:46,114.118294,22.605165,1,19
24379,19:58:10,114.120171,22.606592,1,43
24379,19:59:11,114.12674,22.61043,1,57
24379,19:59:41,114.12674,22.61043,1,0
24379,19:59:46,114.131058,22.614044,1,51
24379,19:59:56,114.131058,22.614044,1,0
24379,20:00:10,114.132584,22.615719,1,19
24379,20:00:46,114.132935,22.616079,1,1
24379,20:01:08,114.132935,22.616079,1,0
24379,20:01:10,114.13298,22.616089,1,3
24379,20:01:47,114.133194,22.615992,1,0
24379,20:02:46,114.133827,22.614969,1,9
24379,20:03:11,114.134705,22.614313,1,21
24379,20:03:46,114.135452,22.614101,1,15
24379,20:04:10,114.135399,22.612556,1,22
24379,20:04:35,114.135429,22.612326,1,0
24379,20:04:46,114.135422,22.612288,0,3
24379,20:04:59,114.135475,22.612307,0,9
24379,20:05:11,114.135674,22.612736,1,18
24379,20:05:46,114.135719,22.614855,1,15
24379,20:06:11,114.135353,22.615944,1,20
24379,20:06:46,114.13443,22.617235,1,11
24379,20:06:51,114.135353,22.615944,1,0
24379,20:07:10,114.134399,22.617287,1,0
24379,20:07:46,114.134415,22.617296,1,0
24379,20:08:10,114.134377,22.617292,1,0
24379,20:08:47,114.134399,22.617311,1,0
24379,20:09:11,114.134392,22.617283,1,0
24379,20:09:46,114.135002,22.618633,1,54
24379,20:10:10,114.137207,22.621103,1,9
24379,20:10:32,114.137207,22.621103,1,0
24379,20:10:46,114.137192,22.621082,1,0
24379,20:11:10,114.137161,22.621107,1,0
24379,20:11:47,114.137154,22.621105,1,1
24379,20:12:11,114.139282,22.622143,1,47
24379,20:12:35,114.139282,22.622143,1,0
24379,20:12:46,114.144264,22.62225,1,70
24379,20:13:11,114.150108,22.623367,1,84
24379,20:13:46,114.156219,22.62781,1,90
24379,20:14:10,114.159859,22.631962,1,79
24379,20:14:46,114.166878,22.635403,1,79
24379,20:15:11,114.168243,22.635754,1,0
24379,20:15:34,114.168221,22.635715,1,0
24379,20:15:46,114.168213,22.635708,0,0
24379,20:16:08,114.168213,22.635702,0,3
24379,20:16:11,114.168282,22.635727,1,14
24379,20:16:46,114.170975,22.636293,1,0
24379,20:17:10,114.170944,22.636278,1,0
24379,20:17:46,114.171608,22.636385,1,7
24379,20:18:10,114.171623,22.636333,1,4
24379,20:18:19,114.171623,22.636333,1,0
24379,20:18:47,114.171623,22.636284,1,0
24379,20:19:11,114.171631,22.636345,1,1
24379,20:19:46,114.171646,22.636362,1,0
24379,20:20:10,114.171661,22.636358,1,5
24379,20:20:46,114.169174,22.636223,1,67
24379,20:21:10,114.164406,22.634817,1,74
24379,20:21:12,114.169174,22.636223,1,0
24379,20:21:47,114.158836,22.63138,1,65
24379,20:22:11,114.156197,22.628248,1,56
24379,20:22:46,114.15184,22.624016,1,71
24379,20:23:11,114.148399,22.623365,1,49
24379,20:23:46,114.145912,22.622883,1,16
24379,20:24:04,114.145912,22.622883,1,0
24379,20:24:10,114.147041,22.622778,1,46
24379,20:24:46,114.151939,22.623608,1,47
24379,20:25:11,114.152931,22.623842,1,0
24379,20:25:46,114.152992,22.623808,1,0
24379,20:26:11,114.152962,22.623804,1,1
24379,20:26:46,114.155144,22.622217,1,50
24379,20:27:10,114.155548,22.618477,1,66
24379,20:27:46,114.155411,22.617741,1,1
24379,20:28:10,114.155899,22.616526,1,31
24379,20:28:47,114.156441,22.615936,1,0
24379,20:29:11,114.156815,22.615377,1,11
24379,20:29:46,114.157227,22.614553,1,22
24379,20:29:49,114.156815,22.615377,1,0
24379,20:30:10,114.157753,22.613016,1,31
24379,20:30:46,114.158722,22.610918,1,21
24379,20:31:10,114.159004,22.610188,1,2
24379,20:31:47,114.15731,22.609213,1,54
24379,20:32:03,114.15731,22.609213,1,0
24379,20:32:11,114.155037,22.609015,1,0
24379,20:32:46,114.154663,22.608898,1,33
24379,20:33:11,114.151276,22.60792,1,53
24379,20:33:46,114.150337,22.608038,1,0
24379,20:34:10,114.149742,22.608324,1,32
24379,20:34:46,114.145813,22.609867,1,33
24379,20:35:11,114.14563,22.609764,1,0
24379,20:35:33,114.14563,22.609764,1,0
24379,20:35:46,114.144279,22.609659,1,51
24379,20:36:11,114.14035,22.609224,1,55
24379,20:36:46,114.138008,22.609303,1,16
24379,20:37:10,114.137436,22.60944,1,0
24379,20:37:43,114.137444,22.609434,1,10
24379,20:37:46,114.137321,22.609461,0,21
24379,20:38:10,114.135239,22.609964,0,25
24379,20:38:47,114.1353,22.612263,0,19
24379,20:39:11,114.135818,22.613455,0,26
24379,20:39:46,114.135811,22.614321,0,0
24379,20:40:03,114.135788,22.614489,0,2
24379,20:40:11,114.135796,22.614677,1,12
24379,20:40:46,114.135376,22.615978,1,12
24379,20:41:10,114.13501,22.616676,1,7
24379,20:41:19,114.13501,22.616676,1,0
24379,20:41:47,114.134857,22.616911,1,1
24379,20:42:11,114.134743,22.617088,1,0
24379,20:42:46,114.134651,22.617107,1,2
24379,20:42:54,114.134651,22.617107,1,0
24379,20:43:11,114.134506,22.617123,1,8
24379,20:43:46,114.132591,22.616442,1,56
24379,20:44:10,114.129539,22.612818,1,78
24379,20:44:46,114.123741,22.608875,1,71
24379,20:45:11,114.120033,22.607367,1,43
24379,20:45:46,114.117668,22.60569,1,17
24379,20:46:46,114.114037,22.601337,1,34
24379,20:47:04,114.114037,22.601337,1,0
24379,20:47:10,114.113281,22.600573,1,0
24379,20:47:46,114.11306,22.600348,1,0
24379,20:48:10,114.112984,22.600277,1,6
24379,20:48:47,114.112656,22.600031,1,15
24379,20:49:11,114.112633,22.600201,1,2
24379,20:49:46,114.112312,22.600657,1,14
24379,20:50:11,114.111107,22.600967,1,19
24379,20:50:46,114.111572,22.602028,1,13
24379,20:51:10,114.111816,22.602625,1,4
24379,20:51:47,114.111946,22.603128,1,1
24379,20:52:11,114.111832,22.603256,1,1
24379,20:52:12,114.111832,22.603256,1,1
24379,20:52:41,114.112099,22.603487,0,1
24379,20:52:46,114.112221,22.603556,1,9
24379,20:52:53,114.112221,22.603556,1,0
24379,20:53:11,114.112457,22.604383,1,11
24379,20:53:28,114.112457,22.604383,1,0
24379,20:53:46,114.11261,22.604376,1,1
24379,20:54:10,114.112907,22.604761,1,22
24379,20:54:46,114.111771,22.607567,1,33
24379,20:55:11,114.111008,22.608597,1,35
24379,20:55:46,114.11068,22.609245,1,1
24379,20:56:11,114.110657,22.609413,1,6
24379,20:56:46,114.108582,22.610971,1,14
24379,20:57:10,114.108521,22.611017,1,0
24379,20:57:46,114.108521,22.611078,1,1
24379,20:58:11,114.107841,22.61157,1,40
24379,20:58:38,114.107841,22.61157,1,0
24379,20:58:47,114.106255,22.615116,1,22
24379,20:59:11,114.106285,22.615168,1,1
24379,21:00:11,114.105988,22.616148,1,39
24379,21:00:46,114.105247,22.619743,1,14
24379,21:01:10,114.104897,22.620922,1,23
24379,21:01:47,114.102554,22.624229,1,56
24379,21:03:11,114.100624,22.628113,1,21
24379,21:03:46,114.098068,22.630676,1,54
24379,21:04:10,114.096581,22.632765,1,0
24379,21:04:19,114.096581,22.632765,1,0
24379,21:04:23,114.096581,22.632765,1,0
24379,21:04:46,114.095528,22.634817,1,60
24379,21:05:11,114.093803,22.637985,1,64
24379,21:05:46,114.089249,22.640541,1,55
24379,21:06:11,114.086205,22.639662,1,39
24379,21:06:46,114.084808,22.639956,0,39
24379,21:07:10,114.083862,22.640459,0,0
24379,21:07:46,114.083618,22.640617,0,3
24379,21:08:11,114.08403,22.640343,0,1
24379,21:08:47,114.084045,22.640347,0,0
24379,21:09:11,114.084015,22.640306,0,0
24379,21:09:46,114.085838,22.639618,0,22
24379,21:10:03,114.08596,22.63957,0,4
24379,21:10:08,114.085838,22.639618,0,0
24379,21:10:11,114.086418,22.639618,1,35
24379,21:10:46,114.091118,22.640112,1,47
24379,21:11:10,114.093704,22.637978,1,57
24379,21:11:47,114.095261,22.635223,1,45
24379,21:12:11,114.096176,22.633448,1,1
24379,21:12:46,114.096687,22.632404,1,32
24379,21:13:11,114.096695,22.631453,1,13
24379,21:13:46,114.097908,22.63051,1,29
24379,21:14:10,114.099579,22.628761,1,28
24379,21:14:45,114.099579,22.628761,1,0
24379,21:14:46,114.100769,22.626848,1,7
24379,21:15:11,114.101357,22.626213,1,23
24379,21:15:47,114.102371,22.624197,1,31
24379,21:15:52,114.100769,22.626848,1,0
24379,21:16:11,114.104561,22.621822,1,46
24379,21:16:46,114.104973,22.620262,1,13
24379,21:17:10,114.105385,22.618677,1,15
24379,21:17:46,114.105835,22.616562,1,34
24379,21:18:11,114.105888,22.616039,1,0
24379,21:18:47,114.106102,22.615507,1,28
24379,21:19:11,114.106987,22.612926,1,52
24379,21:19:46,114.107468,22.611643,1,0
24379,21:20:11,114.108231,22.611038,1,25
24379,21:20:46,114.109947,22.609941,1,19
24379,21:21:10,114.110924,22.608459,1,0
24379,21:21:37,114.110924,22.608459,1,0
24379,21:21:47,114.111282,22.607956,1,12
24379,21:22:11,114.111275,22.607748,1,0
24379,21:22:41,114.111183,22.607639,1,0
24379,21:22:46,114.111198,22.607637,0,1
24379,21:23:11,114.111229,22.607628,0,0
24379,21:23:25,114.111214,22.607599,0,4
24379,21:23:46,114.111206,22.607605,1,5
24379,21:24:10,114.111366,22.607653,1,0
24379,21:24:46,114.111382,22.607647,1,0
24379,21:25:11,114.111145,22.608379,1,17
24379,21:25:35,114.111145,22.608379,1,0
24379,21:25:47,114.111145,22.608501,1,0
24379,21:26:11,114.111191,22.608505,1,0
24379,21:26:46,114.110718,22.608961,1,1
24379,21:27:10,114.110703,22.608919,1,1
24379,21:27:22,114.110703,22.608919,1,0
24379,21:27:46,114.11039,22.609488,1,12
24379,21:28:11,114.109436,22.610373,1,27
24379,21:28:47,114.108467,22.611078,1,0
24379,21:29:11,114.108406,22.611073,1,0
24379,21:29:46,114.107857,22.61145,1,34
24379,21:30:11,114.106804,22.614227,1,56
24379,21:30:46,114.106323,22.615337,1,0
24379,21:31:10,114.10627,22.615355,1,0
24379,21:31:47,114.105591,22.617716,1,45
24379,21:32:11,114.105156,22.619417,1,14
24379,21:32:46,114.105484,22.617455,1,1
24379,21:33:07,114.105484,22.617455,1,0
24379,21:33:11,114.10508,22.61742,1,4
24379,21:33:46,114.103714,22.617462,1,20
24379,21:34:10,114.102333,22.617268,1,3
24379,21:34:27,114.102295,22.617188,1,0
24379,21:34:46,114.102318,22.617157,0,1
24379,21:35:11,114.103081,22.617247,0,29
24379,21:35:47,114.104645,22.617315,0,9
24379,21:36:11,114.105141,22.617279,0,0
24379,21:36:46,114.105606,22.61693,0,26
24379,21:37:10,114.106033,22.616062,0,0
24379,21:37:46,114.106087,22.615818,0,0
24379,21:37:51,114.106079,22.615803,1,0
24379,21:38:11,114.106354,22.615204,1,33
24379,21:38:47,114.107262,22.612013,1,31
24379,21:38:51,114.106354,22.615204,1,0
24379,21:39:11,114.107948,22.611263,1,0
24379,21:39:46,114.107994,22.611301,1,0
24379,21:40:11,114.108025,22.611353,1,0
24379,21:40:46,114.108047,22.611353,1,4
24379,21:41:10,114.109756,22.610052,1,46
24379,21:41:47,114.110207,22.609753,1,0
24379,21:42:11,114.110657,22.609568,1,25
24379,21:42:46,114.116089,22.609615,1,64
24379,21:43:11,114.119301,22.610777,1,33
24379,21:44:10,114.122604,22.613041,1,24
24379,21:44:36,114.122604,22.613041,1,0
24379,21:44:46,114.124611,22.61392,1,26
24379,21:45:11,114.126686,22.612871,1,55
24379,21:45:47,114.129631,22.611088,1,0
24379,21:46:11,114.129684,22.611078,1,0
24379,21:46:46,114.130074,22.610916,1,12
24379,21:47:06,114.130074,22.610916,1,0
24379,21:47:46,114.133873,22.610107,1,20
24379,21:48:11,114.134033,22.610043,1,0
24379,21:48:47,114.134064,22.610043,1,0
24379,21:49:11,114.134621,22.609922,1,22
24379,21:49:46,114.137489,22.609198,1,12
24379,21:50:11,114.137535,22.60918,1,0
24379,21:50:22,114.137535,22.60918,1,0
24379,21:50:46,114.138405,22.609062,1,0
24379,21:50:49,114.138412,22.609058,1,0
24379,21:51:10,114.138412,22.609053,0,0
24379,21:51:47,114.138519,22.609041,0,1
24379,21:51:49,114.138512,22.609043,0,0
24379,21:52:11,114.140015,22.609154,1,39
24379,21:52:46,114.144562,22.609722,1,23
24379,21:53:11,114.144615,22.60973,1,0
24379,21:53:46,114.144615,22.609734,1,0
24379,21:54:10,114.144615,22.609743,1,0
24379,21:54:46,114.144966,22.609762,1,0
24379,21:55:11,114.144997,22.609768,1,0
24379,21:55:47,114.144989,22.60977,1,0
24379,21:56:07,114.144989,22.60977,1,0
24379,21:56:11,114.144981,22.609793,1,0
24379,21:56:46,114.145317,22.610035,1,6
24379,21:57:11,114.145309,22.6103,1,2
24379,21:57:46,114.145248,22.610447,1,0
24379,21:57:56,114.145248,22.610447,1,0
24379,21:58:11,114.145355,22.610653,1,4
24379,21:58:47,114.145355,22.610985,1,11
24379,21:59:11,114.145027,22.612511,1,26
24379,21:59:46,114.145393,22.613747,1,6
24379,22:00:11,114.146225,22.61417,1,17
24379,22:00:46,114.148087,22.615131,1,8
24379,22:01:10,114.14933,22.615816,1,24
24379,22:01:47,114.150665,22.616655,1,7
24379,22:01:52,114.14933,22.615816,1,0
24379,22:02:11,114.151253,22.617388,1,14
24379,22:02:46,114.151413,22.61981,1,21
24379,22:03:11,114.151649,22.620775,1,16
24379,22:03:46,114.152962,22.621822,1,29
24379,22:04:10,114.153114,22.622663,1,2
24379,22:04:26,114.153,22.622622,1,1
24379,22:04:47,114.152946,22.622599,0,1
24379,22:05:11,114.152328,22.621323,0,27
24379,22:05:47,114.151733,22.620794,0,5
24379,22:06:11,114.151382,22.619961,0,23
24379,22:06:46,114.150986,22.618048,0,18
24379,22:07:03,114.151131,22.617199,0,21
24379,22:07:11,114.150871,22.616837,1,16
24379,22:07:37,114.150871,22.616837,1,0
24379,22:07:46,114.149757,22.61624,1,17
24379,22:08:11,114.147934,22.615269,1,26
24379,22:08:31,114.147934,22.615269,1,0
24379,22:09:46,114.144592,22.614096,1,8
24379,22:10:11,114.143784,22.614347,1,17
24379,22:10:46,114.14341,22.61525,1,13
24379,22:11:10,114.143051,22.616158,1,19
24379,22:11:47,114.141876,22.617397,1,7
24379,22:12:11,114.141624,22.617613,1,17
24379,22:12:46,114.141266,22.618446,1,0
24379,22:13:11,114.141365,22.619104,1,12
24379,22:13:21,114.141365,22.619104,1,0
24379,22:13:46,114.141731,22.620399,1,12
24379,22:14:10,114.141418,22.620808,1,8
24379,22:14:47,114.140915,22.62109,1,3
24379,22:15:11,114.140587,22.621542,1,14
24379,22:15:47,114.140343,22.622246,1,15
24379,22:15:49,114.140488,22.622219,1,22
24379,22:16:11,114.141899,22.622183,0,11
24379,22:16:46,114.142357,22.622023,0,9
24379,22:17:11,114.142532,22.621986,0,2
24379,22:17:46,114.14267,22.622026,0,1
24379,22:18:05,114.1427,22.62203,0,3
24379,22:18:11,114.142914,22.622042,1,17
24379,22:18:47,114.147446,22.622828,1,64
24379,22:19:05,114.147446,22.622828,1,0
24379,22:19:11,114.151169,22.623501,1,61
24379,22:19:12,114.147446,22.622828,1,0
24379,22:19:22,114.151169,22.623501,1,0
24379,22:19:46,114.154839,22.624058,1,41
24379,22:20:11,114.15284,22.626225,1,72
24379,22:20:46,114.151367,22.633453,1,78
24379,22:21:10,114.150711,22.638241,1,85
24379,22:21:47,114.148094,22.644493,1,79
24379,22:22:11,114.144676,22.648214,1,81
24379,22:22:46,114.14135,22.654537,1,74
24379,22:23:11,114.141663,22.658857,1,79
24379,22:23:46,114.144569,22.665247,1,71
24379,22:24:10,114.146339,22.669024,1,64
24379,22:24:47,114.147636,22.672562,1,39
24379,22:24:50,114.146339,22.669024,1,0
24379,22:25:11,114.149559,22.674717,1,59
24379,22:25:47,114.151855,22.678238,1,11
24379,22:26:11,114.153198,22.679588,1,35
24379,22:26:46,114.153664,22.679922,1,1
24379,22:27:11,114.153671,22.679934,1,0
24379,22:27:28,114.153687,22.679932,1,2
24379,22:27:46,114.153526,22.679922,0,21
24379,22:28:11,114.152443,22.678986,0,24
24379,22:29:11,114.152016,22.678865,0,0
24379,22:29:48,114.152016,22.678865,0,0
