24049,00:00:32,114.0177,22.560301,0,39
24049,00:01:02,114.011703,22.559401,0,41
24049,00:01:32,114.005997,22.5569,0,42
24049,00:02:02,114.0,22.555901,0,42
24049,00:03:03,113.987801,22.5592,0,40
24049,00:04:03,113.974998,22.556601,0,41
24049,00:04:33,113.969101,22.557501,0,40
24049,00:05:03,113.962799,22.5569,0,37
24049,00:06:33,113.945503,22.555401,0,38
24049,00:07:03,113.940002,22.555401,0,37
24049,00:08:03,113.929001,22.555201,0,37
24049,00:08:33,113.923203,22.5555,0,39
24049,00:09:04,113.917099,22.555599,0,39
24049,00:09:34,113.912399,22.5534,0,36
24049,00:10:04,113.906898,22.5506,0,37
24049,00:10:34,113.904099,22.547001,0,24
24049,00:11:34,113.896202,22.552601,0,39
24049,00:12:04,113.892303,22.5564,0,37
24049,00:14:35,113.883904,22.5646,0,0
24049,00:15:05,113.883904,22.5646,0,0
24049,00:16:05,113.877602,22.570299,0,0
24049,00:16:35,113.877602,22.570299,0,0
24049,00:17:05,113.877602,22.570299,0,0
24049,00:17:35,113.877602,22.570299,0,0
24049,00:18:05,113.877602,22.570299,0,0
24049,00:18:35,113.877602,22.570299,0,0
24049,00:18:58,113.877602,22.570299,0,0
24049,00:20:28,113.878403,22.574301,0,0
24049,00:20:58,113.878403,22.574301,0,0
24049,00:21:58,113.8825,22.576599,0,17
24049,00:22:28,113.885803,22.5739,0,34
24049,00:22:59,113.889603,22.5702,0,36
24049,00:23:29,113.892799,22.566601,0,33
24049,00:23:59,113.895103,22.564199,0,23
24049,00:24:29,113.896797,22.562799,0,15
24049,00:25:00,113.898499,22.561399,0,22
24049,00:25:30,113.900299,22.560101,0,0
24049,00:26:00,113.900299,22.560101,0,0
24049,00:26:30,113.900299,22.560101,0,0
24049,00:27:00,113.900299,22.560101,0,0
24049,00:27:30,113.900299,22.560101,0,0
24049,00:28:00,113.900299,22.560101,0,0
24049,00:28:30,113.900299,22.560101,0,0
24049,00:29:30,113.900299,22.560101,0,0
24049,00:30:00,113.902397,22.5585,0,27
24049,00:31:01,113.904602,22.556299,0,0
24049,00:32:01,113.904701,22.5562,0,0
24049,00:32:31,113.9048,22.555599,0,0
24049,00:33:03,113.9048,22.555599,0,0
24049,00:33:33,113.9048,22.555599,0,0
24049,00:34:33,113.9048,22.555599,0,0
24049,00:35:03,113.904701,22.554701,0,16
24049,00:35:33,113.905296,22.5539,0,8
24049,00:36:03,113.905998,22.553801,0,0
24049,00:38:33,113.920799,22.555201,0,26
24049,00:39:34,113.928902,22.555,0,30
24049,00:40:04,113.933601,22.555201,0,34
24049,00:40:34,113.939201,22.5553,0,38
24049,00:41:04,113.945,22.554899,0,33
24049,00:41:34,113.950203,22.555901,0,38
24049,00:42:04,113.955902,22.556101,0,36
24049,00:42:34,113.961197,22.5564,0,35
24049,00:43:35,113.970802,22.556801,0,28
24049,00:44:05,113.974098,22.553801,0,12
24049,00:45:05,113.979698,22.5501,0,21
24049,00:46:05,113.986702,22.544399,0,35
24049,00:46:35,113.990997,22.543699,0,8
24049,00:47:05,113.990997,22.543699,0,0
24049,00:48:05,114.000702,22.546499,0,39
24049,00:49:05,114.0065,22.549,0,0
24049,00:49:35,114.0065,22.549,0,0
24049,00:50:05,114.008598,22.551701,0,43
24049,00:50:35,114.011703,22.5553,0,31
24049,00:51:06,114.013,22.5553,0,26
24049,00:51:36,114.017899,22.5553,0,30
24049,00:52:06,114.021698,22.5555,0,25
24049,00:52:36,114.026199,22.555901,0,33
24049,00:53:06,114.0299,22.556101,0,28
24049,00:53:36,114.033501,22.5536,0,16
24049,00:54:35,114.0364,22.555799,0,29
24049,00:56:36,114.042397,22.5595,0,33
24049,00:57:06,114.041801,22.5634,0,19
24049,00:57:36,114.046303,22.5648,0,27
24049,00:58:06,114.051498,22.5648,0,41
24049,01:00:37,114.080597,22.5723,0,40
24049,01:03:07,114.094704,22.5616,0,0
24049,01:03:40,114.094498,22.5639,0,26
24049,01:04:10,114.094498,22.566401,0,13
24049,01:04:40,114.095802,22.568399,0,27
24049,01:05:11,114.099899,22.570101,0,29
24049,01:05:12,114.099899,22.570101,0,29
24049,01:06:12,114.1073,22.573601,0,27
24049,01:06:42,114.107903,22.5718,0,21
24049,01:07:11,114.107803,22.569799,0,0
24049,01:07:41,114.107697,22.5695,0,12
24049,01:08:11,114.107498,22.5676,0,19
24049,01:09:12,114.1082,22.566601,0,23
24049,01:10:12,114.116501,22.5681,0,30
24049,01:11:12,114.119202,22.5616,0,32
24049,01:11:42,114.120796,22.557899,0,30
24049,01:12:12,114.123703,22.555,0,27
24049,01:12:42,114.124702,22.5539,0,4
24049,01:13:12,114.124702,22.553801,0,0
24049,01:13:42,114.124702,22.553801,0,0
24049,01:14:42,114.124702,22.553801,0,0
24049,01:15:12,114.124702,22.553801,0,0
24049,01:15:42,114.124702,22.553801,0,0
24049,01:16:42,114.124702,22.553801,0,0
24049,01:17:12,114.124702,22.553801,0,0
24049,01:17:42,114.124702,22.553801,0,0
24049,01:18:42,114.124702,22.553801,0,0
24049,01:19:13,114.124702,22.553801,0,0
24049,01:19:43,114.124702,22.553801,0,0
24049,01:21:13,114.124702,22.553801,0,0
24049,01:21:43,114.124702,22.553801,0,0
24049,01:22:43,114.124702,22.553801,0,0
24049,01:23:13,114.124702,22.553801,0,0
24049,01:23:43,114.124702,22.553801,0,0
24049,01:24:13,114.124702,22.553801,0,0
24049,01:24:43,114.124702,22.553801,0,0
24049,01:25:13,114.124702,22.553801,0,0
24049,01:26:13,114.124702,22.553801,0,0
24049,01:26:43,114.124702,22.553801,0,0
24049,01:27:13,114.124702,22.553801,0,0
24049,01:27:43,114.124702,22.553801,0,0
24049,01:28:13,114.124702,22.553801,0,0
24049,01:29:13,114.124802,22.553801,0,10
24049,01:29:43,114.126297,22.553499,0,19
24049,01:30:43,114.129601,22.555401,0,14
24049,01:31:13,114.131599,22.554399,0,15
24049,01:31:43,114.133499,22.556299,0,19
24049,01:32:13,114.134903,22.5583,0,7
24049,01:32:43,114.135597,22.559299,0,15
24049,01:33:04,114.136597,22.5609,0,0
24049,01:33:15,114.137199,22.561701,0,19
24049,01:34:15,114.1353,22.5646,0,5
24049,01:35:14,114.134903,22.565201,0,0
24049,01:36:44,114.136002,22.5667,0,0
24049,01:37:14,114.136002,22.5667,0,0
24049,01:37:44,114.137001,22.567699,0,23
24049,01:39:15,114.1362,22.569799,0,0
24049,01:39:45,114.1362,22.569799,0,0
24049,01:40:15,114.1362,22.569799,0,0
24049,01:42:15,114.1362,22.569799,0,0
24049,01:42:45,114.136299,22.5697,0,0
24049,01:43:45,114.136597,22.5695,0,0
24049,01:44:45,114.136597,22.5695,0,0
24049,01:45:15,114.136597,22.5695,0,0
24049,01:45:45,114.136597,22.5695,0,0
24049,01:46:15,114.136597,22.5695,0,0
24049,01:46:45,114.136597,22.5695,0,0
24049,01:47:15,114.136597,22.5695,0,0
24049,01:48:15,114.136597,22.5695,0,0
24049,01:48:45,114.136597,22.5695,0,0
24049,01:49:15,114.136597,22.5695,0,0
24049,01:49:45,114.136597,22.5695,0,0
24049,01:50:15,114.136597,22.5695,0,0
24049,01:50:45,114.136597,22.5695,0,0
24049,01:51:15,114.136597,22.5695,0,0
24049,01:54:45,114.136597,22.5695,0,0
24049,01:55:15,114.136597,22.5695,0,0
24049,01:55:45,114.136597,22.5695,0,0
24049,01:56:45,114.136597,22.5695,0,0
24049,01:57:45,114.136703,22.5695,0,1
24049,01:57:59,114.137497,22.569099,0,0
24049,01:58:07,114.137604,22.568701,0,16
24049,01:59:33,114.138397,22.568001,0,0
24049,02:00:03,114.1399,22.567101,0,10
24049,02:00:33,114.141296,22.5672,0,1
24049,02:00:59,114.141296,22.5672,0,0
24049,02:01:29,114.141403,22.567301,0,0
24049,02:01:59,114.1408,22.5667,0,8
24049,02:02:29,114.139099,22.5667,0,10
24049,02:03:00,114.138496,22.567499,0,13
24049,02:03:30,114.138199,22.5686,0,9
24049,02:04:00,114.1381,22.569099,0,0
24049,02:04:28,114.137199,22.569099,0,0
24049,02:04:31,114.137199,22.569099,0,0
24049,02:04:54,114.137604,22.5688,0,5
24049,02:06:00,114.1371,22.566099,0,28
24049,02:06:30,114.138397,22.563299,0,16
24049,02:07:31,114.135399,22.559,0,8
24049,02:09:01,114.133003,22.555599,0,15
24049,02:10:01,114.129898,22.555201,0,0
24049,02:11:02,114.129898,22.555201,0,0
24049,02:12:02,114.129898,22.555201,0,0
24049,02:12:32,114.129898,22.555201,0,0
24049,02:13:02,114.129898,22.555201,0,0
24049,02:13:32,114.129898,22.555201,0,0
24049,02:14:02,114.129898,22.555201,0,0
24049,02:14:32,114.129898,22.555201,0,0
24049,02:15:02,114.129898,22.555201,0,0
24049,02:15:32,114.129898,22.555201,0,0
24049,02:16:32,114.129898,22.555201,0,0
24049,02:17:32,114.128799,22.556101,0,0
24049,02:19:02,114.128799,22.556101,0,0
24049,02:20:32,114.128799,22.556101,0,0
24049,02:21:14,114.128197,22.5564,0,11
24049,02:21:44,114.126198,22.5536,0,27
24049,02:22:44,114.120903,22.558701,0,34
24049,02:23:14,114.118896,22.5627,0,35
24049,02:23:44,114.117996,22.5676,0,32
24049,02:24:14,114.117897,22.572001,0,34
24049,02:24:44,114.116898,22.5765,0,32
24049,02:25:14,114.1147,22.581301,0,37
24049,02:25:44,114.112396,22.5858,0,30
24049,02:26:14,114.109901,22.5895,0,35
24049,02:28:15,114.120499,22.607,0,41
24049,02:28:45,114.125397,22.6096,0,26
24049,02:29:45,114.127197,22.6117,0,29
24049,02:30:15,114.125999,22.611799,0,15
24049,02:31:12,114.125099,22.6126,0,10
24049,02:31:42,114.123497,22.6127,0,11
24049,02:32:42,114.119301,22.612,0,11
24049,02:33:12,114.117897,22.610201,0,27
24049,02:33:42,114.1157,22.6091,0,20
24049,02:34:42,114.115898,22.606199,0,15
24049,02:35:12,114.116096,22.603399,0,30
24049,02:36:12,114.115997,22.601601,0,17
24049,02:36:42,114.117203,22.600401,0,0
24049,02:37:13,114.118698,22.598499,0,28
24049,02:37:43,114.119598,22.596901,0,0
24049,02:38:13,114.119499,22.5966,0,9
24049,02:38:43,114.116997,22.5965,0,21
24049,02:39:13,114.114197,22.596399,0,10
24049,02:39:43,114.113998,22.5965,0,0
24049,02:40:13,114.113998,22.5965,0,0
24049,02:40:43,114.113998,22.5965,0,0
24049,02:41:43,114.113998,22.5965,0,0
24049,02:42:13,114.113998,22.5965,0,0
24049,02:42:43,114.113998,22.5965,0,0
24049,02:44:13,114.113998,22.5965,0,0
24049,02:44:43,114.113998,22.5965,0,0
24049,02:45:13,114.113998,22.5965,0,0
24049,02:45:43,114.113998,22.5965,0,0
24049,02:46:43,114.113998,22.5965,0,0
24049,02:47:13,114.113998,22.5965,0,0
24049,02:47:43,114.113998,22.5965,0,0
24049,02:48:13,114.113998,22.5965,0,0
24049,02:48:43,114.113998,22.5965,0,0
24049,02:49:43,114.113998,22.5965,0,0
24049,02:50:13,114.113998,22.5965,0,0
24049,02:50:43,114.115303,22.5965,0,21
24049,02:52:14,114.124298,22.5945,0,14
24049,02:53:44,114.128799,22.592199,0,18
24049,02:54:14,114.128502,22.5907,0,14
24049,02:54:44,114.128601,22.588699,0,14
24049,02:55:14,114.128098,22.587601,0,8
24049,02:55:44,114.128403,22.585899,0,17
24049,02:56:44,114.132896,22.583,0,5
24049,02:57:45,114.132797,22.580799,0,19
24049,02:58:15,114.134201,22.5793,0,17
24049,02:59:15,114.139297,22.579399,0,24
24049,02:59:45,114.139603,22.577101,0,10
24049,03:00:45,114.139,22.5755,0,0
24049,03:01:45,114.137802,22.569799,0,32
24049,03:02:15,114.136803,22.569401,0,0
24049,03:02:45,114.136803,22.569401,0,0
24049,03:03:15,114.136803,22.569401,0,0
24049,03:03:45,114.136803,22.569401,0,0
24049,03:04:15,114.136803,22.569401,0,0
24049,03:04:45,114.136803,22.569401,0,0
24049,03:05:15,114.136803,22.569401,0,0
24049,03:06:15,114.136803,22.569401,0,0
24049,03:06:45,114.136803,22.569401,0,0
24049,03:07:15,114.136803,22.569401,0,0
24049,03:08:15,114.136803,22.569401,0,0
24049,03:09:45,114.136803,22.569401,0,0
24049,03:10:45,114.136803,22.569401,0,0
24049,03:11:45,114.136803,22.569401,0,0
24049,03:11:53,114.136703,22.5697,0,11
24049,03:12:53,114.130302,22.572001,0,22
24049,03:13:23,114.126503,22.5707,0,26
24049,03:13:53,114.125099,22.5683,0,27
24049,03:14:53,114.1222,22.563801,0,11
24049,03:17:00,114.122902,22.561899,0,22
24049,03:17:30,114.124802,22.561501,0,22
24049,03:18:00,114.125504,22.5588,0,23
24049,03:19:00,114.1297,22.5553,0,0
24049,03:19:31,114.1297,22.5553,0,0
24049,03:20:31,114.1297,22.5553,0,0
24049,03:21:32,114.1297,22.5553,0,0
24049,03:23:02,114.1297,22.5553,0,0
24049,03:24:32,114.1297,22.5553,0,0
24049,03:25:02,114.1297,22.5553,0,0
24049,03:25:32,114.1297,22.5553,0,0
24049,03:27:33,114.1297,22.5553,0,0
24049,03:28:33,114.1297,22.5553,0,0
24049,03:29:03,114.1297,22.5553,0,0
24049,03:29:33,114.1297,22.5553,0,0
24049,03:30:03,114.1297,22.5553,0,0
24049,03:30:33,114.1297,22.5553,0,0
24049,03:31:33,114.1297,22.5553,0,0
24049,03:32:33,114.1297,22.5553,0,0
24049,03:33:03,114.1297,22.5553,0,0
24049,03:34:03,114.1297,22.5553,0,0
24049,03:34:33,114.1297,22.5553,0,0
24049,03:35:03,114.1297,22.5553,0,0
24049,03:35:33,114.1297,22.5553,0,0
24049,03:36:03,114.1297,22.5553,0,0
24049,03:36:33,114.1297,22.5553,0,0
24049,03:37:03,114.1297,22.5553,0,0
24049,03:38:03,114.128502,22.556299,0,0
24049,03:38:33,114.127296,22.555201,0,15
24049,03:39:03,114.125702,22.5532,0,13
24049,03:39:33,114.123299,22.5557,0,29
24049,03:40:33,114.118896,22.5625,0,26
24049,03:41:18,114.117996,22.5683,0,0
24049,03:41:37,114.117897,22.569201,0,0
24049,03:42:07,114.117897,22.5725,0,32
24049,03:42:37,114.116898,22.5767,0,29
24049,03:43:04,114.116798,22.5769,0,0
24049,03:43:07,114.116798,22.5769,0,0
24049,03:43:11,114.1157,22.576799,0,27
24049,03:43:37,114.111801,22.576599,0,35
24049,03:44:07,114.106697,22.574699,0,38
24049,03:45:36,114.091499,22.567699,0,35
24049,03:47:06,114.077599,22.572599,0,41
24049,03:47:37,114.072197,22.569901,0,42
24049,03:48:37,114.060204,22.5674,0,40
24049,03:49:07,114.054604,22.565201,0,41
24049,03:49:37,114.0485,22.565201,0,42
24049,03:50:07,114.042702,22.564301,0,42
24049,03:50:37,114.039101,22.5641,0,11
24049,03:52:37,114.044098,22.5515,0,26
24049,03:54:07,114.044403,22.5375,0,36
24049,03:55:07,114.0448,22.526899,0,31
24049,03:55:37,114.044502,22.525999,0,0
24049,03:56:37,114.042702,22.522699,0,35
24049,03:57:38,114.038002,22.5235,0,0
24049,03:58:38,114.034798,22.525101,0,30
24049,03:59:08,114.034203,22.5252,0,23
24049,03:59:38,114.034599,22.525,0,0
24049,04:01:08,114.039597,22.5224,0,13
24049,04:01:38,114.042099,22.5214,0,21
24049,04:02:08,114.0439,22.5245,0,25
24049,04:02:38,114.044403,22.525499,0,0
24049,04:03:08,114.045097,22.5275,0,28
24049,04:03:38,114.045601,22.5305,0,21
24049,04:04:08,114.049599,22.5312,0,34
24049,04:05:39,114.065201,22.531401,0,37
24049,04:05:56,114.068199,22.5315,0,0
24049,04:06:02,114.069397,22.5315,0,32
24049,04:06:09,114.070503,22.5315,0,27
24049,04:06:39,114.075401,22.531799,0,40
24049,04:08:38,114.092697,22.538,0,35
24049,04:09:08,114.098396,22.538,0,37
24049,04:09:39,114.103401,22.538,0,26
24049,04:10:39,114.108597,22.541599,0,28
24049,04:11:09,114.110199,22.5418,0,0
24049,04:11:39,114.110901,22.5441,0,34
24049,04:12:09,114.110397,22.5476,0,0
24049,04:12:39,114.110397,22.5481,0,19
24049,04:13:09,114.110001,22.551901,0,34
24049,04:13:39,114.110298,22.556299,0,31
24049,04:14:09,114.113503,22.558599,0,22
24049,04:14:39,114.118401,22.5588,0,31
24049,04:15:09,114.119598,22.559401,0,31
24049,04:15:40,114.1185,22.564301,0,41
24049,04:16:40,114.117996,22.5737,0,16
24049,04:17:10,114.118301,22.5742,0,0
24049,04:17:40,114.118202,22.5744,0,0
24049,04:18:10,114.118202,22.5744,0,0
24049,04:19:40,114.118202,22.5744,0,0
24049,04:20:10,114.118401,22.5746,0,0
24049,04:21:10,114.118401,22.5746,0,0
24049,04:21:41,114.118401,22.5746,0,0
24049,04:22:11,114.1185,22.5748,0,3
24049,04:22:41,114.1185,22.5748,0,0
24049,04:23:41,114.1185,22.5748,0,0
24049,04:24:41,114.1185,22.5748,0,0
24049,04:25:11,114.1185,22.5748,0,0
24049,04:25:41,114.1185,22.5748,0,0
24049,04:26:11,114.1185,22.5748,0,0
24049,04:26:41,114.1185,22.5748,0,0
24049,04:27:11,114.1185,22.5748,0,0
24049,04:27:41,114.1185,22.5748,0,0
24049,04:28:41,114.119598,22.573799,0,22
24049,04:29:11,114.121696,22.5749,0,26
24049,04:30:12,114.127403,22.577101,0,28
24049,04:30:42,114.129601,22.577101,0,0
24049,04:33:44,114.129601,22.577101,0,0
24049,04:34:14,114.129601,22.577101,0,0
24049,04:34:44,114.129601,22.577101,0,0
24049,04:35:14,114.129601,22.577101,0,0
24049,04:35:44,114.129601,22.577299,0,0
24049,04:36:14,114.129601,22.577299,0,0
24049,04:36:44,114.129601,22.577299,0,0
24049,04:37:14,114.129601,22.577299,0,0
24049,04:37:44,114.129601,22.577299,0,0
24049,04:38:14,114.129601,22.577299,0,0
24049,04:38:44,114.129601,22.577299,0,0
24049,04:39:14,114.1315,22.577299,0,27
24049,04:39:44,114.131699,22.5749,0,6
24049,04:40:14,114.134201,22.573299,0,14
24049,04:40:44,114.133598,22.5716,0,0
24049,04:41:14,114.134499,22.570801,0,11
24049,04:41:44,114.135101,22.570299,0,0
24049,04:42:14,114.134499,22.5697,0,0
24049,04:42:44,114.134499,22.5697,0,0
24049,04:43:14,114.134499,22.5697,0,0
24049,04:44:15,114.134499,22.5697,0,0
24049,04:44:45,114.134499,22.5697,0,0
24049,04:45:15,114.134499,22.5697,0,0
24049,04:45:45,114.134499,22.5697,0,0
24049,04:46:15,114.134499,22.5697,0,0
24049,04:47:15,114.134499,22.5697,0,0
24049,04:47:45,114.134499,22.5697,0,0
24049,04:48:15,114.134499,22.5697,0,0
24049,04:48:45,114.134499,22.5697,0,0
24049,04:50:15,114.134499,22.5697,0,0
24049,04:51:45,114.134499,22.5697,0,0
24049,04:52:45,114.134499,22.5697,0,0
24049,04:53:15,114.134499,22.5697,0,0
24049,04:53:45,114.134499,22.5697,0,0
24049,04:54:15,114.134499,22.5697,0,0
24049,04:54:45,114.134499,22.5697,0,0
24049,04:55:15,114.134499,22.5697,0,0
24049,04:55:45,114.134499,22.5697,0,0
24049,04:56:15,114.134499,22.5697,0,0
24049,04:57:45,114.134499,22.5697,0,0
24049,04:58:15,114.134499,22.5697,0,0
24049,04:59:15,114.134499,22.5697,0,0
24049,04:59:45,114.134499,22.5697,0,0
24049,05:00:15,114.134499,22.5697,0,0
24049,05:01:15,114.134499,22.5697,0,0
24049,05:01:45,114.134499,22.5697,0,0
24049,05:02:45,114.134499,22.5697,0,0
24049,05:04:15,114.134499,22.5697,0,0
24049,05:04:45,114.134499,22.5697,0,0
24049,05:05:15,114.134499,22.5697,0,0
24049,05:05:45,114.134499,22.5697,0,0
24049,05:07:15,114.134499,22.5697,0,0
24049,05:07:45,114.134499,22.5697,0,0
24049,05:08:15,114.134499,22.5697,0,0
24049,05:08:45,114.134499,22.5697,0,0
24049,05:09:15,114.134499,22.5697,0,0
24049,05:10:15,114.134499,22.5697,0,0
24049,05:12:45,114.134499,22.5697,0,0
24049,05:13:15,114.134499,22.5697,0,0
24049,05:13:45,114.134499,22.5697,0,0
24049,05:14:45,114.134499,22.5697,0,0
24049,05:15:45,114.134499,22.5697,0,0
24049,05:16:15,114.134499,22.5697,0,0
24049,05:16:45,114.134499,22.5697,0,0
24049,05:17:15,114.134499,22.5697,0,0
24049,05:17:45,114.134499,22.5697,0,0
24049,05:18:15,114.134499,22.5697,0,0
24049,05:18:45,114.134499,22.5697,0,0
24049,05:19:45,114.134499,22.5697,0,0
24049,05:20:15,114.134499,22.5697,0,0
24049,05:20:45,114.134499,22.5697,0,0
24049,05:21:15,114.134499,22.5697,0,0
24049,05:21:45,114.134499,22.5697,0,0
24049,05:22:45,114.134499,22.5697,0,0
24049,05:23:15,114.134499,22.5697,0,0
24049,05:23:45,114.134499,22.5697,0,0
24049,05:24:15,114.134499,22.5697,0,0
24049,05:24:45,114.134499,22.5697,0,0
24049,05:25:15,114.134499,22.5697,0,0
24049,05:25:45,114.134499,22.5697,0,0
24049,05:26:15,114.134499,22.5697,0,0
24049,05:26:45,114.134499,22.5697,0,0
24049,05:27:15,114.134499,22.5697,0,0
24049,05:27:45,114.134499,22.5697,0,0
24049,05:28:15,114.134499,22.5697,0,0
24049,05:28:45,114.134499,22.5697,0,0
24049,05:29:15,114.134499,22.5697,0,0
24049,05:29:45,114.134499,22.5697,0,0
24049,05:31:15,114.134499,22.5697,0,0
24049,05:32:15,114.134499,22.5697,0,0
24049,05:32:45,114.134499,22.5697,0,0
24049,05:33:45,114.134499,22.5697,0,0
24049,05:34:15,114.134499,22.5697,0,0
24049,05:34:45,114.134499,22.5697,0,0
24049,05:35:15,114.134499,22.5697,0,0
24049,05:35:45,114.134499,22.5697,0,0
24049,05:36:15,114.134499,22.5697,0,0
24049,05:36:45,114.134499,22.5697,0,0
24049,05:37:15,114.134499,22.5697,0,0
24049,05:37:45,114.134499,22.5697,0,0
24049,05:38:15,114.134499,22.5697,0,0
24049,05:38:45,114.134499,22.5697,0,0
24049,05:39:15,114.134499,22.5697,0,0
24049,05:40:15,114.134499,22.5697,0,0
24049,05:41:15,114.134499,22.5697,0,0
24049,05:41:45,114.134499,22.5697,0,0
24049,05:42:15,114.134499,22.5697,0,0
24049,05:42:45,114.134499,22.5697,0,0
24049,05:43:15,114.134499,22.5697,0,0
24049,05:43:45,114.134499,22.5697,0,0
24049,05:44:15,114.134499,22.5697,0,0
24049,05:44:45,114.134499,22.5697,0,0
24049,05:45:15,114.134499,22.5697,0,0
24049,05:45:45,114.134499,22.5697,0,0
24049,05:46:15,114.134499,22.5697,0,0
24049,05:47:15,114.134499,22.5697,0,0
24049,05:47:45,114.134499,22.5697,0,0
24049,05:48:45,114.135696,22.570101,0,14
24049,05:49:08,114.137299,22.569401,0,0
24049,05:49:15,114.137299,22.569401,0,11
24049,05:49:17,114.137299,22.569401,0,11
24049,05:49:18,114.137299,22.568501,0,0
24049,05:49:26,114.136902,22.568001,0,17
24049,05:49:47,114.136597,22.5676,0,0
24049,05:50:17,114.135803,22.566601,0,20
24049,05:51:17,114.131302,22.562099,0,28
24049,05:51:46,114.127403,22.560499,0,26
24049,05:52:16,114.1241,22.558701,0,21
24049,05:52:46,114.123497,22.558399,0,11
24049,05:53:46,114.122299,22.557699,0,0
24049,05:54:16,114.122299,22.557699,0,0
24049,05:54:20,114.122299,22.557699,0,0
24049,05:55:21,114.117203,22.551201,0,32
24049,05:56:51,114.1166,22.548401,0,0
24049,05:57:21,114.116699,22.548201,0,12
24049,05:57:51,114.117203,22.546499,0,11
24049,05:58:21,114.117798,22.5438,0,0
24049,05:58:51,114.117798,22.5438,0,0
24049,05:59:21,114.118698,22.542299,0,18
24049,05:59:51,114.116302,22.541,0,16
24049,06:00:21,114.114403,22.5387,0,37
24049,06:01:52,114.096901,22.5382,0,43
24049,06:02:22,114.090401,22.538,0,43
24049,06:02:52,114.084099,22.5375,0,48
24049,06:03:22,114.079102,22.5354,0,36
24049,06:03:52,114.075897,22.532,0,29
24049,06:04:52,114.068298,22.532,0,0
24049,06:04:53,114.0672,22.532,0,23
24049,06:05:22,114.068199,22.531099,0,34
24049,06:05:52,114.066498,22.5259,0,39
24049,06:06:22,114.067902,22.5236,0,24
24049,06:08:13,114.068298,22.529699,0,30
24049,06:09:13,114.068901,22.538601,0,14
24049,06:09:43,114.070602,22.538601,0,21
24049,06:10:13,114.071999,22.5369,0,20
24049,06:10:43,114.073303,22.5359,0,4
24049,06:11:13,114.074501,22.535,0,2
24049,06:11:44,114.074501,22.535,0,0
24049,06:12:14,114.074501,22.535,0,0
24049,06:12:44,114.074501,22.535,0,0
24049,06:13:14,114.074501,22.535,0,0
24049,06:13:44,114.074501,22.535,0,0
24049,06:14:14,114.074501,22.535,0,0
24049,06:14:44,114.0746,22.534901,0,0
24049,06:15:14,114.0746,22.534901,0,0
24049,06:17:44,114.0746,22.534901,0,0
24049,06:18:14,114.0746,22.534901,0,0
24049,06:18:44,114.0746,22.534901,0,0
24049,06:19:14,114.0746,22.534901,0,0
24049,06:19:44,114.0746,22.534901,0,0
24049,06:20:14,114.0746,22.534901,0,0
24049,06:20:44,114.0746,22.534901,0,0
24049,06:21:14,114.0746,22.534901,0,0
24049,06:22:14,114.0746,22.534901,0,0
24049,06:23:17,114.0765,22.535101,0,16
24049,06:23:48,114.077301,22.536301,0,12
24049,06:24:18,114.077499,22.5382,0,16
24049,06:24:48,114.078499,22.5389,0,20
24049,06:25:18,114.081299,22.539,0,20
24049,06:25:48,114.081703,22.536501,0,18
24049,06:26:18,114.083603,22.537201,0,27
24049,06:27:48,114.099197,22.537901,0,32
24049,06:28:48,114.107002,22.5369,0,33
24049,06:29:48,114.109497,22.5375,0,27
24049,06:30:18,114.111,22.5355,0,0
24049,06:30:48,114.111198,22.5347,0,28
24049,06:31:41,114.113998,22.5317,0,0
24049,06:31:48,114.113998,22.5317,0,0
24049,06:31:54,114.113998,22.5317,0,0
24049,06:31:57,114.113998,22.5317,0,0
24049,06:32:10,114.113998,22.5317,0,0
24049,06:32:40,114.114998,22.532499,0,22
24049,06:33:10,114.114403,22.5354,0,2
24049,06:34:09,114.113998,22.538401,0,7
24049,06:34:39,114.113899,22.5385,0,0
24049,06:35:09,114.113602,22.5401,0,17
24049,06:36:09,114.115997,22.542601,0,12
24049,06:36:39,114.115601,22.5439,0,18
24049,06:37:39,114.116699,22.546301,0,13
24049,06:38:09,114.1194,22.546801,0,20
24049,06:38:39,114.119904,22.5455,0,7
24049,06:39:09,114.120102,22.5446,0,15
24049,06:39:40,114.120796,22.543699,0,9
24049,06:41:10,114.121002,22.543501,0,0
24049,06:42:10,114.121002,22.543501,0,0
24049,06:42:40,114.121002,22.543501,0,0
24049,06:43:10,114.121002,22.543501,0,0
24049,06:43:41,114.121002,22.543501,0,0
24049,06:44:11,114.121002,22.543501,0,0
24049,06:45:11,114.121002,22.543501,0,0
24049,06:45:41,114.121002,22.543501,0,0
24049,06:46:11,114.121002,22.543501,0,0
24049,06:47:11,114.121002,22.543501,0,0
24049,06:47:42,114.121002,22.543501,0,0
24049,06:48:12,114.121002,22.543501,0,0
24049,06:48:42,114.121002,22.543501,0,0
24049,06:49:12,114.121002,22.543501,0,0
24049,06:49:42,114.121002,22.543501,0,0
24049,06:50:42,114.121002,22.543501,0,0
24049,06:51:12,114.121002,22.543501,0,0
24049,06:51:42,114.121002,22.543501,0,0
24049,06:53:12,114.121002,22.543501,0,0
24049,06:54:12,114.121002,22.543501,0,0
24049,06:54:42,114.121002,22.543501,0,0
24049,06:55:08,114.121002,22.543501,0,5
24049,06:55:39,114.120399,22.542101,0,0
24049,06:56:09,114.120399,22.542101,0,0
24049,06:57:09,114.119202,22.5404,0,0
24049,06:57:39,114.117599,22.540001,0,31
24049,06:58:09,114.112396,22.5382,0,37
24049,06:58:39,114.106697,22.5371,0,34
24049,06:59:39,114.095596,22.538099,0,40
24049,07:00:09,114.090103,22.537901,0,33
24049,07:00:39,114.084702,22.537399,0,38
24049,07:01:40,114.077202,22.532301,0,27
24049,07:02:10,114.072403,22.5319,0,35
24049,07:02:40,114.068802,22.532,0,8
24049,07:02:50,114.068298,22.532,0,0
24049,07:02:59,114.068298,22.532,0,20
24049,07:03:11,114.067497,22.5329,0,22
24049,07:03:40,114.068001,22.528999,0,26
24049,07:04:40,114.065903,22.524401,0,0
24049,07:04:44,114.066597,22.524,0,22
24049,07:05:11,114.068398,22.523701,0,0
24049,07:05:26,114.068398,22.523701,0,0
24049,07:06:25,114.067299,22.5264,0,25
24049,07:06:55,114.068298,22.530399,0,31
24049,07:07:25,114.068199,22.5352,0,33
24049,07:07:56,114.068703,22.5385,0,13
24049,07:08:56,114.071999,22.536699,0,17
24049,07:09:56,114.073601,22.5357,0,0
24049,07:10:56,114.075996,22.534401,0,8
24049,07:11:26,114.076797,22.535601,0,9
24049,07:11:56,114.077301,22.5366,0,0
24049,07:12:26,114.077499,22.5376,0,11
24049,07:13:26,114.078598,22.5404,0,0
24049,07:13:57,114.0812,22.540701,0,7
24049,07:15:27,114.083504,22.540701,0,21
24049,07:16:27,114.086098,22.5408,0,0
24049,07:16:57,114.087799,22.541201,0,12
24049,07:17:57,114.090401,22.540001,0,22
24049,07:18:27,114.091301,22.538401,0,4
24049,07:19:58,114.094902,22.5401,0,0
24049,07:20:58,114.096802,22.540199,0,8
24049,07:21:58,114.099297,22.5411,0,0
24049,07:23:28,114.1026,22.542801,0,13
24049,07:23:58,114.105103,22.5431,0,9
24049,07:24:58,114.104897,22.5424,0,0
24049,07:25:28,114.105003,22.542299,0,5
24049,07:25:59,114.104897,22.5415,0,0
24049,07:26:59,114.104897,22.5411,0,10
24049,07:27:29,114.104202,22.5406,0,18
24049,07:27:59,114.102699,22.540501,0,0
24049,07:28:29,114.102699,22.540501,0,0
24049,07:28:59,114.102699,22.540501,0,0
24049,07:30:11,114.101898,22.542999,0,27
24049,07:31:11,114.106201,22.544701,0,0
24049,07:31:41,114.106201,22.544701,0,0
24049,07:32:41,114.106201,22.544701,0,0
24049,07:33:11,114.106201,22.544701,0,0
24049,07:33:41,114.106201,22.5452,0,9
24049,07:34:11,114.105499,22.547501,0,17
24049,07:35:11,114.105003,22.5492,0,0
24049,07:35:42,114.105003,22.549601,0,15
24049,07:36:12,114.104401,22.5522,0,20
24049,07:36:42,114.103798,22.552799,0,0
24049,07:37:12,114.103798,22.552799,0,0
24049,07:38:13,114.103798,22.552799,0,0
24049,07:38:43,114.103996,22.5539,0,0
24049,07:38:53,114.103996,22.5539,0,0
24049,07:39:23,114.104103,22.5557,0,7
24049,07:39:53,114.104401,22.5569,0,5
24049,07:40:23,114.105202,22.5564,0,5
24049,07:40:53,114.106697,22.5564,0,2
24049,07:41:23,114.108002,22.555901,0,4
24049,07:41:53,114.107803,22.5553,0,4
24049,07:42:53,114.106499,22.553499,0,0
24049,07:44:24,114.106903,22.552799,0,0
24049,07:44:54,114.107597,22.553301,0,6
24049,07:46:24,114.108299,22.5557,0,0
24049,07:47:24,114.108299,22.5557,0,0
24049,07:47:38,114.1082,22.555799,0,0
24049,07:48:08,114.107002,22.554199,0,18
24049,07:48:38,114.106598,22.553801,0,0
24049,07:49:38,114.105103,22.553499,0,0
24049,07:50:08,114.105103,22.553499,0,0
24049,07:50:38,114.105103,22.553499,0,0
24049,07:51:08,114.104202,22.553301,0,3
24049,07:52:08,114.104202,22.553301,0,0
24049,07:53:08,114.104202,22.553301,0,0
24049,07:53:39,114.104202,22.553301,0,0
24049,07:54:09,114.104599,22.552099,0,22
24049,07:54:39,114.105103,22.5488,0,19
24049,07:55:09,114.105797,22.547001,0,11
24049,07:55:40,114.104698,22.545799,0,4
24049,07:56:10,114.1026,22.544399,0,25
24049,07:58:10,114.094803,22.543501,0,16
24049,07:58:40,114.094498,22.543501,0,0
24049,07:59:40,114.088799,22.5434,0,1
24049,08:00:10,114.0886,22.5434,0,6
24049,08:00:40,114.087997,22.543501,0,6
24049,08:00:43,114.087997,22.543501,0,0
24049,08:00:48,114.087997,22.543501,0,0
24049,08:01:19,114.087898,22.546801,0,17
24049,08:01:48,114.087997,22.547001,0,0
24049,08:02:18,114.089203,22.5469,0,7
24049,08:02:48,114.091202,22.547501,0,14
24049,08:04:18,114.095398,22.5518,0,22
24049,08:04:48,114.096901,22.5518,0,0
24049,08:06:19,114.097099,22.551901,0,0
24049,08:07:19,114.097099,22.551901,0,0
24049,08:08:31,114.0923,22.5518,0,0
24049,08:09:01,114.0923,22.5518,0,0
24049,08:10:01,114.0923,22.5518,0,0
24049,08:11:01,114.091103,22.551001,0,23
24049,08:12:02,114.091103,22.545601,0,0
24049,08:12:32,114.091103,22.545601,0,0
24049,08:13:02,114.091103,22.544399,0,21
24049,08:14:02,114.091202,22.544201,0,0
24049,08:14:32,114.091202,22.5432,0,14
24049,08:15:02,114.091301,22.541599,0,0
24049,08:15:32,114.091301,22.541599,0,0
24049,08:16:03,114.091301,22.541599,0,0
24049,08:16:33,114.091301,22.541599,0,0
24049,08:17:03,114.091301,22.541599,0,0
24049,08:17:33,114.090401,22.5382,0,26
24049,08:18:03,114.086403,22.5375,0,26
24049,08:18:33,114.081802,22.537399,0,35
24049,08:19:03,114.079399,22.535999,0,17
24049,08:19:33,114.077904,22.5336,0,20
24049,08:20:03,114.076202,22.532,0,18
24049,08:21:03,114.069298,22.5319,0,28
24049,08:21:33,114.065201,22.5319,0,21
24049,08:22:03,114.063103,22.5319,0,18
24049,08:22:33,114.062897,22.532301,0,19
24049,08:23:03,114.063004,22.528999,0,16
24049,08:23:33,114.063103,22.5268,0,0
24049,08:24:04,114.063103,22.5252,0,18
24049,08:24:34,114.062103,22.5222,0,26
24049,08:25:04,114.061096,22.521,0,9
24049,08:25:34,114.061897,22.519899,0,10
24049,08:26:04,114.059502,22.5179,0,17
24049,08:26:34,114.056503,22.516399,0,20
24049,08:27:04,114.054901,22.5152,0,14
24049,08:27:05,114.054901,22.5152,0,0
24049,08:27:21,114.054901,22.5152,0,4
24049,08:27:35,114.054901,22.5152,0,0
24049,08:28:04,114.054901,22.5152,0,0
24049,08:29:04,114.054001,22.5117,0,26
24049,08:29:51,114.051903,22.5112,0,0
24049,08:30:21,114.0513,22.5126,0,13
24049,08:30:51,114.054703,22.513599,0,0
24049,08:31:21,114.054703,22.513599,0,0
24049,08:31:51,114.056198,22.514299,0,20
24049,08:32:21,114.057503,22.5147,0,0
24049,08:32:51,114.057503,22.5147,0,0
24049,08:34:11,114.055801,22.514099,0,0
24049,08:34:41,114.055801,22.514099,0,0
24049,08:36:12,114.050903,22.515499,0,17
24049,08:36:42,114.050797,22.5177,0,0
24049,08:37:12,114.050797,22.5177,0,0
24049,08:37:42,114.050797,22.5182,0,12
24049,08:38:12,114.046402,22.518999,0,36
24049,08:39:12,114.042297,22.521,0,0
24049,08:40:13,114.042297,22.521,0,0
24049,08:40:43,114.041702,22.5214,0,3
24049,08:41:13,114.041702,22.5214,0,0
24049,08:41:43,114.041702,22.5214,0,0
24049,08:42:13,114.041702,22.5214,0,0
24049,08:42:43,114.041298,22.521601,0,3
24049,08:43:13,114.041298,22.521601,0,0
24049,08:43:43,114.040802,22.521799,0,0
24049,08:44:13,114.040802,22.521799,0,0
24049,08:46:43,114.039101,22.5228,0,0
24049,08:47:43,114.039101,22.5228,0,0
24049,08:48:44,114.038696,22.5231,0,6
24049,08:49:44,114.038002,22.523399,0,0
24049,08:50:14,114.038002,22.523399,0,0
24049,08:50:44,114.038002,22.523399,0,0
24049,08:51:44,114.037598,22.523701,0,0
24049,08:52:45,114.036697,22.5242,0,3
24049,08:53:15,114.036499,22.5243,0,0
24049,08:53:45,114.036301,22.524401,0,0
24049,08:54:15,114.036301,22.524401,0,0
24049,08:54:45,114.036301,22.524401,0,0
24049,08:55:15,114.036102,22.5245,0,10
24049,08:55:45,114.034401,22.525299,0,9
24049,08:56:15,114.033997,22.525499,0,0
24049,08:56:45,114.033997,22.525499,0,0
24049,08:57:15,114.033997,22.525499,0,0
24049,08:58:16,114.033997,22.525499,0,0
24049,08:58:46,114.033997,22.525499,0,0
24049,08:59:16,114.033401,22.5259,0,11
24049,09:00:16,114.033302,22.525999,0,0
24049,09:00:46,114.033302,22.525999,0,0
24049,09:01:16,114.033302,22.525999,0,0
24049,09:02:46,114.033302,22.525999,0,0
24049,09:03:16,114.033302,22.525999,0,0
24049,09:03:46,114.033302,22.525999,0,0
24049,09:04:46,114.032402,22.526501,0,5
24049,09:05:16,114.031898,22.526899,0,3
24049,09:05:46,114.031303,22.5273,0,7
24049,09:07:47,114.026001,22.5305,0,29
24049,09:08:17,114.022697,22.532101,0,10
24049,09:08:47,114.022102,22.5322,0,3
24049,09:09:17,114.0214,22.532301,0,11
24049,09:09:47,114.018799,22.532101,0,21
24049,09:10:18,114.0159,22.5313,0,22
24049,09:11:18,114.006897,22.5298,0,24
24049,09:11:48,114.002602,22.5303,0,32
24049,09:12:18,113.997398,22.5294,0,34
24049,09:12:48,113.994598,22.5284,0,0
24049,09:13:18,113.994598,22.5284,0,0
24049,09:13:48,113.993797,22.5294,0,10
24049,09:14:18,113.993698,22.5301,0,0
24049,09:15:18,113.9935,22.530899,0,18
24049,09:15:48,113.993103,22.5336,0,3
24049,09:16:19,113.993103,22.5336,0,0
24049,09:17:19,113.993103,22.5336,0,0
24049,09:17:49,113.992996,22.534401,0,15
24049,09:18:19,113.991898,22.5357,0,18
24049,09:19:19,113.989197,22.5361,0,12
24049,09:20:19,113.982201,22.5364,0,0
24049,09:20:49,113.982002,22.5364,0,6
24049,09:21:19,113.9804,22.5359,0,15
24049,09:21:44,113.979797,22.535999,0,0
24049,09:22:15,113.979797,22.535999,0,0
24049,09:22:26,113.979797,22.535999,0,0
24049,09:22:46,113.980202,22.535999,0,5
24049,09:23:16,113.9813,22.5359,0,0
24049,09:23:46,113.9813,22.5359,0,0
24049,09:24:15,113.9813,22.5359,0,0
24049,09:24:45,113.981598,22.5359,0,0
24049,09:25:15,113.981598,22.5359,0,0
24049,09:25:45,113.981598,22.5359,0,0
24049,09:26:15,113.981598,22.5359,0,0
24049,09:27:15,113.982399,22.5373,0,17
24049,09:27:45,113.982498,22.5394,0,7
24049,09:28:45,113.981201,22.5404,0,0
24049,09:29:15,113.981102,22.539499,0,7
24049,09:29:45,113.979202,22.5396,0,0
24049,09:30:46,113.978996,22.5396,0,0
24049,09:31:16,113.978996,22.5396,0,0
24049,09:31:46,113.978996,22.539499,0,9
24049,09:32:13,113.979897,22.539499,0,0
24049,09:32:43,113.979599,22.5396,0,13
24049,09:33:43,113.978104,22.542101,0,12
24049,09:34:13,113.9786,22.544701,0,21
24049,09:36:13,113.972298,22.5508,0,16
24049,09:37:13,113.973999,22.553499,0,0
24049,09:38:13,113.974297,22.5539,0,10
24049,09:39:43,113.963699,22.557199,0,6
24049,09:40:14,113.961899,22.5569,0,2
24049,09:41:44,113.955399,22.5567,0,12
24049,09:42:14,113.953003,22.557699,0,11
24049,09:42:44,113.953003,22.560101,0,10
24049,09:43:44,113.952904,22.5634,0,13
24049,09:44:44,113.950401,22.570499,0,1
24049,09:45:44,113.945,22.5716,0,29
24049,09:46:45,113.943497,22.5776,0,0
24049,09:48:15,113.943398,22.5818,0,20
24049,09:48:45,113.943298,22.582701,0,0
24049,09:49:15,113.943298,22.582701,0,0
24049,09:49:45,113.943298,22.5832,0,0
24049,09:50:15,113.943298,22.5832,0,0
24049,09:50:45,113.943298,22.5832,0,0
24049,09:51:45,113.941399,22.583599,0,34
24049,09:52:46,113.939796,22.587,0,14
24049,09:53:32,113.940804,22.587,0,0
24049,09:54:02,113.940804,22.587,0,0
24049,09:54:11,113.940804,22.587,0,0
24049,09:55:11,113.943199,22.585899,0,27
24049,09:55:41,113.943199,22.584,0,0
24049,09:56:11,113.943199,22.584,0,0
24049,09:57:41,113.947304,22.5835,0,0
24049,09:58:12,113.947304,22.5835,0,0
24049,09:58:42,113.947304,22.5835,0,0
24049,09:59:12,113.947601,22.5835,0,0
24049,09:59:42,113.947899,22.5835,0,0
24049,10:01:42,113.948196,22.583599,0,4
24049,10:03:42,113.948799,22.583599,0,0
24049,10:04:12,113.948799,22.583599,0,0
24049,10:04:42,113.948799,22.583599,0,0
24049,10:05:42,113.949501,22.583599,0,0
24049,10:07:13,113.949501,22.583599,0,0
24049,10:07:43,113.949501,22.583599,0,0
24049,10:08:13,113.952904,22.583599,0,31
24049,10:08:43,113.957001,22.583799,0,28
24049,10:09:13,113.960098,22.5847,0,0
24049,10:09:43,113.960098,22.5847,0,0
24049,10:10:43,113.962898,22.5853,0,27
24049,10:11:43,113.971497,22.5865,0,16
24049,10:12:43,113.9776,22.5868,0,0
24049,10:13:13,113.977997,22.5872,0,0
24049,10:14:13,113.977798,22.5888,0,8
24049,10:15:13,113.9795,22.5886,0,0
24049,10:15:37,113.9795,22.5886,0,0
24049,10:17:08,113.978996,22.5902,0,2
24049,10:17:38,113.978996,22.5902,0,0
24049,10:18:08,113.978996,22.5902,0,0
24049,10:19:08,113.978996,22.5902,0,0
24049,10:20:09,113.9786,22.589899,0,0
24049,10:20:39,113.9786,22.589899,0,0
24049,10:21:09,113.9786,22.589899,0,0
24049,10:21:39,113.9786,22.589899,0,0
24049,10:22:09,113.9786,22.589899,0,0
24049,10:22:39,113.9786,22.589899,0,0
24049,10:23:09,113.9786,22.589899,0,0
24049,10:24:39,113.9786,22.589899,0,0
24049,10:25:09,113.9786,22.589899,0,0
24049,10:25:39,113.9786,22.589899,0,0
24049,10:26:09,113.9786,22.589899,0,0
24049,10:27:09,113.9786,22.589899,0,0
24049,10:27:39,113.9786,22.589899,0,0
24049,10:28:09,113.9786,22.589899,0,0
24049,10:28:39,113.9786,22.589899,0,0
24049,10:29:39,113.9786,22.589899,0,0
24049,10:30:09,113.9786,22.589899,0,0
24049,10:30:39,113.9786,22.589899,0,0
24049,10:31:39,113.9786,22.589899,0,0
24049,10:32:09,113.9786,22.589899,0,0
24049,10:33:39,113.9786,22.589899,0,0
24049,10:34:09,113.9786,22.589899,0,0
24049,10:34:39,113.9786,22.589899,0,0
24049,10:35:09,113.9786,22.589899,0,0
24049,10:35:39,113.9786,22.589899,0,0
24049,10:36:09,113.9786,22.589899,0,0
24049,10:36:39,113.9786,22.589899,0,0
24049,10:37:09,113.978302,22.589701,0,16
24049,10:37:39,113.977798,22.5895,0,0
24049,10:38:09,113.977798,22.5895,0,0
24049,10:38:39,113.9776,22.589001,0,0
24049,10:39:39,113.977699,22.587799,0,1
24049,10:40:09,113.977699,22.587799,0,0
24049,10:41:09,113.973396,22.5877,0,31
24049,10:41:39,113.969002,22.586,0,30
24049,10:42:09,113.965202,22.5858,0,4
24049,10:43:09,113.963303,22.5891,0,0
24049,10:43:23,113.963203,22.589001,0,7
24049,10:43:53,113.964798,22.5868,0,28
24049,10:44:54,113.963097,22.585501,0,31
24049,10:45:24,113.958603,22.584499,0,28
24049,10:47:24,113.955803,22.583799,0,0
24049,10:47:54,113.955803,22.583799,0,0
24049,10:48:24,113.954102,22.5825,0,21
24049,10:48:54,113.951599,22.579901,0,15
24049,10:49:54,113.951103,22.5791,0,11
24049,10:50:25,113.9524,22.5774,0,15
24049,10:50:55,113.953102,22.575899,0,10
24049,10:51:25,113.9533,22.575701,0,0
24049,10:51:55,113.953598,22.5751,0,14
24049,10:52:25,113.954903,22.5739,0,6
24049,10:52:55,113.955399,22.573299,0,12
24049,10:54:55,113.961403,22.571699,0,6
24049,10:55:55,113.962097,22.570999,0,0
24049,10:56:26,113.962402,22.57,0,14
24049,10:56:56,113.966103,22.569,0,34
24049,10:57:26,113.969498,22.5669,0,16
24049,10:57:56,113.967598,22.564199,0,21
24049,10:58:26,113.967003,22.563,0,0
24049,10:59:56,113.968201,22.5623,0,26
24049,11:01:13,113.971199,22.562099,0,0
24049,11:01:43,113.971199,22.562099,0,0
24049,11:02:13,113.9711,22.561501,0,0
24049,11:02:43,113.971703,22.561001,0,11
24049,11:03:13,113.973297,22.5604,0,13
24049,11:04:13,113.9748,22.5618,0,6
24049,11:05:13,113.975502,22.5632,0,0
24049,11:06:13,113.975502,22.5632,0,0
24049,11:06:43,113.975502,22.5632,0,0
24049,11:09:44,113.976799,22.5627,0,0
24049,11:10:15,113.976799,22.5627,0,0
24049,11:10:45,113.976997,22.562599,0,6
24049,11:11:45,113.977303,22.562401,0,0
24049,11:12:15,113.977303,22.562401,0,0
24049,11:12:45,113.977303,22.562401,0,0
24049,11:13:45,113.979401,22.561501,0,5
24049,11:14:15,113.982002,22.560801,0,26
24049,11:14:45,113.983101,22.557301,0,31
24049,11:15:15,113.982803,22.554199,0,0
24049,11:16:15,113.982101,22.552999,0,29
24049,11:16:18,113.982002,22.5529,0,0
24049,11:16:26,113.982002,22.5529,0,28
24049,11:16:46,113.979897,22.5504,0,0
24049,11:17:16,113.979897,22.549999,0,13
24049,11:17:46,113.982101,22.5481,0,14
24049,11:18:46,113.984901,22.544701,0,3
24049,11:19:16,113.9851,22.5446,0,0
24049,11:19:46,113.9851,22.5446,0,0
24049,11:20:46,113.985901,22.543301,0,10
24049,11:21:16,113.985497,22.544399,0,21
24049,11:21:46,113.9841,22.5453,0,0
24049,11:22:35,113.983002,22.545601,0,9
24049,11:23:05,113.985802,22.544001,0,26
24049,11:23:35,113.987503,22.541401,0,15
24049,11:24:05,113.989899,22.541599,0,18
24049,11:24:35,113.991402,22.5417,0,10
24049,11:25:35,113.992599,22.5361,0,0
24049,11:26:06,113.992599,22.5361,0,0
24049,11:26:36,113.9935,22.534401,0,25
24049,11:27:06,113.997498,22.5348,0,28
24049,11:28:06,114.005997,22.536301,0,32
24049,11:29:06,114.011703,22.535,0,12
24049,11:29:36,114.013199,22.532,0,31
24049,11:30:06,114.0158,22.5324,0,14
24049,11:30:36,114.016296,22.532499,0,0
24049,11:30:42,114.016296,22.532499,0,0
24049,11:31:12,114.017899,22.532801,0,5
24049,11:31:42,114.018898,22.533001,0,7
24049,11:32:13,114.019699,22.5331,0,0
24049,11:32:43,114.019798,22.533899,0,16
24049,11:33:13,114.019798,22.534201,0,0
24049,11:34:43,114.021797,22.5364,0,15
24049,11:34:58,114.022102,22.5364,0,0
24049,11:35:28,114.022301,22.5357,0,0
24049,11:35:58,114.0224,22.5352,0,9
24049,11:36:58,114.024803,22.533199,0,10
24049,11:37:58,114.028999,22.528,0,13
24049,11:38:59,114.0308,22.526899,0,0
24049,11:41:22,114.025902,22.524401,0,0
24049,11:41:24,114.025803,22.524401,0,13
24049,11:41:54,114.026802,22.5233,0,6
24049,11:42:54,114.029404,22.5215,0,6
24049,11:43:24,114.030899,22.5235,0,0
24049,11:44:25,114.032402,22.525801,0,12
24049,11:46:55,114.033798,22.5282,0,0
24049,11:48:25,114.041901,22.530899,0,24
24049,11:48:47,114.044601,22.5312,0,0
24049,11:48:54,114.044601,22.5312,0,20
24049,11:48:56,114.044601,22.5312,0,16
24049,11:49:26,114.044701,22.531601,0,17
24049,11:49:56,114.044701,22.535,0,18
24049,11:50:25,114.047501,22.535299,0,5
24049,11:50:55,114.047501,22.535299,0,0
24049,11:51:25,114.047501,22.535299,0,0
24049,11:51:55,114.047897,22.5355,0,8
24049,11:52:45,114.047897,22.5369,0,6
24049,11:53:45,114.048302,22.5373,0,0
24049,11:53:46,114.048302,22.5373,0,0
24049,11:55:47,114.056,22.535801,0,14
24049,11:56:17,114.056,22.5357,0,0
24049,11:56:47,114.056,22.5357,0,0
24049,11:57:47,114.056,22.534201,0,0
24049,11:57:58,114.057899,22.531401,0,26
24049,11:58:17,114.061302,22.5315,0,32
24049,11:58:28,114.062897,22.5315,0,0
24049,11:58:36,114.062897,22.5315,0,19
24049,11:58:49,114.065102,22.531601,0,20
24049,11:59:19,114.067299,22.531601,0,6
24049,12:00:30,114.0681,22.531601,0,0
24049,12:01:27,114.0681,22.531601,0,1
24049,12:01:37,114.071198,22.5317,0,7
24049,12:02:07,114.0728,22.5317,0,12
24049,12:02:36,114.074097,22.5317,0,6
24049,12:03:06,114.074699,22.5317,0,4
24049,12:03:36,114.0755,22.5317,0,5
24049,12:05:07,114.078003,22.5327,0,5
24049,12:06:07,114.078598,22.5338,0,7
24049,12:06:36,114.079201,22.5348,0,6
24049,12:07:06,114.079903,22.5361,0,16
24049,12:07:36,114.083,22.5373,0,28
24049,12:10:06,114.104202,22.537901,0,7
24049,12:10:37,114.105301,22.537399,0,8
24049,12:12:07,114.109398,22.5376,0,17
24049,12:13:07,114.115601,22.539,0,23
24049,12:14:37,114.126701,22.5427,0,35
24049,12:15:07,114.130798,22.5448,0,29
24049,12:16:07,114.1371,22.5509,0,23
24049,12:17:07,114.1418,22.555599,0,16
24049,12:18:07,114.1502,22.556101,0,32
24049,12:18:38,114.154198,22.5583,0,29
24049,12:19:08,114.157898,22.561199,0,32
24049,12:21:38,114.1819,22.556999,0,33
24049,12:23:09,114.1922,22.556299,0,22
24049,12:23:20,114.193398,22.5567,0,0
24049,12:23:39,114.193398,22.5567,0,0
24049,12:24:09,114.193398,22.5567,0,0
24049,12:24:39,114.193398,22.5567,0,0
24049,12:25:39,114.193398,22.5567,0,0
24049,12:25:49,114.216301,22.557199,0,28
24049,12:26:10,114.217903,22.5571,0,5
24049,12:27:09,114.220802,22.555099,0,23
24049,12:27:39,114.2229,22.552999,0,16
24049,12:28:09,114.223198,22.5527,0,0
24049,12:29:39,114.225899,22.5497,0,1
24049,12:29:57,114.225899,22.5497,0,0
24049,12:30:27,114.227203,22.549801,0,4
24049,12:31:27,114.2286,22.551901,0,20
24049,12:31:57,114.2295,22.5516,0,0
24049,12:32:27,114.230797,22.551399,0,0
24049,12:32:58,114.231796,22.5511,0,19
24049,12:33:27,114.233002,22.5509,0,0
24049,12:33:57,114.2314,22.551201,0,0
24049,12:34:27,114.230698,22.5513,0,9
24049,12:34:58,114.229897,22.552799,0,22
24049,12:35:28,114.230103,22.5546,0,11
24049,12:36:28,114.229401,22.555901,0,0
24049,12:36:58,114.229401,22.555901,0,0
24049,12:38:58,114.219902,22.557199,0,27
24049,12:39:47,114.214996,22.557501,0,0
24049,12:39:58,114.214996,22.557501,0,0
24049,12:41:28,114.214996,22.557501,0,0
24049,12:42:28,114.214996,22.557501,0,0
24049,12:42:37,114.214996,22.557501,0,23
24049,12:42:59,114.190498,22.556,0,21
24049,12:43:20,114.187103,22.556101,0,0
24049,12:43:29,114.187103,22.556101,0,0
24049,12:43:38,114.183998,22.5564,0,38
24049,12:44:00,114.180603,22.558001,0,35
24049,12:44:30,114.177002,22.560801,0,31
24049,12:44:59,114.173897,22.5625,0,31
24049,12:45:29,114.168999,22.562901,0,34
24049,12:45:59,114.163803,22.562799,0,35
24049,12:46:29,114.1586,22.5616,0,36
24049,12:46:59,114.1548,22.559,0,33
24049,12:47:29,114.1502,22.5562,0,34
24049,12:47:59,114.145103,22.5555,0,33
24049,12:48:29,114.140099,22.555901,0,31
24049,12:48:59,114.135696,22.558001,0,25
24049,12:49:59,114.1353,22.5585,0,0
24049,12:50:29,114.134201,22.559601,0,15
24049,12:51:00,114.131897,22.562,0,16
24049,12:51:30,114.128098,22.5609,0,28
24049,12:52:30,114.122704,22.557899,0,19
24049,12:53:00,114.121498,22.5576,0,14
24049,12:54:00,114.120201,22.5611,0,1
24049,12:54:21,114.120201,22.5611,0,0
24049,12:54:51,114.120201,22.5611,0,0
24049,12:55:40,114.120201,22.5611,0,0
24049,12:57:41,114.124901,22.5592,0,13
24049,12:58:11,114.122398,22.557699,0,28
24049,12:59:11,114.118202,22.552999,0,5
24049,12:59:41,114.117699,22.552099,0,0
24049,13:00:41,114.116501,22.5501,0,0
24049,13:01:00,114.116402,22.5497,0,11
24049,13:01:30,114.116501,22.548901,0,0
24049,13:02:31,114.116798,22.5474,0,19
24049,13:03:02,114.117401,22.545,0,23
24049,13:03:32,114.117699,22.5441,0,0
24049,13:04:02,114.117699,22.5441,0,0
24049,13:04:32,114.117699,22.5441,0,0
24049,13:05:02,114.117798,22.544001,0,0
24049,13:05:32,114.117302,22.5453,0,26
24049,13:06:02,114.119904,22.5469,0,31
24049,13:06:32,114.121101,22.5471,0,13
24049,13:07:02,114.124901,22.547701,0,13
24049,13:08:02,114.127197,22.548,0,0
24049,13:08:13,114.127197,22.548,0,0
24049,13:09:14,114.128899,22.5483,0,0
24049,13:09:44,114.129601,22.547199,0,4
24049,13:10:14,114.1297,22.5471,0,12
24049,13:10:44,114.129601,22.548201,0,0
24049,13:11:14,114.129601,22.548201,0,0
24049,13:11:44,114.129402,22.5485,0,9
24049,13:12:14,114.1287,22.5492,0,0
24049,13:12:44,114.1287,22.5492,0,0
24049,13:13:53,114.128098,22.550301,0,0
24049,13:14:23,114.127098,22.549999,0,8
24049,13:14:54,114.1259,22.551201,0,34
24049,13:15:54,114.121498,22.5576,0,23
24049,13:16:54,114.119003,22.5623,0,21
24049,13:17:24,114.118301,22.565701,0,27
24049,13:18:46,114.121201,22.569,0,2
24049,13:18:47,114.121201,22.569,0,5
24049,13:19:17,114.121696,22.5679,0,10
24049,13:19:47,114.121696,22.567301,0,0
24049,13:20:17,114.122101,22.5651,0,17
24049,13:21:18,114.124298,22.562099,0,11
24049,13:21:48,114.125,22.560499,0,23
24049,13:22:18,114.123703,22.558399,0,29
24049,13:22:48,114.120796,22.5585,0,26
24049,13:23:10,114.120399,22.559299,0,29
24049,13:23:19,114.117401,22.558901,0,19
24049,13:23:49,114.113098,22.558901,0,27
24049,13:24:48,114.110497,22.5567,0,26
24049,13:25:18,114.109703,22.5543,0,0
24049,13:25:48,114.109703,22.554001,0,14
24049,13:27:19,114.109901,22.545799,0,20
24049,13:28:19,114.110298,22.5425,0,0
24049,13:29:19,114.110298,22.5425,0,0
24049,13:29:49,114.110298,22.541901,0,9
24049,13:30:19,114.110497,22.5399,0,17
24049,13:30:49,114.110703,22.5382,0,3
24049,13:31:19,114.109398,22.5378,0,14
24049,13:32:50,114.096298,22.5382,0,34
24049,13:33:20,114.091003,22.5382,0,34
24049,13:33:50,114.085999,22.5375,0,33
24049,13:34:20,114.081802,22.537399,0,25
24049,13:34:50,114.079498,22.5361,0,15
24049,13:35:20,114.078102,22.533899,0,19
24049,13:37:16,114.068398,22.532,0,0
24049,13:37:23,114.068398,22.532,0,13
24049,13:37:51,114.0681,22.532101,0,25
24049,13:38:21,114.067596,22.528099,0,25
24049,13:38:51,114.065804,22.5247,0,28
24049,13:39:21,114.066597,22.522499,0,28
24049,13:42:39,114.068001,22.5243,0,14
24049,13:43:09,114.067001,22.5254,0,11
24049,13:45:10,114.069099,22.5385,0,8
24049,13:45:40,114.071404,22.538601,0,16
24049,13:46:10,114.071999,22.537201,0,0
24049,13:47:03,114.071999,22.5341,0,30
24049,13:48:03,114.068398,22.532,0,15
24049,13:48:33,114.065399,22.5319,0,22
24049,13:49:03,114.061996,22.532101,0,21
24049,13:49:33,114.063004,22.530701,0,31
24049,13:50:03,114.063103,22.5263,0,8
24049,13:51:04,114.063103,22.524799,0,23
24049,13:52:04,114.061302,22.5214,0,0
24049,13:52:34,114.0625,22.519699,0,18
24049,13:54:05,114.062401,22.517599,0,0
24049,13:56:01,114.063301,22.5175,0,0
24049,13:56:31,114.063301,22.5175,0,0
24049,13:57:02,114.063301,22.5175,0,0
24049,13:58:02,114.063301,22.5175,0,0
24049,13:58:32,114.063301,22.5175,0,0
24049,13:59:02,114.063301,22.5175,0,0
24049,14:01:02,114.0634,22.517599,0,0
24049,14:04:02,114.063004,22.517799,0,1
24049,14:04:24,114.063004,22.517799,0,0
24049,14:04:55,114.062897,22.5184,0,0
24049,14:06:25,114.063202,22.518999,0,0
24049,14:07:25,114.063202,22.518999,0,0
24049,14:08:25,114.061501,22.520599,0,15
24049,14:08:55,114.060699,22.5189,0,21
24049,14:09:25,114.057701,22.516899,0,25
24049,14:10:25,114.051201,22.5145,0,15
24049,14:10:56,114.047699,22.514099,0,27
24049,14:11:56,114.040298,22.514999,0,22
24049,14:12:56,114.039001,22.515499,0,0
24049,14:13:26,114.037697,22.5161,0,21
24049,14:13:56,114.035301,22.5175,0,5
24049,14:14:26,114.035004,22.517799,0,0
24049,14:14:58,114.0345,22.518,0,20
24049,14:15:15,114.033798,22.5184,0,0
24049,14:15:45,114.035599,22.5172,0,31
24049,14:17:16,114.038597,22.5156,0,22
24049,14:17:46,114.042,22.5145,0,34
24049,14:18:16,114.047401,22.514099,0,35
24049,14:18:46,114.051399,22.5144,0,16
24049,14:19:33,114.055,22.5151,0,0
24049,14:19:49,114.055,22.5151,0,11
24049,14:20:17,114.057701,22.5152,0,17
24049,14:20:47,114.059998,22.5168,0,13
24049,14:21:46,114.063004,22.5186,0,15
24049,14:23:46,114.063499,22.5175,0,0
24049,14:24:46,114.063499,22.5175,0,0
24049,14:25:17,114.063499,22.5175,0,0
24049,14:25:47,114.063499,22.5175,0,0
24049,14:26:17,114.063698,22.5175,0,3
24049,14:26:47,114.063301,22.517799,0,3
24049,14:27:17,114.063202,22.517799,0,0
24049,14:27:47,114.063202,22.517799,0,0
24049,14:28:17,114.063202,22.517799,0,0
24049,14:28:47,114.062698,22.5179,0,13
24049,14:28:50,114.062599,22.518,0,12
24049,14:28:52,114.062599,22.518101,0,12
24049,14:29:23,114.063202,22.5186,0,0
24049,14:29:53,114.063103,22.518999,0,9
24049,14:30:53,114.060097,22.5207,0,27
24049,14:31:23,114.059196,22.520201,0,0
24049,14:31:53,114.059196,22.520201,0,0
24049,14:32:23,114.056801,22.5191,0,35
24049,14:34:23,114.043297,22.5205,0,22
24049,14:34:53,114.042397,22.5219,0,15
24049,14:36:23,114.044296,22.525499,0,0
24049,14:37:24,114.044601,22.5261,0,22
24049,14:37:54,114.0448,22.530199,0,33
24049,14:38:24,114.044502,22.534901,0,34
24049,14:40:54,114.044296,22.549101,0,0
24049,14:42:24,114.044197,22.554199,0,28
24049,14:42:54,114.044098,22.555799,0,0
24049,14:43:25,114.044098,22.555799,0,0
24049,14:44:25,114.043297,22.557899,0,0
24049,14:44:48,114.042603,22.559099,0,26
24049,14:45:18,114.041199,22.5618,0,18
24049,14:45:48,114.042503,22.563601,0,20
24049,14:46:18,114.046501,22.5646,0,33
24049,14:46:48,114.049004,22.564301,0,0
24049,14:47:48,114.049004,22.564301,0,0
24049,14:48:18,114.048698,22.5641,0,7
24049,14:48:48,114.048203,22.5639,0,3
24049,14:49:18,114.0466,22.563499,0,10
24049,14:50:48,114.046204,22.563299,0,1
24049,14:51:44,114.047897,22.563801,0,17
24049,14:52:14,114.048897,22.5641,0,0
24049,14:52:44,114.0504,22.564501,0,24
24049,14:53:15,114.053902,22.564501,0,21
24049,14:53:45,114.057999,22.5658,0,31
24049,14:54:15,114.061302,22.567801,0,17
24049,14:54:45,114.063499,22.568501,0,15
24049,14:55:45,114.068001,22.569,0,19
24049,14:56:15,114.0709,22.5695,0,25
24049,14:56:45,114.074501,22.571199,0,28
24049,14:57:15,114.078903,22.572599,0,32
24049,14:57:45,114.082802,22.571699,0,18
24049,14:58:45,114.085602,22.5688,0,11
24049,14:59:16,114.086601,22.566999,0,19
24049,15:00:16,114.0924,22.567699,0,16
24049,15:00:46,114.094902,22.5683,0,15
24049,15:01:16,114.098297,22.5697,0,35
24049,15:02:16,114.106796,22.5746,0,26
24049,15:02:46,114.1092,22.576,0,18
24049,15:03:16,114.112396,22.5763,0,27
24049,15:04:16,114.117699,22.573,0,27
24049,15:04:46,114.117699,22.569901,0,19
24049,15:05:17,114.117897,22.568199,0,14
24049,15:06:17,114.1194,22.5609,0,31
24049,15:06:47,114.120399,22.558201,0,15
24049,15:07:17,114.123199,22.555599,0,29
24049,15:08:17,114.125603,22.552799,0,9
24049,15:08:47,114.125801,22.5522,0,0
24049,15:09:17,114.125801,22.5506,0,4
24049,15:10:17,114.125801,22.548201,0,0
24049,15:10:47,114.125801,22.548201,0,0
24049,15:11:18,114.125801,22.548201,0,0
24049,15:11:48,114.125801,22.5474,0,24
24049,15:12:18,114.125702,22.545,0,7
24049,15:13:18,114.122398,22.545099,0,4
24049,15:13:48,114.122398,22.545,0,0
24049,15:14:40,114.122498,22.545,0,0
24049,15:15:42,114.125198,22.544901,0,2
24049,15:16:12,114.125198,22.544901,0,0
24049,15:16:42,114.125198,22.544901,0,0
24049,15:17:13,114.125801,22.5439,0,27
24049,15:17:43,114.123703,22.5411,0,27
24049,15:18:13,114.120102,22.538799,0,22
24049,15:18:43,114.117599,22.5399,0,22
24049,15:19:43,114.109596,22.5378,0,29
24049,15:20:13,114.1054,22.5375,0,16
24049,15:21:13,114.105904,22.5387,0,7
24049,15:22:43,114.106796,22.540199,0,0
24049,15:23:13,114.106796,22.540199,0,0
24049,15:24:13,114.105698,22.541401,0,0
24049,15:24:21,114.105698,22.541401,0,0
24049,15:25:20,114.104698,22.542999,0,10
24049,15:25:50,114.1045,22.5432,0,3
24049,15:26:50,114.101898,22.542999,0,13
24049,15:27:20,114.104797,22.544399,0,28
24049,15:27:50,114.1054,22.5445,0,0
24049,15:28:20,114.1054,22.5445,0,0
24049,15:28:50,114.1054,22.5445,0,0
24049,15:29:20,114.105904,22.5446,0,0
24049,15:30:20,114.105904,22.5446,0,0
24049,15:30:50,114.105904,22.5446,0,0
24049,15:31:50,114.105904,22.5446,0,0
24049,15:32:50,114.106102,22.546,0,0
24049,15:34:20,114.106102,22.546,0,0
24049,15:35:21,114.105103,22.548901,0,0
24049,15:35:51,114.105003,22.5492,0,4
24049,15:37:22,114.105202,22.551201,0,0
24049,15:37:52,114.1054,22.551201,0,0
24049,15:38:22,114.1054,22.551201,0,0
24049,15:38:52,114.105103,22.5516,0,0
24049,15:39:22,114.104897,22.5518,0,0
24049,15:39:52,114.104897,22.5518,0,0
24049,15:40:22,114.104897,22.552,0,0
24049,15:44:52,114.103996,22.560699,0,0
24049,15:45:22,114.103996,22.560699,0,0
24049,15:47:15,114.103996,22.5613,0,0
24049,15:48:45,114.104103,22.562401,0,21
24049,15:49:16,114.104103,22.564501,0,2
24049,15:49:46,114.104103,22.564501,0,0
24049,15:50:16,114.104103,22.564501,0,0
24049,15:50:46,114.104301,22.5651,0,14
24049,15:52:16,114.107201,22.5662,0,16
24049,15:53:46,114.106796,22.5625,0,12
24049,15:55:47,114.104599,22.5618,0,0
24049,15:56:17,114.104599,22.5618,0,0
24049,15:57:17,114.103897,22.561399,0,0
24049,15:59:19,114.104103,22.553699,0,0
24049,15:59:49,114.104103,22.553699,0,0
24049,16:00:49,114.104103,22.553699,0,0
24049,16:01:19,114.105103,22.553499,0,19
24049,16:02:19,114.106102,22.553301,0,0
24049,16:03:20,114.107101,22.5516,0,5
24049,16:03:50,114.1073,22.551201,0,6
24049,16:04:20,114.107399,22.550301,0,7
24049,16:05:20,114.107803,22.547701,0,0
24049,16:06:20,114.107803,22.5476,0,0
24049,16:06:50,114.1091,22.5474,0,7
24049,16:07:20,114.109596,22.5473,0,0
24049,16:07:50,114.109596,22.5473,0,0
24049,16:08:20,114.109901,22.545099,0,23
24049,16:08:50,114.110199,22.542801,0,16
24049,16:09:20,114.110603,22.5418,0,1
24049,16:09:34,114.111198,22.541901,0,19
24049,16:10:04,114.112297,22.542101,0,0
24049,16:10:34,114.112297,22.542101,0,0
24049,16:11:04,114.113403,22.5422,0,12
24049,16:11:35,114.114799,22.5427,0,11
24049,16:12:35,114.115799,22.542801,0,12
24049,16:13:05,114.117798,22.543501,0,0
24049,16:13:35,114.117798,22.543501,0,0
24049,16:16:36,114.122597,22.540899,0,0
24049,16:17:06,114.122597,22.540899,0,0
24049,16:18:06,114.126801,22.542601,0,13
24049,16:18:36,114.129601,22.544001,0,17
24049,16:19:36,114.135803,22.549,0,28
24049,16:20:36,114.139999,22.557699,0,34
24049,16:21:37,114.137199,22.567499,0,37
24049,16:22:07,114.138496,22.572901,0,40
24049,16:22:37,114.135597,22.5763,0,25
24049,16:25:07,114.134201,22.579399,0,4
24049,16:25:20,114.134903,22.5793,0,19
24049,16:25:50,114.136101,22.579599,0,13
24049,16:26:50,114.136902,22.580299,0,13
24049,16:27:20,114.137703,22.5804,0,3
24049,16:27:50,114.138298,22.580099,0,0
24049,16:27:56,114.138298,22.580099,0,0
24049,16:28:26,114.139999,22.578899,0,12
24049,16:28:56,114.139603,22.577,0,7
24049,16:29:27,114.139397,22.5767,0,0
24049,16:30:57,114.137604,22.5718,0,16
24049,16:31:57,114.137604,22.568899,0,13
24049,16:33:28,114.135002,22.565901,0,0
24049,16:33:58,114.133797,22.564501,0,19
24049,16:34:28,114.131798,22.5623,0,16
24049,16:34:58,114.128899,22.5613,0,23
24049,16:35:58,114.125397,22.559401,0,0
24049,16:36:28,114.125397,22.559401,0,0
24049,16:36:58,114.125397,22.559401,0,0
24049,16:37:59,114.125397,22.559401,0,0
24049,16:38:29,114.125198,22.5592,0,14
24049,16:38:59,114.122002,22.557501,0,24
24049,16:39:29,114.119499,22.5595,0,25
24049,16:39:59,114.115303,22.558901,0,34
24049,16:40:29,114.111298,22.559401,0,21
24049,16:40:59,114.111,22.557301,0,31
24049,16:41:29,114.109703,22.554501,0,19
24049,16:41:59,114.1101,22.5501,0,35
24049,16:44:00,114.109802,22.546101,0,18
24049,16:44:30,114.1101,22.5431,0,15
24049,16:45:00,114.110199,22.542801,0,0
24049,16:46:30,114.110703,22.538601,0,13
24049,16:47:00,114.110703,22.5385,0,0
24049,16:47:31,114.110802,22.537701,0,19
24049,16:48:01,114.111198,22.535101,0,16
24049,16:48:31,114.112099,22.531601,0,20
24049,16:48:57,114.113998,22.5317,0,0
24049,16:49:01,114.113998,22.5317,0,0
24049,16:49:54,114.113998,22.5317,0,0
24049,16:50:24,114.113998,22.5317,0,0
24049,16:50:26,114.113998,22.5317,0,6
24049,16:50:55,114.114403,22.535101,0,20
24049,16:51:24,114.113899,22.537399,0,6
24049,16:51:54,114.113899,22.5382,0,8
24049,16:53:47,114.113701,22.5415,0,0
24049,16:54:17,114.113602,22.541901,0,0
24049,16:55:47,114.113701,22.545401,0,0
24049,16:56:17,114.113701,22.545401,0,0
24049,16:57:17,114.119499,22.546801,0,13
24049,16:57:47,114.1203,22.5469,0,0
24049,16:58:17,114.121399,22.5471,0,27
24049,16:58:47,114.125397,22.547701,0,14
24049,16:59:17,114.125504,22.5478,0,0
24049,17:01:18,114.1287,22.5483,0,6
24049,17:02:18,114.131203,22.5488,0,13
24049,17:03:18,114.139,22.549801,0,3
24049,17:04:18,114.1418,22.5501,0,11
24049,17:04:48,114.142799,22.550301,0,0
24049,17:05:18,114.142799,22.550301,0,0
24049,17:05:49,114.142799,22.550301,0,0
24049,17:07:28,114.143501,22.5525,0,0
24049,17:08:28,114.143204,22.5511,0,0
24049,17:09:28,114.143097,22.550699,0,7
24049,17:09:58,114.141502,22.5501,0,11
24049,17:10:28,114.1408,22.5501,0,7
24049,17:11:58,114.1325,22.549101,0,0
24049,17:12:28,114.131798,22.549,0,2
24049,17:12:47,114.131599,22.549,0,9
24049,17:13:48,114.126503,22.5481,0,11
24049,17:14:18,114.124603,22.5478,0,0
24049,17:14:48,114.123299,22.547501,0,20
24049,17:15:18,114.120102,22.5471,0,25
24049,17:15:48,114.118698,22.546801,0,0
24049,17:16:18,114.117996,22.5467,0,27
24049,17:17:18,114.117203,22.5466,0,0
24049,17:18:18,114.116798,22.5466,0,22
24049,17:18:48,114.112701,22.545799,0,26
24049,17:19:18,114.110497,22.5466,0,24
24049,17:20:49,114.111099,22.547701,0,0
24049,17:21:49,114.111099,22.547701,0,0
24049,17:22:46,114.111099,22.547701,0,0
24049,17:23:16,114.110802,22.547701,0,0
24049,17:23:46,114.110802,22.547701,0,0
24049,17:24:46,114.110802,22.547701,0,0
24049,17:25:16,114.110298,22.547701,0,12
24049,17:25:47,114.1082,22.5471,0,0
24049,17:26:17,114.1082,22.5471,0,0
24049,17:26:47,114.106796,22.5466,0,27
24049,17:28:17,114.106598,22.5464,0,0
24049,17:28:47,114.104897,22.545799,0,12
24049,17:29:17,114.103401,22.545,0,10
24049,17:30:17,114.101097,22.5453,0,18
24049,17:31:05,114.101097,22.5466,0,0
24049,17:32:12,114.100502,22.547501,0,0
24049,17:32:42,114.099403,22.5471,0,21
24049,17:33:12,114.099503,22.545099,0,0
24049,17:34:12,114.099503,22.545099,0,0
24049,17:35:43,114.099503,22.5439,0,0
24049,17:36:13,114.099503,22.5439,0,0
24049,17:37:13,114.099503,22.5439,0,0
24049,17:37:43,114.099503,22.5439,0,0
24049,17:38:43,114.099503,22.5439,0,0
24049,17:39:13,114.099503,22.5424,0,26
24049,17:39:43,114.099503,22.5399,0,28
24049,17:40:13,114.101097,22.538,0,14
24049,17:40:43,114.102898,22.538,0,20
24049,17:42:14,114.110397,22.5376,0,17
24049,17:42:44,114.110901,22.5366,0,8
24049,17:44:14,114.111801,22.5317,0,17
24049,17:44:44,114.113998,22.5317,0,9
24049,17:44:45,114.113998,22.531601,0,0
24049,17:45:42,114.113998,22.531601,0,0
24049,17:46:13,114.114799,22.533899,0,28
24049,17:46:43,114.114098,22.5364,0,22
24049,17:47:13,114.113899,22.538,0,14
24049,17:48:13,114.113701,22.5406,0,0
24049,17:48:43,114.113701,22.5415,0,0
24049,17:50:02,114.113602,22.542,0,0
24049,17:50:22,114.113602,22.5422,0,11
24049,17:50:45,114.113602,22.542999,0,0
24049,17:51:45,114.113602,22.5439,0,0
24049,17:52:45,114.113602,22.5443,0,0
24049,17:53:15,114.113602,22.5445,0,0
24049,17:56:46,114.113701,22.5453,0,0
24049,17:57:16,114.113701,22.5453,0,0
24049,17:57:46,114.113701,22.545401,0,5
24049,17:58:46,114.110497,22.547001,0,9
24049,17:59:16,114.110298,22.548401,0,16
24049,17:59:47,114.110298,22.5497,0,0
24049,18:00:17,114.1101,22.5508,0,15
24049,18:00:47,114.109802,22.552999,0,7
24049,18:01:47,114.109802,22.554399,0,26
24049,18:02:17,114.111397,22.5576,0,32
24049,18:02:24,114.1119,22.558701,0,0
24049,18:02:31,114.1119,22.558701,0,21
24049,18:03:18,114.108002,22.5588,0,21
24049,18:03:47,114.107498,22.5588,0,5
24049,18:04:17,114.107002,22.5588,0,0
24049,18:04:47,114.107002,22.5588,0,0
24049,18:05:17,114.107002,22.5588,0,0
24049,18:05:48,114.107002,22.5588,0,0
24049,18:06:18,114.1063,22.5588,0,0
24049,18:06:48,114.106102,22.5588,0,0
24049,18:07:18,114.106102,22.5588,0,0
24049,18:07:49,114.105301,22.5588,0,0
24049,18:08:19,114.105301,22.5588,0,0
24049,18:08:49,114.105301,22.5588,0,0
24049,18:09:19,114.105301,22.5588,0,0
24049,18:10:19,114.105103,22.5588,0,10
24049,18:10:49,114.103699,22.558701,0,12
24049,18:11:49,114.101601,22.5602,0,21
24049,18:13:15,114.100502,22.5616,0,0
24049,18:14:09,114.101303,22.561501,0,0
24049,18:14:39,114.101799,22.5616,0,16
24049,18:20:40,114.1063,22.5439,0,11
24049,18:21:10,114.1063,22.5439,0,0
24049,18:21:16,114.1063,22.5439,0,0
24049,18:21:46,114.106201,22.543699,0,0
24049,18:22:16,114.106201,22.543699,0,0
24049,18:22:20,114.106201,22.543699,0,0
24049,18:22:50,114.106003,22.543501,0,1
24049,18:23:20,114.106003,22.543501,0,0
24049,18:24:50,114.103996,22.5431,0,5
24049,18:25:20,114.101898,22.5431,0,15
24049,18:26:20,114.104797,22.544399,0,0
24049,18:26:50,114.102798,22.5441,0,22
24049,18:27:20,114.1008,22.5438,0,28
24049,18:27:51,114.097801,22.5436,0,7
24049,18:28:51,114.097702,22.5436,0,0
24049,18:29:51,114.097298,22.5436,0,11
24049,18:30:51,114.096397,22.5436,0,0
24049,18:32:22,114.096298,22.5436,0,0
24049,18:32:52,114.095596,22.5436,0,6
24049,18:33:53,114.094597,22.543501,0,0
24049,18:35:53,114.093201,22.543501,0,1
24049,18:36:23,114.092003,22.543501,0,4
24049,18:36:53,114.092003,22.543501,0,0
24049,18:37:23,114.092003,22.543501,0,0
24049,18:37:54,114.092003,22.543501,0,0
24049,18:38:24,114.092003,22.543501,0,0
24049,18:38:54,114.092003,22.543501,0,0
24049,18:39:24,114.090302,22.5434,0,8
24049,18:39:54,114.089401,22.5434,0,7
24049,18:40:24,114.089302,22.5434,0,0
24049,18:40:54,114.088997,22.5434,0,11
24049,18:42:55,114.087097,22.543301,0,0
24049,18:43:25,114.087097,22.543301,0,0
24049,18:43:55,114.087097,22.543301,0,0
24049,18:45:25,114.086601,22.543301,0,0
24049,18:47:25,114.085602,22.5432,0,0
24049,18:47:55,114.085403,22.542999,0,5
24049,18:48:25,114.085098,22.5429,0,0
24049,18:49:25,114.084099,22.5429,0,0
24049,18:49:55,114.084,22.542999,0,0
24049,18:50:25,114.084,22.542999,0,0
24049,18:50:55,114.084,22.542999,0,0
24049,18:51:25,114.084,22.542999,0,0
24049,18:51:56,114.083298,22.5431,0,0
24049,18:52:26,114.082802,22.543301,0,0
24049,18:53:26,114.082298,22.543301,0,0
24049,18:53:57,114.0821,22.543301,0,5
24049,18:54:27,114.080902,22.543301,0,7
24049,18:54:57,114.080002,22.5432,0,8
24049,18:55:57,114.0793,22.5438,0,0
24049,18:56:27,114.0793,22.5438,0,0
24049,18:57:27,114.0793,22.545099,0,0
24049,18:57:57,114.079498,22.5452,0,2
24049,18:58:57,114.079498,22.5452,0,0
24049,18:59:27,114.079498,22.5452,0,0
24049,19:00:03,114.079498,22.5452,0,0
24049,19:00:33,114.079498,22.5452,0,0
24049,19:02:33,114.079498,22.5452,0,0
24049,19:03:03,114.079498,22.5452,0,0
24049,19:03:33,114.079498,22.5452,0,0
24049,19:04:03,114.079498,22.5452,0,0
24049,19:05:03,114.080101,22.545601,0,0
24049,19:05:33,114.080101,22.545601,0,0
24049,19:06:04,114.080597,22.5453,0,3
24049,19:07:04,114.080597,22.5453,0,0
24049,19:07:34,114.080597,22.5453,0,0
24049,19:08:34,114.081001,22.5453,0,0
24049,19:09:04,114.080902,22.545401,0,4
24049,19:09:34,114.080902,22.545401,0,0
24049,19:11:34,114.080902,22.545401,0,0
24049,19:12:05,114.080902,22.545401,0,0
24049,19:12:35,114.080902,22.545401,0,0
24049,19:13:05,114.082298,22.545401,0,0
24049,19:14:05,114.082298,22.545401,0,0
24049,19:14:35,114.082199,22.5453,0,0
24049,19:15:35,114.082199,22.5453,0,0
24049,19:17:35,114.082901,22.545601,0,0
24049,19:18:36,114.082901,22.545601,0,0
24049,19:19:06,114.082901,22.545601,0,0
24049,19:19:36,114.082901,22.545601,0,0
24049,19:20:36,114.082901,22.545601,0,0
24049,19:21:06,114.083603,22.545601,0,0
24049,19:22:36,114.084503,22.545601,0,7
24049,19:23:06,114.085503,22.5455,0,4
24049,19:23:36,114.085602,22.5455,0,2
24049,19:24:07,114.086197,22.545401,0,6
24049,19:25:37,114.088799,22.5453,0,5
24049,19:26:07,114.091003,22.545401,0,7
24049,19:26:37,114.091003,22.545401,0,0
24049,19:27:07,114.091003,22.545401,0,0
24049,19:27:37,114.091301,22.543699,0,0
24049,19:28:07,114.091301,22.543699,0,0
24049,19:29:07,114.091301,22.543699,0,0
24049,19:29:37,114.091301,22.543699,0,0
24049,19:30:08,114.092102,22.543301,0,7
24049,19:30:38,114.092903,22.543301,0,15
24049,19:31:38,114.094398,22.5434,0,5
24049,19:33:15,114.098,22.5434,0,0
24049,19:33:45,114.099503,22.5431,0,16
24049,19:34:15,114.099602,22.5417,0,9
24049,19:34:45,114.099602,22.5385,0,28
24049,19:35:45,114.102798,22.538099,0,0
24049,19:36:15,114.102898,22.538099,0,0
24049,19:39:16,114.105003,22.5375,0,0
24049,19:39:46,114.105499,22.5373,0,13
24049,19:40:16,114.109703,22.537701,0,21
24049,19:40:46,114.111801,22.537901,0,12
24049,19:41:16,114.113197,22.5382,0,11
24049,19:41:46,114.116096,22.539,0,19
24049,19:42:16,114.117699,22.539801,0,25
24049,19:42:46,114.118698,22.5401,0,0
24049,19:43:16,114.118698,22.5401,0,0
24049,19:43:46,114.119102,22.5403,0,12
24049,19:45:16,114.123497,22.540501,0,0
24049,19:45:20,114.124702,22.541599,0,0
24049,19:45:44,114.124702,22.541599,0,0
24049,19:45:48,114.124702,22.541599,0,0
24049,19:45:49,114.124702,22.541599,0,19
24049,19:46:17,114.128998,22.543699,0,12
24049,19:46:47,114.131104,22.5448,0,21
24049,19:47:17,114.134201,22.5467,0,27
24049,19:47:47,114.136597,22.549999,0,32
24049,19:48:17,114.139,22.553499,0,26
24049,19:49:17,114.146896,22.555401,0,33
24049,19:50:17,114.155296,22.559299,0,37
24049,19:50:47,114.160202,22.562201,0,41
24049,19:51:17,114.165703,22.5627,0,37
24049,19:51:47,114.171402,22.562799,0,35
24049,19:52:17,114.175301,22.5616,0,31
24049,19:52:47,114.179802,22.5583,0,39
24049,19:53:07,114.183502,22.5574,0,0
24049,19:53:17,114.183502,22.5574,0,0
24049,19:53:47,114.183502,22.5574,0,0
24049,19:54:02,114.183502,22.5574,0,40
24049,19:54:07,114.195396,22.5595,0,0
24049,19:54:19,114.195396,22.5595,0,0
24049,19:54:31,114.195396,22.5595,0,40
24049,19:54:38,114.201401,22.5611,0,0
24049,19:54:49,114.201401,22.5611,0,0
24049,19:55:19,114.201401,22.5611,0,0
24049,19:55:32,114.201401,22.5611,0,0
24049,19:55:49,114.201401,22.5611,0,0
24049,19:56:19,114.201401,22.5611,0,0
24049,19:56:35,114.201401,22.5611,0,41
24049,19:56:49,114.228798,22.567499,0,39
24049,19:56:55,114.229797,22.567801,0,0
24049,19:57:19,114.229797,22.567801,0,0
24049,19:57:49,114.229797,22.567801,0,0
24049,19:58:37,114.229797,22.567801,0,40
24049,19:58:49,114.252998,22.577,0,40
24049,19:59:19,114.257896,22.5807,0,43
24049,20:00:19,114.266098,22.5895,0,41
24049,20:00:49,114.271004,22.5917,0,38
24049,20:01:19,114.276802,22.5903,0,42
24049,20:01:58,114.284798,22.590599,0,0
24049,20:02:49,114.284798,22.590599,0,0
24049,20:03:19,114.284798,22.590599,0,0
24049,20:03:35,114.295502,22.601,0,25
24049,20:03:50,114.2966,22.6022,0,19
24049,20:05:19,114.305,22.6022,0,38
24049,20:06:19,114.306396,22.601101,0,7
24049,20:07:49,114.316101,22.5993,0,26
24049,20:08:20,114.318703,22.598499,0,13
24049,20:08:50,114.320999,22.5993,0,10
24049,20:09:20,114.320099,22.601801,0,13
24049,20:10:18,114.3209,22.603399,0,0
24049,20:10:46,114.3209,22.603399,0,0
24049,20:11:16,114.320099,22.601299,0,18
24049,20:11:46,114.320503,22.599001,0,17
24049,20:12:16,114.317398,22.5984,0,18
24049,20:14:17,114.306801,22.6012,0,17
24049,20:14:47,114.306,22.601601,0,0
24049,20:16:24,114.303398,22.603201,0,4
24049,20:17:24,114.302803,22.603399,0,0
24049,20:17:54,114.303596,22.6031,0,24
24049,20:18:24,114.306198,22.601101,0,15
24049,20:18:54,114.304703,22.598801,0,27
24049,20:19:24,114.304199,22.598101,0,0
24049,20:19:54,114.302498,22.5966,0,27
24049,20:20:25,114.301598,22.5958,0,0
24049,20:21:25,114.301003,22.5949,0,0
24049,20:21:55,114.301003,22.5949,0,0
24049,20:22:55,114.301003,22.5949,0,0
24049,20:23:25,114.301003,22.5949,0,0
24049,20:23:55,114.301003,22.5949,0,0
24049,20:24:25,114.301003,22.5949,0,0
24049,20:25:25,114.301003,22.5949,0,0
24049,20:25:55,114.301003,22.5949,0,0
24049,20:27:25,114.301003,22.5949,0,0
24049,20:27:55,114.301003,22.5949,0,0
24049,20:28:26,114.301003,22.5949,0,0
24049,20:29:26,114.301003,22.5949,0,0
24049,20:29:56,114.301003,22.5949,0,0
24049,20:30:26,114.301003,22.5949,0,0
24049,20:31:26,114.301003,22.5949,0,0
24049,20:31:56,114.301003,22.5949,0,0
24049,20:32:26,114.301003,22.5949,0,0
24049,20:33:56,114.299301,22.5952,0,0
24049,20:35:09,114.298698,22.5958,0,0
24049,20:35:39,114.298599,22.5959,0,0
24049,20:36:09,114.298599,22.5959,0,0
24049,20:37:09,114.297997,22.597099,0,0
24049,20:38:09,114.297798,22.5977,0,2
24049,20:38:39,114.297798,22.5977,0,0
24049,20:39:39,114.297798,22.5979,0,0
24049,20:40:10,114.297699,22.5984,0,0
24049,20:41:10,114.297699,22.5984,0,0
24049,20:41:40,114.298203,22.6003,0,36
24049,20:42:10,114.3013,22.6029,0,0
24049,20:42:40,114.3013,22.6029,0,0
24049,20:43:10,114.301003,22.6043,0,18
24049,20:44:10,114.297203,22.6043,0,31
24049,20:45:40,114.294296,22.6005,0,0
24049,20:46:10,114.294296,22.6005,0,0
24049,20:47:11,114.273697,22.591299,0,40
24049,20:47:41,114.268204,22.5914,0,39
24049,20:48:10,114.264503,22.5879,0,17
24049,20:49:10,114.258698,22.59,0,0
24049,20:49:40,114.258698,22.59,0,0
24049,20:50:11,114.258698,22.59,0,0
24049,20:51:41,114.253601,22.591999,0,22
24049,20:52:41,114.251701,22.592501,0,0
24049,20:53:11,114.249603,22.592899,0,14
24049,20:53:41,114.246696,22.594601,0,24
24049,20:54:11,114.245499,22.5938,0,2
24049,20:54:37,114.245499,22.5938,0,0
24049,20:55:07,114.247002,22.5942,0,25
24049,20:55:37,114.249298,22.592899,0,10
24049,20:56:08,114.251801,22.5924,0,19
24049,20:56:38,114.254997,22.5914,0,28
24049,20:57:08,114.2565,22.590799,0,26
24049,20:58:33,114.257896,22.5902,0,0
24049,20:59:33,114.264099,22.587601,0,15
24049,21:02:04,114.247803,22.571699,0,10
24049,21:02:34,114.247803,22.571699,0,0
24049,21:03:34,114.244202,22.567499,0,39
24049,21:04:04,114.242699,22.566099,0,0
24049,21:04:34,114.242302,22.565701,0,25
24049,21:05:04,114.239403,22.5634,0,0
24049,21:06:04,114.234596,22.559601,0,0
24049,21:08:05,114.2211,22.557199,0,37
24049,21:08:35,114.218903,22.557301,0,0
24049,21:09:05,114.217697,22.5574,0,26
24049,21:09:23,114.214897,22.557501,0,0
24049,21:10:35,114.214897,22.557501,0,0
24049,21:11:36,114.190201,22.556,0,41
24049,21:11:52,114.186996,22.5562,0,0
24049,21:12:06,114.186996,22.5562,0,40
24049,21:13:06,114.175003,22.562201,0,20
24049,21:13:36,114.169502,22.563,0,42
24049,21:16:06,114.1427,22.5557,0,35
24049,21:16:36,114.137497,22.5564,0,36
24049,21:17:06,114.136101,22.5576,0,0
24049,21:17:16,114.136101,22.5576,0,0
24049,21:17:46,114.134499,22.559299,0,25
24049,21:18:16,114.132599,22.561399,0,0
24049,21:19:16,114.132301,22.5616,0,0
24049,21:19:59,114.132301,22.5616,0,0
24049,21:20:30,114.130402,22.5599,0,38
24049,21:21:00,114.127899,22.555901,0,36
24049,21:22:30,114.125801,22.5504,0,0
24049,21:23:30,114.125801,22.5504,0,0
24049,21:24:00,114.125801,22.5494,0,26
24049,21:24:30,114.1259,22.5466,0,15
24049,21:25:00,114.125702,22.544901,0,10
24049,21:25:30,114.122398,22.545099,0,12
24049,21:26:00,114.121399,22.5438,0,0
24049,21:26:31,114.120796,22.5438,0,3
24049,21:27:01,114.120598,22.544001,0,0
24049,21:27:31,114.120598,22.544001,0,0
24049,21:28:01,114.120201,22.5445,0,0
24049,21:28:31,114.120201,22.5445,0,0
24049,21:29:31,114.119797,22.5459,0,0
24049,21:29:49,114.119797,22.5459,0,0
24049,21:31:26,114.124397,22.5476,0,22
24049,21:32:27,114.1231,22.548,0,4
24049,21:32:57,114.122902,22.5488,0,9
24049,21:33:27,114.122704,22.5497,0,8
24049,21:34:27,114.122398,22.5508,0,6
24049,21:36:28,114.121597,22.552099,0,11
24049,21:36:57,114.121101,22.552299,0,0
24049,21:37:52,114.119003,22.552,0,6
24049,21:38:22,114.118401,22.551701,0,15
24049,21:38:52,114.117699,22.5511,0,0
24049,21:40:52,114.116501,22.549,0,9
24049,21:42:22,114.116798,22.546499,0,18
24049,21:42:52,114.1138,22.546,0,0
24049,21:43:22,114.112701,22.5457,0,31
24049,21:43:52,114.107002,22.544901,0,28
24049,21:44:23,114.106697,22.5448,0,0
24049,21:44:53,114.106201,22.5448,0,18
24049,21:45:53,114.100403,22.5436,0,0
24049,21:46:23,114.100403,22.5436,0,0
24049,21:47:23,114.099503,22.5401,0,22
24049,21:48:23,114.094597,22.5382,0,36
24049,21:48:53,114.088501,22.537701,0,39
24049,21:49:23,114.082497,22.5375,0,37
24049,21:49:53,114.079498,22.5361,0,18
24049,21:50:24,114.078003,22.5338,0,27
24049,21:50:54,114.076202,22.532,0,24
24049,21:51:24,114.074699,22.5326,0,1
24049,21:51:54,114.074997,22.533199,0,0
24049,21:52:43,114.075401,22.5338,0,3
24049,21:53:43,114.076302,22.535,0,10
24049,21:54:13,114.076797,22.5355,0,3
24049,21:54:43,114.076797,22.5355,0,0
24049,21:55:13,114.076797,22.5355,0,0
24049,21:55:43,114.076797,22.5355,0,0
24049,21:56:14,114.076797,22.5355,0,0
24049,21:56:44,114.076797,22.5355,0,0
24049,21:57:28,114.076797,22.5355,0,0
24049,21:57:58,114.075798,22.5366,0,9
24049,21:59:28,114.074097,22.5387,0,4
24049,21:59:58,114.074203,22.5392,0,0
24049,22:00:28,114.074203,22.539301,0,0
24049,22:00:58,114.074203,22.539499,0,1
24049,22:01:28,114.074799,22.5399,0,5
24049,22:01:58,114.075897,22.540001,0,9
24049,22:03:28,114.081398,22.5403,0,17
24049,22:04:59,114.081398,22.537001,0,19
24049,22:05:29,114.086502,22.5373,0,39
24049,22:05:59,114.091003,22.538,0,29
24049,22:06:29,114.093498,22.538,0,8
24049,22:07:29,114.097198,22.538,0,15
24049,22:07:59,114.099297,22.537901,0,10
24049,22:08:30,114.099899,22.5378,0,0
24049,22:09:00,114.100403,22.5378,0,0
24049,22:09:30,114.1008,22.5378,0,0
24049,22:10:30,114.1017,22.5378,0,0
24049,22:11:30,114.102798,22.538,0,6
24049,22:12:00,114.105003,22.5373,0,15
24049,22:13:00,114.108803,22.537399,0,0
24049,22:14:00,114.111298,22.534401,0,37
24049,22:14:31,114.113197,22.5317,0,26
24049,22:15:01,114.114098,22.5317,0,0
24049,22:15:51,114.114098,22.5317,0,3
24049,22:16:02,114.114998,22.532499,0,19
24049,22:16:31,114.115097,22.5345,0,17
24049,22:17:01,114.117104,22.536501,0,17
24049,22:17:31,114.1185,22.537201,0,10
24049,22:18:31,114.121498,22.539301,0,14
24049,22:19:01,114.123596,22.540701,0,17
24049,22:19:31,114.126099,22.542299,0,28
24049,22:21:32,114.138496,22.5525,0,23
24049,22:22:02,114.139099,22.5534,0,0
24049,22:22:37,114.139099,22.553499,0,0
24049,22:22:38,114.139099,22.553499,0,0
24049,22:22:54,114.139099,22.553499,0,8
24049,22:23:09,114.1381,22.552799,0,7
24049,22:23:39,114.136597,22.5506,0,21
24049,22:24:38,114.130302,22.5487,0,13
24049,22:25:08,114.127403,22.548201,0,24
24049,22:25:38,114.126701,22.548,0,0
24049,22:26:08,114.126198,22.5478,0,14
24049,22:26:36,114.126602,22.547899,0,0
24049,22:27:06,114.128998,22.548401,0,12
24049,22:27:36,114.129097,22.548401,0,0
24049,22:28:06,114.129097,22.548401,0,0
24049,22:28:36,114.127403,22.548201,0,26
24049,22:29:06,114.125801,22.547701,0,14
24049,22:29:36,114.125801,22.5459,0,21
24049,22:30:06,114.125603,22.544901,0,10
24049,22:30:36,114.123001,22.545,0,28
24049,22:31:36,114.121002,22.542999,0,6
24049,22:32:06,114.121002,22.542999,0,0
24049,22:32:37,114.120598,22.5425,0,7
24049,22:33:07,114.120499,22.542101,0,0
24049,22:34:07,114.120499,22.542101,0,0
24049,22:34:38,114.120499,22.542101,0,0
24049,22:36:00,114.118401,22.5432,0,0
24049,22:37:30,114.116699,22.548401,0,5
24049,22:38:30,114.116402,22.549801,0,0
24049,22:39:30,114.116501,22.5502,0,9
24049,22:40:30,114.119301,22.5548,0,19
24049,22:41:00,114.120399,22.556299,0,13
24049,22:41:30,114.121498,22.5574,0,17
24049,22:42:00,114.119301,22.559401,0,28
24049,22:43:01,114.111198,22.558901,0,0
24049,22:43:13,114.111198,22.558901,0,0
24049,22:45:43,114.112,22.566099,0,32
24049,22:46:43,114.117996,22.566099,0,8
24049,22:47:13,114.1185,22.563499,0,23
24049,22:47:43,114.119499,22.559401,0,30
24049,22:48:13,114.122498,22.556299,0,34
24049,22:48:44,114.125099,22.5534,0,23
24049,22:49:44,114.125801,22.5502,0,0
24049,22:50:41,114.125999,22.5506,0,0
24049,22:51:11,114.125504,22.553301,0,22
24049,22:51:41,114.1231,22.555901,0,19
24049,22:52:11,114.120796,22.558901,0,23
24049,22:52:41,114.116798,22.5588,0,22
24049,22:54:05,114.115501,22.5632,0,6
24049,22:54:36,114.115997,22.5609,0,8
24049,22:56:06,114.119301,22.5611,0,20
24049,22:56:36,114.120903,22.557899,0,27
24049,22:57:06,114.124001,22.554701,0,26
24049,22:58:06,114.125801,22.5529,0,10
24049,22:58:33,114.126297,22.553301,0,0
24049,22:59:03,114.127403,22.5553,0,6
24049,22:59:33,114.125397,22.5534,0,23
24049,23:00:36,114.119598,22.5595,0,0
24049,23:00:43,114.119598,22.5595,0,28
24049,23:01:04,114.114998,22.558901,0,37
24049,23:02:04,114.107002,22.5618,0,21
24049,23:03:34,114.107399,22.566401,0,0
24049,23:04:04,114.107597,22.566999,0,1
24049,23:04:34,114.107597,22.566999,0,0
24049,23:05:34,114.107597,22.5672,0,0
24049,23:06:04,114.107597,22.5676,0,2
24049,23:06:35,114.107697,22.568501,0,7
24049,23:07:05,114.107697,22.569099,0,0
24049,23:07:21,114.107597,22.5693,0,7
24049,23:07:51,114.107697,22.5679,0,0
24049,23:08:21,114.107498,22.567101,0,0
24049,23:08:51,114.108902,22.566601,0,30
24049,23:10:21,114.117996,22.5658,0,13
24049,23:11:51,114.123703,22.555,0,29
24049,23:12:21,114.125603,22.5527,0,14
24049,23:12:52,114.1259,22.5502,0,7
24049,23:14:02,114.1259,22.5527,0,14
24049,23:14:33,114.122902,22.556101,0,34
24049,23:15:03,114.120697,22.559,0,18
24049,23:15:15,114.119698,22.5595,0,0
24049,23:15:21,114.118797,22.559099,0,26
24049,23:16:33,114.112099,22.563601,0,36
24049,23:17:33,114.113998,22.5737,0,36
24049,23:17:51,114.114304,22.5765,0,0
24049,23:17:59,114.114304,22.5765,0,22
24049,23:18:04,114.113701,22.5776,0,22
24049,23:18:33,114.111099,22.5767,0,23
24049,23:19:33,114.105103,22.5739,0,21
24049,23:21:34,114.0858,22.5686,0,43
24049,23:22:34,114.075897,22.5721,0,38
24049,23:23:04,114.070702,22.5695,0,42
24049,23:23:55,114.062401,22.568399,0,35
24049,23:24:05,114.0597,22.5676,0,24
24049,23:25:04,114.057404,22.569799,0,13
24049,23:25:34,114.055901,22.569099,0,1
24049,23:26:34,114.0541,22.5695,0,0
24049,23:27:11,114.0541,22.5695,0,0
24049,23:27:41,114.0541,22.5707,0,0
24049,23:28:11,114.054703,22.5714,0,13
24049,23:29:12,114.057297,22.5711,0,0
24049,23:29:32,114.057404,22.5711,0,5
24049,23:31:33,114.061302,22.5711,0,0
24049,23:32:03,114.061302,22.5711,0,0
24049,23:33:03,114.0616,22.572001,0,23
24049,23:33:33,114.060997,22.5748,0,20
24049,23:35:03,114.056,22.579399,0,31
24049,23:36:03,114.051598,22.5886,0,40
24049,23:37:34,114.043999,22.600201,0,34
24049,23:37:54,114.0439,22.6033,0,0
24049,23:38:01,114.0439,22.6033,0,23
24049,23:38:05,114.044296,22.6045,0,21
24049,23:39:34,114.040398,22.608299,0,12
24049,23:40:04,114.040802,22.608601,0,12
24049,23:40:34,114.040703,22.609699,0,0
24049,23:41:34,114.038803,22.6143,0,18
24049,23:43:35,114.036201,22.621901,0,4
24049,23:44:21,114.036598,22.6222,0,0
24049,23:44:51,114.036797,22.6222,0,0
24049,23:44:55,114.036797,22.6222,0,0
24049,23:46:43,114.035599,22.621,0,24
24049,23:47:43,114.038498,22.6145,0,0
24049,23:48:13,114.039597,22.6127,0,31
24049,23:48:44,114.040703,22.608801,0,13
24049,23:49:44,114.038902,22.607599,0,0
24049,23:50:14,114.038902,22.607599,0,0
24049,23:50:44,114.039299,22.6064,0,31
24049,23:51:14,114.042297,22.6029,0,16
24049,23:52:10,114.0466,22.604,0,7
24049,23:52:47,114.046799,22.604,0,0
24049,23:53:17,114.050301,22.6047,0,29
24049,23:53:47,114.053596,22.6071,0,24
