30134,00:00:08,114.05233,22.6056,0,7
30134,00:01:03,114.053329,22.60675,0,8
30134,00:01:58,114.05407,22.607901,0,9
30134,00:02:53,114.051201,22.60515,0,29
30134,00:03:48,114.047501,22.604233,0,25
30134,00:04:43,114.047501,22.604233,0,0
30134,00:05:38,114.047501,22.604233,0,0
30134,00:06:33,114.045334,22.603849,0,13
30134,00:07:28,114.039268,22.6066,0,53
30134,00:08:26,114.034035,22.6071,0,42
30134,00:09:12,114.032234,22.608601,0,18
30134,00:10:07,114.029549,22.612183,0,29
30134,00:11:02,114.029236,22.6124,0,1
30134,00:14:42,114.025833,22.612284,0,12
30134,00:15:38,114.028503,22.6085,0,25
30134,00:16:33,114.031464,22.608549,0,25
30134,00:17:28,114.031647,22.608618,0,1
30134,00:18:23,114.035118,22.610718,0,26
30134,00:19:18,114.038483,22.607483,0,35
30134,00:20:13,114.038483,22.607483,0,0
30134,00:21:08,114.038963,22.6068,0,5
30134,00:22:03,114.041931,22.6031,0,32
30134,00:22:58,114.044296,22.603416,0,15
30134,00:23:53,114.047249,22.604017,0,19
30134,00:24:48,114.047249,22.604017,0,0
30134,00:25:43,114.047249,22.604017,0,0
30134,00:26:38,114.047249,22.604017,0,0
30134,00:27:33,114.047249,22.604017,0,0
30134,00:28:28,114.047249,22.604017,0,0
30134,00:29:23,114.047249,22.604017,0,0
30134,00:30:18,114.047249,22.604017,0,0
30134,00:31:13,114.047249,22.604017,0,0
30134,00:32:09,114.047249,22.604017,0,0
30134,00:33:04,114.047249,22.604017,0,0
30134,00:33:59,114.047249,22.604017,0,0
30134,00:34:54,114.047249,22.604017,0,0
30134,00:35:49,114.047249,22.604017,0,0
30134,00:36:44,114.047249,22.604017,0,0
30134,00:37:39,114.047249,22.604017,0,0
30134,00:38:34,114.047249,22.604017,0,0
30134,00:39:29,114.047249,22.604017,0,0
30134,00:40:24,114.047249,22.604017,0,0
30134,00:41:19,114.047249,22.604017,0,0
30134,00:42:14,114.047249,22.604017,0,0
30134,00:43:09,114.047249,22.604017,0,0
30134,00:44:04,114.047249,22.604017,0,0
30134,00:44:59,114.047249,22.604017,0,0
30134,00:45:54,114.047249,22.604017,0,0
30134,00:47:44,114.047249,22.604017,0,0
30134,00:48:39,114.047249,22.604017,0,0
30134,00:49:34,114.047249,22.604017,0,0
30134,00:50:29,114.047249,22.604017,0,0
30134,00:51:24,114.047249,22.604017,0,0
30134,00:52:19,114.047249,22.604017,0,0
30134,00:53:14,114.047569,22.603817,0,1
30134,00:54:09,114.047569,22.603216,0,2
30134,00:55:04,114.047569,22.603216,0,0
30134,00:55:59,114.047569,22.603216,0,0
30134,00:56:54,114.047569,22.603216,0,0
30134,00:57:49,114.046349,22.602617,0,2
30134,00:58:44,114.046349,22.602617,0,0
30134,00:59:39,114.046349,22.602617,0,0
30134,01:00:34,114.046349,22.602617,0,0
30134,01:01:29,114.046349,22.602617,0,0
30134,01:02:24,114.046349,22.602617,0,0
30134,01:03:19,114.046349,22.602617,0,0
30134,01:04:14,114.046349,22.602617,0,0
30134,01:05:09,114.046349,22.602617,0,0
30134,01:06:04,114.046349,22.602617,0,0
30134,01:06:59,114.046349,22.602617,0,0
30134,01:07:54,114.046349,22.602617,0,0
30134,01:08:49,114.046349,22.602617,0,0
30134,01:09:44,114.046349,22.602617,0,0
30134,01:10:39,114.046349,22.602617,0,0
30134,01:11:34,114.046349,22.602617,0,0
30134,01:12:29,114.046349,22.602617,0,0
30134,01:13:24,114.046349,22.602617,0,0
30134,01:14:19,114.046349,22.602617,0,0
30134,01:15:14,114.046349,22.602617,0,0
30134,01:16:09,114.046349,22.602617,0,0
30134,01:17:04,114.046349,22.602617,0,0
30134,01:17:59,114.046349,22.602617,0,0
30134,01:18:54,114.046349,22.602617,0,0
30134,01:19:49,114.046349,22.602617,0,0
30134,01:20:44,114.046349,22.602617,0,0
30134,01:21:39,114.046349,22.602617,0,0
30134,01:22:34,114.046349,22.602617,0,0
30134,01:23:29,114.046349,22.602617,0,0
30134,01:24:24,114.046349,22.602617,0,0
30134,01:25:19,114.047035,22.602551,0,0
30134,01:25:27,114.047035,22.602551,1,0
30134,01:25:49,114.047035,22.602551,0,0
30134,01:26:44,114.047035,22.602551,0,0
30134,01:27:39,114.047035,22.602551,0,0
30134,01:28:34,114.047035,22.602551,0,0
30134,01:29:29,114.047035,22.602551,0,0
30134,01:30:24,114.047035,22.602551,0,0
30134,01:31:19,114.047035,22.602551,0,0
30134,01:32:14,114.047035,22.602551,0,0
30134,01:33:09,114.047035,22.602551,0,0
30134,01:34:04,114.047035,22.602551,0,0
30134,01:34:59,114.047035,22.602551,0,0
30134,01:35:54,114.047035,22.602551,0,0
30134,01:36:49,114.047035,22.602551,0,0
30134,01:37:44,114.046585,22.602867,0,0
30134,01:38:39,114.046585,22.602867,0,0
30134,01:39:34,114.046585,22.602867,0,0
30134,01:40:29,114.046585,22.602867,0,0
30134,01:41:24,114.046585,22.602867,0,0
30134,01:42:19,114.046585,22.602867,0,0
30134,01:43:14,114.046585,22.602867,0,0
30134,01:44:09,114.046333,22.6033,0,0
30134,01:45:04,114.046852,22.603216,0,0
30134,01:45:59,114.046852,22.603216,0,0
30134,01:46:54,114.046852,22.603216,0,0
30134,01:47:49,114.046852,22.603216,0,0
30134,01:48:44,114.046852,22.603216,0,0
30134,01:49:39,114.046471,22.602367,0,0
30134,01:50:34,114.046471,22.602367,0,0
30134,01:51:29,114.046471,22.602367,0,0
30134,01:52:24,114.046471,22.602367,0,0
30134,01:53:19,114.046471,22.602367,0,0
30134,01:54:14,114.046471,22.602367,0,0
30134,01:55:09,114.046471,22.602367,0,0
30134,01:56:59,114.046516,22.603251,0,0
30134,01:57:54,114.046516,22.603251,0,0
30134,01:58:49,114.046516,22.603251,0,0
30134,01:59:44,114.046516,22.603251,0,0
30134,02:00:39,114.046516,22.603251,0,0
30134,02:01:34,114.046516,22.603251,0,0
30134,02:02:30,114.046516,22.603251,0,0
30134,02:03:25,114.046516,22.603251,0,0
30134,02:04:20,114.046516,22.603251,0,0
30134,02:05:15,114.046532,22.602983,0,0
30134,02:06:10,114.046532,22.602983,0,0
30134,02:07:05,114.046532,22.602983,0,0
30134,02:08:00,114.046532,22.602983,0,0
30134,02:08:55,114.046532,22.602983,0,0
30134,02:09:50,114.046532,22.602983,0,0
30134,02:10:45,114.046532,22.602983,0,0
30134,02:11:40,114.046532,22.602983,0,0
30134,02:12:35,114.046532,22.602983,0,0
30134,02:13:30,114.046532,22.602983,0,0
30134,02:14:25,114.046532,22.602983,0,0
30134,02:15:20,114.046532,22.602983,0,0
30134,02:16:15,114.046532,22.602983,0,0
30134,02:17:10,114.046532,22.602983,0,0
30134,02:18:05,114.046669,22.602516,0,0
30134,02:19:00,114.046669,22.602516,0,0
30134,02:19:55,114.046669,22.602516,0,0
30134,02:20:50,114.046669,22.602516,0,0
30134,02:21:45,114.046669,22.602516,0,0
30134,02:22:40,114.04673,22.6026,0,0
30134,02:23:35,114.04673,22.6026,0,0
30134,02:24:30,114.04673,22.6026,0,0
30134,02:25:25,114.04673,22.6026,0,0
30134,02:27:15,114.04673,22.6026,0,0
30134,02:28:10,114.04673,22.6026,0,0
30134,02:29:05,114.04673,22.6026,0,0
30134,02:30:00,114.04673,22.6026,0,0
30134,02:30:55,114.04673,22.6026,0,0
30134,02:31:50,114.04673,22.6026,0,0
30134,02:32:45,114.04673,22.6026,0,0
30134,02:33:40,114.04673,22.6026,0,0
30134,02:34:35,114.046234,22.603916,0,0
30134,02:35:30,114.046333,22.603283,0,0
30134,02:36:25,114.045998,22.604168,0,2
30134,02:37:20,114.045998,22.6042,0,0
30134,02:38:15,114.045998,22.6042,0,0
30134,02:39:10,114.045998,22.6042,0,0
30134,02:40:05,114.045998,22.6042,0,0
30134,02:41:00,114.045998,22.6042,0,0
30134,02:41:55,114.045998,22.6042,0,0
30134,02:42:50,114.045998,22.6042,0,0
30134,02:43:45,114.045998,22.6042,0,0
30134,02:44:40,114.045998,22.6042,0,0
30134,02:45:35,114.045998,22.6042,0,0
30134,02:46:30,114.045998,22.6042,0,0
30134,02:47:25,114.045998,22.6042,0,0
30134,02:48:20,114.045998,22.6042,0,0
30134,02:49:15,114.045998,22.6042,0,0
30134,02:50:10,114.045998,22.6042,0,0
30134,02:51:05,114.045998,22.6042,0,0
30134,02:52:00,114.045998,22.6042,0,0
30134,02:52:55,114.045998,22.6042,0,0
30134,02:53:50,114.045998,22.6042,0,0
30134,02:54:45,114.045998,22.6042,0,0
30134,02:55:40,114.045998,22.6042,0,0
30134,02:56:35,114.045998,22.6042,0,0
30134,02:57:30,114.045998,22.6042,0,0
30134,02:58:25,114.045998,22.6042,0,0
30134,02:59:20,114.045998,22.6042,0,0
30134,03:00:15,114.045998,22.6042,0,0
30134,03:01:10,114.045998,22.6042,0,0
30134,03:02:05,114.045998,22.6042,0,0
30134,03:03:00,114.045998,22.6042,0,0
30134,03:03:55,114.045998,22.6042,0,0
30134,03:04:50,114.045998,22.6042,0,0
30134,03:05:45,114.045998,22.6042,0,0
30134,03:06:40,114.045998,22.6042,0,0
30134,03:07:35,114.045998,22.6042,0,0
30134,03:08:30,114.045998,22.6042,0,0
30134,03:09:25,114.045998,22.6042,0,0
30134,03:10:20,114.045998,22.6042,0,0
30134,03:11:15,114.045998,22.6042,0,0
30134,03:12:10,114.045998,22.6042,0,0
30134,03:13:05,114.045998,22.6042,0,0
30134,03:14:00,114.045998,22.6042,0,0
30134,03:14:55,114.045998,22.6042,0,0
30134,03:15:50,114.045998,22.6042,0,0
30134,03:16:45,114.045998,22.6042,0,0
30134,03:17:40,114.045998,22.6042,0,0
30134,03:18:35,114.045998,22.6042,0,0
30134,03:19:30,114.045998,22.6042,0,0
30134,03:20:25,114.045998,22.6042,0,0
30134,03:21:20,114.045998,22.6042,0,0
30134,03:22:15,114.045998,22.6042,0,0
30134,03:23:10,114.045998,22.6042,0,0
30134,03:24:05,114.045998,22.6042,0,0
30134,03:25:00,114.045998,22.6042,0,0
30134,03:25:55,114.045998,22.6042,0,0
30134,03:26:50,114.045998,22.6042,0,0
30134,03:27:45,114.045998,22.6042,0,0
30134,03:28:40,114.045998,22.6042,0,0
30134,03:29:35,114.045998,22.6042,0,0
30134,03:30:30,114.045998,22.6042,0,0
30134,03:31:25,114.045998,22.6042,0,0
30134,03:32:20,114.045998,22.6042,0,0
30134,03:33:15,114.045998,22.6042,0,0
30134,03:34:10,114.045998,22.6042,0,0
30134,03:35:05,114.045998,22.6042,0,0
30134,03:36:00,114.045998,22.6042,0,0
30134,03:36:55,114.045998,22.6042,0,0
30134,03:37:50,114.045998,22.6042,0,0
30134,03:38:45,114.045998,22.6042,0,0
30134,03:39:40,114.045998,22.6042,0,0
30134,03:40:35,114.045998,22.6042,0,0
30134,03:41:30,114.045998,22.6042,0,0
30134,03:42:25,114.045998,22.6042,0,0
30134,03:43:20,114.045998,22.6042,0,0
30134,03:44:15,114.045998,22.6042,0,0
30134,03:45:10,114.045998,22.6042,0,0
30134,03:46:05,114.045998,22.6042,0,0
30134,03:47:00,114.045998,22.6042,0,0
30134,03:47:55,114.045998,22.6042,0,0
30134,03:48:50,114.045998,22.6042,0,0
30134,03:49:45,114.045998,22.6042,0,0
30134,03:50:41,114.045998,22.6042,0,0
30134,03:51:36,114.045998,22.6042,0,0
30134,03:52:31,114.045998,22.6042,0,0
30134,03:53:26,114.045998,22.6042,0,0
30134,03:54:21,114.045998,22.6042,0,0
30134,03:55:16,114.045998,22.6042,0,0
30134,03:56:11,114.045998,22.6042,0,0
30134,03:57:06,114.045998,22.6042,0,0
30134,03:58:01,114.045998,22.6042,0,0
30134,03:58:56,114.045998,22.6042,0,0
30134,03:59:51,114.045998,22.6042,0,0
30134,04:00:46,114.045998,22.6042,0,0
30134,04:01:41,114.045998,22.6042,0,0
30134,04:02:36,114.045998,22.6042,0,0
30134,04:04:26,114.045998,22.6042,0,0
30134,04:05:21,114.045998,22.6042,0,0
30134,04:06:16,114.045998,22.6042,0,0
30134,04:07:11,114.045998,22.6042,0,0
30134,04:08:06,114.045998,22.6042,0,0
30134,04:09:01,114.045998,22.6042,0,0
30134,04:09:56,114.045998,22.6042,0,0
30134,04:10:51,114.045998,22.6042,0,0
30134,04:12:41,114.045998,22.6042,0,0
30134,04:13:36,114.045998,22.6042,0,0
30134,04:14:31,114.045998,22.6042,0,0
30134,04:15:26,114.045998,22.6042,0,0
30134,04:16:21,114.045998,22.6042,0,0
30134,04:17:16,114.045998,22.6042,0,0
30134,04:18:11,114.045998,22.6042,0,0
30134,04:19:06,114.045998,22.6042,0,0
30134,04:20:01,114.045998,22.6042,0,0
30134,04:20:56,114.045998,22.6042,0,0
30134,04:21:51,114.045998,22.6042,0,0
30134,04:22:46,114.045998,22.6042,0,0
30134,04:23:41,114.045998,22.6042,0,0
30134,04:24:36,114.045998,22.6042,0,0
30134,04:25:31,114.045998,22.6042,0,0
30134,04:26:26,114.045998,22.6042,0,0
30134,04:27:21,114.045998,22.6042,0,0
30134,04:28:16,114.045998,22.6042,0,0
30134,04:29:11,114.045998,22.6042,0,0
30134,04:30:06,114.045998,22.6042,0,0
30134,04:31:02,114.045998,22.6042,0,0
30134,04:31:57,114.045998,22.6042,0,0
30134,04:32:52,114.045998,22.6042,0,0
30134,04:33:47,114.045998,22.6042,0,0
30134,04:34:42,114.045998,22.6042,0,0
30134,04:35:37,114.045998,22.6042,0,0
30134,04:36:32,114.045998,22.6042,0,0
30134,04:37:27,114.045998,22.6042,0,0
30134,04:38:22,114.045998,22.6042,0,0
30134,04:39:17,114.045998,22.6042,0,0
30134,04:40:12,114.045998,22.6042,0,0
30134,04:41:07,114.045998,22.6042,0,0
30134,04:42:02,114.045998,22.6042,0,0
30134,04:42:57,114.045998,22.6042,0,0
30134,04:43:52,114.045998,22.6042,0,0
30134,04:44:47,114.045998,22.6042,0,0
30134,04:45:42,114.045998,22.6042,0,0
30134,04:46:37,114.045998,22.6042,0,0
30134,04:47:32,114.045998,22.6042,0,0
30134,04:48:27,114.045998,22.6042,0,0
30134,04:49:22,114.045998,22.6042,0,0
30134,04:50:17,114.045998,22.6042,0,0
30134,04:51:12,114.045998,22.6042,0,0
30134,04:52:07,114.045998,22.6042,0,0
30134,04:53:02,114.045998,22.6042,0,0
30134,04:54:52,114.045998,22.6042,0,0
30134,04:55:47,114.045998,22.6042,0,0
30134,04:56:42,114.045998,22.6042,0,0
30134,04:57:37,114.045998,22.6042,0,0
30134,04:58:32,114.045998,22.6042,0,0
30134,05:00:22,114.045998,22.6042,0,0
30134,05:01:17,114.045998,22.6042,0,0
30134,05:02:12,114.045998,22.6042,0,0
30134,05:03:07,114.045998,22.6042,0,0
30134,05:04:02,114.045998,22.6042,0,0
30134,05:04:57,114.045998,22.6042,0,0
30134,05:05:52,114.045998,22.6042,0,0
30134,05:06:47,114.045998,22.6042,0,0
30134,05:07:42,114.045998,22.6042,0,0
30134,05:08:37,114.045998,22.6042,0,0
30134,05:09:32,114.045998,22.6042,0,0
30134,05:10:27,114.045998,22.6042,0,0
30134,05:11:22,114.045998,22.6042,0,0
30134,05:12:17,114.045998,22.6042,0,0
30134,05:13:12,114.045998,22.6042,0,0
30134,05:14:07,114.045998,22.6042,0,0
30134,05:15:02,114.045998,22.6042,0,0
30134,05:15:57,114.045998,22.6042,0,0
30134,05:16:52,114.045998,22.6042,0,0
30134,05:17:47,114.045998,22.6042,0,0
30134,05:18:42,114.045998,22.6042,0,0
30134,05:19:37,114.045998,22.6042,0,0
30134,05:20:32,114.045998,22.6042,0,0
30134,05:21:27,114.045998,22.6042,0,0
30134,05:22:22,114.045998,22.6042,0,0
30134,05:23:17,114.045998,22.6042,0,0
30134,05:24:12,114.045998,22.6042,0,0
30134,05:25:07,114.045998,22.6042,0,0
30134,05:26:02,114.045998,22.6042,0,0
30134,05:27:52,114.045998,22.6042,0,0
30134,05:28:47,114.045998,22.6042,0,0
30134,05:29:42,114.045998,22.6042,0,0
30134,05:30:37,114.045998,22.6042,0,0
30134,05:31:32,114.045998,22.6042,0,0
30134,05:32:27,114.045998,22.6042,0,0
30134,05:33:22,114.045998,22.6042,0,0
30134,05:34:17,114.045998,22.6042,0,0
30134,05:35:12,114.045998,22.6042,0,0
30134,05:36:07,114.045998,22.6042,0,0
30134,05:37:02,114.045998,22.6042,0,0
30134,05:37:57,114.045998,22.6042,0,0
30134,05:38:52,114.045998,22.6042,0,0
30134,05:39:47,114.045998,22.6042,0,0
30134,05:40:42,114.045998,22.6042,0,0
30134,05:41:37,114.045998,22.6042,0,0
30134,05:42:32,114.045998,22.6042,0,0
30134,05:43:27,114.045998,22.6042,0,0
30134,05:44:22,114.045998,22.6042,0,0
30134,05:45:17,114.045998,22.6042,0,0
30134,05:46:12,114.045998,22.6042,0,0
30134,05:47:07,114.045998,22.6042,0,0
30134,05:48:02,114.045998,22.6042,0,0
30134,05:48:57,114.045998,22.6042,0,0
30134,05:49:52,114.045998,22.6042,0,0
30134,05:50:47,114.045998,22.6042,0,0
30134,05:51:42,114.045998,22.6042,0,0
30134,05:52:37,114.045998,22.6042,0,0
30134,05:53:32,114.045998,22.6042,0,0
30134,05:54:27,114.045998,22.6042,0,0
30134,05:55:22,114.045998,22.6042,0,0
30134,05:56:17,114.045998,22.6042,0,0
30134,05:57:12,114.045998,22.6042,0,0
30134,05:58:07,114.045998,22.6042,0,0
30134,05:59:57,114.045998,22.6042,0,0
30134,06:00:52,114.045998,22.6042,0,0
30134,06:01:47,114.045998,22.6042,0,0
30134,06:02:42,114.046097,22.603184,0,0
30134,06:03:37,114.046097,22.603184,0,0
30134,06:04:32,114.046097,22.603184,0,0
30134,06:05:27,114.045998,22.601982,0,5
30134,06:06:22,114.045036,22.600883,0,12
30134,06:07:18,114.045036,22.600883,0,0
30134,06:08:13,114.045036,22.600883,0,0
30134,06:09:08,114.045036,22.600883,0,0
30134,06:10:03,114.045036,22.600883,0,0
30134,06:10:58,114.045036,22.600883,0,0
30134,06:11:53,114.045036,22.600883,0,0
30134,06:13:43,114.045036,22.600883,0,0
30134,06:14:38,114.045036,22.600883,0,0
30134,06:15:33,114.045036,22.600883,0,0
30134,06:16:28,114.04435,22.601618,0,6
30134,06:17:23,114.044502,22.602283,0,5
30134,06:18:18,114.044502,22.602283,0,0
30134,06:19:13,114.044502,22.602283,0,0
30134,06:20:08,114.045685,22.60285,0,4
30134,06:21:03,114.04718,22.600883,0,15
30134,06:21:58,114.045883,22.599533,0,11
30134,06:22:53,114.044197,22.6005,0,15
30134,06:23:48,114.044197,22.6005,0,0
30134,06:24:43,114.044197,22.6005,0,0
30134,06:25:38,114.044197,22.6005,0,0
30134,06:26:33,114.044197,22.6005,0,0
30134,06:27:28,114.043785,22.602367,0,6
30134,06:28:23,114.047249,22.604067,0,28
30134,06:29:18,114.049797,22.604483,0,14
30134,06:30:13,114.054253,22.608232,0,40
30134,06:31:08,114.055801,22.614933,0,49
30134,06:32:03,114.055801,22.6194,0,30
30134,06:32:58,114.055916,22.623283,0,28
30134,06:33:53,114.055916,22.623283,0,0
30134,06:34:48,114.055916,22.623283,0,0
30134,06:35:43,114.055916,22.623283,0,0
30134,06:36:38,114.055916,22.623283,0,0
30134,06:37:33,114.055916,22.623283,0,0
30134,06:38:28,114.055916,22.623283,0,0
30134,06:39:23,114.055916,22.623283,0,0
30134,06:40:18,114.055916,22.623283,0,0
30134,06:41:13,114.055916,22.623283,0,0
30134,06:42:08,114.055916,22.623283,0,0
30134,06:43:03,114.055916,22.623283,0,0
30134,06:43:58,114.055916,22.623283,0,0
30134,06:44:53,114.055916,22.623283,0,0
30134,06:45:48,114.055916,22.623283,0,0
30134,06:46:43,114.055916,22.623283,0,0
30134,06:47:38,114.055916,22.623283,0,0
30134,06:48:33,114.055916,22.623283,0,0
30134,06:49:28,114.055916,22.623283,0,0
30134,06:50:23,114.055916,22.623283,0,0
30134,06:51:18,114.055916,22.623283,0,0
30134,06:52:13,114.055916,22.623283,0,0
30134,06:53:08,114.055916,22.623283,0,0
30134,06:54:03,114.055916,22.623283,0,0
30134,06:54:58,114.055916,22.623283,0,0
30134,06:55:53,114.055916,22.623283,0,0
30134,06:56:48,114.055916,22.623283,0,0
30134,06:57:43,114.055916,22.623283,0,0
30134,06:58:38,114.055916,22.623283,0,0
30134,06:59:33,114.055916,22.623283,0,0
30134,07:00:28,114.055916,22.623283,0,0
30134,07:02:18,114.055916,22.623283,0,0
30134,07:03:13,114.055916,22.623283,0,0
30134,07:04:08,114.055916,22.623283,0,0
30134,07:05:03,114.055916,22.623283,0,0
30134,07:05:58,114.055916,22.623283,0,0
30134,07:06:53,114.055916,22.623283,0,0
30134,07:07:48,114.055916,22.623283,0,0
30134,07:08:43,114.055916,22.623283,0,0
30134,07:09:38,114.055916,22.623283,0,0
30134,07:10:33,114.055916,22.623283,0,0
30134,07:11:28,114.055916,22.623283,0,0
30134,07:12:23,114.055916,22.623283,0,0
30134,07:13:18,114.055916,22.623283,0,0
30134,07:14:13,114.055916,22.623283,0,0
30134,07:15:08,114.055916,22.623283,0,0
30134,07:16:03,114.055916,22.623283,0,0
30134,07:16:58,114.055916,22.623283,0,0
30134,07:17:53,114.055916,22.623283,0,0
30134,07:19:43,114.055916,22.623283,0,0
30134,07:20:38,114.055916,22.623283,0,0
30134,07:21:33,114.055916,22.623283,0,0
30134,07:22:28,114.055916,22.623283,0,0
30134,07:24:18,114.055916,22.623283,0,0
30134,07:25:13,114.055916,22.623283,0,0
30134,07:26:08,114.055916,22.623283,0,0
30134,07:27:03,114.055916,22.623283,0,0
30134,07:27:58,114.055916,22.623283,0,0
30134,07:28:53,114.055916,22.623283,0,0
30134,07:29:48,114.055916,22.623283,0,0
30134,07:30:43,114.055916,22.623283,0,0
30134,07:31:38,114.055916,22.623283,0,0
30134,07:32:33,114.055916,22.623283,0,0
30134,07:33:28,114.055916,22.623283,0,0
30134,07:34:23,114.055679,22.623716,0,2
30134,07:35:18,114.05558,22.624617,0,10
30134,07:36:13,114.055084,22.621599,0,24
30134,07:36:44,114.055084,22.621599,1,0
30134,07:37:39,114.055801,22.61685,1,35
30134,07:38:34,114.055016,22.611668,1,38
30134,07:39:29,114.052086,22.605667,1,48
30134,07:40:24,114.046967,22.604218,1,36
30134,07:42:14,114.044502,22.596718,1,48
30134,07:43:09,114.044548,22.596684,1,0
30134,07:44:04,114.044548,22.596684,1,0
30134,07:44:59,114.044548,22.596684,1,0
30134,07:45:54,114.044548,22.596684,1,0
30134,07:46:49,114.044548,22.596684,1,0
30134,07:47:44,114.046051,22.595949,1,0
30134,07:48:39,114.046051,22.595949,1,0
30134,07:49:34,114.046417,22.595501,1,0
30134,07:50:29,114.046417,22.595501,1,0
30134,07:51:24,114.046417,22.595501,1,0
30134,07:52:19,114.046417,22.595501,1,0
30134,07:53:14,114.046417,22.595501,1,0
30134,07:54:09,114.046417,22.595501,1,0
30134,07:55:04,114.046417,22.595501,1,0
30134,07:55:59,114.046417,22.595501,1,0
30134,07:56:54,114.046417,22.595501,1,0
30134,07:57:49,114.048798,22.591383,1,1
30134,07:58:44,114.048798,22.591383,1,0
30134,07:59:39,114.049652,22.590134,1,0
30134,08:00:34,114.052879,22.58655,1,28
30134,08:01:29,114.056267,22.578951,1,60
30134,08:02:24,114.060799,22.575184,1,44
30134,08:03:20,114.062218,22.568583,1,47
30134,08:04:15,114.062447,22.560984,1,54
30134,08:05:10,114.0625,22.553801,1,51
30134,08:06:05,114.0625,22.552099,1,7
30134,08:07:00,114.060135,22.551416,1,18
30134,08:07:55,114.060135,22.551416,1,0
30134,08:08:50,114.059196,22.551399,1,3
30134,08:09:45,114.059196,22.551399,1,0
30134,08:10:40,114.0578,22.551149,1,6
30134,08:12:30,114.057816,22.547768,1,0
30134,08:13:25,114.05777,22.545732,1,11
30134,08:14:20,114.052147,22.545366,1,39
30134,08:15:15,114.051186,22.54055,1,39
30134,08:16:10,114.051216,22.539633,1,3
30134,08:17:05,114.049698,22.539433,1,8
30134,08:17:42,114.049866,22.538183,0,14
30134,08:18:37,114.048119,22.537333,0,13
30134,08:19:32,114.04483,22.537617,0,21
30134,08:20:27,114.04483,22.537617,0,0
30134,08:22:17,114.044464,22.549667,0,44
30134,08:23:12,114.044464,22.549667,0,0
30134,08:24:07,114.044518,22.550716,0,4
30134,08:25:02,114.043785,22.556984,0,43
30134,08:25:57,114.040871,22.562099,0,41
30134,08:26:52,114.037766,22.565832,0,35
30134,08:27:47,114.03627,22.566267,0,11
30134,08:28:30,114.038033,22.565666,1,19
30134,08:29:25,114.040848,22.561951,1,33
30134,08:30:20,114.040848,22.561951,1,0
30134,08:31:15,114.041985,22.559799,1,15
30134,08:32:10,114.041985,22.559799,1,0
30134,08:33:05,114.042969,22.55805,1,11
30134,08:34:00,114.040848,22.556417,1,24
30134,08:34:35,114.039917,22.556316,0,6
30134,08:35:10,114.039764,22.556299,1,1
30134,08:36:05,114.03418,22.554068,1,41
30134,08:37:00,114.03508,22.554733,1,7
30134,08:37:55,114.038399,22.556049,1,23
30134,08:38:50,114.040848,22.556299,1,13
30134,08:39:45,114.043098,22.556618,1,11
30134,08:40:40,114.044052,22.555099,1,11
30134,08:41:35,114.044136,22.551367,1,24
30134,08:42:30,114.044449,22.543768,1,54
30134,08:43:25,114.044281,22.541233,1,14
30134,08:44:20,114.043633,22.541517,1,7
30134,08:45:15,114.047966,22.542368,1,28
30134,08:46:10,114.0569,22.542467,1,60
30134,08:47:05,114.06752,22.542667,1,71
30134,08:48:00,114.07515,22.542982,1,51
30134,08:48:55,114.07695,22.543016,1,10
30134,08:49:50,114.078552,22.543034,1,10
30134,08:50:45,114.078468,22.540716,1,15
30134,08:51:40,114.079987,22.540216,1,5
30134,08:51:59,114.079987,22.540216,0,0
30134,08:52:54,114.079315,22.540466,0,9
30134,08:53:18,114.079315,22.540466,1,0
30134,08:54:13,114.075996,22.540117,1,17
30134,08:56:03,114.072281,22.538816,1,11
30134,08:57:53,114.062836,22.535351,1,34
30134,08:58:48,114.062836,22.535351,1,0
30134,08:59:43,114.063019,22.5278,1,54
30134,09:01:06,114.062164,22.526882,0,7
30134,09:02:01,114.061852,22.527767,0,3
30134,09:02:56,114.063019,22.526768,0,10
30134,09:03:51,114.063065,22.526382,0,2
30134,09:05:41,114.061531,22.521584,0,16
30134,09:06:36,114.061531,22.521584,0,0
30134,09:07:31,114.059616,22.52035,0,15
30134,09:08:26,114.056534,22.520132,0,26
30134,09:09:05,114.05645,22.520533,1,2
30134,09:10:00,114.056648,22.5235,1,19
30134,09:10:55,114.058746,22.523317,1,12
30134,09:11:50,114.059937,22.525467,1,19
30134,09:12:45,114.059052,22.528517,1,21
30134,09:13:40,114.058182,22.535801,1,53
30134,09:14:35,114.058014,22.539249,1,24
30134,09:15:30,114.058014,22.539249,1,0
30134,09:16:25,114.058052,22.542383,1,20
30134,09:17:20,114.057983,22.54475,1,17
30134,09:18:15,114.057899,22.548567,1,25
30134,09:19:10,114.057816,22.549067,1,1
30134,09:20:05,114.057816,22.549067,1,0
30134,09:21:00,114.057831,22.549683,1,2
30134,09:21:55,114.062447,22.551332,1,39
30134,09:22:50,114.062447,22.551332,1,0
30134,09:23:45,114.062698,22.553083,1,12
30134,09:24:40,114.062614,22.560717,1,55
30134,09:25:35,114.062431,22.56785,1,51
30134,09:26:30,114.06218,22.569468,1,7
30134,09:27:25,114.062164,22.569532,1,0
30134,09:28:20,114.062164,22.569532,1,0
30134,09:29:15,114.061966,22.570551,1,5
30134,09:30:10,114.061966,22.570551,1,0
30134,09:31:05,114.061966,22.570551,1,0
30134,09:32:00,114.060234,22.56785,1,31
30134,09:32:55,114.051384,22.565283,1,62
30134,09:33:50,114.049232,22.5665,1,23
30134,09:34:16,114.050331,22.566668,0,12
30134,09:35:11,114.050331,22.566668,0,0
30134,09:36:06,114.051201,22.567249,0,3
30134,09:36:13,114.051201,22.567249,1,0
30134,09:37:08,114.052269,22.567316,1,3
30134,09:38:03,114.053932,22.565483,1,18
30134,09:38:58,114.045998,22.56535,1,53
30134,09:59:40,114.05233,22.535351,1,21
30134,09:59:47,114.051964,22.535383,1,20
30134,10:00:42,114.05043,22.535366,1,7
30134,10:01:37,114.050102,22.532249,1,21
30134,10:02:33,114.047546,22.531668,1,17
30134,10:03:29,114.046921,22.531651,1,2
30134,10:04:24,114.045265,22.531601,1,1
30134,10:05:19,114.044319,22.5315,1,1
30134,10:06:14,114.043785,22.531483,1,1
30134,10:07:09,114.043785,22.531483,1,0
30134,10:08:04,114.044319,22.532017,1,0
30134,10:08:59,114.044403,22.531384,1,2
30134,10:09:57,114.044479,22.530783,1,0
30134,10:10:08,114.044479,22.530783,1,0
30134,10:11:04,114.044098,22.53055,1,0
30134,10:11:59,114.044098,22.53055,1,0
30134,10:12:54,114.044281,22.531151,1,2
30134,10:13:49,114.050835,22.531233,1,44
30134,10:14:29,114.05275,22.531233,0,17
30134,10:15:24,114.056435,22.531317,1,23
30134,10:16:19,114.063797,22.531467,1,47
30134,10:17:14,114.067986,22.528883,1,39
30134,10:18:09,114.067917,22.523684,1,50
30134,10:18:37,114.06842,22.523649,0,6
30134,10:19:32,114.067001,22.525534,0,15
30134,10:20:28,114.068199,22.534782,0,66
30134,10:21:23,114.068581,22.544567,0,72
30134,10:22:18,114.068466,22.547667,0,22
30134,10:23:13,114.072334,22.547867,0,24
30134,10:24:08,114.072334,22.547867,0,0
30134,10:25:03,114.069153,22.547899,0,19
30134,10:25:58,114.070267,22.550966,0,43
30134,10:26:53,114.073647,22.551283,0,22
30134,10:27:48,114.074867,22.551399,0,6
30134,10:28:43,114.074867,22.551399,0,0
30134,10:29:38,114.074867,22.551399,0,0
30134,10:30:33,114.07563,22.5515,0,3
30134,10:31:28,114.07563,22.5515,0,0
30134,10:32:23,114.07563,22.5515,0,0
30134,10:33:18,114.074852,22.551483,0,7
30134,10:34:13,114.067986,22.551367,0,47
30134,10:35:08,114.067986,22.556267,0,35
30134,10:36:03,114.073265,22.558117,0,47
30134,10:36:58,114.07988,22.558067,0,44
30134,10:37:53,114.084618,22.562901,0,49
30134,10:38:48,114.084633,22.562918,0,0
30134,10:39:43,114.084633,22.562918,0,0
30134,10:40:38,114.084633,22.562918,0,0
30134,10:41:33,114.086266,22.565451,0,19
30134,10:42:28,114.084747,22.570667,0,41
30134,10:43:13,114.084747,22.570667,1,0
30134,10:44:08,114.083481,22.571667,1,9
30134,10:45:03,114.081886,22.572384,1,9
30134,10:45:58,114.076035,22.572416,1,40
30134,10:46:53,114.068703,22.569332,1,55
30134,10:47:48,114.067535,22.570967,1,15
30134,10:48:43,114.065598,22.57655,1,44
30134,10:49:38,114.058464,22.578449,1,50
30134,10:50:33,114.05378,22.5832,1,49
30134,10:52:23,114.051537,22.588766,1,32
30134,10:54:13,114.051117,22.594067,1,11
30134,10:55:08,114.054131,22.593567,1,21
30134,10:56:03,114.055534,22.593283,1,10
30134,10:56:17,114.055763,22.593018,0,9
30134,10:57:12,114.055763,22.593018,0,0
30134,10:58:07,114.055763,22.593018,0,0
30134,10:59:02,114.055199,22.594,0,1
30134,10:59:57,114.052902,22.592983,0,16
30134,11:00:52,114.050934,22.594366,0,16
30134,11:01:47,114.05027,22.594383,0,5
30134,11:02:42,114.049767,22.593166,0,5
30134,11:03:37,114.046448,22.596268,0,38
30134,11:04:32,114.043671,22.601517,0,45
30134,11:05:27,114.047417,22.6042,0,36
30134,11:06:22,114.0467,22.604401,0,3
30134,11:07:17,114.0467,22.604401,0,0
30134,11:08:12,114.0467,22.604401,0,0
30134,11:09:07,114.0467,22.604401,0,0
30134,11:10:02,114.0467,22.604401,0,0
30134,11:10:57,114.0467,22.604401,0,0
30134,11:11:52,114.0467,22.604401,0,0
30134,11:12:47,114.0467,22.604401,0,0
30134,11:14:38,114.0467,22.604401,0,0
30134,11:15:33,114.0467,22.604401,0,0
30134,11:16:28,114.0467,22.604401,0,0
30134,11:17:23,114.0467,22.604401,0,0
30134,11:18:56,114.0467,22.604401,1,0
30134,11:19:51,114.043365,22.602818,1,35
30134,11:20:46,114.045082,22.596451,1,49
30134,11:21:41,114.048164,22.592649,1,35
30134,11:22:36,114.04937,22.590584,1,16
30134,11:23:31,114.051735,22.5884,1,22
30134,11:24:26,114.053497,22.583633,1,36
30134,11:25:21,114.05558,22.57975,1,31
30134,11:26:16,114.063004,22.577682,1,53
30134,11:27:11,114.067101,22.57435,1,37
30134,11:28:06,114.067482,22.569901,1,32
30134,11:29:01,114.067551,22.562317,1,54
30134,11:29:56,114.067551,22.561434,1,5
30134,11:30:51,114.067551,22.559349,1,14
30134,11:31:46,114.067551,22.559349,1,0
30134,11:32:41,114.067734,22.555317,1,27
30134,11:33:36,114.067703,22.551317,1,28
30134,11:34:31,114.067703,22.551317,1,0
30134,11:35:26,114.067719,22.548317,1,20
30134,11:36:22,114.067497,22.542351,1,41
30134,11:37:17,114.068115,22.533251,1,66
30134,11:38:12,114.066818,22.527651,1,42
30134,11:39:07,114.065933,22.525499,1,14
30134,11:40:02,114.062965,22.521233,1,36
30134,11:40:57,114.061684,22.520517,1,10
30134,11:41:52,114.061386,22.520817,1,0
30134,11:42:47,114.06282,22.5194,1,14
30134,11:43:42,114.063202,22.518732,1,7
30134,11:44:21,114.062683,22.51755,0,16
30134,11:45:16,114.063454,22.51755,0,4
30134,11:46:11,114.063454,22.51755,0,0
30134,11:47:06,114.063454,22.51755,0,0
30134,11:48:01,114.063454,22.51755,0,0
30134,11:48:56,114.063454,22.51755,0,0
30134,11:49:48,114.063454,22.51755,1,0
30134,11:50:43,114.062248,22.52005,1,22
30134,11:51:38,114.061249,22.521,1,8
30134,11:52:33,114.061249,22.521,1,0
30134,11:53:28,114.060402,22.523382,1,16
30134,11:54:23,114.059517,22.5268,1,22
30134,11:55:18,114.05938,22.527317,1,3
30134,11:56:13,114.058266,22.532368,1,35
30134,11:57:08,114.05822,22.535084,1,19
30134,11:58:03,114.058151,22.536133,1,6
30134,11:58:58,114.056335,22.537518,1,20
30134,11:59:53,114.053467,22.53755,1,16
30134,12:00:48,114.052483,22.538517,1,11
30134,12:00:52,114.052483,22.538517,0,0
30134,12:02:42,114.052483,22.538517,0,0
30134,12:03:37,114.05262,22.537367,0,5
30134,12:04:32,114.048264,22.537466,0,19
30134,12:06:22,114.045235,22.5375,0,0
30134,12:07:17,114.045235,22.5375,0,0
30134,12:08:12,114.045235,22.5375,0,0
30134,12:09:07,114.045235,22.5375,0,0
30134,12:10:02,114.044563,22.5382,0,4
30134,12:10:57,114.0467,22.542084,0,40
30134,12:11:29,114.047569,22.54175,1,10
30134,12:12:24,114.054367,22.542017,1,45
30134,12:13:19,114.065384,22.542717,1,74
30134,12:14:14,114.075531,22.542967,1,67
30134,12:15:09,114.076935,22.543016,1,8
30134,12:16:04,114.083771,22.5432,1,46
30134,12:16:59,114.088669,22.543367,1,29
30134,12:17:54,114.09063,22.543283,1,12
30134,12:18:24,114.091499,22.543318,0,9
30134,12:19:06,114.09185,22.543283,1,2
30134,12:20:01,114.097786,22.543383,1,37
30134,12:20:56,114.098816,22.543318,1,6
30134,12:21:51,114.098816,22.543318,1,0
30134,12:22:46,114.099167,22.543417,1,0
30134,12:23:41,114.099167,22.543417,1,0
30134,12:24:36,114.101601,22.543682,1,14
30134,12:25:31,114.109482,22.545168,1,53
30134,12:26:18,114.113083,22.545933,1,12
30134,12:27:14,114.11573,22.5464,1,15
30134,12:28:09,114.117332,22.546667,1,6
30134,12:29:04,114.126083,22.547916,1,56
30134,12:29:59,114.127235,22.549932,1,20
30134,12:30:54,114.129402,22.550632,1,8
30134,12:31:49,114.129868,22.551867,1,4
30134,12:31:52,114.129868,22.551867,0,0
30134,12:32:47,114.130432,22.552433,0,3
30134,12:33:42,114.132347,22.554832,0,21
30134,12:37:40,114.139565,22.554317,0,15
30134,12:38:35,114.140236,22.554733,0,5
30134,12:39:30,114.140236,22.554733,0,0
30134,12:40:25,114.140236,22.554733,0,0
30134,12:41:20,114.140236,22.554733,0,0
30134,12:43:26,114.140282,22.554768,0,0
30134,12:44:21,114.140282,22.554768,0,0
30134,12:45:19,114.140282,22.554768,0,0
30134,12:46:03,114.140282,22.554768,0,0
30134,12:46:59,114.140282,22.554768,0,0
30134,12:47:54,114.140282,22.554768,0,0
30134,12:50:39,114.140282,22.554768,0,0
30134,12:51:34,114.140282,22.554768,0,0
30134,12:52:29,114.140282,22.554768,0,0
30134,12:53:24,114.140282,22.554768,0,0
30134,12:54:19,114.140282,22.554768,0,0
30134,12:55:14,114.140282,22.554768,0,0
30134,12:56:09,114.140282,22.554768,0,0
30134,12:57:05,114.140282,22.554768,0,0
30134,12:58:00,114.140282,22.554768,0,0
30134,12:58:55,114.140282,22.554768,0,0
30134,12:59:50,114.140282,22.554768,0,0
30134,13:00:45,114.140282,22.554768,0,0
30134,13:01:40,114.140282,22.554768,0,0
30134,13:02:35,114.140282,22.554768,0,0
30134,13:03:30,114.140282,22.554768,0,0
30134,13:04:25,114.140282,22.554768,0,0
30134,13:06:15,114.140282,22.554768,0,0
30134,13:07:10,114.140282,22.554768,0,0
30134,13:08:05,114.140282,22.554768,0,0
30134,13:09:00,114.140282,22.554768,0,0
30134,13:09:51,114.140884,22.555201,1,3
30134,13:10:46,114.143715,22.554216,1,26
30134,13:11:41,114.143486,22.552683,1,8
30134,13:12:36,114.143204,22.550516,1,13
30134,13:12:38,114.143204,22.550516,0,0
30134,13:13:33,114.143204,22.550516,0,0
30134,13:14:28,114.141685,22.550133,0,5
30134,13:15:23,114.13768,22.549767,0,25
30134,13:16:18,114.130318,22.54875,0,49
30134,13:17:13,114.129036,22.548384,0,4
30134,13:18:08,114.125954,22.549183,0,30
30134,13:19:03,114.1259,22.551283,0,13
30134,13:19:58,114.122849,22.555933,0,41
30134,13:20:37,114.122597,22.5564,1,5
30134,13:21:32,114.122086,22.557217,1,1
30134,13:22:27,114.122368,22.557467,1,0
30134,13:23:22,114.119553,22.5604,1,31
30134,13:24:17,114.118103,22.566532,1,45
30134,13:25:12,114.117836,22.57235,1,41
30134,13:26:07,114.115715,22.578768,1,49
30134,13:27:02,114.11235,22.585817,1,56
30134,13:27:57,114.110115,22.5891,1,27
30134,13:28:25,114.109833,22.589434,0,2
30134,13:29:20,114.11158,22.596832,0,56
30134,13:30:08,114.11245,22.596951,1,7
30134,13:31:03,114.112831,22.598949,1,19
30134,13:32:53,114.113152,22.600183,1,0
30134,13:33:48,114.113152,22.600183,1,0
30134,13:34:43,114.110336,22.598482,1,23
30134,13:35:38,114.10762,22.598167,1,17
30134,13:36:33,114.105133,22.597683,1,20
30134,13:37:28,114.102699,22.597717,1,15
30134,13:38:23,114.101051,22.599684,1,19
30134,13:39:18,114.099297,22.603018,1,27
30134,13:40:13,114.099449,22.605217,1,10
30134,13:41:08,114.099449,22.605249,1,0
30134,13:42:03,114.099449,22.605249,1,0
30134,13:42:58,114.099785,22.607018,1,9
30134,13:44:32,114.099831,22.6073,0,11
30134,13:46:22,114.101784,22.597851,0,32
30134,13:47:15,114.102432,22.593283,1,33
30134,13:48:10,114.105614,22.593,1,18
30134,13:49:05,114.106499,22.590366,1,30
30134,13:50:00,114.102814,22.587868,1,29
30134,13:50:55,114.101196,22.5826,1,41
30134,13:51:50,114.099869,22.579218,1,23
30134,13:52:45,114.098465,22.574699,1,34
30134,13:53:40,114.098366,22.570183,1,33
30134,13:54:35,114.102348,22.571817,1,35
30134,13:55:30,114.1092,22.576082,1,54
30134,13:56:25,114.118881,22.576532,1,65
30134,13:57:20,114.1231,22.57605,1,27
30134,13:58:15,114.123779,22.574217,1,13
30134,13:58:18,114.123779,22.574217,0,0
30134,13:59:13,114.121719,22.573933,0,10
30134,14:00:24,114.118118,22.57395,1,21
30134,14:01:19,114.116882,22.577749,1,31
30134,14:02:14,114.112236,22.576599,1,40
30134,14:03:09,114.104469,22.573433,1,58
30134,14:04:04,114.096848,22.5693,1,59
30134,14:04:59,114.093765,22.568184,1,21
30134,14:05:54,114.089851,22.5672,1,27
30134,14:06:49,114.086617,22.566517,1,34
30134,14:07:44,114.087799,22.566467,1,42
30134,14:08:39,114.094681,22.568268,1,47
30134,14:09:34,114.1007,22.571016,1,45
30134,14:10:29,114.099068,22.576851,1,48
30134,14:11:24,114.097969,22.586067,1,69
30134,14:13:14,114.095947,22.605167,1,76
30134,14:14:09,114.091949,22.615383,1,78
30134,14:15:04,114.090034,22.622133,1,48
30134,14:15:59,114.088402,22.634333,1,88
30134,14:16:54,114.091103,22.645918,1,86
30134,14:17:49,114.09182,22.658283,1,91
30134,14:18:44,114.093353,22.66765,1,76
30134,14:19:39,114.084099,22.669083,1,71
30134,14:20:34,114.074951,22.674133,1,72
30134,14:21:29,114.065399,22.676649,1,67
30134,14:22:24,114.056351,22.682016,1,72
30134,14:23:19,114.04528,22.683666,1,75
30134,14:24:14,114.033485,22.683983,1,79
30134,14:25:09,114.021065,22.685484,1,84
30134,14:26:04,114.008232,22.686684,1,86
30134,14:26:59,113.996986,22.69055,1,81
30134,14:27:54,113.985168,22.690233,1,80
30134,14:28:49,113.973114,22.687134,1,84
30134,14:30:20,113.954185,22.682632,1,57
30134,14:31:15,113.943268,22.675568,1,90
30134,14:32:10,113.931602,22.669283,1,90
30134,14:33:06,113.924133,22.662117,1,70
30134,14:34:01,113.913918,22.658983,1,74
30134,14:34:56,113.900887,22.65925,1,87
30134,14:35:51,113.888916,22.65885,1,80
30134,14:36:46,113.876251,22.6569,1,86
30134,14:37:41,113.865181,22.6532,1,80
30134,14:38:36,113.860832,22.642767,1,82
30134,14:39:31,113.859016,22.637167,1,42
30134,14:40:26,113.859016,22.637167,1,0
30134,14:41:21,113.859016,22.637167,1,0
30134,14:42:16,113.859016,22.637167,1,0
30134,14:43:11,113.859016,22.637167,1,0
30134,14:44:06,113.853951,22.630466,1,52
30134,14:45:04,113.850197,22.625982,1,39
30134,14:45:07,113.850266,22.625668,1,40
30134,14:46:05,113.842453,22.62155,1,60
30134,14:46:27,113.838768,22.620567,1,64
30134,14:47:23,113.827736,22.616301,1,79
30134,14:48:18,113.818314,22.61215,1,70
30134,14:49:13,113.813133,22.619682,1,65
30134,14:50:08,113.811447,22.62805,1,66
30134,14:51:03,113.808716,22.627132,1,17
30134,14:51:25,113.808197,22.626783,0,5
30134,14:52:20,113.806068,22.625168,0,18
30134,14:53:15,113.811096,22.615917,0,75
30134,14:54:10,113.817482,22.610001,0,66
30134,14:55:06,113.825203,22.61495,0,63
30134,14:56:01,113.835716,22.619633,0,78
30134,14:56:56,113.846001,22.622417,0,72
30134,14:57:51,113.85067,22.625267,0,37
30134,14:58:46,113.85067,22.625267,0,0
30134,14:59:41,113.85067,22.625267,0,0
30134,15:00:36,113.85067,22.625267,0,0
30134,15:01:31,113.85067,22.625267,0,0
30134,15:02:26,113.853783,22.625767,0,13
30134,15:03:21,113.858482,22.624634,0,32
30134,15:04:16,113.859436,22.62435,0,1
30134,15:05:11,113.860016,22.624166,0,2
30134,15:06:06,113.861168,22.623768,0,1
30134,15:07:01,113.861732,22.623583,0,1
30134,15:07:56,113.862366,22.62335,0,1
30134,15:08:51,113.86348,22.622967,0,2
30134,15:09:46,113.864319,22.622667,0,2
30134,15:10:41,113.864319,22.622667,0,0
30134,15:11:36,113.864319,22.622667,0,0
30134,15:12:31,113.864319,22.622667,0,0
30134,15:13:26,113.864319,22.622667,0,0
30134,15:14:21,113.864319,22.622667,0,0
30134,15:15:16,113.866066,22.622066,0,1
30134,15:16:11,113.866066,22.622066,0,0
30134,15:17:06,113.867287,22.621683,0,1
30134,15:18:01,113.868698,22.621099,0,4
30134,15:18:56,113.868698,22.621099,0,0
30134,15:19:51,113.86972,22.620632,0,1
30134,15:20:46,113.870949,22.619984,0,6
30134,15:21:41,113.871651,22.619568,0,2
30134,15:22:36,113.873299,22.61845,0,9
30134,15:23:31,113.874336,22.617666,0,6
30134,15:24:26,113.875153,22.616966,0,2
30134,15:25:21,113.875603,22.616568,0,1
30134,15:26:16,113.876137,22.616034,0,3
30134,15:27:11,113.876953,22.615183,0,4
30134,15:28:06,113.876953,22.615183,0,0
30134,15:29:01,113.877968,22.613951,0,3
30134,15:29:56,113.878281,22.613533,0,0
30134,15:30:51,113.878914,22.612667,0,3
30134,15:31:46,113.878914,22.612667,0,0
30134,15:32:41,113.878914,22.612667,0,0
30134,15:33:36,113.87915,22.612333,0,0
30134,15:34:31,113.881119,22.60935,0,25
30134,15:35:26,113.88945,22.600634,0,84
30134,15:36:21,113.900864,22.591516,0,101
30134,15:37:12,113.909218,22.582582,0,71
30134,15:38:08,113.917549,22.573618,0,84
30134,15:39:03,113.922432,22.56835,0,53
30134,15:39:58,113.926697,22.565018,0,37
30134,15:40:53,113.929001,22.561783,0,31
30134,15:41:48,113.928566,22.555332,0,46
30134,15:42:43,113.929482,22.554882,0,31
30134,15:43:38,113.929131,22.559834,0,52
30134,15:44:33,113.929031,22.56815,0,60
30134,15:45:28,113.925552,22.576683,0,68
30134,15:46:23,113.928131,22.579166,0,36
30134,15:47:18,113.928398,22.579283,0,0
30134,15:48:13,113.933037,22.583332,0,48
30134,15:49:08,113.939682,22.583433,0,43
30134,15:50:03,113.944153,22.583517,0,28
30134,15:50:58,113.946815,22.583599,0,17
30134,15:51:53,113.947517,22.583616,0,0
30134,15:52:48,113.947517,22.583616,0,0
30134,15:53:43,113.947868,22.583599,0,0
30134,15:54:38,113.947884,22.583599,0,0
30134,15:55:33,113.948799,22.583683,0,0
30134,15:56:28,113.948799,22.583683,0,0
30134,15:57:23,113.949867,22.586233,0,23
30134,15:58:18,113.950302,22.590851,0,34
30134,15:59:13,113.95507,22.593567,0,37
30134,16:00:08,113.957985,22.596132,0,25
30134,16:01:03,113.957985,22.596132,0,0
30134,16:01:58,113.961716,22.597567,0,28
30134,16:02:53,113.962364,22.597982,0,5
30134,16:03:48,113.962364,22.597982,0,0
30134,16:04:43,113.962364,22.597982,0,0
30134,16:05:38,113.962364,22.597982,0,0
30134,16:06:33,113.962364,22.597982,0,0
30134,16:07:28,113.962364,22.597982,0,0
30134,16:08:23,113.962364,22.597982,0,0
30134,16:09:18,113.962364,22.597982,0,0
30134,16:10:13,113.962364,22.597982,0,0
30134,16:11:08,113.962364,22.597982,0,0
30134,16:12:03,113.962364,22.597982,0,0
30134,16:12:58,113.962364,22.597982,0,0
30134,16:13:53,113.962364,22.597982,0,0
30134,16:14:48,113.962364,22.597982,0,0
30134,16:15:43,113.962364,22.597982,0,0
30134,16:16:38,113.962364,22.597982,0,0
30134,16:17:33,113.962364,22.597982,0,0
30134,16:18:28,113.962364,22.597982,0,0
30134,16:19:23,113.962364,22.597982,0,0
30134,16:20:18,113.960434,22.597567,0,13
30134,16:21:13,113.959015,22.597601,0,6
30134,16:22:08,113.95813,22.5965,0,6
30134,16:23:03,113.959152,22.594801,0,17
30134,16:23:58,113.959366,22.593782,0,5
30134,16:24:53,113.959297,22.591534,0,14
30134,16:25:48,113.960167,22.5863,0,38
30134,16:26:43,113.955933,22.583817,0,39
30134,16:27:38,113.953979,22.582451,0,16
30134,16:28:33,113.951714,22.580116,0,21
30134,16:29:28,113.951332,22.579733,0,3
30134,16:30:23,113.951897,22.578751,0,9
30134,16:31:18,113.953018,22.576218,0,20
30134,16:32:13,113.954201,22.5746,0,11
30134,16:33:08,113.956017,22.573133,0,15
30134,16:34:03,113.959167,22.572666,0,20
30134,16:34:58,113.96167,22.571432,0,14
30134,16:35:46,113.962151,22.57085,1,2
30134,16:36:41,113.962151,22.57085,1,0
30134,16:37:36,113.966721,22.568684,1,32
30134,16:38:31,113.968018,22.564716,1,42
30134,16:39:26,113.96698,22.563133,1,12
30134,16:40:21,113.964615,22.559767,1,33
30134,16:41:16,113.961899,22.558268,1,27
30134,16:42:11,113.961121,22.55295,1,38
30134,16:43:06,113.960281,22.547434,1,38
30134,16:45:51,113.965416,22.541067,1,38
30134,16:46:38,113.970383,22.539217,0,41
30134,16:47:33,113.970482,22.53915,0,0
30134,16:48:28,113.973969,22.537783,0,21
30134,16:49:23,113.977852,22.536234,0,27
30134,16:50:16,113.980316,22.536217,1,15
30134,16:51:11,113.983231,22.536118,1,14
30134,16:52:06,113.98465,22.536133,1,5
30134,16:53:01,113.98465,22.536133,1,0
30134,16:53:56,113.987015,22.536066,1,5
30134,16:54:51,113.991364,22.534983,1,29
30134,16:55:46,113.993179,22.531549,1,30
30134,16:56:41,113.993179,22.531549,1,0
30134,16:57:36,113.994003,22.525417,1,43
30134,16:58:31,113.995766,22.528217,1,39
30134,16:59:26,114.004616,22.5298,1,62
30134,17:00:21,114.014366,22.530767,1,66
30134,17:01:16,114.021049,22.532133,1,46
30134,17:04:01,114.049919,22.53125,1,62
30134,17:04:56,114.058167,22.531116,1,56
30134,17:05:51,114.058998,22.528032,1,21
30134,17:06:46,114.059433,22.526617,1,8
30134,17:07:41,114.059753,22.525749,1,4
30134,17:08:36,114.059998,22.524767,1,6
30134,17:09:08,114.060097,22.5238,0,9
30134,17:10:03,114.058884,22.523684,0,5
30134,17:11:53,114.060165,22.523884,0,28
30134,17:12:48,114.060165,22.523884,0,0
30134,17:13:12,114.060249,22.523533,1,2
30134,17:14:07,114.060768,22.521299,1,14
30134,17:15:02,114.060768,22.521299,1,0
30134,17:15:57,114.061798,22.520317,1,8
30134,17:16:52,114.05983,22.517616,1,24
30134,17:17:47,114.058685,22.5168,1,9
30134,17:19:37,114.05703,22.515783,1,6
30134,17:20:32,114.043999,22.5135,1,90
30134,17:21:27,114.030235,22.5194,1,102
30134,17:22:22,114.017517,22.52705,1,102
30134,17:23:17,114.014267,22.534483,1,58
30134,17:24:12,114.010818,22.533899,1,34
30134,17:27:40,114.00647,22.534283,1,32
30134,17:28:35,114.0075,22.534166,1,8
30134,17:29:30,114.012497,22.531782,1,43
30134,17:30:25,114.013832,22.530466,1,36
30134,17:31:20,114.018501,22.531483,1,30
30134,17:32:15,114.024467,22.531218,1,40
30134,17:33:10,114.026131,22.529783,1,14
30134,17:33:31,114.02597,22.529034,0,8
30134,17:34:26,114.026268,22.528334,0,3
30134,17:35:21,114.026764,22.527033,0,8
30134,17:35:23,114.026764,22.527033,1,0
30134,17:36:18,114.029167,22.526951,1,16
30134,17:37:13,114.030731,22.526882,1,9
30134,17:38:08,114.029984,22.528017,1,26
30134,17:39:03,114.026253,22.530399,1,30
30134,17:39:58,114.026253,22.530399,1,0
30134,17:40:53,114.026253,22.530399,1,0
30134,17:41:48,114.026253,22.530399,1,0
30134,17:42:43,114.026253,22.530399,1,0
30134,17:43:38,114.026253,22.530399,1,0
30134,17:44:33,114.025269,22.532766,1,0
30134,17:45:28,114.025169,22.533251,1,1
30134,17:46:23,114.025169,22.533251,1,0
30134,17:47:18,114.024849,22.534349,1,0
30134,17:48:13,114.024384,22.536133,1,5
30134,17:49:08,114.024284,22.539267,1,23
30134,17:50:03,114.027618,22.539932,1,21
30134,17:50:58,114.030083,22.540567,1,13
30134,17:51:53,114.032501,22.540899,1,14
30134,17:53:43,114.035233,22.541451,1,4
30134,17:54:38,114.035233,22.541451,1,0
30134,17:55:33,114.035233,22.541451,1,0
30134,17:56:28,114.035233,22.541451,1,0
30134,17:57:23,114.0355,22.542784,1,10
30134,17:58:18,114.0355,22.542784,1,0
30134,17:59:13,114.035248,22.543783,1,1
30134,18:00:08,114.035248,22.543783,1,0
30134,18:01:03,114.035248,22.543783,1,0
30134,18:01:58,114.035248,22.543783,1,0
30134,18:02:53,114.035248,22.543783,1,0
30134,18:03:49,114.035248,22.543783,1,0
30134,18:04:44,114.035248,22.543783,1,0
30134,18:05:39,114.034851,22.545834,1,4
30134,18:06:34,114.034851,22.545834,1,0
30134,18:07:29,114.034851,22.545834,1,0
30134,18:08:24,114.034782,22.546249,1,0
30134,18:09:19,114.034683,22.547001,1,3
30134,18:10:14,114.034683,22.547001,1,0
30134,18:11:09,114.034531,22.54755,1,1
30134,18:12:04,114.03447,22.547899,1,2
30134,18:12:59,114.03447,22.547899,1,0
30134,18:21:02,114.037331,22.552517,0,1
30134,18:21:15,114.037331,22.552517,1,0
30134,18:22:10,114.039467,22.553467,1,13
30134,18:23:05,114.041267,22.553516,1,10
30134,18:24:00,114.043671,22.553516,1,13
30134,18:24:55,114.043404,22.556417,1,16
30134,18:25:50,114.044067,22.554317,1,16
30134,18:26:45,114.044098,22.55205,1,16
30134,18:27:40,114.044098,22.55205,1,0
30134,18:28:35,114.044098,22.55205,1,0
30134,18:29:30,114.044098,22.55205,1,0
30134,18:30:25,114.044098,22.55205,1,0
30134,18:31:20,114.044098,22.55205,1,0
30134,18:33:10,114.044197,22.549883,1,13
30134,18:34:05,114.044334,22.543318,1,47
30134,18:35:00,114.04377,22.536449,1,52
30134,18:35:55,114.047279,22.53735,1,30
30134,18:36:50,114.047279,22.53735,1,0
30134,18:37:20,114.048264,22.537367,0,8
30134,18:38:15,114.048264,22.537367,0,0
30134,18:38:56,114.049652,22.53735,1,6
30134,18:39:51,114.053101,22.537582,1,18
30134,18:40:46,114.057053,22.537518,1,25
30134,18:41:41,114.0578,22.537483,1,2
30134,18:42:36,114.0578,22.537483,1,0
30134,18:43:31,114.0578,22.537483,1,0
30134,18:44:26,114.062866,22.537201,1,33
30134,18:45:21,114.063065,22.529667,1,54
30134,18:46:16,114.063103,22.52775,1,12
30134,18:47:11,114.063103,22.52775,1,0
30134,18:48:03,114.063187,22.528017,0,12
30134,18:48:58,114.063148,22.529882,0,12
30134,18:49:53,114.063034,22.534283,0,31
30134,18:50:48,114.063049,22.535101,0,5
30134,18:51:43,114.062981,22.535366,0,0
30134,18:52:38,114.06102,22.535534,0,12
30134,18:53:33,114.058296,22.535667,0,16
30134,18:54:17,114.058121,22.537083,1,11
30134,18:55:12,114.063019,22.537718,1,31
30134,18:56:07,114.063103,22.542383,1,33
30134,18:57:02,114.066986,22.542601,1,26
30134,18:57:57,114.068085,22.542017,1,5
30134,18:58:52,114.068901,22.542433,1,4
30134,18:59:47,114.068901,22.542433,1,0
30134,19:00:42,114.068367,22.544718,1,12
30134,19:01:37,114.068069,22.545567,1,3
30134,19:02:32,114.067986,22.546217,1,3
30134,19:03:27,114.068001,22.547318,1,7
30134,19:04:22,114.068001,22.547318,1,0
30134,19:05:17,114.068031,22.549101,1,10
30134,19:06:12,114.068001,22.551132,1,12
30134,19:07:07,114.06797,22.55265,1,8
30134,19:08:02,114.067917,22.554251,1,7
30134,19:08:57,114.067917,22.554251,1,0
30134,19:09:52,114.067902,22.555483,1,2
30134,19:10:47,114.067886,22.5569,1,6
30134,19:11:42,114.067886,22.5569,1,0
30134,19:12:37,114.074203,22.558149,1,45
30134,19:13:32,114.085014,22.558317,1,72
30134,19:14:27,114.0905,22.558384,1,36
30134,19:15:22,114.0905,22.558384,1,0
30134,19:17:12,114.094254,22.558434,1,23
30134,19:18:07,114.096581,22.558416,1,13
30134,19:19:02,114.096581,22.558416,1,0
30134,19:19:57,114.09787,22.558451,1,6
30134,19:20:52,114.097885,22.558451,1,0
30134,19:22:42,114.099281,22.558468,1,6
30134,19:23:37,114.101715,22.558468,1,13
30134,19:24:32,114.102219,22.558483,1,0
30134,19:25:27,114.102417,22.5585,1,1
30134,19:26:22,114.103218,22.55855,1,1
30134,19:27:17,114.103218,22.55855,1,0
30134,19:28:12,114.106369,22.558599,1,18
30134,19:29:07,114.115334,22.55875,1,60
30134,19:30:02,114.120567,22.5581,1,36
30134,19:30:57,114.126434,22.559851,1,45
30134,19:31:52,114.130981,22.561899,1,34
30134,19:32:47,114.134247,22.564632,1,29
30134,19:33:42,114.13607,22.564199,1,17
30134,19:34:09,114.137001,22.565468,0,17
30134,19:35:04,114.137482,22.56525,0,1
30134,19:35:59,114.136765,22.563749,0,9
30134,19:36:54,114.135315,22.566032,0,20
30134,19:37:49,114.132317,22.56255,0,32
30134,19:38:45,114.131966,22.562149,0,2
30134,19:39:40,114.130798,22.560484,0,13
30134,19:40:35,114.129715,22.558916,0,13
30134,19:41:30,114.129715,22.558916,0,0
30134,19:42:25,114.129364,22.558268,0,3
30134,19:43:20,114.12883,22.556,0,17
30134,19:44:15,114.129585,22.5553,0,6
30134,19:45:10,114.130363,22.554132,0,7
30134,19:45:30,114.130363,22.554132,1,0
30134,19:46:25,114.133751,22.55685,1,29
30134,19:47:20,114.132431,22.561567,1,40
30134,19:48:15,114.135399,22.566017,1,40
30134,19:49:10,114.136086,22.566851,1,7
30134,19:50:05,114.137733,22.568701,1,15
30134,19:50:27,114.137733,22.568701,0,0
30134,19:51:22,114.137733,22.568701,0,0
30134,19:52:17,114.137733,22.568701,0,0
30134,19:53:12,114.135086,22.570351,0,19
30134,19:53:25,114.135086,22.570351,1,0
30134,19:54:20,114.134033,22.570999,1,5
30134,19:55:15,114.134033,22.570999,1,0
30134,19:56:10,114.129318,22.571716,1,26
30134,19:58:00,114.125336,22.5702,1,0
30134,19:58:55,114.125519,22.57015,1,2
30134,19:59:50,114.130966,22.572083,1,38
30134,20:00:46,114.132935,22.571417,1,12
30134,20:01:41,114.132935,22.571417,1,0
30134,20:01:57,114.133766,22.570999,0,6
30134,20:02:52,114.134117,22.5707,0,1
30134,20:03:47,114.134117,22.5707,0,0
30134,20:04:05,114.134117,22.5707,1,0
30134,20:05:00,114.137535,22.56885,1,16
30134,20:05:55,114.135834,22.566601,1,21
30134,20:06:50,114.131798,22.562233,1,41
30134,20:07:45,114.123619,22.558332,1,61
30134,20:08:40,114.1166,22.558867,1,56
30134,20:09:35,114.106331,22.558733,1,69
30134,20:10:30,114.100433,22.558683,1,38
30134,20:11:25,114.099266,22.560749,1,20
30134,20:12:20,114.096931,22.561466,1,17
30134,20:13:15,114.094597,22.561567,1,14
30134,20:13:52,114.094566,22.5644,0,25
30134,20:14:47,114.095619,22.56465,0,6
30134,20:14:49,114.095619,22.56465,1,0
30134,20:15:44,114.0989,22.562983,1,31
30134,20:16:39,114.099182,22.561832,1,8
30134,20:17:34,114.099197,22.560682,1,6
30134,20:18:29,114.09922,22.55905,1,11
30134,20:19:24,114.10302,22.558468,1,26
30134,20:20:19,114.10862,22.558599,1,36
30134,20:21:14,114.109802,22.555149,1,46
30134,20:22:09,114.109863,22.551901,1,21
30134,20:23:04,114.10997,22.545017,1,51
30134,20:23:59,114.110382,22.542133,1,18
30134,20:24:54,114.112068,22.542084,1,12
30134,20:25:49,114.113167,22.542233,1,3
30134,20:26:44,114.113167,22.542233,1,0
30134,20:27:39,114.114647,22.542633,1,8
30134,20:28:34,114.116066,22.542282,1,8
30134,20:29:29,114.116135,22.541782,1,2
30134,20:30:24,114.116631,22.540367,1,4
30134,20:30:29,114.116631,22.540367,0,0
30134,20:31:24,114.116631,22.540367,0,0
30134,20:32:19,114.11673,22.540518,0,1
30134,20:33:14,114.11673,22.540518,0,0
30134,20:34:09,114.116417,22.540951,0,0
30134,20:35:04,114.116035,22.542583,0,10
30134,20:35:57,114.114883,22.542749,1,4
30134,20:36:52,114.112083,22.542267,1,16
30134,20:37:47,114.111,22.543501,1,15
30134,20:38:42,114.110229,22.542168,1,17
30134,20:39:37,114.107033,22.541433,1,21
30134,20:40:17,114.106133,22.541433,0,6
30134,20:40:52,114.106133,22.541433,1,0
30134,20:41:47,114.106354,22.538349,1,14
30134,20:42:42,114.102966,22.540583,1,16
30134,20:43:37,114.102631,22.538567,1,14
30134,20:44:32,114.097336,22.53825,1,34
30134,20:45:13,114.090881,22.538168,1,49
30134,20:46:09,114.081268,22.537268,1,64
30134,20:47:04,114.077583,22.532301,1,43
30134,20:47:59,114.07032,22.531967,1,47
30134,20:48:54,114.06768,22.532867,1,30
30134,20:49:49,114.067398,22.5315,1,28
30134,20:50:44,114.071899,22.530451,1,37
30134,20:50:52,114.071899,22.530333,0,5
30134,20:51:47,114.072166,22.529051,0,8
30134,20:52:42,114.072052,22.528517,0,2
30134,20:53:08,114.071815,22.528099,1,7
30134,20:54:03,114.072052,22.528334,1,7
30134,20:54:58,114.072151,22.531267,1,20
30134,20:55:53,114.077919,22.532551,1,42
30134,20:56:48,114.080254,22.53635,1,31
30134,20:57:43,114.081718,22.538918,1,28
30134,20:58:38,114.081535,22.540234,1,8
30134,20:59:33,114.08197,22.5429,1,17
30134,21:00:28,114.087898,22.543217,1,39
30134,21:01:23,114.090515,22.543516,1,18
30134,21:02:18,114.091316,22.545033,1,15
30134,21:03:13,114.091187,22.549618,1,30
30134,21:04:08,114.091187,22.551117,1,10
30134,21:05:03,114.091133,22.55315,1,12
30134,21:05:58,114.091148,22.554632,1,9
30134,21:06:53,114.090347,22.559717,1,37
30134,21:07:48,114.089767,22.560818,1,9
30134,21:08:43,114.088753,22.562983,1,15
30134,21:09:38,114.088799,22.56665,1,32
30134,21:10:33,114.095833,22.568417,1,48
30134,21:11:28,114.102516,22.571733,1,50
30134,21:12:23,114.10817,22.575451,1,46
30134,21:13:19,114.117119,22.576532,1,60
30134,21:14:13,114.123848,22.574368,1,54
30134,21:15:16,114.124252,22.5735,0,0
30134,21:16:11,114.124603,22.572283,0,8
30134,21:17:06,114.124969,22.570351,0,12
30134,21:18:01,114.125252,22.566549,0,27
30134,21:18:56,114.124817,22.564632,0,11
30134,21:19:37,114.12468,22.562901,1,13
30134,21:20:32,114.125053,22.560432,1,12
30134,21:22:22,114.125168,22.559717,1,0
30134,21:24:12,114.131287,22.561951,1,33
30134,21:25:07,114.135086,22.565567,1,36
30134,21:26:02,114.137001,22.567699,1,18
30134,21:26:17,114.137718,22.568567,0,26
30134,21:27:12,114.138168,22.56885,0,3
30134,21:27:27,114.138168,22.56885,1,0
30134,21:29:17,114.134651,22.565283,1,33
30134,21:30:12,114.13163,22.562183,1,30
30134,21:31:07,114.125954,22.559668,1,42
30134,21:32:02,114.12558,22.559483,1,2
30134,21:32:57,114.121185,22.558018,1,34
30134,21:33:52,114.114265,22.558901,1,52
30134,21:34:47,114.104218,22.558718,1,67
30134,21:35:42,114.099617,22.558666,1,30
30134,21:36:37,114.099617,22.558666,1,0
30134,21:37:32,114.099152,22.558701,1,1
30134,21:38:27,114.094635,22.559401,1,34
30134,21:38:31,114.094635,22.559418,0,2
30134,21:39:15,114.094635,22.559418,1,0
30134,21:40:10,114.094597,22.561251,1,10
30134,21:42:00,114.098335,22.569532,1,33
30134,21:42:55,114.102882,22.572001,1,34
30134,21:43:50,114.106964,22.574667,1,33
30134,21:44:45,114.109314,22.576017,1,16
30134,21:45:40,114.114265,22.576433,1,33
30134,21:46:35,114.11657,22.576366,1,12
30134,21:47:30,114.117264,22.575983,1,16
30134,21:48:25,114.114815,22.581167,1,40
30134,21:49:20,114.111786,22.587084,1,47
30134,21:50:15,114.110382,22.594601,1,60
30134,21:52:05,114.117371,22.60475,1,46
30134,21:53:00,114.121284,22.607283,1,32
30134,21:53:55,114.126419,22.610149,1,39
30134,21:54:50,114.129517,22.611082,1,24
30134,21:55:45,114.130051,22.610901,1,3
30134,21:56:40,114.131302,22.6106,1,5
30134,21:57:35,114.134201,22.609983,1,19
30134,21:58:30,114.137497,22.609301,1,21
30134,21:59:25,114.137497,22.609301,1,0
30134,22:00:20,114.138214,22.609283,1,2
30134,22:01:15,114.138153,22.610167,1,0
30134,22:02:10,114.138931,22.611816,1,5
30134,22:03:05,114.13942,22.614983,1,20
30134,22:04:00,114.140266,22.617001,1,12
30134,22:04:55,114.140999,22.617867,1,5
30134,22:05:50,114.140999,22.617867,1,0
30134,22:06:45,114.140999,22.617867,1,0
30134,22:07:40,114.140999,22.617867,1,0
30134,22:07:55,114.141479,22.617683,0,3
30134,22:08:50,114.142067,22.617283,0,3
30134,22:09:45,114.14315,22.615601,0,12
30134,22:10:40,114.14325,22.615433,0,1
30134,22:10:47,114.14325,22.615433,1,0
30134,22:11:42,114.144485,22.614017,1,6
30134,22:12:37,114.145103,22.6115,1,21
30134,22:13:32,114.145248,22.611168,1,2
30134,22:14:27,114.145248,22.611168,1,0
30134,22:15:22,114.145348,22.610033,1,4
30134,22:16:17,114.145348,22.609783,1,0
30134,22:17:12,114.149002,22.608549,1,25
30134,22:18:07,114.152046,22.607849,1,18
30134,22:19:02,114.154564,22.6066,1,36
30134,22:19:57,114.149879,22.601883,1,41
30134,22:23:37,114.139069,22.5756,1,31
30134,22:24:32,114.139069,22.5756,1,0
30134,22:25:27,114.137833,22.56945,1,44
30134,22:26:22,114.134186,22.564882,1,40
30134,22:27:17,114.128647,22.56115,1,46
30134,22:28:12,114.125298,22.559334,1,26
30134,22:29:07,114.125298,22.559334,1,0
30134,22:30:02,114.120499,22.556482,1,36
30134,22:30:57,114.116852,22.550768,1,48
30134,22:31:52,114.116417,22.550234,1,3
30134,22:32:47,114.116814,22.54855,1,12
30134,22:34:37,114.114647,22.546883,1,10
30134,22:35:14,114.114647,22.546883,0,0
30134,22:36:05,114.114647,22.546883,1,0
30134,22:37:00,114.11245,22.546417,1,7
30134,22:37:55,114.110466,22.546583,1,16
30134,22:38:50,114.110046,22.544933,1,23
30134,22:39:45,114.110199,22.54285,1,15
30134,22:40:40,114.11055,22.539618,1,21
30134,22:41:35,114.10688,22.537201,1,36
30134,22:42:30,114.09967,22.538218,1,50
30134,22:43:22,114.089134,22.537783,1,57
30134,22:44:18,114.07943,22.535967,1,66
30134,22:45:13,114.074753,22.5319,1,47
30134,22:46:08,114.064133,22.531733,1,71
30134,22:47:03,114.054649,22.531584,1,63
30134,22:47:58,114.045135,22.531384,1,64
30134,22:48:53,114.033485,22.530216,1,78
30134,22:49:48,114.022316,22.532066,1,76
30134,22:50:43,114.014236,22.5308,1,56
30134,22:51:38,114.003151,22.530132,1,75
30134,22:52:33,113.9935,22.527033,1,70
30134,22:53:29,113.98423,22.523399,1,67
30134,22:54:24,113.972633,22.522932,1,77
30134,22:55:19,113.96093,22.52285,1,78
30134,22:56:14,113.950485,22.523832,1,70
30134,22:57:09,113.939934,22.524517,1,71
30134,22:58:04,113.92942,22.524782,1,70
30134,22:58:59,113.924217,22.526751,1,46
30134,22:59:54,113.92247,22.51935,1,55
30134,23:00:49,113.92215,22.518368,1,7
30134,23:01:44,113.92215,22.518368,1,0
30134,23:02:39,113.920586,22.5124,1,43
30134,23:03:34,113.917152,22.509068,1,44
30134,23:04:29,113.915001,22.5093,1,20
30134,23:05:24,113.91172,22.50745,1,31
30134,23:05:47,113.911682,22.505684,0,30
30134,23:06:42,113.911682,22.505684,0,0
30134,23:07:37,113.911636,22.505716,0,0
30134,23:08:32,113.911766,22.507917,0,15
30134,23:09:27,113.914597,22.508499,0,21
30134,23:10:22,113.914116,22.511566,0,27
30134,23:11:17,113.912468,22.513733,0,14
30134,23:12:12,113.91378,22.517668,0,35
30134,23:13:07,113.916214,22.520149,0,22
30134,23:14:02,113.918282,22.520533,0,17
30134,23:14:07,113.918587,22.520283,1,3
30134,23:15:02,113.918701,22.520149,1,24
30134,23:15:57,113.917969,22.524218,1,33
30134,23:16:52,113.91687,22.5247,1,8
30134,23:17:47,113.914581,22.525351,1,15
30134,23:18:42,113.916283,22.527267,1,17
30134,23:19:37,113.92112,22.52635,1,32
30134,23:20:32,113.929665,22.524567,1,58
30134,23:21:27,113.939415,22.524384,1,65
30134,23:22:22,113.947998,22.522333,1,62
30134,23:23:17,113.95002,22.530832,1,65
30134,23:24:12,113.951668,22.537483,1,50
30134,23:25:07,113.954269,22.544067,1,50
30134,23:26:02,113.953201,22.554268,1,76
30134,23:26:57,113.953033,22.563,1,63
30134,23:27:52,113.957336,22.563534,1,35
30134,23:28:47,113.966515,22.567516,1,76
30134,23:30:37,113.97377,22.586132,1,78
30134,23:31:32,113.985229,22.586317,1,77
30134,23:32:27,113.995232,22.588833,1,70
30134,23:33:22,114.004799,22.590651,1,66
30134,23:37:02,114.012299,22.568466,1,15
30134,23:40:42,114.019501,22.592533,1,55
30134,23:41:37,114.03035,22.594851,1,75
30134,23:42:32,114.04142,22.592501,1,76
30134,23:43:27,114.04995,22.5923,1,68
30134,23:44:22,114.0467,22.597883,1,54
30134,23:46:12,114.0448,22.611401,1,42
30134,23:47:07,114.043114,22.624132,1,92
30134,23:48:02,114.045547,22.6369,1,95
30134,23:48:57,114.049965,22.648767,1,92
30134,23:49:52,114.049301,22.66165,1,93
30134,23:50:47,114.048668,22.674467,1,92
30134,23:51:42,114.050964,22.684217,1,76
30134,23:52:37,114.042381,22.684017,1,65
30134,23:53:32,114.029099,22.684134,1,88
