36348,00:04:49,114.111099,22.600483,1,22
36348,00:09:49,114.118164,22.565117,1,78
36348,00:16:18,114.123779,22.541134,0,60
36348,00:24:55,114.137115,22.550768,1,82
36348,00:34:55,114.148232,22.555866,0,93
36348,00:39:56,114.119118,22.538,0,38
36348,00:54:56,114.116081,22.549067,1,85
36348,01:04:56,114.122833,22.578917,0,38
36348,01:09:56,114.124817,22.558968,0,44
36348,01:14:56,114.124352,22.549032,0,2
36348,01:19:56,114.12442,22.549282,0,0
36348,01:24:56,114.124603,22.549183,0,0
36348,01:29:56,114.122086,22.552017,0,6
36348,01:34:57,114.112152,22.554501,1,68
36348,01:39:57,114.104301,22.54915,1,17
36348,01:45:35,114.114532,22.546034,1,55
36348,01:50:04,114.115463,22.539267,0,11
36348,02:05:05,114.110886,22.556932,1,62
36348,02:10:05,114.09465,22.559883,1,8
36348,02:20:05,114.032829,22.5571,1,44
36348,02:25:05,114.036217,22.560583,0,5
36348,02:30:05,114.049431,22.561216,0,33
36348,02:35:06,114.075966,22.551416,1,7
36348,02:40:06,114.101814,22.5585,1,74
36348,02:45:06,114.12233,22.561934,0,15
36348,02:50:06,114.130951,22.550934,1,28
36348,02:55:06,114.126068,22.5473,0,0
36348,03:00:06,114.119286,22.540167,0,4
36348,03:05:06,114.119835,22.540483,0,0
36348,03:10:06,114.120285,22.539568,1,3
36348,03:15:07,114.120132,22.540251,0,0
36348,03:20:07,114.11985,22.541018,0,0
36348,03:25:07,114.119949,22.5406,0,0
36348,03:30:07,114.120064,22.540649,0,0
36348,03:35:08,114.120064,22.541433,1,0
36348,03:40:08,114.119118,22.547667,0,2
36348,03:45:08,114.117081,22.55105,0,12
36348,03:50:08,114.12188,22.563334,0,0
36348,03:55:08,114.12178,22.563232,0,0
36348,04:00:08,114.121964,22.563601,0,0
36348,04:05:08,114.121849,22.563383,0,0
36348,04:10:08,114.121552,22.562883,0,0
36348,04:15:08,114.121964,22.563417,0,0
36348,04:20:08,114.124184,22.558649,0,49
36348,04:25:08,114.11792,22.543568,0,11
36348,04:30:08,114.118034,22.543583,0,0
36348,04:35:09,114.115334,22.539101,1,47
36348,04:39:20,114.070198,22.531799,1,81
36348,04:40:16,114.057564,22.531567,1,86
36348,04:45:16,114.011185,22.538816,1,32
36348,04:50:16,114.006218,22.539583,0,20
36348,04:55:16,114.012398,22.532049,0,59
36348,05:00:16,114.033684,22.529949,0,57
36348,05:05:16,114.077286,22.531918,0,58
36348,05:10:16,114.090736,22.543234,0,33
36348,05:16:16,114.117065,22.539433,0,0
36348,05:20:23,114.114632,22.53845,0,24
36348,05:35:22,114.119965,22.539118,0,2
36348,05:42:09,114.081467,22.540367,1,15
36348,05:45:31,114.076202,22.545134,1,0
36348,05:50:31,114.076385,22.55415,0,2
36348,05:55:31,114.092148,22.55175,0,54
36348,06:01:07,114.11702,22.551367,1,0
36348,06:05:39,114.120514,22.544117,0,11
36348,06:10:39,114.113297,22.542433,1,17
36348,06:15:39,114.102348,22.541149,1,18
36348,06:20:45,114.110916,22.544666,0,50
36348,06:20:46,114.110916,22.544666,0,50
36348,06:25:46,114.122482,22.550333,0,0
36348,06:30:46,114.122482,22.550333,0,0
36348,06:35:46,114.11647,22.546383,1,51
36348,06:40:46,114.111618,22.531918,1,38
36348,06:45:46,114.142036,22.555683,0,61
36348,06:46:17,114.149467,22.556017,0,99
36348,06:46:21,114.150497,22.556217,0,101
36348,06:50:47,114.1735,22.56205,0,0
36348,06:55:47,114.173882,22.562017,0,0
36348,07:00:47,114.173851,22.561916,0,0
36348,07:05:47,114.178932,22.55825,0,0
36348,07:10:47,114.178169,22.55685,0,0
36348,07:15:47,114.178131,22.556816,0,0
36348,07:20:47,114.178551,22.556482,0,0
36348,07:25:47,114.178001,22.556883,0,0
36348,07:30:47,114.1782,22.556618,0,0
36348,07:35:47,114.178131,22.556749,0,0
36348,07:40:47,114.178146,22.556749,0,0
36348,07:45:47,114.178101,22.556932,0,0
36348,07:50:47,114.178146,22.556767,0,0
36348,07:55:47,114.17823,22.556932,0,0
36348,08:00:47,114.178116,22.556816,0,0
36348,08:05:47,114.178116,22.556816,0,0
36348,08:10:47,114.17807,22.556717,0,0
36348,08:15:47,114.17807,22.556717,0,0
36348,08:20:47,114.178116,22.556683,0,0
36348,08:25:47,114.178017,22.556667,0,3
36348,08:30:47,114.178017,22.556667,0,0
36348,08:35:48,114.178314,22.556566,0,0
36348,08:40:47,114.1782,22.556601,0,0
36348,08:45:47,114.1782,22.556601,0,0
36348,08:50:48,114.1782,22.556633,0,0
36348,08:55:47,114.17807,22.556383,0,4
36348,09:00:47,114.178131,22.556667,0,5
36348,09:05:47,114.178215,22.556883,0,0
36348,09:10:47,114.178215,22.556801,0,0
36348,09:15:47,114.1782,22.556816,0,0
36348,09:20:47,114.177818,22.557083,0,4
36348,09:25:49,114.17643,22.56105,1,58
36348,09:30:48,114.137604,22.552,1,8
36348,09:35:48,114.117218,22.545067,1,15
36348,09:40:48,114.117165,22.541933,0,3
36348,09:45:52,114.126053,22.545799,1,46
36348,09:50:49,114.117798,22.570101,1,47
36348,09:55:49,114.117119,22.588882,1,46
36348,10:00:52,114.119736,22.593,1,46
36348,10:05:49,114.11187,22.584818,1,6
36348,10:10:49,114.117516,22.569134,1,35
36348,10:15:49,114.125633,22.549833,1,0
36348,10:20:49,114.137299,22.550783,0,0
36348,10:25:50,114.126198,22.548018,1,0
36348,10:30:50,114.120483,22.555634,1,23
36348,10:35:50,114.124702,22.553682,0,20
36348,10:41:08,114.114601,22.558916,1,70
36348,10:45:53,114.095482,22.558533,1,68
36348,10:51:09,114.067749,22.558083,0,23
36348,10:55:54,114.063065,22.551416,1,0
36348,11:01:25,114.063103,22.524767,1,26
36348,11:06:01,114.051064,22.518232,1,15
36348,11:11:01,114.021103,22.52515,1,63
36348,11:16:01,114.030548,22.519833,0,57
36348,11:21:04,114.04335,22.512632,1,41
36348,11:26:01,114.041969,22.512833,1,15
36348,11:31:02,114.05085,22.517933,1,0
36348,11:36:01,114.039314,22.522699,1,17
36348,11:41:15,114.027718,22.529133,1,70
36348,11:46:01,114.013481,22.566351,1,51
36348,11:51:01,114.011864,22.603649,1,72
36348,11:56:01,114.018715,22.633249,1,34
36348,12:01:06,114.017418,22.632099,1,0
36348,12:01:06,114.017418,22.632099,0,0
36348,12:06:02,114.017433,22.620033,1,0
36348,12:11:03,114.031036,22.616383,0,62
36348,12:16:05,114.042099,22.603001,0,33
36348,12:21:16,114.054153,22.608017,1,0
36348,12:26:05,114.054466,22.608217,0,12
36348,12:32:11,114.034714,22.616133,0,37
36348,12:36:13,114.032799,22.6145,0,0
36348,12:56:14,114.027832,22.609318,1,53
36348,13:01:14,114.049881,22.589567,1,49
36348,13:06:14,114.054451,22.571449,1,0
36348,13:11:14,114.038536,22.57295,0,0
36348,13:16:15,114.042831,22.567383,0,0
36348,13:21:15,114.06015,22.569349,1,26
36348,13:26:15,114.051765,22.588682,1,48
36348,13:31:15,114.026299,22.6117,1,13
36348,13:51:16,114.006348,22.590549,1,72
36348,13:56:16,113.965599,22.565968,1,83
36348,14:01:16,113.954636,22.548033,1,50
36348,14:06:16,113.940552,22.539932,1,0
36348,14:11:16,113.939346,22.543083,1,38
36348,14:16:17,113.919716,22.543118,1,13
36348,14:21:17,113.9151,22.541082,0,28
36348,14:26:17,113.919685,22.543016,0,36
36348,14:31:17,113.934166,22.545567,0,0
36348,14:36:17,113.934166,22.545567,0,0
36348,14:41:17,113.936798,22.546034,0,0
36348,14:46:17,113.926903,22.542883,1,33
36348,14:51:17,113.921967,22.517151,1,20
36348,14:56:18,113.919548,22.509317,1,17
36348,15:01:18,113.919769,22.498167,1,48
36348,15:06:18,113.928452,22.497932,0,0
36348,15:11:19,113.927299,22.508682,1,32
36348,15:16:19,113.922417,22.517967,1,5
36348,15:21:19,113.918182,22.525084,1,0
36348,15:26:19,113.918419,22.526667,1,0
36348,15:31:19,113.910004,22.525999,1,2
36348,15:36:19,113.903549,22.530434,0,11
36348,15:41:19,113.910454,22.535084,0,0
36348,15:46:19,113.917953,22.543034,0,0
36348,15:51:19,113.940765,22.542683,0,61
36348,15:56:19,113.961136,22.542717,0,48
36348,16:01:33,113.980484,22.536066,0,0
36348,16:06:21,113.992867,22.532833,1,2
36348,16:11:24,113.976517,22.523216,1,69
36348,16:16:24,113.933815,22.5221,1,31
36348,16:21:24,113.928452,22.517782,1,28
36348,16:26:24,113.922668,22.518,1,0
36348,16:31:24,113.90522,22.515717,1,0
36348,16:36:24,113.897484,22.510599,1,45
36348,16:41:24,113.898567,22.5114,0,1
36348,16:46:24,113.899597,22.512617,0,0
36348,16:51:24,113.909821,22.525984,0,30
36348,16:56:25,113.914314,22.5354,0,27
36348,17:01:25,113.91703,22.5431,1,14
36348,17:06:25,113.941719,22.542833,1,71
36348,17:11:25,113.960533,22.538349,1,0
36348,17:16:25,113.971901,22.530199,0,49
36348,17:21:25,113.993301,22.525017,0,44
36348,17:26:26,114.019882,22.5317,1,19
36348,17:31:26,114.029617,22.521967,1,13
36348,17:36:26,114.03495,22.530199,0,5
36348,17:41:27,114.047264,22.5373,0,0
36348,17:46:27,114.057716,22.537434,0,0
36348,17:53:49,114.067131,22.527399,1,50
36348,17:56:49,114.068451,22.529449,1,4
36348,18:01:49,114.072182,22.531651,1,7
36348,18:06:49,114.079384,22.535133,1,10
36348,18:11:51,114.090134,22.537649,1,12
36348,18:21:51,114.10202,22.537951,1,8
36348,18:25:58,114.111031,22.533983,1,43
36348,18:25:58,114.111031,22.533983,0,43
36348,18:26:58,114.114929,22.532267,1,47
36348,18:31:59,114.129669,22.546049,1,26
36348,18:37:01,114.135414,22.549032,0,25
36348,18:52:12,114.126152,22.547817,0,0
36348,18:54:43,114.126282,22.548033,0,0
36348,18:59:33,114.128433,22.548201,0,0
36348,19:02:59,114.137215,22.550751,0,26
36348,19:07:59,114.1604,22.56225,0,70
36348,19:12:59,114.183418,22.556133,0,41
36348,19:17:59,114.162735,22.564333,0,20
36348,19:23:00,114.140564,22.558983,1,37
36348,19:28:00,114.12262,22.57935,1,13
36348,19:33:01,114.1213,22.576967,1,48
36348,19:38:03,114.099403,22.559299,1,32
36348,19:43:01,114.069817,22.569483,1,56
36348,19:48:02,114.050018,22.589983,1,71
36348,19:53:02,114.045998,22.629084,1,6
36348,19:58:02,114.046097,22.632401,0,22
36348,20:03:02,114.033684,22.633801,0,0
36348,20:08:02,114.032265,22.63315,0,18
36348,20:13:02,114.035271,22.622084,0,9
36348,20:18:02,114.043282,22.6028,1,16
36348,20:23:02,114.067482,22.569483,1,71
36348,20:28:02,114.06752,22.54215,1,60
36348,20:33:02,114.080536,22.536484,1,22
36348,20:38:02,114.096748,22.537867,1,12
36348,20:43:02,114.103851,22.537617,1,41
36348,20:46:37,114.111847,22.530701,0,21
36348,20:48:09,114.111099,22.5364,1,27
36348,20:53:09,114.110535,22.547083,1,3
36348,20:58:09,114.11422,22.575768,1,45
36348,21:03:09,114.097771,22.58765,1,79
36348,21:08:09,114.104446,22.609449,1,11
36348,21:13:09,114.101067,22.612118,0,0
36348,21:18:09,114.1045,22.609768,0,0
36348,21:23:13,114.098381,22.59655,1,90
36348,21:28:10,114.08847,22.566799,1,65
36348,21:33:10,114.067833,22.54925,1,29
36348,21:38:10,114.076416,22.531601,1,3
36348,21:43:11,114.081703,22.538767,1,14
36348,21:48:11,114.049065,22.531668,1,44
36348,21:53:11,114.043999,22.54225,0,26
36348,21:58:12,114.042732,22.533583,0,0
36348,22:03:14,114.047852,22.533167,1,40
36348,22:08:12,114.042503,22.527283,1,22
36348,22:13:12,114.053497,22.535133,0,3
36348,22:18:13,114.062485,22.540449,1,54
36348,22:23:13,114.045448,22.550882,1,56
36348,22:28:13,114.04055,22.568501,1,0
36348,22:33:13,114.03833,22.572733,0,39
36348,22:38:14,114.053802,22.570999,1,17
36348,22:43:14,114.07003,22.569317,1,66
36348,22:48:14,114.099831,22.58115,1,60
36348,22:53:14,114.10157,22.59845,1,38
36348,22:58:14,114.111786,22.600067,1,5
36348,23:03:15,114.112221,22.601032,1,0
36348,23:08:15,114.117882,22.566633,0,56
36348,23:13:33,114.134567,22.549282,1,62
36348,23:13:34,114.134567,22.549282,1,62
36348,23:15:48,114.149002,22.555849,0,99
36348,23:18:22,114.180267,22.557983,1,87
36348,23:33:22,114.303802,22.613951,1,6
36348,23:38:23,114.304115,22.598101,0,21
36348,23:43:23,114.300964,22.594482,0,0
36348,23:48:23,114.300964,22.594482,0,0
36348,23:53:23,114.300964,22.594482,0,0
