22761,00:08:07,114.041054,22.604168,0,0
22761,00:10:04,114.041054,22.604168,0,0
22761,00:13:27,114.041054,22.604168,0,0
22761,00:24:01,114.041054,22.604168,0,0
22761,00:34:37,114.041054,22.604168,0,0
22761,00:45:12,114.041054,22.604168,0,0
22761,00:55:47,114.041054,22.604168,0,0
22761,01:06:22,114.041054,22.604168,0,0
22761,01:16:57,114.041054,22.604168,0,0
22761,01:27:31,114.041054,22.604168,0,0
22761,01:33:36,114.078369,22.534433,0,44
22761,01:39:40,114.057114,22.528482,0,0
22761,01:43:39,114.057114,22.528482,0,0
22761,01:48:39,114.057114,22.528482,0,0
22761,01:53:39,114.057114,22.528482,0,0
22761,01:58:39,114.057114,22.528482,0,0
22761,02:03:39,114.057098,22.5285,0,0
22761,02:08:39,114.057098,22.5285,0,0
22761,02:13:39,114.056885,22.528534,0,0
22761,02:18:39,114.056885,22.528534,0,0
22761,02:23:39,114.056885,22.528534,0,0
22761,02:28:39,114.056885,22.528534,0,0
22761,02:33:39,114.056885,22.528534,0,0
22761,02:38:39,114.056885,22.528534,0,0
22761,02:43:39,114.056885,22.528534,0,0
22761,02:48:39,114.056885,22.528534,0,0
22761,02:53:39,114.056969,22.528584,0,0
22761,02:58:39,114.057014,22.528482,0,0
22761,03:03:39,114.057014,22.528482,0,0
22761,03:08:39,114.056984,22.528618,0,0
22761,03:13:39,114.0569,22.528601,0,0
22761,03:18:39,114.056915,22.528566,0,0
22761,03:23:39,114.056915,22.528566,0,0
22761,03:28:39,114.056915,22.528566,0,0
22761,03:33:39,114.056915,22.528566,0,0
22761,03:38:39,114.056915,22.528566,0,0
22761,03:43:39,114.056915,22.528566,0,0
22761,03:48:39,114.056915,22.528566,0,0
22761,03:53:39,114.056915,22.528566,0,0
22761,03:58:39,114.056915,22.528566,0,0
22761,04:03:39,114.056915,22.528566,0,0
22761,04:08:39,114.056915,22.528566,0,0
22761,04:13:39,114.056915,22.528566,0,0
22761,04:18:39,114.056915,22.528566,0,0
22761,04:23:39,114.056915,22.528566,0,0
22761,04:28:39,114.056915,22.528566,0,0
22761,04:33:39,114.056915,22.528566,0,0
22761,04:38:39,114.057114,22.528584,0,0
22761,04:43:39,114.057114,22.528584,0,0
22761,04:48:39,114.057114,22.528584,0,0
22761,04:53:39,114.056953,22.528517,0,0
22761,04:58:39,114.056953,22.528517,0,0
22761,05:03:39,114.056953,22.528517,0,0
22761,05:08:39,114.056953,22.528517,0,0
22761,05:13:39,114.056953,22.528517,0,0
22761,05:18:39,114.0569,22.528467,0,0
22761,05:23:39,114.056953,22.528517,0,0
22761,05:28:39,114.056953,22.528517,0,0
22761,05:33:39,114.057053,22.528467,0,0
22761,05:38:39,114.057053,22.528467,0,0
22761,05:43:39,114.056999,22.528566,0,0
22761,05:48:39,114.056999,22.528566,0,0
22761,05:53:43,114.057983,22.527651,0,7
22761,05:58:39,114.058266,22.527451,0,0
22761,06:09:12,114.058266,22.527451,0,0
22761,06:19:47,114.058266,22.527451,0,0
22761,06:28:59,114.041519,22.562983,1,59
22761,06:30:22,114.058266,22.527451,0,0
22761,06:39:31,114.041519,22.562983,1,0
22761,06:50:07,114.041519,22.562983,1,0
22761,06:53:31,114.043098,22.600983,0,0
22761,06:53:48,114.043114,22.600918,0,0
22761,06:58:48,114.042816,22.60075,0,0
22761,07:09:22,114.042816,22.60075,0,0
22761,07:19:57,114.042816,22.60075,0,0
22761,07:22:34,114.062653,22.534117,0,0
22761,07:28:01,114.062469,22.534033,0,0
22761,07:32:00,114.062332,22.534149,0,6
22761,07:33:55,114.062416,22.534082,0,0
22761,07:44:27,114.062416,22.534082,0,0
22761,07:55:01,114.062416,22.534082,0,0
22761,08:05:37,114.062416,22.534082,0,0
22761,08:16:12,114.062416,22.534082,0,0
22761,08:26:47,114.062416,22.534082,0,0
22761,08:37:22,114.062416,22.534082,0,0
22761,08:47:57,114.062416,22.534082,0,0
22761,08:58:31,114.062416,22.534082,0,0
22761,09:09:07,114.062416,22.534082,0,0
22761,09:19:42,114.062416,22.534082,0,0
22761,09:30:17,114.062416,22.534082,0,0
22761,09:40:52,114.062416,22.534082,0,0
22761,09:51:27,114.062416,22.534082,0,0
22761,09:51:39,113.813499,22.623817,1,9
22761,09:52:51,113.813515,22.623817,1,0
22761,09:54:07,113.813515,22.623817,1,0
22761,09:59:07,113.813515,22.623817,1,0
22761,10:09:42,113.813515,22.623817,1,0
22761,10:20:17,113.813515,22.623817,1,0
22761,10:30:52,113.813515,22.623817,1,0
22761,10:41:27,113.813515,22.623817,1,0
22761,10:52:01,113.813515,22.623817,1,0
22761,11:02:37,113.813515,22.623817,1,0
22761,11:12:42,114.114929,22.534817,1,27
22761,11:13:12,113.813515,22.623817,1,0
22761,11:23:17,114.114929,22.534817,1,0
22761,11:33:52,114.114929,22.534817,1,0
22761,11:34:06,114.081596,22.539682,1,0
22761,11:44:37,114.081596,22.539682,1,0
22761,11:55:12,114.081596,22.539682,1,0
22761,12:05:47,114.081596,22.539682,1,0
22761,12:06:25,114.118034,22.539717,1,7
22761,12:16:54,114.116852,22.548067,1,11
22761,12:16:57,114.118034,22.539717,1,0
22761,12:27:27,114.116852,22.548067,1,0
22761,12:38:01,114.116852,22.548067,1,0
22761,12:48:37,114.116852,22.548067,1,0
22761,12:49:58,114.054115,22.523916,1,0
22761,12:54:58,114.054115,22.523916,1,0
22761,12:59:58,114.054115,22.523916,1,0
22761,13:04:58,114.054115,22.523916,1,0
22761,13:09:58,114.054115,22.523983,1,0
22761,13:14:58,114.054398,22.5242,1,0
22761,13:19:58,114.054337,22.523899,1,0
22761,13:24:58,114.054337,22.523899,1,0
22761,13:29:58,114.054153,22.523884,1,0
22761,13:40:31,114.054153,22.523884,1,0
22761,13:51:07,114.054153,22.523884,1,0
22761,13:54:42,114.065483,22.524166,0,54
22761,14:05:17,114.065483,22.524166,0,0
22761,14:15:52,114.065483,22.524166,0,0
22761,14:18:14,114.077499,22.532766,1,33
22761,14:28:47,114.077499,22.532766,1,0
22761,14:39:22,114.077499,22.532766,1,0
22761,14:49:57,114.077499,22.532766,1,0
22761,15:00:31,114.077499,22.532766,1,0
22761,15:11:07,114.077499,22.532766,1,0
22761,15:19:07,114.0326,22.61475,0,0
22761,15:21:42,114.077499,22.532766,1,0
22761,15:29:42,114.0326,22.61475,0,0
22761,15:40:17,114.0326,22.61475,0,0
22761,15:50:52,114.0326,22.61475,0,0
22761,16:01:27,114.0326,22.61475,0,0
22761,16:12:02,114.0326,22.61475,0,0
22761,16:22:37,114.0326,22.61475,0,0
22761,16:31:00,114.092415,22.567583,1,37
22761,16:33:12,114.0326,22.61475,0,0
22761,16:41:32,114.092415,22.567583,1,0
22761,16:52:07,114.092415,22.567583,1,0
22761,16:57:45,114.107719,22.575884,0,0
22761,17:08:17,114.107719,22.575884,0,0
22761,17:15:29,114.068535,22.551149,1,0
22761,17:23:22,114.063133,22.525049,1,15
22761,17:33:57,114.063133,22.525049,1,0
22761,17:44:33,114.063133,22.525049,1,0
22761,17:52:30,114.051537,22.527451,0,1
22761,17:55:07,114.063133,22.525049,1,0
22761,18:03:03,114.051537,22.527451,0,0
22761,18:13:37,114.051537,22.527451,0,0
22761,18:24:12,114.051537,22.527451,0,0
22761,18:34:47,114.051537,22.527451,0,0
22761,18:37:07,114.051537,22.527399,0,8
22761,18:41:31,114.051552,22.527416,0,0
22761,18:46:31,114.051697,22.527433,0,0
22761,18:51:31,114.051636,22.527666,0,0
22761,18:56:31,114.051849,22.527918,0,0
22761,19:07:03,114.051849,22.527918,0,0
22761,19:17:37,114.051849,22.527918,0,0
22761,19:28:07,114.062019,22.535534,0,52
22761,19:28:12,114.051849,22.527918,0,0
22761,19:38:42,114.062019,22.535534,0,0
22761,19:49:17,114.062019,22.535534,0,0
22761,19:53:44,114.116814,22.546417,0,0
22761,20:04:17,114.116814,22.546417,0,0
22761,20:14:52,114.116814,22.546417,0,0
22761,20:25:28,114.116814,22.546417,0,0
22761,20:36:03,114.116814,22.546417,0,0
22761,20:40:29,114.077301,22.532167,0,35
22761,20:51:03,114.077301,22.532167,0,0
22761,20:52:05,114.061867,22.520184,0,40
22761,21:02:37,114.061867,22.520184,0,0
22761,21:13:12,114.061867,22.520184,0,0
22761,21:21:18,114.117264,22.539232,0,6
22761,21:23:47,114.061867,22.520184,0,0
22761,21:31:52,114.117264,22.539232,0,0
22761,21:42:28,114.117264,22.539232,0,0
22761,21:53:03,114.117264,22.539232,0,0
22761,22:03:37,114.117264,22.539232,0,0
22761,22:14:12,114.117264,22.539232,0,0
22761,22:20:52,114.102936,22.547167,1,25
22761,22:31:28,114.102936,22.547167,1,0
22761,22:33:00,114.105766,22.537033,1,7
22761,22:36:40,114.128998,22.543818,1,26
22761,22:47:12,114.128998,22.543818,1,0
22761,22:57:47,114.128998,22.543818,1,0
22761,23:08:22,114.128998,22.543818,1,0
22761,23:18:58,114.128998,22.543818,1,0
22761,23:21:50,114.179199,22.559116,0,75
22761,23:31:34,114.136467,22.550182,0,67
22761,23:32:22,114.179199,22.559116,0,0
22761,23:38:30,114.072136,22.531816,1,75
22761,23:49:03,114.072136,22.531816,1,0
