27673,00:02:45,114.077721,22.543118,0,14
27673,00:03:11,114.077721,22.543118,1,0
27673,00:04:06,114.076202,22.545151,1,22
27673,00:05:01,114.076065,22.547951,1,17
27673,00:05:56,114.076118,22.550383,1,14
27673,00:06:54,114.076118,22.551167,1,0
27673,00:07:49,114.080101,22.556633,1,46
27673,00:08:44,114.08638,22.565367,1,75
27673,00:09:39,114.096199,22.568768,1,71
27673,00:10:34,114.106186,22.574217,1,77
27673,00:11:32,114.115364,22.576433,1,33
27673,00:12:27,114.116669,22.576866,1,38
27673,00:13:22,114.112434,22.585667,1,70
27673,00:14:17,114.109901,22.593651,1,64
27673,00:15:12,114.11528,22.602318,1,72
27673,00:16:10,114.12413,22.608833,1,57
27673,00:17:05,114.128914,22.612682,1,46
27673,00:18:00,114.123634,22.614849,1,39
27673,00:18:55,114.119583,22.620632,1,52
27673,00:19:09,114.119751,22.621166,0,15
27673,00:20:08,114.11972,22.621166,0,0
27673,00:20:22,114.119148,22.620083,0,25
27673,00:21:21,114.117348,22.62075,0,27
27673,00:22:16,114.123833,22.614582,0,63
27673,00:23:11,114.125336,22.609882,0,50
27673,00:24:06,114.11908,22.606518,0,48
27673,00:25:01,114.115402,22.602682,0,36
27673,00:26:00,114.117203,22.600451,0,11
27673,00:26:42,114.119217,22.597883,0,38
27673,00:27:38,114.119698,22.596533,0,8
27673,00:27:39,114.119698,22.596533,0,8
27673,00:27:40,114.119698,22.596533,0,8
27673,00:27:41,114.119698,22.596533,0,8
27673,00:27:42,114.119698,22.596533,0,8
27673,00:27:43,114.119698,22.596533,0,8
27673,00:27:44,114.119698,22.596533,0,8
27673,00:27:45,114.119698,22.596533,0,8
27673,00:27:46,114.119698,22.596533,0,8
27673,00:27:47,114.119698,22.596533,0,8
27673,01:02:35,114.039268,22.613083,0,0
27673,01:04:32,114.039268,22.613083,0,0
27673,01:05:27,114.039719,22.612267,0,5
27673,01:06:22,114.040451,22.608601,0,27
27673,01:07:17,114.036568,22.610001,0,35
27673,01:08:15,114.032547,22.61475,0,18
27673,01:09:11,114.032547,22.61475,0,0
27673,01:10:06,114.034149,22.6126,0,20
27673,01:11:01,114.038071,22.6078,0,43
27673,01:11:56,114.038651,22.607117,0,4
27673,01:12:54,114.041969,22.602966,0,21
27673,01:13:49,114.041153,22.599966,0,28
27673,01:14:44,114.041153,22.599966,0,0
27673,01:15:30,114.040451,22.601151,1,8
27673,01:16:25,114.040283,22.605433,1,38
27673,01:17:23,114.038879,22.60725,1,0
27673,01:18:18,114.036819,22.609783,1,21
27673,01:19:13,114.035866,22.611549,1,13
27673,01:20:08,114.038696,22.613968,1,25
27673,01:21:39,114.040619,22.609068,1,20
27673,01:21:40,114.040619,22.609068,1,20
27673,01:21:41,114.040619,22.609068,1,20
27673,01:21:42,114.040619,22.609068,1,20
27673,01:21:43,114.040619,22.609068,1,20
27673,01:21:44,114.040619,22.609068,1,20
27673,01:21:45,114.040619,22.609068,1,20
27673,01:43:09,114.043602,22.600433,0,0
27673,01:44:07,114.043602,22.600416,0,0
27673,01:45:02,114.043602,22.600416,0,0
27673,01:45:57,114.043602,22.600416,0,0
27673,01:46:52,114.043602,22.600416,0,0
27673,01:47:47,114.043602,22.600416,0,0
27673,01:48:45,114.043602,22.600416,0,0
27673,01:49:40,114.043602,22.600416,0,0
27673,01:50:35,114.043602,22.600416,0,0
27673,01:51:30,114.043602,22.600416,0,0
27673,01:52:25,114.043602,22.600416,0,0
27673,01:53:24,114.043602,22.600416,0,0
27673,01:54:19,114.043602,22.600416,0,0
27673,01:55:14,114.043602,22.600416,0,0
27673,01:56:09,114.043602,22.600416,0,0
27673,01:57:07,114.043671,22.600267,0,0
27673,01:58:02,114.043968,22.598482,0,12
27673,01:58:57,114.04818,22.592583,0,53
27673,01:59:52,114.0532,22.585133,0,65
27673,02:00:47,114.059364,22.57815,0,71
27673,02:01:46,114.067398,22.573351,0,51
27673,02:02:14,114.06752,22.5693,0,57
27673,02:04:11,114.075279,22.558117,0,27
27673,02:04:25,114.07753,22.558132,0,58
27673,02:04:26,114.07753,22.558132,0,58
27673,02:07:02,114.089302,22.554182,0,16
27673,02:07:57,114.094147,22.55435,0,31
27673,02:08:52,114.096603,22.555067,0,15
27673,02:09:47,114.098885,22.555183,0,14
27673,02:10:42,114.098885,22.555183,0,0
27673,02:11:40,114.10218,22.556168,0,21
27673,02:11:50,114.102882,22.556183,0,22
27673,02:12:46,114.104218,22.553568,0,22
27673,02:13:41,114.10508,22.55055,0,23
27673,02:14:36,114.103531,22.549267,0,9
27673,02:15:31,114.101898,22.548332,0,12
27673,02:16:27,114.101898,22.548332,0,0
27673,02:17:22,114.099533,22.548018,0,12
27673,02:18:02,114.09938,22.54895,1,11
27673,02:18:57,114.099564,22.551718,1,16
27673,02:19:52,114.100334,22.552082,1,5
27673,02:20:47,114.104019,22.5553,1,40
27673,02:21:42,114.108368,22.55875,1,53
27673,02:22:40,114.11937,22.559151,1,42
27673,02:22:49,114.12043,22.55925,1,48
27673,02:23:45,114.118317,22.5653,1,56
27673,02:23:46,114.118317,22.5653,1,56
27673,02:24:43,114.11792,22.5741,1,53
27673,02:25:38,114.116203,22.579983,1,50
27673,02:26:33,114.121902,22.579317,1,40
27673,02:27:28,114.122231,22.579317,1,1
27673,02:29:15,114.121399,22.580732,0,3
27673,02:30:11,114.121399,22.580732,0,0
27673,02:31:06,114.122749,22.579933,0,12
27673,02:32:01,114.123352,22.575684,0,29
27673,02:32:58,114.121849,22.573383,0,5
27673,02:33:14,114.122147,22.571951,0,21
27673,02:34:10,114.118935,22.570818,0,19
27673,02:35:05,114.118286,22.56855,0,14
27673,02:36:00,114.121536,22.568867,0,21
27673,02:36:55,114.122131,22.566982,0,12
27673,02:37:50,114.124763,22.567432,0,17
27673,02:38:45,114.125114,22.56665,0,4
27673,02:39:40,114.124931,22.560932,0,40
27673,02:40:35,114.125183,22.559282,0,11
27673,02:41:30,114.125183,22.559282,0,0
27673,02:43:21,114.125351,22.552601,0,29
27673,02:44:16,114.123863,22.552334,0,9
27673,02:45:11,114.123863,22.552334,0,0
27673,02:46:06,114.123863,22.552334,0,0
27673,02:46:40,114.123863,22.552334,1,0
27673,02:48:33,114.119003,22.551968,1,13
27673,02:49:28,114.119698,22.554251,1,24
27673,02:50:23,114.119614,22.5595,1,45
27673,02:51:18,114.11795,22.56815,1,63
27673,02:52:16,114.117065,22.5763,1,29
27673,02:52:55,114.116249,22.579983,1,47
27673,02:53:54,114.122566,22.579533,1,33
27673,02:53:56,114.122849,22.579517,1,46
27673,02:53:57,114.122849,22.579517,1,46
27673,02:55:47,114.132286,22.579582,1,15
27673,02:56:42,114.135948,22.579433,1,22
27673,02:57:37,114.1371,22.58045,1,9
27673,02:58:35,114.137131,22.581034,1,5
27673,02:59:30,114.133301,22.584383,1,37
27673,03:00:25,114.131081,22.584482,1,12
27673,03:01:20,114.125519,22.589399,1,56
27673,03:02:43,114.11972,22.594101,1,32
27673,03:02:59,114.119698,22.595234,0,25
27673,03:03:59,114.119698,22.595917,0,3
27673,03:05:00,114.119637,22.59585,0,1
27673,03:05:55,114.119881,22.591101,0,34
27673,03:06:50,114.125198,22.590067,0,40
27673,03:07:45,114.128647,22.585716,0,39
27673,03:08:20,114.130836,22.584368,0,19
27673,03:09:16,114.132584,22.584551,0,9
27673,03:10:11,114.132896,22.581484,0,16
27673,03:11:06,114.132584,22.579634,0,10
27673,03:12:56,114.130386,22.582251,0,17
27673,03:13:51,114.13028,22.584316,0,13
27673,03:14:47,114.133018,22.583134,0,24
27673,03:14:48,114.133018,22.583134,0,24
27673,03:14:49,114.133018,22.583134,0,24
27673,03:16:37,114.134651,22.5793,0,20
27673,03:17:32,114.135468,22.579332,0,5
27673,03:18:27,114.135468,22.579332,0,0
27673,03:19:25,114.135483,22.57935,0,0
27673,03:20:20,114.135483,22.57935,0,0
27673,03:21:15,114.135483,22.57935,0,0
27673,03:22:10,114.135483,22.57935,0,0
27673,03:24:07,114.135483,22.57935,0,0
27673,03:25:02,114.135483,22.57935,0,0
27673,03:25:57,114.135483,22.57935,0,0
27673,03:26:52,114.135483,22.57935,0,0
27673,03:27:51,114.135483,22.57935,0,0
27673,03:28:25,114.135483,22.57935,0,0
27673,03:29:21,114.135483,22.57935,0,0
27673,03:29:47,114.135483,22.57935,1,0
27673,03:30:42,114.137154,22.580383,1,11
27673,03:32:35,114.13903,22.575451,1,25
27673,03:32:36,114.13903,22.575451,1,0
27673,03:33:32,114.13903,22.575451,1,0
27673,03:34:27,114.137802,22.568968,1,45
27673,03:35:22,114.133499,22.563932,1,45
27673,03:36:20,114.128601,22.561132,1,1
27673,03:36:34,114.12838,22.561733,1,11
27673,03:37:24,114.129898,22.562851,0,13
27673,03:38:21,114.13028,22.563,0,1
27673,03:39:16,114.129982,22.561783,0,8
27673,03:40:11,114.127197,22.560383,0,18
27673,03:41:06,114.125397,22.559317,0,13
27673,03:42:01,114.125549,22.558817,0,2
27673,03:42:56,114.128082,22.556549,0,21
27673,03:43:51,114.125931,22.553118,0,28
27673,03:44:46,114.125931,22.553118,0,0
27673,03:45:41,114.12352,22.552267,0,14
27673,03:46:37,114.122765,22.551933,0,4
27673,03:47:32,114.122765,22.551933,0,0
27673,03:48:27,114.122765,22.551933,0,0
27673,03:49:22,114.122765,22.551933,0,0
27673,03:50:17,114.122765,22.551933,0,0
27673,03:51:12,114.121918,22.552099,0,1
27673,03:52:07,114.121269,22.552267,0,1
27673,03:53:02,114.121269,22.552267,0,0
27673,03:53:57,114.121269,22.552267,0,0
27673,03:54:52,114.121269,22.552267,0,0
27673,03:55:47,114.121269,22.552267,0,0
27673,03:56:42,114.121269,22.552267,0,0
27673,03:57:37,114.121269,22.552267,0,0
27673,03:58:32,114.121269,22.552267,0,0
27673,03:59:27,114.121269,22.552267,0,0
27673,04:00:22,114.121269,22.552267,0,0
27673,04:01:17,114.121269,22.552267,0,0
27673,04:02:12,114.121269,22.552267,0,0
27673,04:03:07,114.121269,22.552267,0,0
27673,04:04:02,114.121269,22.552267,0,0
27673,04:04:57,114.121269,22.552267,0,0
27673,04:05:52,114.121269,22.552267,0,0
27673,04:06:08,114.121269,22.552267,1,0
27673,04:07:03,114.118217,22.552549,1,19
27673,04:07:04,114.118217,22.552549,1,19
27673,04:08:01,114.121452,22.557266,1,27
27673,04:08:59,114.118614,22.56325,1,43
27673,04:09:54,114.117767,22.5714,1,59
27673,04:10:49,114.115135,22.579901,1,65
27673,04:11:44,114.111649,22.586967,1,56
27673,04:12:39,114.111603,22.586332,1,18
27673,04:12:47,114.111786,22.586117,0,2
27673,04:13:16,114.111816,22.5861,0,0
27673,04:14:12,114.112,22.585917,0,0
27673,04:15:07,114.114548,22.581217,0,38
27673,04:16:02,114.114632,22.580999,0,1
27673,04:16:57,114.114784,22.580351,0,0
27673,04:17:52,114.115669,22.578583,0,7
27673,04:18:47,114.116066,22.57625,0,33
27673,04:19:45,114.123299,22.576433,0,35
27673,04:20:40,114.13195,22.577316,0,58
27673,04:21:35,114.138397,22.572901,0,59
27673,04:22:30,114.138634,22.564632,0,63
27673,04:23:25,114.139717,22.557283,0,58
27673,04:24:01,114.138336,22.555634,0,23
27673,04:24:57,114.143852,22.554684,0,41
27673,04:25:52,114.143486,22.5527,0,12
27673,04:26:47,114.143234,22.5508,0,12
27673,04:27:42,114.142815,22.549833,0,5
27673,04:28:37,114.141617,22.548,0,14
27673,04:29:32,114.141617,22.548,0,0
27673,04:30:28,114.141617,22.548,0,0
27673,04:32:18,114.141617,22.548,0,0
27673,04:34:08,114.141617,22.548,0,0
27673,04:35:03,114.141617,22.548,0,0
27673,04:35:59,114.141617,22.548,0,0
27673,04:36:54,114.141617,22.548,0,0
27673,04:37:49,114.141617,22.548,0,0
27673,04:38:44,114.141617,22.548,0,0
27673,04:39:39,114.141617,22.548,0,0
27673,04:40:34,114.141617,22.548,0,0
27673,04:41:29,114.141617,22.548,0,0
27673,04:42:24,114.141617,22.548,0,0
27673,04:43:19,114.141617,22.548,0,0
27673,04:44:14,114.141617,22.548,0,0
27673,04:45:09,114.141617,22.548,0,0
27673,04:46:04,114.141617,22.548,0,0
27673,04:46:59,114.141617,22.548,0,0
27673,04:47:54,114.141617,22.548,0,0
27673,04:48:49,114.141617,22.548,0,0
27673,04:49:44,114.141617,22.548,0,0
27673,04:50:39,114.141617,22.548,0,0
27673,04:51:34,114.141617,22.548,0,0
27673,04:52:29,114.141617,22.548,0,0
27673,04:53:24,114.141617,22.548,0,0
27673,04:54:19,114.141617,22.548,0,0
27673,04:55:14,114.141617,22.548,0,0
27673,04:56:09,114.141617,22.548,0,0
27673,04:57:04,114.141617,22.548,0,0
27673,04:57:59,114.141617,22.548,0,0
27673,04:58:54,114.141617,22.548,0,0
27673,04:59:49,114.141617,22.548,0,0
27673,05:00:44,114.141617,22.548,0,0
27673,05:01:39,114.141617,22.548,0,0
27673,05:02:34,114.141617,22.548,0,0
27673,05:03:29,114.141617,22.548,0,0
27673,05:04:24,114.141617,22.548,0,0
27673,05:05:19,114.141617,22.548,0,0
27673,05:06:14,114.141617,22.548,0,0
27673,05:07:09,114.141617,22.548,0,0
27673,05:07:10,114.141617,22.548,0,0
27673,05:08:07,114.141983,22.55015,0,20
27673,05:09:02,114.136002,22.549549,0,39
27673,05:09:57,114.129601,22.548616,0,43
27673,05:10:52,114.123734,22.547632,0,40
27673,05:11:47,114.120003,22.546932,0,23
27673,05:12:45,114.117081,22.547083,0,5
27673,05:13:40,114.117081,22.547083,0,0
27673,05:14:07,114.117081,22.547083,1,0
27673,05:15:02,114.11657,22.548866,1,9
27673,05:15:57,114.119316,22.554768,1,47
27673,05:16:55,114.120865,22.558083,1,23
27673,05:17:06,114.119835,22.558817,1,43
27673,05:18:02,114.117996,22.567167,1,60
27673,05:18:57,114.117767,22.574966,1,56
27673,05:19:52,114.116417,22.576817,1,35
27673,05:21:42,114.105301,22.573816,1,67
27673,05:22:37,114.095947,22.568768,1,72
27673,05:23:32,114.086235,22.567633,1,69
27673,05:24:27,114.078568,22.57275,1,67
27673,05:25:22,114.06913,22.5693,1,69
27673,05:26:20,114.061951,22.57045,1,23
27673,05:27:15,114.061867,22.570801,1,2
27673,05:28:10,114.060654,22.57655,1,39
27673,05:29:05,114.057732,22.578632,1,51
27673,05:30:00,114.053047,22.586533,1,68
27673,05:30:55,114.046417,22.593134,1,53
27673,05:32:46,114.036148,22.60075,1,29
27673,05:33:41,114.030235,22.606716,1,58
27673,05:34:36,114.026154,22.612167,1,49
27673,05:38:11,114.027184,22.610567,0,0
27673,05:38:29,114.02742,22.610817,0,3
27673,05:39:25,114.029846,22.611349,0,20
27673,05:40:48,114.035049,22.605917,0,26
27673,05:41:48,114.039146,22.601801,0,20
27673,05:42:43,114.041069,22.60025,0,18
27673,05:42:59,114.040482,22.601032,0,22
27673,05:43:58,114.043282,22.60145,0,5
27673,05:44:00,114.043282,22.60145,0,0
27673,05:44:56,114.043282,22.60145,0,0
27673,05:45:51,114.043282,22.60145,0,0
27673,05:46:46,114.043282,22.60145,0,0
27673,05:47:41,114.043282,22.60145,0,0
27673,05:48:36,114.043282,22.60145,0,0
27673,05:49:31,114.043282,22.60145,0,0
27673,05:50:26,114.043282,22.60145,0,0
27673,05:51:22,114.043282,22.60145,0,0
27673,05:52:16,114.043953,22.598167,0,24
27673,05:54:07,114.053169,22.5851,0,57
27673,05:55:02,114.058167,22.578333,0,63
27673,05:55:57,114.066803,22.574966,0,65
27673,05:56:41,114.067482,22.568382,0,48
27673,05:57:37,114.067719,22.559099,0,65
27673,05:58:32,114.075279,22.558083,0,58
27673,05:59:27,114.08577,22.558283,0,70
27673,06:00:22,114.09523,22.558416,0,63
27673,06:01:17,114.099113,22.55855,0,24
27673,06:02:12,114.09935,22.561132,0,18
27673,06:03:07,114.099419,22.561632,0,1
27673,06:04:02,114.101196,22.561617,0,12
27673,06:04:57,114.102234,22.56185,0,5
27673,06:05:52,114.102234,22.56185,0,0
27673,06:06:47,114.102234,22.56185,0,0
27673,06:07:42,114.102234,22.56185,0,0
27673,06:08:37,114.102234,22.56185,0,0
27673,06:09:32,114.102234,22.56185,0,0
27673,06:10:27,114.102234,22.56185,0,0
27673,06:11:22,114.102234,22.56185,0,0
27673,06:12:17,114.102234,22.56185,0,0
27673,06:13:12,114.101982,22.56185,0,2
27673,06:14:07,114.103683,22.561716,0,16
27673,06:15:03,114.103683,22.561716,0,0
27673,06:16:00,114.106499,22.562317,0,1
27673,06:16:15,114.106499,22.562317,0,0
27673,06:17:11,114.107368,22.566282,0,28
27673,06:18:06,114.11425,22.5669,0,48
27673,06:19:01,114.121536,22.569151,0,52
27673,06:19:56,114.123749,22.567266,0,25
27673,06:20:51,114.123817,22.567383,0,0
27673,06:21:46,114.123817,22.567383,0,0
27673,06:22:41,114.123817,22.567383,0,0
27673,06:23:40,114.123833,22.567417,0,0
27673,06:23:45,114.123833,22.567417,0,0
27673,06:24:41,114.123833,22.567417,0,0
27673,06:25:36,114.123833,22.567417,0,0
27673,06:26:31,114.123833,22.567417,0,0
27673,06:27:26,114.123833,22.567417,0,0
27673,06:28:21,114.123833,22.567417,0,0
27673,06:29:16,114.123833,22.567417,0,0
27673,06:30:11,114.123833,22.567417,0,0
27673,06:31:06,114.12513,22.566616,0,10
27673,06:32:01,114.124649,22.564301,0,16
27673,06:32:56,114.125114,22.559418,0,33
27673,06:33:54,114.125931,22.558483,0,0
27673,06:34:03,114.125931,22.558483,0,0
27673,06:35:54,114.130585,22.5546,0,19
27673,06:36:49,114.13353,22.556517,0,25
27673,06:37:44,114.13353,22.556517,0,0
27673,06:38:39,114.13353,22.556517,0,0
27673,06:39:34,114.13353,22.556517,0,0
27673,06:40:29,114.13353,22.556517,0,0
27673,06:41:24,114.13353,22.556517,0,0
27673,06:42:19,114.13353,22.556517,0,0
27673,06:43:14,114.13353,22.556517,0,0
27673,06:44:10,114.13353,22.556517,0,0
27673,06:45:05,114.13353,22.556517,0,0
27673,06:46:00,114.13353,22.556517,0,0
27673,06:46:55,114.13353,22.556517,0,0
27673,06:47:50,114.13353,22.556517,0,0
27673,06:48:45,114.13353,22.556517,0,0
27673,06:49:40,114.13353,22.556517,0,0
27673,06:50:35,114.13353,22.556517,0,0
27673,06:51:30,114.13353,22.556517,0,0
27673,06:52:25,114.13353,22.556517,0,0
27673,06:53:20,114.13353,22.556517,0,0
27673,06:54:15,114.13353,22.556517,0,0
27673,06:55:10,114.13353,22.556517,0,0
27673,06:56:05,114.13353,22.556517,0,0
27673,06:57:00,114.13353,22.556517,0,0
27673,06:57:55,114.13353,22.556517,0,0
27673,06:59:45,114.13353,22.556517,0,0
27673,07:00:40,114.13353,22.556517,0,0
27673,07:01:35,114.13353,22.556517,0,0
27673,07:02:30,114.13353,22.556517,0,0
27673,07:03:25,114.13353,22.556517,0,0
27673,07:04:20,114.13353,22.556517,0,0
27673,07:05:15,114.13353,22.556517,0,0
27673,07:06:10,114.13353,22.556517,0,0
27673,07:07:05,114.13353,22.556517,0,0
27673,07:08:00,114.13353,22.556517,0,0
27673,07:08:55,114.13353,22.556517,0,0
27673,07:09:50,114.133469,22.556368,0,0
27673,07:10:45,114.130318,22.554251,0,25
27673,07:11:40,114.130363,22.5527,0,10
27673,07:12:35,114.130363,22.5527,0,0
27673,07:13:30,114.130363,22.5527,0,0
27673,07:14:25,114.130363,22.5527,0,0
27673,07:15:20,114.130363,22.5527,0,0
27673,07:16:15,114.130363,22.5527,0,0
27673,07:17:10,114.130363,22.5527,0,0
27673,07:18:05,114.130363,22.5527,0,0
27673,07:19:00,114.130363,22.5527,0,0
27673,07:19:55,114.130363,22.5527,0,0
27673,07:20:50,114.130363,22.5527,0,0
27673,07:21:45,114.130363,22.5527,0,0
27673,07:22:40,114.130363,22.5527,0,0
27673,07:23:35,114.130363,22.5527,0,0
27673,07:24:30,114.130363,22.5527,0,0
27673,07:25:18,114.130363,22.5527,1,0
27673,07:26:13,114.129402,22.551233,1,10
27673,07:27:08,114.128769,22.549101,1,8
27673,07:28:03,114.126717,22.548033,1,12
27673,07:28:58,114.126114,22.547882,1,2
27673,07:29:53,114.125816,22.545683,1,16
27673,07:30:48,114.125916,22.5432,1,16
27673,07:31:43,114.12265,22.540216,1,31
27673,07:32:38,114.119049,22.53985,1,31
27673,07:33:33,114.112465,22.538033,1,45
27673,07:34:28,114.104385,22.537867,1,56
27673,07:35:23,114.094467,22.538183,1,67
27673,07:36:19,114.084648,22.537451,1,64
27673,07:37:14,114.077721,22.533167,1,61
27673,07:38:09,114.070602,22.531933,1,50
27673,07:39:04,114.067413,22.53285,1,27
27673,07:39:59,114.067482,22.527918,1,39
27673,07:40:54,114.066299,22.525618,1,17
27673,07:41:49,114.067703,22.52375,1,15
27673,07:42:01,114.068085,22.523632,0,11
27673,07:42:58,114.06852,22.524067,0,0
27673,07:43:53,114.0681,22.5287,0,38
27673,07:44:48,114.06823,22.537916,0,66
27673,07:45:43,114.071617,22.538567,0,23
27673,07:46:38,114.072899,22.5359,0,26
27673,07:47:33,114.0755,22.534184,0,22
27673,07:48:28,114.076653,22.535667,0,12
27673,07:49:23,114.0774,22.537167,0,8
27673,07:50:18,114.079185,22.538918,0,18
27673,07:51:13,114.081734,22.537649,0,22
27673,07:52:08,114.084251,22.538717,0,14
27673,07:53:04,114.084396,22.540533,0,11
27673,07:53:59,114.08783,22.541401,0,21
27673,07:54:54,114.089546,22.540817,0,13
27673,07:55:07,114.089546,22.540817,1,0
27673,07:56:02,114.087151,22.5375,1,34
27673,07:56:57,114.079483,22.535982,1,54
27673,07:57:52,114.076752,22.532084,1,33
27673,07:58:47,114.070999,22.531933,1,38
27673,07:59:42,114.067146,22.532066,1,21
27673,08:00:37,114.067902,22.528618,1,40
27673,08:01:32,114.066879,22.526667,1,15
27673,08:02:27,114.066048,22.525167,1,9
27673,08:03:22,114.068367,22.523649,0,21
27673,08:03:22,114.068367,22.523649,1,21
27673,08:04:17,114.068367,22.523649,0,0
27673,08:05:12,114.067001,22.525618,0,15
27673,08:06:07,114.06823,22.533199,0,55
27673,08:07:02,114.069237,22.538683,0,42
27673,08:07:57,114.072197,22.535883,0,35
27673,08:08:52,114.074486,22.534883,0,15
27673,08:09:27,114.074883,22.534599,1,4
27673,08:10:22,114.076935,22.535667,1,15
27673,08:11:17,114.077454,22.538267,1,17
27673,08:12:13,114.077599,22.539717,1,8
27673,08:13:08,114.075981,22.540068,1,11
27673,08:14:45,114.076065,22.54245,1,0
27673,08:15:41,114.076134,22.542784,1,2
27673,08:16:36,114.076134,22.542784,1,0
27673,08:17:31,114.076134,22.542784,1,0
27673,08:18:26,114.076164,22.545134,1,14
27673,08:19:21,114.076164,22.545134,1,0
27673,08:20:16,114.07608,22.546633,1,9
27673,08:21:11,114.07682,22.546932,1,5
27673,08:21:12,114.07682,22.546932,1,5
27673,08:22:09,114.081902,22.546734,0,0
27673,08:23:04,114.081902,22.546734,0,0
27673,08:23:59,114.081902,22.546734,0,0
27673,08:24:54,114.087547,22.547466,0,22
27673,08:25:49,114.087547,22.547466,0,0
27673,08:26:31,114.087936,22.547132,1,6
27673,08:26:40,114.087936,22.547132,0,0
27673,08:27:23,114.090836,22.547318,0,16
27673,08:28:19,114.091202,22.5476,0,2
27673,08:29:17,114.092064,22.551783,0,16
27673,08:29:18,114.092064,22.551783,1,0
27673,08:30:13,114.093697,22.548317,1,28
27673,08:31:08,114.095184,22.545483,1,23
27673,08:31:26,114.095215,22.543682,0,39
27673,08:32:25,114.093918,22.543449,0,12
27673,08:32:29,114.093918,22.543449,0,0
27673,08:33:25,114.093918,22.543449,0,0
27673,08:34:20,114.093246,22.543682,0,3
27673,08:35:15,114.093216,22.543667,0,0
27673,08:36:10,114.093582,22.543333,0,3
27673,08:37:05,114.096268,22.543417,0,15
27673,08:37:06,114.096268,22.543417,0,15
27673,08:37:07,114.096268,22.543417,0,15
27673,08:37:08,114.096268,22.543417,0,15
27673,08:37:09,114.096268,22.543417,0,15
27673,08:37:10,114.096268,22.543417,0,15
27673,08:37:11,114.096268,22.543417,0,15
27673,08:37:12,114.096268,22.543417,0,15
27673,08:37:13,114.096268,22.543417,0,15
27673,08:37:14,114.096268,22.543417,0,15
27673,08:37:15,114.096268,22.543417,0,15
27673,09:21:27,114.120667,22.547016,0,21
27673,09:22:22,114.125702,22.547867,0,33
27673,09:23:17,114.125702,22.547867,0,0
27673,09:24:12,114.125702,22.547867,0,0
27673,09:25:10,114.125702,22.547867,0,0
27673,09:26:05,114.126915,22.549917,0,15
27673,09:26:27,114.127029,22.549917,1,2
27673,09:27:22,114.125687,22.553034,1,28
27673,09:28:17,114.12085,22.5585,1,50
27673,09:30:12,114.104446,22.559183,1,50
27673,09:31:07,114.103951,22.561367,1,15
27673,09:32:02,114.103836,22.5616,1,0
27673,09:32:39,114.10392,22.564734,0,33
27673,09:34:35,114.112503,22.566151,0,42
27673,09:35:30,114.117882,22.566616,0,50
27673,09:36:25,114.118019,22.564016,0,24
27673,09:37:20,114.115715,22.562683,0,15
27673,09:38:17,114.117134,22.559868,0,9
27673,09:38:34,114.117134,22.559868,0,0
27673,09:38:36,114.117134,22.559868,1,0
27673,09:39:32,114.11895,22.56135,1,14
27673,10:00:20,114.110619,22.540234,1,26
27673,10:01:00,114.11068,22.537983,1,19
27673,10:01:56,114.104103,22.538067,1,46
27673,10:02:51,114.094017,22.5382,1,67
27673,10:03:46,114.08448,22.537451,1,63
27673,10:04:41,114.078186,22.533934,1,54
27673,10:05:36,114.071365,22.531834,1,53
27673,10:06:34,114.061264,22.531651,1,59
27673,10:07:29,114.051483,22.531549,1,65
27673,10:08:24,114.041298,22.531134,1,68
27673,10:09:19,114.030731,22.530184,1,71
27673,10:10:18,114.020851,22.532183,1,9
27673,10:11:13,114.011536,22.530283,1,59
27673,10:12:10,114.002831,22.530233,1,44
27673,10:13:05,113.995049,22.528418,1,54
27673,10:14:00,113.990364,22.525734,1,36
27673,10:14:55,113.989853,22.527399,0,12
27673,10:15:51,113.989853,22.527399,0,0
27673,10:16:26,113.989853,22.527416,0,0
27673,10:16:27,113.989853,22.527416,0,0
27673,10:16:28,113.989853,22.527416,0,0
27673,10:18:17,113.989929,22.526051,0,0
27673,10:19:12,113.989929,22.526051,0,0
27673,10:21:05,113.989967,22.530382,0,15
27673,10:22:00,113.994003,22.526817,0,51
27673,10:22:55,113.995949,22.528151,0,49
27673,10:23:50,114.005348,22.529699,0,66
27673,10:24:45,114.01313,22.530317,0,52
27673,10:25:43,114.01693,22.529333,0,27
27673,10:26:38,114.019897,22.525801,0,31
27673,10:27:27,114.024284,22.5233,1,38
27673,10:28:22,114.028297,22.521084,1,29
27673,10:29:20,114.034317,22.517883,1,12
27673,10:30:15,114.038147,22.51585,1,24
27673,10:31:10,114.03965,22.517651,1,16
27673,10:32:05,114.041748,22.520866,1,26
27673,10:33:00,114.041901,22.521067,1,0
27673,10:33:16,114.042168,22.521467,0,10
27673,10:34:14,114.04232,22.521584,0,0
27673,10:34:33,114.042786,22.5224,0,13
27673,10:35:29,114.043434,22.522217,0,1
27673,10:36:24,114.043983,22.522034,0,0
27673,10:37:19,114.046921,22.521116,0,16
27673,10:38:14,114.048119,22.521366,0,6
27673,10:39:09,114.050316,22.521317,0,10
27673,10:40:04,114.050949,22.518667,0,20
27673,10:40:59,114.051247,22.521667,0,24
27673,10:41:53,114.05143,22.523767,0,0
27673,10:42:49,114.05143,22.523767,0,0
27673,10:43:44,114.05143,22.523767,0,0
27673,10:44:39,114.05143,22.523767,0,0
27673,10:45:34,114.05143,22.523767,0,0
27673,10:46:52,114.051567,22.525566,1,0
27673,10:46:56,114.051567,22.525566,1,0
27673,10:47:52,114.051498,22.526466,1,5
27673,10:48:47,114.053497,22.531366,1,45
27673,10:49:42,114.062965,22.531433,1,63
27673,10:50:37,114.067719,22.530167,1,35
27673,10:52:27,114.0681,22.521732,1,36
27673,10:53:34,114.068069,22.521433,0,0
27673,10:54:36,114.065369,22.523001,0,19
27673,10:55:31,114.068497,22.524082,0,32
27673,10:56:26,114.068214,22.529449,0,44
27673,10:57:22,114.068169,22.538433,0,63
27673,10:58:17,114.070251,22.542801,0,37
27673,10:59:15,114.071983,22.539249,0,28
27673,11:00:10,114.074585,22.5399,0,21
27673,11:00:22,114.074966,22.540033,0,11
27673,11:00:25,114.074966,22.540033,1,0
27673,11:01:21,114.075798,22.540182,1,4
27673,11:02:16,114.077667,22.538883,1,19
27673,11:03:11,114.077034,22.535717,1,23
27673,11:04:06,114.074898,22.5333,1,22
27673,11:05:01,114.069565,22.531982,1,42
27673,11:06:51,114.054085,22.531584,1,63
27673,11:07:46,114.04425,22.531517,1,65
27673,11:08:41,114.033401,22.530268,1,73
27673,11:09:36,114.0233,22.531866,1,69
27673,11:10:31,114.014801,22.531017,1,58
27673,11:11:26,114.005081,22.529984,1,66
27673,11:12:21,113.995148,22.528183,1,69
27673,11:13:16,113.987396,22.524067,1,60
27673,11:14:11,113.977715,22.523033,1,65
27673,11:15:06,113.96637,22.522932,1,76
27673,11:16:02,113.954987,22.523399,1,75
27673,11:16:57,113.949684,22.528017,1,63
27673,11:17:52,113.950104,22.532984,1,34
27673,11:18:47,113.95385,22.541018,1,63
27673,11:19:42,113.95787,22.543234,1,38
27673,11:20:37,113.959396,22.543283,1,7
27673,11:21:32,113.959396,22.543283,1,0
27673,11:22:27,113.960052,22.544916,1,12
27673,11:23:22,113.961067,22.551367,1,47
27673,11:24:17,113.9646,22.551867,1,33
27673,11:25:12,113.965553,22.5522,1,5
27673,11:25:42,113.966614,22.552917,0,11
27673,11:26:37,113.967636,22.552633,0,7
27673,11:27:32,113.972237,22.55155,0,32
27673,11:28:27,113.97332,22.548866,0,20
27673,11:29:22,113.973381,22.545233,0,29
27673,11:30:17,113.973564,22.541033,0,29
27673,11:31:12,113.974617,22.541166,0,8
27673,11:32:07,113.97818,22.540466,0,24
27673,11:32:10,113.97818,22.540466,1,0
27673,11:33:05,113.979836,22.537201,1,23
27673,11:34:00,113.976021,22.537283,1,40
27673,11:34:55,113.972351,22.538851,1,27
27673,11:35:50,113.969086,22.540117,1,22
27673,11:36:45,113.963837,22.542084,1,37
27673,11:37:40,113.960884,22.5431,1,19
27673,11:38:35,113.958015,22.543699,1,18
27673,11:39:30,113.95462,22.5466,1,45
27673,11:40:25,113.953079,22.55545,1,66
27673,11:41:20,113.952637,22.556534,1,34
27673,11:42:15,113.945198,22.555782,1,50
27673,11:43:10,113.943169,22.556517,1,17
27673,11:44:05,113.94088,22.555634,1,23
27673,11:45:00,113.940804,22.555634,1,0
27673,11:45:55,113.936813,22.555849,1,25
27673,11:46:50,113.934319,22.557083,1,25
27673,11:47:42,113.93515,22.558666,0,13
27673,11:48:37,113.93515,22.558666,0,0
27673,11:49:32,113.937317,22.559601,0,18
27673,11:50:27,113.942017,22.55965,0,30
27673,11:51:22,113.945366,22.558901,0,22
27673,11:52:17,113.9468,22.558849,0,9
27673,11:53:12,113.95237,22.559851,0,36
27673,11:54:07,113.952934,22.5536,0,43
27673,11:55:02,113.954636,22.548782,0,36
27673,11:55:18,113.954636,22.548782,1,0
27673,11:56:13,113.95388,22.542101,1,47
27673,11:57:08,113.958801,22.543301,1,49
27673,11:58:03,113.96003,22.5431,1,7
27673,11:58:58,113.96373,22.541849,1,24
27673,11:59:43,113.969254,22.539618,0,48
27673,12:00:38,113.971115,22.538967,0,12
27673,12:01:33,113.975967,22.53685,0,35
27673,12:02:28,113.981483,22.536133,0,37
27673,12:03:23,113.982864,22.5361,0,7
27673,12:04:18,113.990585,22.535351,0,52
27673,12:05:13,113.99913,22.535084,0,58
27673,12:06:08,114.007332,22.536533,0,55
27673,12:07:03,114.015236,22.537933,0,54
27673,12:07:58,114.023514,22.539516,0,57
27673,12:08:37,114.025497,22.53945,1,19
27673,12:09:32,114.031616,22.540583,1,39
27673,12:10:27,114.037918,22.541651,1,42
27673,12:11:22,114.040833,22.542067,1,17
27673,12:12:17,114.049568,22.542418,1,58
27673,12:13:12,114.060699,22.542618,1,75
27673,12:14:07,114.067947,22.542549,1,48
27673,12:15:02,114.068085,22.547083,1,44
27673,12:15:57,114.0681,22.548849,1,11
27673,12:17:47,114.075783,22.551416,1,26
27673,12:18:42,114.075783,22.551416,1,0
27673,12:19:37,114.078865,22.551582,1,19
27673,12:20:35,114.08197,22.551649,1,13
27673,12:20:36,114.082047,22.551634,0,25
27673,12:20:53,114.082184,22.551582,0,2
27673,12:21:49,114.084503,22.551649,0,13
27673,12:22:44,114.086617,22.551983,0,15
27673,12:24:19,114.088768,22.555099,1,2
27673,12:25:14,114.086617,22.557034,1,15
27673,12:26:09,114.090385,22.558416,1,33
27673,12:27:04,114.090385,22.558416,1,0
27673,12:27:59,114.089867,22.560734,1,19
27673,12:28:54,114.087585,22.565451,1,35
27673,12:30:47,114.104118,22.573017,1,53
27673,12:30:49,114.104446,22.573233,1,74
27673,12:37:15,114.136185,22.572201,0,0
27673,12:37:17,114.136185,22.572201,1,0
27673,12:38:12,114.13723,22.568199,1,33
27673,12:39:07,114.138313,22.5648,1,30
27673,12:40:02,114.139099,22.563967,1,6
27673,12:40:57,114.139748,22.556932,1,54
27673,12:41:52,114.13607,22.54945,1,59
27673,12:42:47,114.132431,22.5457,1,37
27673,12:43:42,114.125534,22.54215,1,52
27673,12:44:37,114.119232,22.539368,1,51
27673,12:45:32,114.111534,22.537933,1,56
27673,12:46:27,114.104164,22.537968,1,51
27673,12:47:22,114.094116,22.538168,1,67
27673,12:51:47,114.050781,22.531601,1,65
27673,12:52:42,114.043282,22.531633,1,50
27673,12:53:37,114.044868,22.527067,1,44
27673,12:54:27,114.042915,22.523033,1,36
27673,12:55:23,114.041901,22.521549,1,12
27673,12:56:18,114.038918,22.516684,1,38
27673,12:56:19,114.038918,22.516684,1,38
27673,12:56:20,114.038918,22.516684,1,38
27673,12:56:21,114.038918,22.516684,1,38
27673,12:56:22,114.038918,22.516684,1,38
27673,12:56:23,114.038918,22.516684,1,38
27673,12:56:24,114.038918,22.516684,1,38
27673,12:56:25,114.038918,22.516684,1,38
27673,12:56:26,114.038918,22.516684,1,38
27673,12:56:27,114.038918,22.516684,1,38
27673,13:34:19,114.106285,22.536432,0,0
27673,13:35:14,114.106285,22.536432,0,0
27673,13:36:13,114.106285,22.536432,0,0
27673,13:37:08,114.106285,22.536432,0,0
27673,13:38:03,114.106285,22.536432,0,0
27673,13:38:58,114.106285,22.536432,0,0
27673,13:39:56,114.106285,22.536432,0,0
27673,13:40:51,114.106285,22.536432,0,0
27673,13:41:46,114.106285,22.536432,0,0
27673,13:42:41,114.106285,22.536432,0,0
27673,13:43:36,114.106285,22.536432,0,0
27673,13:44:34,114.106285,22.536432,0,0
27673,13:45:29,114.106285,22.536432,0,0
27673,13:46:24,114.106285,22.536432,0,0
27673,13:47:19,114.106285,22.536432,0,0
27673,13:48:14,114.106285,22.536432,0,0
27673,13:49:12,114.106285,22.536432,0,0
27673,13:50:07,114.106285,22.536432,0,0
27673,13:51:02,114.106285,22.536432,0,0
27673,13:51:57,114.106285,22.536432,0,0
27673,13:52:56,114.106285,22.536432,0,0
27673,13:53:14,114.106781,22.536283,0,9
27673,13:54:03,114.10807,22.536551,1,6
27673,13:54:58,114.109634,22.537416,1,9
27673,13:54:59,114.109634,22.537416,1,9
27673,13:56:53,114.103149,22.5382,1,43
27673,13:57:48,114.094284,22.538134,1,59
27673,13:58:43,114.087334,22.5376,1,47
27673,13:59:38,114.084167,22.539083,1,31
27673,14:00:36,114.084114,22.541317,1,6
27673,14:01:13,114.084114,22.541317,1,0
27673,14:01:52,114.084114,22.541317,0,0
27673,14:02:46,114.084114,22.541317,1,0
27673,14:03:43,114.084236,22.538168,1,22
27673,14:03:53,114.084053,22.537582,1,25
27673,14:04:51,114.078018,22.533768,1,43
27673,14:05:46,114.073433,22.531933,1,37
27673,14:06:41,114.068153,22.532034,1,35
27673,14:07:36,114.068069,22.52935,1,42
27673,14:08:54,114.067146,22.522333,1,29
27673,14:09:35,114.067947,22.521267,0,24
27673,14:10:30,114.068169,22.522118,0,2
27673,14:11:25,114.0672,22.523951,0,42
27673,14:11:26,114.0672,22.523951,0,42
27673,14:11:27,114.0672,22.523951,0,42
27673,14:11:28,114.0672,22.523951,0,42
27673,14:12:23,114.06778,22.5243,0,4
27673,14:13:18,114.06778,22.5243,0,0
27673,14:14:13,114.06778,22.5243,0,0
27673,14:15:08,114.068069,22.524082,0,1
27673,14:16:06,114.068115,22.523867,0,0
27673,14:17:01,114.068115,22.523867,0,0
27673,14:17:56,114.068115,22.523867,0,0
27673,14:18:51,114.068115,22.523867,0,0
27673,14:19:46,114.068115,22.523867,0,0
27673,14:19:50,114.068115,22.523867,1,0
27673,14:20:47,114.068352,22.529682,1,44
27673,14:21:42,114.075371,22.531683,1,52
27673,14:22:37,114.07827,22.533068,1,23
27673,14:23:32,114.079063,22.53455,1,8
27673,14:24:27,114.081215,22.537067,1,21
27673,14:25:26,114.092087,22.538099,1,60
27673,14:26:21,114.10228,22.538168,1,68
27673,14:27:16,114.10347,22.538067,1,5
27673,14:28:11,114.104515,22.537718,1,3
27673,14:30:02,114.10965,22.537666,1,23
27673,14:30:03,114.10965,22.537666,1,23
27673,14:30:04,114.10965,22.537666,1,23
27673,14:30:05,114.10965,22.537666,1,23
27673,14:30:06,114.10965,22.537666,1,23
27673,14:30:07,114.10965,22.537666,1,23
27673,14:30:08,114.10965,22.537666,1,23
27673,14:30:09,114.10965,22.537666,1,23
27673,14:30:10,114.10965,22.537666,1,23
27673,14:30:11,114.10965,22.537666,1,23
27673,14:30:12,114.10965,22.537666,1,23
27673,14:30:13,114.10965,22.537666,1,23
27673,14:30:14,114.10965,22.537666,1,23
27673,14:30:15,114.10965,22.537666,1,23
27673,14:30:16,114.10965,22.537666,1,23
27673,14:30:17,114.10965,22.537666,1,23
27673,14:30:18,114.10965,22.537666,1,23
27673,14:30:19,114.10965,22.537666,1,23
27673,14:30:20,114.10965,22.537666,1,23
27673,14:30:21,114.10965,22.537666,1,23
27673,14:30:22,114.10965,22.537666,1,23
27673,14:30:23,114.10965,22.537666,1,23
27673,14:30:24,114.10965,22.537666,1,23
27673,14:30:25,114.10965,22.537666,1,23
27673,14:30:26,114.10965,22.537666,1,23
27673,14:30:27,114.10965,22.537666,1,23
27673,14:30:28,114.10965,22.537666,1,23
27673,14:30:29,114.10965,22.537666,1,23
27673,14:30:30,114.10965,22.537666,1,23
27673,14:30:31,114.10965,22.537666,1,23
27673,14:30:32,114.10965,22.537666,1,23
27673,14:30:33,114.10965,22.537666,1,23
27673,14:30:34,114.10965,22.537666,1,23
27673,14:30:35,114.10965,22.537666,1,23
27673,14:30:36,114.10965,22.537666,1,23
27673,17:35:34,114.157349,22.564516,1,30
27673,17:36:29,114.156586,22.560484,1,29
27673,17:37:24,114.149033,22.556,1,60
27673,17:38:19,114.141167,22.556049,1,53
27673,17:40:16,114.134979,22.548,1,37
27673,17:42:10,114.126953,22.543217,1,24
27673,17:43:05,114.125847,22.543068,1,26
27673,17:44:00,114.124382,22.541483,1,16
27673,17:44:55,114.123817,22.541067,1,1
27673,17:45:53,114.12278,22.540333,1,0
27673,17:46:48,114.119133,22.5396,1,27
27673,17:47:43,114.11245,22.538134,1,47
27673,17:48:38,114.104683,22.53775,1,54
27673,17:49:36,114.094833,22.5382,1,61
27673,17:50:31,114.089432,22.537832,1,36
27673,17:51:26,114.085815,22.537518,1,23
27673,17:52:21,114.083336,22.537533,1,13
27673,17:53:19,114.079964,22.536533,1,4
27673,17:53:26,114.079964,22.536533,0,0
27673,17:53:39,114.079964,22.536533,0,0
27673,17:54:09,114.079781,22.536383,1,0
27673,17:55:04,114.07843,22.534599,1,13
27673,17:55:59,114.078186,22.534718,1,0
27673,17:56:54,114.077347,22.535334,1,0
27673,17:57:49,114.077454,22.537483,1,15
27673,17:58:34,114.07917,22.538933,1,18
27673,17:59:30,114.081703,22.538116,1,19
27673,18:00:25,114.083817,22.537216,1,34
27673,18:02:15,114.087601,22.537382,1,14
27673,18:03:10,114.08815,22.537434,1,1
27673,18:05:00,114.091034,22.538017,1,8
27673,18:05:55,114.09362,22.53805,1,15
27673,18:06:50,114.096001,22.53805,1,15
27673,18:07:48,114.097183,22.538067,1,2
27673,18:08:06,114.098015,22.538082,1,9
27673,18:08:07,114.098015,22.538082,1,9
27673,18:20:12,114.115646,22.535183,0,14
27673,18:21:07,114.119102,22.537783,0,28
27673,18:22:02,114.123215,22.540283,0,29
27673,18:23:00,114.125969,22.542084,0,19
27673,18:23:51,114.126633,22.542433,1,5
27673,18:24:46,114.129715,22.544268,1,20
27673,18:25:38,114.129486,22.547234,0,19
27673,18:26:34,114.12957,22.548183,0,3
27673,18:27:32,114.128616,22.549168,0,2
27673,18:28:27,114.128616,22.549168,0,0
27673,18:28:33,114.128616,22.549168,0,0
27673,18:29:29,114.128616,22.549168,0,0
27673,18:30:24,114.129951,22.552366,0,12
27673,18:31:19,114.130814,22.554466,0,16
27673,18:32:17,114.130852,22.554466,0,0
27673,18:33:12,114.133636,22.556784,0,25
27673,18:34:07,114.133636,22.556784,0,0
27673,18:35:02,114.133636,22.556784,0,0
27673,18:35:57,114.133636,22.556784,0,0
27673,18:36:39,114.13372,22.55685,0,0
27673,18:37:35,114.13372,22.55685,0,0
27673,18:38:19,114.13372,22.55685,1,0
27673,18:39:16,114.134232,22.557583,1,0
27673,18:40:11,114.135002,22.558468,1,5
27673,18:40:55,114.137901,22.555532,1,36
27673,18:42:47,114.129715,22.54425,1,55
27673,18:43:42,114.124336,22.541468,1,41
27673,18:44:37,114.120964,22.539167,1,28
27673,18:45:35,114.118134,22.537283,1,24
27673,18:46:25,114.116066,22.535467,1,18
27673,18:46:26,114.116066,22.535467,1,18
27673,18:46:27,114.116066,22.535467,1,18
27673,18:48:00,114.114098,22.534834,0,2
27673,18:48:14,114.11425,22.535101,1,0
27673,18:49:09,114.11557,22.535116,1,7
27673,18:50:04,114.116333,22.535667,1,6
27673,18:52:02,114.119385,22.538,1,14
27673,18:52:57,114.11438,22.538567,1,49
27673,18:53:52,114.106247,22.537067,1,55
27673,18:54:47,114.099419,22.538267,1,47
27673,18:55:46,114.090065,22.537968,1,34
27673,18:56:41,114.081734,22.537317,1,56
27673,18:57:36,114.077034,22.5322,1,49
27673,18:58:31,114.068947,22.531799,1,54
27673,18:59:26,114.058868,22.531668,1,67
27673,19:00:18,114.05687,22.531668,1,9
27673,19:01:14,114.05452,22.531601,1,15
27673,19:02:09,114.050583,22.531567,1,26
27673,19:03:04,114.044701,22.531418,1,38
27673,19:04:03,114.042152,22.531218,1,2
27673,19:04:21,114.04187,22.531183,1,1
27673,19:05:17,114.039581,22.530916,1,13
27673,19:06:12,114.03788,22.530783,1,8
27673,19:07:07,114.03643,22.530582,1,6
27673,19:07:08,114.03643,22.530582,1,6
27673,19:07:09,114.03643,22.530582,1,6
27673,19:08:57,114.032448,22.53005,1,9
27673,19:09:52,114.030319,22.530317,1,14
27673,19:10:47,114.026016,22.53125,1,29
27673,19:11:45,114.018913,22.532017,1,29
27673,19:12:40,114.01152,22.530184,1,50
27673,19:13:35,114.004303,22.530018,1,48
27673,19:14:30,113.997002,22.529118,1,50
27673,19:16:27,113.983215,22.52335,1,41
27673,19:17:22,113.97718,22.523184,1,40
27673,19:18:17,113.970131,22.522917,1,47
27673,19:19:13,113.959282,22.523001,1,71
27673,19:20:11,113.955849,22.523317,1,12
27673,19:21:06,113.953346,22.523567,1,13
27673,19:22:01,113.947586,22.52425,1,39
27673,19:22:56,113.938614,22.524633,1,60
27673,19:23:51,113.93103,22.524851,1,50
27673,19:24:49,113.929733,22.526466,1,4
27673,19:25:04,113.929733,22.526466,1,0
27673,19:26:36,113.929787,22.526783,1,0
27673,19:27:32,113.929787,22.526783,1,0
27673,19:28:27,113.929787,22.526783,1,0
27673,19:29:22,113.929398,22.526016,1,11
27673,19:30:17,113.928314,22.523149,1,22
27673,19:31:12,113.927071,22.522984,1,6
27673,19:33:05,113.925682,22.52125,1,0
27673,19:34:00,113.92527,22.519466,1,9
27673,19:34:57,113.924934,22.518232,1,0
27673,19:35:13,113.924515,22.518,1,3
27673,19:36:09,113.922798,22.51795,1,10
27673,19:37:04,113.922333,22.518032,1,2
27673,19:37:59,113.918198,22.520617,1,33
27673,19:38:54,113.917831,22.520849,1,2
27673,19:40:47,113.914314,22.518351,1,0
27673,19:41:42,113.912415,22.516567,1,17
27673,19:42:37,113.909515,22.515118,1,22
27673,19:43:32,113.909019,22.515034,1,1
27673,19:44:30,113.907402,22.514668,1,0
27673,19:44:43,113.907402,22.514668,0,0
27673,19:45:09,113.907402,22.514668,0,0
27673,19:46:05,113.906937,22.5152,0,0
27673,19:47:00,113.906532,22.515051,0,7
27673,19:47:55,113.908531,22.514917,0,12
27673,19:48:50,113.912865,22.512899,0,35
27673,19:49:45,113.915215,22.510599,0,21
27673,19:50:57,113.915215,22.510599,1,0
27673,19:51:56,113.91777,22.50865,1,0
27673,19:52:51,113.91777,22.50865,1,0
27673,19:52:56,113.91777,22.50865,1,0
27673,19:53:52,113.917999,22.508533,1,0
27673,19:54:47,113.917999,22.508533,1,0
27673,19:55:42,113.917999,22.508533,1,0
27673,19:56:37,113.918503,22.508118,1,1
27673,19:57:17,113.918518,22.508101,1,0
27673,19:58:13,113.918518,22.508101,1,0
27673,19:59:08,113.919319,22.508949,1,8
27673,19:59:53,113.920135,22.511818,1,0
27673,20:00:49,113.920853,22.51285,1,8
27673,20:00:50,113.920853,22.51285,1,8
27673,20:02:39,113.922119,22.517633,1,2
27673,20:03:37,113.922714,22.520033,1,17
27673,20:04:32,113.92437,22.5285,1,63
27673,20:05:27,113.926582,22.534416,1,45
27673,20:06:22,113.927086,22.5417,1,54
27673,20:07:19,113.928482,22.548582,1,10
27673,20:08:14,113.928802,22.556683,1,53
27673,20:08:56,113.929131,22.563667,1,66
27673,20:09:52,113.928833,22.571684,1,57
27673,20:10:50,113.925232,22.579184,1,42
27673,20:11:39,113.92527,22.58,1,4
27673,20:12:35,113.925232,22.5842,1,28
27673,20:13:30,113.925201,22.588182,1,26
27673,20:14:25,113.927933,22.595984,1,63
27673,20:15:22,113.929001,22.604616,1,50
27673,20:16:18,113.932198,22.607718,1,29
27673,20:17:13,113.932587,22.608032,1,2
27673,20:18:08,113.934631,22.616568,1,63
27673,20:19:03,113.934547,22.624783,1,59
27673,20:19:58,113.934517,22.625017,1,0
27673,20:20:53,113.934097,22.628834,1,25
27673,20:21:48,113.929253,22.634968,1,55
27673,20:22:27,113.927834,22.636517,1,0
27673,20:23:24,113.925186,22.6394,1,25
27673,20:24:19,113.918716,22.646549,1,67
27673,20:25:14,113.915298,22.6537,1,59
27673,20:26:09,113.919785,22.661716,1,65
27673,20:26:10,113.919785,22.661716,1,65
27673,20:26:11,113.919785,22.661716,1,65
27673,20:27:07,113.920349,22.669733,1,41
27673,20:28:02,113.920448,22.670517,1,5
27673,20:28:57,113.920448,22.670517,1,0
27673,20:29:52,113.920647,22.671333,1,4
27673,20:30:47,113.924232,22.670433,1,19
27673,20:31:45,113.92865,22.670767,1,27
27673,20:32:40,113.931686,22.672234,1,31
27673,20:33:35,113.932671,22.675234,1,24
27673,20:34:30,113.934914,22.676867,1,26
27673,20:35:28,113.934769,22.678867,1,0
27673,20:35:50,113.934769,22.678867,0,0
27673,20:36:46,113.934769,22.678867,0,0
27673,20:37:41,113.9347,22.679701,0,3
27673,20:38:36,113.934715,22.681032,0,6
27673,20:39:31,113.934647,22.682617,0,10
27673,20:40:10,113.934669,22.682934,0,1
27673,20:41:07,113.933281,22.683083,0,6
27673,20:41:08,113.933281,22.683083,0,6
27673,20:42:05,113.929398,22.683968,0,4
27673,20:43:00,113.927002,22.685383,0,17
27673,20:43:55,113.925766,22.6882,0,20
27673,20:44:50,113.923302,22.689734,0,19
27673,20:45:45,113.922348,22.687733,0,15
27673,20:46:46,113.922249,22.687599,0,0
27673,20:47:41,113.922249,22.687599,0,0
27673,20:48:36,113.924149,22.686317,0,15
27673,20:49:31,113.926918,22.685101,0,20
27673,20:50:26,113.929115,22.684116,0,16
27673,20:51:24,113.929169,22.684084,0,0
27673,20:51:25,113.929169,22.684084,0,0
27673,20:52:21,113.929169,22.684084,0,0
27673,20:52:22,113.929169,22.684084,0,0
27673,20:52:23,113.929169,22.684084,0,0
27673,20:53:20,113.93293,22.683033,0,6
27673,20:54:15,113.93293,22.683033,0,0
27673,20:55:10,113.934265,22.683149,0,7
27673,20:56:05,113.937401,22.683067,0,19
27673,20:57:00,113.938965,22.683317,0,8
27673,20:57:58,113.944267,22.683817,0,27
27673,20:58:53,113.947449,22.685783,0,26
27673,20:59:48,113.9496,22.6884,0,22
27673,21:00:43,113.952065,22.689251,1,18
27673,21:01:38,113.95652,22.686434,1,35
27673,21:02:36,113.961746,22.68545,1,36
27673,21:03:28,113.967346,22.684168,1,41
27673,21:04:23,113.970718,22.683683,1,22
27673,21:05:18,113.974731,22.679533,1,40
27673,21:06:13,113.97683,22.677401,1,18
27673,21:08:06,113.986732,22.6709,1,35
27673,21:08:43,113.990417,22.668583,1,44
27673,21:09:39,113.995514,22.664049,1,46
27673,21:10:34,114.000267,22.6618,1,37
27673,21:11:29,114.002434,22.6612,1,14
27673,21:12:24,114.0028,22.66115,1,0
27673,21:13:22,114.007484,22.661016,1,7
27673,21:14:17,114.010201,22.662582,1,19
27673,21:15:12,114.012154,22.662634,1,16
27673,21:16:07,114.014099,22.66065,1,17
27673,21:16:58,114.016136,22.658251,0,23
27673,21:17:57,114.016479,22.658016,0,1
27673,21:18:23,114.017067,22.657232,0,6
27673,21:19:02,114.017487,22.65675,1,3
27673,21:20:00,114.018547,22.655582,1,0
27673,21:20:55,114.018547,22.655582,1,0
27673,21:21:50,114.020164,22.6537,1,14
27673,21:22:45,114.0233,22.648649,1,42
27673,21:23:40,114.023682,22.646749,1,13
27673,21:24:19,114.023697,22.6467,1,0
27673,21:25:15,114.027,22.645218,1,24
27673,21:26:13,114.026184,22.641199,1,23
27673,21:26:30,114.026184,22.641199,1,0
27673,21:27:26,114.024582,22.636932,1,30
27673,21:29:16,114.024498,22.636383,1,2
27673,21:29:17,114.024498,22.636383,1,2
27673,21:31:06,114.031586,22.634184,1,2
27673,21:32:01,114.032249,22.631701,1,13
27673,21:32:56,114.032204,22.630333,1,7
27673,21:33:54,114.033546,22.627916,1,21
27673,21:34:49,114.034233,22.626266,1,10
27673,21:35:44,114.034714,22.6245,1,11
27673,21:36:39,114.035767,22.620817,1,27
27673,21:38:37,114.036903,22.617683,1,0
27673,21:39:00,114.036964,22.617483,1,1
27673,21:39:56,114.039032,22.613716,1,29
27673,21:40:03,114.03907,22.613632,0,5
27673,21:41:06,114.039398,22.613132,0,0
27673,21:41:28,114.039398,22.613132,1,0
27673,21:42:28,114.040298,22.608316,1,33
27673,21:43:28,114.039185,22.607683,1,7
27673,21:44:23,114.038879,22.607567,1,0
27673,21:45:18,114.041801,22.603416,1,37
27673,21:46:12,114.046501,22.603983,0,33
27673,21:47:04,114.046532,22.603983,1,0
27673,21:47:59,114.043221,22.603251,1,31
27673,21:48:55,114.038834,22.607166,1,42
27673,21:50:45,114.038231,22.607883,1,5
27673,21:51:40,114.035049,22.611883,1,33
27673,21:52:35,114.030067,22.618032,1,55
27673,21:53:30,114.027901,22.62315,1,39
27673,21:54:25,114.02578,22.6238,1,14
27673,21:55:20,114.024483,22.623867,1,8
27673,21:56:15,114.021629,22.623333,1,18
27673,21:56:49,114.020035,22.621933,0,27
27673,21:57:44,114.021133,22.620449,0,11
27673,21:58:39,114.022903,22.623533,0,33
27673,21:59:34,114.024582,22.620733,0,25
27673,22:00:30,114.025764,22.617617,0,20
27673,22:01:25,114.023697,22.615534,0,22
27673,22:02:20,114.026299,22.616533,0,23
27673,22:02:55,114.026337,22.616533,1,0
27673,22:03:50,114.029137,22.612783,1,29
27673,22:04:45,114.029137,22.612783,1,0
27673,22:05:40,114.033279,22.613684,1,34
27673,22:06:38,114.0382,22.607634,1,0
27673,22:07:33,114.040131,22.605267,1,20
27673,22:07:55,114.041832,22.603317,1,44
27673,22:08:51,114.042,22.603149,1,1
27673,22:09:46,114.043968,22.599934,1,25
27673,22:11:36,114.053032,22.586149,1,64
27673,22:12:31,114.056503,22.578817,1,58
27673,22:13:26,114.060936,22.574734,1,46
27673,22:14:11,114.062317,22.566784,1,54
27673,22:15:10,114.062553,22.555283,1,42
27673,22:15:33,114.062553,22.551666,1,45
27673,22:16:29,114.062553,22.551634,1,0
27673,22:17:24,114.06263,22.550083,1,10
27673,22:17:25,114.06263,22.550083,1,10
27673,22:17:26,114.06263,22.550083,1,10
27673,22:17:27,114.06263,22.550083,1,10
27673,22:17:28,114.06263,22.550083,1,10
27673,22:17:29,114.06263,22.550083,1,10
27673,22:17:30,114.06263,22.550083,1,10
27673,22:17:31,114.06263,22.550083,1,10
27673,22:17:32,114.06263,22.550083,1,10
27673,22:17:33,114.06263,22.550083,1,10
27673,22:17:34,114.06263,22.550083,1,10
27673,22:17:35,114.06263,22.550083,1,10
27673,22:17:36,114.06263,22.550083,1,10
27673,22:17:37,114.06263,22.550083,1,10
27673,22:17:38,114.06263,22.550083,1,10
27673,22:17:39,114.06263,22.550083,1,10
27673,23:32:27,113.948784,22.543133,1,0
27673,23:33:22,113.9533,22.543234,1,28
27673,23:34:17,113.960434,22.544117,1,50
27673,23:35:12,113.962967,22.54385,1,14
27673,23:36:07,113.962967,22.54385,1,0
27673,23:37:05,113.963867,22.544233,1,0
27673,23:38:00,113.963921,22.545868,1,8
27673,23:38:17,113.963814,22.546368,0,5
27673,23:39:13,113.963654,22.54705,0,1
27673,23:40:08,113.963699,22.546949,0,0
27673,23:40:11,113.963699,22.546949,1,0
27673,23:41:09,113.964134,22.5448,1,0
27673,23:42:04,113.963982,22.544468,1,0
27673,23:42:59,113.963982,22.544468,1,0
27673,23:43:54,113.963982,22.544468,1,0
27673,23:44:49,113.962868,22.542517,1,11
27673,23:45:48,113.95887,22.543484,1,16
27673,23:46:43,113.953346,22.544634,1,47
27673,23:47:38,113.95192,22.538218,1,52
27673,23:48:33,113.9506,22.536051,1,16
27673,23:49:28,113.949265,22.525867,1,74
27673,23:50:03,113.948433,22.519283,1,58
