29992,00:00:37,114.1166,22.6036,0,0
29992,00:01:07,114.1166,22.6036,0,0
29992,00:01:46,114.117401,22.604601,0,2
29992,00:02:16,114.117798,22.605101,0,10
29992,00:02:46,114.121101,22.607201,0,37
29992,00:03:16,114.125504,22.609699,0,30
29992,00:03:46,114.129997,22.613001,0,39
29992,00:05:16,114.137001,22.620899,0,0
29992,00:07:16,114.149902,22.6234,0,38
29992,00:07:46,114.154404,22.625401,0,40
29992,00:08:16,114.157898,22.630199,0,32
29992,00:08:46,114.161201,22.632799,0,35
29992,00:09:16,114.166496,22.635201,0,40
29992,00:09:46,114.171204,22.6362,0,18
29992,00:10:16,114.171997,22.636,0,4
29992,00:10:32,114.171799,22.6359,0,0
29992,00:10:46,114.171799,22.6359,0,0
29992,00:11:01,114.171799,22.6359,0,7
29992,00:11:46,114.1717,22.6334,0,16
29992,00:12:32,114.1717,22.632799,0,0
29992,00:13:02,114.1717,22.632799,0,0
29992,00:13:33,114.1717,22.633101,0,10
29992,00:14:03,114.172897,22.633301,0,16
29992,00:14:46,114.172302,22.634001,0,0
29992,00:15:03,114.172302,22.634001,0,0
29992,00:15:20,114.172302,22.634001,0,2
29992,00:15:33,114.172203,22.6362,0,10
29992,00:16:03,114.168404,22.636,0,46
29992,00:17:33,114.155502,22.627399,0,24
29992,00:18:03,114.153099,22.625299,0,10
29992,00:18:33,114.152802,22.6273,0,14
29992,00:19:03,114.152298,22.6269,0,10
29992,00:19:33,114.152397,22.626801,0,0
29992,00:20:03,114.152496,22.626301,0,6
29992,00:20:33,114.152603,22.625799,0,0
29992,00:21:03,114.152603,22.625799,0,0
29992,00:21:33,114.152603,22.625601,0,9
29992,00:22:03,114.150597,22.6238,0,24
29992,00:23:03,114.1436,22.6227,0,28
29992,00:23:33,114.141197,22.6229,0,8
29992,00:24:03,114.140701,22.6236,0,0
29992,00:24:33,114.1408,22.6234,0,0
29992,00:25:33,114.1408,22.6234,0,0
29992,00:26:03,114.1408,22.6234,0,0
29992,00:27:03,114.1408,22.6234,0,0
29992,00:27:33,114.1408,22.6234,0,0
29992,00:28:03,114.1408,22.6234,0,0
29992,00:28:33,114.1408,22.6234,0,0
29992,00:29:03,114.1408,22.6234,0,0
29992,00:30:33,114.1408,22.6234,0,0
29992,00:31:03,114.1408,22.6234,0,0
29992,00:31:33,114.1408,22.6234,0,0
29992,00:32:03,114.1408,22.6234,0,0
29992,00:33:03,114.1408,22.6234,0,0
29992,00:33:43,114.1408,22.6234,0,0
29992,00:34:13,114.1408,22.6234,0,0
29992,00:34:43,114.1408,22.6234,0,0
29992,00:35:13,114.1408,22.6234,0,0
29992,00:35:43,114.1408,22.6234,0,0
29992,00:36:43,114.1408,22.6234,0,0
29992,00:37:44,114.141098,22.6227,0,0
29992,00:38:22,114.1381,22.622,0,4
29992,00:38:52,114.136398,22.6208,0,30
29992,00:40:22,114.128502,22.612,0,30
29992,00:41:52,114.116798,22.6042,0,32
29992,00:42:22,114.113503,22.600201,0,40
29992,00:42:52,114.110298,22.5947,0,50
29992,00:43:22,114.109703,22.5893,0,36
29992,00:43:53,114.112,22.5858,0,27
29992,00:44:23,114.114502,22.5811,0,41
29992,00:45:23,114.1119,22.576599,0,37
29992,00:45:53,114.106201,22.5744,0,40
29992,00:46:23,114.101196,22.571301,0,41
29992,00:46:53,114.095703,22.568701,0,41
29992,00:47:23,114.089996,22.567301,0,39
29992,00:47:53,114.085602,22.569099,0,41
29992,00:48:23,114.080704,22.5725,0,44
29992,00:48:53,114.074799,22.5714,0,42
29992,00:49:23,114.069,22.5693,0,38
29992,00:50:23,114.0588,22.5672,0,20
29992,00:53:20,114.059898,22.577,0,0
29992,00:53:50,114.059898,22.577,0,0
29992,00:54:20,114.059898,22.5767,0,4
29992,00:55:20,114.055,22.5767,0,17
29992,00:56:20,114.054001,22.571699,0,13
29992,00:56:50,114.051498,22.571199,0,31
29992,00:57:20,114.048698,22.570499,0,16
29992,00:57:51,114.048798,22.5683,0,14
29992,00:58:21,114.047997,22.567301,0,18
29992,00:58:51,114.044601,22.5676,0,20
29992,00:59:21,114.043404,22.567499,0,0
29992,00:59:51,114.043098,22.5674,0,10
29992,01:00:21,114.043701,22.5658,0,16
29992,01:01:21,114.039597,22.565001,0,16
29992,01:01:51,114.037399,22.5658,0,26
29992,01:02:51,114.038902,22.565599,0,17
29992,01:03:21,114.040802,22.562,0,33
29992,01:03:51,114.043098,22.557899,0,25
29992,01:04:42,114.042603,22.5567,0,7
29992,01:06:42,114.0429,22.558599,0,28
29992,01:07:42,114.044502,22.564199,0,33
29992,01:08:12,114.048798,22.564899,0,35
29992,01:09:42,114.062103,22.566799,0,20
29992,01:10:12,114.061897,22.5704,0,29
29992,01:10:42,114.061096,22.574301,0,28
29992,01:11:42,114.059898,22.578501,0,35
29992,01:12:12,114.055603,22.58,0,37
29992,01:12:42,114.053398,22.5842,0,35
29992,01:13:12,114.051498,22.5888,0,38
29992,01:13:42,114.048599,22.5924,0,20
29992,01:14:43,114.050301,22.5949,0,3
29992,01:15:13,114.049896,22.5954,0,6
29992,01:15:43,114.049301,22.5961,0,12
29992,01:16:42,114.048401,22.5987,0,3
29992,01:17:12,114.049698,22.5989,0,7
29992,01:17:42,114.049896,22.598801,0,0
29992,01:17:47,114.049896,22.598801,0,0
29992,01:18:17,114.049896,22.598801,0,0
29992,01:18:47,114.049896,22.598801,0,0
29992,01:19:48,114.048401,22.597601,0,9
29992,01:20:18,114.0494,22.596001,0,6
29992,01:20:48,114.050102,22.594999,0,2
29992,01:22:22,114.047699,22.593901,0,27
29992,01:22:52,114.045998,22.5965,0,12
29992,01:23:52,114.0504,22.5895,0,34
29992,01:24:22,114.0532,22.5846,0,37
29992,01:25:22,114.059402,22.5779,0,31
29992,01:25:52,114.060997,22.5739,0,23
29992,01:26:22,114.061996,22.569901,0,35
29992,01:26:52,114.061501,22.5669,0,17
29992,01:27:22,114.064003,22.568501,0,40
29992,01:29:53,114.089699,22.566999,0,38
29992,01:31:23,114.102303,22.571501,0,23
29992,01:32:23,114.107803,22.572701,0,7
29992,01:33:23,114.107697,22.569799,0,0
29992,01:33:49,114.107697,22.569799,0,0
29992,01:34:19,114.107697,22.569799,0,0
29992,01:34:49,114.107803,22.5686,0,16
29992,01:35:19,114.107399,22.567101,0,0
29992,01:35:49,114.107399,22.5669,0,0
29992,01:36:19,114.106796,22.5639,0,23
29992,01:36:49,114.105202,22.562,0,29
29992,01:37:19,114.103996,22.559601,0,12
29992,01:37:49,114.103996,22.558701,0,13
29992,01:38:19,114.104103,22.556299,0,26
29992,01:38:49,114.1036,22.5543,0,8
29992,01:39:49,114.101196,22.5534,0,7
29992,01:41:32,114.097,22.555799,0,11
29992,01:42:02,114.097397,22.5571,0,4
29992,01:42:32,114.097504,22.5583,0,0
29992,01:42:44,114.097504,22.5583,0,0
29992,01:43:44,114.099297,22.5564,0,25
29992,01:44:45,114.097,22.553801,0,10
29992,01:45:15,114.097,22.552601,0,17
29992,01:46:15,114.091301,22.5518,0,4
29992,01:47:15,114.088799,22.5518,0,25
29992,01:47:45,114.087799,22.549999,0,14
29992,01:49:15,114.087898,22.5459,0,7
29992,01:49:45,114.087898,22.545799,0,0
29992,01:50:15,114.087898,22.544399,0,10
29992,01:50:45,114.0858,22.542801,0,33
29992,01:52:45,114.087997,22.5445,0,10
29992,01:53:15,114.086403,22.5429,0,27
29992,01:53:45,114.082397,22.542801,0,23
29992,01:54:15,114.078697,22.5429,0,20
29992,01:55:15,114.0765,22.5431,0,0
29992,01:56:15,114.070801,22.5431,0,25
29992,01:56:45,114.067902,22.5439,0,18
29992,01:57:45,114.066803,22.5387,0,18
29992,01:58:15,114.064201,22.537701,0,19
29992,01:59:15,114.063202,22.537701,0,0
29992,01:59:45,114.063004,22.537701,0,0
29992,02:00:15,114.062698,22.5352,0,20
29992,02:00:45,114.062897,22.5317,0,26
29992,02:01:15,114.063004,22.5282,0,16
29992,02:01:45,114.063004,22.5245,0,28
29992,02:02:15,114.061203,22.5215,0,9
29992,02:03:15,114.061096,22.5214,0,0
29992,02:03:45,114.060997,22.5212,0,10
29992,02:04:15,114.058197,22.519699,0,26
29992,02:05:15,114.0504,22.518299,0,28
29992,02:05:45,114.046204,22.519199,0,18
29992,02:06:15,114.042702,22.5208,0,21
29992,02:07:15,114.040298,22.5221,0,29
29992,02:07:45,114.037399,22.5236,0,11
29992,02:08:15,114.0364,22.5229,0,11
29992,02:09:15,114.033897,22.523899,0,9
29992,02:09:45,114.032997,22.5243,0,1
29992,02:10:16,114.0327,22.524599,0,0
29992,02:10:46,114.0327,22.5245,0,0
29992,02:11:03,114.0327,22.5245,0,0
29992,02:11:11,114.0327,22.5245,0,0
29992,02:11:17,114.0327,22.5245,0,0
29992,02:11:47,114.0327,22.5245,0,0
29992,02:12:16,114.0327,22.5245,0,0
29992,02:13:16,114.0327,22.5245,0,0
29992,02:13:20,114.0327,22.5245,0,2
29992,02:13:45,114.0327,22.5245,0,0
29992,02:13:47,114.0327,22.5245,0,0
29992,02:13:52,114.0327,22.5245,0,0
29992,02:13:59,114.0327,22.5245,0,0
29992,02:14:17,114.0327,22.5245,0,0
29992,02:14:30,114.0327,22.5245,0,0
29992,02:14:34,114.0327,22.5245,0,0
29992,02:14:47,114.0327,22.5245,0,0
29992,02:15:24,114.0327,22.5245,0,0
29992,02:15:47,114.0327,22.5245,0,0
29992,02:16:07,114.0327,22.5245,0,0
29992,02:16:14,114.0327,22.5245,0,0
29992,02:16:17,114.0327,22.5245,0,0
29992,02:16:39,114.0327,22.5245,0,0
29992,02:16:47,114.0327,22.5245,0,0
29992,02:17:17,114.032898,22.5242,0,3
29992,02:18:46,114.032898,22.5242,0,0
29992,02:18:55,114.032898,22.524099,0,0
29992,02:19:18,114.032898,22.524099,0,0
29992,02:19:29,114.032898,22.524099,0,0
29992,02:19:47,114.0327,22.524099,0,0
29992,02:20:46,114.0327,22.524099,0,0
29992,02:21:37,114.0327,22.524099,0,0
29992,02:21:45,114.0327,22.524099,0,0
29992,02:21:47,114.0327,22.524099,0,0
29992,02:22:15,114.0327,22.524099,0,0
29992,02:22:17,114.0327,22.524099,0,0
29992,02:22:26,114.0327,22.524099,0,0
29992,02:22:48,114.0327,22.524099,0,0
29992,02:22:55,114.0327,22.524099,0,0
29992,02:23:08,114.0327,22.524099,0,2
29992,02:24:47,114.0327,22.524099,0,0
29992,02:26:15,114.0327,22.524099,0,0
29992,02:27:17,114.0327,22.524099,0,0
29992,02:27:25,114.0327,22.524099,0,0
29992,02:27:36,114.032898,22.5238,0,2
29992,02:27:44,114.032898,22.5238,0,0
29992,02:27:49,114.032898,22.5238,0,0
29992,02:28:08,114.0326,22.524099,0,0
29992,02:28:12,114.0326,22.524099,0,0
29992,02:28:30,114.0326,22.524099,0,0
29992,02:28:48,114.0326,22.524099,0,0
29992,02:29:16,114.0326,22.524099,0,0
29992,02:29:18,114.0326,22.524099,0,0
29992,02:29:48,114.0326,22.524099,0,0
29992,02:30:17,114.0326,22.524099,0,0
29992,02:30:47,114.0326,22.524099,0,0
29992,02:30:52,114.0326,22.524099,0,0
29992,02:30:59,114.0327,22.524099,0,0
29992,02:31:23,114.0327,22.524099,0,0
29992,02:32:17,114.032204,22.524799,0,6
29992,02:32:47,114.032303,22.5256,0,8
29992,02:33:17,114.032402,22.5257,0,0
29992,02:33:47,114.033203,22.527,0,7
29992,02:34:17,114.033302,22.527,0,0
29992,02:35:47,114.033798,22.5284,0,8
29992,02:36:17,114.035202,22.5301,0,29
29992,02:37:17,114.038597,22.5275,0,9
29992,02:37:47,114.040604,22.5271,0,17
29992,02:38:47,114.044296,22.5278,0,8
29992,02:39:17,114.044701,22.5264,0,14
29992,02:39:47,114.044601,22.525999,0,0
29992,02:40:17,114.044998,22.5266,0,27
29992,02:40:47,114.044701,22.531601,0,41
29992,02:41:17,114.0457,22.5334,0,19
29992,02:41:47,114.047997,22.5336,0,11
29992,02:42:17,114.047302,22.5334,0,19
29992,02:42:47,114.044701,22.5338,0,19
29992,02:42:58,114.0448,22.534901,0,0
29992,02:43:07,114.044098,22.5347,0,8
29992,02:43:18,114.043602,22.5345,0,14
29992,02:43:48,114.041702,22.533701,0,14
29992,02:44:18,114.040703,22.5331,0,4
29992,02:44:48,114.040802,22.5312,0,0
29992,02:45:18,114.040802,22.5313,0,5
29992,02:46:51,114.044502,22.5317,0,34
29992,02:47:51,114.044098,22.525,0,29
29992,02:49:32,114.042702,22.5205,0,0
29992,02:50:02,114.043701,22.52,0,24
29992,02:51:02,114.051102,22.5193,0,32
29992,02:53:02,114.057198,22.5259,0,4
29992,02:53:21,114.057198,22.5259,0,0
29992,02:54:21,114.060204,22.523899,0,6
29992,02:54:51,114.060501,22.5228,0,25
29992,02:55:21,114.0625,22.519699,0,25
29992,02:56:21,114.064499,22.518999,0,22
29992,02:56:51,114.067101,22.519199,0,3
29992,02:57:28,114.0672,22.518999,0,0
29992,02:58:58,114.065804,22.520201,0,0
29992,02:59:28,114.064301,22.5194,0,6
29992,02:59:58,114.063599,22.5193,0,0
29992,03:00:28,114.0616,22.5207,0,15
29992,03:02:29,114.058899,22.5203,0,7
29992,03:02:59,114.058998,22.520901,0,7
29992,03:03:59,114.058601,22.523701,0,7
29992,03:04:29,114.058601,22.525,0,3
29992,03:04:59,114.058403,22.525801,0,6
29992,03:05:29,114.059601,22.526501,0,16
29992,03:06:29,114.0588,22.529699,0,26
29992,03:07:59,114.062698,22.5355,0,3
29992,03:08:59,114.063004,22.535601,0,7
29992,03:09:29,114.063004,22.5373,0,0
29992,03:10:29,114.062897,22.5401,0,17
29992,03:10:59,114.062897,22.5445,0,37
29992,03:11:29,114.062897,22.5471,0,0
29992,03:11:59,114.062897,22.547199,0,0
29992,03:12:29,114.062897,22.547199,0,0
29992,03:13:29,114.062897,22.5492,0,28
29992,03:13:59,114.062897,22.551001,0,0
29992,03:14:29,114.062798,22.5527,0,24
29992,03:14:59,114.062698,22.556801,0,32
29992,03:15:29,114.062599,22.5613,0,34
29992,03:15:59,114.0625,22.565901,0,31
29992,03:16:59,114.061996,22.5709,0,9
29992,03:19:00,114.059898,22.571501,0,0
29992,03:19:23,114.059898,22.571501,0,0
29992,03:19:30,114.059898,22.571501,0,0
29992,03:19:53,114.059898,22.571501,0,0
29992,03:20:00,114.059898,22.571501,0,0
29992,03:20:23,114.059898,22.571501,0,0
29992,03:21:00,114.059898,22.571501,0,0
29992,03:21:30,114.0597,22.5714,0,4
29992,03:22:30,114.0597,22.5714,0,0
29992,03:22:57,114.0597,22.5714,0,0
29992,03:23:00,114.0597,22.5714,0,0
29992,03:23:30,114.0597,22.5714,0,0
29992,03:24:30,114.0597,22.5714,0,0
29992,03:24:57,114.0597,22.5714,0,0
29992,03:25:27,114.0597,22.5714,0,0
29992,03:25:30,114.0597,22.5714,0,0
29992,03:27:00,114.058899,22.5711,0,0
29992,03:27:30,114.058899,22.5711,0,0
29992,03:28:30,114.061401,22.5711,0,0
29992,03:29:30,114.061401,22.5732,0,19
29992,03:30:00,114.060799,22.5758,0,20
29992,03:30:30,114.0625,22.577499,0,19
29992,03:31:00,114.059196,22.578501,0,26
29992,03:33:30,114.047798,22.5945,0,16
29992,03:34:30,114.045303,22.5993,0,27
29992,03:35:00,114.044197,22.600599,0,0
29992,03:35:30,114.044197,22.600599,0,0
29992,03:36:00,114.044197,22.600599,0,0
29992,03:36:30,114.044197,22.600599,0,0
29992,03:37:00,114.044197,22.600599,0,0
29992,03:37:30,114.044197,22.600599,0,0
29992,03:38:00,114.044197,22.600599,0,0
29992,03:38:30,114.044197,22.600599,0,0
29992,03:39:00,114.044197,22.600599,0,0
29992,03:39:30,114.043602,22.601801,0,19
29992,03:40:00,114.044601,22.6045,0,17
29992,03:40:30,114.042397,22.6031,0,17
29992,03:41:00,114.040001,22.6059,0,31
29992,03:42:00,114.034698,22.6122,0,24
29992,03:42:30,114.032799,22.6145,0,9
29992,03:43:30,114.030502,22.6173,0,21
29992,03:44:00,114.028702,22.620701,0,27
29992,03:45:30,114.0289,22.619301,0,0
29992,03:46:00,114.0289,22.619301,0,0
29992,03:46:30,114.0289,22.619301,0,0
29992,03:47:00,114.0289,22.619301,0,0
29992,03:47:30,114.0289,22.619301,0,0
29992,03:48:31,114.0289,22.619301,0,0
29992,03:49:01,114.0289,22.619301,0,0
29992,03:50:01,114.0289,22.619301,0,0
29992,03:50:31,114.0289,22.619301,0,0
29992,03:51:01,114.0289,22.619301,0,0
29992,03:51:31,114.0289,22.619301,0,0
29992,03:52:31,114.0289,22.619301,0,0
29992,03:53:01,114.0289,22.619301,0,0
29992,03:54:31,114.0289,22.619301,0,0
29992,03:55:31,114.0289,22.619301,0,0
29992,03:56:01,114.0289,22.619301,0,0
29992,03:57:31,114.0289,22.619301,0,0
29992,03:58:01,114.0289,22.619301,0,0
29992,03:58:31,114.0289,22.619301,0,0
29992,04:00:01,114.0289,22.619301,0,0
29992,04:00:31,114.0289,22.619301,0,0
29992,04:01:31,114.0289,22.619301,0,0
29992,04:02:01,114.0289,22.619301,0,0
29992,04:02:31,114.0289,22.619301,0,0
29992,04:03:01,114.0289,22.619301,0,0
29992,04:03:31,114.0289,22.619301,0,0
29992,04:04:01,114.0289,22.619301,0,0
29992,04:04:31,114.0289,22.619301,0,0
29992,04:05:31,114.0289,22.619301,0,0
29992,04:06:31,114.0289,22.619301,0,0
29992,04:07:01,114.0289,22.619301,0,0
29992,04:08:01,114.0289,22.619301,0,0
29992,04:08:31,114.0289,22.619301,0,0
29992,04:09:01,114.0289,22.619301,0,0
29992,04:10:01,114.0289,22.619301,0,0
29992,04:11:01,114.0289,22.619301,0,0
29992,04:11:31,114.0289,22.619301,0,0
29992,04:12:31,114.0289,22.619301,0,0
29992,04:13:01,114.0289,22.619301,0,0
29992,04:14:01,114.0289,22.619301,0,0
29992,04:14:31,114.0289,22.619301,0,0
29992,04:15:01,114.0289,22.619301,0,0
29992,04:15:31,114.0289,22.619301,0,0
29992,04:16:02,114.0289,22.619301,0,0
29992,04:16:32,114.0289,22.619301,0,0
29992,04:17:02,114.0289,22.619301,0,0
29992,04:17:32,114.0289,22.619301,0,0
29992,04:18:02,114.0289,22.619301,0,0
29992,04:18:32,114.0289,22.619301,0,0
29992,04:19:02,114.0289,22.619301,0,0
29992,04:19:32,114.0289,22.619301,0,0
29992,04:20:32,114.0289,22.619301,0,0
29992,04:21:02,114.0289,22.619301,0,0
29992,04:21:32,114.0289,22.619301,0,0
29992,04:22:02,114.0289,22.619301,0,0
29992,04:22:32,114.0289,22.619301,0,0
29992,04:23:32,114.0289,22.619301,0,0
29992,04:24:02,114.0289,22.619301,0,0
29992,04:24:32,114.0289,22.619301,0,0
29992,04:26:02,114.0289,22.619301,0,0
29992,04:27:02,114.0289,22.619301,0,0
29992,04:27:32,114.0289,22.619301,0,0
29992,04:28:02,114.0289,22.619301,0,0
29992,04:28:32,114.0289,22.619301,0,0
29992,04:29:02,114.0289,22.619301,0,0
29992,04:29:32,114.0289,22.619301,0,0
29992,04:30:02,114.0289,22.619301,0,0
29992,04:30:32,114.0289,22.619301,0,0
29992,04:32:13,114.0289,22.619301,0,0
29992,04:33:13,114.0289,22.619301,0,0
29992,04:33:43,114.0289,22.619301,0,0
29992,04:34:13,114.0289,22.619301,0,0
29992,04:34:43,114.0289,22.619301,0,0
29992,04:35:43,114.0289,22.619301,0,0
29992,04:36:14,114.0289,22.619301,0,0
29992,04:37:14,114.0289,22.619301,0,0
29992,04:37:44,114.0289,22.619301,0,0
29992,04:38:14,114.0289,22.619301,0,0
29992,04:38:44,114.0289,22.619301,0,0
29992,04:39:14,114.0289,22.619301,0,0
29992,04:40:44,114.0289,22.619301,0,0
29992,04:41:14,114.0289,22.619301,0,0
29992,04:42:14,114.0289,22.619301,0,0
29992,04:42:44,114.0289,22.619301,0,0
29992,04:43:14,114.0289,22.619301,0,0
29992,04:43:44,114.0289,22.619301,0,0
29992,04:44:14,114.0289,22.619301,0,0
29992,04:44:44,114.0289,22.619301,0,0
29992,04:45:14,114.0289,22.619301,0,0
29992,04:45:44,114.0289,22.619301,0,0
29992,04:46:14,114.0289,22.619301,0,0
29992,04:47:14,114.0289,22.619301,0,0
29992,04:47:44,114.0289,22.619301,0,0
29992,04:48:44,114.0289,22.619301,0,0
29992,04:50:14,114.0289,22.619301,0,0
29992,04:51:14,114.0289,22.619301,0,0
29992,04:51:44,114.0289,22.619301,0,0
29992,04:52:14,114.0289,22.619301,0,0
29992,04:52:44,114.0289,22.619301,0,0
29992,04:53:14,114.0289,22.619301,0,0
29992,04:53:44,114.0289,22.619301,0,0
29992,04:54:14,114.0289,22.619301,0,0
29992,04:54:44,114.0289,22.619301,0,0
29992,04:55:14,114.0289,22.619301,0,0
29992,04:56:14,114.0289,22.619301,0,0
29992,04:56:44,114.0289,22.619301,0,0
29992,04:57:14,114.0289,22.619301,0,0
29992,04:57:44,114.0289,22.619301,0,0
29992,04:58:15,114.0289,22.619301,0,0
29992,04:59:15,114.0289,22.619301,0,0
29992,04:59:45,114.0289,22.619301,0,0
29992,05:00:15,114.0289,22.619301,0,0
29992,05:00:45,114.0289,22.619301,0,0
29992,05:01:15,114.0289,22.619301,0,0
29992,05:01:45,114.0289,22.619301,0,0
29992,05:02:15,114.0289,22.619301,0,0
29992,05:03:15,114.0289,22.619301,0,0
29992,05:03:45,114.0289,22.619301,0,0
29992,05:04:45,114.0289,22.619301,0,0
29992,05:05:15,114.0289,22.619301,0,0
29992,05:05:45,114.0289,22.619301,0,0
29992,05:06:45,114.0289,22.619301,0,0
29992,05:07:45,114.0289,22.619301,0,0
29992,05:08:15,114.0289,22.619301,0,0
29992,05:08:45,114.0289,22.619301,0,0
29992,05:09:45,114.0289,22.619301,0,0
29992,05:11:45,114.0289,22.619301,0,0
29992,05:12:15,114.0289,22.619301,0,0
29992,05:12:45,114.0289,22.619301,0,0
29992,05:13:45,114.0289,22.619301,0,0
29992,05:14:15,114.0289,22.619301,0,0
29992,05:15:15,114.0289,22.619301,0,0
29992,05:15:45,114.0289,22.619301,0,0
29992,05:16:15,114.0289,22.619301,0,0
29992,05:16:45,114.0289,22.619301,0,0
29992,05:17:45,114.0289,22.619301,0,0
29992,05:18:15,114.0289,22.619301,0,0
29992,05:18:45,114.0289,22.619301,0,0
29992,05:19:15,114.0289,22.619301,0,0
29992,05:20:15,114.0289,22.619301,0,0
29992,05:20:45,114.0289,22.619301,0,0
29992,05:21:15,114.0289,22.619301,0,0
29992,05:21:45,114.0289,22.619301,0,0
29992,05:22:45,114.0289,22.619301,0,0
29992,05:23:45,114.0289,22.619301,0,0
29992,05:25:15,114.0289,22.619301,0,0
29992,05:25:45,114.0289,22.619301,0,0
29992,05:26:45,114.0289,22.619301,0,0
29992,05:27:15,114.0289,22.619301,0,0
29992,05:28:15,114.0289,22.619301,0,0
29992,05:29:45,114.0289,22.619301,0,0
29992,05:30:15,114.0289,22.619301,0,0
29992,05:30:45,114.0289,22.619301,0,0
29992,05:31:15,114.0289,22.619301,0,0
29992,05:31:45,114.0289,22.619301,0,0
29992,05:32:16,114.0289,22.619301,0,0
29992,05:32:46,114.0289,22.619301,0,0
29992,05:34:16,114.0289,22.619301,0,0
29992,05:35:46,114.0289,22.619301,0,0
29992,05:36:16,114.0289,22.619301,0,0
29992,05:37:16,114.0289,22.619301,0,0
29992,05:37:46,114.0289,22.619301,0,0
29992,05:38:46,114.0289,22.619301,0,0
29992,05:39:16,114.0289,22.619301,0,0
29992,05:39:46,114.0289,22.619301,0,0
29992,05:40:46,114.0289,22.619301,0,0
29992,05:41:16,114.0289,22.619301,0,0
29992,05:41:46,114.0289,22.619301,0,0
29992,05:42:46,114.0289,22.619301,0,0
29992,05:43:16,114.0289,22.619301,0,0
29992,05:43:46,114.0289,22.619301,0,0
29992,05:44:16,114.0289,22.619301,0,0
29992,05:44:46,114.0289,22.619301,0,0
29992,05:45:16,114.0289,22.619301,0,0
29992,05:45:46,114.0289,22.619301,0,0
29992,05:47:46,114.0289,22.619301,0,0
29992,05:48:46,114.0289,22.619301,0,0
29992,05:51:16,114.0289,22.619301,0,0
29992,05:51:46,114.0289,22.619301,0,0
29992,05:52:46,114.0289,22.619301,0,0
29992,05:53:16,114.0289,22.619301,0,0
29992,05:53:46,114.0289,22.619301,0,0
29992,05:54:16,114.0289,22.619301,0,0
29992,05:54:46,114.0289,22.619301,0,0
29992,05:55:16,114.0289,22.619301,0,0
29992,05:55:46,114.0289,22.619301,0,0
29992,05:56:17,114.0289,22.619301,0,0
29992,05:56:47,114.0289,22.619301,0,0
29992,05:57:47,114.0289,22.619301,0,0
29992,05:58:17,114.0289,22.619301,0,0
29992,05:58:47,114.0289,22.619301,0,0
29992,06:00:17,114.0289,22.619301,0,0
29992,06:00:47,114.0289,22.619301,0,0
29992,06:01:17,114.0289,22.619301,0,0
29992,06:02:17,114.0289,22.619301,0,0
29992,06:03:17,114.0289,22.619301,0,0
29992,06:04:47,114.0289,22.619301,0,0
29992,06:05:17,114.0289,22.619301,0,0
29992,06:05:47,114.0289,22.619301,0,0
29992,06:06:17,114.0289,22.619301,0,0
29992,06:06:47,114.0289,22.619301,0,0
29992,06:07:17,114.0289,22.619301,0,0
29992,06:07:47,114.0289,22.619301,0,0
29992,06:08:17,114.0289,22.619301,0,0
29992,06:08:47,114.0289,22.619301,0,0
29992,06:09:17,114.0289,22.619301,0,0
29992,06:09:47,114.0289,22.619301,0,0
29992,06:10:47,114.0289,22.619301,0,0
29992,06:11:17,114.0289,22.619301,0,0
29992,06:11:47,114.0289,22.619301,0,0
29992,06:12:17,114.0289,22.619301,0,0
29992,06:12:47,114.0289,22.619301,0,0
29992,06:13:17,114.0289,22.619301,0,0
29992,06:13:47,114.0289,22.619301,0,0
29992,06:15:17,114.0289,22.619301,0,0
29992,06:15:47,114.0289,22.619301,0,0
29992,06:16:17,114.0289,22.619301,0,0
29992,06:17:17,114.0289,22.619301,0,0
29992,06:18:17,114.0289,22.619301,0,0
29992,06:18:47,114.0289,22.619301,0,0
29992,06:19:17,114.0289,22.619301,0,0
29992,06:20:17,114.0289,22.619301,0,0
29992,06:20:47,114.0289,22.619301,0,0
29992,06:21:47,114.0289,22.619301,0,0
29992,06:22:48,114.0289,22.619301,0,0
29992,06:23:18,114.0289,22.619301,0,0
29992,06:23:48,114.0289,22.619301,0,0
29992,06:24:18,114.0289,22.619301,0,0
29992,06:24:48,114.0289,22.619301,0,0
29992,06:25:48,114.0289,22.619301,0,0
29992,06:26:18,114.0289,22.619301,0,0
29992,06:26:48,114.0289,22.619301,0,0
29992,06:27:18,114.0289,22.619301,0,0
29992,06:27:48,114.0289,22.619301,0,0
29992,06:28:18,114.0289,22.619301,0,0
29992,06:28:48,114.0289,22.619301,0,0
29992,06:29:18,114.0289,22.619301,0,0
29992,06:29:48,114.0289,22.619301,0,0
29992,06:30:18,114.0289,22.619301,0,0
29992,06:31:18,114.0289,22.619301,0,0
29992,06:32:48,114.0289,22.619301,0,0
29992,06:33:18,114.0289,22.619301,0,0
29992,06:33:48,114.0289,22.619301,0,0
29992,06:34:48,114.0289,22.619301,0,0
29992,06:35:48,114.0289,22.619301,0,0
29992,06:36:18,114.0289,22.619301,0,0
29992,06:37:18,114.0289,22.619301,0,0
29992,06:37:48,114.0289,22.619301,0,0
29992,06:38:18,114.028297,22.6208,0,16
29992,06:38:48,114.028099,22.621401,0,0
29992,06:39:18,114.027298,22.621599,0,15
29992,06:40:48,114.027603,22.624399,0,26
29992,06:41:18,114.0271,22.6273,0,18
29992,06:41:48,114.0298,22.6273,0,7
29992,06:42:18,114.0299,22.627399,0,0
29992,06:42:48,114.0299,22.627399,0,0
29992,06:44:18,114.030098,22.629,0,10
29992,06:44:48,114.031197,22.629999,0,0
29992,06:45:48,114.031197,22.629999,0,0
29992,06:46:18,114.031197,22.629999,0,0
29992,06:46:48,114.031197,22.629999,0,0
29992,06:47:18,114.031197,22.629999,0,0
29992,06:47:48,114.031197,22.629999,0,0
29992,06:48:48,114.031601,22.6301,0,9
29992,06:50:19,114.032303,22.6339,0,0
29992,06:50:49,114.032097,22.634701,0,22
29992,06:51:19,114.031898,22.638,0,27
29992,06:51:49,114.033096,22.6416,0,24
29992,06:52:19,114.0354,22.642401,0,17
29992,06:52:49,114.038002,22.6416,0,0
29992,06:53:19,114.0382,22.6416,0,5
29992,06:53:49,114.040802,22.640301,0,0
29992,06:53:53,114.040802,22.640301,0,0
29992,06:57:23,114.049004,22.631001,0,44
29992,06:57:53,114.055397,22.629601,0,40
29992,06:58:23,114.0616,22.629601,0,41
29992,06:59:23,114.066002,22.630199,0,23
29992,06:59:53,114.070503,22.630199,0,34
29992,07:01:23,114.084396,22.6278,0,32
29992,07:01:53,114.088501,22.6285,0,30
29992,07:02:23,114.086601,22.6322,0,14
29992,07:02:53,114.087799,22.633699,0,24
29992,07:03:23,114.088799,22.629499,0,37
29992,07:03:53,114.0895,22.624201,0,40
29992,07:04:23,114.090202,22.6213,0,0
29992,07:05:53,114.092697,22.612499,0,48
29992,07:06:23,114.0952,22.6061,0,48
29992,07:07:23,114.098297,22.5963,0,0
29992,07:07:39,114.098297,22.5963,0,32
29992,07:07:54,114.097504,22.589399,0,29
29992,07:08:23,114.098198,22.585199,0,38
29992,07:09:23,114.099098,22.5784,0,19
29992,07:10:56,114.097702,22.576099,0,2
29992,07:11:26,114.097702,22.576099,0,0
29992,07:11:56,114.098198,22.5758,0,3
29992,07:12:56,114.098801,22.5776,0,0
29992,07:13:26,114.098801,22.5776,0,0
29992,07:13:56,114.098801,22.5776,0,0
29992,07:14:26,114.098999,22.577499,0,7
29992,07:14:56,114.098503,22.574301,0,31
29992,07:15:56,114.099098,22.567301,0,27
29992,07:16:26,114.098801,22.564899,0,14
29992,07:16:56,114.096901,22.564699,0,21
29992,07:17:56,114.094498,22.562599,0,17
29992,07:18:56,114.094704,22.5604,0,10
29992,07:19:26,114.094597,22.5611,0,0
29992,07:19:56,114.096397,22.561501,0,13
29992,07:20:26,114.098297,22.561501,0,16
29992,07:21:26,114.097198,22.561501,0,6
29992,07:21:56,114.0961,22.561501,0,0
29992,07:22:26,114.0961,22.561501,0,0
29992,07:22:56,114.0961,22.561501,0,0
29992,07:24:26,114.094803,22.561501,0,0
29992,07:24:56,114.092499,22.561501,0,23
29992,07:25:26,114.089699,22.561199,0,14
29992,07:25:56,114.088097,22.564301,0,25
29992,07:26:56,114.091904,22.5674,0,25
29992,07:27:26,114.094704,22.5681,0,17
29992,07:27:56,114.097504,22.569,0,14
29992,07:28:26,114.0989,22.568501,0,17
29992,07:29:26,114.098602,22.566401,0,6
29992,07:30:27,114.094902,22.566299,0,8
29992,07:30:57,114.094704,22.566299,0,6
29992,07:31:27,114.094498,22.564899,0,5
29992,07:31:57,114.094498,22.562599,0,17
29992,07:32:57,114.094597,22.5618,0,0
29992,07:33:27,114.094597,22.559799,0,13
29992,07:33:57,114.094704,22.5595,0,0
29992,07:34:27,114.094704,22.5595,0,0
29992,07:34:57,114.094704,22.5595,0,0
29992,07:35:57,114.094704,22.5595,0,0
29992,07:36:57,114.094704,22.5595,0,0
29992,07:38:48,114.094704,22.5595,0,0
29992,07:39:48,114.091797,22.5585,0,0
29992,07:40:18,114.091797,22.5585,0,0
29992,07:40:48,114.091797,22.5585,0,0
29992,07:42:18,114.0924,22.558399,0,27
29992,07:42:48,114.097198,22.558399,0,30
29992,07:43:48,114.098801,22.558399,0,0
29992,07:44:18,114.098801,22.558399,0,0
29992,07:44:48,114.0989,22.5585,0,0
29992,07:45:18,114.102501,22.5585,0,27
29992,07:45:48,114.103699,22.5585,0,0
29992,07:46:19,114.103699,22.5585,0,0
29992,07:47:19,114.111504,22.558399,0,17
29992,07:47:49,114.109901,22.555599,0,9
29992,07:48:19,114.109703,22.5539,0,18
29992,07:51:19,114.1101,22.5499,0,0
29992,07:52:49,114.109596,22.547199,0,15
29992,07:53:19,114.1101,22.5438,0,27
29992,07:53:49,114.110298,22.5425,0,0
29992,07:54:19,114.111298,22.5418,0,8
29992,07:54:49,114.111702,22.5394,0,16
29992,07:56:49,114.112999,22.535801,0,3
29992,07:57:19,114.112602,22.535999,0,4
29992,07:58:09,114.112602,22.535999,0,0
29992,07:58:39,114.112602,22.535999,0,0
29992,08:00:09,114.111801,22.5396,0,16
29992,08:00:39,114.111504,22.541401,0,0
29992,08:01:09,114.111504,22.541401,0,0
29992,08:02:08,114.111,22.5439,0,0
29992,08:02:09,114.111,22.5439,0,0
29992,08:02:41,114.110397,22.542101,0,17
29992,08:03:41,114.106796,22.541599,0,6
29992,08:04:40,114.106598,22.542,0,0
29992,08:05:40,114.106598,22.542,0,0
29992,08:06:10,114.106598,22.542,0,0
29992,08:06:40,114.106598,22.542,0,0
29992,08:07:10,114.106598,22.542,0,0
29992,08:08:10,114.106598,22.542,0,0
29992,08:09:11,114.106598,22.542,0,0
29992,08:09:41,114.106598,22.542,0,0
29992,08:10:11,114.106598,22.542,0,0
29992,08:12:11,114.106598,22.542,0,0
29992,08:12:41,114.106003,22.5439,0,4
29992,08:13:41,114.106102,22.5446,0,0
29992,08:14:41,114.106102,22.5446,0,0
29992,08:15:51,114.106903,22.5471,0,2
29992,08:16:21,114.107597,22.547001,0,0
29992,08:16:51,114.107597,22.547001,0,0
29992,08:17:21,114.107597,22.547001,0,0
29992,08:17:51,114.108498,22.5471,0,19
29992,08:18:21,114.109901,22.545401,0,24
29992,08:18:51,114.110901,22.544399,0,17
29992,08:19:21,114.110397,22.5478,0,20
29992,08:19:51,114.1101,22.551001,0,27
29992,08:20:21,114.109901,22.5532,0,4
29992,08:20:51,114.109901,22.5553,0,20
29992,08:21:21,114.111702,22.557899,0,17
29992,08:21:51,114.113998,22.558701,0,19
29992,08:22:21,114.118401,22.558901,0,30
29992,08:22:51,114.119904,22.558901,0,19
29992,08:23:51,114.118202,22.565701,0,33
29992,08:24:52,114.117996,22.573799,0,9
29992,08:25:52,114.119102,22.573799,0,0
29992,08:26:22,114.1203,22.573799,0,9
29992,08:26:51,114.121399,22.5739,0,0
29992,08:27:21,114.121696,22.5737,0,6
29992,08:27:51,114.121902,22.571501,0,13
29992,08:28:04,114.121399,22.571501,0,0
29992,08:28:34,114.120399,22.571199,0,10
29992,08:29:04,114.120499,22.5695,0,13
29992,08:29:34,114.118301,22.568501,0,30
29992,08:30:04,114.1175,22.5693,0,12
29992,08:30:34,114.117996,22.5667,0,26
29992,08:31:34,114.1185,22.5634,0,12
29992,08:32:04,114.119499,22.560301,0,23
29992,08:32:34,114.120102,22.558399,0,4
29992,08:33:34,114.119102,22.554399,0,0
29992,08:34:04,114.118301,22.5529,0,15
29992,08:34:34,114.116798,22.550501,0,19
29992,08:35:34,114.116699,22.5492,0,0
29992,08:36:34,114.117104,22.5473,0,0
29992,08:37:04,114.117104,22.5473,0,0
29992,08:37:34,114.117104,22.5473,0,0
29992,08:38:04,114.117104,22.5473,0,0
29992,08:39:04,114.117302,22.545601,0,10
29992,08:40:34,114.1157,22.5446,0,9
29992,08:40:45,114.115898,22.544399,0,0
29992,08:41:13,114.115898,22.544399,0,0
29992,08:41:43,114.115898,22.544399,0,0
29992,08:42:15,114.113701,22.545,0,0
29992,08:43:13,114.110802,22.5453,0,30
29992,08:44:13,114.102699,22.5443,0,9
29992,08:46:44,114.107399,22.5467,0,10
29992,08:47:44,114.107903,22.547001,0,0
29992,08:48:14,114.107803,22.5473,0,0
29992,08:48:15,114.107803,22.5473,0,0
29992,08:48:45,114.107803,22.5485,0,13
29992,08:49:45,114.107399,22.5518,0,11
29992,08:50:45,114.111702,22.5543,0,27
29992,08:51:45,114.1147,22.553801,0,0
29992,08:52:15,114.115402,22.554001,0,8
29992,08:52:45,114.115601,22.5562,0,26
29992,08:53:15,114.115898,22.558701,0,21
29992,08:53:45,114.120003,22.5595,0,28
29992,08:54:15,114.119499,22.5606,0,23
29992,08:54:45,114.118896,22.5625,0,26
29992,08:55:15,114.118103,22.566401,0,25
29992,08:55:45,114.117798,22.569099,0,20
29992,08:56:15,114.117897,22.573,0,30
29992,08:57:16,114.115402,22.579599,0,10
29992,08:58:16,114.117699,22.580299,0,12
29992,09:00:16,114.122803,22.5793,0,10
29992,09:00:46,114.124397,22.579399,0,10
29992,09:01:16,114.126701,22.579599,0,11
29992,09:02:16,114.128098,22.579599,0,0
29992,09:02:46,114.128098,22.579599,0,0
29992,09:03:16,114.128098,22.579599,0,0
29992,09:04:16,114.128799,22.579599,0,0
29992,09:05:46,114.128799,22.579599,0,0
29992,09:06:16,114.128799,22.579599,0,0
29992,09:06:46,114.129997,22.579599,0,0
29992,09:07:16,114.129997,22.579599,0,0
29992,09:07:46,114.129997,22.579599,0,0
29992,09:08:16,114.129997,22.579599,0,0
29992,09:08:46,114.129997,22.579599,0,0
29992,09:09:46,114.1306,22.580099,0,10
29992,09:11:16,114.129204,22.5851,0,8
29992,09:12:06,114.129097,22.585199,0,0
29992,09:12:36,114.131599,22.5844,0,23
29992,09:14:01,114.132797,22.582199,0,7
29992,09:14:31,114.130798,22.582399,0,14
29992,09:15:31,114.128799,22.5797,0,21
29992,09:16:01,114.126297,22.5797,0,12
29992,09:16:31,114.123398,22.579399,0,12
29992,09:17:31,114.1231,22.579399,0,0
29992,09:19:27,114.1185,22.5797,0,15
29992,09:20:09,114.1166,22.58,0,0
29992,09:21:10,114.122002,22.5793,0,21
29992,09:21:40,114.122803,22.5781,0,17
29992,09:22:10,114.123299,22.575899,0,22
29992,09:22:41,114.124001,22.573999,0,0
29992,09:23:11,114.124298,22.5728,0,9
29992,09:23:41,114.124802,22.570801,0,18
29992,09:24:41,114.1297,22.5718,0,25
29992,09:25:11,114.1325,22.5718,0,20
29992,09:25:41,114.133102,22.571501,0,0
29992,09:26:11,114.134697,22.5707,0,10
29992,09:26:41,114.1362,22.5697,0,18
29992,09:27:06,114.136398,22.5697,0,0
29992,09:27:36,114.136398,22.5697,0,0
29992,09:28:06,114.135696,22.5702,0,22
29992,09:28:36,114.134201,22.570999,0,3
29992,09:29:16,114.134499,22.570601,0,0
29992,09:29:46,114.137001,22.569599,0,19
29992,09:30:46,114.136597,22.5674,0,0
29992,09:31:16,114.136597,22.5674,0,0
29992,09:31:46,114.137901,22.565201,0,35
29992,09:32:46,114.139801,22.557899,0,24
29992,09:33:16,114.139397,22.556,0,13
29992,09:34:16,114.141899,22.555599,0,13
29992,09:34:46,114.143799,22.555099,0,7
29992,09:34:58,114.1427,22.5555,0,0
29992,09:35:16,114.143799,22.5546,0,2
29992,09:36:34,114.143501,22.5532,0,0
29992,09:36:47,114.143501,22.552999,0,5
29992,09:37:47,114.143204,22.5506,0,10
29992,09:38:17,114.142097,22.5502,0,5
29992,09:38:47,114.141403,22.5501,0,0
29992,09:39:17,114.140099,22.5499,0,11
29992,09:41:12,114.1427,22.5555,0,0
29992,09:42:43,114.124397,22.547701,0,26
29992,09:43:13,114.121399,22.547199,0,0
29992,09:44:12,114.1427,22.5555,0,0
29992,09:44:14,114.118401,22.5467,0,23
29992,09:44:44,114.1175,22.5466,0,0
29992,09:45:14,114.1175,22.5466,0,0
29992,09:45:44,114.1175,22.5466,0,0
29992,09:47:14,114.117798,22.5438,0,0
29992,09:49:14,114.117798,22.5415,0,11
29992,09:49:44,114.116997,22.5413,0,0
29992,09:50:43,114.115898,22.5425,0,12
29992,09:51:13,114.115898,22.542601,0,0
29992,09:52:13,114.117599,22.5434,0,0
29992,09:52:43,114.117599,22.5434,0,0
29992,09:53:13,114.117401,22.544901,0,21
29992,09:53:43,114.117996,22.546499,0,19
29992,09:54:13,114.119797,22.5466,0,11
29992,09:55:13,114.120201,22.5446,0,7
29992,09:55:43,114.120399,22.5441,0,0
29992,09:56:41,114.120003,22.545099,0,13
29992,09:58:41,114.125702,22.5478,0,0
29992,09:59:41,114.125702,22.5478,0,0
29992,10:00:11,114.125702,22.5478,0,0
29992,10:01:11,114.125999,22.5495,0,14
29992,10:01:41,114.125999,22.5522,0,5
29992,10:02:11,114.124496,22.5543,0,25
29992,10:02:41,114.1222,22.5571,0,16
29992,10:03:11,114.123199,22.558001,0,4
29992,10:03:41,114.124001,22.5585,0,2
29992,10:04:11,114.124199,22.5585,0,0
29992,10:04:41,114.124802,22.558901,0,16
29992,10:05:11,114.127296,22.5604,0,3
29992,10:07:20,114.135498,22.566099,0,12
29992,10:07:43,114.134804,22.5655,0,0
29992,10:08:13,114.133598,22.564199,0,19
29992,10:08:43,114.131699,22.562201,0,17
29992,10:09:13,114.128304,22.561001,0,19
29992,10:10:13,114.125397,22.559401,0,0
29992,10:10:43,114.125397,22.559401,0,0
29992,10:11:13,114.125,22.559099,0,13
29992,10:11:43,114.122597,22.557899,0,23
29992,10:12:41,114.119698,22.559401,0,0
29992,10:12:44,114.119698,22.559401,0,0
29992,10:12:47,114.118797,22.559,0,30
29992,10:13:15,114.113899,22.558901,0,41
29992,10:15:23,114.1017,22.559,0,13
29992,10:16:51,114.099602,22.558599,0,0
29992,10:17:21,114.099602,22.558599,0,0
29992,10:18:21,114.097298,22.558599,0,26
29992,10:18:51,114.092903,22.558599,0,19
29992,10:19:21,114.090897,22.558901,0,11
29992,10:19:51,114.089897,22.5606,0,5
29992,10:20:51,114.089798,22.5606,0,0
29992,10:21:21,114.0895,22.5613,0,22
29992,10:21:51,114.087601,22.5653,0,34
29992,10:22:21,114.085701,22.569201,0,27
29992,10:23:12,114.083603,22.5716,0,0
29992,10:24:42,114.075798,22.5721,0,30
29992,10:25:42,114.066299,22.568899,0,37
29992,10:26:42,114.057198,22.566,0,37
29992,10:27:42,114.045502,22.565001,0,38
29992,10:28:12,114.039902,22.563601,0,38
29992,10:28:43,114.034401,22.562599,0,36
29992,10:29:13,114.028999,22.561701,0,35
29992,10:30:13,114.019402,22.5602,0,24
29992,10:31:13,114.009903,22.559,0,19
29992,10:31:43,114.008499,22.560699,0,20
29992,10:32:43,114.008797,22.5599,0,6
29992,10:33:13,114.009499,22.5588,0,0
29992,10:33:20,114.0103,22.5581,0,20
29992,10:33:44,114.013199,22.559401,0,25
29992,10:34:14,114.015099,22.5569,0,27
29992,10:35:13,114.019997,22.549,0,26
29992,10:35:43,114.021896,22.5457,0,20
29992,10:36:13,114.022697,22.542801,0,17
29992,10:36:43,114.023499,22.5389,0,30
29992,10:37:13,114.024399,22.5354,0,12
29992,10:37:43,114.024902,22.5333,0,5
29992,10:38:13,114.024002,22.532,0,24
29992,10:38:43,114.020699,22.5324,0,22
29992,10:39:43,114.015198,22.5322,0,15
29992,10:40:13,114.014801,22.5345,0,8
29992,10:40:43,114.012299,22.5357,0,29
29992,10:41:13,114.010597,22.533899,0,22
29992,10:41:44,114.009697,22.535,0,0
29992,10:42:16,114.009697,22.535,0,0
29992,10:42:26,114.009697,22.535,0,0
29992,10:42:59,114.009804,22.534901,0,0
29992,10:43:06,114.009804,22.535601,0,0
29992,10:43:20,114.009804,22.535601,0,7
29992,10:43:29,114.009804,22.5343,0,4
29992,10:43:59,114.008102,22.534201,0,15
29992,10:44:29,114.005898,22.534201,0,17
29992,10:44:59,114.003601,22.533899,0,17
29992,10:45:59,114.003197,22.535601,0,0
29992,10:46:29,114.003197,22.535601,0,0
29992,10:46:59,114.003197,22.535601,0,0
29992,10:47:29,114.003197,22.535601,0,0
29992,10:47:59,114.003098,22.5366,0,5
29992,10:48:29,114.004303,22.537001,0,9
29992,10:48:59,114.006104,22.537201,0,5
29992,10:49:29,114.006104,22.537901,0,0
29992,10:49:59,114.005898,22.538099,0,0
29992,10:50:29,114.005898,22.538099,0,0
29992,10:51:29,114.005898,22.538099,0,0
29992,10:51:59,114.005898,22.538099,0,0
29992,10:52:29,114.005898,22.538099,0,0
29992,10:53:29,114.005898,22.538099,0,0
29992,10:53:59,114.005898,22.538099,0,0
29992,10:54:29,114.005203,22.537901,0,6
29992,10:55:42,114.0028,22.537399,0,5
29992,10:56:12,114.002899,22.536501,0,0
29992,10:56:42,114.002899,22.536501,0,0
29992,10:57:42,114.008102,22.536699,0,31
29992,10:58:42,114.017899,22.538601,0,33
29992,10:59:12,114.023102,22.5396,0,31
29992,10:59:42,114.026703,22.539801,0,27
29992,11:00:42,114.026398,22.537399,0,0
29992,11:00:54,114.026398,22.537399,0,0
29992,11:01:24,114.026299,22.5373,0,0
29992,11:02:25,114.023003,22.5366,0,12
29992,11:02:55,114.022102,22.536301,0,5
29992,11:03:25,114.022301,22.535299,0,0
29992,11:03:55,114.022301,22.535299,0,0
29992,11:04:25,114.0224,22.535101,0,6
29992,11:04:55,114.023201,22.535101,0,12
29992,11:05:25,114.024498,22.534,0,17
29992,11:05:55,114.0252,22.5322,0,19
29992,11:06:25,114.026604,22.5296,0,20
29992,11:07:25,114.031403,22.526699,0,9
29992,11:07:55,114.032303,22.526501,0,3
29992,11:08:25,114.0317,22.527,0,7
29992,11:09:25,114.026199,22.5303,0,28
29992,11:09:55,114.023102,22.532101,0,28
29992,11:10:25,114.020699,22.532301,0,16
29992,11:10:55,114.017899,22.5322,0,15
29992,11:11:25,114.017197,22.5327,0,9
29992,11:11:55,114.016098,22.5326,0,10
29992,11:12:25,114.015503,22.5338,0,18
29992,11:13:25,114.011299,22.534201,0,9
29992,11:13:55,114.009804,22.5345,0,11
29992,11:14:25,114.009697,22.534901,0,0
29992,11:14:30,114.009697,22.534901,0,0
29992,11:14:33,114.009697,22.534901,0,0
29992,11:14:56,114.009697,22.534901,0,0
29992,11:15:08,114.009697,22.534901,0,0
29992,11:15:20,114.010201,22.5354,0,0
29992,11:15:26,114.010201,22.5354,0,0
29992,11:15:30,114.010002,22.535299,0,0
29992,11:15:56,114.010002,22.535299,0,0
29992,11:16:26,114.009804,22.535101,0,0
29992,11:17:26,114.010002,22.535299,0,0
29992,11:17:56,114.010002,22.535299,0,0
29992,11:18:26,114.010002,22.535299,0,0
29992,11:18:56,114.010002,22.535299,0,0
29992,11:19:26,114.010002,22.535299,0,0
29992,11:19:49,114.010002,22.535299,0,2
29992,11:20:00,114.010002,22.535299,0,0
29992,11:20:21,114.010002,22.535299,0,1
29992,11:20:26,114.010002,22.535299,0,0
29992,11:21:26,114.010002,22.535299,0,0
29992,11:22:26,114.010002,22.535299,0,0
29992,11:22:56,114.010002,22.535299,0,0
29992,11:23:26,114.010002,22.535299,0,0
29992,11:23:56,114.010002,22.535299,0,0
29992,11:24:26,114.010002,22.535299,0,0
29992,11:24:37,114.010002,22.535299,0,0
29992,11:24:56,114.010002,22.535299,0,0
29992,11:25:05,114.010002,22.535299,0,0
29992,11:25:27,114.010002,22.535101,0,0
29992,11:26:26,114.010002,22.535101,0,0
29992,11:27:26,114.010002,22.535101,0,0
29992,11:27:56,114.010002,22.535101,0,0
29992,11:28:56,114.010002,22.535101,0,0
29992,11:29:56,114.010002,22.535101,0,0
29992,11:30:00,114.010002,22.535101,0,0
29992,11:30:26,114.010002,22.535101,0,0
29992,11:30:57,114.009903,22.5354,0,0
29992,11:31:27,114.009903,22.5354,0,0
29992,11:31:57,114.009903,22.5354,0,0
29992,11:31:59,114.009903,22.5354,0,0
29992,11:32:26,114.009804,22.535601,0,0
29992,11:32:56,114.010002,22.535299,0,3
29992,11:33:26,114.010002,22.535299,0,0
29992,11:33:44,114.010002,22.535299,0,0
29992,11:34:26,114.010002,22.535299,0,0
29992,11:34:56,114.010002,22.535299,0,0
29992,11:35:26,114.009697,22.535299,0,0
29992,11:35:56,114.009697,22.535299,0,0
29992,11:36:00,114.009697,22.535299,0,0
29992,11:36:26,114.009697,22.535299,0,0
29992,11:36:29,114.009697,22.535299,0,0
29992,11:36:46,114.009598,22.535999,0,0
29992,11:37:03,114.009598,22.535999,0,0
29992,11:37:18,114.009598,22.535999,0,0
29992,11:37:27,114.009598,22.535999,0,0
29992,11:37:38,114.009598,22.535999,0,0
29992,11:38:27,114.009598,22.535999,0,0
29992,11:38:55,114.009598,22.535999,0,0
29992,11:38:57,114.009598,22.535999,0,0
29992,11:39:27,114.009598,22.535999,0,0
29992,11:39:57,114.009598,22.535999,0,0
29992,11:39:58,114.009598,22.535999,0,0
29992,11:40:26,114.009598,22.535999,0,0
29992,11:40:49,114.009598,22.535999,0,0
29992,11:40:56,114.009598,22.535999,0,0
29992,11:40:57,114.009598,22.535999,0,0
29992,11:41:06,114.009598,22.535999,0,0
29992,11:41:13,114.009598,22.535999,0,0
29992,11:41:27,114.009598,22.535999,0,0
29992,11:41:45,114.009598,22.535999,0,0
29992,11:41:57,114.009598,22.535999,0,0
29992,11:42:10,114.009598,22.535999,0,0
29992,11:42:27,114.009598,22.535999,0,0
29992,11:43:27,114.009598,22.535999,0,0
29992,11:44:03,114.009598,22.535999,0,0
29992,11:44:21,114.009598,22.535999,0,1
29992,11:44:27,114.009598,22.535999,0,0
29992,11:44:39,114.009598,22.535999,0,0
29992,11:44:53,114.009499,22.5345,0,6
29992,11:44:57,114.009499,22.534599,0,11
29992,11:45:22,114.009399,22.535,0,0
29992,11:45:52,114.009102,22.5341,0,22
29992,11:46:22,114.0065,22.5343,0,0
29992,11:48:22,114.012901,22.5299,0,23
29992,11:48:52,114.013802,22.5305,0,26
29992,11:49:22,114.017502,22.5315,0,17
29992,11:50:22,114.025803,22.531099,0,34
29992,11:51:52,114.041901,22.531,0,39
29992,11:52:22,114.047798,22.531401,0,37
29992,11:52:52,114.053101,22.531401,0,33
29992,11:54:22,114.0653,22.531601,0,14
29992,11:54:52,114.065903,22.531601,0,4
29992,11:55:52,114.067398,22.5317,0,0
29992,11:56:22,114.068001,22.5317,0,0
29992,11:56:52,114.069199,22.5317,0,0
29992,11:57:22,114.069901,22.5317,0,6
29992,11:57:52,114.070702,22.5317,0,5
29992,11:58:22,114.0718,22.531601,0,6
29992,11:58:52,114.073196,22.531601,0,12
29992,11:59:22,114.074799,22.531601,0,3
29992,11:59:52,114.075699,22.531601,0,5
29992,12:00:22,114.076797,22.5317,0,2
29992,12:00:52,114.077599,22.5322,0,10
29992,12:01:22,114.078201,22.5329,0,7
29992,12:01:52,114.078903,22.533899,0,10
29992,12:02:22,114.079498,22.535299,0,10
29992,12:04:22,114.083504,22.5383,0,14
29992,12:05:22,114.084297,22.5404,0,0
29992,12:06:25,114.084198,22.5415,0,0
29992,12:06:55,114.084198,22.542,0,9
29992,12:07:25,114.084297,22.5427,0,6
29992,12:07:55,114.085297,22.5432,0,23
29992,12:08:25,114.087799,22.543301,0,14
29992,12:10:01,114.087097,22.541,0,0
29992,12:11:01,114.0867,22.5396,0,10
29992,12:12:01,114.082802,22.5375,0,29
29992,12:12:31,114.079498,22.5361,0,23
29992,12:13:31,114.074997,22.5319,0,26
29992,12:14:01,114.070999,22.5319,0,20
29992,12:14:31,114.066597,22.5319,0,30
29992,12:15:01,114.062302,22.5319,0,26
29992,12:15:31,114.057198,22.531799,0,31
29992,12:15:56,114.0541,22.531799,0,0
29992,12:16:01,114.0541,22.531799,0,0
29992,12:16:33,114.0541,22.531799,0,1
29992,12:17:03,114.0541,22.531799,0,0
29992,12:18:03,114.052597,22.5364,0,3
29992,12:18:28,114.052597,22.5364,0,0
29992,12:20:28,114.048599,22.5357,0,8
29992,12:20:58,114.047997,22.5336,0,15
29992,12:21:28,114.045898,22.533501,0,12
29992,12:21:58,114.0448,22.534599,0,7
29992,12:22:05,114.0448,22.5347,0,0
29992,12:22:14,114.0448,22.5347,0,9
29992,12:22:58,114.044502,22.531099,0,21
29992,12:23:28,114.044701,22.528999,0,2
29992,12:23:58,114.0448,22.5282,0,6
29992,12:24:29,114.044899,22.5275,0,11
29992,12:24:59,114.044502,22.526199,0,25
29992,12:25:29,114.0429,22.5231,0,14
29992,12:25:59,114.042,22.5233,0,12
29992,12:26:29,114.040901,22.523701,0,8
29992,12:27:29,114.039902,22.5238,0,2
29992,12:27:59,114.039299,22.523899,0,2
29992,12:28:29,114.038902,22.5242,0,0
29992,12:28:41,114.038902,22.5242,0,0
29992,12:30:41,114.042099,22.5217,0,14
29992,12:31:11,114.042,22.521601,0,0
29992,12:31:41,114.042999,22.520399,0,24
29992,12:32:11,114.047203,22.5187,0,20
29992,12:32:41,114.050301,22.518101,0,8
29992,12:33:41,114.051102,22.5145,0,11
29992,12:34:11,114.053596,22.514799,0,23
29992,12:34:41,114.055,22.5151,0,0
29992,12:34:47,114.055298,22.514299,0,9
29992,12:35:12,114.056999,22.5147,0,21
29992,12:35:42,114.059402,22.5163,0,19
29992,12:36:12,114.061996,22.518101,0,28
29992,12:36:41,114.062599,22.5182,0,17
29992,12:37:37,114.062698,22.5175,0,0
29992,12:39:07,114.062798,22.5196,0,22
29992,12:40:38,114.063301,22.5252,0,0
29992,12:42:38,114.063301,22.5261,0,0
29992,12:43:08,114.063301,22.5261,0,0
29992,12:43:38,114.063301,22.5268,0,13
29992,12:44:08,114.063301,22.5291,0,5
29992,12:44:38,114.063301,22.5291,0,0
29992,12:45:08,114.063301,22.5291,0,0
29992,12:45:38,114.063301,22.5291,0,0
29992,12:46:38,114.063103,22.533501,0,21
29992,12:47:08,114.064201,22.534,0,8
29992,12:47:38,114.0644,22.534901,0,4
29992,12:48:08,114.064102,22.5361,0,10
29992,12:49:08,114.063103,22.5382,0,15
29992,12:50:08,114.062897,22.544201,0,37
29992,12:51:38,114.0662,22.547501,0,0
29992,12:52:08,114.0662,22.547501,0,0
29992,12:52:38,114.067596,22.547501,0,0
29992,12:53:38,114.067802,22.5413,0,38
29992,12:54:08,114.0681,22.535801,0,41
29992,12:54:38,114.068199,22.530001,0,40
29992,12:57:08,114.051102,22.5137,0,48
29992,12:57:38,114.0438,22.5135,0,49
29992,12:58:38,114.030296,22.5194,0,49
29992,12:59:08,114.023697,22.523001,0,51
29992,12:59:38,114.017197,22.527399,0,50
29992,13:00:08,114.013702,22.5338,0,52
29992,13:01:08,114.003304,22.544201,0,50
29992,13:03:10,113.973396,22.5588,0,58
29992,13:04:10,113.956703,22.563299,0,57
29992,13:05:40,113.930801,22.565399,0,51
29992,13:07:10,113.916298,22.573299,0,21
29992,13:07:40,113.917999,22.574499,0,27
29992,13:08:10,113.913803,22.577801,0,45
29992,13:09:40,113.898399,22.594,0,56
29992,13:10:10,113.892303,22.598801,0,53
29992,13:11:10,113.881599,22.608801,0,46
29992,13:11:40,113.877998,22.614201,0,42
29992,13:12:10,113.873299,22.618601,0,47
29992,13:15:10,113.850304,22.6273,0,0
29992,13:15:40,113.850502,22.625601,0,24
29992,13:17:10,113.8349,22.619499,0,43
29992,13:18:40,113.82,22.6127,0,31
29992,13:19:40,113.814003,22.618299,0,38
29992,13:20:41,113.812202,22.6269,0,30
29992,13:21:11,113.809196,22.6273,0,22
29992,13:21:41,113.807602,22.6266,0,0
29992,13:21:57,113.807602,22.6266,0,0
29992,13:22:27,113.807404,22.6264,0,12
29992,13:23:27,113.8088,22.6201,0,38
29992,13:23:57,113.811501,22.615101,0,40
29992,13:24:57,113.819,22.611099,0,31
29992,13:26:27,113.833702,22.6187,0,32
29992,13:27:27,113.838501,22.610901,0,39
29992,13:27:57,113.840698,22.6063,0,29
29992,13:28:27,113.843102,22.6015,0,34
29992,13:28:57,113.843803,22.6,0,0
29992,13:29:27,113.843803,22.6,0,0
29992,13:29:57,113.843803,22.6,0,0
29992,13:30:27,113.844597,22.5982,0,28
29992,13:30:57,113.846901,22.5944,0,32
29992,13:32:58,113.852402,22.5833,0,1
29992,13:33:28,113.853699,22.5818,0,24
29992,13:33:58,113.854301,22.581301,0,0
29992,13:34:58,113.8563,22.579599,0,27
29992,13:35:28,113.858704,22.577499,0,23
29992,13:36:10,113.858299,22.5756,0,8
29992,13:37:10,113.857201,22.5742,0,0
29992,13:37:40,113.857201,22.5742,0,0
29992,13:38:10,113.857101,22.5741,0,6
29992,13:38:40,113.857498,22.5744,0,25
29992,13:39:10,113.859497,22.5765,0,0
29992,13:41:10,113.862999,22.58,0,0
29992,13:42:10,113.863297,22.580299,0,12
29992,13:42:40,113.8647,22.5818,0,0
29992,13:44:10,113.867599,22.5842,0,22
29992,13:44:40,113.870201,22.5861,0,21
29992,13:47:40,113.881798,22.5774,0,32
29992,13:48:40,113.889198,22.570601,0,37
29992,13:49:10,113.8927,22.566799,0,30
29992,13:49:40,113.895401,22.563999,0,30
29992,13:50:10,113.898697,22.561501,0,29
29992,13:50:41,113.9021,22.558901,0,30
29992,13:51:11,113.903603,22.557501,0,6
29992,13:51:41,113.904404,22.556499,0,13
29992,13:52:41,113.907097,22.5527,0,5
29992,13:53:11,113.907303,22.551001,0,21
29992,13:53:41,113.909897,22.5516,0,23
29992,13:54:11,113.912003,22.552999,0,20
29992,13:55:11,113.920097,22.555599,0,26
29992,13:56:41,113.936798,22.555401,0,37
29992,13:57:11,113.941803,22.555201,0,29
29992,13:59:11,113.962196,22.5567,0,27
29992,14:00:11,113.971901,22.5569,0,38
29992,14:00:41,113.975998,22.5567,0,17
29992,14:02:41,113.985603,22.5585,0,21
29992,14:03:11,113.987396,22.558901,0,0
29992,14:03:41,113.988197,22.559,0,3
29992,14:04:41,113.989899,22.558599,0,9
29992,14:05:11,113.991898,22.557699,0,12
29992,14:06:41,113.995903,22.556101,0,10
29992,14:07:11,113.997398,22.555799,0,12
29992,14:07:41,113.998497,22.555799,0,8
29992,14:08:11,114.000504,22.555799,0,15
29992,14:10:41,114.017601,22.5602,0,37
29992,14:11:41,114.026398,22.560699,0,20
29992,14:12:11,114.0271,22.560801,0,9
29992,14:13:12,114.033401,22.561199,0,17
29992,14:14:12,114.036598,22.5583,0,0
29992,14:14:42,114.036598,22.5583,0,0
29992,14:15:12,114.036598,22.558399,0,10
29992,14:15:42,114.035202,22.5595,0,2
29992,14:16:12,114.034798,22.559799,0,0
29992,14:16:42,114.034897,22.5597,0,1
29992,14:16:47,114.034897,22.5597,0,3
29992,14:17:17,114.033302,22.5613,0,24
29992,14:17:47,114.0355,22.5625,0,22
29992,14:18:17,114.038399,22.563,0,19
29992,14:18:47,114.040703,22.561899,0,14
29992,14:21:17,114.043404,22.557899,0,0
29992,14:21:47,114.042603,22.559,0,26
29992,14:22:47,114.044502,22.564301,0,30
29992,14:24:17,114.058701,22.5665,0,37
29992,14:24:47,114.063004,22.568501,0,27
29992,14:25:47,114.072403,22.569799,0,34
29992,14:26:17,114.076797,22.572201,0,36
29992,14:26:47,114.081802,22.5721,0,30
29992,14:27:17,114.084999,22.5695,0,23
29992,14:27:47,114.086899,22.566299,0,26
29992,14:28:17,114.088699,22.5625,0,29
29992,14:29:47,114.090797,22.5585,0,14
29992,14:30:47,114.090897,22.554501,0,0
29992,14:31:17,114.090897,22.554501,0,0
29992,14:31:47,114.090897,22.554501,0,0
29992,14:32:17,114.090897,22.553499,0,21
29992,14:32:47,114.089798,22.5518,0,18
29992,14:33:13,114.089302,22.5518,0,0
29992,14:33:43,114.089104,22.5518,0,0
29992,14:34:26,114.088997,22.5518,0,0
29992,14:34:57,114.088402,22.5518,0,0
29992,14:35:57,114.089302,22.552,0,1
29992,14:36:27,114.0896,22.5522,0,0
29992,14:36:57,114.0896,22.5522,0,0
29992,14:37:27,114.0896,22.5522,0,0
29992,14:38:27,114.0896,22.5522,0,0
29992,14:38:57,114.0896,22.5522,0,0
29992,14:40:27,114.0896,22.5522,0,0
29992,14:41:27,114.0896,22.5522,0,0
29992,14:41:57,114.0896,22.5522,0,0
29992,14:43:27,114.0896,22.5522,0,0
29992,14:43:57,114.0896,22.5522,0,0
29992,14:44:27,114.0896,22.5522,0,0
29992,14:44:57,114.0896,22.5522,0,0
29992,14:45:27,114.0896,22.5522,0,0
29992,14:45:57,114.0896,22.5522,0,0
29992,14:47:57,114.0886,22.5527,0,0
29992,14:48:27,114.088402,22.551901,0,4
29992,14:49:57,114.082298,22.551701,0,0
29992,14:50:27,114.081703,22.5518,0,14
29992,14:51:27,114.076599,22.551701,0,0
29992,14:51:57,114.076599,22.551701,0,0
29992,14:52:27,114.076599,22.551701,0,0
29992,14:52:58,114.076599,22.551701,0,0
29992,14:53:28,114.076599,22.551701,0,0
29992,14:53:58,114.075203,22.5515,0,24
29992,14:54:28,114.070396,22.5511,0,18
29992,14:55:58,114.069504,22.5511,0,0
29992,14:57:58,114.068497,22.5511,0,0
29992,14:58:38,114.068497,22.5511,0,0
29992,14:58:58,114.068497,22.5511,0,0
29992,14:59:29,114.0681,22.5511,0,13
29992,14:59:59,114.067703,22.5483,0,14
29992,15:00:29,114.067703,22.548,0,0
29992,15:01:28,114.067497,22.5422,0,36
29992,15:01:58,114.068001,22.5373,0,35
29992,15:02:28,114.0672,22.533001,0,30
29992,15:02:58,114.064003,22.5319,0,26
29992,15:03:28,114.059898,22.5319,0,19
29992,15:04:59,114.048698,22.5317,0,21
29992,15:05:29,114.047302,22.5317,0,4
29992,15:06:29,114.044701,22.533899,0,20
29992,15:06:42,114.044701,22.5347,0,0
29992,15:06:52,114.043999,22.5347,0,7
29992,15:08:00,114.042198,22.5315,0,1
29992,15:08:30,114.043503,22.530399,0,11
29992,15:08:59,114.044098,22.530199,0,0
29992,15:09:29,114.043602,22.5301,0,0
29992,15:10:29,114.043701,22.529499,0,0
29992,15:11:42,114.043701,22.529301,0,3
29992,15:12:51,114.044403,22.527901,0,0
29992,15:13:21,114.044899,22.5275,0,6
29992,15:13:51,114.044701,22.526501,0,0
29992,15:14:21,114.044296,22.5256,0,19
29992,15:14:51,114.042603,22.522499,0,21
29992,15:15:21,114.042,22.5215,0,0
29992,15:15:53,114.042397,22.5207,0,0
29992,15:16:20,114.0429,22.520399,0,2
29992,15:16:50,114.045998,22.5191,0,37
29992,15:17:20,114.050598,22.518,0,9
29992,15:17:50,114.050903,22.514299,0,37
29992,15:18:50,114.050201,22.5107,0,20
29992,15:20:51,114.051903,22.509501,0,17
29992,15:21:44,114.052299,22.507999,0,0
29992,15:22:13,114.0522,22.5089,0,0
29992,15:23:14,114.052696,22.510099,0,19
29992,15:23:44,114.054398,22.5105,0,0
29992,15:24:14,114.054604,22.510599,0,11
29992,15:24:44,114.053497,22.511299,0,18
29992,15:25:14,114.052101,22.511,0,10
29992,15:26:14,114.050697,22.5154,0,33
29992,15:26:44,114.051697,22.5182,0,24
29992,15:27:14,114.056702,22.518999,0,37
29992,15:27:44,114.058899,22.5198,0,0
29992,15:28:44,114.061798,22.5217,0,27
29992,15:29:14,114.063301,22.525299,0,5
29992,15:30:14,114.063202,22.528999,0,13
29992,15:30:44,114.063103,22.5313,0,21
29992,15:31:44,114.063904,22.5345,0,6
29992,15:33:44,114.064697,22.537701,0,20
29992,15:34:14,114.068497,22.538601,0,34
29992,15:34:44,114.071602,22.5387,0,0
29992,15:35:14,114.071602,22.5387,0,0
29992,15:35:44,114.071602,22.5387,0,0
29992,15:36:44,114.071899,22.5413,0,25
29992,15:37:14,114.073502,22.5429,0,21
29992,15:37:44,114.076401,22.542999,0,19
29992,15:38:14,114.078796,22.5431,0,22
29992,15:38:45,114.082001,22.5432,0,12
29992,15:39:15,114.084396,22.5432,0,7
29992,15:39:45,114.086403,22.5432,0,12
29992,15:40:45,114.090797,22.543301,0,30
29992,15:41:15,114.093399,22.543301,0,5
29992,15:43:45,114.097397,22.543501,0,6
29992,15:44:45,114.097801,22.543501,0,0
29992,15:45:45,114.099098,22.5434,0,6
29992,15:46:15,114.099098,22.5434,0,0
29992,15:47:15,114.099098,22.5434,0,0
29992,15:48:45,114.104401,22.5443,0,13
29992,15:49:15,114.105904,22.5446,0,12
29992,15:49:45,114.108002,22.545,0,11
29992,15:50:15,114.110397,22.545099,0,17
29992,15:50:45,114.110603,22.5441,0,0
29992,15:51:45,114.110397,22.5429,0,4
29992,15:52:15,114.111298,22.541901,0,11
29992,15:53:45,114.114197,22.5348,0,12
29992,15:54:05,114.113701,22.534599,0,5
29992,15:55:06,114.113403,22.534401,0,3
29992,15:56:07,114.114098,22.535801,0,12
29992,15:56:35,114.112297,22.5366,0,3
29992,15:58:58,114.111504,22.5413,0,0
29992,15:59:58,114.110603,22.545601,0,28
29992,16:00:59,114.1101,22.5504,0,15
29992,16:01:59,114.109901,22.551701,0,0
29992,16:03:29,114.111198,22.557501,0,29
29992,16:03:59,114.112602,22.558901,0,14
29992,16:04:29,114.108704,22.558901,0,28
29992,16:04:59,114.107101,22.560801,0,24
29992,16:05:29,114.106796,22.563801,0,16
29992,16:05:59,114.1073,22.5662,0,1
29992,16:06:29,114.1073,22.5662,0,0
29992,16:06:59,114.1073,22.5662,0,0
29992,16:07:59,114.107498,22.5667,0,12
29992,16:09:29,114.107697,22.5697,0,6
29992,16:09:56,114.107697,22.569799,0,0
29992,16:10:52,114.107697,22.57,0,0
29992,16:12:22,114.107803,22.572901,0,9
29992,16:13:22,114.105499,22.577801,0,5
29992,16:14:22,114.105499,22.578699,0,0
29992,16:14:39,114.105499,22.578699,0,0
29992,16:15:09,114.105499,22.578699,0,0
29992,16:15:39,114.105301,22.579201,0,5
29992,16:16:09,114.104698,22.579,0,3
29992,16:16:39,114.104897,22.577999,0,0
29992,16:17:09,114.105003,22.5779,0,10
29992,16:17:39,114.106201,22.5758,0,19
29992,16:18:09,114.103798,22.5734,0,27
29992,16:19:15,114.100098,22.570999,0,20
29992,16:19:45,114.097397,22.5697,0,6
29992,16:20:15,114.096001,22.569201,0,11
29992,16:20:45,114.094299,22.5686,0,14
29992,16:21:45,114.089302,22.5674,0,23
29992,16:22:15,114.086601,22.5679,0,20
29992,16:22:45,114.085297,22.57,0,11
29992,16:23:15,114.084099,22.571199,0,13
29992,16:23:45,114.083504,22.5716,0,0
29992,16:25:15,114.078201,22.573,0,27
29992,16:26:15,114.070702,22.5697,0,20
29992,16:26:46,114.068604,22.5695,0,15
29992,16:27:46,114.067398,22.5737,0,15
29992,16:28:46,114.063103,22.5779,0,20
29992,16:29:16,114.059196,22.5784,0,30
29992,16:29:46,114.055496,22.580099,0,25
29992,16:30:16,114.053902,22.5832,0,19
29992,16:30:46,114.053101,22.5865,0,24
29992,16:31:16,114.050797,22.5893,0,24
29992,16:32:16,114.048599,22.5956,0,28
29992,16:32:46,114.045799,22.5991,0,30
29992,16:33:46,114.044197,22.600599,0,0
29992,16:34:16,114.044197,22.600599,0,0
29992,16:36:16,114.0438,22.6028,0,26
29992,16:36:46,114.044601,22.6038,0,20
29992,16:37:46,114.039497,22.606501,0,4
29992,16:38:16,114.0392,22.607,0,0
29992,16:38:46,114.0392,22.607,0,0
29992,16:39:46,114.0336,22.613701,0,32
29992,16:40:16,114.032997,22.614401,0,0
29992,16:40:46,114.032799,22.614599,0,15
29992,16:42:46,114.028702,22.6217,0,0
29992,16:43:16,114.028702,22.6217,0,0
29992,16:43:46,114.028702,22.6217,0,0
29992,16:44:16,114.028702,22.6217,0,0
29992,16:44:46,114.028702,22.6217,0,0
29992,16:45:16,114.028702,22.6217,0,0
29992,16:45:46,114.028702,22.6217,0,0
29992,16:46:16,114.028,22.6229,0,0
29992,16:47:16,114.028,22.6229,0,0
29992,16:48:16,114.024498,22.623899,0,0
29992,16:48:46,114.024498,22.623899,0,0
29992,16:49:46,114.025101,22.6187,0,0
29992,16:49:57,114.0252,22.618601,0,0
29992,16:50:27,114.026199,22.617201,0,0
29992,16:51:27,114.026199,22.617201,0,0
29992,16:51:57,114.028099,22.617701,0,29
29992,16:52:27,114.030197,22.617399,0,22
29992,16:52:57,114.031601,22.615601,0,0
29992,16:53:27,114.0336,22.6133,0,37
29992,16:53:57,114.035202,22.6113,0,0
29992,16:54:27,114.037697,22.608299,0,30
29992,16:54:58,114.038696,22.6071,0,21
29992,16:55:28,114.041199,22.604099,0,13
29992,16:55:58,114.041298,22.604,0,0
29992,16:56:28,114.042397,22.6026,0,19
29992,16:57:28,114.043503,22.6005,0,0
29992,16:57:33,114.043503,22.6005,0,0
29992,16:58:33,114.044296,22.598499,0,6
29992,17:01:03,114.048798,22.5916,0,31
29992,17:02:33,114.054497,22.5816,0,33
29992,17:03:33,114.058502,22.5783,0,11
29992,17:04:03,114.060097,22.5772,0,13
29992,17:04:33,114.060699,22.575399,0,3
29992,17:05:03,114.060997,22.5742,0,12
29992,17:05:33,114.061501,22.572001,0,11
29992,17:06:03,114.061699,22.5709,0,4
29992,17:06:33,114.061897,22.570101,0,7
29992,17:07:33,114.062401,22.565001,0,31
29992,17:08:03,114.0625,22.5606,0,31
29992,17:08:33,114.0625,22.556299,0,28
29992,17:09:31,114.0625,22.5511,0,0
29992,17:10:31,114.062698,22.5481,0,0
29992,17:11:01,114.062798,22.547899,0,8
29992,17:12:01,114.0634,22.5513,0,21
29992,17:13:02,114.067596,22.551001,0,0
29992,17:13:32,114.067596,22.551001,0,0
29992,17:14:02,114.067596,22.551001,0,0
29992,17:15:02,114.068604,22.551001,0,21
29992,17:15:32,114.073196,22.551201,0,35
29992,17:17:32,114.076401,22.5515,0,22
29992,17:18:02,114.0793,22.5516,0,1
29992,17:19:32,114.081001,22.551701,0,3
29992,17:20:02,114.081001,22.551701,0,0
29992,17:20:32,114.081001,22.551701,0,0
29992,17:21:02,114.0812,22.551701,0,8
29992,17:21:32,114.083,22.5516,0,19
29992,17:22:02,114.084,22.551201,0,0
29992,17:22:32,114.084,22.550699,0,4
29992,17:23:32,114.084099,22.5497,0,0
29992,17:24:02,114.084099,22.5497,0,0
29992,17:25:02,114.083504,22.5492,0,0
29992,17:25:32,114.082802,22.5492,0,2
29992,17:26:33,114.082298,22.5492,0,0
29992,17:27:04,114.082298,22.5492,0,0
29992,17:29:04,114.081001,22.5492,0,0
29992,17:29:11,114.081001,22.5492,0,0
29992,17:29:41,114.079903,22.5492,0,9
29992,17:30:41,114.079201,22.5492,0,5
29992,17:31:11,114.078903,22.5492,0,0
29992,17:31:41,114.0784,22.5492,0,18
29992,17:32:41,114.075996,22.548599,0,11
29992,17:33:11,114.076103,22.5476,0,9
29992,17:34:41,114.076202,22.545401,0,11
29992,17:35:41,114.075203,22.543301,0,6
29992,17:36:11,114.073601,22.5431,0,19
29992,17:36:41,114.069801,22.542999,0,31
29992,17:37:11,114.064598,22.5429,0,32
29992,17:37:41,114.059097,22.542801,0,35
29992,17:39:11,114.048203,22.5427,0,0
29992,17:40:41,114.045097,22.542601,0,9
29992,17:42:42,114.036102,22.5418,0,1
29992,17:43:12,114.036102,22.5418,0,0
29992,17:44:42,114.035202,22.541599,0,24
29992,17:46:12,114.021698,22.539499,0,13
29992,17:47:12,114.020103,22.5392,0,8
29992,17:47:42,114.017403,22.538601,0,27
29992,17:48:12,114.012604,22.5378,0,34
29992,17:48:42,114.008301,22.5371,0,28
29992,17:49:12,114.004799,22.536501,0,7
29992,17:50:12,114.0047,22.536501,0,0
29992,17:50:42,114.003601,22.536301,0,16
29992,17:52:12,113.992897,22.5352,0,23
29992,17:52:42,113.990601,22.5357,0,10
29992,17:53:12,113.988098,22.536301,0,14
29992,17:54:12,113.985901,22.536501,0,6
29992,17:54:42,113.984299,22.536501,0,12
29992,17:55:42,113.981003,22.536699,0,4
29992,17:56:42,113.980003,22.537701,0,3
29992,17:57:13,113.980003,22.5382,0,5
29992,17:57:43,113.978996,22.539,0,15
29992,17:58:43,113.9767,22.541,0,15
29992,17:59:43,113.973396,22.542,0,20
29992,18:00:43,113.973999,22.547501,0,10
29992,18:01:13,113.973701,22.5487,0,18
29992,18:01:43,113.972198,22.550301,0,12
29992,18:02:43,113.970398,22.5527,0,12
29992,18:04:13,113.968697,22.555901,0,17
29992,18:04:43,113.966599,22.556601,0,15
29992,18:05:13,113.967102,22.5571,0,7
29992,18:05:43,113.9674,22.5567,0,0
29992,18:06:13,113.9674,22.5567,0,0
29992,18:06:33,113.9674,22.5567,0,0
29992,18:07:33,113.9674,22.5567,0,0
29992,18:08:03,113.9674,22.5567,0,0
29992,18:08:17,113.9674,22.5567,0,7
29992,18:08:34,113.966797,22.556801,0,0
29992,18:09:03,113.966599,22.555599,0,9
29992,18:09:33,113.966698,22.552999,0,16
29992,18:10:03,113.965897,22.552401,0,8
29992,18:11:33,113.961998,22.552601,0,11
29992,18:12:03,113.9618,22.552601,0,0
29992,18:12:33,113.960899,22.551901,0,27
29992,18:13:03,113.960503,22.5494,0,1
29992,18:20:35,113.928497,22.5429,0,22
29992,18:21:35,113.924202,22.542999,0,0
29992,18:22:05,113.924202,22.542999,0,0
29992,18:22:35,113.924202,22.542999,0,0
29992,18:23:05,113.923302,22.5431,0,5
29992,18:23:35,113.922302,22.5431,0,7
29992,18:24:05,113.920898,22.5432,0,5
29992,18:24:35,113.920799,22.5432,0,0
29992,18:25:05,113.920799,22.5432,0,0
29992,18:26:05,113.919899,22.543301,0,1
29992,18:26:35,113.919899,22.543301,0,0
29992,18:27:05,113.919601,22.543301,0,12
29992,18:28:05,113.916901,22.543301,0,0
29992,18:29:05,113.916496,22.543301,0,6
29992,18:30:05,113.916199,22.5434,0,0
29992,18:30:35,113.916199,22.5434,0,0
29992,18:32:05,113.915298,22.541599,0,12
29992,18:32:35,113.915001,22.5403,0,0
29992,18:33:35,113.914703,22.5383,0,0
29992,18:34:05,113.914597,22.5376,0,14
29992,18:34:35,113.914398,22.5362,0,8
29992,18:35:05,113.914398,22.535801,0,6
29992,18:35:35,113.914101,22.5343,0,3
29992,18:36:05,113.913803,22.5322,0,19
29992,18:36:35,113.913696,22.5315,0,4
29992,18:37:05,113.913696,22.5313,0,2
29992,18:37:35,113.914597,22.531099,0,1
29992,18:38:24,113.914597,22.531099,0,0
29992,18:38:34,113.914902,22.5312,0,5
29992,18:39:05,113.915802,22.5312,0,0
29992,18:39:35,113.916901,22.531099,0,4
29992,18:41:35,113.919197,22.529699,0,24
29992,18:42:35,113.9189,22.5282,0,0
29992,18:44:05,113.918602,22.526899,0,4
29992,18:44:35,113.920502,22.5264,0,17
29992,18:45:05,113.923203,22.525801,0,22
29992,18:45:35,113.923698,22.522699,0,14
29992,18:46:05,113.923203,22.521,0,0
29992,18:46:35,113.923103,22.520901,0,0
29992,18:47:35,113.922501,22.519199,0,2
29992,18:49:05,113.922096,22.518299,0,0
29992,18:51:05,113.920898,22.513,0,0
29992,18:53:06,113.920601,22.5123,0,0
29992,18:53:36,113.920601,22.512199,0,0
29992,18:54:36,113.920601,22.512199,0,0
29992,18:55:06,113.920502,22.5119,0,5
29992,18:55:36,113.9216,22.511299,0,11
29992,18:56:06,113.922096,22.510799,0,3
29992,18:56:36,113.923103,22.510799,0,6
29992,18:57:06,113.924202,22.510799,0,3
29992,18:57:36,113.924301,22.509899,0,0
29992,18:58:06,113.924301,22.5091,0,0
29992,18:58:38,113.9244,22.5086,0,0
29992,18:59:38,113.923203,22.507999,0,5
29992,19:00:52,113.919296,22.507999,0,0
29992,19:01:22,113.919296,22.507999,0,0
29992,19:02:22,113.919296,22.507999,0,0
29992,19:03:23,113.915298,22.5107,0,15
29992,19:03:53,113.913803,22.511999,0,2
29992,19:04:23,113.913803,22.511999,0,0
29992,19:04:53,113.913696,22.5121,0,0
29992,19:05:23,113.912201,22.514,0,18
29992,19:06:53,113.908997,22.5166,0,5
29992,19:07:23,113.909897,22.518299,0,3
29992,19:08:10,113.910301,22.518499,0,0
29992,19:08:59,113.911797,22.519199,0,20
29992,19:09:59,113.914398,22.523399,0,16
29992,19:10:29,113.914703,22.5266,0,11
29992,19:10:59,113.917099,22.527201,0,2
29992,19:11:29,113.917099,22.527201,0,0
29992,19:11:59,113.917099,22.527201,0,0
29992,19:12:29,113.917099,22.527201,0,0
29992,19:12:59,113.9179,22.5271,0,3
29992,19:13:59,113.918098,22.527,0,0
29992,19:14:29,113.918098,22.527,0,0
29992,19:14:59,113.918098,22.527,0,0
29992,19:15:59,113.918098,22.527,0,0
29992,19:16:29,113.919197,22.526699,0,19
29992,19:17:29,113.926003,22.5254,0,40
29992,19:17:59,113.9319,22.524599,0,40
29992,19:18:29,113.937698,22.524401,0,37
29992,19:19:00,113.9431,22.5242,0,30
29992,19:19:30,113.946098,22.523899,0,18
29992,19:20:00,113.948402,22.522301,0,20
29992,19:21:00,113.949898,22.5291,0,31
29992,19:21:30,113.950203,22.5334,0,32
29992,19:22:30,113.954102,22.5415,0,27
29992,19:23:30,113.958298,22.5432,0,2
29992,19:24:30,113.958298,22.5432,0,0
29992,19:25:00,113.9599,22.5431,0,16
29992,19:25:30,113.962303,22.542299,0,18
29992,19:27:00,113.968803,22.539801,0,14
29992,19:27:48,113.970001,22.5394,0,0
29992,19:29:03,113.971901,22.538799,0,21
29992,19:30:33,113.980598,22.536301,0,7
29992,19:31:03,113.980598,22.536301,0,0
29992,19:31:33,113.981903,22.5362,0,7
29992,19:32:03,113.983803,22.5362,0,16
29992,19:32:33,113.986702,22.5361,0,23
29992,19:33:04,113.988197,22.535999,0,8
29992,19:34:34,113.992996,22.533001,0,22
29992,19:35:04,113.993202,22.531799,0,9
29992,19:35:34,113.993202,22.5313,0,0
29992,19:36:04,113.993202,22.5313,0,0
29992,19:36:34,113.993202,22.5313,0,0
29992,19:37:04,113.993301,22.5312,0,0
29992,19:37:34,113.993896,22.5271,0,31
29992,19:38:04,113.992897,22.525999,0,21
29992,19:38:34,113.995598,22.528099,0,30
29992,19:39:04,114.0009,22.530001,0,39
29992,19:39:34,114.006699,22.5296,0,34
29992,19:40:04,114.011597,22.5301,0,32
29992,19:41:04,114.019897,22.532101,0,28
29992,19:41:34,114.023903,22.531601,0,28
29992,19:42:04,114.029404,22.5303,0,36
29992,19:42:34,114.034897,22.5303,0,40
29992,19:43:04,114.040703,22.530899,0,38
29992,19:44:04,114.051804,22.531401,0,31
29992,19:45:04,114.060402,22.5315,0,28
29992,19:45:58,114.069099,22.531601,0,29
29992,19:46:05,114.069901,22.5317,0,25
29992,19:46:35,114.072403,22.5317,0,11
29992,19:47:04,114.073402,22.5317,0,8
29992,19:47:34,114.0746,22.5317,0,11
29992,19:50:34,114.0793,22.534901,0,4
29992,19:51:34,114.079803,22.535999,0,8
29992,19:52:34,114.0811,22.5369,0,10
29992,19:53:04,114.083603,22.537201,0,3
29992,19:54:34,114.084801,22.537201,0,0
29992,19:55:04,114.0849,22.537201,0,0
29992,19:55:34,114.0849,22.537201,0,0
29992,19:56:34,114.085602,22.5373,0,0
29992,19:57:34,114.086098,22.5373,0,3
29992,19:58:04,114.086502,22.5373,0,0
29992,19:59:05,114.087097,22.5373,0,4
29992,19:59:35,114.087799,22.537399,0,5
29992,20:02:05,114.090103,22.5378,0,0
29992,20:02:35,114.090103,22.5378,0,0
29992,20:03:05,114.090302,22.537901,0,0
29992,20:03:35,114.090401,22.537901,0,0
29992,20:04:05,114.090599,22.537901,0,0
29992,20:04:35,114.090599,22.538,0,0
29992,20:05:05,114.091499,22.538099,0,4
29992,20:06:35,114.094498,22.538,0,7
29992,20:07:05,114.094902,22.538,0,0
29992,20:07:35,114.095901,22.538,0,8
29992,20:08:35,114.097504,22.538,0,7
29992,20:09:05,114.098,22.538,0,0
29992,20:10:05,114.099899,22.538,0,5
29992,20:10:35,114.101097,22.538099,0,0
29992,20:11:05,114.101898,22.538099,0,8
29992,20:11:35,114.102303,22.538099,0,0
29992,20:12:05,114.103302,22.538099,0,5
29992,20:12:35,114.103798,22.538,0,4
29992,20:13:05,114.104301,22.5378,0,3
29992,20:14:35,114.106102,22.537001,0,8
29992,20:15:05,114.107803,22.5371,0,11
29992,20:16:05,114.111702,22.538,0,4
29992,20:16:35,114.112602,22.538099,0,0
29992,20:17:05,114.112701,22.538099,0,0
29992,20:17:35,114.113098,22.5382,0,4
29992,20:18:05,114.114601,22.538601,0,7
29992,20:19:05,114.116096,22.5392,0,5
29992,20:19:35,114.116699,22.539301,0,4
29992,20:20:05,114.117104,22.539,0,2
29992,20:20:35,114.117302,22.538799,0,2
29992,20:22:06,114.117897,22.537901,0,3
29992,20:22:36,114.117897,22.537901,0,0
29992,20:23:06,114.118896,22.537701,0,1
29992,20:23:36,114.1194,22.538,0,4
29992,20:24:36,114.1203,22.538601,0,4
29992,20:25:06,114.121002,22.539101,0,7
29992,20:25:36,114.121803,22.5396,0,8
29992,20:26:06,114.122803,22.540199,0,10
29992,20:26:36,114.124001,22.541,0,10
29992,20:27:06,114.124702,22.5415,0,6
29992,20:27:36,114.125603,22.542101,0,13
29992,20:28:36,114.133202,22.546101,0,31
29992,20:29:36,114.138,22.5522,0,29
29992,20:30:36,114.1409,22.560699,0,27
29992,20:31:36,114.139702,22.5639,0,0
29992,20:32:36,114.137199,22.566601,0,7
29992,20:33:06,114.137001,22.566799,0,0
29992,20:33:36,114.137001,22.566799,0,0
29992,20:34:36,114.137802,22.5688,0,0
29992,20:35:06,114.137901,22.568899,0,0
29992,20:36:06,114.1381,22.572599,0,14
29992,20:37:06,114.138702,22.5742,0,0
29992,20:37:36,114.138901,22.5746,0,10
29992,20:38:06,114.139702,22.576599,0,9
29992,20:38:36,114.1409,22.577101,0,0
29992,20:39:34,114.1408,22.577,0,8
29992,20:40:34,114.140404,22.578699,0,11
29992,20:41:34,114.139,22.5755,0,20
29992,20:42:34,114.137703,22.5707,0,13
29992,20:43:34,114.137802,22.568899,0,8
29992,20:45:04,114.132301,22.5625,0,16
29992,20:45:34,114.132004,22.5623,0,0
29992,20:46:34,114.131897,22.562,0,11
29992,20:47:04,114.1343,22.5592,0,24
29992,20:47:34,114.134697,22.5588,0,0
29992,20:48:04,114.134697,22.5588,0,0
29992,20:48:41,114.135902,22.557501,0,0
29992,20:49:11,114.138298,22.556,0,32
29992,20:49:41,114.1427,22.555599,0,27
29992,20:50:11,114.1465,22.555401,0,24
29992,20:51:11,114.154503,22.5585,0,33
29992,20:51:41,114.1576,22.560801,0,20
29992,20:52:11,114.157997,22.560301,0,8
29992,20:52:41,114.157402,22.562599,0,21
29992,20:53:12,114.157501,22.565399,0,22
29992,20:53:42,114.158501,22.5667,0,18
29992,20:55:12,114.164497,22.566799,0,14
29992,20:55:40,114.1651,22.5669,0,0
29992,20:56:40,114.165199,22.5669,0,0
29992,20:58:10,114.164497,22.5644,0,6
29992,20:58:40,114.163101,22.564199,0,6
29992,21:00:00,114.161499,22.564199,0,0
29992,21:00:30,114.158798,22.564199,0,20
29992,21:01:00,114.1576,22.564301,0,0
29992,21:01:30,114.157402,22.562799,0,15
29992,21:02:30,114.152901,22.557699,0,33
29992,21:03:00,114.1483,22.555901,0,30
29992,21:04:00,114.141098,22.556101,0,21
29992,21:04:30,114.138,22.556499,0,23
29992,21:05:00,114.138496,22.5534,0,30
29992,21:05:30,114.136398,22.5502,0,22
29992,21:06:00,114.133301,22.5492,0,24
29992,21:06:30,114.1315,22.548901,0,16
29992,21:07:30,114.126297,22.5481,0,0
29992,21:08:00,114.126297,22.5481,0,0
29992,21:08:30,114.126297,22.5481,0,0
29992,21:09:00,114.125999,22.548,0,15
29992,21:09:30,114.123299,22.547501,0,22
29992,21:11:30,114.115601,22.5464,0,26
29992,21:12:30,114.114502,22.5471,0,2
29992,21:13:18,114.114502,22.5471,0,0
29992,21:14:18,114.1129,22.5476,0,2
29992,21:14:48,114.112602,22.5474,0,2
29992,21:15:19,114.112297,22.546499,0,8
29992,21:15:49,114.112198,22.545601,0,12
29992,21:16:49,114.106796,22.544901,0,0
29992,21:17:19,114.104897,22.5445,0,23
29992,21:18:19,114.103699,22.544201,0,0
29992,21:18:55,114.100304,22.543699,0,22
29992,21:19:55,114.099602,22.5469,0,0
29992,21:20:25,114.099602,22.5469,0,0
29992,21:20:55,114.099503,22.5487,0,20
29992,21:21:25,114.099602,22.551399,0,11
29992,21:22:55,114.099701,22.551701,0,8
29992,21:23:25,114.099503,22.554399,0,11
29992,21:23:55,114.099503,22.554701,0,0
29992,21:24:25,114.099503,22.5548,0,0
29992,21:25:25,114.099503,22.5548,0,0
29992,21:25:55,114.099503,22.5548,0,0
29992,21:26:25,114.099701,22.555099,0,0
29992,21:27:50,114.101402,22.5553,0,0
29992,21:28:50,114.103897,22.555901,0,13
29992,21:29:18,114.104202,22.554199,0,6
29992,21:29:48,114.104301,22.5536,0,0
29992,21:30:18,114.104301,22.5536,0,0
29992,21:31:18,114.105103,22.5504,0,27
29992,21:31:48,114.104797,22.5495,0,0
29992,21:32:48,114.106102,22.547001,0,2
29992,21:33:48,114.106102,22.547001,0,0
29992,21:34:18,114.106102,22.547001,0,0
29992,21:34:48,114.106102,22.547001,0,0
29992,21:35:18,114.1064,22.545601,0,14
29992,21:35:48,114.106499,22.545,0,0
29992,21:36:48,114.106499,22.545,0,0
29992,21:37:18,114.106499,22.545,0,0
29992,21:37:48,114.107498,22.544901,0,26
29992,21:38:18,114.110703,22.5453,0,11
29992,21:38:48,114.111702,22.5455,0,2
29992,21:39:18,114.112396,22.545601,0,1
29992,21:39:48,114.1138,22.5459,0,13
29992,21:40:48,114.113602,22.5427,0,0
29992,21:41:18,114.113602,22.5427,0,0
29992,21:42:18,114.113602,22.5417,0,2
29992,21:43:18,114.113701,22.5408,0,0
29992,21:43:48,114.113701,22.5408,0,0
29992,21:44:34,114.113602,22.540501,0,4
29992,21:45:04,114.113701,22.539499,0,9
29992,21:46:05,114.113701,22.539,0,0
29992,21:46:35,114.113701,22.539,0,2
29992,21:47:05,114.113701,22.539,0,0
29992,21:47:35,114.112099,22.538799,0,8
29992,21:48:05,114.111603,22.540899,0,12
29992,21:49:35,114.110397,22.547199,0,9
29992,21:50:35,114.110397,22.5473,0,0
29992,21:51:35,114.110001,22.551701,0,25
29992,21:52:05,114.109901,22.554501,0,12
29992,21:52:35,114.1129,22.554001,0,22
29992,21:53:05,114.114899,22.553801,0,0
29992,21:53:35,114.114899,22.553801,0,0
29992,21:55:05,114.115402,22.554199,0,17
29992,21:56:35,114.114601,22.562099,0,2
29992,21:57:05,114.114998,22.562099,0,0
29992,21:57:24,114.115196,22.562099,0,0
29992,21:57:54,114.115196,22.562099,0,0
29992,21:58:24,114.114799,22.562099,0,1
29992,21:58:54,114.114998,22.562099,0,3
29992,21:59:24,114.115402,22.562201,0,9
29992,21:59:54,114.1157,22.562401,0,10
29992,22:00:54,114.115097,22.5632,0,0
29992,22:01:54,114.115097,22.5632,0,0
29992,22:02:24,114.115097,22.5632,0,0
29992,22:02:54,114.115097,22.5632,0,0
29992,22:03:54,114.115097,22.5632,0,0
29992,22:04:24,114.115097,22.5632,0,0
29992,22:04:54,114.115097,22.5632,0,0
29992,22:05:24,114.115097,22.5632,0,0
29992,22:05:54,114.115097,22.5632,0,0
29992,22:06:24,114.115097,22.5632,0,0
29992,22:06:54,114.115097,22.5632,0,0
29992,22:07:24,114.115097,22.5632,0,0
29992,22:07:54,114.115097,22.5632,0,0
29992,22:08:54,114.115097,22.5632,0,0
29992,22:09:25,114.115097,22.5632,0,0
29992,22:09:55,114.115097,22.5632,0,0
29992,22:10:25,114.115097,22.5632,0,0
29992,22:10:55,114.115097,22.5632,0,0
29992,22:12:25,114.115097,22.5632,0,0
29992,22:12:55,114.115097,22.5632,0,0
29992,22:13:25,114.115097,22.5632,0,0
29992,22:13:55,114.115097,22.5632,0,0
29992,22:15:25,114.115097,22.5632,0,0
29992,22:15:55,114.115097,22.5632,0,0
29992,22:16:55,114.115097,22.5632,0,0
29992,22:17:55,114.114998,22.563,0,8
29992,22:18:25,114.114502,22.564301,0,14
29992,22:18:55,114.115799,22.565201,0,0
29992,22:19:55,114.114998,22.5595,0,27
29992,22:20:55,114.107597,22.5588,0,31
29992,22:21:55,114.104599,22.558701,0,0
29992,22:22:25,114.102997,22.558701,0,18
29992,22:22:55,114.0998,22.558599,0,10
29992,22:23:25,114.099701,22.558599,0,0
29992,22:23:55,114.099701,22.558599,0,0
29992,22:24:16,114.099403,22.558599,0,0
29992,22:24:26,114.099098,22.5581,0,17
29992,22:24:56,114.099297,22.5555,0,3
29992,22:25:55,114.099503,22.555201,0,10
29992,22:26:55,114.099297,22.5525,0,0
29992,22:28:26,114.099503,22.5506,0,16
29992,22:28:56,114.099403,22.5488,0,0
29992,22:29:26,114.099403,22.5488,0,0
29992,22:30:04,114.099403,22.5466,0,19
29992,22:30:34,114.099503,22.5446,0,0
29992,22:32:04,114.099503,22.5439,0,0
29992,22:33:34,114.099503,22.5415,0,0
29992,22:34:04,114.099503,22.5415,0,0
29992,22:36:04,114.103302,22.538,0,6
29992,22:37:04,114.104698,22.5376,0,0
29992,22:37:34,114.105301,22.5373,0,5
29992,22:38:34,114.108498,22.537399,0,23
29992,22:39:04,114.111298,22.537901,0,20
29992,22:40:04,114.117996,22.537701,0,26
29992,22:40:34,114.121803,22.539499,0,24
29992,22:41:04,114.125,22.541599,0,25
29992,22:41:34,114.128601,22.543501,0,24
29992,22:43:34,114.138603,22.5529,0,18
29992,22:44:04,114.140602,22.555099,0,22
29992,22:44:34,114.143799,22.555401,0,33
29992,22:45:34,114.153801,22.558001,0,36
29992,22:46:04,114.158203,22.5613,0,37
29992,22:46:34,114.1632,22.562599,0,32
29992,22:47:04,114.1679,22.5627,0,32
29992,22:48:04,114.176399,22.5609,0,25
29992,22:48:34,114.179604,22.558599,0,32
29992,22:49:22,114.185799,22.556,0,0
29992,22:49:36,114.188103,22.555901,0,33
29992,22:50:06,114.192596,22.5564,0,28
29992,22:50:12,114.193298,22.556601,0,0
29992,22:50:36,114.193298,22.556601,0,0
29992,22:51:36,114.193298,22.556601,0,0
29992,22:52:06,114.193298,22.556601,0,0
29992,22:52:34,114.193298,22.556601,0,28
29992,22:54:05,114.223396,22.5525,0,1
29992,22:55:05,114.2248,22.552601,0,3
29992,22:55:28,114.2248,22.552601,0,0
29992,22:56:58,114.226997,22.554501,0,0
29992,22:57:28,114.225304,22.553101,0,16
29992,22:57:58,114.224403,22.552299,0,0
29992,22:58:28,114.223297,22.552601,0,20
29992,22:59:04,114.221497,22.554501,0,0
29992,22:59:34,114.219597,22.556299,0,23
29992,23:00:34,114.215698,22.557501,0,26
29992,23:01:34,114.214996,22.557501,0,0
29992,23:03:34,114.187103,22.5562,0,0
29992,23:03:36,114.187103,22.5562,0,27
29992,23:04:05,114.18,22.5585,0,34
29992,23:04:35,114.177902,22.5602,0,9
29992,23:06:04,114.162399,22.562799,0,39
29992,23:06:34,114.157303,22.561001,0,35
29992,23:07:04,114.153,22.557699,0,35
29992,23:07:35,114.150299,22.556801,0,15
29992,23:08:05,114.1493,22.559,0,17
29992,23:08:35,114.147797,22.5585,0,22
29992,23:09:47,114.146103,22.555599,0,0
29992,23:09:52,114.146103,22.555599,0,0
29992,23:09:56,114.146103,22.555599,0,13
29992,23:10:23,114.143799,22.5548,0,16
29992,23:10:53,114.143402,22.552799,0,0
29992,23:11:22,114.143204,22.551399,0,20
29992,23:12:22,114.143097,22.5506,0,0
29992,23:12:52,114.143097,22.5506,0,0
29992,23:13:22,114.141701,22.5501,0,14
29992,23:14:22,114.134598,22.5494,0,34
29992,23:15:22,114.127197,22.548201,0,22
29992,23:16:22,114.126404,22.548,0,0
29992,23:17:22,114.125801,22.5473,0,10
29992,23:17:52,114.125603,22.5448,0,9
29992,23:18:22,114.1231,22.545099,0,23
29992,23:19:09,114.1213,22.543699,0,0
29992,23:19:39,114.121201,22.5432,0,0
29992,23:21:39,114.120796,22.5431,0,0
29992,23:22:09,114.120796,22.5431,0,0
29992,23:22:39,114.120796,22.5431,0,0
29992,23:23:09,114.1203,22.5432,0,0
29992,23:24:09,114.1203,22.5432,0,0
29992,23:24:39,114.120399,22.542601,0,6
29992,23:25:09,114.120399,22.542299,0,0
29992,23:25:40,114.120399,22.542299,0,0
29992,23:26:10,114.120399,22.542299,0,0
29992,23:26:40,114.120201,22.5418,0,3
29992,23:28:10,114.118202,22.5375,0,17
29992,23:28:40,114.116096,22.5355,0,25
29992,23:28:54,114.114799,22.5347,0,0
29992,23:29:05,114.114197,22.534401,0,4
29992,23:29:07,114.114197,22.534401,0,0
29992,23:29:11,114.114197,22.534401,0,0
29992,23:29:30,114.114197,22.534401,0,0
29992,23:29:45,114.114197,22.534401,0,0
29992,23:30:15,114.114197,22.534401,0,0
29992,23:30:37,114.114197,22.534401,0,16
29992,23:30:45,114.1157,22.5352,0,17
29992,23:31:44,114.119202,22.538,0,29
29992,23:32:44,114.112701,22.5383,0,28
29992,23:33:14,114.107903,22.5373,0,37
29992,23:34:14,114.097603,22.5382,0,39
29992,23:34:44,114.092697,22.5382,0,31
29992,23:35:44,114.083,22.537399,0,30
29992,23:36:14,114.0793,22.535801,0,23
29992,23:37:14,114.074898,22.5319,0,27
29992,23:37:44,114.069901,22.531799,0,37
29992,23:38:44,114.057701,22.5317,0,41
29992,23:39:15,114.052498,22.531601,0,27
29992,23:39:45,114.048897,22.531601,0,18
29992,23:40:15,114.045303,22.532301,0,27
29992,23:40:45,114.044601,22.5364,0,47
29992,23:41:15,114.044502,22.5417,0,31
29992,23:41:45,114.044403,22.5467,0,36
29992,23:42:15,114.044403,22.549801,0,0
29992,23:44:15,114.043999,22.556299,0,0
29992,23:44:45,114.043999,22.556299,0,0
29992,23:45:15,114.043297,22.556801,0,21
29992,23:46:15,114.037903,22.556101,0,18
29992,23:47:45,114.035202,22.554501,0,5
29992,23:48:15,114.035301,22.554199,0,0
29992,23:48:20,114.035301,22.5539,0,12
29992,23:49:20,114.038597,22.553301,0,14
29992,23:49:50,114.039703,22.553101,0,15
29992,23:50:20,114.039902,22.5504,0,16
29992,23:50:50,114.042,22.549999,0,21
29992,23:51:50,114.0439,22.5504,0,0
29992,23:52:20,114.0439,22.5504,0,0
29992,23:53:52,114.050903,22.5502,0,0
29992,23:59:53,114.059601,22.578501,0,37
