35705,00:00:16,114.025398,22.6404,0,19
35705,00:00:46,114.024498,22.6369,0,6
35705,00:01:46,114.024803,22.6346,0,27
35705,00:03:45,114.027603,22.623699,0,0
35705,00:04:45,114.027603,22.623699,0,0
35705,00:05:45,114.030403,22.617201,0,37
35705,00:06:45,114.032097,22.615101,0,0
35705,00:07:15,114.0327,22.614401,0,25
35705,00:07:45,114.035301,22.6113,0,5
35705,00:08:15,114.037003,22.6092,0,36
35705,00:08:45,114.038399,22.6075,0,0
35705,00:09:17,114.038399,22.6075,0,0
35705,00:09:46,114.038399,22.6075,0,0
35705,00:10:16,114.039902,22.6057,0,35
35705,00:10:46,114.042099,22.603001,0,5
35705,00:11:16,114.043404,22.6012,0,20
35705,00:11:46,114.044098,22.597601,0,32
35705,00:12:16,114.047501,22.594,0,40
35705,00:12:46,114.050499,22.589399,0,34
35705,00:14:46,114.061302,22.5725,0,40
35705,00:15:15,114.059097,22.571199,0,5
35705,00:16:15,114.054901,22.571301,0,18
35705,00:16:45,114.0541,22.570999,0,7
35705,00:17:15,114.054199,22.5697,0,0
35705,00:17:45,114.054199,22.568899,0,9
35705,00:18:15,114.054298,22.5669,0,14
35705,00:18:45,114.054298,22.565701,0,7
35705,00:19:47,114.053703,22.567101,0,0
35705,00:20:17,114.053703,22.567101,0,0
35705,00:20:47,114.053703,22.567101,0,0
35705,00:21:16,114.053497,22.567301,0,0
35705,00:22:16,114.052002,22.5672,0,13
35705,00:23:16,114.048897,22.5674,0,6
35705,00:23:46,114.0504,22.5674,0,17
35705,00:24:16,114.053596,22.5674,0,20
35705,00:24:46,114.057098,22.568701,0,26
35705,00:25:16,114.059998,22.569401,0,10
35705,00:26:15,114.061798,22.569599,0,23
35705,00:26:45,114.062302,22.565201,0,38
35705,00:27:45,114.062103,22.5625,0,18
35705,00:28:15,114.0625,22.558901,0,38
35705,00:28:45,114.062698,22.552799,0,38
35705,00:29:15,114.062698,22.551701,0,0
35705,00:30:47,114.067802,22.5495,0,32
35705,00:32:46,114.071899,22.546499,0,6
35705,00:33:16,114.071297,22.545799,0,6
35705,00:34:16,114.0718,22.5439,0,4
35705,00:34:48,114.0709,22.5429,0,6
35705,00:35:18,114.075104,22.542999,0,34
35705,00:35:48,114.075996,22.5431,0,0
35705,00:36:18,114.076302,22.542999,0,16
35705,00:36:48,114.081001,22.5432,0,34
35705,00:38:17,114.083298,22.5434,0,0
35705,00:40:17,114.069199,22.5431,0,12
35705,00:40:47,114.067802,22.5418,0,33
35705,00:41:17,114.0681,22.5366,0,39
35705,00:41:47,114.066902,22.5326,0,28
35705,00:42:17,114.063202,22.5319,0,27
35705,00:42:47,114.057899,22.531799,0,33
35705,00:43:16,114.052399,22.5317,0,38
35705,00:43:46,114.047302,22.5315,0,25
35705,00:44:16,114.044098,22.531401,0,15
35705,00:45:18,114.044899,22.5284,0,28
35705,00:45:48,114.044601,22.526199,0,0
35705,00:46:48,114.042503,22.5222,0,25
35705,00:47:18,114.042,22.521601,0,0
35705,00:48:18,114.039001,22.516899,0,28
35705,00:49:17,114.034401,22.5179,0,15
35705,00:49:47,114.033798,22.518299,0,0
35705,00:50:17,114.032898,22.518801,0,7
35705,00:50:47,114.0317,22.5196,0,15
35705,00:51:47,114.030998,22.5235,0,0
35705,00:53:17,114.0326,22.5259,0,0
35705,00:54:16,114.033302,22.5271,0,11
35705,00:55:18,114.034401,22.530001,0,21
35705,00:55:48,114.038803,22.5306,0,29
35705,00:56:18,114.042503,22.5308,0,23
35705,00:57:18,114.050102,22.5306,0,27
35705,00:57:48,114.0513,22.5277,0,27
35705,00:58:18,114.052101,22.5257,0,13
35705,00:58:48,114.053802,22.5259,0,0
35705,01:00:17,114.056099,22.525999,0,19
35705,01:01:17,114.058197,22.5256,0,8
35705,01:01:47,114.058296,22.5259,0,0
35705,01:02:17,114.058403,22.524599,0,9
35705,01:03:17,114.058601,22.523199,0,0
35705,01:03:47,114.058998,22.5226,0,6
35705,01:04:17,114.059097,22.521099,0,0
35705,01:04:47,114.058899,22.520399,0,0
35705,01:05:18,114.058998,22.5203,0,0
35705,01:05:48,114.058998,22.5203,0,0
35705,01:06:18,114.058601,22.5198,0,19
35705,01:06:48,114.053497,22.518499,0,45
35705,01:07:48,114.0513,22.5182,0,0
35705,01:08:18,114.048698,22.518499,0,32
35705,01:08:48,114.043297,22.520399,0,41
35705,01:09:18,114.041901,22.5212,0,16
35705,01:10:50,114.032898,22.526199,0,0
35705,01:11:19,114.032501,22.526501,0,18
35705,01:11:49,114.029503,22.5282,0,23
35705,01:12:49,114.0214,22.532301,0,28
35705,01:13:19,114.015999,22.5312,0,40
35705,01:14:19,114.004097,22.5301,0,36
35705,01:14:49,113.998001,22.529499,0,40
35705,01:15:19,113.993103,22.5266,0,34
35705,01:16:19,113.983101,22.5231,0,32
35705,01:16:48,113.977203,22.5229,0,38
35705,01:17:18,113.9711,22.5229,0,44
35705,01:17:48,113.965202,22.5228,0,37
35705,01:18:18,113.959503,22.5229,0,36
35705,01:19:18,113.947701,22.5242,0,41
35705,01:19:48,113.941597,22.5245,0,39
35705,01:20:18,113.9356,22.524599,0,40
35705,01:20:49,113.93,22.5249,0,36
35705,01:22:18,113.919197,22.527399,0,0
35705,01:22:48,113.918999,22.527399,0,0
35705,01:23:18,113.9188,22.527399,0,0
35705,01:23:48,113.9188,22.527399,0,0
35705,01:24:18,113.917397,22.5278,0,19
35705,01:24:48,113.914902,22.527,0,12
35705,01:25:18,113.913597,22.5266,0,20
35705,01:26:50,113.9105,22.530199,0,0
35705,01:27:49,113.9105,22.530199,0,0
35705,01:28:19,113.9104,22.5308,0,2
35705,01:28:49,113.910202,22.5308,0,0
35705,01:29:19,113.910698,22.531,0,16
35705,01:29:49,113.9133,22.5312,0,0
35705,01:30:19,113.914101,22.5312,0,16
35705,01:30:49,113.915703,22.531099,0,0
35705,01:31:20,113.917503,22.530899,0,25
35705,01:32:20,113.919998,22.5341,0,24
35705,01:32:50,113.922096,22.5354,0,25
35705,01:33:49,113.9272,22.5373,0,28
35705,01:34:19,113.9272,22.5413,0,27
35705,01:34:49,113.929901,22.5424,0,20
35705,01:35:19,113.9338,22.5425,0,22
35705,01:36:50,113.940804,22.5406,0,29
35705,01:37:20,113.942703,22.5417,0,5
35705,01:37:50,113.944702,22.5418,0,11
35705,01:39:20,113.951302,22.5415,0,0
35705,01:43:20,113.949799,22.5431,0,33
35705,01:43:50,113.955803,22.543301,0,39
35705,01:45:19,113.966103,22.5408,0,26
35705,01:45:49,113.969597,22.5396,0,28
35705,01:46:19,113.972397,22.538601,0,24
35705,01:47:19,113.979202,22.536301,0,25
35705,01:51:19,114.005302,22.5362,0,16
35705,01:52:19,114.012604,22.5373,0,30
35705,01:52:51,114.016403,22.5378,0,22
35705,01:53:51,114.019699,22.536301,0,14
35705,01:54:51,114.0224,22.535299,0,0
35705,01:55:20,114.023499,22.535,0,14
35705,01:55:50,114.024597,22.5336,0,15
35705,01:56:20,114.025803,22.530701,0,31
35705,01:56:50,114.029297,22.5278,0,24
35705,01:58:50,114.038597,22.527901,0,13
35705,01:59:20,114.038597,22.527901,0,4
35705,01:59:51,114.038101,22.5299,0,9
35705,02:02:50,114.044899,22.5277,0,18
35705,02:03:20,114.044601,22.5263,0,0
35705,02:03:50,114.044601,22.526199,0,0
35705,02:05:22,114.049896,22.525801,0,19
35705,02:05:52,114.050903,22.525801,0,0
35705,02:06:21,114.051598,22.5257,0,15
35705,02:07:21,114.056503,22.5261,0,8
35705,02:07:51,114.057701,22.525999,0,10
35705,02:08:51,114.059402,22.527,0,0
35705,02:09:21,114.059402,22.527,0,0
35705,02:10:21,114.059402,22.527,0,0
35705,02:11:20,114.059402,22.527,0,0
35705,02:11:50,114.059402,22.527,0,0
35705,02:12:50,114.059402,22.527,0,0
35705,02:13:50,114.059502,22.526899,0,0
35705,02:15:52,114.059196,22.526699,0,0
35705,02:16:22,114.059196,22.526699,0,0
35705,02:16:52,114.059196,22.526699,0,0
35705,02:17:21,114.059196,22.526699,0,0
35705,02:17:51,114.059196,22.526699,0,0
35705,02:19:21,114.059196,22.526699,0,0
35705,02:19:52,114.059196,22.526699,0,0
35705,02:21:22,114.059196,22.526699,0,0
35705,02:22:21,114.059601,22.526899,0,0
35705,02:23:51,114.059601,22.526899,0,0
35705,02:24:21,114.059601,22.526899,0,0
35705,02:24:51,114.059601,22.526899,0,0
35705,02:25:22,114.059601,22.526899,0,0
35705,02:25:52,114.059601,22.526899,0,0
35705,02:26:52,114.059402,22.526699,0,0
35705,02:27:22,114.059402,22.526699,0,0
35705,02:28:21,114.059402,22.526699,0,0
35705,02:29:21,114.059402,22.526699,0,0
35705,02:29:51,114.059402,22.526699,0,0
35705,02:30:52,114.059097,22.528,0,23
35705,02:31:22,114.058296,22.531401,0,25
35705,02:31:52,114.058098,22.535101,0,17
35705,02:32:22,114.060204,22.535299,0,0
35705,02:32:52,114.062103,22.5355,0,20
35705,02:33:51,114.062698,22.5354,0,0
35705,02:34:21,114.062897,22.536301,0,15
35705,02:34:51,114.062698,22.5375,0,0
35705,02:36:22,114.062798,22.5424,0,0
35705,02:36:52,114.063499,22.5427,0,18
35705,02:37:22,114.065399,22.5427,0,8
35705,02:38:52,114.0634,22.5375,0,0
35705,02:39:21,114.063004,22.537701,0,0
35705,02:40:53,114.063103,22.531099,0,42
35705,02:41:23,114.063202,22.5264,0,15
35705,02:41:53,114.063202,22.525999,0,8
35705,02:42:23,114.062698,22.5229,0,36
35705,02:43:53,114.059196,22.5201,0,0
35705,02:44:23,114.056602,22.5189,0,31
35705,02:44:52,114.0513,22.518101,0,6
35705,02:45:22,114.051201,22.518101,0,0
35705,02:46:52,114.045197,22.519501,0,33
35705,02:47:52,114.043999,22.5201,0,0
35705,02:48:22,114.042702,22.5207,0,17
35705,02:48:52,114.042999,22.522699,0,16
35705,02:49:22,114.044601,22.525999,0,29
35705,02:49:52,114.044701,22.5308,0,37
35705,02:51:23,114.047897,22.535101,0,0
35705,02:52:23,114.047997,22.5373,0,4
35705,02:52:53,114.049202,22.537399,0,0
35705,02:53:23,114.049797,22.5375,0,18
35705,02:53:53,114.051399,22.5382,0,35
35705,02:54:23,114.052696,22.5387,0,0
35705,02:54:53,114.055397,22.537399,0,24
35705,02:55:23,114.055702,22.5394,0,12
35705,02:55:53,114.0578,22.5396,0,0
35705,02:56:23,114.057899,22.5397,0,0
35705,02:56:53,114.058197,22.5401,0,20
35705,02:57:23,114.060402,22.542299,0,32
35705,02:58:23,114.069199,22.5422,0,27
35705,02:59:24,114.069702,22.5459,0,12
35705,02:59:54,114.0709,22.546101,0,12
35705,03:00:24,114.071602,22.5467,0,4
35705,03:00:53,114.071602,22.5471,0,6
35705,03:02:23,114.069397,22.5478,0,2
35705,03:02:53,114.069901,22.547899,0,0
35705,03:03:53,114.069901,22.547899,0,0
35705,03:04:23,114.069901,22.547899,0,0
35705,03:04:53,114.069901,22.547899,0,0
35705,03:05:53,114.069901,22.547899,0,0
35705,03:06:52,114.069901,22.547899,0,0
35705,03:08:22,114.069901,22.547899,0,0
35705,03:08:54,114.069901,22.547899,0,0
35705,03:09:24,114.069901,22.547899,0,0
35705,03:09:54,114.069901,22.547899,0,0
35705,03:10:54,114.069901,22.547899,0,0
35705,03:11:24,114.069901,22.547899,0,0
35705,03:11:53,114.069901,22.547899,0,0
35705,03:12:23,114.069901,22.547899,0,0
35705,03:12:53,114.069901,22.547899,0,0
35705,03:13:23,114.069901,22.547899,0,0
35705,03:14:24,114.069901,22.547899,0,0
35705,03:14:54,114.069901,22.547899,0,0
35705,03:15:24,114.069901,22.547899,0,0
35705,03:16:24,114.069901,22.547899,0,0
35705,03:16:54,114.069901,22.547899,0,0
35705,03:17:23,114.069901,22.547899,0,0
35705,03:17:53,114.069901,22.547899,0,0
35705,03:18:23,114.069901,22.547899,0,0
35705,03:19:24,114.069901,22.547899,0,0
35705,03:19:54,114.069901,22.547899,0,0
35705,03:20:24,114.069901,22.547899,0,0
35705,03:21:54,114.07,22.547899,0,0
35705,03:22:53,114.07,22.547899,0,0
35705,03:23:23,114.07,22.547899,0,0
35705,03:23:53,114.07,22.547899,0,0
35705,03:24:25,114.07,22.547899,0,0
35705,03:24:55,114.07,22.547899,0,0
35705,03:25:25,114.07,22.547899,0,0
35705,03:26:55,114.07,22.547899,0,0
35705,03:28:54,114.07,22.547899,0,0
35705,03:29:54,114.07,22.547899,0,0
35705,03:30:24,114.07,22.547899,0,0
35705,03:31:24,114.07,22.547899,0,0
35705,03:31:54,114.07,22.547899,0,0
35705,03:32:24,114.07,22.547899,0,0
35705,03:32:54,114.07,22.547899,0,0
35705,03:33:24,114.07,22.547899,0,0
35705,03:34:25,114.07,22.547899,0,0
35705,03:34:55,114.07,22.547899,0,0
35705,03:35:25,114.07,22.547899,0,0
35705,03:35:55,114.07,22.547899,0,0
35705,03:36:55,114.070099,22.548,0,0
35705,03:37:25,114.070099,22.548,0,0
35705,03:37:55,114.070099,22.548,0,0
35705,03:38:25,114.070099,22.548,0,0
35705,03:38:55,114.070099,22.548,0,0
35705,03:39:25,114.070099,22.548,0,0
35705,03:39:55,114.070099,22.548,0,0
35705,03:40:25,114.070099,22.548,0,0
35705,03:41:25,114.070503,22.5481,0,24
35705,03:42:25,114.067596,22.542,0,37
35705,03:42:55,114.067101,22.538799,0,20
35705,03:43:25,114.0634,22.5376,0,9
35705,03:44:25,114.063004,22.5373,0,14
35705,03:44:55,114.063103,22.5329,0,39
35705,03:45:25,114.063103,22.528099,0,12
35705,03:46:25,114.0597,22.526899,0,4
35705,03:47:25,114.059601,22.5261,0,6
35705,03:47:55,114.059998,22.524,0,11
35705,03:48:25,114.060204,22.5233,0,17
35705,03:48:55,114.0606,22.521099,0,16
35705,03:49:26,114.059097,22.5201,0,8
35705,03:50:55,114.058601,22.5229,0,10
35705,03:51:25,114.058502,22.524401,0,7
35705,03:51:55,114.058296,22.5256,0,0
35705,03:52:55,114.0597,22.525499,0,15
35705,03:53:25,114.060204,22.5245,0,15
35705,03:53:55,114.059601,22.527,0,18
35705,03:54:55,114.058601,22.527599,0,6
35705,03:55:25,114.057198,22.527599,0,10
35705,03:55:55,114.057198,22.5294,0,9
35705,03:56:25,114.057098,22.5299,0,11
35705,03:56:55,114.057297,22.5298,0,5
35705,03:57:25,114.057198,22.5291,0,9
35705,03:57:55,114.057098,22.528099,0,9
35705,03:58:25,114.056999,22.527901,0,0
35705,03:58:55,114.056999,22.527901,0,0
35705,03:59:25,114.056999,22.527901,0,0
35705,04:00:27,114.056999,22.5275,0,6
35705,04:00:56,114.057404,22.527399,0,0
35705,04:01:55,114.059303,22.5278,0,0
35705,04:03:26,114.0606,22.535601,0,9
35705,04:03:56,114.063103,22.535801,0,9
35705,04:04:26,114.063698,22.5373,0,18
35705,04:06:25,114.0718,22.5387,0,6
35705,04:06:55,114.0718,22.541401,0,22
35705,04:07:26,114.074699,22.542801,0,22
35705,04:07:56,114.074303,22.5431,0,29
35705,04:08:26,114.0718,22.5438,0,5
35705,04:08:56,114.071297,22.544701,0,6
35705,04:09:26,114.071198,22.545401,0,7
35705,04:09:56,114.071701,22.5464,0,0
35705,04:10:56,114.071701,22.5464,0,0
35705,04:11:26,114.071602,22.546801,0,8
35705,04:11:55,114.071602,22.5467,0,0
35705,04:12:26,114.071701,22.5464,0,0
35705,04:12:56,114.071701,22.5464,0,0
35705,04:13:26,114.071899,22.546499,0,0
35705,04:13:56,114.071899,22.546499,0,0
35705,04:14:26,114.071899,22.546499,0,0
35705,04:14:56,114.071602,22.546101,0,1
35705,04:15:56,114.071098,22.5455,0,2
35705,04:16:26,114.0718,22.5464,0,0
35705,04:16:56,114.071602,22.546301,0,0
35705,04:17:26,114.071602,22.5459,0,4
35705,04:17:56,114.071701,22.546101,0,6
35705,04:18:26,114.071404,22.547501,0,0
35705,04:18:56,114.073196,22.5476,0,27
35705,04:19:26,114.075798,22.547001,0,0
35705,04:19:56,114.075996,22.546801,0,11
35705,04:20:26,114.077202,22.5455,0,17
35705,04:20:56,114.077599,22.5446,0,5
35705,04:21:26,114.077003,22.5436,0,8
35705,04:21:56,114.076401,22.5432,0,0
35705,04:23:57,114.072899,22.542999,0,33
35705,04:24:27,114.071701,22.5441,0,7
35705,04:24:57,114.070999,22.5457,0,9
35705,04:25:27,114.071899,22.5467,0,7
35705,04:25:57,114.071899,22.546801,0,0
35705,04:26:27,114.071899,22.546801,0,0
35705,04:26:57,114.071899,22.546801,0,0
35705,04:27:27,114.071899,22.546801,0,0
35705,04:27:58,114.071899,22.546801,0,0
35705,04:28:27,114.071899,22.546801,0,0
35705,04:28:57,114.071899,22.546801,0,0
35705,04:29:27,114.071899,22.546801,0,0
35705,04:29:57,114.071899,22.546801,0,0
35705,04:31:57,114.071899,22.546801,0,0
35705,04:33:27,114.071404,22.544701,0,12
35705,04:33:57,114.071503,22.5446,0,11
35705,04:34:57,114.069801,22.5473,0,13
35705,04:35:57,114.0737,22.5476,0,26
35705,04:36:57,114.075798,22.547001,0,0
35705,04:37:27,114.077904,22.547001,0,9
35705,04:37:58,114.0811,22.5471,0,7
35705,04:38:28,114.083603,22.5473,0,15
35705,04:38:57,114.083801,22.547001,0,3
35705,04:39:57,114.087799,22.547701,0,13
35705,04:40:27,114.087898,22.549101,0,0
35705,04:40:57,114.086403,22.549101,0,12
35705,04:41:57,114.084198,22.549101,0,7
35705,04:42:27,114.084099,22.5476,0,12
35705,04:42:58,114.084297,22.547501,0,7
35705,04:43:27,114.084297,22.547501,0,0
35705,04:43:58,114.0867,22.5483,0,8
35705,04:44:27,114.086502,22.5492,0,11
35705,04:44:57,114.085999,22.549101,0,4
35705,04:45:27,114.0858,22.549101,0,0
35705,04:45:57,114.085701,22.549101,0,0
35705,04:46:57,114.085701,22.5492,0,0
35705,04:47:27,114.085602,22.5492,0,0
35705,04:47:59,114.085602,22.5492,0,0
35705,04:48:58,114.085602,22.5492,0,0
35705,04:49:28,114.085602,22.5492,0,0
35705,04:51:11,114.0858,22.549,0,0
35705,04:52:11,114.085701,22.549101,0,0
35705,04:53:11,114.085701,22.549101,0,0
35705,04:53:41,114.085602,22.549101,0,0
35705,04:54:11,114.085602,22.549101,0,0
35705,04:55:10,114.084297,22.547501,0,0
35705,04:55:11,114.085503,22.5492,0,0
35705,04:55:40,114.085701,22.549101,0,0
35705,04:56:11,114.085701,22.549101,0,0
35705,04:56:41,114.085701,22.549101,0,0
35705,04:57:11,114.085701,22.549101,0,0
35705,04:57:41,114.085701,22.549101,0,0
35705,04:58:41,114.085701,22.549101,0,0
35705,04:59:11,114.0858,22.549,0,0
35705,04:59:41,114.0858,22.5492,0,0
35705,05:00:11,114.0858,22.5492,0,0
35705,05:01:41,114.085701,22.5492,0,0
35705,05:02:41,114.085602,22.5492,0,0
35705,05:03:11,114.085602,22.5492,0,0
35705,05:04:11,114.085701,22.549,0,0
35705,05:06:41,114.0858,22.5492,0,0
35705,05:07:11,114.0858,22.5492,0,0
35705,05:07:41,114.0858,22.5492,0,0
35705,05:08:11,114.0858,22.5492,0,0
35705,05:08:41,114.0858,22.5492,0,0
35705,05:09:11,114.0858,22.5488,0,0
35705,05:10:11,114.0858,22.549299,0,0
35705,05:10:41,114.085602,22.549,0,0
35705,05:11:11,114.085701,22.549101,0,0
35705,05:12:10,114.085602,22.5494,0,0
35705,05:12:40,114.085602,22.5494,0,0
35705,05:13:40,114.085701,22.549299,0,0
35705,05:14:40,114.085602,22.5492,0,0
35705,05:15:10,114.085503,22.5494,0,0
35705,05:15:40,114.085503,22.5494,0,0
35705,05:16:10,114.085503,22.5494,0,0
35705,05:16:42,114.085503,22.5494,0,0
35705,05:17:12,114.085503,22.5494,0,0
35705,05:17:41,114.0858,22.549299,0,0
35705,05:18:41,114.0858,22.5492,0,0
35705,05:19:11,114.0858,22.5492,0,0
35705,05:19:41,114.085701,22.5492,0,0
35705,05:20:11,114.085701,22.5492,0,0
35705,05:21:42,114.085602,22.5495,0,0
35705,05:22:42,114.085503,22.549601,0,0
35705,05:25:11,114.085602,22.549101,0,0
35705,05:25:41,114.084503,22.549299,0,15
35705,05:27:12,114.087601,22.551701,0,0
35705,05:27:42,114.090401,22.551701,0,18
35705,05:28:41,114.095802,22.5518,0,35
35705,05:29:11,114.099197,22.551901,0,0
35705,05:30:11,114.099503,22.5445,0,37
35705,05:30:41,114.102501,22.5439,0,38
35705,05:31:11,114.1082,22.545,0,42
35705,05:31:42,114.110298,22.5425,0,25
35705,05:32:42,114.111801,22.539,0,8
35705,05:33:12,114.112,22.538601,0,0
35705,05:33:41,114.112,22.538601,0,0
35705,05:35:41,114.110603,22.5438,0,35
35705,05:36:11,114.1101,22.5476,0,5
35705,05:36:42,114.107697,22.5471,0,6
35705,05:37:12,114.106499,22.548201,0,14
35705,05:37:42,114.107498,22.5522,0,18
35705,05:38:12,114.1063,22.552999,0,18
35705,05:39:11,114.103897,22.557899,0,21
35705,05:39:41,114.103996,22.558399,0,0
35705,05:40:41,114.103996,22.561501,0,0
35705,05:41:11,114.103996,22.561501,0,0
35705,05:41:41,114.103996,22.561501,0,0
35705,05:42:13,114.102402,22.5616,0,14
35705,05:43:13,114.102203,22.561701,0,0
35705,05:43:43,114.102203,22.561701,0,0
35705,05:44:13,114.102203,22.561701,0,0
35705,05:45:42,114.101997,22.561501,0,0
35705,05:46:12,114.101997,22.561501,0,0
35705,05:46:42,114.101997,22.561501,0,0
35705,05:48:12,114.101799,22.5613,0,0
35705,05:49:12,114.102097,22.5616,0,0
35705,05:49:42,114.101997,22.5616,0,0
35705,05:50:41,114.102097,22.561701,0,0
35705,05:51:11,114.101997,22.561701,0,0
35705,05:51:41,114.102203,22.561701,0,0
35705,05:53:13,114.102303,22.561701,0,0
35705,05:53:43,114.102303,22.561701,0,0
35705,05:54:13,114.102303,22.561701,0,0
35705,05:54:43,114.102303,22.561701,0,0
35705,05:55:13,114.101997,22.5618,0,0
35705,05:55:43,114.101997,22.5618,0,0
35705,05:56:12,114.101898,22.561701,0,0
35705,05:56:42,114.101898,22.561701,0,0
35705,05:58:13,114.101799,22.5616,0,0
35705,05:58:43,114.101601,22.561501,0,6
35705,05:59:13,114.099602,22.5616,0,0
35705,06:00:13,114.098701,22.5616,0,20
35705,06:00:43,114.095299,22.561399,0,17
35705,06:02:13,114.094803,22.5588,0,0
35705,06:02:43,114.094002,22.5585,0,22
35705,06:03:13,114.0914,22.558399,0,0
35705,06:03:43,114.0914,22.558399,0,0
35705,06:04:13,114.0914,22.558399,0,0
35705,06:05:13,114.090599,22.556299,0,11
35705,06:07:43,114.087502,22.554001,0,0
35705,06:08:13,114.088402,22.555599,0,19
35705,06:09:13,114.086403,22.557699,0,0
35705,06:09:43,114.086502,22.5574,0,0
35705,06:10:13,114.088097,22.5583,0,31
35705,06:10:43,114.0914,22.558399,0,24
35705,06:11:13,114.096497,22.5585,0,42
35705,06:11:44,114.100601,22.5585,0,28
35705,06:12:13,114.103699,22.558599,0,0
35705,06:12:43,114.103699,22.558599,0,0
35705,06:13:13,114.105499,22.558599,0,29
35705,06:13:43,114.110298,22.558701,0,29
35705,06:14:13,114.110397,22.556801,0,31
35705,06:15:13,114.110199,22.5483,0,18
35705,06:16:13,114.1101,22.544201,0,32
35705,06:16:43,114.110298,22.542101,0,0
35705,06:17:44,114.110703,22.5418,0,8
35705,06:18:44,114.111,22.541599,0,0
35705,06:19:14,114.111,22.541599,0,0
35705,06:19:44,114.111504,22.542,0,10
35705,06:20:14,114.113701,22.5406,0,27
35705,06:20:44,114.113701,22.539101,0,0
35705,06:21:14,114.113701,22.539101,0,0
35705,06:21:44,114.113998,22.5389,0,10
35705,06:22:45,114.112701,22.5361,0,0
35705,06:23:14,114.112396,22.535801,0,0
35705,06:23:44,114.112297,22.5355,0,0
35705,06:24:14,114.112,22.535999,0,11
35705,06:24:44,114.1119,22.537901,0,7
35705,06:25:14,114.111198,22.542101,0,26
35705,06:25:44,114.1101,22.546499,0,35
35705,06:26:14,114.109299,22.5462,0,17
35705,06:26:44,114.108803,22.5445,0,15
35705,06:27:14,114.106499,22.544901,0,0
35705,06:27:44,114.106499,22.544901,0,0
35705,06:28:14,114.105301,22.5448,0,21
35705,06:28:43,114.099998,22.5436,0,1
35705,06:29:13,114.099701,22.5434,0,3
35705,06:29:43,114.095299,22.543501,0,38
35705,06:32:15,114.084297,22.5432,0,9
35705,06:33:15,114.0784,22.5431,0,33
35705,06:34:14,114.076302,22.5431,0,10
35705,06:34:44,114.071602,22.5431,0,33
35705,06:35:45,114.068001,22.5401,0,37
35705,06:38:15,114.048203,22.531601,0,40
35705,06:38:45,114.042297,22.5312,0,40
35705,06:39:15,114.036201,22.5305,0,39
35705,06:39:44,114.030296,22.5303,0,38
35705,06:40:45,114.019096,22.531799,0,35
35705,06:41:16,114.013298,22.530701,0,0
35705,06:41:45,114.0075,22.5298,0,35
35705,06:42:15,114.001602,22.530199,0,39
35705,06:42:45,113.995903,22.528601,0,40
35705,06:43:45,113.985497,22.523701,0,40
35705,06:44:15,113.979599,22.5233,0,39
35705,06:44:45,113.973602,22.523199,0,35
35705,06:45:14,113.968002,22.5231,0,32
35705,06:45:44,113.962601,22.5231,0,37
35705,06:46:14,113.956802,22.5233,0,34
35705,06:47:15,113.945801,22.524599,0,34
35705,06:48:15,113.937103,22.5252,0,23
35705,06:49:15,113.9338,22.5217,0,16
35705,06:49:45,113.934601,22.521601,0,0
35705,06:50:15,113.934998,22.521999,0,5
35705,06:50:44,113.934196,22.5221,0,5
35705,06:51:14,113.9328,22.5226,0,16
35705,06:51:46,113.933098,22.5254,0,27
35705,06:52:16,113.939301,22.524799,0,37
35705,06:53:16,113.9515,22.5235,0,40
35705,06:53:46,113.957603,22.5228,0,39
35705,06:54:46,113.969704,22.522699,0,39
35705,06:55:16,113.9757,22.522699,0,38
35705,06:55:46,113.981499,22.5228,0,40
35705,06:56:15,113.987198,22.5238,0,38
35705,06:57:15,113.997704,22.5292,0,41
35705,06:57:45,114.0037,22.5299,0,41
35705,06:59:15,114.020302,22.5322,0,37
35705,06:59:45,114.026001,22.531099,0,41
35705,07:00:15,114.031898,22.530001,0,29
35705,07:01:15,114.039398,22.5305,0,0
35705,07:01:46,114.039398,22.5305,0,0
35705,07:03:46,114.0392,22.5305,0,0
35705,07:04:46,114.0392,22.5305,0,0
35705,07:05:16,114.039299,22.5303,0,0
35705,07:06:46,114.0392,22.530199,0,0
35705,07:07:15,114.0392,22.530199,0,0
35705,07:07:45,114.0392,22.530199,0,0
35705,07:08:15,114.039101,22.530399,0,0
35705,07:08:45,114.039299,22.5306,0,0
35705,07:09:15,114.039398,22.5305,0,0
35705,07:09:45,114.039398,22.5305,0,0
35705,07:10:15,114.039398,22.5305,0,0
35705,07:10:45,114.040703,22.5308,0,17
35705,07:11:47,114.044899,22.527,0,32
35705,07:12:17,114.043297,22.523399,0,23
35705,07:13:16,114.042397,22.521799,0,0
35705,07:13:46,114.042397,22.521799,0,0
35705,07:14:46,114.042397,22.521799,0,0
35705,07:15:16,114.042397,22.521799,0,0
35705,07:16:16,114.042397,22.521799,0,0
35705,07:17:17,114.042397,22.521799,0,0
35705,07:17:47,114.042397,22.521799,0,0
35705,07:19:16,114.042397,22.521799,0,0
35705,07:20:16,114.042503,22.521799,0,0
35705,07:21:16,114.042603,22.521799,0,0
35705,07:21:46,114.042603,22.521799,0,0
35705,07:22:17,114.042603,22.521799,0,0
35705,07:22:47,114.042603,22.521799,0,0
35705,07:23:47,114.042503,22.5217,0,0
35705,07:24:16,114.042503,22.5217,0,0
35705,07:25:16,114.042503,22.5217,0,0
35705,07:25:46,114.042603,22.5217,0,0
35705,07:26:16,114.042603,22.5217,0,0
35705,07:26:46,114.042503,22.5217,0,0
35705,07:27:18,114.042503,22.5217,0,0
35705,07:29:18,114.042503,22.5217,0,0
35705,07:29:47,114.042503,22.5217,0,0
35705,07:30:47,114.042503,22.521799,0,0
35705,07:31:17,114.042503,22.521799,0,0
35705,07:31:47,114.0429,22.522499,0,8
35705,07:32:17,114.043999,22.521999,0,2
35705,07:32:47,114.044899,22.5217,0,4
35705,07:33:17,114.044601,22.520901,0,12
35705,07:33:47,114.042297,22.521,0,10
35705,07:34:47,114.039299,22.519899,0,13
35705,07:35:17,114.038101,22.5191,0,3
35705,07:35:46,114.038597,22.5182,0,0
35705,07:36:16,114.038803,22.5182,0,0
35705,07:36:46,114.038902,22.518101,0,0
35705,07:37:18,114.038902,22.5179,0,0
35705,07:37:48,114.039101,22.516701,0,22
35705,07:38:18,114.038597,22.5159,0,0
35705,07:38:48,114.038597,22.5159,0,0
35705,07:39:48,114.038597,22.5159,0,0
35705,07:40:47,114.040703,22.514299,0,8
35705,07:41:17,114.040497,22.513201,0,3
35705,07:41:47,114.040398,22.5133,0,0
35705,07:42:17,114.040802,22.5138,0,0
35705,07:42:47,114.042,22.514601,0,3
35705,07:43:47,114.041199,22.514799,0,21
35705,07:44:17,114.039803,22.5154,0,13
35705,07:44:47,114.039398,22.517099,0,24
35705,07:45:17,114.041603,22.5207,0,13
35705,07:45:47,114.041801,22.520901,0,0
35705,07:47:48,114.043297,22.5235,0,22
35705,07:48:48,114.044197,22.5252,0,0
35705,07:51:18,114.045197,22.5417,0,9
35705,07:51:48,114.046402,22.542101,0,13
35705,07:53:18,114.049599,22.5408,0,8
35705,07:53:48,114.0504,22.5399,0,12
35705,07:54:18,114.050598,22.5399,0,0
35705,07:55:18,114.051102,22.5452,0,6
35705,07:55:48,114.050499,22.545401,0,0
35705,07:56:18,114.048897,22.5453,0,22
35705,07:56:48,114.047897,22.5436,0,13
35705,07:57:48,114.045998,22.542601,0,21
35705,07:58:48,114.044296,22.5413,0,31
35705,07:59:18,114.043999,22.537901,0,12
35705,07:59:48,114.043701,22.539101,0,11
35705,08:00:18,114.043297,22.540701,0,11
35705,08:00:48,114.042099,22.5406,0,3
35705,08:01:48,114.042801,22.541,0,7
35705,08:02:48,114.0438,22.538401,0,16
35705,08:04:19,114.0429,22.534401,0,7
35705,08:05:19,114.040901,22.534,0,4
35705,08:05:49,114.042603,22.5345,0,10
35705,08:06:19,114.043999,22.534,0,7
35705,08:07:19,114.044899,22.5271,0,20
35705,08:07:49,114.044403,22.5261,0,0
35705,08:08:19,114.044403,22.5261,0,0
35705,08:08:48,114.043602,22.5245,0,28
35705,08:09:18,114.041901,22.5215,0,0
35705,08:09:48,114.041901,22.5215,0,0
35705,08:10:48,114.041901,22.5215,0,0
35705,08:11:18,114.042198,22.5208,0,17
35705,08:11:48,114.046204,22.518999,0,33
35705,08:12:18,114.050301,22.518101,0,14
35705,08:12:48,114.0504,22.5168,0,8
35705,08:13:20,114.050598,22.5145,0,7
35705,08:13:50,114.052597,22.514601,0,18
35705,08:14:49,114.054604,22.5152,0,3
35705,08:15:19,114.056396,22.513,0,0
35705,08:15:49,114.054398,22.512199,0,0
35705,08:16:19,114.052902,22.5116,0,10
35705,08:16:49,114.052498,22.5123,0,0
35705,08:17:19,114.051804,22.5112,0,0
35705,08:17:49,114.051804,22.5112,0,0
35705,08:18:19,114.051804,22.5112,0,0
35705,08:18:49,114.051201,22.511299,0,7
35705,08:19:19,114.052002,22.512699,0,16
35705,08:19:48,114.054703,22.513599,0,13
35705,08:20:19,114.056801,22.5147,0,10
35705,08:20:49,114.057297,22.5145,0,5
35705,08:21:19,114.057404,22.5144,0,0
35705,08:21:49,114.057999,22.5154,0,13
35705,08:22:19,114.060402,22.5175,0,23
35705,08:22:49,114.062401,22.5186,0,0
35705,08:23:49,114.062202,22.5194,0,11
35705,08:24:49,114.057999,22.516399,0,10
35705,08:25:18,114.054001,22.5144,0,40
35705,08:25:50,114.047501,22.513201,0,48
35705,08:26:20,114.040199,22.514299,0,51
35705,08:27:50,114.0186,22.525999,0,52
35705,08:28:20,114.015099,22.530899,0,35
35705,08:28:50,114.014297,22.534201,0,0
35705,08:29:20,114.014297,22.5347,0,9
35705,08:29:50,114.012802,22.536501,0,20
35705,08:30:20,114.0112,22.538799,0,15
35705,08:30:49,114.011803,22.537901,0,8
35705,08:31:19,114.008904,22.537201,0,27
35705,08:31:49,114.005096,22.5366,0,9
35705,08:32:19,114.003601,22.5364,0,0
35705,08:32:49,114.003601,22.5364,0,0
35705,08:33:49,114.003601,22.5364,0,0
35705,08:34:19,114.001801,22.5359,0,27
35705,08:36:15,114.011803,22.537901,0,0
35705,08:36:20,113.984299,22.536301,0,33
35705,08:36:50,113.981201,22.5364,0,25
35705,08:37:20,113.976799,22.536699,0,31
35705,08:37:50,113.973602,22.5382,0,27
35705,08:38:20,113.972298,22.538799,0,0
35705,08:38:50,113.971298,22.5392,0,18
35705,08:39:20,113.9673,22.540701,0,32
35705,08:39:50,113.963898,22.542,0,0
35705,08:41:21,113.960403,22.5432,0,0
35705,08:41:50,113.959801,22.543301,0,19
35705,08:43:50,113.950203,22.5434,0,0
35705,08:44:20,113.950104,22.5431,0,0
35705,08:46:21,113.941704,22.542999,0,24
35705,08:46:51,113.9384,22.5429,0,23
35705,08:47:20,113.934196,22.542801,0,21
35705,08:48:50,113.933403,22.5427,0,0
35705,08:49:50,113.933098,22.5427,0,0
35705,08:50:20,113.932899,22.5427,0,0
35705,08:52:21,113.931,22.542801,0,1
35705,08:52:50,113.930702,22.5429,0,0
35705,08:53:50,113.926903,22.542999,0,30
35705,08:54:50,113.927002,22.5411,0,7
35705,08:55:20,113.926903,22.539499,0,20
35705,08:56:20,113.926903,22.535999,0,11
35705,08:57:50,113.926201,22.5355,0,9
35705,08:58:19,113.927399,22.5359,0,14
35705,08:58:49,113.927101,22.5387,0,23
35705,08:59:49,113.930496,22.5425,0,30
35705,09:00:49,113.940498,22.5427,0,33
35705,09:01:22,113.945396,22.542999,0,30
35705,09:01:52,113.948601,22.5431,0,0
35705,09:02:52,113.9506,22.5431,0,24
35705,09:03:51,113.958298,22.543301,0,0
35705,09:05:21,113.9627,22.5422,0,0
35705,09:05:51,113.963501,22.541901,0,17
35705,09:06:21,113.966103,22.540899,0,19
35705,09:06:51,113.9692,22.539801,0,24
35705,09:07:51,113.974197,22.537701,0,11
35705,09:08:21,113.973297,22.538601,0,15
35705,09:08:51,113.971802,22.5397,0,12
35705,09:10:20,113.975601,22.541,0,9
35705,09:10:50,113.977501,22.5413,0,9
35705,09:11:22,113.977798,22.5415,0,0
35705,09:11:52,113.977798,22.5415,0,0
35705,09:12:22,113.9776,22.541,0,6
35705,09:12:52,113.975601,22.5411,0,15
35705,09:13:22,113.974602,22.540899,0,0
35705,09:13:52,113.973801,22.5408,0,2
35705,09:14:51,113.973297,22.5406,0,4
35705,09:15:21,113.973801,22.5408,0,14
35705,09:15:51,113.976097,22.541,0,12
35705,09:16:22,113.9776,22.5408,0,7
35705,09:16:52,113.977898,22.5399,0,6
35705,09:17:52,113.977303,22.538099,0,12
35705,09:18:22,113.975998,22.5373,0,8
35705,09:18:52,113.975098,22.5375,0,11
35705,09:19:22,113.978699,22.5364,0,30
35705,09:20:21,113.986,22.5362,0,22
35705,09:21:22,113.9907,22.535299,0,22
35705,09:22:22,113.993301,22.530899,0,18
35705,09:22:52,113.9935,22.527599,0,23
35705,09:24:22,113.985298,22.524099,0,13
35705,09:24:52,113.985901,22.5245,0,2
35705,09:25:22,113.984802,22.524,0,4
35705,09:25:52,113.982399,22.523399,0,19
35705,09:26:21,113.978302,22.523399,0,19
35705,09:27:22,113.980499,22.5287,0,35
35705,09:27:52,113.985298,22.529499,0,28
35705,09:28:52,113.988503,22.531,0,13
35705,09:29:22,113.989304,22.5326,0,14
35705,09:29:52,113.990601,22.5326,0,5
35705,09:30:22,113.991203,22.534201,0,12
35705,09:30:52,113.991898,22.5348,0,18
35705,09:31:22,113.992798,22.533899,0,0
35705,09:32:22,113.992599,22.5308,0,3
35705,09:32:52,113.993202,22.5308,0,13
35705,09:33:22,113.993599,22.5278,0,17
35705,09:33:52,113.991203,22.5261,0,30
35705,09:34:22,113.988098,22.524799,0,2
35705,09:35:22,113.985298,22.523899,0,19
35705,09:35:52,113.981598,22.5233,0,23
35705,09:36:22,113.978104,22.523701,0,20
35705,09:36:54,113.977898,22.5254,0,0
35705,09:37:53,113.977798,22.528,0,0
35705,09:38:23,113.977798,22.528,0,0
35705,09:39:23,113.974098,22.5296,0,0
35705,09:39:53,113.973396,22.5298,0,23
35705,09:40:23,113.969704,22.531099,0,20
35705,09:41:52,113.962898,22.533501,0,2
35705,09:42:22,113.962898,22.533501,0,0
35705,09:42:51,113.962502,22.5336,0,0
35705,09:43:51,113.964897,22.5327,0,5
35705,09:44:21,113.965103,22.5326,0,7
35705,09:44:51,113.968399,22.5315,0,22
35705,09:45:21,113.969398,22.531099,0,15
35705,09:45:51,113.973099,22.5298,0,11
35705,09:46:21,113.976303,22.528601,0,31
35705,09:46:54,113.9776,22.525999,0,30
35705,09:47:24,113.9776,22.5217,0,18
35705,09:47:54,113.978203,22.522499,0,28
35705,09:48:23,113.9832,22.523001,0,36
35705,09:48:53,113.988197,22.524099,0,31
35705,09:49:53,113.993103,22.5266,0,25
35705,09:50:23,113.997101,22.528999,0,26
35705,09:50:53,113.999001,22.529699,0,14
35705,09:51:23,114.002098,22.5301,0,30
35705,09:52:24,114.012398,22.5303,0,33
35705,09:52:54,114.016602,22.5313,0,8
35705,09:53:23,114.0186,22.5319,0,19
35705,09:53:53,114.022003,22.532,0,25
35705,09:54:23,114.026199,22.531099,0,27
35705,09:54:53,114.030403,22.530199,0,29
35705,09:55:23,114.032997,22.5301,0,4
35705,09:55:53,114.034401,22.5303,0,10
35705,09:56:23,114.036499,22.5305,0,12
35705,09:57:24,114.045097,22.531401,0,40
35705,09:58:24,114.054901,22.5315,0,30
35705,09:58:53,114.058701,22.5315,0,22
35705,09:59:23,114.0625,22.5315,0,24
35705,10:00:23,114.065002,22.531401,0,15
35705,10:00:53,114.066902,22.5315,0,9
35705,10:01:23,114.068001,22.5315,0,2
35705,10:01:53,114.069397,22.531,0,16
35705,10:02:25,114.068298,22.532101,0,15
35705,10:02:55,114.068199,22.536501,0,34
35705,10:03:25,114.068703,22.541401,0,34
35705,10:03:55,114.0681,22.5462,0,32
35705,10:04:24,114.0681,22.5469,0,0
35705,10:04:54,114.0681,22.5469,0,0
35705,10:05:24,114.0681,22.5473,0,10
35705,10:05:54,114.068001,22.5497,0,0
35705,10:06:24,114.068001,22.551701,0,6
35705,10:07:24,114.067902,22.556299,0,14
35705,10:07:54,114.067902,22.557199,0,4
35705,10:08:24,114.069702,22.558001,0,28
35705,10:08:54,114.074898,22.558201,0,37
35705,10:09:24,114.079597,22.558201,0,36
35705,10:09:53,114.085297,22.5583,0,39
35705,10:10:23,114.090202,22.5583,0,15
35705,10:10:53,114.0905,22.5583,0,0
35705,10:11:23,114.0905,22.5583,0,0
35705,10:11:53,114.090599,22.5583,0,6
35705,10:12:25,114.094101,22.5585,0,37
35705,10:14:55,114.100304,22.5616,0,16
35705,10:15:54,114.103699,22.5616,0,0
35705,10:16:24,114.103798,22.561701,0,7
35705,10:17:24,114.103897,22.560101,0,0
35705,10:17:54,114.103897,22.559299,0,16
35705,10:18:24,114.104103,22.5567,0,13
35705,10:18:54,114.103996,22.5539,0,2
35705,10:19:24,114.103996,22.5539,0,0
35705,10:19:54,114.103897,22.553801,0,0
35705,10:20:24,114.103897,22.553801,0,0
35705,10:20:54,114.104202,22.553101,0,11
35705,10:21:23,114.105103,22.5502,0,22
35705,10:21:53,114.104103,22.5492,0,6
35705,10:22:23,114.103203,22.5492,0,0
35705,10:22:55,114.1017,22.548,0,12
35705,10:24:25,114.099701,22.547501,0,9
35705,10:24:55,114.099701,22.548401,0,0
35705,10:25:25,114.099403,22.549,0,11
35705,10:25:55,114.099602,22.551901,0,12
35705,10:26:25,114.100899,22.5522,0,12
35705,10:26:54,114.102898,22.552799,0,0
35705,10:27:54,114.101402,22.5529,0,10
35705,10:28:24,114.1008,22.554701,0,6
35705,10:28:54,114.099701,22.555,0,0
35705,10:30:24,114.099701,22.555099,0,0
35705,10:30:54,114.099701,22.555099,0,0
35705,10:31:54,114.099297,22.5583,0,0
35705,10:32:55,114.099197,22.558399,0,0
35705,10:33:25,114.099197,22.558399,0,0
35705,10:33:55,114.099197,22.558399,0,0
35705,10:34:25,114.099197,22.560101,0,0
35705,10:34:55,114.099197,22.5602,0,4
35705,10:35:25,114.099197,22.561399,0,3
35705,10:35:55,114.099197,22.561399,0,0
35705,10:36:55,114.099297,22.5613,0,0
35705,10:37:25,114.099297,22.5613,0,0
35705,10:37:56,114.099197,22.563999,0,36
35705,10:38:55,114.099197,22.569901,0,36
35705,10:39:25,114.098999,22.5749,0,35
35705,10:40:25,114.099899,22.581301,0,17
35705,10:40:55,114.098701,22.5846,0,29
35705,10:41:25,114.097801,22.5889,0,29
35705,10:41:55,114.098297,22.5935,0,31
35705,10:42:27,114.099098,22.5987,0,0
35705,10:43:25,114.093697,22.609501,0,41
35705,10:43:55,114.092201,22.6147,0,35
35705,10:45:25,114.089401,22.626499,0,41
35705,10:45:55,114.090401,22.6306,0,35
35705,10:46:55,114.0998,22.6343,0,30
35705,10:47:25,114.103203,22.6366,0,29
35705,10:47:56,114.107399,22.639799,0,38
35705,10:48:56,114.119301,22.6416,0,35
35705,10:49:25,114.122597,22.6413,0,33
35705,10:49:55,114.123398,22.641701,0,2
35705,10:50:25,114.124603,22.6415,0,30
35705,10:50:55,114.125397,22.637501,0,23
35705,10:51:25,114.127197,22.6339,0,11
35705,10:51:55,114.127403,22.633801,0,0
35705,10:52:25,114.127403,22.633801,0,0
35705,10:53:27,114.127899,22.6334,0,10
35705,10:53:57,114.130402,22.6313,0,28
35705,10:54:26,114.131302,22.630501,0,0
35705,10:54:56,114.131302,22.630501,0,0
35705,10:55:26,114.131401,22.6304,0,5
35705,10:55:56,114.134003,22.6283,0,33
35705,10:56:26,114.135201,22.6252,0,23
35705,10:57:26,114.136398,22.6255,0,36
35705,10:57:57,114.139099,22.627199,0,3
35705,10:58:27,114.139503,22.627001,0,13
35705,10:58:57,114.140099,22.624901,0,0
35705,10:59:27,114.140099,22.624901,0,0
35705,11:01:56,114.137901,22.621799,0,13
35705,11:02:26,114.135902,22.6199,0,19
35705,11:03:57,114.132401,22.615801,0,22
35705,11:04:27,114.1306,22.613501,0,15
35705,11:05:26,114.126801,22.6131,0,6
35705,11:06:26,114.120598,22.618299,0,28
35705,11:06:56,114.117599,22.6208,0,24
35705,11:07:26,114.117302,22.621401,0,0
35705,11:07:57,114.117302,22.621401,0,0
35705,11:08:27,114.117302,22.621401,0,0
35705,11:09:27,114.116798,22.621099,0,4
35705,11:09:57,114.116302,22.621099,0,18
35705,11:10:56,114.1231,22.6152,0,34
35705,11:11:26,114.126801,22.6127,0,28
35705,11:11:56,114.1259,22.6103,0,20
35705,11:12:26,114.122902,22.608101,0,28
35705,11:12:57,114.119301,22.6066,0,25
35705,11:14:27,114.110901,22.5958,0,34
35705,11:14:57,114.109299,22.5916,0,28
35705,11:16:26,114.114304,22.5819,0,15
35705,11:16:56,114.115097,22.579599,0,18
35705,11:17:26,114.116997,22.576099,0,32
35705,11:17:56,114.117798,22.5716,0,25
35705,11:18:27,114.117599,22.568501,0,12
35705,11:19:27,114.119102,22.562,0,13
35705,11:19:57,114.119202,22.5611,0,14
35705,11:20:27,114.119301,22.5597,0,14
35705,11:20:57,114.115997,22.5592,0,26
35705,11:21:27,114.111099,22.558901,0,37
35705,11:22:26,114.104698,22.558701,0,10
35705,11:22:56,114.101898,22.558599,0,18
35705,11:23:28,114.100197,22.558599,0,0
35705,11:24:28,114.100098,22.558599,0,0
35705,11:24:58,114.099503,22.558599,0,7
35705,11:25:28,114.097504,22.558599,0,16
35705,11:27:27,114.095596,22.5599,0,3
35705,11:27:57,114.096603,22.5599,0,8
35705,11:29:58,114.093399,22.5585,0,12
35705,11:30:28,114.0924,22.5585,0,0
35705,11:30:58,114.0924,22.5585,0,0
35705,11:31:28,114.0924,22.5585,0,0
35705,11:31:58,114.092201,22.558599,0,0
35705,11:32:27,114.092102,22.558599,0,3
35705,11:32:57,114.0895,22.558599,0,30
35705,11:33:28,114.085403,22.5585,0,23
35705,11:33:58,114.081398,22.5583,0,27
35705,11:34:28,114.078796,22.555201,0,30
35705,11:34:58,114.078102,22.554399,0,15
35705,11:36:28,114.072197,22.551201,0,30
35705,11:36:58,114.069199,22.5511,0,1
35705,11:37:57,114.067703,22.549299,0,37
35705,11:38:58,114.067902,22.545,0,29
35705,11:39:28,114.068001,22.5408,0,34
35705,11:39:58,114.0681,22.535601,0,28
35705,11:40:28,114.066704,22.532499,0,28
35705,11:42:28,114.058998,22.5338,0,8
35705,11:42:58,114.059303,22.534201,0,10
35705,11:43:28,114.059303,22.534201,0,0
35705,11:43:58,114.058899,22.5343,0,0
35705,11:44:28,114.060303,22.535101,0,9
35705,11:44:58,114.058601,22.5355,0,0
35705,11:45:58,114.0588,22.5352,0,0
35705,11:46:28,114.0588,22.5352,0,0
35705,11:46:58,114.058502,22.535101,0,0
35705,11:47:58,114.058197,22.5352,0,0
35705,11:48:28,114.058197,22.5352,0,0
35705,11:50:59,114.066803,22.531601,0,0
35705,11:51:29,114.0672,22.531601,0,0
35705,11:51:59,114.068001,22.531601,0,2
35705,11:52:59,114.069397,22.531601,0,6
35705,11:53:29,114.070099,22.531601,0,5
35705,11:53:59,114.071198,22.5317,0,6
35705,11:54:28,114.072601,22.5317,0,4
35705,11:54:58,114.073196,22.5317,0,5
35705,11:55:28,114.074203,22.5317,0,0
35705,11:55:59,114.075302,22.531799,0,8
35705,11:56:29,114.076202,22.531799,0,6
35705,11:56:59,114.076797,22.531799,0,5
35705,11:57:29,114.077599,22.5322,0,10
35705,11:57:59,114.0783,22.5331,0,10
35705,11:58:29,114.078903,22.534,0,8
35705,11:58:59,114.079399,22.535101,0,7
35705,12:00:28,114.092003,22.538099,0,31
35705,12:00:59,114.096298,22.538,0,25
35705,12:01:59,114.100899,22.538401,0,17
35705,12:02:59,114.100098,22.5411,0,15
35705,12:03:29,114.101799,22.541201,0,1
35705,12:04:29,114.1026,22.540501,0,0
35705,12:04:59,114.101997,22.541201,0,1
35705,12:05:28,114.100197,22.541201,0,11
35705,12:05:59,114.099899,22.541201,0,0
35705,12:06:59,114.0998,22.541201,0,7
35705,12:07:29,114.098,22.541201,0,7
35705,12:07:59,114.097702,22.541201,0,0
35705,12:08:29,114.097702,22.541201,0,0
35705,12:08:59,114.097603,22.5413,0,0
35705,12:09:59,114.097702,22.541201,0,0
35705,12:10:29,114.097702,22.541201,0,0
35705,12:11:59,114.097702,22.541201,0,0
35705,12:12:59,114.097702,22.541201,0,0
35705,12:13:29,114.097702,22.541201,0,0
35705,12:13:59,114.097702,22.541201,0,0
35705,12:14:29,114.097702,22.541201,0,0
35705,12:15:29,114.097504,22.540899,0,0
35705,12:16:59,114.097702,22.5413,0,0
35705,12:17:29,114.097702,22.5413,0,0
35705,12:17:59,114.097702,22.5413,0,0
35705,12:18:29,114.097702,22.5413,0,0
35705,12:18:59,114.097702,22.5413,0,0
35705,12:19:59,114.097702,22.5413,0,0
35705,12:20:29,114.097702,22.5413,0,0
35705,12:21:00,114.097702,22.5413,0,0
35705,12:21:31,114.097702,22.5413,0,0
35705,12:22:30,114.097702,22.5413,0,0
35705,12:23:00,114.097702,22.5413,0,0
35705,12:23:30,114.097702,22.5413,0,0
35705,12:24:00,114.097702,22.5413,0,0
35705,12:25:00,114.097702,22.5413,0,0
35705,12:25:30,114.097702,22.5413,0,0
35705,12:26:00,114.097702,22.5413,0,0
35705,12:26:31,114.097702,22.5413,0,0
35705,12:27:01,114.097702,22.5413,0,0
35705,12:27:30,114.097702,22.5413,0,0
35705,12:28:00,114.097702,22.5413,0,0
35705,12:28:30,114.097702,22.5413,0,0
35705,12:29:00,114.097702,22.5413,0,0
35705,12:29:30,114.097702,22.5413,0,0
35705,12:30:30,114.097702,22.5413,0,0
35705,12:33:30,114.097702,22.5413,0,0
35705,12:34:30,114.097702,22.5413,0,0
35705,12:35:00,114.097702,22.5413,0,0
35705,12:35:30,114.097702,22.5413,0,0
35705,12:36:00,114.097702,22.5413,0,0
35705,12:36:31,114.097702,22.5413,0,0
35705,12:37:01,114.097702,22.5413,0,0
35705,12:37:31,114.097702,22.5413,0,0
35705,12:38:01,114.097702,22.5413,0,0
35705,12:38:30,114.097702,22.5413,0,0
35705,12:39:00,114.097702,22.5413,0,0
35705,12:40:00,114.097702,22.5413,0,0
35705,12:40:30,114.097702,22.5413,0,0
35705,12:41:31,114.097702,22.5413,0,0
35705,12:42:31,114.097702,22.5413,0,0
35705,12:43:01,114.097702,22.5413,0,0
35705,12:43:31,114.098503,22.541201,0,7
35705,12:44:01,114.0989,22.5413,0,0
35705,12:44:30,114.099403,22.5413,0,13
35705,12:45:00,114.099503,22.542601,0,0
35705,12:46:00,114.099602,22.543301,0,0
35705,12:46:31,114.099602,22.543301,0,0
35705,12:48:01,114.099701,22.544201,0,22
35705,12:48:31,114.099503,22.547199,0,0
35705,12:49:31,114.099503,22.547199,0,0
35705,12:50:00,114.099297,22.5487,0,22
35705,12:50:30,114.099503,22.551701,0,0
35705,12:51:00,114.099503,22.551701,0,0
35705,12:51:30,114.099197,22.5516,0,0
35705,12:52:01,114.099197,22.5516,0,0
35705,12:52:31,114.098999,22.5532,0,30
35705,12:53:31,114.098999,22.5581,0,0
35705,12:54:01,114.098999,22.5581,0,0
35705,12:54:31,114.098999,22.5581,0,0
35705,12:55:00,114.098999,22.5581,0,0
35705,12:55:30,114.099098,22.5604,0,27
35705,12:56:00,114.099197,22.563101,0,18
35705,12:57:01,114.099403,22.569599,0,5
35705,12:57:31,114.098701,22.569,0,15
35705,12:58:01,114.098297,22.566401,0,11
35705,12:58:31,114.097397,22.567101,0,10
35705,13:01:00,114.097801,22.566299,0,5
35705,13:01:30,114.097,22.566299,0,6
35705,13:02:31,114.0951,22.5681,0,24
35705,13:03:01,114.099602,22.57,0,31
35705,13:04:01,114.1036,22.5704,0,0
35705,13:04:31,114.103897,22.569799,0,18
35705,13:05:01,114.103897,22.5667,0,2
35705,13:06:30,114.104301,22.5634,0,21
35705,13:07:02,114.104202,22.562099,0,0
35705,13:08:32,114.104103,22.560499,0,3
35705,13:09:02,114.104103,22.557501,0,31
35705,13:10:32,114.105003,22.551201,0,13
35705,13:12:02,114.105698,22.546301,0,0
35705,13:13:02,114.105598,22.546301,0,0
35705,13:13:32,114.105598,22.546301,0,0
35705,13:14:32,114.106201,22.544901,0,20
35705,13:16:02,114.106697,22.541599,0,12
35705,13:16:32,114.106201,22.539,0,13
35705,13:17:02,114.105103,22.538,0,9
35705,13:17:32,114.102303,22.5383,0,29
35705,13:18:02,114.097298,22.5382,0,31
35705,13:19:02,114.086899,22.5375,0,34
35705,13:19:32,114.081802,22.537399,0,24
35705,13:20:02,114.078796,22.535,0,25
35705,13:20:32,114.076897,22.5322,0,20
35705,13:21:32,114.068901,22.5319,0,31
35705,13:22:01,114.063599,22.5315,0,33
35705,13:23:02,114.054001,22.5315,0,29
35705,13:24:02,114.045601,22.531401,0,33
35705,13:24:32,114.040497,22.530899,0,32
35705,13:26:02,114.026703,22.5312,0,20
35705,13:26:32,114.025101,22.5334,0,21
35705,13:27:33,114.024597,22.539301,0,3
35705,13:28:02,114.024902,22.5387,0,0
35705,13:28:32,114.024803,22.538401,0,5
35705,13:29:32,114.0252,22.539301,0,12
35705,13:30:02,114.026398,22.5397,0,5
35705,13:30:32,114.029404,22.540501,0,22
35705,13:31:32,114.031403,22.540701,0,0
35705,13:32:34,114.0392,22.542101,0,14
35705,13:33:03,114.039497,22.542101,0,12
35705,13:33:33,114.043602,22.5424,0,27
35705,13:34:33,114.0485,22.542,0,19
35705,13:35:03,114.049301,22.5411,0,10
35705,13:36:03,114.049896,22.5418,0,4
35705,13:36:33,114.0495,22.5403,0,6
35705,13:37:03,114.0495,22.5394,0,11
35705,13:37:34,114.050797,22.5396,0,0
35705,13:38:04,114.052399,22.5396,0,20
35705,13:39:03,114.055099,22.5397,0,5
35705,13:40:33,114.058296,22.5383,0,10
35705,13:42:03,114.059196,22.5278,0,2
35705,13:42:33,114.059196,22.5278,0,0
35705,13:43:03,114.059303,22.5278,0,7
35705,13:45:33,114.060799,22.527,0,0
35705,13:46:33,114.060799,22.527,0,0
35705,13:47:03,114.060799,22.527,0,0
35705,13:47:33,114.060799,22.527,0,0
35705,13:48:03,114.060799,22.527,0,0
35705,13:48:33,114.060799,22.527,0,0
35705,13:49:03,114.060799,22.527,0,0
35705,13:50:02,114.060799,22.527,0,0
35705,13:51:04,114.060799,22.527,0,0
35705,13:54:04,114.060699,22.527201,0,0
35705,13:54:34,114.060501,22.5273,0,0
35705,13:55:04,114.060501,22.5273,0,0
35705,13:56:04,114.059502,22.5268,0,5
35705,13:56:34,114.058701,22.5291,0,7
35705,13:57:34,114.058998,22.5291,0,7
35705,13:58:04,114.058899,22.5313,0,18
35705,13:58:34,114.063004,22.531401,0,11
35705,13:59:34,114.072304,22.5319,0,28
35705,14:00:33,114.078102,22.5331,0,11
35705,14:01:04,114.078796,22.534401,0,2
35705,14:01:34,114.079498,22.5357,0,16
35705,14:02:04,114.082901,22.5373,0,31
35705,14:02:34,114.087997,22.537399,0,33
35705,14:03:04,114.092697,22.538,0,31
35705,14:03:34,114.097,22.537901,0,27
35705,14:04:04,114.100899,22.537901,0,27
35705,14:04:34,114.0998,22.538601,0,18
35705,14:05:04,114.099602,22.540701,0,0
35705,14:07:04,114.099602,22.540701,0,0
35705,14:07:34,114.099503,22.541201,0,8
35705,14:08:04,114.099503,22.542,0,0
35705,14:09:34,114.099899,22.542,0,0
35705,14:10:34,114.099899,22.5424,0,0
35705,14:11:05,114.099701,22.542601,0,0
35705,14:12:04,114.099701,22.542601,0,0
35705,14:12:34,114.099701,22.542601,0,0
35705,14:13:34,114.099403,22.5431,0,0
35705,14:14:04,114.099403,22.5431,0,0
35705,14:14:34,114.099403,22.5431,0,0
35705,14:15:04,114.099403,22.5431,0,0
35705,14:15:34,114.099403,22.5431,0,0
35705,14:16:06,114.099403,22.544901,0,26
35705,14:16:36,114.099403,22.5471,0,0
35705,14:17:35,114.099503,22.5494,0,8
35705,14:18:05,114.099503,22.5495,0,0
35705,14:18:35,114.099403,22.549601,0,7
35705,14:19:35,114.099503,22.5511,0,6
35705,14:22:35,114.099297,22.554899,0,0
35705,14:23:04,114.099297,22.554899,0,0
35705,14:23:34,114.099297,22.554899,0,0
35705,14:24:34,114.099403,22.554501,0,13
35705,14:27:06,114.0895,22.5518,0,3
35705,14:27:36,114.089104,22.5518,0,5
35705,14:28:35,114.086601,22.552601,0,14
35705,14:29:05,114.087799,22.5539,0,10
35705,14:29:35,114.088501,22.5553,0,14
35705,14:30:05,114.086502,22.5571,0,10
35705,14:30:35,114.085503,22.555901,0,10
35705,14:31:05,114.085403,22.555799,0,0
35705,14:31:36,114.084602,22.5548,0,8
35705,14:32:06,114.085503,22.554001,0,7
35705,14:32:36,114.085999,22.5536,0,5
35705,14:33:35,114.088303,22.554501,0,6
35705,14:34:35,114.090897,22.552,0,3
35705,14:35:35,114.090897,22.552,0,5
35705,14:36:35,114.091103,22.545401,0,17
35705,14:37:05,114.091202,22.5448,0,0
35705,14:37:35,114.091202,22.5448,0,0
35705,14:38:05,114.091202,22.5448,0,0
35705,14:38:35,114.091301,22.5429,0,12
35705,14:39:05,114.091202,22.5422,0,0
35705,14:39:34,114.091202,22.5422,0,0
35705,14:40:04,114.091202,22.5422,0,0
35705,14:40:34,114.091202,22.5422,0,0
35705,14:41:04,114.091499,22.542,0,4
35705,14:41:36,114.091003,22.541,0,8
35705,14:42:06,114.091202,22.5394,0,0
35705,14:42:36,114.091103,22.539301,0,0
35705,14:43:06,114.091103,22.538799,0,8
35705,14:44:06,114.092201,22.540199,0,5
35705,14:44:35,114.093597,22.5404,0,9
35705,14:45:05,114.093697,22.541401,0,0
35705,14:45:35,114.093002,22.541599,0,0
35705,14:47:06,114.091202,22.5427,0,0
35705,14:47:36,114.091202,22.5427,0,0
35705,14:48:36,114.091103,22.5452,0,0
35705,14:49:06,114.091103,22.546301,0,20
35705,14:49:36,114.091202,22.5499,0,31
35705,14:50:05,114.091103,22.5513,0,0
35705,14:50:35,114.091003,22.552299,0,21
35705,14:52:37,114.091003,22.555799,0,32
35705,14:53:37,114.090897,22.5581,0,0
35705,14:54:07,114.090897,22.5581,0,0
35705,14:54:37,114.090897,22.5581,0,0
35705,14:55:36,114.089699,22.5585,0,25
35705,14:56:36,114.082901,22.5585,0,24
35705,14:58:06,114.081398,22.559,0,0
35705,14:58:36,114.0812,22.558701,0,10
35705,14:59:06,114.080498,22.5578,0,0
35705,14:59:36,114.080399,22.5576,0,0
35705,15:00:06,114.079102,22.5557,0,26
35705,15:01:06,114.077003,22.552999,0,16
35705,15:01:35,114.075302,22.5516,0,22
35705,15:02:07,114.0709,22.551201,0,23
35705,15:03:37,114.068199,22.551201,0,0
35705,15:05:07,114.068199,22.551201,0,0
35705,15:05:37,114.065399,22.5513,0,32
35705,15:07:06,114.059303,22.5515,0,38
35705,15:07:36,114.053398,22.5513,0,39
35705,15:08:06,114.0513,22.5513,0,0
35705,15:08:36,114.0513,22.5513,0,0
35705,15:09:06,114.0513,22.5513,0,0
35705,15:09:36,114.0476,22.551001,0,44
35705,15:10:06,114.042397,22.5502,0,21
35705,15:10:36,114.040298,22.5497,0,0
35705,15:11:06,114.040298,22.5497,0,0
35705,15:11:36,114.039902,22.5497,0,9
35705,15:12:08,114.039703,22.549,0,4
35705,15:12:37,114.039703,22.548599,0,0
35705,15:13:07,114.039803,22.5476,0,12
35705,15:13:37,114.039902,22.546,0,14
35705,15:14:37,114.040497,22.5445,0,0
35705,15:15:37,114.042702,22.5445,0,3
35705,15:17:08,114.043198,22.542999,0,10
35705,15:18:37,114.044098,22.5373,0,24
35705,15:19:37,114.0476,22.5373,0,0
35705,15:21:07,114.053497,22.5375,0,19
35705,15:21:37,114.055702,22.5375,0,10
35705,15:23:08,114.058197,22.5368,0,0
35705,15:24:37,114.0578,22.5359,0,0
35705,15:25:07,114.0578,22.5359,0,0
35705,15:26:07,114.057899,22.535601,0,0
35705,15:26:37,114.059097,22.535299,0,8
35705,15:27:07,114.059196,22.535299,0,0
35705,15:28:09,114.060402,22.535801,0,6
35705,15:28:39,114.060799,22.5341,0,12
35705,15:29:08,114.059196,22.5336,0,1
35705,15:30:08,114.058098,22.5347,0,0
35705,15:30:38,114.058098,22.5352,0,15
35705,15:31:08,114.057602,22.5376,0,24
35705,15:32:38,114.048897,22.537201,0,23
35705,15:33:08,114.047798,22.5389,0,13
35705,15:33:38,114.047699,22.539101,0,0
35705,15:34:37,114.0476,22.539499,0,3
35705,15:35:07,114.047501,22.5401,0,0
35705,15:36:07,114.048203,22.540199,0,0
35705,15:37:07,114.047501,22.539801,0,6
35705,15:38:39,114.044296,22.545799,0,38
35705,15:39:09,114.044403,22.5499,0,7
35705,15:39:38,114.044296,22.5499,0,0
35705,15:40:08,114.044296,22.5499,0,0
35705,15:41:08,114.044296,22.549999,0,5
35705,15:43:09,114.043999,22.5564,0,0
35705,15:43:39,114.0439,22.556601,0,7
35705,15:44:09,114.042099,22.559799,0,31
35705,15:44:39,114.041298,22.562599,0,18
35705,15:45:08,114.0439,22.564199,0,25
35705,15:46:08,114.051697,22.5648,0,27
35705,15:46:12,114.044296,22.549999,0,0
35705,15:46:38,114.055702,22.565201,0,21
35705,15:47:08,114.057999,22.5662,0,19
35705,15:48:39,114.0616,22.571501,0,24
35705,15:49:09,114.061203,22.573601,0,14
35705,15:49:39,114.060997,22.574301,0,4
35705,15:50:09,114.060997,22.574699,0,2
35705,15:50:39,114.060898,22.575001,0,0
35705,15:51:08,114.060799,22.5756,0,4
35705,15:52:08,114.061203,22.5772,0,15
35705,15:52:40,114.061996,22.5783,0,15
35705,15:54:40,114.0541,22.582899,0,28
35705,15:55:10,114.053101,22.586201,0,23
35705,15:55:40,114.050301,22.589701,0,27
35705,15:56:10,114.047401,22.592501,0,14
35705,15:56:39,114.0466,22.593,0,0
35705,15:57:39,114.046204,22.593201,0,0
35705,15:59:39,114.045197,22.593901,0,0
35705,16:00:09,114.044899,22.594299,0,0
35705,16:00:39,114.044701,22.5945,0,9
35705,16:01:38,114.044502,22.5951,0,4
35705,16:02:08,114.042397,22.596701,0,31
35705,16:03:40,114.0364,22.601801,0,23
35705,16:04:10,114.0382,22.603001,0,0
35705,16:06:10,114.041,22.604099,0,0
35705,16:07:39,114.043098,22.6019,0,3
35705,16:08:39,114.0439,22.5984,0,26
35705,16:10:09,114.050301,22.5896,0,26
35705,16:10:39,114.052902,22.5865,0,29
35705,16:11:09,114.0541,22.5825,0,29
35705,16:12:09,114.060799,22.577999,0,34
35705,16:12:38,114.065399,22.576599,0,21
35705,16:13:10,114.0672,22.5741,0,24
35705,16:13:40,114.067398,22.570801,0,26
35705,16:14:40,114.067497,22.5625,0,18
35705,16:15:10,114.067596,22.559,0,12
35705,16:15:40,114.067596,22.5588,0,0
35705,16:16:10,114.067596,22.5588,0,0
35705,16:16:40,114.067596,22.5588,0,0
35705,16:17:10,114.067596,22.5567,0,20
35705,16:17:40,114.067703,22.5534,0,11
35705,16:18:10,114.067703,22.552099,0,0
35705,16:18:40,114.067802,22.551201,0,23
35705,16:20:10,114.068802,22.5427,0,25
35705,16:21:40,114.072701,22.5429,0,0
35705,16:22:10,114.073196,22.5429,0,7
35705,16:22:40,114.073799,22.5429,0,1
35705,16:23:40,114.074898,22.542999,0,1
35705,16:24:10,114.074898,22.542999,0,0
35705,16:24:40,114.075401,22.5429,0,2
35705,16:25:10,114.075699,22.542999,0,0
35705,16:25:40,114.076103,22.5431,0,8
35705,16:26:40,114.076897,22.5434,0,3
35705,16:27:40,114.0783,22.5436,0,6
35705,16:28:10,114.079201,22.5434,0,0
35705,16:29:40,114.081703,22.5418,0,0
35705,16:30:40,114.081703,22.541201,0,0
35705,16:31:40,114.081703,22.5411,0,0
35705,16:32:10,114.081703,22.5411,0,0
35705,16:33:41,114.085403,22.5432,0,35
35705,16:34:11,114.087402,22.542999,0,21
35705,16:34:40,114.085297,22.542601,0,7
35705,16:35:10,114.084602,22.542801,0,0
35705,16:35:40,114.084396,22.5431,0,0
35705,16:36:10,114.084396,22.5431,0,0
35705,16:36:40,114.084099,22.543301,0,0
35705,16:38:10,114.083099,22.5434,0,0
35705,16:39:12,114.082603,22.543501,0,0
35705,16:40:11,114.082199,22.5438,0,3
35705,16:41:11,114.081902,22.5434,0,0
35705,16:42:11,114.080299,22.5432,0,6
35705,16:43:11,114.076599,22.543301,0,2
35705,16:43:42,114.076599,22.543301,0,0
35705,16:44:12,114.076401,22.5434,0,0
35705,16:44:42,114.076202,22.543501,0,0
35705,16:45:12,114.075996,22.543501,0,7
35705,16:45:41,114.072304,22.543301,0,30
35705,16:47:41,114.068199,22.5319,0,29
35705,16:48:42,114.064697,22.522499,0,42
35705,16:49:12,114.060402,22.518,0,42
35705,16:49:42,114.058296,22.5166,0,0
35705,16:50:12,114.058296,22.5166,0,0
35705,16:50:42,114.057701,22.516199,0,17
35705,16:51:41,114.046097,22.5133,0,49
35705,16:52:11,114.038696,22.5149,0,56
35705,16:52:41,114.031601,22.5186,0,52
35705,16:53:41,114.017502,22.5271,0,54
35705,16:54:12,114.013702,22.533701,0,53
35705,16:54:42,114.009598,22.540001,0,50
35705,16:55:12,114.003799,22.544001,0,42
35705,16:55:42,113.996902,22.5459,0,50
35705,16:56:12,113.989403,22.548401,0,53
35705,16:57:11,113.977203,22.556499,0,44
35705,16:58:11,113.964302,22.5616,0,48
35705,16:58:41,113.957298,22.5632,0,46
35705,17:00:42,113.9282,22.565901,0,50
35705,17:01:12,113.922401,22.569201,0,34
35705,17:03:11,113.910797,22.5811,0,48
35705,17:03:41,113.905701,22.5865,0,51
35705,17:05:13,113.888603,22.601299,0,51
35705,17:06:13,113.879601,22.6119,0,41
35705,17:06:43,113.875999,22.616301,0,42
35705,17:07:42,113.863899,22.6231,0,48
35705,17:08:12,113.857697,22.625401,0,38
35705,17:08:42,113.853104,22.6287,0,41
35705,17:09:43,113.850403,22.6273,0,0
35705,17:10:43,113.850098,22.625099,0,6
35705,17:11:13,113.847702,22.623199,0,34
35705,17:11:43,113.842796,22.621599,0,36
35705,17:12:43,113.831596,22.618099,0,39
35705,17:13:12,113.8265,22.615601,0,38
35705,17:13:42,113.821602,22.6134,0,39
35705,17:14:13,113.8172,22.612801,0,28
35705,17:14:43,113.814697,22.617001,0,36
35705,17:15:13,113.812302,22.6215,0,32
35705,17:15:43,113.812798,22.6259,0,34
35705,17:16:13,113.809898,22.627701,0,21
35705,17:17:13,113.809097,22.627199,0,0
35705,17:18:42,113.807297,22.6224,0,26
35705,17:19:43,113.8106,22.6236,0,28
35705,17:20:43,113.813103,22.6234,0,13
35705,17:21:43,113.813103,22.623699,0,0
35705,17:22:13,113.813103,22.623699,0,0
35705,17:22:43,113.813499,22.6248,0,11
35705,17:23:13,113.812897,22.626101,0,0
35705,17:23:43,113.812897,22.626101,0,0
35705,17:24:12,113.8125,22.6269,0,8
35705,17:24:43,113.812302,22.6271,0,0
35705,17:25:13,113.811996,22.6276,0,0
35705,17:25:43,113.811996,22.6276,0,0
35705,17:27:43,113.811996,22.6276,0,0
35705,17:28:13,113.811996,22.6276,0,0
35705,17:28:43,113.811798,22.6276,0,0
35705,17:29:13,113.811798,22.6276,0,0
35705,17:29:44,113.811798,22.6276,0,0
35705,17:30:14,113.811798,22.6276,0,0
35705,17:30:44,113.811996,22.6276,0,0
35705,17:32:14,113.811501,22.628099,0,5
35705,17:34:14,113.810799,22.627701,0,0
35705,17:35:43,113.8106,22.6278,0,0
35705,17:36:13,113.8106,22.6278,0,0
35705,17:36:43,113.8106,22.6278,0,0
35705,17:37:13,113.8106,22.6278,0,0
35705,17:37:43,113.8106,22.6278,0,0
35705,17:38:43,113.8106,22.6278,0,0
35705,17:39:13,113.8106,22.6278,0,0
35705,17:39:45,113.8106,22.6278,0,0
35705,17:40:44,113.810204,22.627501,0,0
35705,17:41:14,113.809998,22.627399,0,0
35705,17:42:44,113.809998,22.627399,0,0
35705,17:43:14,113.809799,22.627399,0,3
35705,17:43:44,113.8097,22.6273,0,0
35705,17:44:14,113.8097,22.6273,0,0
35705,17:45:45,113.809799,22.6269,0,0
35705,17:46:14,113.809799,22.6269,0,0
35705,17:47:14,113.809799,22.6269,0,0
35705,17:48:44,113.810097,22.626699,0,0
35705,17:49:14,113.810097,22.626699,0,0
35705,17:49:44,113.809799,22.6257,0,15
35705,17:50:15,113.806702,22.623899,0,0
35705,17:50:45,113.808601,22.620399,0,33
35705,17:51:14,113.811096,22.6159,0,37
35705,17:51:44,113.813499,22.611601,0,34
35705,17:52:14,113.818001,22.6101,0,28
35705,17:52:44,113.821404,22.6131,0,37
35705,17:53:14,113.826103,22.615299,0,32
35705,17:53:44,113.830399,22.6173,0,29
35705,17:54:14,113.833801,22.618799,0,20
35705,17:54:44,113.835602,22.617001,0,19
35705,17:55:15,113.837196,22.613501,0,30
35705,17:55:45,113.835098,22.6117,0,33
35705,17:57:44,113.827301,22.6084,0,0
35705,17:58:14,113.827301,22.6084,0,0
35705,17:59:14,113.829201,22.601999,0,28
35705,18:00:16,113.831802,22.592501,0,39
35705,18:00:46,113.835701,22.5896,0,35
35705,18:01:16,113.8395,22.586901,0,30
35705,18:01:46,113.841202,22.5858,0,0
35705,18:02:15,113.841202,22.5858,0,0
35705,18:02:45,113.842796,22.5846,0,28
35705,18:03:45,113.842796,22.578699,0,18
35705,18:05:45,113.849899,22.572399,0,0
35705,18:06:45,113.851997,22.5707,0,15
35705,18:07:15,113.851799,22.5688,0,29
35705,18:08:14,113.848602,22.5653,0,3
35705,18:08:44,113.850304,22.5665,0,12
35705,18:09:14,113.852699,22.564199,0,25
35705,18:09:44,113.854698,22.562599,0,34
35705,18:10:14,113.858498,22.559401,0,39
35705,18:11:16,113.868599,22.549801,0,53
35705,18:11:46,113.873497,22.544399,0,50
35705,18:12:16,113.876999,22.5385,0,48
35705,18:12:46,113.878502,22.533001,0,5
35705,18:13:15,113.878502,22.5329,0,0
35705,18:13:45,113.878502,22.5329,0,0
35705,18:20:46,113.905296,22.5156,0,17
35705,18:21:16,113.906998,22.5149,0,0
35705,18:21:46,113.9076,22.514999,0,11
35705,18:22:16,113.910103,22.515301,0,20
35705,18:22:46,113.9123,22.513901,0,25
35705,18:23:16,113.913002,22.5128,0,0
35705,18:24:16,113.915001,22.510799,0,0
35705,18:24:45,113.915001,22.510799,0,0
35705,18:25:15,113.915001,22.510799,0,0
35705,18:26:46,113.914803,22.5091,0,0
35705,18:28:16,113.9151,22.506901,0,8
35705,18:28:46,113.915001,22.504999,0,13
35705,18:29:16,113.914703,22.5037,0,6
35705,18:29:45,113.914703,22.502199,0,7
35705,18:30:15,113.914497,22.500999,0,8
35705,18:31:16,113.912003,22.4986,0,19
35705,18:31:46,113.910202,22.496901,0,18
35705,18:32:46,113.908302,22.4937,0,10
35705,18:33:16,113.907997,22.4918,0,5
35705,18:33:46,113.907997,22.491699,0,0
35705,18:34:46,113.907997,22.4921,0,17
35705,18:35:15,113.9086,22.4951,0,23
35705,18:37:17,113.915001,22.500299,0,10
35705,18:37:47,113.915199,22.500299,0,0
35705,18:38:47,113.915298,22.5002,0,0
35705,18:39:47,113.915604,22.499901,0,4
35705,18:40:17,113.916901,22.5028,0,20
35705,18:40:47,113.917999,22.505199,0,10
35705,18:41:16,113.918198,22.5058,0,0
35705,18:41:46,113.918098,22.505899,0,0
35705,18:42:16,113.918297,22.5063,0,8
35705,18:43:16,113.919403,22.509501,0,0
35705,18:43:46,113.919502,22.5096,0,6
35705,18:44:16,113.9198,22.5107,0,0
35705,18:44:46,113.9198,22.5107,0,0
35705,18:45:46,113.919899,22.511101,0,8
35705,18:46:17,113.920502,22.512699,0,12
35705,18:47:17,113.923401,22.513201,0,8
35705,18:47:47,113.924896,22.513201,0,4
35705,18:49:17,113.927299,22.513,0,11
35705,18:49:47,113.929604,22.5131,0,10
35705,18:50:17,113.931503,22.5131,0,5
35705,18:50:47,113.932602,22.5131,0,0
35705,18:51:18,113.932602,22.5131,0,0
35705,18:51:47,113.933502,22.5147,0,29
35705,18:52:17,113.9356,22.5158,0,22
35705,18:53:17,113.937103,22.5138,0,0
35705,18:54:17,113.937698,22.5172,0,0
35705,18:55:17,113.934898,22.5184,0,13
35705,18:55:47,113.935898,22.521601,0,6
35705,18:56:18,113.935898,22.521601,0,0
35705,18:56:48,113.935898,22.521601,0,7
35705,18:57:47,113.942101,22.524401,0,33
35705,18:58:47,113.953697,22.523399,0,38
35705,18:59:17,113.959503,22.5228,0,37
35705,18:59:47,113.965302,22.5228,0,38
35705,19:00:17,113.971199,22.5228,0,40
35705,19:00:47,113.977097,22.5228,0,38
35705,19:01:17,113.983002,22.5231,0,39
35705,19:03:18,114.003098,22.5301,0,36
35705,19:04:18,114.014297,22.5308,0,36
35705,19:04:48,114.019096,22.532,0,31
35705,19:05:18,114.023499,22.531799,0,30
35705,19:05:48,114.028,22.5306,0,31
35705,19:06:18,114.031403,22.530001,0,26
35705,19:06:48,114.032402,22.5299,0,0
35705,19:07:18,114.034897,22.5301,0,21
35705,19:07:48,114.037804,22.5303,0,17
35705,19:08:17,114.038399,22.528099,0,19
35705,19:09:17,114.040199,22.526699,0,8
35705,19:09:47,114.041496,22.526899,0,7
35705,19:10:17,114.042702,22.527201,0,0
35705,19:11:17,114.043999,22.5277,0,3
35705,19:11:49,114.0448,22.5273,0,10
35705,19:13:18,114.042702,22.5226,0,7
35705,19:14:18,114.042702,22.5222,0,0
35705,19:14:48,114.042702,22.5222,0,0
35705,19:15:18,114.042702,22.5222,0,0
35705,19:15:48,114.042702,22.5222,0,0
35705,19:16:18,114.0429,22.522699,0,0
35705,19:16:48,114.043404,22.523701,0,24
35705,19:17:18,114.044403,22.5256,0,17
35705,19:18:18,114.044701,22.5308,0,30
35705,19:18:48,114.044601,22.5354,0,36
35705,19:19:17,114.044601,22.539301,0,12
35705,19:19:47,114.0476,22.539,0,10
35705,19:20:17,114.048302,22.539499,0,0
35705,19:20:47,114.048401,22.5399,0,0
35705,19:21:17,114.048302,22.5396,0,12
35705,19:22:19,114.0494,22.539101,0,7
35705,19:23:19,114.049103,22.537399,0,16
35705,19:23:49,114.048302,22.5375,0,0
35705,19:24:18,114.048302,22.5375,0,0
35705,19:24:48,114.047798,22.5376,0,14
35705,19:25:18,114.0439,22.537399,0,22
35705,19:25:48,114.044403,22.5347,0,18
35705,19:26:18,114.044502,22.5313,0,33
35705,19:26:49,114.044899,22.5289,0,9
35705,19:27:19,114.044899,22.5273,0,9
35705,19:27:49,114.044403,22.5259,0,14
35705,19:28:19,114.043297,22.5235,0,11
35705,19:29:18,114.043404,22.522301,0,10
35705,19:29:48,114.044098,22.521799,0,0
35705,19:30:48,114.0448,22.521299,0,8
35705,19:32:49,114.044197,22.520399,0,6
35705,19:33:19,114.043602,22.519899,0,12
35705,19:34:19,114.044296,22.5254,0,29
35705,19:35:18,114.044601,22.533899,0,29
35705,19:35:48,114.044601,22.538799,0,32
35705,19:36:18,114.046303,22.5394,0,12
35705,19:37:20,114.049797,22.5397,0,3
35705,19:38:20,114.052498,22.539301,0,10
35705,19:38:50,114.0522,22.5387,0,1
35705,19:39:20,114.051399,22.537901,0,0
35705,19:39:50,114.050003,22.538099,0,10
35705,19:40:19,114.048698,22.538799,0,9
35705,19:40:49,114.048698,22.539101,0,0
35705,19:41:19,114.047096,22.5394,0,20
35705,19:41:49,114.044601,22.541201,0,28
35705,19:42:19,114.045097,22.542801,0,18
35705,19:42:49,114.041801,22.5425,0,33
35705,19:43:19,114.040703,22.5424,0,0
35705,19:44:49,114.038696,22.5422,0,0
35705,19:45:19,114.038696,22.5422,0,0
35705,19:45:48,114.0383,22.542101,0,0
35705,19:46:48,114.036903,22.541901,0,0
35705,19:47:20,114.036903,22.541901,0,0
35705,19:47:50,114.036903,22.541901,0,0
35705,19:48:20,114.036201,22.5418,0,7
35705,19:49:20,114.033096,22.5413,0,0
35705,19:49:50,114.032997,22.541201,0,9
35705,19:50:20,114.030998,22.540899,0,10
35705,19:50:50,114.028,22.5404,0,16
35705,19:51:19,114.025497,22.540001,0,0
35705,19:51:49,114.024399,22.5403,0,12
35705,19:52:20,114.022903,22.5429,0,27
35705,19:52:50,114.022102,22.5457,0,26
35705,19:53:50,114.019402,22.5501,0,18
35705,19:54:20,114.018097,22.551901,0,11
35705,19:55:20,114.016197,22.554899,0,0
35705,19:55:50,114.016197,22.554899,0,0
35705,19:56:20,114.016197,22.554899,0,0
35705,19:57:19,114.012497,22.5557,0,6
35705,19:57:50,114.011002,22.556101,0,0
35705,19:58:50,114.010803,22.556801,0,0
35705,19:59:20,114.011002,22.5569,0,3
35705,20:00:50,114.009399,22.5536,0,0
35705,20:02:19,114.010696,22.552401,0,16
35705,20:02:49,114.013397,22.550501,0,0
35705,20:03:49,114.014503,22.549,0,33
35705,20:04:19,114.016998,22.544901,0,25
35705,20:04:49,114.017097,22.5445,0,0
35705,20:05:49,114.017197,22.544201,0,10
35705,20:08:50,114.0298,22.5446,0,0
35705,20:09:50,114.0298,22.5443,0,0
35705,20:10:20,114.0298,22.5443,0,0
35705,20:10:50,114.029701,22.543501,0,2
35705,20:11:51,114.0308,22.5438,0,0
35705,20:12:21,114.0308,22.5438,0,4
35705,20:12:51,114.0298,22.5439,0,6
35705,20:13:20,114.0299,22.5445,0,0
35705,20:15:50,114.030296,22.5457,0,10
35705,20:16:20,114.031799,22.5462,0,8
35705,20:16:51,114.032997,22.5455,0,17
35705,20:18:50,114.035301,22.5438,0,0
35705,20:19:20,114.0354,22.542801,0,6
35705,20:19:50,114.035698,22.5422,0,4
35705,20:20:50,114.037804,22.5438,0,21
35705,20:21:20,114.0392,22.5443,0,0
35705,20:22:21,114.039101,22.5425,0,0
35705,20:22:51,114.037399,22.542,0,13
35705,20:23:51,114.033302,22.5413,0,22
35705,20:24:20,114.029602,22.540701,0,24
35705,20:24:50,114.0252,22.5399,0,27
35705,20:25:20,114.0215,22.5394,0,20
35705,20:25:50,114.016998,22.5387,0,35
35705,20:26:20,114.014198,22.538601,0,0
35705,20:27:22,114.008202,22.5371,0,41
35705,20:28:52,114.003403,22.536301,0,0
35705,20:29:22,114.002502,22.5361,0,16
35705,20:30:21,113.994698,22.5352,0,29
35705,20:31:21,113.992699,22.535101,0,9
35705,20:31:51,113.992699,22.533701,0,24
35705,20:33:21,113.993401,22.5313,0,0
35705,20:34:21,113.993401,22.5313,0,0
35705,20:34:51,113.993202,22.532499,0,29
35705,20:35:50,113.9907,22.5357,0,8
35705,20:36:20,113.989197,22.5361,0,10
35705,20:36:50,113.986801,22.536301,0,26
35705,20:37:22,113.982399,22.536301,0,8
35705,20:37:52,113.982201,22.536301,0,0
35705,20:38:52,113.982201,22.536301,0,0
35705,20:39:22,113.984703,22.536301,0,37
35705,20:39:52,113.989197,22.535801,0,0
35705,20:40:22,113.989998,22.5355,0,6
35705,20:40:51,113.991096,22.535299,0,25
35705,20:41:21,113.995399,22.534599,0,29
35705,20:41:51,113.997398,22.534901,0,24
35705,20:42:22,114.0,22.535299,0,13
35705,20:42:52,114.002701,22.535801,0,0
35705,20:43:22,114.002701,22.535801,0,0
35705,20:43:52,114.002701,22.535801,0,0
35705,20:44:52,114.006203,22.5368,0,30
35705,20:45:52,114.018303,22.538799,0,42
35705,20:46:21,114.023201,22.540001,0,12
35705,20:46:51,114.027298,22.5401,0,29
35705,20:47:22,114.030403,22.5406,0,10
35705,20:47:52,114.0317,22.540701,0,11
35705,20:48:22,114.035004,22.541201,0,33
35705,20:48:52,114.040604,22.5422,0,42
35705,20:49:22,114.046501,22.5424,0,18
35705,20:50:22,114.051598,22.5425,0,33
35705,20:50:52,114.057297,22.5425,0,36
35705,20:51:51,114.066902,22.5427,0,44
35705,20:52:23,114.072502,22.5429,0,28
35705,20:52:53,114.075897,22.542999,0,0
35705,20:53:23,114.075897,22.542999,0,0
35705,20:54:23,114.078201,22.542999,0,23
35705,20:56:52,114.0914,22.5434,0,17
35705,20:57:52,114.0961,22.5436,0,6
35705,20:58:52,114.096298,22.543501,0,0
35705,20:59:22,114.097702,22.5434,0,13
35705,20:59:52,114.098099,22.5434,0,0
35705,21:00:22,114.098099,22.5434,0,0
35705,21:00:52,114.098099,22.5434,0,0
35705,21:02:24,114.099403,22.5436,0,0
35705,21:02:53,114.099701,22.543501,0,18
35705,21:03:23,114.103203,22.5439,0,18
35705,21:04:53,114.1054,22.5448,0,0
35705,21:05:53,114.106697,22.5453,0,23
35705,21:06:23,114.110298,22.545401,0,25
35705,21:06:53,114.113197,22.5459,0,14
35705,21:07:23,114.113098,22.5464,0,0
35705,21:07:53,114.113098,22.546301,0,13
35705,21:08:22,114.114998,22.5462,0,0
35705,21:08:52,114.116302,22.546301,0,14
35705,21:09:22,114.116798,22.5464,0,0
35705,21:09:52,114.116798,22.5464,0,0
35705,21:10:22,114.117401,22.5467,0,14
35705,21:11:22,114.121399,22.5471,0,20
35705,21:13:53,114.128799,22.548401,0,0
35705,21:14:23,114.128799,22.548401,0,0
35705,21:14:53,114.129204,22.5483,0,5
35705,21:15:53,114.129501,22.548401,0,0
35705,21:16:23,114.1297,22.548401,0,8
35705,21:16:53,114.128998,22.548599,0,5
35705,21:17:23,114.128601,22.548901,0,0
35705,21:17:54,114.128403,22.5494,0,4
35705,21:18:24,114.128799,22.5494,0,0
35705,21:18:54,114.128799,22.5494,0,0
35705,21:19:23,114.129204,22.5494,0,3
35705,21:20:23,114.128403,22.5497,0,0
35705,21:20:53,114.128403,22.549801,0,0
35705,21:23:54,114.128502,22.550301,0,0
35705,21:24:24,114.128502,22.550301,0,0
35705,21:24:53,114.128304,22.5504,0,0
35705,21:25:23,114.1278,22.5501,0,7
35705,21:25:53,114.126999,22.549801,0,3
35705,21:26:23,114.126701,22.5497,0,0
35705,21:26:53,114.126701,22.5497,0,0
35705,21:27:55,114.126099,22.551399,0,25
35705,21:28:55,114.126099,22.552799,0,13
35705,21:29:25,114.123497,22.5548,0,35
35705,21:29:55,114.120903,22.5583,0,22
35705,21:30:24,114.118599,22.5606,0,26
35705,21:30:54,114.118301,22.564699,0,27
35705,21:31:24,114.117897,22.568001,0,14
35705,21:32:54,114.116898,22.5762,0,19
35705,21:33:24,114.116096,22.577999,0,15
35705,21:34:24,114.114899,22.5805,0,10
35705,21:34:54,114.114601,22.5819,0,1
35705,21:35:24,114.113701,22.583799,0,18
35705,21:35:53,114.112396,22.585699,0,13
35705,21:38:25,114.116096,22.6033,0,22
35705,21:41:24,114.132698,22.615299,0,14
35705,21:41:54,114.133102,22.615999,0,0
35705,21:42:54,114.133301,22.6159,0,0
35705,21:43:54,114.135902,22.6196,0,23
35705,21:44:24,114.137497,22.621201,0,15
35705,21:44:54,114.141602,22.6224,0,24
35705,21:45:24,114.146004,22.622601,0,32
35705,21:46:53,114.159599,22.6318,0,40
35705,21:47:23,114.164803,22.6346,0,41
35705,21:47:53,114.170502,22.6362,0,24
35705,21:48:25,114.1716,22.636299,0,0
35705,21:48:55,114.172096,22.6364,0,15
35705,21:50:55,114.186203,22.641701,0,38
35705,21:51:55,114.189796,22.6437,0,27
35705,21:52:54,114.183197,22.640301,0,22
35705,21:53:55,114.176697,22.637899,0,21
35705,21:54:25,114.176598,22.641399,0,0
35705,21:54:55,114.176598,22.6422,0,22
35705,21:55:25,114.176697,22.645599,0,19
35705,21:57:24,114.186699,22.6509,0,5
35705,21:57:54,114.183998,22.649401,0,20
35705,21:58:25,114.1828,22.650299,0,4
35705,21:58:55,114.1828,22.650299,0,0
35705,21:59:25,114.182602,22.650299,0,0
35705,21:59:55,114.183098,22.649799,0,21
35705,22:00:25,114.184097,22.648399,0,12
35705,22:00:55,114.185898,22.6462,0,20
35705,22:01:25,114.188202,22.6432,0,9
35705,22:02:25,114.183701,22.6404,0,0
35705,22:02:54,114.183701,22.6404,0,0
35705,22:03:24,114.183701,22.6404,0,0
35705,22:04:56,114.183403,22.6401,0,0
35705,22:05:26,114.183403,22.6401,0,0
35705,22:06:26,114.183098,22.6402,0,6
35705,22:07:26,114.189499,22.643299,0,17
35705,22:08:25,114.190804,22.6439,0,0
35705,22:08:55,114.190804,22.6439,0,0
35705,22:09:25,114.189201,22.643499,0,22
35705,22:09:55,114.185799,22.641701,0,36
35705,22:10:25,114.182899,22.6401,0,14
35705,22:11:55,114.174202,22.636999,0,41
35705,22:12:25,114.170799,22.636499,0,36
35705,22:13:25,114.158302,22.630899,0,44
35705,22:15:56,114.152603,22.626699,0,0
35705,22:16:26,114.152199,22.627501,0,14
35705,22:16:56,114.152496,22.624599,0,12
35705,22:17:26,114.153099,22.6241,0,0
35705,22:17:56,114.153099,22.6241,0,0
35705,22:18:26,114.154999,22.622299,0,23
35705,22:19:25,114.156303,22.616501,0,18
35705,22:20:25,114.156601,22.6159,0,9
35705,22:20:55,114.157898,22.612801,0,30
35705,22:21:25,114.158997,22.6105,0,0
35705,22:22:55,114.158096,22.612101,0,0
35705,22:23:25,114.158096,22.6122,0,10
35705,22:24:27,114.158501,22.611401,0,14
35705,22:25:26,114.158897,22.607599,0,15
35705,22:26:26,114.160202,22.601801,0,35
35705,22:27:26,114.153702,22.5968,0,30
35705,22:27:56,114.151497,22.5935,0,30
35705,22:28:26,114.1502,22.5895,0,27
35705,22:29:27,114.1437,22.584499,0,33
35705,22:29:57,114.141197,22.5811,0,33
35705,22:30:56,114.139,22.5755,0,7
35705,22:31:26,114.139,22.5755,0,0
35705,22:32:26,114.138603,22.574301,0,29
35705,22:32:56,114.137703,22.570101,0,23
35705,22:33:28,114.137703,22.569099,0,0
35705,22:34:27,114.134804,22.5709,0,13
35705,22:35:27,114.131104,22.571899,0,17
35705,22:36:56,114.124603,22.571899,0,11
35705,22:37:26,114.124496,22.572001,0,0
35705,22:38:26,114.122398,22.5718,0,0
35705,22:38:57,114.122398,22.57,0,22
35705,22:39:27,114.117996,22.568399,0,41
35705,22:40:57,114.108002,22.5667,0,5
35705,22:42:26,114.107498,22.567301,0,5
35705,22:42:56,114.107498,22.567499,0,0
35705,22:44:27,114.107697,22.569201,0,0
35705,22:44:57,114.107597,22.569401,0,0
35705,22:46:26,114.106697,22.575199,0,26
35705,22:47:26,114.104599,22.5735,0,29
35705,22:47:56,114.099701,22.570499,0,41
35705,22:48:26,114.0942,22.5683,0,37
35705,22:49:28,114.086304,22.567699,0,31
35705,22:50:58,114.072098,22.569901,0,36
35705,22:51:28,114.068001,22.5695,0,24
35705,22:51:57,114.067398,22.573,0,33
35705,22:52:27,114.0653,22.5767,0,28
35705,22:53:27,114.055901,22.5795,0,30
35705,22:53:58,114.054001,22.5828,0,30
35705,22:54:28,114.052803,22.5872,0,30
35705,22:54:58,114.050301,22.589899,0,30
35705,22:55:28,114.046402,22.5931,0,36
35705,22:55:58,114.044601,22.594801,0,0
35705,22:56:58,114.0429,22.5966,0,29
35705,22:57:28,114.038597,22.5982,0,34
35705,22:57:57,114.036003,22.6014,0,18
35705,22:58:27,114.038498,22.603701,0,12
35705,22:58:58,114.0392,22.6042,0,0
35705,22:59:28,114.039101,22.604401,0,6
35705,23:00:28,114.041,22.6043,0,0
35705,23:00:58,114.041,22.6043,0,0
35705,23:01:58,114.042801,22.6021,0,18
35705,23:02:58,114.046303,22.5958,0,37
35705,23:03:27,114.049202,22.590799,0,40
35705,23:03:58,114.052399,22.5877,0,33
35705,23:04:58,114.056702,22.5788,0,21
35705,23:05:28,114.062302,22.577801,0,38
35705,23:06:58,114.067596,22.5658,0,36
35705,23:07:28,114.067703,22.560699,0,34
35705,23:07:58,114.067596,22.5588,0,0
35705,23:09:28,114.067802,22.551399,0,0
35705,23:10:28,114.067802,22.551399,0,0
35705,23:10:58,114.067902,22.549299,0,35
35705,23:11:58,114.070503,22.5481,0,24
35705,23:12:58,114.075996,22.5457,0,4
35705,23:14:28,114.076103,22.5462,0,0
35705,23:15:28,114.076103,22.5462,0,0
35705,23:16:58,114.075996,22.5509,0,20
35705,23:17:28,114.075996,22.5511,0,0
35705,23:17:58,114.075996,22.5511,0,0
35705,23:18:58,114.071701,22.5511,0,36
35705,23:19:28,114.068001,22.551701,0,20
35705,23:20:28,114.067902,22.557301,0,0
35705,23:20:58,114.067902,22.5592,0,15
35705,23:22:58,114.063698,22.568701,0,29
35705,23:23:28,114.058899,22.566799,0,33
35705,23:24:59,114.042702,22.564501,0,41
35705,23:25:29,114.039101,22.565701,0,16
35705,23:26:29,114.035004,22.567801,0,11
35705,23:26:59,114.033401,22.566799,0,0
35705,23:28:29,114.028297,22.568199,0,13
35705,23:29:30,114.0252,22.5681,0,10
35705,23:30:00,114.025002,22.5686,0,0
35705,23:30:59,114.024902,22.5683,0,5
35705,23:31:29,114.024902,22.5683,0,6
35705,23:31:59,114.026497,22.5688,0,10
35705,23:32:29,114.028503,22.5681,0,12
35705,23:33:59,114.033096,22.566601,0,0
35705,23:35:30,114.038902,22.569599,0,21
35705,23:36:59,114.043198,22.567699,0,6
35705,23:37:29,114.045097,22.5676,0,12
35705,23:37:59,114.047401,22.567499,0,14
35705,23:40:00,114.052101,22.567499,0,11
35705,23:40:30,114.053802,22.566799,0,14
35705,23:41:00,114.051598,22.5653,0,34
35705,23:41:29,114.045601,22.5651,0,38
35705,23:41:59,114.039803,22.563499,0,39
35705,23:42:59,114.028,22.5616,0,38
35705,23:43:29,114.022102,22.560499,0,37
35705,23:43:59,114.016602,22.5606,0,37
35705,23:45:30,114.014297,22.5641,0,3
35705,23:47:29,114.013901,22.5653,0,1
35705,23:47:59,114.013901,22.5655,0,3
35705,23:48:59,114.013397,22.5665,0,0
35705,23:49:29,114.0131,22.5672,0,5
35705,23:50:01,114.012703,22.567801,0,6
35705,23:50:31,114.011803,22.569,0,16
35705,23:51:31,114.011803,22.569,0,0
35705,23:52:30,114.011803,22.569,0,0
35705,23:53:00,114.011803,22.569,0,0
35705,23:53:31,114.010696,22.5924,0,0
35705,23:54:00,114.011398,22.5966,0,0
