24104,00:00:47,114.178551,22.557133,0,0
24104,00:01:42,114.178551,22.557133,0,0
24104,00:02:37,114.178551,22.557133,0,0
24104,00:03:32,114.178551,22.557133,0,0
24104,00:04:27,114.178551,22.557133,0,0
24104,00:05:22,114.178551,22.557133,0,0
24104,00:06:17,114.178551,22.557133,0,0
24104,00:07:12,114.178551,22.557133,0,0
24104,00:08:07,114.178551,22.557133,0,0
24104,00:09:02,114.178551,22.557133,0,0
24104,00:09:57,114.178551,22.557133,0,0
24104,00:10:52,114.178551,22.557133,0,0
24104,00:11:47,114.178551,22.557133,0,0
24104,00:12:42,114.178551,22.557133,0,0
24104,00:13:37,114.178551,22.557133,0,0
24104,00:14:32,114.178551,22.557133,0,0
24104,00:15:27,114.178551,22.557133,0,0
24104,00:16:22,114.178551,22.557133,0,0
24104,00:17:17,114.178551,22.557133,0,0
24104,00:18:12,114.178551,22.557133,0,0
24104,00:19:07,114.178551,22.557133,0,0
24104,00:20:02,114.178551,22.557133,0,0
24104,00:20:57,114.178551,22.557133,0,0
24104,00:21:52,114.178551,22.557133,0,0
24104,00:22:47,114.178551,22.557133,0,0
24104,00:23:42,114.178551,22.557133,0,0
24104,00:24:37,114.178551,22.557133,0,0
24104,00:25:32,114.178551,22.557133,0,0
24104,00:26:27,114.178551,22.557133,0,0
24104,00:27:22,114.178551,22.557133,0,0
24104,00:28:17,114.178551,22.557133,0,0
24104,00:29:12,114.178551,22.557133,0,0
24104,00:30:07,114.178551,22.557133,0,0
24104,00:31:02,114.178551,22.557133,0,0
24104,00:31:58,114.178551,22.557133,0,0
24104,00:32:53,114.178551,22.557133,0,0
24104,00:33:48,114.178551,22.557133,0,0
24104,00:34:43,114.178551,22.557133,0,0
24104,00:35:38,114.178551,22.557133,0,0
24104,00:36:33,114.178551,22.557133,0,0
24104,00:37:28,114.178551,22.557133,0,0
24104,00:38:23,114.178551,22.557133,0,0
24104,00:39:18,114.178551,22.557133,0,0
24104,00:40:13,114.178551,22.557133,0,0
24104,00:41:08,114.178551,22.557133,0,0
24104,00:42:03,114.178551,22.557133,0,0
24104,00:42:58,114.178551,22.557133,0,0
24104,00:43:53,114.178551,22.557133,0,0
24104,00:44:48,114.178551,22.557133,0,0
24104,00:45:43,114.178551,22.557133,0,0
24104,00:47:33,114.178551,22.557133,0,0
24104,00:48:28,114.178551,22.557133,0,0
24104,00:49:23,114.178551,22.557133,0,0
24104,00:50:18,114.178551,22.557133,0,0
24104,00:51:13,114.178551,22.557133,0,0
24104,00:52:08,114.178551,22.557133,0,0
24104,00:53:03,114.178551,22.557133,0,0
24104,00:53:58,114.178551,22.557133,0,0
24104,00:54:53,114.178551,22.557133,0,0
24104,00:55:48,114.178551,22.557133,0,0
24104,00:56:43,114.178551,22.557133,0,0
24104,00:57:38,114.178551,22.557133,0,0
24104,00:58:33,114.178551,22.557133,0,0
24104,00:59:28,114.178551,22.557133,0,0
24104,01:00:23,114.178551,22.557133,0,0
24104,01:01:18,114.178551,22.557133,0,0
24104,01:02:13,114.178551,22.557133,0,0
24104,01:03:08,114.178551,22.557133,0,0
24104,01:04:03,114.178551,22.557133,0,0
24104,01:04:58,114.178551,22.557133,0,0
24104,01:05:53,114.178551,22.557133,0,0
24104,01:06:48,114.178551,22.557133,0,0
24104,01:08:38,114.178551,22.557133,0,0
24104,01:09:33,114.178551,22.557133,0,0
24104,01:10:28,114.178551,22.557133,0,0
24104,01:11:23,114.178551,22.557133,0,0
24104,01:12:18,114.178551,22.557133,0,0
24104,01:13:13,114.178551,22.557133,0,0
24104,01:14:08,114.178551,22.557133,0,0
24104,01:15:03,114.178551,22.557133,0,0
24104,01:15:58,114.178551,22.557133,0,0
24104,01:16:53,114.178551,22.557133,0,0
24104,01:17:48,114.178551,22.557133,0,0
24104,01:18:43,114.178551,22.557133,0,0
24104,01:19:38,114.178551,22.557133,0,0
24104,01:20:33,114.178551,22.557133,0,0
24104,01:21:28,114.178551,22.557133,0,0
24104,01:22:23,114.178551,22.557133,0,0
24104,01:23:18,114.178551,22.557133,0,0
24104,01:24:13,114.178551,22.557133,0,0
24104,01:25:08,114.178551,22.557133,0,0
24104,01:26:03,114.178551,22.557133,0,0
24104,01:26:58,114.178551,22.557133,0,0
24104,01:27:53,114.178551,22.557133,0,0
24104,01:28:48,114.178551,22.557133,0,0
24104,01:29:43,114.178551,22.557133,0,0
24104,01:30:38,114.178551,22.557133,0,0
24104,01:31:33,114.178551,22.557133,0,0
24104,01:32:28,114.178551,22.557133,0,0
24104,01:33:23,114.178551,22.557133,0,0
24104,01:34:18,114.178551,22.557133,0,0
24104,01:35:13,114.178551,22.557133,0,0
24104,01:36:08,114.178551,22.557133,0,0
24104,01:37:03,114.178551,22.557133,0,0
24104,01:37:58,114.178551,22.557133,0,0
24104,01:39:48,114.178551,22.557133,0,0
24104,01:40:43,114.178551,22.557133,0,0
24104,01:41:38,114.178551,22.557133,0,0
24104,01:42:33,114.178551,22.557133,0,0
24104,01:43:28,114.178551,22.557133,0,0
24104,01:44:23,114.178551,22.557133,0,0
24104,01:45:18,114.178551,22.557133,0,0
24104,01:46:13,114.178551,22.557133,0,0
24104,01:47:08,114.178551,22.557133,0,0
24104,01:48:03,114.178551,22.557133,0,0
24104,01:48:58,114.178551,22.557133,0,0
24104,01:49:53,114.178551,22.557133,0,0
24104,01:50:48,114.178551,22.557133,0,0
24104,01:51:43,114.178551,22.557133,0,0
24104,01:52:38,114.178551,22.557133,0,0
24104,01:53:33,114.178551,22.557133,0,0
24104,01:54:28,114.178551,22.557133,0,0
24104,01:55:23,114.178551,22.557133,0,0
24104,01:56:18,114.178551,22.557133,0,0
24104,01:57:13,114.178551,22.557133,0,0
24104,01:58:08,114.178551,22.557133,0,0
24104,01:59:03,114.178551,22.557133,0,0
24104,01:59:58,114.178551,22.557133,0,0
24104,02:00:53,114.178551,22.557133,0,0
24104,02:01:48,114.178551,22.557133,0,0
24104,02:02:43,114.178551,22.557133,0,0
24104,02:03:38,114.178551,22.557133,0,0
24104,02:04:33,114.178551,22.557133,0,0
24104,02:06:23,114.178551,22.557133,0,0
24104,02:07:18,114.178551,22.557133,0,0
24104,02:08:13,114.178551,22.557133,0,0
24104,02:09:08,114.178551,22.557133,0,0
24104,02:10:03,114.178551,22.557133,0,0
24104,02:10:58,114.178551,22.557133,0,0
24104,02:11:53,114.178551,22.557133,0,0
24104,02:12:48,114.178551,22.557133,0,0
24104,02:13:43,114.178551,22.557133,0,0
24104,02:14:38,114.178551,22.557133,0,0
24104,02:15:33,114.178551,22.557133,0,0
24104,02:16:28,114.178551,22.557133,0,0
24104,02:17:23,114.178551,22.557133,0,0
24104,02:18:18,114.178551,22.557133,0,0
24104,02:19:13,114.178551,22.557133,0,0
24104,02:20:08,114.178551,22.557133,0,0
24104,02:21:03,114.178551,22.557133,0,0
24104,02:21:58,114.178551,22.557133,0,0
24104,02:22:53,114.178551,22.557133,0,0
24104,02:23:48,114.178551,22.557133,0,0
24104,02:24:44,114.178551,22.557133,0,0
24104,02:25:39,114.178551,22.557133,0,0
24104,02:26:34,114.178551,22.557133,0,0
24104,02:27:29,114.178551,22.557133,0,0
24104,02:28:24,114.178551,22.557133,0,0
24104,02:30:14,114.178551,22.557133,0,0
24104,02:31:09,114.178551,22.557133,0,0
24104,02:32:04,114.178551,22.557133,0,0
24104,02:32:59,114.178551,22.557133,0,0
24104,02:33:54,114.178551,22.557133,0,0
24104,02:34:49,114.178551,22.557133,0,0
24104,02:35:44,114.178551,22.557133,0,0
24104,02:36:39,114.178551,22.557133,0,0
24104,02:37:34,114.178551,22.557133,0,0
24104,02:38:29,114.178551,22.557133,0,0
24104,02:39:24,114.178551,22.557133,0,0
24104,02:40:19,114.178551,22.557133,0,0
24104,02:41:14,114.178551,22.557133,0,0
24104,02:43:04,114.178551,22.557133,0,0
24104,02:43:59,114.178551,22.557133,0,0
24104,02:45:49,114.178551,22.557133,0,0
24104,02:46:44,114.178551,22.557133,0,0
24104,02:47:39,114.178551,22.557133,0,0
24104,02:48:34,114.178551,22.557133,0,0
24104,02:49:29,114.178551,22.557133,0,0
24104,02:50:24,114.178551,22.557133,0,0
24104,02:51:19,114.178551,22.557133,0,0
24104,02:52:14,114.178551,22.557133,0,0
24104,02:53:09,114.178551,22.557133,0,0
24104,02:54:04,114.178551,22.557133,0,0
24104,02:54:59,114.178551,22.557133,0,0
24104,02:55:54,114.178551,22.557133,0,0
24104,02:56:49,114.178551,22.557133,0,0
24104,02:57:44,114.178551,22.557133,0,0
24104,02:58:39,114.178551,22.557133,0,0
24104,02:59:34,114.178551,22.557133,0,0
24104,03:00:29,114.178551,22.557133,0,0
24104,03:01:24,114.178551,22.557133,0,0
24104,03:02:19,114.178551,22.557133,0,0
24104,03:03:14,114.178551,22.557133,0,0
24104,03:04:09,114.178551,22.557133,0,0
24104,03:05:04,114.178551,22.557133,0,0
24104,03:05:59,114.178551,22.557133,0,0
24104,03:06:54,114.178551,22.557133,0,0
24104,03:07:49,114.178551,22.557133,0,0
24104,03:08:44,114.178551,22.557133,0,0
24104,03:09:39,114.178551,22.557133,0,0
24104,03:10:34,114.178551,22.557133,0,0
24104,03:11:29,114.178551,22.557133,0,0
24104,03:12:24,114.178551,22.557133,0,0
24104,03:13:19,114.178551,22.557133,0,0
24104,03:14:14,114.178551,22.557133,0,0
24104,03:16:04,114.178551,22.557133,0,0
24104,03:16:59,114.178551,22.557133,0,0
24104,03:17:54,114.178551,22.557133,0,0
24104,03:18:49,114.178551,22.557133,0,0
24104,03:19:44,114.178551,22.557133,0,0
24104,03:20:39,114.178551,22.557133,0,0
24104,03:21:34,114.178551,22.557133,0,0
24104,03:22:29,114.178551,22.557133,0,0
24104,03:23:24,114.178551,22.557133,0,0
24104,03:24:19,114.178551,22.557133,0,0
24104,03:25:14,114.178551,22.557133,0,0
24104,03:26:09,114.178551,22.557133,0,0
24104,03:27:04,114.178551,22.557133,0,0
24104,03:27:59,114.178551,22.557133,0,0
24104,03:28:54,114.178551,22.557133,0,0
24104,03:29:49,114.178551,22.557133,0,0
24104,03:30:44,114.178551,22.557133,0,0
24104,03:31:39,114.178551,22.557133,0,0
24104,03:32:34,114.178551,22.557133,0,0
24104,03:33:29,114.178551,22.557133,0,0
24104,03:34:24,114.178551,22.557133,0,0
24104,03:35:19,114.178551,22.557133,0,0
24104,03:37:09,114.178551,22.557133,0,0
24104,03:38:04,114.178551,22.557133,0,0
24104,03:38:59,114.178551,22.557133,0,0
24104,03:39:54,114.178551,22.557133,0,0
24104,03:40:49,114.178551,22.557133,0,0
24104,03:41:44,114.178551,22.557133,0,0
24104,03:42:39,114.178551,22.557133,0,0
24104,03:43:34,114.178551,22.557133,0,0
24104,03:44:29,114.178551,22.557133,0,0
24104,03:45:24,114.178551,22.557133,0,0
24104,03:46:19,114.178551,22.557133,0,0
24104,03:47:14,114.178551,22.557133,0,0
24104,03:48:09,114.178551,22.557133,0,0
24104,03:49:04,114.178551,22.557133,0,0
24104,03:49:59,114.178551,22.557133,0,0
24104,03:50:54,114.178551,22.557133,0,0
24104,03:51:49,114.178551,22.557133,0,0
24104,03:52:44,114.178551,22.557133,0,0
24104,03:53:39,114.178551,22.557133,0,0
24104,03:54:34,114.178551,22.557133,0,0
24104,03:55:29,114.178551,22.557133,0,0
24104,03:56:24,114.178551,22.557133,0,0
24104,03:57:19,114.178551,22.557133,0,0
24104,03:58:14,114.178551,22.557133,0,0
24104,03:59:09,114.178551,22.557133,0,0
24104,04:00:04,114.178551,22.557133,0,0
24104,04:00:59,114.178551,22.557133,0,0
24104,04:01:54,114.178551,22.557133,0,0
24104,04:02:49,114.178551,22.557133,0,0
24104,04:04:39,114.178551,22.557133,0,0
24104,04:05:34,114.178551,22.557133,0,0
24104,04:06:29,114.178551,22.557133,0,0
24104,04:07:24,114.178551,22.557133,0,0
24104,04:08:19,114.178551,22.557133,0,0
24104,04:09:14,114.178551,22.557133,0,0
24104,04:10:09,114.178551,22.557133,0,0
24104,04:11:04,114.178551,22.557133,0,0
24104,04:11:59,114.178551,22.557133,0,0
24104,04:12:54,114.178551,22.557133,0,0
24104,04:13:49,114.178551,22.557133,0,0
24104,04:14:44,114.178146,22.557051,0,0
24104,04:15:39,114.178146,22.557051,0,0
24104,04:16:34,114.178146,22.557051,0,0
24104,04:17:29,114.177963,22.556984,0,2
24104,04:18:24,114.177963,22.556984,0,0
24104,04:19:19,114.177963,22.556984,0,0
24104,04:20:15,114.177963,22.556984,0,0
24104,04:21:10,114.17868,22.557083,0,0
24104,04:22:05,114.17868,22.557083,0,0
24104,04:23:00,114.17868,22.557083,0,0
24104,04:23:55,114.17868,22.557083,0,0
24104,04:24:50,114.17868,22.557083,0,0
24104,04:25:45,114.17868,22.557083,0,0
24104,04:26:40,114.17868,22.557083,0,0
24104,04:27:35,114.178352,22.557301,0,0
24104,04:28:30,114.178352,22.557301,0,0
24104,04:29:25,114.178352,22.557301,0,0
24104,04:30:20,114.178352,22.557301,0,0
24104,04:31:15,114.178352,22.557301,0,0
24104,04:32:10,114.178352,22.557301,0,0
24104,04:33:05,114.178131,22.557383,0,0
24104,04:34:00,114.178131,22.557383,0,0
24104,04:34:55,114.178131,22.557383,0,0
24104,04:35:50,114.178131,22.557383,0,0
24104,04:36:45,114.178131,22.557383,0,0
24104,04:37:40,114.178131,22.557383,0,0
24104,04:38:36,114.178131,22.557383,0,0
24104,04:39:31,114.178131,22.557383,0,0
24104,04:40:26,114.178131,22.557383,0,0
24104,04:41:21,114.178131,22.557383,0,0
24104,04:42:16,114.178131,22.557383,0,0
24104,04:43:11,114.178131,22.557383,0,0
24104,04:44:06,114.178131,22.557383,0,0
24104,04:45:01,114.178131,22.557383,0,0
24104,04:46:51,114.179001,22.556351,0,0
24104,04:47:46,114.179001,22.556351,0,0
24104,04:48:41,114.179001,22.556351,0,0
24104,04:49:36,114.179001,22.556351,0,0
24104,04:50:31,114.179001,22.556351,0,0
24104,04:51:26,114.178482,22.557051,0,0
24104,04:52:21,114.178482,22.557051,0,0
24104,04:53:16,114.178482,22.557051,0,0
24104,04:54:11,114.178482,22.557051,0,0
24104,04:55:06,114.178482,22.557051,0,0
24104,04:56:01,114.178047,22.557234,0,0
24104,04:56:56,114.178047,22.557234,0,0
24104,04:57:51,114.178047,22.557234,0,0
24104,04:58:46,114.178047,22.557234,0,0
24104,04:59:41,114.178047,22.557234,0,0
24104,05:00:36,114.178047,22.557234,0,0
24104,05:01:31,114.178047,22.557234,0,0
24104,05:02:26,114.178131,22.557182,0,0
24104,05:03:21,114.178215,22.556667,0,0
24104,05:04:16,114.178215,22.556667,0,0
24104,05:05:11,114.178215,22.556667,0,0
24104,05:06:06,114.178215,22.556667,0,0
24104,05:07:01,114.178215,22.556667,0,0
24104,05:07:56,114.176414,22.558582,0,26
24104,05:08:51,114.176552,22.557117,0,15
24104,05:09:46,114.176552,22.557117,0,0
24104,05:10:41,114.176552,22.557117,0,0
24104,05:11:36,114.176552,22.557117,0,0
24104,05:12:31,114.176552,22.557117,0,0
24104,05:13:26,114.176552,22.557117,0,0
24104,05:14:21,114.176552,22.557117,0,0
24104,05:16:11,114.176552,22.557117,0,0
24104,05:17:06,114.17865,22.557083,0,0
24104,05:18:01,114.17865,22.557083,0,0
24104,05:18:56,114.178719,22.557182,0,0
24104,05:19:51,114.178719,22.557182,0,0
24104,05:21:41,114.178719,22.557182,0,0
24104,05:22:36,114.178719,22.557182,0,0
24104,05:23:31,114.178596,22.557484,0,0
24104,05:24:26,114.178596,22.557484,0,0
24104,05:25:21,114.178596,22.557484,0,0
24104,05:26:16,114.178596,22.557484,0,0
24104,05:27:11,114.178596,22.557484,0,0
24104,05:28:06,114.178596,22.557484,0,0
24104,05:29:01,114.178596,22.557484,0,0
24104,05:29:56,114.178596,22.557484,0,0
24104,05:30:51,114.178596,22.557484,0,0
24104,05:31:46,114.178596,22.557484,0,0
24104,05:32:41,114.178596,22.557484,0,0
24104,05:33:36,114.178596,22.557484,0,0
24104,05:34:31,114.178596,22.557484,0,0
24104,05:35:26,114.178596,22.557484,0,0
24104,05:36:21,114.178596,22.557484,0,0
24104,05:37:16,114.178596,22.557484,0,0
24104,05:38:11,114.178596,22.557484,0,0
24104,05:39:06,114.178596,22.557484,0,0
24104,05:40:01,114.178596,22.557484,0,0
24104,05:40:56,114.178596,22.557484,0,0
24104,05:41:51,114.178596,22.557484,0,0
24104,05:42:46,114.178596,22.557484,0,0
24104,05:43:41,114.178596,22.557484,0,0
24104,05:44:36,114.178596,22.557484,0,0
24104,05:45:31,114.178596,22.557484,0,0
24104,05:46:26,114.178596,22.557484,0,0
24104,05:47:21,114.178596,22.557484,0,0
24104,05:48:16,114.178596,22.557484,0,0
24104,05:49:11,114.178596,22.557484,0,0
24104,05:50:06,114.178596,22.557484,0,0
24104,05:51:01,114.178596,22.557484,0,0
24104,05:51:56,114.178596,22.557484,0,0
24104,05:52:51,114.178596,22.557484,0,0
24104,05:53:46,114.178596,22.557484,0,0
24104,05:54:41,114.178596,22.557484,0,0
24104,05:55:36,114.178596,22.557484,0,0
24104,05:56:31,114.178596,22.557484,0,0
24104,05:57:26,114.178596,22.557484,0,0
24104,05:58:21,114.178596,22.557484,0,0
24104,05:59:16,114.178596,22.557484,0,0
24104,06:00:11,114.178596,22.557484,0,0
24104,06:01:06,114.178596,22.557484,0,0
24104,06:02:01,114.178596,22.557484,0,0
24104,06:02:56,114.178596,22.557484,0,0
24104,06:03:51,114.178596,22.557484,0,0
24104,06:05:41,114.178596,22.557484,0,0
24104,06:06:36,114.178596,22.557484,0,0
24104,06:07:31,114.178596,22.557484,0,0
24104,06:08:26,114.178596,22.557484,0,0
24104,06:09:21,114.178596,22.557484,0,0
24104,06:10:16,114.178596,22.557484,0,0
24104,06:11:11,114.178596,22.557484,0,0
24104,06:12:06,114.178596,22.557484,0,0
24104,06:13:01,114.178596,22.557484,0,0
24104,06:13:56,114.178596,22.557484,0,0
24104,06:14:51,114.178596,22.557484,0,0
24104,06:15:46,114.178596,22.557484,0,0
24104,06:16:41,114.178596,22.557484,0,0
24104,06:17:36,114.178596,22.557484,0,0
24104,06:18:31,114.178833,22.557016,0,4
24104,06:19:26,114.179352,22.55765,0,3
24104,06:20:21,114.179649,22.557301,0,1
24104,06:21:16,114.181366,22.556534,0,12
24104,06:22:11,114.184135,22.55555,0,21
24104,06:23:06,114.182716,22.557083,1,19
24104,06:24:01,114.177834,22.56015,1,41
24104,06:24:56,114.173149,22.562767,1,35
24104,06:25:51,114.161499,22.562651,1,77
24104,06:26:46,114.152748,22.557318,1,71
24104,06:27:41,114.144165,22.556032,1,62
24104,06:28:36,114.145332,22.5548,1,34
24104,06:29:31,114.143219,22.551382,1,35
24104,06:29:45,114.142784,22.550266,0,36
24104,06:30:40,114.141151,22.550016,0,8
24104,06:31:35,114.133881,22.549282,0,48
24104,06:32:30,114.129669,22.548733,0,26
24104,06:33:25,114.12722,22.550217,0,24
24104,06:34:20,114.125664,22.552317,0,25
24104,06:35:15,114.126732,22.554333,0,13
24104,06:36:10,114.126732,22.554333,0,0
24104,06:37:05,114.126732,22.554333,0,0
24104,06:38:00,114.126732,22.554333,0,0
24104,06:38:55,114.126732,22.554333,0,0
24104,06:39:50,114.126732,22.554333,0,0
24104,06:40:45,114.126732,22.554333,0,0
24104,06:42:35,114.122803,22.556067,0,32
24104,06:43:30,114.11985,22.560966,0,43
24104,06:43:48,114.120331,22.561132,1,10
24104,06:44:43,114.123665,22.563967,1,33
24104,06:45:38,114.125,22.568501,1,40
24104,06:46:33,114.124649,22.571333,1,18
24104,06:47:28,114.12748,22.574551,1,31
24104,06:48:23,114.131248,22.574833,1,23
24104,06:49:06,114.131821,22.575451,0,8
24104,06:50:01,114.131821,22.575451,0,0
24104,06:50:56,114.131821,22.575451,0,0
24104,06:51:51,114.133881,22.576517,0,20
24104,06:52:46,114.137817,22.575666,0,29
24104,06:53:41,114.131714,22.577766,0,43
24104,06:54:36,114.125,22.577217,0,44
24104,06:55:31,114.122749,22.5779,0,33
24104,06:56:26,114.122849,22.573868,0,37
24104,06:57:21,114.121284,22.571367,0,27
24104,06:58:16,114.11937,22.568617,0,27
24104,06:59:11,114.12133,22.56905,0,29
24104,07:00:06,114.121933,22.5658,0,22
24104,07:01:01,114.122986,22.561899,0,31
24104,07:01:56,114.125053,22.559383,0,30
24104,07:02:51,114.122314,22.557751,0,20
24104,07:03:46,114.11837,22.553249,0,42
24104,07:04:41,114.115585,22.5532,0,32
24104,07:05:36,114.115601,22.556717,0,24
24104,07:06:31,114.116051,22.560682,0,35
24104,07:07:17,114.117447,22.559616,1,13
24104,07:08:12,114.109703,22.558718,1,56
24104,07:09:07,114.104431,22.558683,1,34
24104,07:10:02,114.099586,22.558617,1,30
24104,07:10:57,114.099586,22.558617,1,0
24104,07:11:52,114.097847,22.558617,1,10
24104,07:12:47,114.091187,22.558434,1,44
24104,07:13:42,114.091187,22.558434,1,0
24104,07:15:22,114.09008,22.556232,0,24
24104,07:16:17,114.088982,22.555283,0,7
24104,07:17:12,114.086983,22.553368,0,14
24104,07:18:07,114.084381,22.55545,0,26
24104,07:19:00,114.085403,22.556299,1,6
24104,07:19:55,114.084366,22.555283,1,8
24104,07:20:50,114.08165,22.553949,1,20
24104,07:21:45,114.08165,22.553949,1,0
24104,07:22:40,114.078415,22.553949,1,19
24104,07:23:35,114.0783,22.553949,1,0
24104,07:24:30,114.074036,22.551382,1,34
24104,07:25:25,114.068153,22.551083,1,38
24104,07:26:20,114.068153,22.551083,1,0
24104,07:27:15,114.068153,22.551083,1,0
24104,07:28:10,114.063217,22.551416,1,30
24104,07:29:05,114.063217,22.551416,1,0
24104,07:30:00,114.058182,22.551416,1,32
24104,07:30:55,114.056297,22.551201,1,11
24104,07:31:50,114.051186,22.55125,1,32
24104,07:32:12,114.050964,22.550417,0,17
24104,07:33:07,114.050964,22.550417,0,0
24104,07:34:02,114.050964,22.549868,0,1
24104,07:34:57,114.048431,22.549316,0,17
24104,07:35:52,114.047935,22.549316,0,3
24104,07:36:47,114.047653,22.547667,0,10
24104,07:37:42,114.048286,22.545282,0,18
24104,07:38:37,114.051781,22.545433,0,19
24104,07:39:32,114.058098,22.54545,0,42
24104,07:40:27,114.060783,22.5455,0,15
24104,07:41:22,114.062866,22.541166,0,42
24104,07:42:17,114.063347,22.5375,0,23
24104,07:43:12,114.070251,22.538584,0,48
24104,07:44:07,114.072067,22.53595,0,27
24104,07:45:02,114.074814,22.534767,0,20
24104,07:45:47,114.076019,22.534401,1,10
24104,07:46:42,114.077484,22.536867,1,16
24104,07:47:37,114.078964,22.538733,1,18
24104,07:48:32,114.081314,22.539017,1,15
24104,07:49:27,114.082649,22.537184,1,32
24104,07:50:22,114.088547,22.537382,1,38
24104,07:51:17,114.095665,22.537916,1,47
24104,07:52:12,114.10218,22.537901,1,43
24104,07:53:07,114.107086,22.536934,1,34
24104,07:54:02,114.111015,22.536516,1,33
24104,07:54:57,114.111565,22.532917,1,23
24104,07:57:31,114.114418,22.535116,0,34
24104,07:58:26,114.114532,22.538334,0,24
24104,07:59:13,114.117249,22.538651,1,21
24104,08:00:08,114.116982,22.539717,1,12
24104,08:01:03,114.11795,22.540068,1,7
24104,08:01:58,114.119934,22.541533,1,15
24104,08:02:53,114.119934,22.541533,1,0
24104,08:03:48,114.118286,22.543301,1,17
24104,08:04:43,114.117683,22.544317,1,6
24104,08:05:38,114.117249,22.546482,1,13
24104,08:06:33,114.117165,22.546783,1,0
24104,08:07:28,114.118469,22.548,1,14
24104,08:08:23,114.122704,22.548416,1,27
24104,08:09:18,114.122971,22.5487,1,1
24104,08:09:45,114.122803,22.54985,0,16
24104,08:10:40,114.122635,22.55035,0,2
24104,08:12:30,114.118347,22.552017,0,16
24104,08:12:45,114.118347,22.552017,1,0
24104,08:13:40,114.117783,22.550716,1,8
24104,08:14:36,114.117783,22.550716,1,0
24104,08:15:30,114.1166,22.5506,1,3
24104,08:16:26,114.11692,22.547832,1,12
24104,08:17:21,114.116264,22.54665,1,9
24104,08:18:16,114.116264,22.54665,1,0
24104,08:19:11,114.116264,22.54665,1,0
24104,08:20:06,114.119049,22.542418,1,18
24104,08:21:01,114.117683,22.541451,1,8
24104,08:21:20,114.117134,22.541349,0,0
24104,08:22:15,114.116814,22.541283,0,0
24104,08:23:10,114.115982,22.542351,0,7
24104,08:24:05,114.115982,22.542351,0,0
24104,08:25:00,114.117996,22.54505,0,6
24104,08:25:55,114.117996,22.54505,0,0
24104,08:26:50,114.118332,22.545168,0,1
24104,08:27:45,114.120399,22.544634,0,16
24104,08:28:40,114.120552,22.544649,0,0
24104,08:29:16,114.120583,22.545401,1,1
24104,08:30:11,114.12075,22.54385,1,15
24104,08:32:01,114.120064,22.542101,1,1
24104,08:32:56,114.121384,22.5397,1,18
24104,08:33:51,114.118179,22.537533,1,23
24104,08:34:46,114.117203,22.536751,1,6
24104,08:38:55,114.114403,22.534782,0,27
24104,08:39:50,114.114319,22.53565,0,6
24104,08:40:45,114.113968,22.5382,0,14
24104,08:41:40,114.114052,22.538717,0,3
24104,08:42:23,114.113319,22.539867,1,9
24104,08:43:18,114.113319,22.539867,1,0
24104,08:44:13,114.113831,22.544117,1,9
24104,08:45:08,114.115486,22.543367,1,15
24104,08:46:02,114.11985,22.5448,0,24
24104,08:46:42,114.11985,22.5448,1,0
24104,08:47:37,114.119102,22.543966,1,7
24104,08:48:32,114.119102,22.543966,1,0
24104,08:49:27,114.118584,22.543768,1,2
24104,08:50:22,114.118584,22.543768,1,0
24104,08:51:17,114.118584,22.543768,1,0
24104,08:52:12,114.117432,22.5448,1,9
24104,08:53:07,114.120865,22.547417,1,36
24104,08:54:02,114.125732,22.547867,1,30
24104,08:54:57,114.125801,22.545317,1,13
24104,08:55:52,114.1259,22.543568,1,10
24104,08:57:42,114.123337,22.540716,1,17
24104,08:58:37,114.120766,22.539017,1,21
24104,08:59:32,114.115898,22.5392,1,38
24104,09:00:27,114.107635,22.537283,1,57
24104,09:01:22,114.100632,22.5382,1,49
24104,09:02:17,114.091866,22.538151,1,58
24104,09:03:12,114.082603,22.537382,1,62
24104,09:05:02,114.071404,22.531883,1,41
24104,09:05:57,114.067131,22.532049,1,28
24104,09:06:52,114.067986,22.529051,1,37
24104,09:07:47,114.065048,22.523001,1,48
24104,09:08:42,114.068001,22.521366,1,34
24104,09:08:47,114.068047,22.5215,0,9
24104,09:09:42,114.068047,22.5215,0,0
24104,09:10:37,114.065331,22.523849,0,31
24104,09:11:32,114.068268,22.524218,0,26
24104,09:12:27,114.068268,22.524218,0,0
24104,09:13:22,114.067284,22.52475,0,5
24104,09:14:17,114.068253,22.531799,0,52
24104,09:15:12,114.068886,22.538532,0,51
24104,09:16:07,114.071983,22.5378,0,23
24104,09:17:02,114.072899,22.535967,0,15
24104,09:17:29,114.073601,22.535749,1,11
24104,09:18:24,114.072449,22.535982,1,5
24104,09:19:19,114.071953,22.538567,1,17
24104,09:20:14,114.065514,22.538067,1,44
24104,09:21:09,114.060699,22.537634,1,30
24104,09:22:04,114.060699,22.537634,1,0
24104,09:22:59,114.057953,22.537582,1,15
24104,09:24:17,114.057137,22.539583,0,21
24104,09:25:12,114.057816,22.537968,0,11
24104,09:27:02,114.057816,22.537968,0,0
24104,09:27:57,114.057816,22.537968,0,0
24104,09:28:52,114.057816,22.537968,0,0
24104,09:29:47,114.057816,22.537968,0,0
24104,09:30:42,114.057816,22.537968,0,0
24104,09:31:37,114.057816,22.537968,0,0
24104,09:32:32,114.057816,22.537968,0,0
24104,09:33:26,114.05825,22.536551,1,1
24104,09:34:21,114.056252,22.537466,1,5
24104,09:35:16,114.056099,22.535633,1,12
24104,09:36:11,114.056099,22.535633,1,0
24104,09:37:06,114.05365,22.535383,1,13
24104,09:38:01,114.051735,22.53525,1,11
24104,09:38:56,114.051735,22.53525,1,0
24104,09:59:57,114.087982,22.548849,0,11
24104,10:00:43,114.087967,22.548918,0,0
24104,10:01:39,114.086601,22.552,0,26
24104,10:02:34,114.084618,22.554716,0,20
24104,10:03:29,114.08287,22.556168,0,20
24104,10:04:24,114.081917,22.558567,0,27
24104,10:05:19,114.084503,22.56275,0,35
24104,10:06:14,114.0867,22.567266,0,35
24104,10:07:09,114.084152,22.571133,0,32
24104,10:08:04,114.080116,22.572884,0,30
24104,10:08:59,114.079819,22.573183,0,2
24104,10:10:52,114.079697,22.57325,0,0
24104,10:11:47,114.079697,22.57325,0,0
24104,10:12:12,114.079697,22.57325,0,0
24104,10:13:07,114.079697,22.57325,0,0
24104,10:14:02,114.079697,22.57325,0,0
24104,10:14:57,114.079697,22.57325,0,0
24104,10:15:52,114.079697,22.57325,0,0
24104,10:16:47,114.079697,22.57325,0,0
24104,10:17:42,114.079697,22.57325,0,0
24104,10:18:37,114.079697,22.57325,0,0
24104,10:19:32,114.079697,22.57325,0,0
24104,10:20:27,114.079697,22.57325,0,0
24104,10:21:23,114.079697,22.57325,0,0
24104,10:22:18,114.079697,22.57325,0,0
24104,10:23:13,114.079697,22.57325,0,0
24104,10:24:08,114.079697,22.57325,0,0
24104,10:25:03,114.079697,22.57325,0,0
24104,10:25:58,114.079697,22.57325,0,0
24104,10:26:53,114.079697,22.57325,0,0
24104,10:27:48,114.079697,22.57325,0,0
24104,10:28:43,114.079697,22.57325,0,0
24104,10:29:38,114.079697,22.57325,0,0
24104,10:30:33,114.079697,22.57325,0,0
24104,10:31:28,114.079697,22.57325,0,0
24104,10:32:23,114.079697,22.57325,0,0
24104,10:33:18,114.079697,22.57325,0,0
24104,10:34:13,114.079697,22.57325,0,0
24104,10:35:08,114.079697,22.57325,0,0
24104,10:36:03,114.079697,22.57325,0,0
24104,10:36:58,114.079697,22.57325,0,0
24104,10:37:53,114.079697,22.57325,0,0
24104,10:38:48,114.079697,22.57325,0,0
24104,10:39:43,114.079697,22.57325,0,0
24104,10:40:38,114.079697,22.57325,0,0
24104,10:41:33,114.079697,22.57325,0,0
24104,10:42:28,114.079697,22.57325,0,0
24104,10:43:23,114.079697,22.57325,0,0
24104,10:44:18,114.079697,22.57325,0,0
24104,10:45:13,114.079697,22.57325,0,0
24104,10:46:08,114.079697,22.57325,0,0
24104,10:47:03,114.079697,22.57325,0,0
24104,10:47:58,114.079697,22.57325,0,0
24104,10:48:53,114.079697,22.57325,0,0
24104,10:49:48,114.079697,22.57325,0,0
24104,10:50:43,114.079697,22.57325,0,0
24104,10:51:38,114.079697,22.57325,0,0
24104,10:52:33,114.079697,22.57325,0,0
24104,10:54:23,114.079697,22.57325,0,0
24104,10:55:18,114.079697,22.57325,0,0
24104,10:56:13,114.079697,22.57325,0,0
24104,10:57:08,114.079697,22.57325,0,0
24104,10:58:03,114.079697,22.57325,0,0
24104,10:58:58,114.079697,22.57325,0,0
24104,10:59:53,114.079697,22.57325,0,0
24104,11:00:48,114.079697,22.57325,0,0
24104,11:01:43,114.079697,22.57325,0,0
24104,11:02:38,114.079697,22.57325,0,0
24104,11:03:33,114.079697,22.57325,0,0
24104,11:04:28,114.079697,22.57325,0,0
24104,11:05:23,114.079697,22.57325,0,0
24104,11:06:18,114.079697,22.57325,0,0
24104,11:06:39,114.079697,22.57325,1,0
24104,11:07:34,114.079697,22.57325,1,0
24104,11:07:50,114.079697,22.57325,0,0
24104,11:08:36,114.079697,22.57325,1,0
24104,11:09:31,114.079697,22.57325,1,0
24104,11:10:26,114.076782,22.572701,1,20
24104,11:11:21,114.072517,22.570118,1,34
24104,11:12:16,114.066368,22.569166,1,42
24104,11:13:11,114.067535,22.565399,1,44
24104,11:14:06,114.067596,22.560368,1,35
24104,11:15:01,114.067596,22.558867,1,8
24104,11:15:56,114.067596,22.558701,1,1
24104,11:16:51,114.067596,22.558701,1,0
24104,11:17:46,114.067749,22.553818,1,33
24104,11:18:41,114.067833,22.548233,1,39
24104,11:19:36,114.066986,22.543432,1,36
24104,11:20:31,114.060364,22.5434,1,44
24104,11:21:26,114.057899,22.547632,1,44
24104,11:22:21,114.05632,22.54945,1,19
24104,11:23:16,114.055016,22.549482,1,7
24104,11:24:11,114.054665,22.549467,1,0
24104,11:25:06,114.05278,22.54945,1,8
24104,11:26:01,114.051468,22.549368,1,6
24104,11:26:56,114.051064,22.549368,1,0
24104,11:27:51,114.049568,22.5474,1,21
24104,11:28:46,114.047836,22.547333,1,10
24104,11:29:41,114.047897,22.545334,1,11
24104,11:30:36,114.050697,22.545383,1,16
24104,11:31:32,114.051147,22.540283,1,37
24104,11:32:27,114.05117,22.5396,1,3
24104,11:33:22,114.0495,22.538733,1,12
24104,11:34:17,114.049614,22.537867,1,3
24104,11:34:41,114.048447,22.537201,0,27
24104,11:35:36,114.049484,22.537233,0,4
24104,11:36:31,114.052765,22.537333,0,21
24104,11:37:26,114.056702,22.53735,0,23
24104,11:38:21,114.057869,22.537333,0,7
24104,11:39:16,114.057869,22.537333,0,0
24104,11:40:11,114.060448,22.5375,0,14
24104,11:41:06,114.066017,22.538218,0,36
24104,11:42:01,114.072083,22.537533,0,46
24104,11:42:17,114.072083,22.537533,1,0
24104,11:43:12,114.074837,22.539917,1,24
24104,11:44:07,114.076118,22.5401,1,7
24104,11:45:02,114.076164,22.5427,1,16
24104,11:45:57,114.076164,22.5427,1,0
24104,11:46:52,114.076233,22.544884,1,12
24104,11:47:47,114.076233,22.544884,1,0
24104,11:48:42,114.078949,22.545418,1,19
24104,11:49:24,114.079865,22.545483,0,7
24104,11:50:19,114.079865,22.545483,0,0
24104,11:51:14,114.0811,22.545616,0,3
24104,11:52:09,114.0811,22.545616,0,0
24104,11:53:04,114.083282,22.54565,0,2
24104,11:53:59,114.083282,22.54565,0,0
24104,11:54:54,114.086601,22.545401,0,12
24104,11:55:49,114.087967,22.546818,0,15
24104,11:56:44,114.08847,22.547199,0,5
24104,11:57:39,114.091019,22.54735,0,8
24104,11:58:34,114.092468,22.551817,0,40
24104,11:58:59,114.092949,22.551783,1,6
24104,11:59:54,114.096931,22.551867,1,22
24104,12:00:49,114.094719,22.551832,1,14
24104,12:02:39,114.091019,22.556984,1,26
24104,12:03:34,114.086784,22.558399,1,36
24104,12:04:29,114.07795,22.558567,1,60
24104,12:05:24,114.079353,22.562782,1,31
24104,12:06:19,114.082069,22.5618,1,18
24104,12:06:30,114.082352,22.562233,0,17
24104,12:07:25,114.082016,22.561768,0,2
24104,12:08:20,114.081619,22.559418,0,20
24104,12:08:55,114.081367,22.559,1,5
24104,12:09:50,114.075218,22.55825,1,40
24104,12:10:45,114.068382,22.558201,1,45
24104,12:11:40,114.063484,22.558132,1,30
24104,12:12:35,114.057053,22.5625,1,55
24104,12:13:30,114.050964,22.562517,1,41
24104,12:14:25,114.045586,22.558451,1,46
24104,12:14:35,114.045097,22.558083,0,22
24104,12:15:15,114.045097,22.558083,1,0
24104,12:16:10,114.043053,22.5583,1,15
24104,12:17:05,114.04023,22.563351,1,40
24104,12:18:00,114.037933,22.563334,1,36
24104,12:18:55,114.027916,22.561533,1,68
24104,12:19:50,114.01812,22.560284,1,66
24104,12:20:45,114.00898,22.5583,1,63
24104,12:21:40,113.999313,22.555883,1,68
24104,12:22:35,113.989868,22.558849,1,67
24104,12:23:30,113.981064,22.558018,1,60
24104,12:24:25,113.97245,22.556883,1,58
24104,12:25:20,113.963631,22.557182,1,59
24104,12:26:15,113.95417,22.556499,1,63
24104,12:27:10,113.947464,22.555834,1,45
24104,12:28:05,113.940567,22.555683,1,46
24104,12:29:00,113.940567,22.555683,1,0
24104,12:29:55,113.940681,22.559717,1,24
24104,12:30:50,113.940651,22.563967,1,28
24104,12:31:45,113.942268,22.56435,1,11
24104,12:32:40,113.946449,22.563917,1,27
24104,12:33:35,113.95195,22.563368,1,34
24104,12:34:30,113.952454,22.563351,1,3
24104,12:37:15,113.950233,22.570833,1,0
24104,12:38:02,113.950104,22.570534,0,7
24104,12:38:57,113.950104,22.570534,0,0
24104,12:39:52,113.952301,22.56595,0,34
24104,12:40:47,113.949768,22.563601,0,37
24104,12:41:42,113.947136,22.563868,0,17
24104,12:42:37,113.944153,22.564167,0,18
24104,12:44:27,113.940903,22.564533,0,4
24104,12:44:59,113.940536,22.564417,1,1
24104,12:45:54,113.940666,22.561068,1,21
24104,12:46:50,113.940552,22.55755,1,24
24104,12:47:45,113.940414,22.554268,1,20
24104,12:50:30,113.94075,22.542566,1,34
24104,12:51:25,113.944885,22.542101,1,31
24104,12:52:20,113.944901,22.542,1,0
24104,12:53:15,113.946869,22.5418,1,13
24104,12:53:23,113.946869,22.5418,0,0
24104,12:54:18,113.947601,22.542,0,1
24104,12:54:29,113.947617,22.542,1,0
24104,12:55:24,113.948982,22.542633,1,9
24104,12:56:19,113.953781,22.543217,1,32
24104,12:57:14,113.961197,22.542801,1,50
24104,12:58:09,113.966965,22.540649,1,41
24104,12:59:04,113.970932,22.539133,1,28
24104,12:59:59,113.974319,22.537718,1,23
24104,13:00:54,113.981468,22.536301,1,49
24104,13:01:49,113.989616,22.535732,1,53
24104,13:02:44,113.994186,22.534767,1,30
24104,13:03:39,113.997437,22.534967,1,19
24104,13:04:34,114.002701,22.535816,1,35
24104,13:05:29,114.010582,22.537216,1,52
24104,13:06:24,114.019203,22.538982,1,59
24104,13:07:19,114.0271,22.540001,1,54
24104,13:08:14,114.031349,22.540684,1,27
24104,13:09:09,114.038353,22.541849,1,48
24104,13:10:04,114.046135,22.542299,1,52
24104,13:10:59,114.050133,22.541401,1,30
24104,13:11:57,114.049553,22.54085,0,0
24104,13:12:52,114.048164,22.540283,0,13
24104,13:13:47,114.048134,22.5406,0,2
24104,13:14:42,114.048134,22.5406,0,0
24104,13:15:37,114.048134,22.5406,0,0
24104,13:16:32,114.048134,22.5406,0,0
24104,13:17:27,114.048134,22.5406,0,0
24104,13:18:22,114.047752,22.541599,0,7
24104,13:19:17,114.053596,22.542032,0,39
24104,13:20:12,114.060135,22.542133,0,45
24104,13:21:07,114.064468,22.542517,0,27
24104,13:22:02,114.070816,22.542749,0,42
24104,13:22:57,114.071983,22.539083,0,32
24104,13:23:52,114.071983,22.539083,0,0
24104,13:24:47,114.074966,22.539967,0,22
24104,13:25:42,114.077454,22.540199,0,17
24104,13:26:37,114.077454,22.540199,0,0
24104,13:27:27,114.079048,22.540367,1,9
24104,13:28:22,114.082832,22.540768,1,22
24104,13:29:17,114.084167,22.540833,1,9
24104,13:30:12,114.08403,22.541849,1,0
24104,13:31:07,114.08403,22.541849,1,0
24104,13:32:02,114.087936,22.54405,1,32
24104,13:32:57,114.087868,22.546766,1,17
24104,13:33:52,114.08783,22.547632,1,3
24104,13:34:48,114.087265,22.549299,1,11
24104,13:35:06,114.086266,22.549299,0,22
24104,13:36:01,114.086266,22.549299,0,0
24104,13:36:56,114.084534,22.54925,0,9
24104,13:37:51,114.083946,22.550867,0,13
24104,13:38:46,114.086586,22.552532,0,25
24104,13:39:41,114.087036,22.553383,0,6
24104,13:40:36,114.087036,22.553383,0,0
24104,13:41:31,114.087036,22.553383,0,0
24104,13:43:21,114.087303,22.553551,0,0
24104,13:44:16,114.088402,22.554617,0,8
24104,13:45:11,114.086983,22.556801,0,20
24104,13:46:19,114.089386,22.554117,1,27
24104,13:47:14,114.090767,22.55415,1,8
24104,13:48:09,114.091003,22.551983,1,13
24104,13:49:59,114.09108,22.5471,1,33
24104,13:50:54,114.090431,22.543484,1,29
24104,13:50:56,114.090302,22.543467,0,23
24104,13:51:51,114.08918,22.543501,0,4
24104,13:52:46,114.088036,22.544451,0,10
24104,13:53:41,114.088036,22.545116,0,3
24104,13:54:36,114.087814,22.546534,0,8
24104,13:55:31,114.089386,22.547182,0,12
24104,13:55:36,114.089386,22.547182,1,0
24104,13:56:31,114.091049,22.547182,1,6
24104,13:57:26,114.09108,22.551201,1,28
24104,13:58:21,114.09108,22.551201,1,0
24104,13:59:16,114.091019,22.5536,1,15
24104,14:00:11,114.091019,22.5536,1,0
24104,14:01:06,114.090981,22.555901,1,15
24104,14:02:01,114.09095,22.557934,1,14
24104,14:02:56,114.09095,22.557934,1,0
24104,14:03:51,114.09095,22.557934,1,0
24104,14:04:46,114.089813,22.5606,1,19
24104,14:05:41,114.089348,22.561583,1,6
24104,14:06:36,114.086052,22.568583,1,55
24104,14:07:31,114.081413,22.5725,1,43
24104,14:08:01,114.07988,22.573032,0,19
24104,14:08:56,114.082199,22.573668,0,18
24104,14:09:51,114.082153,22.5714,0,22
24104,14:10:46,114.084297,22.57045,0,33
24104,14:11:41,114.086914,22.566851,0,31
24104,14:12:36,114.093102,22.567751,0,42
24104,14:13:10,114.095085,22.568216,1,21
24104,14:14:05,114.101021,22.5707,1,41
24104,14:15:00,114.103516,22.57045,1,23
24104,14:15:55,114.103699,22.57015,1,0
24104,14:16:50,114.103882,22.565933,1,30
24104,14:17:45,114.103851,22.565317,1,4
24104,14:18:40,114.103851,22.565317,1,0
24104,14:19:35,114.104034,22.562401,1,19
24104,14:20:30,114.104034,22.562401,1,0
24104,14:21:25,114.104065,22.560266,1,13
24104,14:21:27,114.104065,22.560266,0,0
24104,14:22:00,114.104065,22.560266,1,0
24104,14:22:55,114.104118,22.559418,1,4
24104,14:23:50,114.104019,22.5592,1,0
24104,14:24:45,114.104019,22.5592,1,0
24104,14:25:40,114.111618,22.558718,1,52
24104,14:26:35,114.119133,22.559067,1,50
24104,14:27:30,114.119286,22.561617,1,39
24104,14:28:25,114.118103,22.56625,1,34
24104,14:30:15,114.115334,22.579483,1,53
24104,14:31:10,114.112549,22.585432,1,47
24104,14:32:05,114.109436,22.590782,1,44
24104,14:33:00,114.111183,22.596201,1,41
24104,14:33:55,114.113029,22.5994,1,23
24104,14:34:50,114.115913,22.602882,1,31
24104,14:35:19,114.117104,22.604233,0,23
24104,14:36:14,114.117104,22.604233,0,0
24104,14:37:09,114.117104,22.604233,0,0
24104,14:38:04,114.11747,22.604567,0,0
24104,14:38:21,114.11747,22.604567,1,0
24104,14:39:16,114.11528,22.602583,1,18
24104,14:40:11,114.11528,22.602583,1,0
24104,14:41:06,114.110786,22.595818,1,55
24104,14:42:01,114.11068,22.587317,1,66
24104,14:42:56,114.114349,22.581917,1,46
24104,14:43:51,114.116982,22.576117,1,45
24104,14:44:46,114.117683,22.569384,1,49
24104,14:45:41,114.118713,22.562717,1,49
24104,14:46:36,114.121002,22.557751,1,40
24104,14:47:31,114.125534,22.552982,1,45
24104,14:48:26,114.125771,22.552282,1,3
24104,14:49:21,114.125771,22.552116,1,1
24104,14:50:16,114.125771,22.552116,1,0
24104,14:51:11,114.125771,22.552116,1,0
24104,14:52:06,114.125771,22.552116,1,0
24104,14:53:01,114.125771,22.552116,1,0
24104,14:53:56,114.125771,22.552116,1,0
24104,14:54:51,114.125771,22.552116,1,0
24104,14:55:46,114.125771,22.552116,1,0
24104,14:56:41,114.125847,22.547167,1,21
24104,14:57:37,114.125832,22.545282,1,13
24104,14:58:32,114.125832,22.545282,1,0
24104,14:59:27,114.126167,22.5422,1,21
24104,14:59:41,114.126602,22.542418,0,12
24104,15:00:36,114.126602,22.542418,0,0
24104,15:00:37,114.126602,22.542418,1,0
24104,15:01:32,114.129684,22.544533,1,24
24104,15:02:27,114.129532,22.54825,1,26
24104,15:03:22,114.129532,22.54825,1,0
24104,15:04:17,114.126633,22.548218,1,19
24104,15:05:13,114.125847,22.552267,1,31
24104,15:06:08,114.125847,22.552267,1,0
24104,15:07:03,114.123451,22.555433,1,26
24104,15:07:23,114.122665,22.556383,0,23
24104,15:08:18,114.122467,22.55765,0,8
24104,15:09:00,114.122803,22.558184,1,11
24104,15:09:55,114.120232,22.556299,1,17
24104,15:10:50,114.118385,22.553249,1,25
24104,15:11:45,114.117447,22.551634,1,12
24104,15:12:40,114.116547,22.5492,1,17
24104,15:13:35,114.11673,22.548468,1,5
24104,15:14:30,114.114098,22.545782,1,31
24104,15:15:25,114.114098,22.545782,1,0
24104,15:16:20,114.110466,22.546766,1,26
24104,15:17:15,114.110466,22.546766,1,0
24104,15:18:10,114.109734,22.547449,1,7
24104,15:18:39,114.109665,22.546917,0,1
24104,15:19:34,114.109253,22.5453,0,10
24104,15:19:54,114.1092,22.545282,1,0
24104,15:20:49,114.108086,22.546717,1,16
24104,15:21:44,114.108047,22.546984,1,0
24104,15:22:39,114.107834,22.547632,1,3
24104,15:23:34,114.107414,22.551001,1,22
24104,15:24:29,114.107353,22.552418,1,8
24104,15:25:24,114.11235,22.554199,1,40
24104,15:26:19,114.114952,22.553783,1,17
24104,15:27:14,114.114952,22.553783,1,0
24104,15:28:09,114.114952,22.553783,1,0
24104,15:29:04,114.115433,22.554649,1,6
24104,15:29:59,114.115601,22.55835,1,26
24104,15:30:54,114.119698,22.559366,1,28
24104,15:31:49,114.119385,22.56115,1,31
24104,15:32:45,114.118782,22.562799,1,9
24104,15:33:40,114.118347,22.564917,1,12
24104,15:34:35,114.117836,22.570683,1,40
24104,15:35:30,114.120819,22.571283,1,18
24104,15:36:25,114.122047,22.571583,1,8
24104,15:36:43,114.122047,22.571583,0,0
24104,15:37:09,114.122047,22.571583,1,0
24104,15:38:04,114.121735,22.573833,1,13
24104,15:38:59,114.118736,22.573868,1,16
24104,15:39:54,114.116547,22.577551,1,30
24104,15:40:49,114.11245,22.576616,1,42
24104,15:41:44,114.104034,22.573084,1,63
24104,15:42:39,114.098999,22.570101,1,39
24104,15:43:34,114.096634,22.569082,1,13
24104,15:44:29,114.093765,22.568132,1,20
24104,15:45:24,114.090881,22.567432,1,19
24104,15:46:19,114.085236,22.564117,1,47
24104,15:47:14,114.079819,22.556417,1,66
24104,15:48:09,114.078217,22.554367,1,17
24104,15:49:04,114.077103,22.553066,1,10
24104,15:49:59,114.074135,22.551399,1,22
24104,15:50:54,114.06823,22.551033,1,39
24104,15:51:49,114.06823,22.551033,1,0
24104,15:52:44,114.06778,22.549217,1,13
24104,15:53:39,114.06778,22.547934,1,8
24104,15:54:34,114.06752,22.542049,1,41
24104,15:55:29,114.067734,22.538799,1,22
24104,15:56:24,114.06488,22.537832,1,17
24104,15:57:19,114.063698,22.538967,1,11
24104,15:58:14,114.063133,22.5399,1,5
24104,15:59:09,114.063118,22.540268,1,0
24104,16:00:04,114.06472,22.542517,1,19
24104,16:00:59,114.06382,22.542168,1,15
24104,16:01:32,114.063148,22.541834,0,0
24104,16:02:27,114.063148,22.541834,0,0
24104,16:03:22,114.062714,22.540466,0,8
24104,16:04:17,114.063004,22.537518,0,19
24104,16:05:12,114.064232,22.537149,0,7
24104,16:06:07,114.068047,22.536833,0,36
24104,16:07:02,114.068085,22.531866,0,35
24104,16:07:57,114.0681,22.531267,0,0
24104,16:08:52,114.0681,22.531267,0,0
24104,16:09:47,114.067116,22.530817,0,1
24104,16:10:42,114.068703,22.531567,0,9
24104,16:11:37,114.071136,22.531651,0,12
24104,16:13:27,114.075371,22.531816,0,3
24104,16:14:22,114.07692,22.5319,0,7
24104,16:15:17,114.0784,22.533501,0,15
24104,16:16:12,114.079399,22.535601,0,13
24104,16:17:07,114.083618,22.537416,0,32
24104,16:18:02,114.087051,22.537382,0,21
24104,16:18:57,114.092369,22.537884,0,35
24104,16:19:52,114.099533,22.537968,0,48
24104,16:21:42,114.104149,22.537649,0,11
24104,16:22:37,114.108582,22.537399,0,31
24104,16:23:32,114.110901,22.537317,0,15
24104,16:24:27,114.111603,22.532534,0,33
24104,16:25:22,114.114998,22.533783,0,38
24104,16:26:17,114.118919,22.53775,0,39
24104,16:28:07,114.132553,22.5457,0,57
24104,16:29:02,114.137802,22.5518,0,56
24104,16:29:57,114.14122,22.555532,0,36
24104,16:30:52,114.148735,22.555883,0,51
24104,16:31:47,114.158302,22.561483,0,77
24104,16:32:42,114.167816,22.562817,0,65
24104,16:33:37,114.176537,22.560818,0,62
24104,16:34:32,114.179199,22.557983,0,27
24104,16:35:27,114.179199,22.557983,0,0
24104,16:36:22,114.179199,22.557983,0,0
24104,16:37:17,114.179199,22.557983,0,0
24104,16:38:12,114.179199,22.557983,0,0
24104,16:39:07,114.179199,22.557983,0,0
24104,16:40:02,114.179199,22.557983,0,0
24104,16:40:57,114.179199,22.557983,0,0
24104,16:41:52,114.179199,22.557983,0,0
24104,16:42:47,114.179199,22.557983,0,0
24104,16:44:38,114.179253,22.557867,0,0
24104,16:45:34,114.179253,22.557867,0,0
24104,16:46:29,114.179253,22.557867,0,0
24104,16:47:24,114.179253,22.557867,0,0
24104,16:48:19,114.179253,22.557867,0,0
24104,16:49:14,114.179253,22.557867,0,0
24104,16:50:09,114.179253,22.557867,0,0
24104,16:51:04,114.179253,22.557867,0,0
24104,16:51:59,114.179253,22.557867,0,0
24104,16:52:54,114.179253,22.557867,0,0
24104,16:53:49,114.179253,22.557867,0,0
24104,16:54:44,114.179253,22.557867,0,0
24104,16:55:39,114.179253,22.557867,0,0
24104,16:56:34,114.179253,22.557867,0,0
24104,16:57:29,114.179253,22.557867,0,0
24104,16:58:24,114.179253,22.557867,0,0
24104,16:59:19,114.179253,22.557867,0,0
24104,17:00:14,114.179253,22.557867,0,0
24104,17:01:09,114.179253,22.557867,0,0
24104,17:02:04,114.179253,22.557867,0,0
24104,17:02:59,114.179253,22.557867,0,0
24104,17:03:54,114.179253,22.557867,0,0
24104,17:04:49,114.179253,22.557867,0,0
24104,17:05:44,114.179253,22.557867,0,0
24104,17:06:39,114.179253,22.557867,0,0
24104,17:08:29,114.179253,22.557867,0,0
24104,17:09:24,114.179253,22.557867,0,0
24104,17:10:19,114.179253,22.557867,0,0
24104,17:11:14,114.179253,22.557867,0,0
24104,17:12:09,114.179253,22.557867,0,0
24104,17:13:04,114.179253,22.557867,0,0
24104,17:13:59,114.179253,22.557867,0,0
24104,17:14:54,114.179253,22.557867,0,0
24104,17:15:49,114.179253,22.557867,0,0
24104,17:16:44,114.179253,22.557867,0,0
24104,17:17:39,114.179253,22.557867,0,0
24104,17:18:34,114.179253,22.557867,0,0
24104,17:19:29,114.179253,22.557867,0,0
24104,17:20:24,114.179649,22.557333,0,2
24104,17:21:19,114.183266,22.556267,0,28
24104,17:22:14,114.179451,22.558867,0,51
24104,17:23:01,114.178864,22.559401,1,5
24104,17:23:56,114.174599,22.562366,1,33
24104,17:24:51,114.16497,22.562834,1,65
24104,17:25:46,114.156616,22.560516,1,59
24104,17:26:41,114.148865,22.555967,1,62
24104,17:27:36,114.142754,22.55575,1,41
24104,17:28:31,114.138817,22.554617,1,52
24104,17:29:26,114.135582,22.549633,1,43
24104,17:30:21,114.132034,22.549017,1,21
24104,17:31:16,114.126266,22.548117,1,38
24104,17:32:11,114.1259,22.549267,1,9
24104,17:33:06,114.1259,22.549267,1,0
24104,17:34:01,114.1259,22.549267,1,0
24104,17:34:56,114.124619,22.549084,1,5
24104,17:35:51,114.123001,22.54785,1,13
24104,17:36:46,114.11953,22.546984,1,23
24104,17:37:41,114.11908,22.546833,1,1
24104,17:38:36,114.117317,22.546551,1,8
24104,17:39:31,114.117317,22.546551,1,0
24104,17:40:26,114.117317,22.546551,1,0
24104,17:41:21,114.116837,22.546301,1,0
24104,17:42:16,114.113632,22.54595,1,21
24104,17:43:11,114.106903,22.544916,1,44
24104,17:44:06,114.106735,22.544901,1,1
24104,17:45:01,114.104317,22.544416,1,14
24104,17:45:56,114.102768,22.54405,1,8
24104,17:46:51,114.102402,22.543983,1,1
24104,17:47:46,114.100067,22.543583,1,7
24104,17:48:41,114.094147,22.543484,1,39
24104,17:49:36,114.093414,22.543516,1,3
24104,17:50:31,114.093414,22.543516,1,0
24104,17:51:26,114.093414,22.543516,1,0
24104,17:52:21,114.092468,22.543449,1,4
24104,17:53:42,114.089302,22.543432,0,6
24104,17:54:37,114.088387,22.543432,0,3
24104,17:55:32,114.088387,22.543432,0,0
24104,17:56:27,114.088387,22.543432,0,0
24104,17:57:22,114.088066,22.544968,0,6
24104,17:58:17,114.088066,22.544968,0,0
24104,17:58:28,114.088066,22.544968,1,0
24104,17:59:23,114.090485,22.545483,1,14
24104,18:00:18,114.090836,22.545467,1,0
24104,18:01:13,114.091118,22.543682,1,8
24104,18:02:08,114.090103,22.543417,1,4
24104,18:03:03,114.089584,22.543467,1,1
24104,18:03:58,114.089386,22.543467,1,1
24104,18:04:53,114.088669,22.543432,1,3
24104,18:05:48,114.088669,22.543432,1,0
24104,18:06:43,114.087616,22.543467,1,2
24104,18:07:38,114.087616,22.543467,1,0
24104,18:08:33,114.087082,22.543501,1,0
24104,18:09:28,114.087082,22.543501,1,0
24104,18:10:23,114.086136,22.543318,1,2
24104,18:11:18,114.086136,22.543318,1,0
24104,18:12:13,114.085114,22.543301,1,2
24104,18:13:08,114.084167,22.543318,1,5
24104,18:14:03,114.083084,22.543217,1,4
24104,18:14:58,114.083084,22.543217,1,0
24104,18:19:33,114.078529,22.543133,1,0
24104,18:20:28,114.076302,22.543083,1,11
24104,18:21:23,114.072067,22.543068,1,28
24104,18:22:18,114.063416,22.54295,1,58
24104,18:23:13,114.058037,22.544333,1,44
24104,18:24:08,114.057999,22.545267,1,5
24104,18:25:03,114.057999,22.545267,1,0
24104,18:25:58,114.057999,22.545267,1,0
24104,18:26:53,114.057953,22.540283,1,35
24104,18:27:48,114.057602,22.538116,1,15
24104,18:28:43,114.057884,22.537001,1,3
24104,18:29:38,114.057884,22.537001,1,0
24104,18:30:33,114.058235,22.535633,1,2
24104,18:30:55,114.059303,22.535351,0,22
24104,18:31:37,114.059303,22.535351,1,0
24104,18:33:27,114.06308,22.535851,1,8
24104,18:34:22,114.062851,22.536467,1,2
24104,18:35:17,114.062897,22.5385,1,13
24104,18:36:12,114.062531,22.54195,1,21
24104,18:37:07,114.070213,22.542767,1,49
24104,18:38:02,114.070831,22.542784,1,4
24104,18:39:52,114.070831,22.542784,1,0
24104,18:40:47,114.070831,22.542784,1,0
24104,18:41:42,114.070831,22.542784,1,0
24104,18:42:37,114.071953,22.542933,1,1
24104,18:43:32,114.071953,22.542933,1,0
24104,18:45:22,114.071953,22.542933,1,0
24104,18:46:17,114.073036,22.542982,1,4
24104,18:47:12,114.073036,22.542982,1,0
24104,18:48:07,114.073036,22.542982,1,0
24104,18:49:02,114.073036,22.542982,1,0
24104,18:49:57,114.07415,22.542967,1,4
24104,18:50:52,114.074669,22.542982,1,3
24104,18:51:47,114.074669,22.542982,1,0
24104,18:52:42,114.075699,22.5431,1,4
24104,18:53:37,114.080086,22.543167,1,29
24104,18:54:32,114.081131,22.543301,1,3
24104,18:55:27,114.081131,22.543301,1,0
24104,18:56:22,114.082397,22.543449,1,6
24104,18:57:17,114.082985,22.543432,1,1
24104,18:58:12,114.082985,22.543432,1,0
24104,18:59:07,114.085236,22.543068,1,6
24104,19:00:02,114.08667,22.543333,1,7
24104,19:00:57,114.087196,22.543283,1,2
24104,19:01:52,114.090179,22.543484,1,19
24104,19:02:47,114.090431,22.543417,1,0
24104,19:03:42,114.096565,22.543516,1,40
24104,19:04:37,114.098396,22.543533,1,10
24104,19:05:32,114.104134,22.54425,1,38
24104,19:06:27,114.104202,22.54425,1,0
24104,19:07:22,114.10688,22.545116,1,11
24104,19:08:17,114.111771,22.545601,1,33
24104,19:09:12,114.111885,22.545616,1,0
24104,19:10:07,114.113968,22.546017,1,11
24104,19:10:14,114.114082,22.546,0,7
24104,19:11:09,114.113914,22.544216,0,7
24104,19:11:32,114.113914,22.544216,1,0
24104,19:12:27,114.113731,22.545767,1,9
24104,19:13:22,114.113731,22.545767,1,0
24104,19:14:17,114.113731,22.545767,1,0
24104,19:15:12,114.113731,22.545767,1,0
24104,19:16:07,114.106865,22.544817,1,45
24104,19:17:02,114.101181,22.544399,1,41
24104,19:17:15,114.101166,22.545532,0,32
24104,19:18:06,114.101166,22.545532,1,0
24104,19:19:01,114.100983,22.5478,1,13
24104,19:19:56,114.100983,22.5478,1,0
24104,19:20:51,114.099632,22.551683,1,30
24104,19:22:41,114.099632,22.551683,1,0
24104,19:23:36,114.099403,22.55485,1,21
24104,19:24:31,114.099449,22.556,1,6
24104,19:25:26,114.099464,22.557167,1,5
24104,19:26:21,114.099464,22.557167,1,0
24104,19:27:16,114.099464,22.557167,1,0
24104,19:28:11,114.099251,22.558983,1,9
24104,19:29:06,114.099251,22.561533,1,15
24104,19:29:25,114.098663,22.561583,0,7
24104,19:30:20,114.098198,22.561649,0,0
24104,19:31:15,114.097198,22.561434,0,3
24104,19:32:10,114.097198,22.561434,0,0
24104,19:33:16,114.097198,22.561434,1,0
24104,19:34:11,114.097198,22.561434,1,0
24104,19:35:06,114.098648,22.561617,1,1
24104,19:36:01,114.09922,22.5597,1,14
24104,19:36:56,114.099236,22.559099,1,2
24104,19:37:51,114.100182,22.558468,1,10
24104,19:38:46,114.101799,22.558517,1,6
24104,19:39:41,114.101799,22.558517,1,0
24104,19:40:36,114.102631,22.558517,1,4
24104,19:41:31,114.102631,22.558517,1,0
24104,19:42:26,114.103752,22.558533,1,3
24104,19:43:21,114.10408,22.558567,1,0
24104,19:44:16,114.114052,22.558733,1,67
24104,19:45:11,114.122467,22.557117,1,60
24104,19:46:06,114.125801,22.558666,1,25
24104,19:47:01,114.127815,22.55685,1,17
24104,19:47:56,114.130119,22.555,1,19
24104,19:48:51,114.130333,22.552917,1,12
24104,19:49:46,114.130051,22.552183,1,3
24104,19:50:41,114.130051,22.552183,1,0
24104,19:51:36,114.130051,22.552183,1,0
24104,19:52:14,114.130898,22.552366,0,6
24104,19:53:09,114.1306,22.553217,0,4
24104,19:54:04,114.129936,22.555218,0,12
24104,19:54:59,114.125984,22.553083,0,42
24104,19:55:54,114.125748,22.550568,0,16
24104,19:56:49,114.125786,22.549767,0,5
24104,19:57:44,114.1259,22.54665,0,20
24104,19:58:39,114.125786,22.542601,0,30
24104,19:59:34,114.125687,22.542299,0,1
24104,20:00:29,114.122169,22.540968,0,16
24104,20:01:24,114.120369,22.541517,0,12
24104,20:02:19,114.120369,22.541517,0,0
24104,20:03:14,114.120369,22.541517,0,0
24104,20:04:09,114.119247,22.54225,0,5
24104,20:05:04,114.118599,22.542883,0,6
24104,20:05:33,114.118599,22.542883,1,0
24104,20:06:29,114.115997,22.54265,1,17
24104,20:07:24,114.114464,22.5424,1,7
24104,20:07:36,114.114464,22.5424,0,0
24104,20:08:31,114.114464,22.5424,0,0
24104,20:09:26,114.113564,22.544916,0,14
24104,20:10:16,114.11467,22.546432,1,14
24104,20:11:11,114.116264,22.546618,1,8
24104,20:12:06,114.116585,22.548782,1,19
24104,20:13:01,114.116585,22.550117,1,9
24104,20:13:56,114.117714,22.551968,1,14
24104,20:14:51,114.122032,22.557484,1,52
24104,20:15:46,114.128899,22.56135,1,54
24104,20:16:41,114.131554,22.562082,1,18
24104,20:17:36,114.13282,22.562983,1,10
24104,20:18:01,114.134483,22.564867,0,37
24104,20:18:32,114.134483,22.564867,1,0
24104,20:19:27,114.13813,22.569151,1,37
24104,20:20:22,114.136383,22.569633,1,8
24104,20:21:02,114.133736,22.570999,0,27
24104,20:21:39,114.133736,22.570999,1,0
24104,20:22:34,114.134018,22.571016,1,1
24104,20:23:29,114.135368,22.570183,1,7
24104,20:24:24,114.136467,22.567533,1,25
24104,20:25:19,114.131599,22.561684,1,52
24104,20:26:14,114.127563,22.555483,1,52
24104,20:27:09,114.125999,22.553118,1,20
24104,20:28:04,114.126099,22.550617,1,15
24104,20:29:22,114.125832,22.547117,0,36
24104,20:30:11,114.12587,22.546883,1,0
24104,20:31:06,114.125847,22.545082,1,13
24104,20:32:01,114.125847,22.545082,1,0
24104,20:32:56,114.125999,22.547533,1,16
24104,20:33:51,114.125999,22.547882,1,1
24104,20:34:46,114.125931,22.552217,1,30
24104,20:35:41,114.125931,22.5527,1,1
24104,20:36:36,114.121063,22.55805,1,49
24104,20:37:31,114.112099,22.558783,1,67
24104,20:38:26,114.106865,22.563467,1,62
24104,20:39:21,114.107452,22.566418,1,21
24104,20:40:16,114.107452,22.566418,1,0
24104,20:41:11,114.107552,22.566799,1,1
24104,20:42:06,114.107803,22.56735,1,0
24104,20:43:01,114.107765,22.569317,1,12
24104,20:43:56,114.108269,22.569651,1,2
24104,20:44:51,114.108749,22.5702,1,2
24104,20:45:46,114.108749,22.5702,1,0
24104,20:46:41,114.108749,22.5702,1,0
24104,20:47:36,114.108749,22.5702,1,0
24104,20:48:31,114.108765,22.571301,1,0
24104,20:49:26,114.108765,22.571301,1,0
24104,20:50:21,114.107986,22.571983,1,0
24104,20:50:33,114.107903,22.571733,0,3
24104,20:51:00,114.10775,22.570534,1,14
24104,20:51:55,114.107803,22.568033,1,17
24104,20:52:50,114.108971,22.566566,1,17
24104,20:53:45,114.117203,22.568367,1,59
24104,20:54:40,114.119431,22.560749,1,58
24104,20:55:35,114.123199,22.557867,1,42
24104,20:56:30,114.125015,22.55895,1,14
24104,20:57:25,114.12867,22.56105,1,27
24104,20:57:29,114.128853,22.5611,0,15
24104,20:58:24,114.129448,22.561518,0,5
24104,20:59:19,114.129616,22.561501,0,25
24104,20:59:49,114.127769,22.560766,1,21
24104,21:00:44,114.123001,22.557966,1,35
24104,21:01:39,114.118698,22.553949,1,41
24104,21:02:34,114.117416,22.55155,1,17
24104,21:03:18,114.116768,22.548733,0,26
24104,21:04:13,114.116867,22.548201,0,2
24104,21:04:45,114.116867,22.548201,1,0
24104,21:06:35,114.116882,22.546049,1,12
24104,21:07:30,114.113815,22.545918,1,18
24104,21:08:25,114.11068,22.545918,1,19
24104,21:09:20,114.110252,22.548849,1,20
24104,21:11:10,114.111519,22.557768,1,33
24104,21:12:05,114.116135,22.5588,1,32
24104,21:13:00,114.120316,22.559418,1,27
24104,21:13:55,114.11898,22.562416,1,36
24104,21:14:50,114.11808,22.567301,1,35
24104,21:15:44,114.117821,22.571283,0,28
24104,21:16:17,114.117821,22.571283,1,0
24104,21:17:12,114.11673,22.577017,1,39
24104,21:18:07,114.11235,22.576599,1,47
24104,21:19:02,114.107132,22.57555,1,37
24104,21:19:57,114.105133,22.578033,1,23
24104,21:20:52,114.103836,22.582317,1,32
24104,21:21:47,114.102448,22.582666,1,6
24104,21:22:11,114.102036,22.582582,0,0
24104,21:23:06,114.102234,22.582617,0,0
24104,21:24:01,114.103897,22.582167,0,13
24104,21:24:56,114.104965,22.578234,0,27
24104,21:25:51,114.107834,22.5714,0,53
24104,21:26:46,114.107735,22.570017,0,9
24104,21:26:55,114.107803,22.569468,1,2
24104,21:27:50,114.107513,22.566967,1,16
24104,21:28:45,114.110466,22.566401,1,19
24104,21:29:40,114.117798,22.567682,1,57
24104,21:30:36,114.119568,22.560432,1,52
24104,21:31:30,114.120567,22.556549,1,35
24104,21:32:25,114.118919,22.554167,1,20
24104,21:33:21,114.116783,22.550417,1,28
24104,21:34:16,114.116615,22.549517,1,5
24104,21:35:11,114.116982,22.546949,1,15
24104,21:36:06,114.116982,22.546949,1,0
24104,21:37:01,114.117699,22.544233,1,16
24104,21:37:56,114.117966,22.5438,1,2
24104,21:38:51,114.115364,22.542816,1,14
24104,21:39:45,114.114197,22.542601,1,6
24104,21:40:40,114.114197,22.542601,1,0
24104,21:41:32,114.113548,22.540701,0,12
24104,21:42:27,114.113548,22.540701,0,0
24104,21:42:27,114.113548,22.540701,1,0
24104,21:43:22,114.113815,22.53915,1,8
24104,21:44:17,114.113815,22.53915,1,0
24104,21:45:12,114.113815,22.53915,1,0
24104,21:46:07,114.111252,22.542517,1,27
24104,21:47:02,114.110382,22.542168,1,27
24104,21:47:57,114.110382,22.542168,1,0
24104,21:48:52,114.11055,22.540483,1,10
24104,21:50:42,114.102097,22.538317,1,46
24104,21:51:37,114.091751,22.538151,1,69
24104,21:52:32,114.082764,22.537382,1,60
24104,21:53:27,114.079369,22.535801,1,26
24104,21:54:22,114.076836,22.532066,1,32
24104,21:55:17,114.070915,22.531782,1,39
24104,21:56:12,114.061852,22.5317,1,61
24104,21:57:07,114.052116,22.531532,1,64
24104,21:58:02,114.042053,22.531166,1,67
24104,21:58:57,114.031754,22.530199,1,69
24104,21:59:52,114.023621,22.532034,1,57
24104,22:00:47,114.019897,22.533083,1,26
24104,22:01:20,114.019165,22.5329,0,4
24104,22:02:15,114.019165,22.5329,0,0
24104,22:03:10,114.018135,22.532883,0,4
24104,22:03:44,114.018135,22.532883,1,0
24104,22:04:39,114.013397,22.530718,1,37
24104,22:05:34,114.012337,22.529484,1,35
24104,22:06:29,114.017487,22.531567,1,40
24104,22:07:24,114.024368,22.531532,1,47
24104,22:08:19,114.033798,22.5301,1,65
24104,22:09:14,114.041534,22.530899,1,51
24104,22:10:09,114.045135,22.530582,1,36
24104,22:11:04,114.044746,22.536734,1,45
24104,22:11:59,114.047699,22.53735,1,20
24104,22:12:26,114.049553,22.537399,0,22
24104,22:13:10,114.049553,22.537399,1,0
24104,22:14:05,114.051819,22.5376,1,10
24104,22:15:00,114.058052,22.53755,1,42
24104,22:15:55,114.05793,22.533251,1,28
24104,22:16:50,114.06485,22.531517,1,58
24104,22:17:45,114.073364,22.531782,1,57
24104,22:18:40,114.079002,22.534533,1,48
24104,22:19:35,114.083481,22.5373,1,39
24104,22:20:30,114.091431,22.539167,1,60
24104,22:21:25,114.091331,22.542967,1,26
24104,22:21:46,114.092247,22.543301,0,18
24104,22:22:41,114.09317,22.543301,0,2
24104,22:23:36,114.096718,22.543417,0,22
24104,22:24:31,114.103584,22.544083,0,46
24104,22:24:42,114.103683,22.5441,1,3
24104,22:25:37,114.106018,22.544567,1,14
24104,22:26:32,114.108047,22.545067,1,10
24104,22:27:27,114.113853,22.545782,1,39
24104,22:28:22,114.11792,22.544149,1,37
24104,22:29:17,114.119583,22.541967,1,16
24104,22:30:12,114.119583,22.541967,1,0
24104,22:31:07,114.120682,22.541416,1,5
24104,22:32:02,114.122818,22.5408,1,15
24104,22:32:57,114.12735,22.54285,1,33
24104,22:33:52,114.134834,22.547132,1,59
24104,22:34:47,114.139153,22.553783,1,55
24104,22:35:42,114.147751,22.555567,1,63
24104,22:36:37,114.157654,22.561016,1,79
24104,22:37:32,114.169418,22.562782,1,81
24104,22:38:27,114.178352,22.559483,1,67
24104,22:43:02,114.225014,22.55665,1,64
24104,22:43:57,114.227303,22.554667,1,40
24104,22:44:40,114.229881,22.554333,0,30
24104,22:45:35,114.230003,22.55435,0,0
24104,22:46:30,114.227654,22.55405,0,15
24104,22:47:25,114.225754,22.55345,0,15
24104,22:48:20,114.224281,22.55225,0,13
24104,22:48:47,114.224281,22.55225,1,0
24104,22:49:42,114.225929,22.549767,1,34
24104,22:50:37,114.229401,22.55065,1,35
24104,22:51:32,114.229698,22.552349,1,8
24104,22:52:27,114.229919,22.555401,1,22
24104,22:53:22,114.231499,22.556017,1,9
24104,22:54:08,114.231964,22.556351,0,3
24104,22:55:03,114.230049,22.55555,0,12
24104,22:55:58,114.228081,22.553516,0,18
24104,22:56:53,114.225883,22.553499,0,21
24104,22:57:48,114.22435,22.552317,0,10
24104,22:58:43,114.222885,22.553017,0,9
24104,22:58:46,114.222687,22.553301,1,9
24104,22:59:41,114.218918,22.556883,1,36
24104,23:02:26,114.190964,22.556032,1,37
24104,23:03:21,114.18335,22.556433,1,36
24104,23:04:16,114.174515,22.562332,1,73
24104,23:05:11,114.1633,22.56275,1,76
24104,23:06:06,114.153152,22.557684,1,79
24104,23:07:01,114.142235,22.55575,1,77
24104,23:07:56,114.13868,22.553617,1,56
24104,23:08:51,114.132484,22.545668,1,72
24104,23:09:46,114.124931,22.541733,1,58
24104,23:10:41,114.117836,22.540117,1,58
24104,23:11:36,114.109818,22.537817,1,57
24104,23:12:31,114.099815,22.538317,1,69
24104,23:13:26,114.09037,22.538067,1,63
24104,23:14:21,114.080833,22.537018,1,64
24104,23:15:16,114.075768,22.531933,1,52
24104,23:16:11,114.064835,22.531767,1,73
24104,23:17:06,114.053017,22.531567,1,79
24104,23:18:01,114.042786,22.531267,1,68
24104,23:18:56,114.030769,22.530199,1,81
24104,23:19:51,114.019951,22.532267,1,74
24104,23:20:47,114.009567,22.529882,1,70
24104,23:21:42,113.999016,22.529966,1,71
24104,23:22:37,113.993652,22.530117,1,48
24104,23:23:32,113.99308,22.533833,1,24
24104,23:24:27,113.992996,22.534349,1,2
24104,23:25:22,113.992287,22.537367,1,36
24104,23:25:26,113.992264,22.537283,0,5
24104,23:26:21,113.992516,22.535868,0,8
24104,23:27:16,113.992935,22.532734,0,20
24104,23:28:11,113.993179,22.531334,0,8
24104,23:29:06,113.993385,22.5305,0,4
24104,23:30:01,113.993286,22.526318,0,55
24104,23:30:49,113.995064,22.527483,1,16
24104,23:31:44,114.002731,22.530018,1,54
24104,23:32:39,114.013214,22.530333,1,70
24104,23:33:34,114.016953,22.529167,1,33
24104,23:33:42,114.016953,22.529167,0,0
24104,23:34:37,114.016953,22.529167,0,0
24104,23:35:32,114.018669,22.531483,0,26
24104,23:36:27,114.020531,22.531816,0,12
24104,23:37:22,114.024132,22.531334,0,21
24104,23:38:17,114.025414,22.531082,0,6
24104,23:39:12,114.026031,22.530884,0,2
24104,23:40:07,114.033333,22.529917,0,49
24104,23:41:03,114.032799,22.526484,0,24
24104,23:41:58,114.032799,22.526484,0,0
24104,23:42:53,114.03373,22.528282,0,12
24104,23:43:48,114.035736,22.530317,0,21
24104,23:44:42,114.043617,22.531067,0,53
24104,23:45:38,114.052071,22.531282,0,55
24104,23:46:24,114.060471,22.531401,1,67
24104,23:47:19,114.07148,22.531733,1,73
24104,23:48:14,114.079147,22.534967,1,64
24104,23:49:09,114.085869,22.537216,1,50
24104,23:50:04,114.095085,22.538017,1,62
24104,23:50:59,114.105721,22.537184,1,72
24104,23:51:54,114.114685,22.538616,1,62
24104,23:52:49,114.122467,22.540001,1,62
24104,23:53:44,114.130333,22.5445,1,62
