24467,00:00:21,114.131203,22.577801,0,22
24467,00:00:51,114.126999,22.5774,0,34
24467,00:02:21,114.113403,22.5774,0,20
24467,00:02:36,114.114304,22.5767,0,0
24467,00:02:44,114.114304,22.5767,0,26
24467,00:02:52,114.114098,22.5748,0,13
24467,00:03:52,114.113403,22.5704,0,31
24467,00:04:52,114.111702,22.561001,0,31
24467,00:05:06,114.1119,22.558901,0,0
24467,00:05:13,114.111298,22.557699,0,40
24467,00:05:23,114.110298,22.5564,0,35
24467,00:06:23,114.110001,22.5476,0,11
24467,00:07:52,114.102898,22.5448,0,22
24467,00:08:22,114.101501,22.5439,0,0
24467,00:08:52,114.101501,22.5439,0,0
24467,00:09:22,114.101097,22.5441,0,8
24467,00:09:52,114.101196,22.546301,0,9
24467,00:10:52,114.101799,22.547899,0,6
24467,00:12:22,114.104797,22.549299,0,0
24467,00:12:53,114.105202,22.5497,0,16
24467,00:13:23,114.1045,22.552299,0,17
24467,00:15:54,114.117302,22.5588,0,42
24467,00:16:24,114.121696,22.557301,0,26
24467,00:16:54,114.125504,22.559299,0,32
24467,00:17:24,114.129501,22.561399,0,23
24467,00:17:54,114.131599,22.562,0,0
24467,00:19:55,114.141701,22.5557,0,37
24467,00:20:55,114.153397,22.557501,0,39
24467,00:21:25,114.157997,22.561001,0,28
24467,00:22:55,114.157501,22.565901,0,22
24467,00:23:25,114.159897,22.5667,0,12
24467,00:23:55,114.160103,22.567101,0,10
24467,00:24:44,114.160103,22.5683,0,0
24467,00:25:15,114.160103,22.5683,0,0
24467,00:26:15,114.158699,22.568399,0,5
24467,00:27:45,114.158501,22.566799,0,0
24467,00:28:45,114.158501,22.566799,0,0
24467,00:29:15,114.158501,22.566799,0,0
24467,00:29:45,114.157501,22.5667,0,3
24467,00:30:15,114.157402,22.568399,0,13
24467,00:30:45,114.159401,22.5695,0,21
24467,00:31:16,114.162201,22.570101,0,13
24467,00:32:46,114.1614,22.568501,0,19
24467,00:33:19,114.161301,22.5667,0,0
24467,00:34:19,114.165802,22.5667,0,18
24467,00:34:49,114.168404,22.566799,0,8
24467,00:35:49,114.170898,22.565201,0,11
24467,00:36:49,114.169098,22.5637,0,7
24467,00:37:19,114.168198,22.5641,0,0
24467,00:37:49,114.168198,22.5641,0,0
24467,00:38:19,114.168198,22.5641,0,0
24467,00:39:50,114.168198,22.5641,0,0
24467,00:40:20,114.168198,22.5641,0,0
24467,00:41:20,114.168198,22.5641,0,0
24467,00:41:50,114.168198,22.5641,0,0
24467,00:42:50,114.168198,22.5641,0,0
24467,00:44:20,114.168198,22.5641,0,0
24467,00:44:52,114.168198,22.5641,0,0
24467,00:45:22,114.1679,22.563101,0,14
24467,00:45:52,114.1651,22.563,0,25
24467,00:46:22,114.160004,22.562401,0,35
24467,00:46:52,114.1549,22.5592,0,38
24467,00:47:22,114.150002,22.5562,0,38
24467,00:47:52,114.143997,22.555599,0,34
24467,00:48:52,114.1409,22.562401,0,33
24467,00:49:23,114.139198,22.564501,0,17
24467,00:49:53,114.1371,22.566601,0,16
24467,00:52:49,114.140297,22.5784,0,0
24467,00:53:53,114.140297,22.5784,0,0
24467,00:54:25,114.146797,22.5944,0,0
24467,00:54:55,114.146797,22.5944,0,0
24467,00:54:56,114.146797,22.5944,0,40
24467,00:55:25,114.150902,22.602301,0,0
24467,00:55:41,114.150902,22.602301,0,42
24467,00:55:55,114.155197,22.610901,0,44
24467,00:56:25,114.156097,22.616501,0,37
24467,00:56:55,114.155602,22.621901,0,36
24467,00:57:25,114.155197,22.6262,0,35
24467,00:57:55,114.158798,22.630899,0,39
24467,00:58:25,114.163597,22.6341,0,39
24467,00:58:55,114.169296,22.636,0,42
24467,00:59:25,114.171898,22.6364,0,0
24467,00:59:55,114.171898,22.6364,0,0
24467,01:00:25,114.171898,22.6364,0,0
24467,01:01:25,114.171997,22.6422,0,27
24467,01:01:55,114.172798,22.6453,0,20
24467,01:03:26,114.186501,22.6507,0,8
24467,01:03:56,114.185898,22.651899,0,6
24467,01:04:26,114.187599,22.6523,0,12
24467,01:05:26,114.188698,22.6532,0,0
24467,01:05:56,114.188698,22.6532,0,0
24467,01:06:26,114.189499,22.6544,0,11
24467,01:06:56,114.190598,22.6542,0,13
24467,01:07:27,114.192596,22.653799,0,8
24467,01:07:57,114.193703,22.6535,0,0
24467,01:08:27,114.193703,22.6535,0,0
24467,01:08:57,114.193802,22.6534,0,7
24467,01:09:27,114.194801,22.6551,0,23
24467,01:09:57,114.1968,22.655199,0,19
24467,01:10:27,114.198997,22.6532,0,23
24467,01:10:57,114.200203,22.6516,0,0
24467,01:11:27,114.200699,22.650801,0,12
24467,01:11:57,114.200798,22.6507,0,0
24467,01:13:07,114.2015,22.6497,0,0
24467,01:14:07,114.205101,22.646999,0,13
24467,01:14:54,114.205902,22.6474,0,0
24467,01:15:24,114.205902,22.6474,0,0
24467,01:15:54,114.205902,22.6474,0,0
24467,01:16:54,114.203697,22.6478,0,23
24467,01:17:24,114.202202,22.649,0,0
24467,01:17:54,114.201698,22.649401,0,9
24467,01:19:24,114.198601,22.6472,0,20
24467,01:19:54,114.195999,22.645399,0,24
24467,01:20:24,114.1931,22.6446,0,18
24467,01:20:54,114.1903,22.643999,0,18
24467,01:21:25,114.188004,22.643,0,15
24467,01:21:55,114.185303,22.6415,0,23
24467,01:22:55,114.179398,22.638399,0,20
24467,01:23:55,114.176804,22.637501,0,0
24467,01:25:25,114.165298,22.635201,0,34
24467,01:25:55,114.160698,22.6329,0,35
24467,01:26:25,114.156998,22.629499,0,33
24467,01:26:55,114.154099,22.625401,0,38
24467,01:27:56,114.145699,22.623199,0,6
24467,01:28:30,114.145103,22.6229,0,8
24467,01:29:30,114.137802,22.621799,0,0
24467,01:30:30,114.133698,22.617399,0,22
24467,01:32:01,114.135101,22.611799,0,20
24467,01:32:31,114.133202,22.610399,0,28
24467,01:33:01,114.131798,22.6108,0,0
24467,01:33:10,114.131798,22.6108,0,0
24467,01:33:40,114.131798,22.6108,0,0
24467,01:34:10,114.131401,22.610701,0,0
24467,01:34:40,114.131401,22.610701,0,0
24467,01:35:10,114.132004,22.6105,0,18
24467,01:36:10,114.1343,22.6099,0,0
24467,01:36:40,114.135101,22.6098,0,22
24467,01:37:11,114.1381,22.6091,0,14
24467,01:38:11,114.138199,22.605499,0,0
24467,01:38:41,114.138,22.604099,0,9
24467,01:39:11,114.138,22.603901,0,0
24467,01:40:11,114.138,22.603901,0,0
24467,01:41:11,114.138,22.603901,0,0
24467,01:42:39,114.1381,22.6094,0,17
24467,01:43:10,114.134804,22.6101,0,0
24467,01:43:40,114.134804,22.6101,0,0
24467,01:44:10,114.134804,22.6101,0,0
24467,01:44:40,114.131203,22.6108,0,17
24467,01:45:11,114.131203,22.6108,0,0
24467,01:45:41,114.130997,22.610901,0,12
24467,01:46:11,114.128304,22.6127,0,19
24467,01:46:41,114.126404,22.6106,0,26
24467,01:47:11,114.122498,22.608601,0,17
24467,01:48:11,114.122398,22.613001,0,0
24467,01:48:41,114.122398,22.613001,0,0
24467,01:49:12,114.122398,22.613199,0,0
24467,01:49:25,114.122398,22.613199,0,0
24467,01:49:55,114.122299,22.6131,0,6
24467,01:50:55,114.120102,22.6115,0,14
24467,01:51:25,114.117996,22.6103,0,12
24467,01:51:55,114.115303,22.6096,0,27
24467,01:52:25,114.111,22.609501,0,20
24467,01:52:55,114.111099,22.608101,0,9
24467,01:53:25,114.112198,22.6066,0,23
24467,01:53:55,114.1129,22.6052,0,0
24467,01:54:25,114.1129,22.604799,0,7
24467,01:54:55,114.112396,22.603701,0,5
24467,01:55:26,114.112198,22.6031,0,4
24467,01:55:56,114.1119,22.6026,0,5
24467,01:56:26,114.111504,22.601801,0,8
24467,01:57:26,114.112602,22.600401,0,0
24467,01:57:29,114.1129,22.5998,0,14
24467,01:57:57,114.111603,22.5973,0,17
24467,01:59:26,114.111099,22.596399,0,0
24467,01:59:56,114.111099,22.596399,0,0
24467,02:00:26,114.111099,22.596399,0,0
24467,02:00:56,114.111099,22.596399,0,0
24467,02:01:56,114.111099,22.596399,0,0
24467,02:02:26,114.111099,22.596399,0,0
24467,02:03:27,114.111099,22.596399,0,0
24467,02:03:57,114.111099,22.596399,0,0
24467,02:04:27,114.111099,22.596399,0,0
24467,02:04:57,114.111099,22.596399,0,0
24467,02:05:27,114.111099,22.596399,0,0
24467,02:05:57,114.111099,22.596399,0,0
24467,02:06:27,114.111099,22.596399,0,0
24467,02:07:27,114.111099,22.596399,0,0
24467,02:07:57,114.111099,22.596399,0,0
24467,02:08:27,114.111099,22.596399,0,0
24467,02:09:28,114.111099,22.596399,0,0
24467,02:09:58,114.111099,22.596399,0,0
24467,02:10:58,114.111099,22.596399,0,0
24467,02:11:58,114.111099,22.596399,0,0
24467,02:12:28,114.111099,22.596399,0,0
24467,02:12:58,114.111099,22.596399,0,0
24467,02:13:29,114.111099,22.596399,0,0
24467,02:13:59,114.111099,22.596399,0,0
24467,02:14:29,114.111099,22.596399,0,0
24467,02:14:59,114.111099,22.596399,0,0
24467,02:16:30,114.111099,22.596399,0,0
24467,02:17:00,114.111099,22.596399,0,0
24467,02:17:30,114.111099,22.596399,0,0
24467,02:18:00,114.111099,22.596399,0,0
24467,02:18:30,114.111099,22.596399,0,0
24467,02:19:00,114.111099,22.596201,0,7
24467,02:19:30,114.109596,22.5933,0,31
24467,02:21:00,114.112198,22.585501,0,17
24467,02:22:01,114.115303,22.579201,0,24
24467,02:23:31,114.117302,22.5683,0,11
24467,02:23:37,114.117302,22.5683,0,0
24467,02:23:44,114.117302,22.5683,0,9
24467,02:24:32,114.114098,22.5637,0,27
24467,02:25:02,114.114998,22.559799,0,29
24467,02:25:32,114.115501,22.556,0,19
24467,02:25:48,114.115402,22.555799,0,8
24467,02:26:48,114.116997,22.551399,0,3
24467,02:27:19,114.116997,22.551399,0,0
24467,02:28:49,114.116402,22.5488,0,25
24467,02:29:19,114.117203,22.5467,0,0
24467,02:29:49,114.117203,22.5464,0,13
24467,02:31:20,114.117897,22.5415,0,0
24467,02:31:50,114.118698,22.5403,0,10
24467,02:32:50,114.120003,22.538799,0,0
24467,02:33:20,114.119598,22.5382,0,15
24467,02:33:50,114.1194,22.5382,0,0
24467,02:34:50,114.1194,22.5382,0,0
24467,02:35:50,114.1194,22.5382,0,0
24467,02:36:20,114.1194,22.5382,0,0
24467,02:36:50,114.1194,22.5382,0,0
24467,02:37:51,114.1194,22.5382,0,0
24467,02:38:51,114.1194,22.5382,0,0
24467,02:39:51,114.1194,22.5382,0,0
24467,02:40:51,114.1194,22.5382,0,0
24467,02:41:21,114.1194,22.5382,0,0
24467,02:41:51,114.1194,22.5382,0,0
24467,02:42:51,114.1194,22.5382,0,0
24467,02:43:21,114.1194,22.5382,0,0
24467,02:43:51,114.118103,22.5376,0,13
24467,02:44:21,114.117302,22.5396,0,14
24467,02:44:51,114.118896,22.540199,0,7
24467,02:45:51,114.119499,22.539301,0,0
24467,02:46:21,114.120102,22.539,0,0
24467,02:47:22,114.120102,22.539,0,2
24467,02:47:52,114.118896,22.5399,0,13
24467,02:49:22,114.120003,22.541201,0,0
24467,02:49:52,114.120102,22.541401,0,7
24467,02:50:52,114.118202,22.5436,0,4
24467,02:51:22,114.118698,22.5441,0,5
24467,02:51:52,114.119499,22.5441,0,4
24467,02:52:43,114.119797,22.5443,0,6
24467,02:53:13,114.1203,22.5446,0,3
24467,02:54:14,114.119904,22.5459,0,0
24467,02:54:44,114.119797,22.5466,0,6
24467,02:54:47,114.119904,22.546801,0,9
24467,02:55:17,114.123398,22.5474,0,30
24467,02:55:47,114.124496,22.548,0,9
24467,02:56:17,114.124298,22.548599,0,0
24467,02:56:28,114.124298,22.548599,0,0
24467,02:56:58,114.124199,22.548901,0,0
24467,02:57:28,114.125099,22.5492,0,5
24467,02:57:58,114.125603,22.548,0,17
24467,02:58:28,114.1241,22.547701,0,0
24467,02:58:58,114.123299,22.547501,0,4
24467,02:59:28,114.120003,22.547001,0,24
24467,02:59:58,114.118797,22.546801,0,0
24467,03:00:28,114.118797,22.546801,0,0
24467,03:01:29,114.118797,22.546801,0,0
24467,03:01:59,114.118797,22.546801,0,0
24467,03:02:59,114.118797,22.546801,0,0
24467,03:03:59,114.118797,22.546801,0,0
24467,03:04:29,114.118797,22.546801,0,0
24467,03:04:59,114.118797,22.546801,0,0
24467,03:05:29,114.118797,22.546801,0,0
24467,03:06:29,114.118797,22.546801,0,0
24467,03:06:59,114.118797,22.546801,0,0
24467,03:08:00,114.118797,22.546801,0,0
24467,03:09:00,114.118797,22.546801,0,0
24467,03:09:30,114.118797,22.546801,0,0
24467,03:10:30,114.118797,22.546801,0,0
24467,03:11:00,114.118896,22.546801,0,0
24467,03:11:30,114.118896,22.546801,0,0
24467,03:12:00,114.118896,22.546801,0,0
24467,03:13:00,114.118896,22.546801,0,0
24467,03:14:01,114.118896,22.546801,0,0
24467,03:15:31,114.118896,22.546801,0,0
24467,03:16:01,114.118896,22.546801,0,0
24467,03:16:31,114.118896,22.546801,0,0
24467,03:17:01,114.118896,22.546801,0,0
24467,03:17:32,114.118896,22.546801,0,0
24467,03:18:02,114.118896,22.546801,0,0
24467,03:18:32,114.118896,22.546801,0,0
24467,03:19:02,114.118896,22.546801,0,0
24467,03:20:02,114.118896,22.546801,0,0
24467,03:21:32,114.118896,22.546801,0,0
24467,03:22:02,114.118896,22.546801,0,0
24467,03:22:32,114.118896,22.546801,0,0
24467,03:23:02,114.118896,22.546801,0,0
24467,03:24:32,114.118698,22.5466,0,0
24467,03:25:33,114.118698,22.5466,0,0
24467,03:26:03,114.118698,22.5466,0,0
24467,03:26:33,114.118698,22.5466,0,0
24467,03:27:03,114.118698,22.5466,0,0
24467,03:27:33,114.116898,22.546301,0,15
24467,03:28:03,114.1129,22.545601,0,28
24467,03:28:33,114.108704,22.545099,0,10
24467,03:29:03,114.106903,22.544901,0,28
24467,03:29:34,114.102402,22.544001,0,31
24467,03:30:34,114.099899,22.543501,0,0
24467,03:31:35,114.099602,22.5406,0,29
24467,03:32:05,114.098503,22.5383,0,25
24467,03:32:35,114.093399,22.5382,0,36
24467,03:33:05,114.0877,22.5375,0,40
24467,03:33:35,114.081703,22.5373,0,35
24467,03:34:05,114.0783,22.5341,0,33
24467,03:34:35,114.074501,22.5319,0,41
24467,03:35:05,114.068001,22.531799,0,40
24467,03:36:35,114.063004,22.526501,0,30
24467,03:37:05,114.062103,22.5222,0,37
24467,03:37:36,114.058998,22.5201,0,3
24467,03:38:06,114.058899,22.5207,0,4
24467,03:38:36,114.058899,22.5207,0,0
24467,03:39:22,114.058998,22.521099,0,4
24467,03:40:52,114.057899,22.523701,0,7
24467,03:41:22,114.056602,22.5236,0,4
24467,03:42:52,114.056396,22.5214,0,3
24467,03:43:59,114.056,22.520599,0,6
24467,03:44:23,114.054001,22.5215,0,12
24467,03:45:23,114.053703,22.522301,0,10
24467,03:45:53,114.054802,22.5208,0,11
24467,03:46:24,114.056396,22.5208,0,8
24467,03:47:24,114.057098,22.5236,0,10
24467,03:49:23,114.058197,22.523701,0,0
24467,03:49:53,114.058197,22.523701,0,0
24467,03:50:23,114.058197,22.523701,0,0
24467,03:50:53,114.058197,22.523701,0,0
24467,03:51:53,114.058197,22.523701,0,0
24467,03:52:23,114.058197,22.523701,0,0
24467,03:52:53,114.058197,22.523701,0,0
24467,03:53:23,114.058197,22.523701,0,0
24467,03:53:54,114.058197,22.523701,0,0
24467,03:54:24,114.058197,22.523701,0,0
24467,03:55:24,114.058197,22.523701,0,0
24467,03:55:54,114.058197,22.523701,0,0
24467,03:56:24,114.058197,22.523701,0,0
24467,03:56:54,114.058197,22.523701,0,0
24467,03:57:54,114.058197,22.523701,0,0
24467,03:58:24,114.058197,22.523701,0,0
24467,03:58:54,114.058197,22.523701,0,0
24467,04:00:54,114.058197,22.523701,0,0
24467,04:01:24,114.058197,22.523701,0,0
24467,04:02:25,114.058197,22.523701,0,0
24467,04:02:55,114.058197,22.523701,0,0
24467,04:03:25,114.058197,22.523701,0,0
24467,04:03:55,114.058197,22.523701,0,0
24467,04:04:25,114.058197,22.523701,0,0
24467,04:05:56,114.058197,22.523701,0,0
24467,04:06:56,114.058197,22.523701,0,0
24467,04:07:26,114.058197,22.523701,0,0
24467,04:07:56,114.058197,22.523701,0,0
24467,04:08:26,114.058197,22.523701,0,0
24467,04:09:56,114.058197,22.523701,0,0
24467,04:10:26,114.058197,22.523701,0,0
24467,04:10:56,114.058197,22.523701,0,0
24467,04:11:26,114.058197,22.523701,0,0
24467,04:12:27,114.058197,22.523701,0,0
24467,04:12:57,114.058197,22.523701,0,0
24467,04:13:57,114.058197,22.523701,0,0
24467,04:14:27,114.058197,22.523701,0,0
24467,04:14:57,114.058197,22.523701,0,0
24467,04:15:57,114.058197,22.523701,0,0
24467,04:16:27,114.058197,22.523701,0,0
24467,04:16:57,114.058197,22.523701,0,0
24467,04:17:27,114.058197,22.523701,0,0
24467,04:18:58,114.058403,22.523701,0,0
24467,04:19:59,114.060204,22.524599,0,0
24467,04:20:29,114.060097,22.5247,0,0
24467,04:20:59,114.059601,22.5257,0,8
24467,04:21:29,114.059601,22.5264,0,1
24467,04:22:29,114.059097,22.5282,0,0
24467,04:22:59,114.058701,22.5313,0,14
24467,04:23:29,114.059196,22.531401,0,9
24467,04:23:59,114.059196,22.531401,0,0
24467,04:25:29,114.0644,22.531401,0,27
24467,04:26:00,114.069397,22.531401,0,16
24467,04:26:30,114.068298,22.5338,0,34
24467,04:27:00,114.068398,22.5383,0,19
24467,04:27:30,114.068497,22.538401,0,14
24467,04:29:29,114.073898,22.5376,0,5
24467,04:31:00,114.074203,22.539499,0,0
24467,04:32:02,114.075897,22.5404,0,9
24467,04:32:32,114.076202,22.543699,0,20
24467,04:33:02,114.075798,22.5467,0,6
24467,04:33:22,114.077003,22.547001,0,0
24467,04:33:29,114.077003,22.547001,0,11
24467,04:33:33,114.077003,22.547001,0,3
24467,04:34:02,114.078598,22.547001,0,1
24467,04:34:32,114.078598,22.547001,0,0
24467,04:35:32,114.078598,22.547001,0,0
24467,04:36:02,114.078598,22.547001,0,0
24467,04:36:32,114.078598,22.547001,0,0
24467,04:37:02,114.078598,22.547001,0,0
24467,04:37:32,114.078598,22.547001,0,0
24467,04:38:03,114.078598,22.547001,0,0
24467,04:38:05,114.078598,22.547001,0,0
24467,04:40:05,114.076202,22.5431,0,12
24467,04:40:35,114.078697,22.542601,0,15
24467,04:41:05,114.078598,22.5417,0,0
24467,04:41:35,114.077698,22.5403,0,2
24467,04:42:05,114.077599,22.539,0,8
24467,04:42:35,114.077599,22.539,0,8
24467,04:43:05,114.077301,22.536301,0,11
24467,04:44:06,114.077202,22.5361,0,0
24467,04:44:36,114.078201,22.534599,0,0
24467,04:45:06,114.078201,22.534599,0,0
24467,04:45:36,114.077904,22.535,0,10
24467,04:45:48,114.077698,22.535101,0,9
24467,04:46:48,114.077698,22.535101,0,3
24467,04:47:18,114.077698,22.535101,0,3
24467,04:47:48,114.080101,22.538799,0,15
24467,04:48:18,114.081802,22.5382,0,18
24467,04:48:58,114.081703,22.5371,0,0
24467,04:49:20,114.084702,22.5373,0,36
24467,04:49:49,114.090401,22.537901,0,42
24467,04:50:49,114.1026,22.538,0,26
24467,04:51:19,114.104698,22.5373,0,19
24467,04:51:49,114.108498,22.5373,0,32
24467,04:52:19,114.110901,22.538401,0,19
24467,04:52:49,114.110497,22.540899,0,13
24467,04:53:19,114.110397,22.541201,0,0
24467,04:53:59,114.110397,22.541201,0,0
24467,04:54:29,114.109901,22.5411,0,7
24467,04:54:59,114.110497,22.539,0,13
24467,04:55:29,114.110901,22.5376,0,13
24467,04:56:00,114.111099,22.534599,0,18
24467,04:57:00,114.111198,22.5341,0,0
24467,04:57:30,114.111099,22.533701,0,8
24467,04:58:30,114.112099,22.5322,0,3
24467,04:59:00,114.112099,22.5322,0,0
24467,04:59:30,114.112099,22.5322,0,0
24467,05:00:30,114.112099,22.5322,0,0
24467,05:01:00,114.112099,22.5322,0,0
24467,05:01:30,114.112099,22.5322,0,0
24467,05:02:00,114.112099,22.5322,0,0
24467,05:02:30,114.112099,22.5322,0,0
24467,05:03:00,114.112099,22.5322,0,0
24467,05:03:30,114.112099,22.5322,0,0
24467,05:05:00,114.112099,22.5322,0,0
24467,05:06:01,114.112099,22.5322,0,0
24467,05:06:31,114.112099,22.5322,0,0
24467,05:07:01,114.112099,22.5322,0,0
24467,05:08:31,114.112099,22.5322,0,0
24467,05:10:01,114.112099,22.5322,0,0
24467,05:10:31,114.112099,22.5322,0,0
24467,05:11:01,114.112099,22.5322,0,0
24467,05:11:31,114.112099,22.5322,0,0
24467,05:12:02,114.112099,22.5322,0,0
24467,05:13:32,114.112099,22.5322,0,0
24467,05:14:02,114.112099,22.5322,0,0
24467,05:14:32,114.112099,22.5322,0,0
24467,05:15:02,114.112099,22.5322,0,0
24467,05:15:32,114.112099,22.5322,0,0
24467,05:16:02,114.112099,22.5322,0,0
24467,05:17:01,114.111298,22.5348,0,28
24467,05:17:31,114.110703,22.538401,0,28
24467,05:18:01,114.110298,22.5415,0,1
24467,05:18:31,114.110298,22.5415,0,0
24467,05:19:01,114.110298,22.5415,0,0
24467,05:19:31,114.110298,22.5418,0,10
24467,05:19:41,114.110901,22.542,0,0
24467,05:19:49,114.111397,22.5422,0,12
24467,05:20:03,114.111099,22.543501,0,28
24467,05:20:33,114.110397,22.5476,0,10
24467,05:21:03,114.1101,22.551201,0,37
24467,05:22:02,114.113503,22.558599,0,18
24467,05:22:32,114.118401,22.5588,0,37
24467,05:22:47,114.119598,22.5592,0,20
24467,05:23:03,114.119797,22.559,0,24
24467,05:23:55,114.117996,22.5683,0,0
24467,05:24:02,114.117996,22.5683,0,25
24467,05:24:03,114.117996,22.5683,0,25
24467,05:26:02,114.120399,22.569799,0,0
24467,05:26:08,114.120399,22.569799,0,0
24467,05:26:38,114.120102,22.569599,0,8
24467,05:27:23,114.119301,22.568701,0,0
24467,05:27:31,114.119301,22.568701,0,1
24467,05:28:09,114.121399,22.569099,0,11
24467,05:28:39,114.121696,22.568501,0,0
24467,05:28:56,114.121696,22.568501,0,0
24467,05:30:57,114.121803,22.567301,0,5
24467,05:31:02,114.121803,22.567301,0,0
24467,05:31:10,114.121803,22.567301,0,23
24467,05:31:28,114.117897,22.570601,0,34
24467,05:31:57,114.116699,22.577101,0,27
24467,05:32:27,114.116203,22.576799,0,27
24467,05:33:27,114.105003,22.5737,0,44
24467,05:33:57,114.099503,22.5704,0,39
24467,05:34:27,114.093903,22.568199,0,41
24467,05:34:57,114.087898,22.5669,0,35
24467,05:35:27,114.0849,22.5702,0,30
24467,05:35:58,114.080498,22.572599,0,38
24467,05:36:28,114.0746,22.5714,0,41
24467,05:36:58,114.068703,22.569401,0,35
24467,05:37:28,114.067497,22.572901,0,32
24467,05:38:28,114.059097,22.5784,0,40
24467,05:39:28,114.053101,22.586399,0,38
24467,05:39:58,114.049698,22.591,0,43
24467,05:40:08,114.048103,22.592199,0,0
24467,05:40:15,114.046898,22.592899,0,40
24467,05:41:29,114.037804,22.599001,0,0
24467,05:41:58,114.035599,22.6012,0,38
24467,05:42:28,114.034798,22.6021,0,0
24467,05:43:28,114.030098,22.6068,0,42
24467,05:43:59,114.027397,22.6106,0,7
24467,05:44:29,114.025902,22.612,0,7
24467,05:44:59,114.026604,22.612,0,0
24467,05:45:29,114.026604,22.612,0,0
24467,05:46:33,114.026604,22.612,0,0
24467,05:47:03,114.026604,22.612,0,0
24467,05:47:21,114.026604,22.612,0,4
24467,05:47:34,114.026001,22.6122,0,9
24467,05:48:03,114.027603,22.6096,0,25
24467,05:48:33,114.029404,22.607401,0,0
24467,05:49:03,114.029404,22.607401,0,0
24467,05:49:33,114.030602,22.608101,0,17
24467,05:50:04,114.0317,22.608601,0,0
24467,05:50:34,114.0317,22.608601,0,0
24467,05:51:34,114.035698,22.610701,0,11
24467,05:52:04,114.0373,22.6087,0,19
24467,05:52:34,114.0383,22.6075,0,0
24467,05:54:04,114.040901,22.604401,0,16
24467,05:54:34,114.042,22.603001,0,5
24467,05:55:04,114.042,22.603001,0,0
24467,05:56:04,114.043999,22.5998,0,27
24467,05:57:34,114.045998,22.596201,0,14
24467,05:58:04,114.047798,22.593201,0,34
24467,05:58:34,114.050499,22.5893,0,34
24467,05:59:04,114.053101,22.5851,0,37
24467,05:59:34,114.055298,22.580099,0,40
24467,06:00:05,114.059601,22.5777,0,28
24467,06:00:35,114.060997,22.5739,0,37
24467,06:01:05,114.062103,22.569,0,30
24467,06:01:35,114.061302,22.5676,0,17
24467,06:02:05,114.065399,22.5686,0,37
24467,06:03:05,114.075798,22.5718,0,33
24467,06:03:35,114.081299,22.5721,0,42
24467,06:04:05,114.084702,22.569901,0,23
24467,06:04:35,114.087502,22.566601,0,30
24467,06:05:05,114.092697,22.5676,0,36
24467,06:06:06,114.098099,22.569401,0,24
24467,06:06:14,114.098999,22.5697,0,0
24467,06:06:21,114.098999,22.5697,0,25
24467,06:06:37,114.101997,22.571301,0,30
24467,06:07:37,114.109398,22.575899,0,27
24467,06:08:29,114.116699,22.576401,0,0
24467,06:08:36,114.116699,22.576401,0,30
24467,06:09:07,114.122597,22.5763,0,31
24467,06:10:06,114.131401,22.5774,0,31
24467,06:11:06,114.138702,22.5748,0,10
24467,06:11:36,114.137604,22.5714,0,24
24467,06:12:07,114.137398,22.568501,0,23
24467,06:12:37,114.136497,22.567499,0,0
24467,06:13:07,114.136497,22.5669,0,15
24467,06:13:37,114.139397,22.563801,0,30
24467,06:14:37,114.139503,22.5562,0,33
24467,06:15:37,114.1446,22.555401,0,36
24467,06:16:07,114.150101,22.556101,0,39
24467,06:16:37,114.1558,22.5592,0,47
24467,06:17:07,114.160896,22.562201,0,31
24467,06:17:37,114.165802,22.5625,0,33
24467,06:19:07,114.1735,22.562,0,2
24467,06:19:37,114.1735,22.562,0,0
24467,06:20:08,114.1735,22.562,0,0
24467,06:20:38,114.1735,22.562,0,0
24467,06:21:08,114.1735,22.562,0,0
24467,06:21:38,114.1735,22.562,0,0
24467,06:22:08,114.1735,22.562,0,0
24467,06:22:38,114.1735,22.562,0,0
24467,06:23:08,114.1735,22.562,0,0
24467,06:24:38,114.1735,22.562,0,0
24467,06:26:09,114.173798,22.562201,0,0
24467,06:27:09,114.173798,22.562201,0,0
24467,06:28:09,114.173798,22.562201,0,0
24467,06:28:39,114.173798,22.562201,0,0
24467,06:29:09,114.173798,22.562201,0,0
24467,06:29:39,114.173798,22.562201,0,0
24467,06:30:09,114.173798,22.562201,0,0
24467,06:31:39,114.173798,22.562201,0,0
24467,06:32:40,114.173798,22.562201,0,0
24467,06:34:10,114.173798,22.562201,0,0
24467,06:34:40,114.173798,22.562201,0,0
24467,06:35:10,114.173798,22.562201,0,0
24467,06:36:10,114.173798,22.562201,0,0
24467,06:36:40,114.173798,22.562201,0,0
24467,06:37:40,114.173798,22.562201,0,0
24467,06:38:11,114.173798,22.562201,0,0
24467,06:38:41,114.173798,22.562201,0,0
24467,06:39:11,114.173798,22.562201,0,0
24467,06:39:41,114.173798,22.562201,0,0
24467,06:40:11,114.173798,22.562201,0,0
24467,06:40:41,114.173798,22.562201,0,0
24467,06:41:11,114.173798,22.562201,0,0
24467,06:41:41,114.173798,22.562201,0,0
24467,06:43:12,114.173798,22.562201,0,0
24467,06:43:42,114.173798,22.562201,0,0
24467,06:44:12,114.173798,22.562201,0,0
24467,06:44:42,114.173798,22.562201,0,0
24467,06:45:12,114.173798,22.562201,0,0
24467,06:47:12,114.173798,22.562201,0,0
24467,06:47:42,114.173798,22.562201,0,0
24467,06:48:13,114.173798,22.562201,0,0
24467,06:48:43,114.173798,22.562201,0,0
24467,06:49:13,114.173798,22.562201,0,0
24467,06:50:43,114.173798,22.562201,0,0
24467,06:51:13,114.173798,22.562201,0,0
24467,06:51:43,114.173798,22.562201,0,0
24467,06:54:14,114.173302,22.562599,0,20
24467,06:54:44,114.177399,22.560101,0,33
24467,06:55:14,114.178802,22.558599,0,14
24467,06:55:44,114.179298,22.557899,0,0
24467,06:56:14,114.179703,22.557301,0,6
24467,06:56:44,114.179901,22.556801,0,0
24467,06:58:14,114.179802,22.556601,0,0
24467,06:59:14,114.179802,22.556601,0,0
24467,06:59:44,114.179802,22.556601,0,0
24467,07:00:14,114.179802,22.556601,0,0
24467,07:01:44,114.179802,22.556601,0,0
24467,07:02:15,114.179802,22.556601,0,0
24467,07:03:15,114.179802,22.556601,0,0
24467,07:03:45,114.179802,22.556601,0,0
24467,07:04:45,114.179802,22.556601,0,0
24467,07:05:15,114.179802,22.556601,0,0
24467,07:05:45,114.179802,22.556601,0,0
24467,07:06:46,114.179802,22.556601,0,0
24467,07:07:46,114.179802,22.556601,0,0
24467,07:08:16,114.179802,22.556601,0,0
24467,07:09:16,114.179802,22.556601,0,0
24467,07:09:46,114.179802,22.556601,0,0
24467,07:10:16,114.179802,22.556601,0,0
24467,07:10:46,114.179802,22.556601,0,0
24467,07:11:46,114.179802,22.556601,0,0
24467,07:12:17,114.179802,22.556601,0,0
24467,07:12:47,114.179802,22.556601,0,0
24467,07:13:17,114.180298,22.556499,0,7
24467,07:13:47,114.181396,22.556601,0,0
24467,07:14:18,114.181396,22.556601,0,0
24467,07:14:48,114.181999,22.5569,0,14
24467,07:15:18,114.184303,22.5557,0,12
24467,07:15:48,114.181999,22.556999,0,22
24467,07:16:48,114.176804,22.5609,0,21
24467,07:17:18,114.174004,22.562599,0,26
24467,07:17:48,114.1689,22.562901,0,37
24467,07:18:18,114.163498,22.562799,0,36
24467,07:18:48,114.1586,22.561701,0,31
24467,07:20:18,114.147301,22.5557,0,30
24467,07:21:48,114.1408,22.562,0,32
24467,07:22:19,114.138,22.565599,0,29
24467,07:22:49,114.137703,22.5697,0,34
24467,07:23:49,114.133698,22.5769,0,31
24467,07:24:49,114.125504,22.5772,0,27
24467,07:26:19,114.115799,22.5788,0,28
24467,07:27:49,114.111,22.5881,0,27
24467,07:28:20,114.109398,22.591801,0,33
24467,07:29:20,114.113403,22.5998,0,34
24467,07:29:50,114.115196,22.601999,0,0
24467,07:30:21,114.115196,22.601999,0,0
24467,07:30:51,114.115196,22.601999,0,0
24467,07:31:21,114.115196,22.601999,0,0
24467,07:31:51,114.115898,22.603001,0,18
24467,07:33:21,114.116096,22.6033,0,0
24467,07:33:51,114.116096,22.6033,0,0
24467,07:34:29,114.1157,22.603201,0,9
24467,07:34:52,114.115501,22.602699,0,0
24467,07:35:22,114.115402,22.602699,0,7
24467,07:35:52,114.1166,22.600901,0,25
24467,07:36:23,114.117203,22.600401,0,0
24467,07:36:53,114.117203,22.600401,0,0
24467,07:38:20,114.119598,22.597,0,0
24467,07:38:50,114.119598,22.597,0,0
24467,07:39:50,114.119698,22.593901,0,24
24467,07:40:51,114.121597,22.5914,0,21
24467,07:42:21,114.127502,22.5868,0,9
24467,07:42:51,114.129204,22.584999,0,24
24467,07:43:21,114.130501,22.582701,0,12
24467,07:43:51,114.130402,22.5804,0,15
24467,07:44:51,114.130501,22.5781,0,10
24467,07:45:21,114.128098,22.5777,0,16
24467,07:45:51,114.125198,22.5774,0,18
24467,07:46:21,114.122704,22.577,0,14
24467,07:46:51,114.120697,22.577,0,7
24467,07:47:21,114.117699,22.5767,0,21
24467,07:47:51,114.116798,22.5769,0,1
24467,07:49:22,114.114502,22.5767,0,5
24467,07:50:22,114.113503,22.5767,0,3
24467,07:51:22,114.111099,22.576599,0,9
24467,07:51:52,114.110199,22.5765,0,2
24467,07:52:23,114.1092,22.5762,0,6
24467,07:53:23,114.108803,22.576,0,0
24467,07:53:53,114.107399,22.575199,0,4
24467,07:54:23,114.106499,22.574699,0,5
24467,07:54:53,114.105698,22.5741,0,9
24467,07:55:23,114.105202,22.573799,0,0
24467,07:55:53,114.104401,22.573299,0,7
24467,07:56:23,114.102203,22.572001,0,31
24467,07:56:53,114.097702,22.569599,0,34
24467,07:57:23,114.093201,22.568001,0,29
24467,07:57:53,114.089302,22.567101,0,27
24467,07:58:24,114.085701,22.565001,0,31
24467,07:58:54,114.083099,22.5611,0,22
24467,07:59:24,114.081398,22.5588,0,18
24467,07:59:54,114.077698,22.5583,0,32
24467,08:00:24,114.072304,22.558201,0,36
24467,08:00:54,114.068604,22.558201,0,0
24467,08:01:24,114.068604,22.558201,0,0
24467,08:02:54,114.061996,22.558901,0,23
24467,08:03:24,114.0625,22.558399,0,23
24467,08:03:54,114.0625,22.5548,0,21
24467,08:04:24,114.0625,22.5529,0,9
24467,08:05:24,114.060303,22.551399,0,0
24467,08:05:54,114.060303,22.551399,0,0
24467,08:06:55,114.059097,22.551399,0,0
24467,08:07:55,114.058296,22.551399,0,17
24467,08:08:25,114.0578,22.550501,0,23
24467,08:09:55,114.0578,22.549801,0,0
24467,08:10:26,114.0578,22.547899,0,27
24467,08:10:56,114.057899,22.5455,0,18
24467,08:11:26,114.057899,22.5415,0,21
24467,08:11:56,114.057602,22.5396,0,13
24467,08:12:26,114.055901,22.539301,0,5
24467,08:12:48,114.055901,22.539301,0,0
24467,08:13:18,114.056,22.5378,0,10
24467,08:13:48,114.057404,22.5373,0,11
24467,08:15:18,114.057899,22.5357,0,0
24467,08:15:48,114.057899,22.5357,0,0
24467,08:16:48,114.058899,22.5284,0,19
24467,08:17:18,114.059097,22.527901,0,0
24467,08:17:48,114.059303,22.527201,0,19
24467,08:18:48,114.0597,22.5254,0,2
24467,08:18:58,114.0597,22.5254,0,0
24467,08:19:28,114.060097,22.5242,0,0
24467,08:19:58,114.060204,22.523899,0,0
24467,08:20:28,114.060799,22.521601,0,15
24467,08:20:58,114.060799,22.5214,0,0
24467,08:21:28,114.060799,22.5214,0,0
24467,08:21:58,114.061401,22.520599,0,17
24467,08:22:29,114.062897,22.5193,0,0
24467,08:22:59,114.062401,22.5186,0,19
24467,08:23:29,114.060501,22.517099,0,22
24467,08:23:59,114.057899,22.515301,0,21
24467,08:24:29,114.055901,22.514099,0,0
24467,08:24:59,114.055901,22.514099,0,0
24467,08:25:29,114.055603,22.513599,0,10
24467,08:25:59,114.056,22.512699,0,11
24467,08:26:29,114.054398,22.5119,0,16
24467,08:26:59,114.053001,22.511499,0,8
24467,08:27:05,114.052803,22.511499,0,6
24467,08:27:35,114.052498,22.511299,0,0
24467,08:28:36,114.051399,22.5116,0,13
24467,08:29:06,114.0522,22.5128,0,21
24467,08:29:36,114.054398,22.5135,0,0
24467,08:30:06,114.056503,22.514299,0,26
24467,08:30:36,114.058601,22.515699,0,12
24467,08:31:06,114.0606,22.5172,0,20
24467,08:31:36,114.062202,22.518299,0,0
24467,08:32:06,114.062302,22.5184,0,9
24467,08:32:36,114.063103,22.519199,0,2
24467,08:33:06,114.062103,22.520201,0,18
24467,08:33:36,114.0616,22.5208,0,1
24467,08:34:06,114.062302,22.5222,0,25
24467,08:34:37,114.063301,22.5254,0,12
24467,08:36:07,114.063103,22.526699,0,20
24467,08:36:37,114.063301,22.5301,0,23
24467,08:37:07,114.063499,22.531401,0,3
24467,08:38:07,114.068901,22.5315,0,21
24467,08:39:07,114.074699,22.5317,0,21
24467,08:40:37,114.0802,22.5361,0,0
24467,08:41:07,114.080299,22.5361,0,0
24467,08:42:07,114.081703,22.5359,0,15
24467,08:42:38,114.0821,22.534401,0,11
24467,08:43:38,114.0821,22.533701,0,0
24467,08:44:08,114.082199,22.533899,0,2
24467,08:46:08,114.082199,22.5341,0,0
24467,08:46:39,114.082199,22.5341,0,0
24467,08:47:09,114.082199,22.5341,0,0
24467,08:47:39,114.082199,22.5341,0,0
24467,08:48:09,114.082199,22.5341,0,0
24467,08:48:39,114.082199,22.5341,0,0
24467,08:48:45,114.082199,22.5341,0,0
24467,08:49:15,114.081902,22.536501,0,18
24467,08:50:15,114.081497,22.539801,0,0
24467,08:50:45,114.081703,22.541201,0,16
24467,08:51:45,114.081703,22.542601,0,0
24467,08:52:15,114.080498,22.543301,0,1
24467,08:53:08,114.079201,22.543301,0,12
24467,08:53:38,114.076302,22.5434,0,24
24467,08:54:08,114.076103,22.545099,0,19
24467,08:55:08,114.076103,22.5457,0,0
24467,08:55:38,114.076103,22.5457,0,0
24467,08:56:08,114.076103,22.546499,0,0
24467,08:56:38,114.076103,22.546499,0,0
24467,08:57:08,114.076103,22.546499,0,0
24467,08:57:38,114.076103,22.546499,0,0
24467,08:58:39,114.076103,22.547199,0,20
24467,08:59:09,114.076202,22.5487,0,0
24467,09:00:09,114.076302,22.551701,0,24
24467,09:00:39,114.077698,22.553301,0,0
24467,09:01:09,114.0784,22.5539,0,11
24467,09:01:39,114.080101,22.5539,0,3
24467,09:02:09,114.081001,22.554001,0,0
24467,09:03:09,114.081001,22.554001,0,0
24467,09:03:39,114.081001,22.554001,0,0
24467,09:04:09,114.081596,22.554001,0,2
24467,09:04:40,114.083,22.554199,0,5
24467,09:05:10,114.084503,22.555401,0,13
24467,09:05:40,114.084999,22.5557,0,0
24467,09:06:10,114.084999,22.5557,0,0
24467,09:07:40,114.0849,22.555799,0,0
24467,09:08:40,114.0849,22.555799,0,0
24467,09:09:10,114.0849,22.555799,0,0
24467,09:09:22,114.0849,22.555799,0,0
24467,09:09:52,114.084198,22.555,0,15
24467,09:10:22,114.082001,22.5539,0,13
24467,09:10:53,114.080803,22.554001,0,10
24467,09:11:53,114.079102,22.554199,0,0
24467,09:12:23,114.079102,22.554199,0,0
24467,09:13:23,114.0784,22.554001,0,11
24467,09:13:53,114.0765,22.552401,0,18
24467,09:15:23,114.070602,22.5511,0,0
24467,09:15:53,114.070602,22.5511,0,0
24467,09:17:24,114.069397,22.5511,0,0
24467,09:18:24,114.069397,22.5511,0,0
24467,09:18:54,114.069397,22.5511,0,0
24467,09:19:24,114.069397,22.5511,0,0
24467,09:19:54,114.069,22.5511,0,8
24467,09:20:24,114.067802,22.5492,0,33
24467,09:20:54,114.067802,22.548,0,0
24467,09:21:24,114.067802,22.548,0,0
24467,09:22:24,114.067703,22.5443,0,28
24467,09:22:54,114.068001,22.5397,0,34
24467,09:23:24,114.0681,22.535,0,38
24467,09:23:54,114.0681,22.529499,0,41
24467,09:24:55,114.061302,22.518801,0,47
24467,09:25:55,114.057999,22.516399,0,8
24467,09:26:25,114.053497,22.5142,0,49
24467,09:26:55,114.045197,22.5133,0,60
24467,09:27:25,114.036201,22.5161,0,59
24467,09:28:55,114.016197,22.528601,0,44
24467,09:29:55,114.009804,22.5399,0,50
24467,09:31:26,113.989998,22.5481,0,53
24467,09:32:26,113.977997,22.555901,0,52
24467,09:32:56,113.971001,22.559799,0,56
24467,09:33:56,113.957703,22.563,0,22
24467,09:34:57,113.950897,22.564199,0,30
24467,09:35:57,113.939796,22.565201,0,46
24467,09:36:58,113.928802,22.5658,0,37
24467,09:37:28,113.924004,22.567699,0,28
24467,09:37:58,113.921303,22.569799,0,25
24467,09:38:28,113.9189,22.571199,0,3
24467,09:38:58,113.918503,22.571501,0,6
24467,09:39:28,113.916496,22.5734,0,16
24467,09:40:28,113.915497,22.576099,0,24
24467,09:40:58,113.911903,22.5798,0,37
24467,09:41:58,113.904602,22.5877,0,36
24467,09:42:58,113.896301,22.5958,0,42
24467,09:43:28,113.891701,22.599199,0,36
24467,09:44:28,113.884903,22.604601,0,10
24467,09:44:58,113.883301,22.606501,0,24
24467,09:45:58,113.879204,22.612499,0,24
24467,09:46:28,113.876801,22.615499,0,26
24467,09:46:59,113.873703,22.618299,0,35
24467,09:48:29,113.8592,22.624901,0,43
24467,09:48:59,113.854103,22.6278,0,43
24467,09:49:29,113.849602,22.628799,0,30
24467,09:49:59,113.850304,22.6273,0,0
24467,09:50:29,113.850304,22.6273,0,0
24467,09:50:59,113.850304,22.627199,0,1
24467,09:51:29,113.850502,22.6257,0,20
24467,09:51:59,113.847801,22.623301,0,35
24467,09:52:29,113.842598,22.621599,0,33
24467,09:52:59,113.836601,22.6201,0,47
24467,09:53:59,113.824699,22.614901,0,39
24467,09:54:29,113.819603,22.612499,0,32
24467,09:55:00,113.816101,22.6145,0,38
24467,09:55:30,113.8134,22.6194,0,29
24467,09:56:30,113.811996,22.627399,0,23
24467,09:57:00,113.809601,22.6276,0,3
24467,09:57:30,113.808701,22.627199,0,3
24467,09:58:29,113.808601,22.627199,0,0
24467,09:58:59,113.806999,22.626301,0,30
24467,09:59:29,113.8069,22.6229,0,31
24467,09:59:59,113.808403,22.620899,0,18
24467,10:01:00,113.812103,22.623301,0,22
24467,10:01:30,113.8134,22.6234,0,6
24467,10:02:00,113.8134,22.6234,0,0
24467,10:02:30,113.8134,22.6234,0,0
24467,10:03:00,113.8134,22.6234,0,0
24467,10:03:30,113.8134,22.6234,0,0
24467,10:04:30,113.8134,22.6234,0,0
24467,10:05:00,113.8134,22.6234,0,0
24467,10:05:30,113.8134,22.6234,0,0
24467,10:06:00,113.8134,22.6234,0,0
24467,10:06:30,113.8134,22.6234,0,0
24467,10:07:01,113.8134,22.6234,0,0
24467,10:07:31,113.8134,22.6234,0,0
24467,10:08:01,113.8134,22.6234,0,0
24467,10:08:31,113.8134,22.6234,0,0
24467,10:09:31,113.8134,22.6234,0,0
24467,10:10:01,113.8134,22.6234,0,0
24467,10:10:31,113.8134,22.6234,0,0
24467,10:11:01,113.8134,22.6234,0,0
24467,10:11:31,113.8134,22.6234,0,0
24467,10:12:01,113.8134,22.6234,0,0
24467,10:12:31,113.8134,22.6234,0,0
24467,10:13:01,113.8134,22.6234,0,0
24467,10:14:01,113.8134,22.6234,0,0
24467,10:14:31,113.8134,22.6234,0,0
24467,10:15:01,113.8134,22.6234,0,0
24467,10:15:31,113.8134,22.6234,0,0
24467,10:16:01,113.8134,22.6234,0,0
24467,10:16:31,113.8134,22.6234,0,0
24467,10:17:02,113.8134,22.6234,0,0
24467,10:17:32,113.8134,22.6234,0,0
24467,10:18:02,113.8134,22.6234,0,0
24467,10:19:02,113.8134,22.6234,0,0
24467,10:19:32,113.8134,22.6234,0,0
24467,10:20:32,113.8134,22.6234,0,0
24467,10:21:03,113.8134,22.6234,0,0
24467,10:21:33,113.8134,22.6234,0,0
24467,10:22:03,113.8134,22.6234,0,0
24467,10:22:33,113.813499,22.6238,0,3
24467,10:23:33,113.813599,22.623899,0,0
24467,10:24:03,113.813599,22.623899,0,0
24467,10:24:33,113.813599,22.623899,0,0
24467,10:25:33,113.813599,22.623899,0,0
24467,10:26:33,113.813599,22.623899,0,0
24467,10:27:03,113.813599,22.623899,0,0
24467,10:28:03,113.813698,22.6241,0,0
24467,10:28:33,113.813698,22.624399,0,0
24467,10:30:04,113.8134,22.625099,0,0
24467,10:30:34,113.8134,22.625099,0,0
24467,10:32:04,113.813103,22.625799,0,0
24467,10:32:34,113.813103,22.625799,0,0
24467,10:33:34,113.813103,22.625799,0,0
24467,10:34:34,113.812897,22.626101,0,4
24467,10:35:35,113.812599,22.6266,0,0
24467,10:36:05,113.812599,22.6266,0,0
24467,10:36:35,113.812103,22.627501,0,0
24467,10:37:05,113.812103,22.627501,0,0
24467,10:37:35,113.812103,22.627501,0,0
24467,10:38:05,113.812103,22.627501,0,0
24467,10:38:35,113.812103,22.627501,0,0
24467,10:41:07,113.809898,22.626699,0,1
24467,10:41:37,113.809898,22.626699,0,0
24467,10:42:28,113.809898,22.626699,0,0
24467,10:42:49,113.809799,22.625601,0,0
24467,10:42:58,113.809799,22.625601,0,0
24467,10:43:03,113.809799,22.625601,0,20
24467,10:43:59,113.809097,22.619301,0,42
24467,10:44:29,113.812202,22.613899,0,46
24467,10:45:58,113.824203,22.6145,0,37
24467,10:46:28,113.829201,22.6168,0,39
24467,10:46:58,113.834396,22.6192,0,37
24467,10:47:28,113.839996,22.6208,0,43
24467,10:47:58,113.845802,22.622299,0,37
24467,10:48:28,113.850304,22.6248,0,28
24467,10:48:58,113.852097,22.625299,0,13
24467,10:49:28,113.856102,22.6255,0,33
24467,10:49:58,113.862297,22.6234,0,49
24467,10:50:28,113.868896,22.621,0,43
24467,10:50:59,113.874802,22.6173,0,48
24467,10:51:29,113.879204,22.6122,0,48
24467,10:51:59,113.883598,22.605801,0,56
24467,10:52:29,113.889603,22.6005,0,53
24467,10:52:59,113.895599,22.596201,0,51
24467,10:53:29,113.901802,22.590401,0,60
24467,10:53:59,113.907501,22.584299,0,51
24467,10:54:29,113.912003,22.5795,0,43
24467,10:54:59,113.915802,22.575399,0,36
24467,10:55:29,113.918503,22.5728,0,24
24467,10:56:29,113.9217,22.568899,0,15
24467,10:57:59,113.926598,22.565001,0,0
24467,10:58:29,113.926598,22.565001,0,0
24467,10:59:01,113.927002,22.5646,0,17
24467,10:59:31,113.929001,22.5637,0,13
24467,11:00:31,113.928497,22.555201,0,15
24467,11:01:01,113.928703,22.550699,0,39
24467,11:01:31,113.9272,22.546301,0,28
24467,11:02:01,113.926903,22.543699,0,16
24467,11:04:31,113.948196,22.5431,0,30
24467,11:05:02,113.952599,22.543301,0,29
24467,11:06:32,113.958801,22.543301,0,0
24467,11:07:02,113.9589,22.543301,0,9
24467,11:08:02,113.965401,22.541201,0,29
24467,11:08:32,113.968498,22.5401,0,29
24467,11:09:02,113.973099,22.538401,0,38
24467,11:10:32,113.971802,22.540001,0,6
24467,11:11:03,113.973198,22.5406,0,2
24467,11:12:03,113.974701,22.541201,0,15
24467,11:13:03,113.977798,22.5408,0,0
24467,11:13:44,113.978104,22.5404,0,10
24467,11:14:44,113.981697,22.539499,0,13
24467,11:15:14,113.9842,22.539301,0,10
24467,11:15:44,113.986198,22.5387,0,20
24467,11:16:44,113.987602,22.5415,0,7
24467,11:17:44,113.9916,22.541599,0,13
24467,11:18:14,113.992104,22.538099,0,28
24467,11:23:15,113.992203,22.531,0,0
24467,11:24:15,113.992203,22.531,0,0
24467,11:24:45,113.992203,22.531,0,0
24467,11:25:15,113.992203,22.531,0,0
24467,11:25:45,113.992203,22.531,0,0
24467,11:27:45,113.992203,22.531,0,0
24467,11:28:15,113.992203,22.531,0,0
24467,11:29:16,113.992203,22.531,0,0
24467,11:29:46,113.992203,22.531,0,0
24467,11:30:16,113.992203,22.531,0,0
24467,11:30:46,113.9907,22.530701,0,16
24467,11:32:46,113.978699,22.5285,0,32
24467,11:33:47,113.969704,22.5312,0,36
24467,11:34:17,113.966103,22.532499,0,10
24467,11:35:15,113.963097,22.533501,0,16
24467,11:35:45,113.962502,22.5338,0,0
24467,11:36:45,113.961998,22.5364,0,12
24467,11:37:16,113.961998,22.537399,0,10
24467,11:37:46,113.961998,22.5378,0,0
24467,11:38:16,113.961998,22.539,0,1
24467,11:38:46,113.961998,22.5392,0,9
24467,11:39:16,113.961998,22.5411,0,12
24467,11:39:46,113.962502,22.5422,0,17
24467,11:40:46,113.964699,22.541401,0,31
24467,11:42:16,113.973099,22.538099,0,20
24467,11:43:16,113.979599,22.5359,0,11
24467,11:43:46,113.979797,22.5357,0,0
24467,11:44:17,113.980202,22.5359,0,6
24467,11:44:47,113.9813,22.5361,0,0
24467,11:45:18,113.981697,22.5361,0,11
24467,11:45:48,113.983498,22.5361,0,17
24467,11:46:18,113.987198,22.535999,0,30
24467,11:47:18,113.995499,22.534599,0,27
24467,11:47:48,113.997299,22.5348,0,25
24467,11:48:18,114.0019,22.535601,0,27
24467,11:48:48,114.004898,22.535999,0,20
24467,11:49:48,114.0103,22.5369,0,25
24467,11:50:18,114.014198,22.5376,0,18
24467,11:50:48,114.016899,22.538099,0,9
24467,11:51:19,114.018204,22.5383,0,11
24467,11:51:49,114.018997,22.538099,0,4
24467,11:52:19,114.019302,22.5376,0,0
24467,11:53:50,114.0196,22.535,0,1
24467,11:54:50,114.0196,22.535,0,0
24467,11:55:50,114.021896,22.5347,0,7
24467,11:56:20,114.0233,22.535,0,13
24467,11:56:50,114.024498,22.534201,0,16
24467,11:57:20,114.025299,22.5319,0,24
24467,11:57:50,114.028397,22.5284,0,30
24467,11:58:50,114.0317,22.525,0,19
24467,11:59:21,114.031197,22.524099,0,0
24467,11:59:51,114.031197,22.524099,0,0
24467,12:00:30,114.031197,22.524099,0,0
24467,12:02:45,114.036598,22.523001,0,0
24467,12:03:15,114.036598,22.523001,0,0
24467,12:04:15,114.037498,22.5235,0,0
24467,12:05:14,114.040497,22.5219,0,31
24467,12:06:14,114.041397,22.521299,0,0
24467,12:06:44,114.042397,22.5219,0,25
24467,12:07:43,114.043999,22.5247,0,2
24467,12:08:13,114.044197,22.525,0,0
24467,12:09:14,114.044197,22.525,0,0
24467,12:09:44,114.044502,22.5257,0,13
24467,12:10:14,114.045097,22.527901,0,6
24467,12:11:14,114.046501,22.531099,0,11
24467,12:11:44,114.050903,22.5313,0,39
24467,12:12:44,114.0634,22.531601,0,38
24467,12:13:44,114.069199,22.5317,0,21
24467,12:14:44,114.072197,22.5317,0,5
24467,12:15:15,114.073402,22.5317,0,5
24467,12:15:45,114.074203,22.5317,0,6
24467,12:16:45,114.075798,22.531799,0,5
24467,12:17:15,114.076797,22.531799,0,5
24467,12:17:45,114.077599,22.5322,0,5
24467,12:18:15,114.078201,22.5329,0,8
24467,12:19:45,114.079697,22.535801,0,15
24467,12:20:45,114.087898,22.537399,0,37
24467,12:22:16,114.102501,22.538099,0,22
24467,12:22:46,114.103798,22.537901,0,6
24467,12:23:17,114.104301,22.5378,0,2
24467,12:23:47,114.105103,22.537399,0,2
24467,12:24:47,114.107399,22.5371,0,15
24467,12:25:17,114.110298,22.537701,0,19
24467,12:25:47,114.1138,22.5383,0,28
24467,12:26:17,114.116203,22.539,0,8
24467,12:26:47,114.117203,22.5382,0,23
24467,12:27:17,114.116997,22.536501,0,21
24467,12:28:47,114.114899,22.5348,0,0
24467,12:29:18,114.114899,22.5348,0,0
24467,12:29:33,114.114799,22.5347,0,0
24467,12:29:43,114.114799,22.5347,0,0
24467,12:30:13,114.114799,22.5347,0,0
24467,12:31:11,114.114799,22.5347,0,1
24467,12:31:44,114.114799,22.5347,0,0
24467,12:32:14,114.114799,22.5347,0,0
24467,12:32:44,114.114799,22.5347,0,0
24467,12:33:42,114.114197,22.532101,0,0
24467,12:34:35,114.113197,22.535801,0,24
24467,12:36:05,114.111397,22.541599,0,0
24467,12:37:05,114.110802,22.5448,0,27
24467,12:37:35,114.110397,22.5488,0,21
24467,12:38:05,114.109901,22.5525,0,32
24467,12:38:35,114.110199,22.556299,0,31
24467,12:39:01,114.112297,22.559401,0,20
24467,12:39:06,114.112801,22.559401,0,19
24467,12:39:36,114.110298,22.5588,0,35
24467,12:40:06,114.1054,22.558901,0,14
24467,12:41:06,114.104103,22.5613,0,3
24467,12:41:36,114.104103,22.5613,0,0
24467,12:42:06,114.104103,22.5613,0,0
24467,12:42:36,114.104103,22.561501,0,12
24467,12:44:09,114.104103,22.564501,0,0
24467,12:44:39,114.104103,22.564699,0,6
24467,12:46:21,114.107697,22.5674,0,8
24467,12:47:21,114.107803,22.569,0,0
24467,12:47:51,114.107803,22.5693,0,7
24467,12:47:53,114.107803,22.5693,0,7
24467,12:48:23,114.107597,22.568001,0,0
24467,12:49:01,114.107498,22.566999,0,0
24467,12:49:31,114.107498,22.566999,0,0
24467,12:50:01,114.107498,22.566999,0,0
24467,12:50:31,114.107101,22.565701,0,21
24467,12:51:02,114.106903,22.562599,0,6
24467,12:51:32,114.106903,22.562599,0,0
24467,12:52:02,114.106903,22.562599,0,0
24467,12:53:03,114.106499,22.5585,0,14
24467,12:53:33,114.110901,22.558599,0,36
24467,12:54:03,114.114998,22.558701,0,9
24467,12:54:33,114.115799,22.558701,0,16
24467,12:54:34,114.115997,22.558701,0,19
24467,12:55:34,114.120903,22.5576,0,16
24467,12:56:04,114.120003,22.5562,0,16
24467,12:56:34,114.119202,22.554501,0,6
24467,12:57:34,114.117897,22.552601,0,6
24467,12:58:04,114.1175,22.5518,0,8
24467,12:58:34,114.116699,22.5504,0,14
24467,12:59:00,114.116501,22.549999,0,0
24467,13:00:00,114.116402,22.548901,0,3
24467,13:00:30,114.1166,22.5478,0,13
24467,13:01:00,114.115097,22.5462,0,31
24467,13:01:30,114.113701,22.546,0,0
24467,13:02:30,114.110199,22.5455,0,38
24467,13:03:30,114.109299,22.5469,0,10
24467,13:04:00,114.1101,22.5438,0,22
24467,13:04:30,114.1101,22.5425,0,0
24467,13:05:00,114.110298,22.540899,0,23
24467,13:06:00,114.110703,22.5382,0,0
24467,13:06:30,114.111099,22.536699,0,29
24467,13:08:00,114.114098,22.5317,0,0
24467,13:08:56,114.114098,22.5317,0,11
24467,13:09:01,114.114998,22.532499,0,24
24467,13:09:31,114.114403,22.535299,0,17
24467,13:10:01,114.113899,22.5373,0,0
24467,13:10:31,114.113998,22.5385,0,6
24467,13:11:31,114.113899,22.538799,0,0
24467,13:12:31,114.113602,22.542,0,0
24467,13:13:01,114.113602,22.542,0,0
24467,13:14:01,114.115501,22.5427,0,0
24467,13:14:31,114.1166,22.5429,0,21
24467,13:16:02,114.118401,22.5427,0,11
24467,13:16:19,114.118599,22.5424,0,0
24467,13:16:49,114.119499,22.541599,0,0
24467,13:17:49,114.119003,22.540501,0,11
24467,13:18:19,114.117401,22.540001,0,0
24467,13:19:49,114.110497,22.537901,0,29
24467,13:20:19,114.106102,22.5371,0,26
24467,13:20:49,114.101402,22.5383,0,36
24467,13:21:20,114.096397,22.5382,0,23
24467,13:21:50,114.0914,22.5382,0,41
24467,13:22:20,114.085297,22.5375,0,43
24467,13:22:50,114.079697,22.536301,0,19
24467,13:23:21,114.077698,22.533199,0,23
24467,13:24:21,114.070396,22.5319,0,24
24467,13:24:51,114.0672,22.532,0,16
24467,13:25:51,114.067299,22.527399,0,33
24467,13:26:21,114.065399,22.523899,0,29
24467,13:27:21,114.068001,22.521299,0,10
24467,13:28:48,114.0653,22.523701,0,15
24467,13:30:19,114.068497,22.523899,0,5
24467,13:30:49,114.068398,22.5242,0,6
24467,13:31:19,114.067902,22.5243,0,0
24467,13:31:49,114.067902,22.5243,0,0
24467,13:33:20,114.067902,22.5243,0,0
24467,13:34:20,114.067802,22.524099,0,0
24467,13:34:50,114.068199,22.524,0,0
24467,13:35:20,114.068199,22.523899,0,0
24467,13:37:20,114.068199,22.523899,0,0
24467,13:37:50,114.068199,22.523899,0,0
24467,13:39:07,114.067001,22.5252,0,16
24467,13:39:37,114.068298,22.529499,0,43
24467,13:40:37,114.068298,22.532,0,0
24467,13:40:41,114.068298,22.532,0,9
24467,13:41:07,114.065598,22.532,0,17
24467,13:41:37,114.0644,22.5319,0,8
24467,13:42:12,114.063698,22.532,0,0
24467,13:42:16,114.063698,22.532,0,0
24467,13:42:46,114.063004,22.533899,0,18
24467,13:45:17,114.063004,22.5373,0,0
24467,13:46:17,114.063004,22.5373,0,0
24467,13:46:26,114.063004,22.537701,0,0
24467,13:47:18,114.063499,22.5425,0,16
24467,13:47:48,114.067398,22.541901,0,28
24467,13:48:18,114.068001,22.538099,0,32
24467,13:48:48,114.0681,22.5347,0,25
24467,13:49:18,114.067802,22.5306,0,23
24467,13:49:48,114.069199,22.5315,0,32
24467,13:50:18,114.0728,22.531601,0,23
24467,13:51:48,114.079697,22.535801,0,8
24467,13:52:18,114.081902,22.5371,0,18
24467,13:52:48,114.084702,22.5373,0,23
24467,13:53:18,114.088799,22.5375,0,34
24467,13:53:48,114.0942,22.538,0,39
24467,13:54:18,114.1007,22.538099,0,45
24467,13:54:48,114.104897,22.5375,0,8
24467,13:55:18,114.105698,22.5371,0,5
24467,13:56:18,114.109398,22.5376,0,22
24467,13:56:48,114.113197,22.5382,0,28
24467,13:57:49,114.120796,22.5389,0,29
24467,13:58:49,114.128197,22.5434,0,30
24467,13:59:19,114.132698,22.5457,0,41
24467,13:59:49,114.136101,22.549299,0,31
24467,14:00:49,114.141197,22.555401,0,24
24467,14:01:49,114.151497,22.556499,0,33
24467,14:02:19,114.1558,22.559601,0,40
24467,14:02:49,114.161301,22.5625,0,39
24467,14:03:50,114.172401,22.5627,0,24
24467,14:04:20,114.176399,22.560699,0,38
24467,14:06:17,114.183601,22.5574,0,27
24467,14:06:21,114.194702,22.559401,0,32
24467,14:06:26,114.195503,22.559601,0,0
24467,14:06:49,114.195503,22.559601,0,40
24467,14:06:57,114.201401,22.5611,0,0
24467,14:07:21,114.201401,22.5611,0,0
24467,14:07:47,114.201401,22.5611,0,41
24467,14:08:58,114.201401,22.5611,0,42
24467,14:09:18,114.229797,22.567801,0,0
24467,14:09:50,114.229797,22.567801,0,0
24467,14:10:20,114.229797,22.567801,0,0
24467,14:10:50,114.229797,22.567801,0,0
24467,14:11:21,114.253304,22.5772,0,36
24467,14:11:51,114.257797,22.580601,0,37
24467,14:12:21,114.262001,22.584101,0,38
24467,14:12:51,114.265297,22.588499,0,37
24467,14:14:21,114.281197,22.59,0,41
24467,14:14:51,114.284897,22.5907,0,0
24467,14:15:21,114.284897,22.5907,0,0
24467,14:15:51,114.284897,22.5907,0,0
24467,14:16:27,114.284897,22.5907,0,25
24467,14:17:21,114.2967,22.602699,0,0
24467,14:17:51,114.297401,22.6035,0,24
24467,14:18:21,114.302101,22.606001,0,40
24467,14:18:43,114.306297,22.6052,0,0
24467,14:18:51,114.306297,22.6052,0,0
24467,14:18:57,114.308998,22.6043,0,41
24467,14:19:21,114.313698,22.603001,0,36
24467,14:19:51,114.318298,22.605801,0,37
24467,14:20:51,114.319504,22.6068,0,0
24467,14:21:22,114.321602,22.6075,0,31
24467,14:21:52,114.321999,22.6043,0,24
24467,14:22:22,114.3209,22.6036,0,0
24467,14:23:03,114.320702,22.6035,0,8
24467,14:23:33,114.320198,22.601101,0,22
24467,14:24:03,114.319901,22.5987,0,17
24467,14:26:34,114.306801,22.6012,0,0
24467,14:27:34,114.305099,22.5996,0,16
24467,14:28:04,114.304199,22.598301,0,2
24467,14:28:34,114.304001,22.598,0,9
24467,14:29:34,114.301102,22.5952,0,11
24467,14:30:04,114.300903,22.5949,0,0
24467,14:30:34,114.300903,22.5949,0,0
24467,14:32:05,114.300903,22.5949,0,0
24467,14:35:05,114.300903,22.5949,0,0
24467,14:35:35,114.300903,22.5949,0,0
24467,14:36:05,114.300903,22.5949,0,0
24467,14:37:05,114.300903,22.5949,0,0
24467,14:38:05,114.300903,22.5949,0,0
24467,14:38:35,114.300903,22.5949,0,0
24467,14:39:05,114.300903,22.5949,0,0
24467,14:39:36,114.300903,22.5949,0,0
24467,14:40:06,114.300903,22.5949,0,0
24467,14:40:36,114.300903,22.5949,0,0
24467,14:41:06,114.300903,22.5949,0,0
24467,14:43:06,114.300903,22.5949,0,0
24467,14:43:36,114.300903,22.5949,0,0
24467,14:44:20,114.300903,22.5949,0,0
24467,14:44:50,114.300598,22.593901,0,5
24467,14:45:21,114.300598,22.593901,0,0
24467,14:45:51,114.300598,22.593901,0,0
24467,14:46:21,114.299698,22.5928,0,24
24467,14:46:51,114.299004,22.5896,0,24
24467,14:47:51,114.301102,22.5851,0,15
24467,14:49:51,114.287804,22.5877,0,25
24467,14:50:21,114.283997,22.589199,0,26
24467,14:50:51,114.280502,22.589399,0,16
24467,14:51:52,114.275101,22.589399,0,15
24467,14:52:22,114.274399,22.589001,0,0
24467,14:52:31,114.274399,22.589001,0,0
24467,14:53:31,114.273598,22.5886,0,12
24467,14:54:01,114.272903,22.589199,0,0
24467,14:54:31,114.271797,22.589701,0,9
24467,14:55:31,114.270599,22.590099,0,0
24467,14:56:31,114.2686,22.5905,0,0
24467,14:58:01,114.264503,22.5879,0,0
24467,14:58:31,114.264503,22.5879,0,0
24467,14:59:31,114.261902,22.5844,0,8
24467,15:01:01,114.261597,22.584101,0,0
24467,15:01:32,114.261597,22.584101,0,0
24467,15:02:02,114.261497,22.584101,0,0
24467,15:02:32,114.260201,22.5828,0,28
24467,15:03:02,114.255798,22.5795,0,38
24467,15:03:32,114.251701,22.576599,0,10
24467,15:04:02,114.250504,22.5753,0,25
24467,15:04:32,114.247704,22.5716,0,25
24467,15:05:02,114.245102,22.568399,0,31
24467,15:05:33,114.242104,22.5655,0,24
24467,15:06:03,114.240997,22.564199,0,0
24467,15:06:33,114.240997,22.564199,0,0
24467,15:07:03,114.239304,22.5634,0,0
24467,15:07:33,114.239304,22.5634,0,0
24467,15:08:00,114.239304,22.5634,0,0
24467,15:08:30,114.236702,22.5616,0,34
24467,15:09:00,114.235001,22.559999,0,0
24467,15:09:31,114.235001,22.559999,0,0
24467,15:11:01,114.229103,22.556299,0,11
24467,15:12:01,114.226799,22.554501,0,0
24467,15:12:07,114.226799,22.554501,0,0
24467,15:13:07,114.2258,22.5536,0,0
24467,15:13:37,114.225304,22.5532,0,0
24467,15:13:47,114.225304,22.5532,0,0
24467,15:14:17,114.224197,22.552299,0,0
24467,15:14:47,114.224197,22.552299,0,0
24467,15:15:18,114.224197,22.552299,0,0
24467,15:15:48,114.222,22.554001,0,30
24467,15:16:18,114.219299,22.556601,0,15
24467,15:17:18,114.219002,22.5569,0,11
24467,15:17:48,114.215698,22.557501,0,28
24467,15:17:54,114.215103,22.557501,0,0
24467,15:18:18,114.215103,22.557501,0,0
24467,15:19:48,114.215103,22.557501,0,0
24467,15:20:49,114.187302,22.5562,0,32
24467,15:20:51,114.186996,22.5562,0,0
24467,15:22:18,114.178001,22.560101,0,0
24467,15:22:48,114.175201,22.562099,0,40
24467,15:23:19,114.168999,22.562901,0,41
24467,15:24:19,114.1576,22.561199,0,32
24467,15:24:49,114.1539,22.558399,0,24
24467,15:25:19,114.150002,22.5562,0,29
24467,15:25:49,114.145302,22.5555,0,32
24467,15:26:49,114.138496,22.5569,0,29
24467,15:27:20,114.138802,22.5539,0,25
24467,15:27:50,114.137001,22.5511,0,21
24467,15:28:20,114.133904,22.549299,0,25
24467,15:28:50,114.132599,22.549101,0,0
24467,15:29:20,114.1306,22.5488,0,23
24467,15:30:50,114.126297,22.5481,0,0
24467,15:31:51,114.126297,22.5481,0,0
24467,15:34:22,114.117401,22.5466,0,0
24467,15:35:22,114.117203,22.5453,0,27
24467,15:35:52,114.118896,22.5425,0,8
24467,15:37:49,114.116997,22.541401,0,0
24467,15:38:19,114.116501,22.5413,0,6
24467,15:38:49,114.116501,22.5413,0,0
24467,15:39:17,114.116501,22.5413,0,0
24467,15:39:48,114.115898,22.5424,0,0
24467,15:40:18,114.115898,22.5424,0,0
24467,15:40:48,114.115898,22.5425,0,0
24467,15:43:18,114.116096,22.5462,0,0
24467,15:43:48,114.116096,22.5462,0,0
24467,15:44:48,114.117203,22.5476,0,0
24467,15:45:18,114.117203,22.5476,0,0
24467,15:46:48,114.118698,22.553499,0,11
24467,15:48:18,114.124298,22.558599,0,0
24467,15:48:48,114.124298,22.558599,0,0
24467,15:49:18,114.124397,22.558701,0,0
24467,15:49:48,114.126602,22.559999,0,28
24467,15:51:18,114.135101,22.565701,0,33
24467,15:51:50,114.137604,22.568501,0,23
24467,15:52:20,114.137802,22.569099,0,3
24467,15:53:50,114.133797,22.5714,0,0
24467,15:54:16,114.133797,22.5714,0,0
24467,15:55:12,114.1334,22.5716,0,0
24467,15:56:13,114.1297,22.571899,0,22
24467,15:56:43,114.125999,22.570499,0,30
24467,15:57:13,114.125397,22.570299,0,0
24467,15:59:14,114.125397,22.570299,0,0
24467,16:00:14,114.125397,22.570299,0,0
24467,16:01:14,114.124603,22.564199,0,16
24467,16:02:14,114.124901,22.5604,0,14
24467,16:02:44,114.124901,22.559999,0,2
24467,16:03:14,114.125,22.5595,0,6
24467,16:04:15,114.124298,22.5588,0,9
24467,16:05:15,114.1231,22.5583,0,1
24467,16:05:45,114.123001,22.558201,0,0
24467,16:06:45,114.123001,22.558201,0,0
24467,16:07:07,114.122803,22.5581,0,0
24467,16:07:15,114.122803,22.5581,0,0
24467,16:07:25,114.122803,22.5581,0,3
24467,16:07:54,114.123497,22.5581,0,7
24467,16:08:24,114.124397,22.558701,0,5
24467,16:08:54,114.125801,22.558701,0,16
24467,16:09:24,114.126701,22.557899,0,2
24467,16:09:32,114.126701,22.557899,0,0
24467,16:11:32,114.125999,22.552999,0,3
24467,16:12:32,114.126999,22.552799,0,4
24467,16:13:02,114.127602,22.5522,0,2
24467,16:13:29,114.127602,22.5522,0,0
24467,16:13:59,114.127602,22.5522,0,0
24467,16:14:29,114.127502,22.552799,0,12
24467,16:14:59,114.126602,22.553699,0,11
24467,16:16:12,114.126602,22.5541,0,31
24467,16:16:42,114.124901,22.553801,0,13
24467,16:17:12,114.124199,22.554701,0,5
24467,16:18:12,114.123901,22.555201,0,4
24467,16:18:42,114.123398,22.555599,0,3
24467,16:19:12,114.123199,22.555799,0,0
24467,16:19:43,114.122902,22.556,0,2
24467,16:20:13,114.122803,22.5562,0,3
24467,16:21:13,114.122299,22.5567,0,2
24467,16:22:13,114.120697,22.559299,0,15
24467,16:23:43,114.119598,22.560801,0,8
24467,16:24:13,114.119202,22.561899,0,9
24467,16:24:43,114.118698,22.5634,0,5
24467,16:25:44,114.117996,22.5676,0,23
24467,16:26:44,114.117897,22.571699,0,11
24467,16:28:14,114.114799,22.581301,0,13
24467,16:29:14,114.1138,22.5837,0,13
24467,16:29:44,114.113098,22.5846,0,7
24467,16:30:14,114.112701,22.585199,0,5
24467,16:32:15,114.110603,22.5952,0,29
24467,16:33:15,114.117203,22.6047,0,45
24467,16:33:46,114.121902,22.6077,0,30
24467,16:34:16,114.125504,22.609699,0,12
24467,16:34:46,114.126999,22.610701,0,18
24467,16:35:46,114.127197,22.6129,0,9
24467,16:36:16,114.125504,22.6138,0,26
24467,16:36:46,114.121803,22.616699,0,39
24467,16:37:16,114.119499,22.620399,0,10
24467,16:38:17,114.1213,22.624001,0,25
24467,16:38:47,114.121201,22.6252,0,0
24467,16:39:17,114.121101,22.625999,0,8
24467,16:39:49,114.121002,22.626801,0,0
24467,16:40:07,114.121002,22.626801,0,0
24467,16:40:37,114.121101,22.6259,0,8
24467,16:41:07,114.123199,22.625601,0,22
24467,16:43:07,114.131302,22.6297,0,0
24467,16:44:08,114.133499,22.6285,0,17
24467,16:44:38,114.135597,22.625401,0,31
24467,16:45:08,114.137001,22.621599,0,23
24467,16:45:38,114.134399,22.6185,0,8
24467,16:46:08,114.133797,22.6178,0,5
24467,16:46:38,114.133698,22.617701,0,0
24467,16:46:52,114.1334,22.617399,0,0
24467,16:47:22,114.131401,22.614799,0,27
24467,16:47:52,114.128403,22.6119,0,23
24467,16:48:22,114.125702,22.6101,0,22
24467,16:48:52,114.122002,22.608,0,33
24467,16:49:53,114.114899,22.601801,0,36
24467,16:50:23,114.112099,22.598101,0,25
24467,16:50:53,114.1101,22.5942,0,35
24467,16:51:23,114.109703,22.589399,0,40
24467,16:51:54,114.112297,22.5853,0,12
24467,16:52:54,114.1147,22.5802,0,12
24467,16:53:54,114.1175,22.5749,0,30
24467,16:55:24,114.118301,22.5646,0,28
24467,16:55:54,114.1194,22.560699,0,34
24467,16:56:24,114.121002,22.557699,0,21
24467,16:56:54,114.119598,22.555401,0,25
24467,16:57:24,114.119102,22.554199,0,3
24467,16:58:55,114.117401,22.551701,0,0
24467,17:00:25,114.116501,22.548401,0,0
24467,17:00:55,114.116501,22.548401,0,0
24467,17:01:55,114.116997,22.5469,0,0
24467,17:03:25,114.117302,22.5452,0,17
24467,17:03:56,114.1175,22.544001,0,0
24467,17:04:56,114.1175,22.5439,0,0
24467,17:05:26,114.1194,22.542101,0,9
24467,17:05:56,114.119698,22.542,0,0
24467,17:06:56,114.119698,22.542,0,0
24467,17:07:57,114.120697,22.541401,0,15
24467,17:08:27,114.1213,22.539801,0,5
24467,17:09:27,114.120399,22.538799,0,0
24467,17:09:57,114.120003,22.538601,0,17
24467,17:10:27,114.117203,22.5366,0,21
24467,17:10:57,114.115402,22.535,0,10
24467,17:11:12,114.114799,22.5347,0,0
24467,17:11:28,114.114799,22.5347,0,0
24467,17:11:57,114.114304,22.534599,0,0
24467,17:12:00,114.114304,22.534599,0,0
24467,17:12:34,114.114304,22.534599,0,0
24467,17:13:10,114.114403,22.533701,0,13
24467,17:13:36,114.114304,22.5355,0,0
24467,17:14:05,114.113998,22.5371,0,19
24467,17:14:35,114.114098,22.5385,0,7
24467,17:15:05,114.113701,22.539801,0,21
24467,17:15:35,114.113701,22.541,0,10
24467,17:17:32,114.113701,22.5448,0,12
24467,17:19:02,114.113701,22.5452,0,0
24467,17:19:32,114.113701,22.5452,0,0
24467,17:20:03,114.112099,22.545799,0,29
24467,17:21:03,114.110397,22.549299,0,18
24467,17:22:33,114.109596,22.5539,0,10
24467,17:23:35,114.112701,22.5595,0,19
24467,17:24:34,114.107201,22.560499,0,28
24467,17:25:34,114.106796,22.5641,0,20
24467,17:26:04,114.1073,22.566,0,0
24467,17:26:34,114.107597,22.567101,0,4
24467,17:27:04,114.107803,22.5676,0,4
24467,17:28:04,114.107697,22.570601,0,15
24467,17:28:34,114.107903,22.5716,0,7
24467,17:29:04,114.108704,22.572201,0,14
24467,17:30:05,114.110397,22.5732,0,0
24467,17:30:35,114.110298,22.573299,0,0
24467,17:31:05,114.110397,22.572399,0,8
24467,17:31:35,114.108299,22.5723,0,10
24467,17:32:05,114.108101,22.5723,0,0
24467,17:32:35,114.108101,22.5723,0,0
24467,17:33:35,114.108101,22.5723,0,0
24467,17:34:05,114.107803,22.5716,0,6
24467,17:34:35,114.107697,22.570999,0,12
24467,17:35:05,114.107697,22.568899,0,11
24467,17:35:35,114.107697,22.568199,0,17
24467,17:36:07,114.107399,22.566999,0,0
24467,17:36:37,114.107399,22.566999,0,0
24467,17:37:07,114.107399,22.566999,0,0
24467,17:37:37,114.107399,22.566999,0,0
24467,17:38:06,114.107498,22.566999,0,0
24467,17:39:06,114.106796,22.562799,0,4
24467,17:39:36,114.105202,22.562,0,19
24467,17:40:06,114.104797,22.561899,0,0
24467,17:40:36,114.104797,22.561899,0,0
24467,17:41:06,114.104401,22.5618,0,12
24467,17:41:36,114.103996,22.560499,0,15
24467,17:43:07,114.104103,22.554399,0,0
24467,17:43:37,114.104103,22.554399,0,0
24467,17:44:08,114.103996,22.553101,0,11
24467,17:44:38,114.105301,22.5511,0,15
24467,17:45:08,114.105003,22.549299,0,15
24467,17:45:38,114.105301,22.548201,0,2
24467,17:47:08,114.105698,22.547199,0,2
24467,17:47:38,114.105698,22.547199,0,0
24467,17:48:08,114.105797,22.5469,0,0
24467,17:48:38,114.105797,22.5469,0,0
24467,17:49:08,114.105797,22.5469,0,0
24467,17:49:38,114.105904,22.5462,0,11
24467,17:50:38,114.101997,22.544201,0,0
24467,17:51:43,114.100998,22.5445,0,17
24467,17:52:14,114.101097,22.5459,0,0
24467,17:52:44,114.101097,22.546301,0,12
24467,17:52:58,114.100899,22.5464,0,0
24467,17:54:28,114.1035,22.5492,0,12
24467,17:54:58,114.104599,22.548901,0,0
24467,17:55:28,114.104698,22.549,0,6
24467,17:56:29,114.105797,22.5471,0,6
24467,17:56:59,114.106201,22.546801,0,0
24467,17:57:29,114.106201,22.546801,0,0
24467,17:57:59,114.106201,22.546801,0,0
24467,17:58:29,114.106201,22.546801,0,0
24467,17:58:59,114.106201,22.546801,0,0
24467,18:00:00,114.106201,22.5453,0,13
24467,18:01:00,114.1063,22.544901,0,0
24467,18:02:30,114.1063,22.544901,0,0
24467,18:03:00,114.108101,22.545,0,29
24467,18:04:30,114.110199,22.542601,0,0
24467,18:06:00,114.110603,22.540001,0,27
24467,18:06:30,114.110199,22.537901,0,21
24467,18:07:30,114.108704,22.5376,0,0
24467,18:08:01,114.108704,22.5376,0,0
24467,18:08:31,114.108704,22.5376,0,0
24467,18:09:01,114.108803,22.5369,0,15
24467,18:09:31,114.108398,22.5368,0,0
24467,18:09:44,114.108398,22.5368,0,0
24467,18:10:14,114.108704,22.537001,0,0
24467,18:11:14,114.108704,22.537001,0,0
24467,18:11:44,114.110001,22.5375,0,19
24467,18:12:14,114.110703,22.5376,0,11
24467,18:13:14,114.110497,22.540701,0,0
24467,18:14:15,114.110397,22.5413,0,0
24467,18:14:45,114.110397,22.5413,0,0
24467,18:20:46,114.110397,22.5476,0,5
24467,18:21:16,114.110397,22.5476,0,0
24467,18:21:46,114.110397,22.5476,0,0
24467,18:22:46,114.109901,22.552099,0,0
24467,18:24:47,114.112396,22.558901,0,17
24467,18:25:17,114.108101,22.558901,0,26
24467,18:26:17,114.107101,22.565399,0,14
24467,18:26:47,114.1073,22.566099,0,0
24467,18:27:17,114.1073,22.566099,0,0
24467,18:28:17,114.107498,22.566999,0,3
24467,18:29:47,114.107697,22.5683,0,8
24467,18:30:18,114.107803,22.569099,0,4
24467,18:32:47,114.108002,22.5721,0,0
24467,18:33:17,114.108002,22.5721,0,0
24467,18:34:47,114.1073,22.5741,0,25
24467,18:35:17,114.108597,22.5755,0,16
24467,18:35:47,114.110603,22.576401,0,26
24467,18:36:17,114.113899,22.5765,0,14
24467,18:37:47,114.127296,22.5772,0,27
24467,18:38:18,114.130798,22.577499,0,26
24467,18:39:48,114.131699,22.5749,0,0
24467,18:40:18,114.132004,22.5746,0,3
24467,18:40:48,114.133598,22.5737,0,19
24467,18:41:49,114.133797,22.5721,0,0
24467,18:42:07,114.133797,22.572001,0,0
24467,18:42:15,114.133797,22.572001,0,2
24467,18:42:50,114.133797,22.572001,0,0
24467,18:43:20,114.133499,22.571301,0,7
24467,18:43:50,114.135803,22.570101,0,8
24467,18:44:19,114.137604,22.568899,0,5
24467,18:44:49,114.136703,22.567699,0,0
24467,18:46:19,114.136398,22.566999,0,20
24467,18:46:49,114.138702,22.5644,0,0
24467,18:47:19,114.138702,22.5644,0,0
24467,18:50:20,114.1353,22.559,0,0
24467,18:50:50,114.1353,22.559,0,0
24467,18:51:20,114.1353,22.559,0,0
24467,18:51:50,114.135399,22.5581,0,4
24467,18:52:20,114.135399,22.5581,0,0
24467,18:52:25,114.135399,22.5581,0,0
24467,18:53:25,114.139801,22.555901,0,9
24467,18:56:26,114.160004,22.562099,0,41
24467,18:57:26,114.170303,22.562799,0,32
24467,18:57:56,114.175102,22.561899,0,30
24467,18:58:56,114.181099,22.557501,0,26
24467,18:59:38,114.187897,22.556,0,36
24467,19:00:08,114.193398,22.5567,0,0
24467,19:00:27,114.193398,22.5567,0,0
24467,19:02:28,114.216904,22.5571,0,24
24467,19:03:28,114.220596,22.5553,0,0
24467,19:04:49,114.224602,22.5511,0,0
24467,19:05:19,114.225098,22.5508,0,4
24467,19:05:49,114.2239,22.552299,0,16
24467,19:06:20,114.222,22.554199,0,19
24467,19:06:50,114.2211,22.554899,0,20
24467,19:07:20,114.219101,22.556601,0,4
24467,19:09:20,114.219002,22.5564,0,0
24467,19:09:50,114.219002,22.5564,0,0
24467,19:10:20,114.219002,22.5564,0,0
24467,19:12:12,114.214699,22.557501,0,0
24467,19:12:21,114.214699,22.557501,0,0
24467,19:12:51,114.214699,22.557501,0,0
24467,19:13:51,114.214699,22.557501,0,0
24467,19:14:20,114.191902,22.5564,0,40
24467,19:14:22,114.191498,22.556299,0,39
24467,19:14:52,114.190598,22.556101,0,0
24467,19:15:22,114.190598,22.556101,0,0
24467,19:16:15,114.186996,22.5562,0,0
24467,19:16:22,114.186996,22.5562,0,0
24467,19:17:22,114.177803,22.560101,0,0
24467,19:18:52,114.178596,22.558901,0,0
24467,19:19:22,114.178596,22.558901,0,3
24467,19:19:52,114.178802,22.5585,0,0
24467,19:20:52,114.178902,22.5585,0,0
24467,19:22:52,114.178902,22.5585,0,0
24467,19:23:22,114.178902,22.5585,0,1
24467,19:23:52,114.178902,22.5585,0,0
24467,19:25:53,114.179604,22.556499,0,0
24467,19:26:24,114.179604,22.556499,0,0
24467,19:26:54,114.179604,22.556499,0,0
24467,19:27:54,114.179604,22.556499,0,0
24467,19:28:54,114.179604,22.556499,0,0
24467,19:30:54,114.179604,22.556499,0,0
24467,19:31:24,114.179604,22.556499,0,0
24467,19:32:54,114.179604,22.556499,0,0
24467,19:33:24,114.179604,22.556499,0,0
24467,19:34:24,114.179604,22.556499,0,0
24467,19:35:54,114.179604,22.556499,0,0
24467,19:36:25,114.179604,22.556499,0,0
24467,19:36:55,114.179604,22.556499,0,0
24467,19:37:25,114.179604,22.556499,0,0
24467,19:37:55,114.179604,22.556499,0,0
24467,19:38:25,114.179604,22.556499,0,0
24467,19:38:55,114.179604,22.556499,0,0
24467,19:39:25,114.179604,22.556499,0,0
24467,19:40:25,114.179604,22.556499,0,0
24467,19:40:55,114.179604,22.556499,0,0
24467,19:41:25,114.179604,22.556499,0,0
24467,19:41:55,114.179604,22.556499,0,0
24467,19:42:55,114.179604,22.556499,0,0
24467,19:43:25,114.179604,22.556499,0,0
24467,19:43:55,114.179604,22.556499,0,0
24467,19:44:26,114.179604,22.556499,0,0
24467,19:44:56,114.179604,22.556499,0,0
24467,19:45:26,114.179604,22.556499,0,0
24467,19:46:26,114.179604,22.556499,0,0
24467,19:46:56,114.179604,22.556499,0,0
24467,19:47:26,114.179604,22.556499,0,0
24467,19:48:27,114.179604,22.556499,0,0
24467,19:48:57,114.179604,22.556499,0,0
24467,19:49:57,114.179604,22.556499,0,0
24467,19:50:27,114.179604,22.556499,0,0
24467,19:50:57,114.179604,22.556499,0,0
24467,19:51:57,114.179604,22.556499,0,0
24467,19:52:27,114.179604,22.556499,0,0
24467,19:53:27,114.179604,22.556499,0,0
24467,19:53:57,114.179604,22.556499,0,0
24467,19:54:28,114.179604,22.556499,0,0
24467,19:54:58,114.179604,22.556499,0,0
24467,19:55:28,114.179604,22.556499,0,0
24467,19:55:58,114.179604,22.556499,0,0
24467,19:56:58,114.179604,22.556499,0,0
24467,19:57:28,114.179604,22.556499,0,0
24467,19:57:58,114.179604,22.556499,0,0
24467,19:58:28,114.179604,22.556499,0,0
24467,19:59:28,114.179604,22.556499,0,0
24467,19:59:58,114.179604,22.556499,0,0
24467,20:00:59,114.179604,22.556499,0,0
24467,20:01:59,114.179604,22.556499,0,0
24467,20:02:29,114.179604,22.556499,0,0
24467,20:03:59,114.180199,22.556601,0,7
24467,20:04:29,114.180603,22.5564,0,6
24467,20:04:59,114.181602,22.556801,0,3
24467,20:05:29,114.183502,22.556101,0,18
24467,20:05:59,114.183998,22.556499,0,16
24467,20:06:30,114.181198,22.5576,0,27
24467,20:07:00,114.178497,22.559799,0,13
24467,20:08:00,114.1744,22.5625,0,24
24467,20:09:00,114.1679,22.563,0,9
24467,20:09:30,114.166,22.563101,0,19
24467,20:10:30,114.160103,22.5625,0,29
24467,20:12:00,114.150398,22.556801,0,17
24467,20:12:31,114.149399,22.559,0,18
24467,20:13:01,114.147903,22.558399,0,21
24467,20:13:31,114.145897,22.556801,0,13
24467,20:13:52,114.1464,22.555599,0,0
24467,20:15:01,114.143501,22.5532,0,0
24467,20:15:31,114.143402,22.552799,0,0
24467,20:16:01,114.143402,22.552799,0,0
24467,20:16:34,114.1437,22.554001,0,12
24467,20:17:34,114.146103,22.555,0,7
24467,20:18:06,114.146202,22.5562,0,11
24467,20:19:35,114.141403,22.556,0,26
24467,20:20:35,114.140297,22.5632,0,34
24467,20:21:05,114.137199,22.567301,0,33
24467,20:21:35,114.138397,22.5725,0,39
24467,20:22:05,114.135696,22.5763,0,33
24467,20:22:36,114.132896,22.577299,0,19
24467,20:23:36,114.130699,22.579201,0,0
24467,20:24:06,114.130699,22.579201,0,0
24467,20:24:36,114.130699,22.579201,0,0
24467,20:25:06,114.1306,22.5802,0,14
24467,20:25:36,114.1306,22.5818,0,6
24467,20:26:36,114.129898,22.584499,0,6
24467,20:27:36,114.126404,22.5882,0,30
24467,20:28:06,114.124298,22.5912,0,28
24467,20:28:36,114.121597,22.5914,0,20
24467,20:29:06,114.119797,22.5914,0,11
24467,20:30:06,114.119904,22.594601,0,0
24467,20:30:37,114.119904,22.595301,0,8
24467,20:31:07,114.119904,22.5963,0,0
24467,20:31:37,114.119904,22.5963,0,0
24467,20:32:07,114.119904,22.5963,0,0
24467,20:33:07,114.1194,22.5979,0,0
24467,20:34:07,114.117798,22.599899,0,0
24467,20:34:38,114.117798,22.599899,0,0
24467,20:35:08,114.117401,22.600201,0,0
24467,20:35:38,114.115196,22.6003,0,13
24467,20:35:57,114.113602,22.6001,0,0
24467,20:36:08,114.113602,22.6001,0,0
24467,20:36:39,114.112801,22.6003,0,0
24467,20:37:10,114.112602,22.6005,0,0
24467,20:39:39,114.111397,22.6015,0,6
24467,20:41:10,114.111603,22.601801,0,0
24467,20:41:40,114.111603,22.601801,0,0
24467,20:42:24,114.111504,22.6017,0,0
24467,20:43:24,114.111702,22.600401,0,5
24467,20:43:54,114.111702,22.600401,0,0
24467,20:44:23,114.111702,22.600401,0,0
24467,20:45:23,114.110199,22.5965,0,16
24467,20:46:24,114.108002,22.5928,0,0
24467,20:46:54,114.108002,22.5928,0,0
24467,20:47:24,114.108002,22.5928,0,0
24467,20:47:54,114.107697,22.5926,0,7
24467,20:48:24,114.107399,22.5912,0,20
24467,20:48:54,114.105301,22.589899,0,18
24467,20:49:24,114.102402,22.5875,0,23
24467,20:49:54,114.101097,22.584499,0,27
24467,20:50:24,114.100998,22.5819,0,0
24467,20:50:54,114.1007,22.5809,0,18
24467,20:52:25,114.098701,22.5763,0,0
24467,20:53:33,114.0989,22.5711,0,22
24467,20:54:03,114.096397,22.569401,0,20
24467,20:55:04,114.092903,22.5683,0,10
24467,20:56:39,114.086601,22.566099,0,26
24467,20:57:09,114.084099,22.5625,0,28
24467,20:57:39,114.081703,22.559299,0,25
24467,20:57:53,114.081001,22.5583,0,0
24467,20:58:00,114.081001,22.5583,0,12
24467,20:58:10,114.080399,22.557501,0,6
24467,20:58:19,114.080399,22.557501,0,14
24467,20:58:39,114.082199,22.557899,0,16
24467,20:59:09,114.085403,22.558201,0,25
24467,21:00:09,114.087502,22.556299,0,4
24467,21:00:40,114.088799,22.555099,0,3
24467,21:01:10,114.088097,22.554399,0,0
24467,21:02:04,114.0877,22.553801,0,11
24467,21:02:34,114.087601,22.5536,0,3
24467,21:02:35,114.087601,22.5536,0,3
24467,21:03:35,114.084801,22.554501,0,11
24467,21:07:06,114.071701,22.5511,0,31
24467,21:08:06,114.068298,22.5511,0,0
24467,21:08:36,114.066399,22.551201,0,29
24467,21:09:06,114.063103,22.5515,0,0
24467,21:10:37,114.0578,22.5499,0,0
24467,21:11:07,114.0578,22.5497,0,12
24467,21:11:37,114.057899,22.5466,0,25
24467,21:12:07,114.057999,22.5436,0,30
24467,21:14:07,114.057899,22.5385,0,0
24467,21:14:37,114.057999,22.537701,0,0
24467,21:15:07,114.057999,22.537701,0,0
24467,21:16:38,114.058098,22.5357,0,0
24467,21:17:38,114.057999,22.534599,0,26
24467,21:18:08,114.058701,22.5296,0,34
24467,21:18:38,114.059097,22.5277,0,8
24467,21:20:38,114.056503,22.527399,0,7
24467,21:21:39,114.054199,22.5275,0,4
24467,21:22:09,114.053299,22.5275,0,3
24467,21:23:08,114.0522,22.528601,0,0
24467,21:23:13,114.0522,22.528601,0,0
24467,21:23:43,114.0522,22.528601,0,0
24467,21:24:13,114.052498,22.528601,0,0
24467,21:24:57,114.053703,22.5291,0,13
24467,21:25:27,114.053802,22.5303,0,9
24467,21:26:57,114.058502,22.5298,0,16
24467,21:27:27,114.058998,22.5285,0,0
24467,21:27:57,114.058998,22.5285,0,0
24467,21:28:27,114.0588,22.529499,0,26
24467,21:28:57,114.058296,22.534,0,14
24467,21:29:57,114.058296,22.534599,0,0
24467,21:30:27,114.058296,22.5348,0,7
24467,21:31:27,114.058296,22.535101,0,0
24467,21:32:27,114.056297,22.5355,0,16
24467,21:32:57,114.053703,22.5355,0,10
24467,21:33:57,114.052498,22.5355,0,0
24467,21:34:07,114.052498,22.5355,0,0
24467,21:34:38,114.052498,22.5355,0,0
24467,21:35:08,114.052498,22.5355,0,0
24467,21:35:32,114.052498,22.5355,0,0
24467,21:36:02,114.051201,22.5355,0,12
24467,21:37:32,114.048401,22.535601,0,0
24467,21:38:02,114.048401,22.535601,0,0
24467,21:38:32,114.046204,22.5355,0,21
24467,21:39:02,114.044601,22.5369,0,27
24467,21:39:32,114.045097,22.5408,0,20
24467,21:40:02,114.046402,22.542299,0,27
24467,21:40:33,114.051003,22.5424,0,28
24467,21:41:03,114.055603,22.542101,0,36
24467,21:42:03,114.065399,22.5427,0,38
24467,21:42:34,114.071404,22.542801,0,34
24467,21:43:04,114.075798,22.5429,0,5
24467,21:43:34,114.076302,22.5429,0,14
24467,21:44:34,114.078697,22.541901,0,6
24467,21:45:54,114.078697,22.5415,0,0
24467,21:46:24,114.078499,22.541201,0,9
24467,21:46:55,114.078598,22.540501,0,0
24467,21:47:55,114.077698,22.5401,0,15
24467,21:48:55,114.074997,22.540001,0,12
24467,21:50:25,114.071899,22.5383,0,16
24467,21:50:55,114.071999,22.5357,0,23
24467,21:51:55,114.070503,22.5319,0,18
24467,21:53:25,114.063004,22.532,0,19
24467,21:53:55,114.063004,22.5324,0,18
24467,21:54:25,114.063004,22.5282,0,34
24467,21:54:56,114.062401,22.5261,0,10
24467,21:55:56,114.061996,22.5259,0,2
24467,21:56:57,114.061798,22.5219,0,0
24467,21:56:58,114.061798,22.5219,0,0
24467,21:57:28,114.060402,22.520901,0,17
24467,21:57:58,114.059502,22.5203,0,0
24467,21:58:28,114.057503,22.5194,0,22
24467,21:58:58,114.053398,22.5184,0,32
24467,21:59:28,114.051399,22.518299,0,0
24467,21:59:58,114.051399,22.518299,0,0
24467,22:00:28,114.049599,22.518299,0,29
24467,22:01:00,114.044098,22.52,0,42
24467,22:02:00,114.040802,22.521799,0,29
24467,22:03:30,114.0392,22.5228,0,0
24467,22:05:00,114.0382,22.5235,0,0
24467,22:05:30,114.0382,22.5235,0,0
24467,22:06:00,114.038002,22.5235,0,6
24467,22:06:30,114.036301,22.5245,0,18
24467,22:07:01,114.033302,22.525999,0,21
24467,22:08:01,114.032303,22.526699,0,16
24467,22:08:31,114.029099,22.5284,0,22
24467,22:09:01,114.026001,22.5308,0,26
24467,22:09:31,114.024597,22.5352,0,38
24467,22:10:01,114.023598,22.5392,0,29
24467,22:10:31,114.023499,22.539801,0,20
24467,22:11:32,114.018303,22.539,0,4
24467,22:14:03,114.016296,22.5467,0,24
24467,22:14:33,114.014099,22.549801,0,15
24467,22:15:03,114.013901,22.5506,0,0
24467,22:15:22,114.013901,22.5506,0,1
24467,22:15:52,114.013496,22.5501,0,0
24467,22:16:14,114.013603,22.5501,0,4
24467,22:16:44,114.015297,22.547701,0,28
24467,22:17:14,114.016998,22.5445,0,7
24467,22:17:44,114.016998,22.5445,0,0
24467,22:18:14,114.017403,22.5429,0,18
24467,22:18:44,114.018997,22.542299,0,13
24467,22:19:44,114.022301,22.542601,0,11
24467,22:20:07,114.022697,22.540899,0,0
24467,22:20:14,114.022697,22.540899,0,0
24467,22:20:22,114.022697,22.540899,0,5
24467,22:20:44,114.022797,22.543301,0,24
24467,22:21:14,114.021896,22.5464,0,23
24467,22:21:44,114.020103,22.549,0,23
24467,22:22:14,114.017502,22.552601,0,37
24467,22:23:15,114.014999,22.5602,0,27
24467,22:23:24,114.014801,22.561199,0,0
24467,22:23:33,114.014,22.561501,0,21
24467,22:23:46,114.013199,22.5606,0,26
24467,22:24:16,114.009201,22.558399,0,33
24467,22:24:45,114.004204,22.5562,0,36
24467,22:25:45,113.992996,22.557501,0,39
24467,22:26:15,113.987297,22.5592,0,41
24467,22:27:15,113.976303,22.5569,0,33
24467,22:27:45,113.971001,22.557301,0,34
24467,22:28:15,113.965302,22.5576,0,41
24467,22:29:16,113.955597,22.5567,0,26
24467,22:29:46,113.953003,22.557899,0,21
24467,22:30:16,113.953003,22.5618,0,35
24467,22:30:46,113.953003,22.563101,0,0
24467,22:31:16,113.952904,22.564301,0,29
24467,22:31:46,113.951401,22.568399,0,39
24467,22:32:16,113.950302,22.5707,0,0
24467,22:32:46,113.950203,22.570999,0,6
24467,22:33:16,113.950203,22.570999,0,0
24467,22:33:46,113.950203,22.570999,0,0
24467,22:34:46,113.949799,22.5728,0,22
24467,22:35:16,113.9496,22.5751,0,0
24467,22:35:46,113.9496,22.5767,0,24
24467,22:37:13,113.948997,22.5797,0,0
24467,22:37:43,113.948997,22.5797,0,0
24467,22:38:13,113.948799,22.579,0,0
24467,22:39:43,113.947601,22.576401,0,0
24467,22:39:47,113.947601,22.576401,0,0
24467,22:40:17,113.949203,22.5755,0,7
24467,22:40:47,113.949699,22.5725,0,31
24467,22:41:17,113.951103,22.568899,0,29
24467,22:42:17,113.952797,22.5639,0,0
24467,22:42:49,113.952904,22.561899,0,29
24467,22:43:25,113.952797,22.556299,0,0
24467,22:43:31,113.952904,22.555099,0,36
24467,22:43:49,113.9534,22.5522,0,34
24467,22:44:19,113.954803,22.5478,0,33
24467,22:45:19,113.953201,22.542999,0,18
24467,22:46:49,113.962997,22.542101,0,13
24467,22:47:19,113.966499,22.540701,0,34
24467,22:47:49,113.970802,22.539101,0,8
24467,22:48:19,113.970901,22.539101,0,0
24467,22:48:49,113.972801,22.5383,0,12
24467,22:49:49,113.9786,22.5361,0,7
24467,22:50:19,113.978699,22.5361,0,0
24467,22:50:39,113.978699,22.5361,0,0
24467,22:51:09,113.979103,22.535999,0,10
24467,22:51:39,113.979698,22.535801,0,0
24467,22:52:09,113.979797,22.535999,0,0
24467,22:52:39,113.979897,22.5359,0,0
24467,22:53:40,113.981796,22.535999,0,0
24467,22:54:10,113.981796,22.535999,0,0
24467,22:54:28,113.981796,22.535999,0,0
24467,22:55:29,113.9879,22.5361,0,25
24467,22:56:29,113.9907,22.535299,0,8
24467,22:56:59,113.9925,22.5345,0,14
24467,22:57:29,113.993202,22.531401,0,8
24467,22:57:59,113.993202,22.531401,0,0
24467,22:59:59,113.993301,22.5263,0,22
24467,23:02:00,114.0112,22.530001,0,39
24467,23:02:30,114.016502,22.5312,0,31
24467,23:03:00,114.0205,22.532101,0,27
24467,23:03:30,114.025299,22.5312,0,39
24467,23:04:00,114.031403,22.530001,0,41
24467,23:04:30,114.037201,22.530399,0,37
24467,23:06:31,114.051399,22.526699,0,32
24467,23:07:01,114.051399,22.5259,0,0
24467,23:07:31,114.051598,22.5257,0,7
24467,23:08:01,114.053497,22.5256,0,0
24467,23:08:20,114.053497,22.5256,0,0
24467,23:08:50,114.053703,22.525101,0,13
24467,23:10:42,114.053902,22.524799,0,12
24467,23:11:12,114.054802,22.5257,0,11
24467,23:11:42,114.056801,22.525801,0,13
24467,23:13:12,114.059601,22.525999,0,7
24467,23:13:42,114.059402,22.527201,0,0
24467,23:16:12,114.072197,22.5317,0,37
24467,23:16:42,114.077202,22.532,0,26
24467,23:18:13,114.081802,22.5387,0,4
24467,23:18:43,114.081596,22.538099,0,18
24467,23:20:01,114.0783,22.534599,0,0
24467,23:20:31,114.0783,22.534599,0,0
24467,23:21:02,114.076797,22.532301,0,21
24467,23:21:32,114.074898,22.5319,0,16
24467,23:22:22,114.072701,22.532,0,23
24467,23:22:52,114.069397,22.5319,0,19
24467,23:23:11,114.067398,22.5319,0,20
24467,23:24:57,114.051399,22.531601,0,0
24467,23:25:04,114.0504,22.531601,0,29
24467,23:25:24,114.048103,22.5317,0,10
24467,23:25:54,114.047997,22.5343,0,19
24467,23:26:49,114.047997,22.536699,0,6
24467,23:28:45,114.052299,22.537399,0,32
24467,23:29:45,114.056702,22.5375,0,21
24467,23:30:15,114.057899,22.5359,0,7
24467,23:31:15,114.059196,22.5313,0,32
24467,23:32:06,114.0681,22.5315,0,0
24467,23:32:10,114.047997,22.536699,0,0
24467,23:32:46,114.071899,22.531099,0,20
24467,23:34:08,114.0718,22.528099,0,21
24467,23:35:09,114.068001,22.5271,0,18
24467,23:35:39,114.068298,22.5298,0,24
24467,23:36:09,114.069199,22.532801,0,20
24467,23:37:09,114.062798,22.532101,0,24
24467,23:37:39,114.058296,22.532,0,32
24467,23:38:09,114.053802,22.531799,0,31
24467,23:39:39,114.044601,22.533701,0,30
24467,23:40:09,114.044502,22.538799,0,41
24467,23:40:39,114.044403,22.544399,0,35
24467,23:41:10,114.044296,22.549601,0,38
24467,23:42:40,114.043098,22.550501,0,27
24467,23:43:40,114.039803,22.551001,0,0
24467,23:44:48,114.039803,22.549999,0,19
24467,23:45:19,114.039803,22.547701,0,8
24467,23:45:49,114.039803,22.5452,0,24
24467,23:47:50,114.043503,22.5436,0,12
24467,23:48:50,114.039398,22.542601,0,19
24467,23:49:50,114.0354,22.543501,0,12
24467,23:50:20,114.034897,22.5462,0,18
24467,23:50:50,114.0355,22.5483,0,19
24467,23:51:20,114.036797,22.5487,0,19
24467,23:51:50,114.039803,22.549299,0,6
24467,23:52:20,114.039803,22.5469,0,16
24467,23:52:50,114.039703,22.5445,0,0
24467,23:52:57,114.039703,22.5445,0,0
24467,23:53:27,114.039101,22.542999,0,22
