34567,00:00:18,113.813698,22.6238,0,0
34567,00:02:49,113.813698,22.6238,0,0
34567,00:03:19,113.813698,22.6238,0,0
34567,00:03:49,113.813698,22.6238,0,0
34567,00:04:19,113.813698,22.6238,0,0
34567,00:04:49,113.813698,22.6238,0,0
34567,00:05:49,113.813698,22.6238,0,0
34567,00:06:19,113.813698,22.6238,0,0
34567,00:06:49,113.813698,22.6238,0,0
34567,00:07:19,113.813698,22.6238,0,0
34567,00:08:49,113.813797,22.624001,0,0
34567,00:09:19,113.813904,22.624201,0,0
34567,00:09:49,113.813904,22.624201,0,0
34567,00:10:19,113.813797,22.6245,0,5
34567,00:11:49,113.8134,22.6252,0,0
34567,00:12:49,113.8134,22.6252,0,0
34567,00:13:49,113.8125,22.626801,0,13
34567,00:14:19,113.812302,22.6271,0,0
34567,00:14:49,113.812302,22.6271,0,0
34567,00:15:19,113.812302,22.6271,0,0
34567,00:15:49,113.812302,22.6271,0,0
34567,00:16:19,113.812302,22.6271,0,0
34567,00:18:20,113.811203,22.627899,0,0
34567,00:18:49,113.811096,22.6278,0,0
34567,00:19:49,113.809898,22.6273,0,0
34567,00:20:49,113.809898,22.6269,0,8
34567,00:21:19,113.809898,22.626801,0,0
34567,00:21:49,113.809898,22.626801,0,0
34567,00:22:50,113.808998,22.6252,0,13
34567,00:23:49,113.808098,22.621099,0,29
34567,00:24:49,113.813004,22.6124,0,33
34567,00:25:19,113.816498,22.610001,0,32
34567,00:25:49,113.819504,22.6119,0,27
34567,00:26:19,113.8237,22.614201,0,33
34567,00:28:21,113.843102,22.6215,0,30
34567,00:31:20,113.856499,22.609301,0,34
34567,00:31:50,113.859802,22.605801,0,34
34567,00:32:20,113.862701,22.6017,0,39
34567,00:33:21,113.868797,22.591999,0,39
34567,00:33:51,113.872002,22.587799,0,34
34567,00:34:21,113.875298,22.584101,0,33
34567,00:35:50,113.886703,22.573099,0,32
34567,00:39:51,113.9095,22.5473,0,25
34567,00:41:20,113.912003,22.544201,0,25
34567,00:42:20,113.918503,22.542999,0,0
34567,00:42:50,113.918701,22.5429,0,8
34567,00:43:51,113.925598,22.5422,0,24
34567,00:44:21,113.927002,22.539301,0,31
34567,00:45:21,113.9244,22.530199,0,28
34567,00:45:51,113.923698,22.5268,0,24
34567,00:46:20,113.926201,22.525,0,23
34567,00:47:20,113.932503,22.523701,0,3
34567,00:48:20,113.932999,22.525999,0,5
34567,00:48:51,113.933197,22.5264,0,3
34567,00:49:21,113.932602,22.523399,0,4
34567,00:49:51,113.932198,22.5224,0,15
34567,00:50:21,113.929802,22.522499,0,14
34567,00:50:51,113.928802,22.524599,0,25
34567,00:51:21,113.930298,22.5278,0,13
34567,00:52:50,113.926903,22.5285,0,10
34567,00:53:20,113.924698,22.529301,0,17
34567,00:53:51,113.9254,22.532,0,23
34567,00:55:21,113.927399,22.5364,0,11
34567,00:55:51,113.927101,22.539301,0,29
34567,00:57:20,113.929497,22.5492,0,18
34567,00:57:50,113.930901,22.5492,0,0
34567,00:58:51,113.930901,22.5445,0,17
34567,00:59:51,113.927803,22.5425,0,27
34567,01:00:21,113.922897,22.5431,0,30
34567,01:01:21,113.917999,22.5434,0,7
34567,01:01:51,113.9161,22.543501,0,16
34567,01:02:21,113.912804,22.5445,0,26
34567,01:02:51,113.910004,22.5478,0,32
34567,01:03:52,113.907402,22.554001,0,10
34567,01:07:22,113.888603,22.5714,0,33
34567,01:08:53,113.876801,22.5825,0,36
34567,01:10:52,113.864304,22.5996,0,41
34567,01:11:22,113.861099,22.604401,0,38
34567,01:12:52,113.852097,22.617901,0,36
34567,01:13:22,113.848503,22.6222,0,37
34567,01:14:23,113.842499,22.631399,0,40
34567,01:14:52,113.839996,22.634501,0,13
34567,01:15:22,113.838303,22.6355,0,28
34567,01:15:52,113.841301,22.632401,0,37
34567,01:16:52,113.845802,22.625,0,25
34567,01:17:22,113.845802,22.622601,0,27
34567,01:19:23,113.824799,22.614901,0,33
34567,01:20:22,113.816597,22.613899,0,33
34567,01:20:52,113.814301,22.6182,0,38
34567,01:21:52,113.812698,22.622999,0,0
34567,01:22:52,113.8134,22.6238,0,0
34567,01:23:22,113.8134,22.6238,0,0
34567,01:23:52,113.8134,22.6238,0,0
34567,01:24:23,113.8134,22.6238,0,0
34567,01:24:53,113.8134,22.6238,0,0
34567,01:25:23,113.8134,22.6238,0,0
34567,01:25:52,113.8134,22.6238,0,0
34567,01:26:52,113.8134,22.6238,0,0
34567,01:27:22,113.8134,22.6238,0,0
34567,01:28:22,113.8134,22.6238,0,0
34567,01:28:52,113.8134,22.6238,0,0
34567,01:29:23,113.8134,22.6238,0,0
34567,01:31:52,113.8134,22.6238,0,0
34567,01:32:22,113.8134,22.6238,0,0
34567,01:32:52,113.8134,22.6238,0,0
34567,01:34:23,113.8134,22.6238,0,0
34567,01:34:53,113.8134,22.6238,0,0
34567,01:35:23,113.8134,22.6238,0,0
34567,01:35:53,113.8134,22.6238,0,0
34567,01:36:23,113.8134,22.6238,0,0
34567,01:36:52,113.8134,22.6238,0,0
34567,01:37:52,113.8134,22.6238,0,0
34567,01:38:22,113.8134,22.6238,0,0
34567,01:38:52,113.8134,22.6238,0,0
34567,01:39:53,113.8134,22.6238,0,0
34567,01:40:53,113.8134,22.6238,0,0
34567,01:41:52,113.8134,22.6238,0,0
34567,01:42:22,113.8134,22.6238,0,0
34567,01:42:52,113.8134,22.6238,0,0
34567,01:43:22,113.8134,22.6238,0,0
34567,01:43:52,113.8134,22.6238,0,0
34567,01:44:22,113.8134,22.6238,0,0
34567,01:45:54,113.813599,22.6243,0,0
34567,01:46:54,113.8134,22.6252,0,8
34567,01:47:23,113.813301,22.6255,0,0
34567,01:47:53,113.813301,22.6255,0,0
34567,01:49:23,113.812698,22.6266,0,0
34567,01:49:54,113.812698,22.626699,0,4
34567,01:50:54,113.812401,22.6271,0,0
34567,01:51:54,113.810799,22.6278,0,0
34567,01:52:24,113.810402,22.627501,0,11
34567,01:53:23,113.809799,22.6269,0,8
34567,01:53:53,113.809898,22.626801,0,0
34567,01:55:24,113.809898,22.626801,0,0
34567,01:56:23,113.8078,22.624201,0,0
34567,01:56:53,113.807503,22.6222,0,26
34567,01:57:23,113.809898,22.618099,0,39
34567,01:57:53,113.8125,22.6133,0,34
34567,01:58:22,113.815498,22.610201,0,33
34567,01:58:52,113.819199,22.611401,0,29
34567,01:59:52,113.827904,22.6161,0,41
34567,02:00:52,113.839699,22.620701,0,44
34567,02:01:25,113.845398,22.6222,0,38
34567,02:01:55,113.850098,22.624701,0,29
34567,02:02:25,113.851799,22.625401,0,0
34567,02:02:55,113.852097,22.625299,0,11
34567,02:03:25,113.856102,22.625401,0,32
34567,02:03:54,113.861603,22.6236,0,43
34567,02:04:24,113.867302,22.621599,0,36
34567,02:04:54,113.872902,22.6187,0,48
34567,02:06:24,113.888802,22.601101,0,51
34567,02:06:54,113.894798,22.5968,0,52
34567,02:07:24,113.900398,22.591999,0,52
34567,02:07:54,113.9049,22.587099,0,44
34567,02:09:53,113.9217,22.569201,0,27
34567,02:10:23,113.926598,22.566299,0,49
34567,02:10:53,113.934303,22.565201,0,53
34567,02:11:23,113.942497,22.565001,0,52
34567,02:12:55,113.966301,22.561001,0,57
34567,02:13:25,113.974098,22.558399,0,53
34567,02:13:55,113.9804,22.553699,0,52
34567,02:14:25,113.987,22.5494,0,57
34567,02:14:54,113.995003,22.546301,0,58
34567,02:15:54,114.0103,22.539101,0,57
34567,02:16:24,114.014198,22.5319,0,57
34567,02:17:24,114.026604,22.521299,0,61
34567,02:18:24,114.041801,22.5137,0,53
34567,02:18:54,114.050102,22.5133,0,54
34567,02:19:24,114.057198,22.515699,0,31
34567,02:20:23,114.058296,22.516199,0,0
34567,02:21:23,114.058701,22.515301,0,2
34567,02:21:55,114.060501,22.517799,0,32
34567,02:22:25,114.064102,22.5214,0,31
34567,02:22:55,114.065399,22.522699,0,9
34567,02:24:55,114.068199,22.5217,0,0
34567,02:25:54,114.065399,22.5238,0,23
34567,02:27:25,114.068199,22.528999,0,33
34567,02:27:55,114.068497,22.5327,0,18
34567,02:28:56,114.068001,22.5326,0,0
34567,02:31:25,114.067101,22.5306,0,0
34567,02:31:54,114.067101,22.5306,0,0
34567,02:32:54,114.067101,22.5306,0,0
34567,02:33:54,114.067299,22.527599,0,9
34567,02:35:26,114.065598,22.5243,0,0
34567,02:36:56,114.064697,22.5231,0,15
34567,02:38:25,114.064003,22.521999,0,0
34567,02:38:55,114.064003,22.521999,0,0
34567,02:39:26,114.064003,22.521999,0,0
34567,02:40:26,114.064003,22.521999,0,0
34567,02:41:26,114.064003,22.521999,0,0
34567,02:42:26,114.063202,22.521,0,0
34567,02:42:56,114.063202,22.521,0,0
34567,02:44:56,114.063202,22.521,0,0
34567,02:45:56,114.063202,22.521,0,0
34567,02:46:26,114.063202,22.521,0,0
34567,02:46:56,114.063202,22.521,0,0
34567,02:47:56,114.063202,22.521,0,0
34567,02:48:26,114.063202,22.521,0,0
34567,02:48:55,114.062897,22.5205,0,12
34567,02:49:26,114.063202,22.52,0,0
34567,02:49:56,114.063202,22.52,0,0
34567,02:50:26,114.063202,22.52,0,0
34567,02:51:26,114.063202,22.52,0,0
34567,02:51:56,114.063202,22.52,0,0
34567,02:52:26,114.063202,22.52,0,0
34567,02:53:26,114.063202,22.52,0,0
34567,02:53:56,114.063202,22.52,0,0
34567,02:55:26,114.063202,22.52,0,0
34567,02:55:56,114.063202,22.52,0,0
34567,02:56:56,114.063202,22.52,0,0
34567,02:57:26,114.063202,22.52,0,0
34567,02:57:56,114.063202,22.52,0,0
34567,02:58:26,114.063202,22.52,0,0
34567,02:58:56,114.063202,22.52,0,0
34567,02:59:27,114.063797,22.5205,0,13
34567,02:59:56,114.065399,22.5228,0,24
34567,03:00:26,114.065804,22.523399,0,0
34567,03:00:56,114.065804,22.523399,0,0
34567,03:01:26,114.065804,22.523399,0,0
34567,03:01:56,114.065804,22.523399,0,0
34567,03:02:26,114.065804,22.523399,0,0
34567,03:03:26,114.065804,22.523399,0,0
34567,03:04:57,114.0672,22.523899,0,0
34567,03:05:26,114.0672,22.523899,0,0
34567,03:05:56,114.0672,22.523899,0,0
34567,03:06:26,114.0672,22.523899,0,0
34567,03:06:56,114.067703,22.5238,0,9
34567,03:07:26,114.0681,22.523701,0,0
34567,03:07:56,114.0681,22.523701,0,0
34567,03:08:26,114.0681,22.523701,0,0
34567,03:08:56,114.0681,22.523701,0,0
34567,03:09:26,114.0681,22.523701,0,0
34567,03:10:28,114.068398,22.523899,0,0
34567,03:11:57,114.068001,22.523899,0,0
34567,03:12:27,114.067902,22.523899,0,2
34567,03:12:57,114.067902,22.523899,0,0
34567,03:13:57,114.067802,22.523899,0,0
34567,03:14:27,114.067497,22.524099,0,9
34567,03:14:58,114.067001,22.5257,0,20
34567,03:15:58,114.068298,22.5355,0,37
34567,03:16:27,114.068199,22.540501,0,32
34567,03:16:57,114.068199,22.5453,0,34
34567,03:17:57,114.068001,22.5518,0,20
34567,03:18:27,114.068001,22.555599,0,31
34567,03:19:27,114.074799,22.5581,0,36
34567,03:19:58,114.080299,22.558201,0,36
34567,03:20:28,114.086197,22.5583,0,40
34567,03:20:58,114.090599,22.558399,0,1
34567,03:21:28,114.090599,22.559401,0,21
34567,03:21:57,114.089897,22.5606,0,0
34567,03:22:27,114.089897,22.560801,0,6
34567,03:22:57,114.091301,22.561199,0,11
34567,03:23:27,114.093002,22.559799,0,13
34567,03:23:57,114.0952,22.559601,0,7
34567,03:24:58,114.096497,22.5595,0,0
34567,03:25:28,114.096603,22.5595,0,0
34567,03:25:58,114.0989,22.5599,0,10
34567,03:26:28,114.097603,22.558599,0,25
34567,03:27:57,114.091003,22.554001,0,27
34567,03:28:27,114.091003,22.5508,0,28
34567,03:28:57,114.091103,22.5464,0,34
34567,03:29:27,114.091103,22.545601,0,0
34567,03:29:57,114.091103,22.545601,0,0
34567,03:30:58,114.091103,22.5418,0,0
34567,03:31:28,114.091103,22.5418,0,0
34567,03:31:58,114.091202,22.5415,0,3
34567,03:32:57,114.087997,22.5376,0,27
34567,03:33:27,114.083397,22.5373,0,31
34567,03:33:57,114.079903,22.536501,0,19
34567,03:34:27,114.079697,22.536301,0,0
34567,03:35:28,114.078201,22.5347,0,7
34567,03:36:28,114.077003,22.5355,0,0
34567,03:36:58,114.077103,22.5359,0,8
34567,03:37:58,114.077499,22.5387,0,14
34567,03:38:28,114.078102,22.5401,0,0
34567,03:38:57,114.078102,22.5401,0,0
34567,03:39:28,114.081703,22.5429,0,13
34567,03:39:58,114.0821,22.5427,0,2
34567,03:40:28,114.082497,22.542801,0,0
34567,03:41:28,114.082298,22.5429,0,0
34567,03:42:28,114.082497,22.5431,0,13
34567,03:42:58,114.084099,22.542601,0,8
34567,03:44:28,114.084099,22.538099,0,16
34567,03:45:28,114.082703,22.537399,0,0
34567,03:45:58,114.082199,22.5373,0,15
34567,03:47:28,114.078201,22.534599,0,0
34567,03:47:58,114.078201,22.534599,0,0
34567,03:48:28,114.077698,22.533199,0,20
34567,03:48:58,114.075203,22.532,0,18
34567,03:49:29,114.074997,22.5333,0,14
34567,03:50:28,114.074898,22.5348,0,0
34567,03:50:58,114.074898,22.5348,0,0
34567,03:51:28,114.073402,22.5359,0,12
34567,03:51:58,114.072197,22.5361,0,10
34567,03:52:28,114.072098,22.5371,0,0
34567,03:53:28,114.072098,22.5371,0,0
34567,03:53:58,114.072098,22.5371,0,0
34567,03:54:29,114.072098,22.5371,0,0
34567,03:55:28,114.072098,22.5371,0,0
34567,03:55:58,114.072098,22.5371,0,0
34567,03:56:28,114.072098,22.5371,0,0
34567,03:58:28,114.072098,22.5371,0,0
34567,03:58:58,114.072098,22.5371,0,0
34567,03:59:30,114.072098,22.5371,0,0
34567,04:00:00,114.072098,22.5371,0,0
34567,04:00:30,114.072098,22.5371,0,0
34567,04:01:00,114.072098,22.5371,0,0
34567,04:01:29,114.072098,22.5371,0,0
34567,04:01:59,114.072098,22.5371,0,0
34567,04:02:29,114.072098,22.5371,0,0
34567,04:02:59,114.072098,22.5371,0,0
34567,04:04:59,114.072098,22.5371,0,0
34567,04:05:29,114.072098,22.537201,0,0
34567,04:05:59,114.072098,22.537201,0,0
34567,04:06:58,114.072098,22.537201,0,0
34567,04:07:58,114.072098,22.537201,0,0
34567,04:08:28,114.072098,22.537201,0,0
34567,04:10:30,114.072098,22.537201,0,0
34567,04:11:00,114.072098,22.537201,0,0
34567,04:12:00,114.072098,22.537201,0,0
34567,04:13:59,114.072098,22.537201,0,0
34567,04:15:00,114.072098,22.537201,0,0
34567,04:15:30,114.072098,22.537201,0,0
34567,04:16:00,114.072098,22.537201,0,0
34567,04:16:30,114.072098,22.537201,0,0
34567,04:17:00,114.072098,22.537201,0,0
34567,04:20:30,114.072098,22.537201,0,0
34567,04:21:00,114.072098,22.537201,0,0
34567,04:22:30,114.071999,22.5418,0,23
34567,04:23:00,114.073898,22.542801,0,21
34567,04:23:30,114.076103,22.5427,0,13
34567,04:23:59,114.076202,22.544001,0,25
34567,04:25:00,114.076202,22.5488,0,0
34567,04:26:00,114.077904,22.5536,0,7
34567,04:26:30,114.077904,22.553699,0,0
34567,04:27:00,114.080101,22.556601,0,37
34567,04:28:00,114.085899,22.564699,0,32
34567,04:30:00,114.103798,22.572599,0,35
34567,04:30:30,114.107101,22.573799,0,22
34567,04:31:00,114.107803,22.572599,0,0
34567,04:32:00,114.107803,22.5704,0,1
34567,04:32:30,114.107803,22.570101,0,8
34567,04:33:00,114.107697,22.5709,0,13
34567,04:34:00,114.106903,22.575001,0,21
34567,04:34:29,114.107002,22.5753,0,11
34567,04:35:31,114.100998,22.571501,0,27
34567,04:36:31,114.0951,22.5693,0,11
34567,04:37:01,114.094597,22.57,0,0
34567,04:38:01,114.091599,22.5697,0,0
34567,04:38:31,114.089897,22.570101,0,13
34567,04:39:01,114.087997,22.5709,0,19
34567,04:39:31,114.085403,22.5702,0,9
34567,04:41:00,114.083504,22.5716,0,0
34567,04:41:30,114.083504,22.5716,0,0
34567,04:42:00,114.083504,22.5716,0,0
34567,04:42:30,114.083504,22.5716,0,0
34567,04:43:31,114.083504,22.5716,0,0
34567,04:44:01,114.083504,22.5716,0,0
34567,04:44:31,114.083504,22.5716,0,0
34567,04:45:01,114.083504,22.5716,0,0
34567,04:45:31,114.083504,22.5716,0,0
34567,04:46:00,114.083504,22.5716,0,0
34567,04:48:00,114.083504,22.5716,0,0
34567,04:48:31,114.083504,22.5716,0,0
34567,04:49:01,114.083504,22.5716,0,0
34567,04:49:31,114.083504,22.5716,0,0
34567,04:50:31,114.083504,22.5716,0,0
34567,04:51:01,114.083504,22.5716,0,0
34567,04:51:31,114.083504,22.5716,0,0
34567,04:52:00,114.083504,22.5716,0,0
34567,04:52:30,114.083504,22.5716,0,0
34567,04:53:31,114.083504,22.5716,0,0
34567,04:54:01,114.083504,22.5716,0,0
34567,04:54:31,114.083504,22.5716,0,0
34567,04:55:01,114.083504,22.5716,0,0
34567,04:56:01,114.082901,22.5721,0,9
34567,04:56:31,114.081001,22.572599,0,15
34567,04:57:01,114.078201,22.572901,0,21
34567,04:57:30,114.075302,22.571899,0,21
34567,04:58:00,114.072502,22.5702,0,22
34567,04:58:32,114.068901,22.569401,0,27
34567,04:59:02,114.067596,22.572001,0,23
34567,04:59:32,114.066498,22.5756,0,28
34567,05:00:02,114.062698,22.5779,0,26
34567,05:00:32,114.058403,22.578501,0,28
34567,05:03:01,114.048698,22.595301,0,24
34567,05:03:31,114.0466,22.598301,0,28
34567,05:04:01,114.044296,22.6003,0,17
34567,05:05:31,114.043999,22.600901,0,0
34567,05:06:01,114.043999,22.600901,0,0
34567,05:06:31,114.044197,22.6008,0,0
34567,05:07:01,114.044197,22.6008,0,0
34567,05:08:01,114.044197,22.6008,0,0
34567,05:08:33,114.044197,22.6008,0,0
34567,05:09:02,114.044197,22.6007,0,0
34567,05:09:32,114.044197,22.6007,0,0
34567,05:10:32,114.043701,22.600599,0,0
34567,05:11:02,114.044502,22.601299,0,2
34567,05:11:32,114.0438,22.6007,0,0
34567,05:12:02,114.044197,22.600599,0,1
34567,05:12:32,114.044197,22.600599,0,2
34567,05:14:02,114.044098,22.601101,0,0
34567,05:14:31,114.044098,22.601101,0,0
34567,05:15:01,114.044098,22.601101,0,0
34567,05:15:32,114.044098,22.601101,0,0
34567,05:16:32,114.044098,22.601101,0,0
34567,05:17:02,114.044098,22.601101,0,0
34567,05:18:02,114.044098,22.601101,0,0
34567,05:18:32,114.044098,22.601101,0,0
34567,05:19:02,114.044098,22.601101,0,0
34567,05:19:32,114.044098,22.601101,0,0
34567,05:20:01,114.044098,22.601101,0,0
34567,05:20:33,114.044098,22.601101,0,0
34567,05:22:03,114.044098,22.601101,0,0
34567,05:23:03,114.043701,22.6012,0,0
34567,05:23:33,114.043701,22.6012,0,0
34567,05:24:33,114.043701,22.6012,0,0
34567,05:27:02,114.043701,22.6012,0,0
34567,05:27:32,114.043701,22.6014,0,3
34567,05:28:02,114.043701,22.6015,0,0
34567,05:28:32,114.043701,22.6015,0,0
34567,05:30:34,114.043701,22.6015,0,0
34567,05:31:04,114.043701,22.6015,0,0
34567,05:32:03,114.043701,22.6015,0,0
34567,05:32:33,114.043701,22.6015,0,0
34567,05:33:03,114.043701,22.6015,0,0
34567,05:33:33,114.043701,22.6015,0,0
34567,05:34:03,114.043701,22.6015,0,0
34567,05:34:33,114.043701,22.6015,0,0
34567,05:35:03,114.043701,22.6015,0,0
34567,05:35:33,114.043701,22.6015,0,0
34567,05:36:33,114.043701,22.6015,0,0
34567,05:37:32,114.043701,22.6015,0,0
34567,05:38:02,114.043701,22.6015,0,0
34567,05:39:32,114.043701,22.6015,0,0
34567,05:40:02,114.043701,22.6015,0,0
34567,05:40:32,114.043701,22.6015,0,0
34567,05:41:34,114.043701,22.6015,0,0
34567,05:42:33,114.043701,22.6015,0,0
34567,05:43:03,114.043701,22.6015,0,0
34567,05:43:33,114.043701,22.6015,0,0
34567,05:44:03,114.043701,22.6015,0,0
34567,05:44:33,114.043701,22.6015,0,0
34567,05:45:03,114.043701,22.6015,0,0
34567,05:45:33,114.043701,22.6015,0,0
34567,05:46:04,114.043701,22.6015,0,0
34567,05:47:04,114.043701,22.6015,0,0
34567,05:47:34,114.043701,22.6015,0,0
34567,05:48:33,114.043701,22.6015,0,0
34567,05:49:03,114.043701,22.6015,0,0
34567,05:49:33,114.043701,22.6015,0,0
34567,05:50:33,114.043701,22.6015,0,0
34567,05:51:04,114.043701,22.6015,0,0
34567,05:51:34,114.043701,22.6015,0,0
34567,05:52:04,114.043701,22.6015,0,0
34567,05:52:34,114.043701,22.6015,0,0
34567,05:53:04,114.043701,22.6015,0,0
34567,05:53:33,114.043701,22.6015,0,0
34567,05:55:03,114.043701,22.6015,0,0
34567,05:56:04,114.043701,22.6015,0,0
34567,05:57:04,114.043701,22.6015,0,0
34567,05:57:34,114.043701,22.6015,0,0
34567,05:58:04,114.043701,22.6015,0,0
34567,05:58:34,114.043701,22.6015,0,0
34567,05:59:03,114.043701,22.6015,0,0
34567,05:59:33,114.043701,22.6015,0,0
34567,06:00:03,114.043701,22.6015,0,0
34567,06:00:33,114.043701,22.6015,0,0
34567,06:01:34,114.043701,22.6015,0,0
34567,06:02:04,114.043701,22.6015,0,0
34567,06:02:34,114.043701,22.6015,0,0
34567,06:03:04,114.043701,22.6015,0,0
34567,06:04:04,114.043701,22.6015,0,0
34567,06:04:33,114.043701,22.6015,0,0
34567,06:05:03,114.043701,22.6015,0,0
34567,06:06:05,114.043701,22.6015,0,0
34567,06:07:05,114.043701,22.6015,0,0
34567,06:08:05,114.043701,22.6015,0,0
34567,06:08:35,114.043701,22.6015,0,0
34567,06:09:05,114.043701,22.6015,0,0
34567,06:09:35,114.043701,22.601601,0,8
34567,06:10:04,114.044296,22.604601,0,19
34567,06:11:04,114.042603,22.603001,0,3
34567,06:12:34,114.045799,22.5963,0,24
34567,06:13:04,114.048103,22.5928,0,31
34567,06:13:34,114.050697,22.5893,0,26
34567,06:14:04,114.053101,22.5853,0,36
34567,06:14:34,114.055199,22.5802,0,39
34567,06:15:33,114.060997,22.5739,0,35
34567,06:16:35,114.062302,22.5646,0,32
34567,06:17:05,114.061897,22.5623,0,13
34567,06:17:35,114.059799,22.562401,0,2
34567,06:19:05,114.0597,22.562401,0,0
34567,06:20:05,114.059402,22.562201,0,0
34567,06:21:04,114.059402,22.562201,0,0
34567,06:21:35,114.059402,22.562201,0,0
34567,06:22:35,114.058899,22.562201,0,1
34567,06:23:05,114.058601,22.562099,0,4
34567,06:24:05,114.058998,22.562599,0,0
34567,06:25:06,114.059799,22.562599,0,1
34567,06:26:06,114.059799,22.5625,0,2
34567,06:26:35,114.0597,22.5625,0,0
34567,06:27:05,114.0597,22.562599,0,0
34567,06:28:05,114.059601,22.563,0,0
34567,06:30:36,114.059799,22.562799,0,1
34567,06:31:36,114.059799,22.563,0,2
34567,06:32:05,114.061302,22.563299,0,9
34567,06:34:05,114.061699,22.563499,0,0
34567,06:34:35,114.060097,22.5627,0,0
34567,06:35:06,114.060898,22.563101,0,0
34567,06:35:36,114.059402,22.562799,0,0
34567,06:36:06,114.059303,22.562901,0,0
34567,06:36:36,114.059601,22.562799,0,0
34567,06:38:35,114.059601,22.562799,0,0
34567,06:39:05,114.059799,22.5632,0,0
34567,06:41:06,114.0597,22.563601,0,0
34567,06:41:36,114.0597,22.5632,0,0
34567,06:42:06,114.0597,22.5632,0,0
34567,06:42:36,114.0597,22.5632,0,2
34567,06:43:05,114.0597,22.563299,0,0
34567,06:43:35,114.059601,22.562901,0,0
34567,06:44:05,114.0597,22.563299,0,0
34567,06:44:35,114.0597,22.5634,0,0
34567,06:45:37,114.0597,22.5634,0,0
34567,06:46:37,114.059402,22.562599,0,0
34567,06:47:07,114.059402,22.562599,0,0
34567,06:48:37,114.059402,22.562599,0,0
34567,06:49:06,114.059402,22.562599,0,0
34567,06:49:36,114.059402,22.562599,0,0
34567,06:50:06,114.059402,22.562599,0,0
34567,06:50:36,114.058998,22.561501,0,0
34567,06:51:36,114.059303,22.5623,0,0
34567,06:53:36,114.054497,22.562401,0,0
34567,06:54:06,114.053902,22.5625,0,22
34567,06:54:36,114.049599,22.561701,0,33
34567,06:56:06,114.043999,22.556999,0,0
34567,06:56:36,114.043999,22.556999,0,0
34567,06:57:06,114.043999,22.556999,0,0
34567,06:58:06,114.044098,22.551001,0,0
34567,07:00:06,114.044296,22.539499,0,35
34567,07:00:35,114.043701,22.5387,0,14
34567,07:02:06,114.042801,22.5399,0,0
34567,07:02:36,114.042999,22.5394,0,0
34567,07:04:06,114.041298,22.5418,0,3
34567,07:05:06,114.042198,22.5406,0,0
34567,07:05:36,114.042999,22.5411,0,9
34567,07:07:05,114.044403,22.535101,0,33
34567,07:07:35,114.044601,22.530199,0,35
34567,07:08:37,114.044296,22.5289,0,0
34567,07:09:37,114.043297,22.5301,0,6
34567,07:10:37,114.042503,22.531,0,16
34567,07:11:07,114.045502,22.5312,0,25
34567,07:11:36,114.049599,22.5312,0,27
34567,07:12:06,114.052498,22.5313,0,0
34567,07:12:36,114.055298,22.531401,0,29
34567,07:13:38,114.0634,22.531401,0,29
34567,07:14:08,114.067497,22.531401,0,26
34567,07:15:07,114.068199,22.5352,0,44
34567,07:15:37,114.068298,22.5408,0,36
34567,07:16:07,114.068001,22.5457,0,39
34567,07:16:37,114.068001,22.5473,0,0
34567,07:17:06,114.068001,22.5476,0,16
34567,07:19:06,114.068001,22.5508,0,0
34567,07:19:38,114.067902,22.552,0,33
34567,07:20:38,114.067902,22.557699,0,0
34567,07:22:08,114.067802,22.5592,0,34
34567,07:23:07,114.067596,22.570499,0,40
34567,07:24:07,114.061203,22.5781,0,42
34567,07:24:37,114.055801,22.579599,0,40
34567,07:25:08,114.053299,22.5849,0,37
34567,07:25:38,114.050697,22.589399,0,33
34567,07:26:08,114.046501,22.5931,0,40
34567,07:26:38,114.043999,22.595699,0,10
34567,07:28:37,114.030098,22.607,0,35
34567,07:30:08,114.025902,22.612101,0,12
34567,07:31:38,114.026604,22.612499,0,0
34567,07:33:38,114.029297,22.607401,0,18
34567,07:34:07,114.032303,22.604401,0,33
34567,07:34:37,114.034302,22.6024,0,9
34567,07:35:07,114.0364,22.604401,0,26
34567,07:36:07,114.040604,22.6047,0,29
34567,07:36:37,114.041901,22.6031,0,14
34567,07:37:07,114.039902,22.601101,0,21
34567,07:37:37,114.038002,22.599501,0,0
34567,07:39:38,114.045097,22.5944,0,26
34567,07:40:38,114.046097,22.5933,0,0
34567,07:43:08,114.046402,22.592699,0,1
34567,07:43:39,114.046501,22.5926,0,0
34567,07:44:39,114.0466,22.5924,0,0
34567,07:49:39,114.048103,22.5912,0,0
34567,07:50:09,114.0485,22.5909,0,4
34567,07:50:38,114.049004,22.5905,0,1
34567,07:51:08,114.049698,22.59,0,2
34567,07:51:38,114.050598,22.5893,0,6
34567,07:52:08,114.052399,22.587601,0,24
34567,07:53:38,114.0588,22.578199,0,16
34567,07:54:10,114.060501,22.5763,0,25
34567,07:55:10,114.062202,22.568399,0,25
34567,07:56:09,114.061302,22.562401,0,10
34567,07:57:09,114.058601,22.562401,0,7
34567,07:57:39,114.058502,22.562201,0,0
34567,07:58:09,114.056396,22.562599,0,27
34567,07:58:39,114.054298,22.5632,0,16
34567,07:59:39,114.052101,22.5627,0,31
34567,08:00:09,114.0495,22.561701,0,29
34567,08:00:39,114.046097,22.5588,0,31
34567,08:01:09,114.044098,22.556999,0,0
34567,08:01:38,114.044098,22.556999,0,0
34567,08:02:38,114.044098,22.556999,0,0
34567,08:03:08,114.044098,22.556999,0,0
34567,08:03:38,114.044098,22.556999,0,0
34567,08:04:40,114.044098,22.5536,0,0
34567,08:05:40,114.044197,22.5515,0,0
34567,08:06:10,114.044197,22.5515,0,6
34567,08:06:40,114.044197,22.548401,0,29
34567,08:12:15,114.044197,22.548401,0,0
34567,08:18:13,114.044197,22.548401,0,0
34567,08:24:11,114.044197,22.548401,0,0
34567,08:29:13,114.044197,22.548401,0,0
34567,08:29:40,114.063202,22.5399,0,0
34567,08:30:10,114.062599,22.5399,0,3
34567,08:30:40,114.0625,22.5399,0,0
34567,08:31:10,114.062103,22.5394,0,5
34567,08:32:11,114.060501,22.538799,0,0
34567,08:32:41,114.063004,22.539801,0,0
34567,08:33:42,114.062103,22.537001,0,0
34567,08:34:41,114.063301,22.5371,0,6
34567,08:35:40,114.061897,22.5324,0,19
34567,08:36:10,114.059303,22.531799,0,25
34567,08:37:10,114.051498,22.5315,0,24
34567,08:37:42,114.047096,22.5315,0,30
34567,08:38:12,114.041702,22.5312,0,35
34567,08:39:42,114.027702,22.530899,0,21
34567,08:40:12,114.025497,22.5324,0,12
34567,08:40:42,114.024597,22.5352,0,24
34567,08:41:11,114.023804,22.538401,0,26
34567,08:42:11,114.021896,22.539499,0,15
34567,08:42:41,114.021202,22.5394,0,0
34567,08:43:11,114.021202,22.5394,0,0
34567,08:43:41,114.020401,22.5392,0,10
34567,08:46:10,114.015999,22.540001,0,0
34567,08:47:10,114.017403,22.541901,0,0
34567,08:47:42,114.017403,22.541901,0,0
34567,08:48:12,114.017403,22.541901,0,0
34567,08:48:42,114.017403,22.541901,0,0
34567,08:49:12,114.0186,22.542299,0,0
34567,08:49:42,114.019997,22.5425,0,10
34567,08:50:12,114.021698,22.5427,0,11
34567,08:50:42,114.022697,22.5413,0,18
34567,08:51:41,114.024002,22.5371,0,11
34567,08:53:11,114.028,22.530399,0,34
34567,08:53:41,114.0317,22.530001,0,26
34567,08:54:11,114.036102,22.530399,0,14
34567,08:55:11,114.043198,22.5312,0,25
34567,08:55:41,114.047897,22.5313,0,28
34567,08:56:41,114.056999,22.531401,0,28
34567,08:57:11,114.059998,22.5315,0,15
34567,08:57:40,114.062897,22.5306,0,25
34567,08:58:12,114.063103,22.528,0,9
34567,08:58:42,114.063103,22.526699,0,3
34567,08:59:12,114.063103,22.5264,0,14
34567,08:59:42,114.063103,22.525101,0,9
34567,09:00:42,114.062599,22.5229,0,26
34567,09:02:12,114.061996,22.5219,0,19
34567,09:02:42,114.063301,22.5256,0,12
34567,09:03:11,114.063103,22.5256,0,0
34567,09:03:41,114.063301,22.5259,0,8
34567,09:04:11,114.063004,22.527901,0,23
34567,09:04:41,114.063202,22.5322,0,33
34567,09:05:11,114.063103,22.533701,0,0
34567,09:05:41,114.063202,22.533899,0,7
34567,09:06:11,114.062302,22.5355,0,24
34567,09:06:41,114.058197,22.535601,0,15
34567,09:07:11,114.058197,22.5371,0,0
34567,09:08:35,114.057701,22.537701,0,0
34567,09:09:05,114.056999,22.5375,0,4
34567,09:09:35,114.056099,22.5382,0,9
34567,09:11:54,114.055801,22.5357,0,0
34567,09:12:24,114.055801,22.5357,0,0
34567,09:12:54,114.056,22.533199,0,29
34567,09:13:25,114.056,22.532101,0,0
34567,09:13:55,114.049004,22.5317,0,0
34567,09:14:25,114.047699,22.531601,0,3
34567,09:14:55,114.047501,22.531601,0,0
34567,09:15:25,114.047302,22.5317,0,4
34567,09:15:55,114.047096,22.5317,0,0
34567,09:16:25,114.046898,22.5317,0,0
34567,09:16:54,114.0466,22.531601,0,4
34567,09:17:24,114.046303,22.531601,0,0
34567,09:17:54,114.0457,22.531601,0,0
34567,09:18:24,114.045097,22.531601,0,5
34567,09:18:55,114.044197,22.5315,0,4
34567,09:19:25,114.0438,22.5315,0,0
34567,09:19:55,114.043602,22.5315,0,4
34567,09:20:25,114.043297,22.5317,0,4
34567,09:20:55,114.043701,22.532,0,4
34567,09:21:25,114.0439,22.532,0,0
34567,09:21:55,114.043999,22.532101,0,0
34567,09:22:25,114.044403,22.531799,0,2
34567,09:22:54,114.044403,22.531401,0,3
34567,09:23:54,114.044601,22.5278,0,15
34567,09:24:26,114.043701,22.5277,0,1
34567,09:24:56,114.042397,22.527201,0,0
34567,09:25:26,114.041397,22.527,0,8
34567,09:25:56,114.039703,22.5273,0,8
34567,09:26:26,114.038399,22.5289,0,14
34567,09:26:56,114.037598,22.5294,0,14
34567,09:27:26,114.036201,22.5291,0,1
34567,09:27:56,114.035896,22.5289,0,0
34567,09:28:25,114.035797,22.5291,0,0
34567,09:28:55,114.036003,22.528099,0,12
34567,09:29:25,114.035599,22.528,0,1
34567,09:29:55,114.035202,22.527901,0,0
34567,09:30:25,114.034798,22.5278,0,0
34567,09:30:55,114.034897,22.5277,0,8
34567,09:31:25,114.038101,22.527399,0,22
34567,09:32:25,114.0383,22.5299,0,3
34567,09:32:55,114.038498,22.530399,0,0
34567,09:33:25,114.039001,22.5306,0,0
34567,09:33:54,114.039902,22.5308,0,15
34567,09:34:26,114.043602,22.5312,0,33
34567,09:34:56,114.0476,22.5312,0,17
34567,09:35:26,114.051804,22.5313,0,24
34567,09:35:56,114.057098,22.5313,0,31
34567,09:36:26,114.058601,22.529301,0,13
34567,09:36:56,114.059097,22.527901,0,0
34567,09:37:26,114.059097,22.527901,0,0
34567,09:38:26,114.060402,22.527399,0,11
34567,09:38:27,114.060402,22.527399,0,13
34567,09:38:56,114.060799,22.5271,0,0
34567,09:39:27,114.059998,22.5268,0,0
34567,09:39:57,114.0597,22.5268,0,0
34567,09:40:27,114.058998,22.528799,0,20
34567,09:40:57,114.058701,22.5301,0,25
34567,09:41:27,114.058296,22.534201,0,19
34567,09:41:56,114.0588,22.5354,0,16
34567,09:42:26,114.059502,22.534599,0,0
34567,09:42:56,114.060699,22.5341,0,18
34567,09:43:25,114.062103,22.534401,0,0
34567,09:43:55,114.062401,22.5354,0,0
34567,09:44:25,114.062202,22.5355,0,0
34567,09:44:55,114.062202,22.5355,0,0
34567,09:45:25,114.062897,22.535801,0,10
34567,09:46:25,114.063301,22.539101,0,9
34567,09:46:55,114.063103,22.542,0,31
34567,09:48:27,114.066002,22.5476,0,0
34567,09:49:27,114.0662,22.5476,0,0
34567,09:49:57,114.0662,22.5476,0,0
34567,09:50:27,114.0662,22.5476,0,0
34567,09:50:57,114.0662,22.5476,0,0
34567,09:51:27,114.0662,22.5476,0,0
34567,09:51:57,114.0662,22.5476,0,0
34567,09:52:27,114.0662,22.5476,0,0
34567,09:52:56,114.0662,22.5476,0,0
34567,09:53:26,114.0662,22.5476,0,0
34567,09:54:29,114.067902,22.5459,0,30
34567,09:55:29,114.0681,22.535101,0,38
34567,09:55:59,114.066399,22.532101,0,15
34567,09:57:29,114.054298,22.531799,0,25
34567,09:58:28,114.0532,22.535801,0,9
34567,09:58:58,114.052902,22.5355,0,1
34567,09:59:28,114.052597,22.5362,0,0
34567,09:59:58,114.052399,22.5364,0,3
34567,10:00:58,114.052101,22.5373,0,17
34567,10:01:28,114.053101,22.537399,0,3
34567,10:01:58,114.055702,22.537399,0,0
34567,10:02:28,114.056702,22.537399,0,20
34567,10:02:58,114.057999,22.5371,0,4
34567,10:03:29,114.058197,22.535999,0,0
34567,10:03:59,114.058197,22.535999,0,0
34567,10:04:58,114.058197,22.535999,0,0
34567,10:05:28,114.058601,22.5354,0,20
34567,10:05:58,114.062401,22.5355,0,26
34567,10:06:28,114.063301,22.5373,0,18
34567,10:06:58,114.063301,22.539,0,7
34567,10:07:28,114.063202,22.540899,0,23
34567,10:07:58,114.063004,22.545099,0,14
34567,10:08:30,114.063004,22.547501,0,18
34567,10:09:00,114.062897,22.5508,0,21
34567,10:09:59,114.066399,22.5511,0,0
34567,10:10:29,114.067001,22.5511,0,17
34567,10:10:59,114.065498,22.5513,0,25
34567,10:11:29,114.064499,22.551399,0,0
34567,10:11:59,114.064499,22.551399,0,0
34567,10:12:59,114.062798,22.553101,0,27
34567,10:13:59,114.064003,22.557899,0,27
34567,10:14:29,114.066803,22.557899,0,21
34567,10:14:59,114.067596,22.556,0,24
34567,10:15:28,114.0662,22.5546,0,6
34567,10:15:58,114.065903,22.5546,0,0
34567,10:16:28,114.065498,22.5546,0,0
34567,10:16:58,114.065498,22.5546,0,0
34567,10:17:28,114.065498,22.5546,0,0
34567,10:18:28,114.065498,22.5546,0,0
34567,10:19:00,114.065498,22.5546,0,0
34567,10:19:30,114.065498,22.5546,0,0
34567,10:20:00,114.065498,22.5546,0,0
34567,10:20:30,114.065498,22.5546,0,0
34567,10:20:59,114.065498,22.5546,0,0
34567,10:21:29,114.065498,22.5546,0,0
34567,10:21:59,114.065498,22.5546,0,0
34567,10:22:29,114.065498,22.5546,0,0
34567,10:22:59,114.065399,22.5546,0,0
34567,10:23:29,114.065399,22.5546,0,0
34567,10:24:00,114.065399,22.5546,0,0
34567,10:24:30,114.065598,22.554399,0,0
34567,10:25:00,114.065598,22.554399,0,0
34567,10:25:30,114.065598,22.554399,0,0
34567,10:26:00,114.065598,22.554399,0,0
34567,10:26:59,114.063301,22.5546,0,13
34567,10:27:29,114.062798,22.556801,0,27
34567,10:27:59,114.062897,22.5578,0,0
34567,10:28:29,114.062897,22.5578,0,0
34567,10:29:00,114.062897,22.5578,0,0
34567,10:29:30,114.062897,22.5578,0,0
34567,10:30:00,114.062897,22.5578,0,0
34567,10:31:00,114.063599,22.557899,0,23
34567,10:31:30,114.0662,22.5581,0,8
34567,10:32:29,114.066704,22.5581,0,0
34567,10:32:59,114.066902,22.5581,0,0
34567,10:33:29,114.064903,22.5581,0,30
34567,10:34:30,114.058998,22.562401,0,17
34567,10:35:00,114.060799,22.5625,0,12
34567,10:35:30,114.062103,22.5625,0,11
34567,10:36:00,114.0625,22.5592,0,27
34567,10:37:00,114.062698,22.5518,0,0
34567,10:37:59,114.062698,22.5518,0,0
34567,10:38:29,114.062698,22.5518,0,0
34567,10:41:30,114.067902,22.547701,0,9
34567,10:42:00,114.069504,22.547899,0,8
34567,10:42:29,114.069801,22.548,0,0
34567,10:43:29,114.071297,22.5481,0,18
34567,10:43:59,114.074699,22.5473,0,23
34567,10:44:30,114.075302,22.547199,0,0
34567,10:45:30,114.075302,22.547199,0,0
34567,10:46:30,114.076202,22.5473,0,15
34567,10:48:29,114.0802,22.556499,0,9
34567,10:48:59,114.080597,22.556999,0,0
34567,10:49:30,114.081398,22.557899,0,13
34567,10:50:00,114.082199,22.559401,0,9
34567,10:50:30,114.081299,22.559099,0,0
34567,10:51:00,114.0812,22.558901,0,0
34567,10:51:30,114.080704,22.557899,0,20
34567,10:53:31,114.090897,22.556999,0,30
34567,10:54:30,114.090897,22.554399,0,0
34567,10:55:30,114.091003,22.5508,0,7
34567,10:56:30,114.091202,22.545601,0,0
34567,10:58:01,114.093002,22.543301,0,0
34567,10:59:01,114.098396,22.5434,0,0
34567,10:59:30,114.098396,22.5434,0,0
34567,11:01:00,114.105301,22.5445,0,0
34567,11:01:30,114.105301,22.5445,0,0
34567,11:02:00,114.105797,22.5445,0,15
34567,11:03:02,114.112198,22.5457,0,16
34567,11:03:32,114.113998,22.5459,0,25
34567,11:04:02,114.116997,22.546101,0,20
34567,11:05:01,114.117699,22.5441,0,0
34567,11:06:01,114.119598,22.542101,0,5
34567,11:06:31,114.119598,22.542101,0,0
34567,11:07:01,114.119598,22.542101,0,0
34567,11:07:31,114.119797,22.541901,0,8
34567,11:08:01,114.120598,22.542,0,0
34567,11:09:01,114.121002,22.5429,0,8
34567,11:10:31,114.121498,22.543301,0,14
34567,11:11:30,114.120697,22.541901,0,0
34567,11:12:00,114.120697,22.541901,0,0
34567,11:13:02,114.119102,22.540501,0,0
34567,11:13:32,114.119102,22.540501,0,0
34567,11:14:02,114.118599,22.5401,0,14
34567,11:14:32,114.116302,22.5397,0,18
34567,11:15:02,114.113899,22.539,0,10
34567,11:16:31,114.112297,22.5387,0,0
34567,11:17:01,114.111397,22.541401,0,14
34567,11:18:01,114.111397,22.541599,0,0
34567,11:18:31,114.111397,22.541599,0,0
34567,11:19:31,114.110298,22.5432,0,0
34567,11:20:32,114.110603,22.539499,0,19
34567,11:21:02,114.111,22.5366,0,24
34567,11:21:31,114.111504,22.5329,0,28
34567,11:22:31,114.114197,22.531099,0,0
34567,11:23:01,114.114197,22.531099,0,0
34567,11:25:02,114.112602,22.5361,0,1
34567,11:25:32,114.112602,22.5361,0,0
34567,11:26:02,114.112198,22.536699,0,2
34567,11:26:32,114.112,22.5376,0,12
34567,11:27:01,114.111504,22.541,0,32
34567,11:27:31,114.110901,22.5441,0,17
34567,11:28:01,114.110397,22.5471,0,6
34567,11:28:32,114.110397,22.547199,0,0
34567,11:29:02,114.110298,22.548,0,18
34567,11:30:02,114.109802,22.5536,0,0
34567,11:31:02,114.111198,22.557199,0,28
34567,11:33:01,114.113998,22.5739,0,27
34567,11:33:33,114.114304,22.5767,0,13
34567,11:34:02,114.113197,22.5772,0,16
34567,11:34:32,114.111298,22.576799,0,15
34567,11:35:02,114.108398,22.576,0,26
34567,11:35:32,114.105904,22.5746,0,9
34567,11:36:32,114.100601,22.571199,0,17
34567,11:37:02,114.098801,22.5702,0,8
34567,11:37:32,114.097298,22.569599,0,9
34567,11:38:31,114.094299,22.568399,0,8
34567,11:39:31,114.090897,22.567499,0,14
34567,11:40:01,114.088501,22.566999,0,23
34567,11:40:31,114.085899,22.568501,0,28
34567,11:41:31,114.081001,22.572599,0,15
34567,11:42:01,114.077599,22.5728,0,22
34567,11:43:30,114.068604,22.569401,0,17
34567,11:44:31,114.067398,22.5735,0,14
34567,11:46:31,114.054298,22.5823,0,27
34567,11:47:01,114.053101,22.586,0,29
34567,11:49:03,114.044197,22.6,0,15
34567,11:49:33,114.043701,22.6028,0,25
34567,11:50:33,114.044701,22.6077,0,7
34567,11:51:03,114.044998,22.6094,0,8
34567,11:51:33,114.0448,22.6129,0,31
34567,11:52:33,114.043297,22.623699,0,35
34567,11:53:03,114.0439,22.627701,0,25
34567,11:54:03,114.045998,22.628901,0,0
34567,11:55:03,114.047699,22.632,0,15
34567,11:55:33,114.0448,22.632401,0,25
34567,11:56:34,114.045197,22.637501,0,10
34567,11:57:34,114.045898,22.6411,0,16
34567,11:58:04,114.045898,22.6427,0,13
34567,11:58:34,114.045998,22.6432,0,0
34567,11:59:04,114.0457,22.643801,0,14
34567,11:59:33,114.044197,22.6444,0,0
34567,12:00:33,114.043297,22.645,0,4
34567,12:01:03,114.043503,22.6457,0,4
34567,12:01:34,114.043701,22.645901,0,0
34567,12:02:30,114.043701,22.645901,0,0
34567,12:03:00,114.043701,22.645901,0,0
34567,12:04:07,114.040398,22.6458,0,7
34567,12:05:07,114.0411,22.6478,0,11
34567,12:05:37,114.041702,22.648701,0,3
34567,12:06:07,114.042198,22.6486,0,0
34567,12:06:37,114.043297,22.6481,0,11
34567,12:07:36,114.043701,22.6479,0,0
34567,12:08:06,114.043701,22.6479,0,0
34567,12:09:06,114.043701,22.6479,0,0
34567,12:10:06,114.043701,22.6479,0,0
34567,12:10:36,114.043701,22.6479,0,0
34567,12:11:06,114.043701,22.6479,0,0
34567,12:12:06,114.0448,22.647499,0,0
34567,12:13:05,114.043503,22.6474,0,7
34567,12:14:35,114.042503,22.6453,0,13
34567,12:15:05,114.040703,22.645599,0,15
34567,12:15:35,114.040497,22.6457,0,0
34567,12:16:05,114.040497,22.6457,0,0
34567,12:17:35,114.036201,22.647301,0,0
34567,12:18:05,114.036201,22.647301,0,0
34567,12:18:35,114.036201,22.647301,0,0
34567,12:21:05,114.029198,22.650801,0,15
34567,12:21:35,114.029503,22.6504,0,28
34567,12:22:35,114.028702,22.645901,0,4
34567,12:23:35,114.026703,22.6427,0,30
34567,12:24:06,114.025597,22.639799,0,21
34567,12:24:35,114.024498,22.6371,0,11
34567,12:25:35,114.024399,22.636499,0,17
34567,12:26:05,114.025002,22.6327,0,31
34567,12:27:05,114.026398,22.6278,0,30
34567,12:28:05,114.028503,22.6208,0,36
34567,12:29:36,114.036598,22.6096,0,33
34567,12:30:05,114.038002,22.607901,0,0
34567,12:31:05,114.039497,22.6061,0,13
34567,12:32:35,114.042999,22.601999,0,11
34567,12:33:05,114.044098,22.599701,0,28
34567,12:33:35,114.0448,22.5972,0,6
34567,12:34:05,114.0448,22.5972,0,0
34567,12:35:06,114.045097,22.597099,0,0
34567,12:36:05,114.0466,22.5956,0,31
34567,12:36:35,114.049202,22.591,0,38
34567,12:37:05,114.052498,22.5874,0,27
34567,12:37:35,114.053398,22.5839,0,26
34567,12:38:05,114.055397,22.58,0,31
34567,12:38:35,114.059303,22.577999,0,32
34567,12:39:05,114.061096,22.573601,0,29
34567,12:39:37,114.062202,22.568501,0,37
34567,12:41:06,114.059402,22.562401,0,4
34567,12:42:36,114.059898,22.562599,0,0
34567,12:43:36,114.059502,22.562599,0,0
34567,12:44:36,114.061501,22.5623,0,15
34567,12:45:06,114.062202,22.561199,0,12
34567,12:45:36,114.062698,22.560499,0,0
34567,12:46:06,114.062798,22.564199,0,27
34567,12:46:35,114.062401,22.568701,0,23
34567,12:47:05,114.061401,22.572901,0,32
34567,12:47:35,114.060699,22.5765,0,19
34567,12:48:35,114.057999,22.5786,0,29
34567,12:49:05,114.054497,22.582001,0,34
34567,12:49:35,114.053001,22.586901,0,39
34567,12:50:35,114.046997,22.595301,0,37
34567,12:51:05,114.045998,22.5987,0,25
34567,12:52:06,114.0457,22.6038,0,28
34567,12:52:36,114.049103,22.6043,0,15
34567,12:53:06,114.049797,22.604401,0,0
34567,12:53:36,114.050102,22.604,0,4
34567,12:54:06,114.0504,22.6022,0,13
34567,12:55:06,114.050102,22.6026,0,15
34567,12:55:36,114.050201,22.6035,0,0
34567,12:56:06,114.050201,22.6035,0,0
34567,12:57:36,114.046204,22.6042,0,27
34567,12:58:06,114.043503,22.6035,0,32
34567,12:58:36,114.0439,22.6003,0,20
34567,12:59:06,114.044296,22.5972,0,26
34567,12:59:36,114.047096,22.5945,0,26
34567,13:01:06,114.055199,22.5805,0,35
34567,13:02:07,114.064003,22.577299,0,40
34567,13:03:06,114.067497,22.569099,0,30
34567,13:03:36,114.067596,22.563801,0,36
34567,13:04:06,114.067703,22.5602,0,24
34567,13:05:06,114.067703,22.5588,0,0
34567,13:06:06,114.067703,22.5581,0,13
34567,13:06:38,114.071602,22.5581,0,30
34567,13:07:08,114.076698,22.5581,0,36
34567,13:08:08,114.081299,22.5562,0,22
34567,13:08:37,114.081703,22.554501,0,9
34567,13:09:07,114.081703,22.552401,0,18
34567,13:09:37,114.080299,22.551701,0,5
34567,13:10:07,114.0784,22.5518,0,0
34567,13:10:37,114.0784,22.551901,0,0
34567,13:11:07,114.078499,22.552401,0,4
34567,13:11:37,114.078499,22.552401,0,0
34567,13:12:37,114.078499,22.552299,0,0
34567,13:13:37,114.0783,22.5518,0,0
34567,13:14:06,114.0774,22.551701,0,18
34567,13:14:36,114.077599,22.5534,0,15
34567,13:15:36,114.077904,22.553699,0,0
34567,13:16:06,114.077904,22.553699,0,0
34567,13:17:08,114.082001,22.558701,0,19
34567,13:17:37,114.081001,22.558599,0,26
34567,13:18:07,114.079697,22.556499,0,29
34567,13:18:37,114.077904,22.554199,0,13
34567,13:20:06,114.070396,22.551201,0,0
34567,13:21:06,114.067802,22.549101,0,29
34567,13:21:36,114.067802,22.547899,0,13
34567,13:22:06,114.067802,22.5446,0,26
34567,13:22:38,114.068001,22.540501,0,28
34567,13:23:07,114.066704,22.5387,0,12
34567,13:23:37,114.065598,22.5382,0,7
34567,13:24:37,114.063202,22.5376,0,0
34567,13:25:07,114.063202,22.5376,0,0
34567,13:25:36,114.063202,22.5376,0,0
34567,13:26:06,114.062599,22.5375,0,6
34567,13:26:36,114.058998,22.5375,0,23
34567,13:27:06,114.058098,22.537399,0,0
34567,13:28:09,114.058296,22.5375,0,0
34567,13:29:09,114.057899,22.5362,0,5
34567,13:29:39,114.056602,22.535999,0,0
34567,13:30:09,114.056702,22.537201,0,14
34567,13:31:08,114.057602,22.535601,0,0
34567,13:31:38,114.057602,22.535601,0,0
34567,13:34:08,114.061203,22.5354,0,26
34567,13:34:38,114.063004,22.536301,0,23
34567,13:35:08,114.062798,22.5371,0,0
34567,13:35:38,114.062599,22.539,0,19
34567,13:36:08,114.062798,22.541901,0,22
34567,13:36:37,114.066399,22.542601,0,32
34567,13:37:07,114.0709,22.542801,0,36
34567,13:37:37,114.074997,22.5429,0,0
34567,13:38:39,114.078201,22.542999,0,16
34567,13:39:39,114.083298,22.5431,0,20
34567,13:40:09,114.085999,22.5432,0,17
34567,13:42:38,114.095802,22.5434,0,26
34567,13:45:08,114.099602,22.546301,0,27
34567,13:46:08,114.099602,22.547199,0,0
34567,13:46:38,114.099602,22.5492,0,0
34567,13:47:08,114.099602,22.5495,0,0
34567,13:48:09,114.099602,22.5506,0,0
34567,13:48:39,114.099602,22.5511,0,16
34567,13:49:09,114.098602,22.551901,0,0
34567,13:50:09,114.097,22.5536,0,19
34567,13:50:39,114.098297,22.555,0,19
34567,13:51:09,114.099098,22.555,0,5
34567,13:51:39,114.099403,22.5569,0,10
34567,13:53:09,114.099403,22.557199,0,0
34567,13:54:08,114.099297,22.560301,0,18
34567,13:54:38,114.099197,22.561199,0,6
34567,13:55:08,114.098801,22.5616,0,0
34567,13:55:42,114.098801,22.5616,0,0
34567,13:56:02,114.098297,22.561501,0,11
34567,13:56:32,114.097099,22.561501,0,0
34567,13:57:02,114.095703,22.561399,0,0
34567,13:58:34,114.095001,22.561501,0,0
34567,13:59:03,114.094597,22.562599,0,10
34567,13:59:33,114.094597,22.5641,0,1
34567,14:00:03,114.094498,22.5655,0,10
34567,14:02:03,114.093201,22.5662,0,0
34567,14:04:04,114.090599,22.564699,0,0
34567,14:04:33,114.090797,22.5634,0,8
34567,14:05:03,114.090698,22.562201,0,9
34567,14:06:03,114.090103,22.5611,0,0
34567,14:06:33,114.090103,22.5611,0,0
34567,14:07:03,114.089798,22.5606,0,15
34567,14:07:33,114.089996,22.558599,0,20
34567,14:08:03,114.086601,22.5585,0,13
34567,14:08:34,114.083603,22.5585,0,26
34567,14:09:04,114.080101,22.5569,0,30
34567,14:09:34,114.077698,22.553699,0,24
34567,14:10:33,114.0765,22.552299,0,0
34567,14:11:03,114.0765,22.552299,0,0
34567,14:12:03,114.076103,22.551701,0,15
34567,14:12:33,114.075996,22.5497,0,2
34567,14:13:03,114.075996,22.5497,0,0
34567,14:13:35,114.075996,22.549101,0,17
34567,14:14:35,114.076103,22.546301,0,18
34567,14:15:05,114.076103,22.543501,0,0
34567,14:16:04,114.078499,22.5431,0,4
34567,14:16:34,114.078598,22.541901,0,6
34567,14:17:04,114.078697,22.540899,0,0
34567,14:17:34,114.078697,22.540899,0,0
34567,14:18:04,114.079498,22.5403,0,15
34567,14:18:34,114.079903,22.5404,0,0
34567,14:19:04,114.079903,22.5404,0,0
34567,14:19:34,114.0812,22.5406,0,1
34567,14:20:34,114.081596,22.537901,0,17
34567,14:21:33,114.078796,22.534901,0,17
34567,14:22:03,114.077499,22.5326,0,15
34567,14:22:33,114.075203,22.532,0,15
34567,14:24:05,114.068802,22.5333,0,29
34567,14:24:35,114.0681,22.5373,0,34
34567,14:25:05,114.067596,22.5424,0,32
34567,14:25:35,114.067497,22.5432,0,19
34567,14:27:34,114.055603,22.5452,0,0
34567,14:28:03,114.055496,22.545401,0,0
34567,14:29:03,114.057899,22.542801,0,33
34567,14:30:03,114.0578,22.537901,0,11
34567,14:30:33,114.055099,22.5378,0,13
34567,14:31:03,114.053802,22.5376,0,7
34567,14:31:33,114.053299,22.5376,0,0
34567,14:32:03,114.053398,22.537399,0,6
34567,14:32:32,114.055496,22.537399,0,1
34567,14:33:35,114.057701,22.5376,0,3
34567,14:34:05,114.057999,22.537001,0,8
34567,14:34:35,114.057999,22.536501,0,0
34567,14:36:05,114.058296,22.5359,0,11
34567,14:38:04,114.059196,22.527399,0,0
34567,14:38:34,114.059502,22.5264,0,19
34567,14:39:34,114.059502,22.5261,0,0
34567,14:40:34,114.060204,22.523899,0,0
34567,14:41:04,114.060204,22.5238,0,9
34567,14:42:04,114.060799,22.5214,0,0
34567,14:42:34,114.060799,22.5212,0,8
34567,14:44:05,114.062698,22.518999,0,8
34567,14:45:05,114.062798,22.517799,0,10
34567,14:45:35,114.062897,22.5184,0,0
34567,14:46:05,114.063004,22.5184,0,3
34567,14:46:35,114.062401,22.519899,0,25
34567,14:47:05,114.061501,22.520901,0,7
34567,14:47:35,114.062798,22.523199,0,30
34567,14:48:36,114.063202,22.525499,0,12
34567,14:50:35,114.063103,22.5347,0,0
34567,14:51:05,114.063103,22.535101,0,10
34567,14:52:05,114.063103,22.5387,0,3
34567,14:52:35,114.063103,22.539,0,3
34567,14:53:06,114.063103,22.5408,0,22
34567,14:53:36,114.064102,22.5425,0,26
34567,14:55:05,114.0728,22.5429,0,14
34567,14:56:05,114.075996,22.5425,0,5
34567,14:56:35,114.075996,22.542601,0,0
34567,14:58:06,114.076202,22.543501,0,12
34567,14:58:36,114.076401,22.5448,0,9
34567,14:59:36,114.077103,22.5443,0,4
34567,15:00:06,114.077003,22.543501,0,1
34567,15:01:35,114.077499,22.5434,0,0
34567,15:02:05,114.077599,22.5434,0,0
34567,15:02:35,114.077797,22.5434,0,4
34567,15:03:05,114.077003,22.5432,0,0
34567,15:03:36,114.075104,22.5431,0,21
34567,15:04:06,114.072403,22.5432,0,17
34567,15:05:36,114.063004,22.544901,0,29
34567,15:06:35,114.0644,22.547501,0,14
34567,15:07:05,114.066101,22.5476,0,13
34567,15:08:05,114.067902,22.545799,0,34
34567,15:09:37,114.059601,22.543301,0,24
34567,15:10:07,114.057899,22.5448,0,7
34567,15:10:37,114.057899,22.545099,0,0
34567,15:11:07,114.0578,22.545099,0,0
34567,15:13:06,114.051697,22.545401,0,16
34567,15:13:36,114.051102,22.5432,0,31
34567,15:14:06,114.050697,22.5396,0,17
34567,15:15:36,114.048599,22.541,0,3
34567,15:16:36,114.048103,22.541,0,0
34567,15:17:05,114.048401,22.539801,0,7
34567,15:18:05,114.047897,22.537901,0,0
34567,15:19:07,114.050003,22.537399,0,25
34567,15:20:07,114.054497,22.5375,0,26
34567,15:20:37,114.057098,22.5375,0,18
34567,15:22:07,114.0588,22.528999,0,15
34567,15:23:06,114.057602,22.525999,0,20
34567,15:23:36,114.056999,22.5259,0,0
34567,15:24:06,114.0569,22.5259,0,0
34567,15:25:06,114.053596,22.525801,0,0
34567,15:25:36,114.053596,22.525801,0,0
34567,15:26:06,114.053596,22.525801,0,0
34567,15:27:06,114.052902,22.525801,0,0
34567,15:28:06,114.052696,22.525801,0,0
34567,15:28:36,114.052696,22.525801,0,0
34567,15:29:07,114.052498,22.525801,0,8
34567,15:30:07,114.051903,22.525801,0,0
34567,15:30:37,114.051903,22.525801,0,0
34567,15:31:07,114.051903,22.525801,0,0
34567,15:31:37,114.050301,22.525801,0,17
34567,15:32:37,114.047096,22.5257,0,0
34567,15:33:07,114.0457,22.525801,0,17
34567,15:33:37,114.045197,22.527599,0,17
34567,15:34:37,114.044701,22.5299,0,0
34567,15:35:07,114.044403,22.527901,0,0
34567,15:35:37,114.043701,22.5277,0,6
34567,15:36:07,114.043297,22.527599,0,0
34567,15:37:07,114.042603,22.528999,0,11
34567,15:37:37,114.041901,22.5306,0,13
34567,15:38:07,114.044502,22.5312,0,26
34567,15:39:07,114.053596,22.531401,0,23
34567,15:39:38,114.057602,22.531401,0,23
34567,15:40:07,114.0625,22.5315,0,32
34567,15:41:05,114.066299,22.5315,0,6
34567,15:43:05,114.068604,22.530701,0,16
34567,15:43:35,114.068199,22.534401,0,31
34567,15:44:05,114.0681,22.5387,0,32
34567,15:44:35,114.068901,22.542299,0,26
34567,15:45:05,114.0681,22.546,0,20
34567,15:45:39,114.0681,22.5469,0,0
34567,15:46:38,114.0681,22.5469,0,0
34567,15:47:08,114.0681,22.5469,0,0
34567,15:48:38,114.068199,22.5509,0,16
34567,15:49:08,114.070801,22.551001,0,10
34567,15:49:38,114.0718,22.551001,0,0
34567,15:50:08,114.0718,22.551001,0,0
34567,15:50:38,114.0718,22.551001,0,0
34567,15:51:37,114.071899,22.551001,0,7
34567,15:52:07,114.073502,22.551201,0,4
34567,15:52:37,114.073502,22.551201,0,6
34567,15:55:37,114.0755,22.551399,0,0
34567,15:56:09,114.0755,22.551399,0,0
34567,15:57:08,114.078201,22.5516,0,16
34567,15:57:38,114.081001,22.5518,0,19
34567,15:59:08,114.087799,22.551701,0,13
34567,16:00:08,114.090202,22.5518,0,0
34567,16:02:37,114.088997,22.5518,0,6
34567,16:02:44,114.089203,22.5518,0,0
34567,16:03:07,114.087097,22.551701,0,13
34567,16:03:14,114.089203,22.5518,0,0
34567,16:03:44,114.089203,22.5518,0,0
34567,16:04:14,114.089203,22.5518,0,0
34567,16:04:37,114.081596,22.553499,0,13
34567,16:05:07,114.081497,22.553499,0,0
34567,16:05:37,114.081497,22.553499,0,0
34567,16:06:39,114.081596,22.557699,0,11
34567,16:07:09,114.082298,22.559099,0,7
34567,16:07:38,114.083504,22.5613,0,16
34567,16:08:08,114.084999,22.563601,0,22
34567,16:08:38,114.086601,22.5658,0,14
34567,16:09:08,114.086403,22.567801,0,14
34567,16:09:38,114.085602,22.5693,0,9
34567,16:10:38,114.081902,22.5723,0,21
34567,16:12:08,114.073196,22.570601,0,23
34567,16:14:11,114.089203,22.5518,0,0
34567,16:15:11,114.089203,22.5518,0,0
34567,16:15:21,114.0606,22.578199,0,27
34567,16:15:51,114.056503,22.5791,0,21
34567,16:17:21,114.052498,22.5877,0,21
34567,16:17:51,114.049797,22.5903,0,28
34567,16:18:50,114.048302,22.5965,0,23
34567,16:19:50,114.047997,22.597,0,0
34567,16:20:51,114.047897,22.596901,0,0
34567,16:22:21,114.048103,22.597099,0,0
34567,16:22:51,114.048103,22.597099,0,0
34567,16:23:21,114.048103,22.597099,0,0
34567,16:23:51,114.048103,22.597099,0,0
34567,16:24:20,114.048103,22.597099,0,0
34567,16:24:50,114.048103,22.597099,0,0
34567,16:25:20,114.048103,22.597099,0,0
34567,16:27:20,114.044701,22.5996,0,11
34567,16:27:50,114.044296,22.6005,0,0
34567,16:28:20,114.044296,22.6005,0,0
34567,16:29:20,114.044296,22.600599,0,0
34567,16:30:21,114.044403,22.600599,0,0
34567,16:30:51,114.044296,22.6008,0,0
34567,16:31:21,114.044296,22.6008,0,0
34567,16:31:51,114.044296,22.6008,0,0
34567,16:32:51,114.044502,22.601101,0,0
34567,16:33:21,114.044502,22.601101,0,0
34567,16:33:51,114.044502,22.601101,0,0
34567,16:34:21,114.044502,22.601101,0,0
34567,16:34:50,114.044502,22.601101,0,0
34567,16:35:20,114.044502,22.601101,0,0
34567,16:36:19,114.044601,22.6008,0,0
34567,16:36:49,114.044601,22.6008,0,0
34567,16:37:19,114.044601,22.6008,0,0
34567,16:37:49,114.044502,22.601,0,0
34567,16:38:19,114.044502,22.601,0,0
34567,16:38:49,114.044502,22.601,0,0
34567,16:39:19,114.044403,22.601,0,0
34567,16:39:49,114.044403,22.601,0,0
34567,16:40:18,114.044403,22.601,0,0
34567,16:41:21,114.044403,22.601,0,0
34567,16:41:51,114.044403,22.601,0,0
34567,16:42:51,114.044403,22.601,0,0
34567,16:43:21,114.044296,22.601101,0,3
34567,16:43:51,114.0438,22.601801,0,1
34567,16:44:21,114.043999,22.601801,0,0
34567,16:45:21,114.0457,22.6017,0,0
34567,16:45:50,114.0457,22.6017,0,2
34567,16:46:20,114.045403,22.601601,0,1
34567,16:46:50,114.045403,22.601601,0,0
34567,16:47:20,114.045403,22.601601,0,0
34567,16:47:50,114.045403,22.601601,0,0
34567,16:48:50,114.045403,22.601601,0,0
34567,16:49:20,114.045403,22.601601,0,0
34567,16:50:20,114.044998,22.601601,0,0
34567,16:52:21,114.047501,22.601801,0,1
34567,16:52:51,114.047501,22.6028,0,9
34567,16:54:21,114.048103,22.6042,0,12
34567,16:54:51,114.050499,22.604799,0,24
34567,16:55:21,114.052902,22.6064,0,19
34567,16:55:53,114.053902,22.6077,0,0
34567,16:56:23,114.053902,22.6077,0,0
34567,16:56:53,114.0541,22.608,0,0
34567,16:58:12,114.055199,22.612,0,9
34567,16:59:11,114.055801,22.617001,0,19
34567,16:59:41,114.055801,22.6187,0,11
34567,17:00:41,114.051201,22.619301,0,11
34567,17:02:41,114.049202,22.622,0,19
34567,17:03:10,114.046303,22.621201,0,26
34567,17:03:40,114.042,22.620001,0,15
34567,17:04:10,114.040497,22.6192,0,16
34567,17:05:10,114.0373,22.617701,0,4
34567,17:06:12,114.036003,22.620001,0,12
34567,17:06:42,114.035698,22.621201,0,16
34567,17:07:42,114.034698,22.6238,0,0
34567,17:08:41,114.0345,22.624901,0,0
34567,17:09:41,114.0345,22.624901,0,0
34567,17:10:11,114.0345,22.624901,0,0
34567,17:10:41,114.034302,22.6259,0,22
34567,17:11:11,114.033501,22.628401,0,15
34567,17:11:41,114.032997,22.629299,0,0
34567,17:12:11,114.032799,22.6294,0,0
34567,17:12:41,114.0326,22.6297,0,0
34567,17:13:11,114.032303,22.6301,0,0
34567,17:13:41,114.032303,22.6301,0,0
34567,17:14:10,114.032303,22.6301,0,0
34567,17:14:40,114.032204,22.630199,0,0
34567,17:15:10,114.032204,22.630199,0,0
34567,17:15:40,114.031097,22.629999,0,8
34567,17:16:12,114.030899,22.629999,0,0
34567,17:17:42,114.030197,22.626801,0,13
34567,17:18:12,114.030701,22.625,0,10
34567,17:18:42,114.032402,22.624599,0,14
34567,17:20:41,114.035202,22.6227,0,14
34567,17:21:11,114.035797,22.620899,0,12
34567,17:21:42,114.0364,22.6189,0,22
34567,17:22:12,114.036201,22.616899,0,22
34567,17:22:42,114.035004,22.616301,0,17
34567,17:23:42,114.033096,22.615299,0,0
34567,17:24:12,114.033096,22.615299,0,0
34567,17:24:42,114.033096,22.615299,0,0
34567,17:25:11,114.033096,22.615299,0,0
34567,17:25:41,114.031097,22.614,0,25
34567,17:26:11,114.029602,22.612801,0,0
34567,17:26:42,114.028801,22.6122,0,11
34567,17:27:42,114.0271,22.6131,0,0
34567,17:28:12,114.026901,22.613501,0,0
34567,17:28:42,114.026901,22.613501,0,0
34567,17:29:12,114.026901,22.613501,0,0
34567,17:29:42,114.026901,22.613501,0,0
34567,17:30:12,114.026901,22.613501,0,0
34567,17:30:41,114.026901,22.613501,0,0
34567,17:31:11,114.026901,22.613501,0,0
34567,17:32:42,114.031197,22.605499,0,29
34567,17:33:42,114.036102,22.6005,0,32
34567,17:34:12,114.038696,22.598,0,27
34567,17:35:12,114.044197,22.595301,0,0
34567,17:35:42,114.044197,22.595301,0,0
34567,17:36:12,114.044998,22.594601,0,22
34567,17:37:42,114.051003,22.589001,0,22
34567,17:38:42,114.053497,22.5837,0,15
34567,17:40:42,114.064201,22.577299,0,32
34567,17:41:12,114.0672,22.573999,0,20
34567,17:41:42,114.067398,22.5725,0,8
34567,17:42:43,114.067497,22.568501,0,25
34567,17:44:13,114.067596,22.5609,0,0
34567,17:45:13,114.067596,22.5609,0,0
34567,17:45:43,114.067703,22.560301,0,10
34567,17:46:13,114.067596,22.5588,0,0
34567,17:46:43,114.067596,22.5588,0,0
34567,17:47:43,114.067596,22.5588,0,0
34567,17:48:13,114.067703,22.557301,0,24
34567,17:48:43,114.067802,22.5532,0,22
34567,17:49:13,114.067802,22.550301,0,22
34567,17:49:43,114.067802,22.549601,0,0
34567,17:50:43,114.068001,22.546101,0,16
34567,17:51:13,114.067497,22.5432,0,23
34567,17:51:43,114.068001,22.539801,0,22
34567,17:52:13,114.068001,22.537001,0,10
34567,17:52:43,114.0681,22.5357,0,19
34567,17:53:43,114.0681,22.531099,0,0
34567,17:55:43,114.068001,22.5315,0,12
34567,17:57:14,114.071297,22.531601,0,11
34567,17:58:14,114.073601,22.5317,0,8
34567,17:58:43,114.0746,22.5317,0,9
34567,17:59:43,114.075798,22.5317,0,4
34567,18:00:13,114.076302,22.5317,0,6
34567,18:01:14,114.077301,22.532,0,3
34567,18:01:44,114.077797,22.5324,0,7
34567,18:02:14,114.0784,22.533501,0,8
34567,18:02:44,114.079002,22.5347,0,7
34567,18:03:44,114.079803,22.535999,0,0
34567,18:04:13,114.079803,22.535999,0,0
34567,18:07:14,114.086197,22.537201,0,3
34567,18:07:44,114.087196,22.5373,0,13
34567,18:09:43,114.0914,22.538099,0,3
34567,18:11:13,114.094101,22.538,0,3
34567,18:11:44,114.094803,22.538,0,3
34567,18:12:14,114.095596,22.538,0,4
34567,18:12:44,114.0961,22.538,0,0
34567,18:13:14,114.096397,22.538,0,0
34567,18:13:44,114.096497,22.538,0,0
34567,18:14:14,114.097298,22.538099,0,0
34567,18:14:44,114.097801,22.538099,0,0
34567,18:20:44,114.106201,22.537001,0,6
34567,18:21:44,114.110802,22.5378,0,19
34567,18:22:44,114.116997,22.539,0,8
34567,18:23:14,114.117897,22.5373,0,8
34567,18:24:14,114.117104,22.5362,0,0
34567,18:24:44,114.116699,22.5362,0,0
34567,18:26:13,114.114403,22.534401,0,0
34567,18:26:44,114.114403,22.534401,0,0
34567,18:27:14,114.114403,22.534401,0,0
34567,18:28:15,114.116302,22.536501,0,0
34567,18:30:15,114.121399,22.539301,0,16
34567,18:30:45,114.1241,22.5411,0,24
34567,18:31:15,114.125397,22.542,0,8
34567,18:32:45,114.133499,22.5462,0,35
34567,18:33:15,114.135201,22.548,0,7
34567,18:33:45,114.135597,22.548599,0,5
34567,18:34:15,114.136101,22.5494,0,9
34567,18:34:45,114.136597,22.549999,0,6
34567,18:35:45,114.137299,22.551001,0,3
34567,18:36:15,114.137398,22.551201,0,0
34567,18:37:14,114.137604,22.5516,0,0
34567,18:38:14,114.137703,22.551701,0,0
34567,18:38:44,114.137703,22.551701,0,0
34567,18:39:14,114.138,22.552099,0,3
34567,18:39:46,114.138298,22.5525,0,1
34567,18:40:16,114.138702,22.553101,0,7
34567,18:40:46,114.139099,22.553801,0,3
34567,18:42:16,114.141701,22.555599,0,10
34567,18:43:45,114.150101,22.556101,0,24
34567,18:44:15,114.1539,22.558201,0,32
34567,18:44:45,114.157204,22.5606,0,28
34567,18:45:15,114.158096,22.5611,0,3
34567,18:45:45,114.158699,22.560699,0,2
34567,18:46:15,114.158501,22.5604,0,3
34567,18:46:45,114.157501,22.561001,0,12
34567,18:47:15,114.157501,22.562901,0,12
34567,18:47:45,114.1576,22.5641,0,14
34567,18:50:16,114.159302,22.565399,0,9
34567,18:50:46,114.158501,22.565599,0,0
34567,18:51:16,114.158401,22.565599,0,0
34567,18:51:46,114.158401,22.564501,0,9
34567,18:53:16,114.162102,22.565399,0,18
34567,18:53:46,114.1633,22.566099,0,10
34567,18:54:15,114.164101,22.566799,0,17
34567,18:56:16,114.164497,22.565001,0,0
34567,18:56:46,114.164497,22.564899,0,0
34567,18:57:16,114.164497,22.5634,0,8
34567,18:57:46,114.161697,22.563,0,25
34567,18:58:46,114.155502,22.5597,0,25
34567,18:59:16,114.152199,22.5569,0,30
34567,18:59:45,114.148201,22.555901,0,26
34567,19:01:16,114.1381,22.5567,0,26
34567,19:02:16,114.136597,22.5504,0,31
34567,19:03:46,114.126198,22.5425,0,26
34567,19:05:16,114.116203,22.539301,0,27
34567,19:06:16,114.107803,22.5373,0,32
34567,19:06:46,114.1036,22.5382,0,31
34567,19:07:16,114.098396,22.5382,0,36
34567,19:07:46,114.093399,22.5382,0,35
34567,19:08:16,114.088303,22.5376,0,31
34567,19:08:46,114.083199,22.5375,0,31
34567,19:09:16,114.079498,22.535999,0,23
34567,19:09:46,114.077698,22.533001,0,26
34567,19:10:17,114.074097,22.5319,0,32
34567,19:10:46,114.069199,22.531799,0,34
34567,19:11:16,114.063797,22.5317,0,36
34567,19:12:46,114.052101,22.531601,0,12
34567,19:14:16,114.044296,22.531401,0,13
34567,19:14:46,114.042603,22.5312,0,3
34567,19:15:16,114.041901,22.531099,0,0
34567,19:15:48,114.0411,22.531099,0,7
34567,19:17:17,114.038101,22.5305,0,5
34567,19:17:47,114.037498,22.530701,0,10
34567,19:19:17,114.033501,22.530199,0,7
34567,19:20:17,114.030602,22.5303,0,10
34567,19:20:47,114.029099,22.5305,0,11
34567,19:21:17,114.025902,22.5312,0,29
34567,19:21:46,114.021896,22.532101,0,23
34567,19:25:16,113.996803,22.5292,0,19
34567,19:25:48,113.994003,22.5287,0,21
34567,19:26:18,113.993599,22.5306,0,0
34567,19:26:48,113.993599,22.5306,0,0
34567,19:27:17,113.993599,22.5306,0,0
34567,19:28:17,113.992996,22.534,0,0
34567,19:28:47,113.992996,22.534,0,0
34567,19:29:17,113.992996,22.534,0,0
34567,19:29:47,113.992798,22.535101,0,22
34567,19:30:17,113.990501,22.535801,0,12
34567,19:30:48,113.989799,22.535999,0,11
34567,19:32:47,113.981903,22.536501,0,16
34567,19:33:17,113.977898,22.5366,0,29
34567,19:34:17,113.971901,22.539101,0,0
34567,19:34:47,113.971901,22.539101,0,0
34567,19:35:48,113.969101,22.5401,0,23
34567,19:36:48,113.965401,22.5417,0,18
34567,19:37:18,113.963699,22.5425,0,1
34567,19:38:47,113.963997,22.544201,0,7
34567,19:39:47,113.963898,22.546301,0,8
34567,19:41:18,113.963402,22.548401,0,0
34567,19:41:48,113.963402,22.548401,0,0
34567,19:42:48,113.963799,22.5466,0,10
34567,19:43:18,113.963997,22.5455,0,0
34567,19:44:17,113.963799,22.544201,0,6
34567,19:44:47,113.963799,22.5439,0,0
34567,19:45:17,113.963799,22.543699,0,0
34567,19:46:18,113.9636,22.5425,0,6
34567,19:46:48,113.960297,22.5425,0,16
34567,19:47:18,113.9599,22.5441,0,16
34567,19:47:48,113.960297,22.5467,0,4
34567,19:48:18,113.960297,22.546801,0,0
34567,19:49:18,113.960701,22.549,0,0
34567,19:49:48,113.960701,22.549,0,0
34567,19:50:17,113.9608,22.5497,0,9
34567,19:50:47,113.961197,22.552099,0,0
34567,19:51:48,113.961403,22.553801,0,21
34567,19:52:18,113.961998,22.557699,0,32
34567,19:53:48,113.959999,22.564699,0,17
34567,19:54:18,113.958801,22.565001,0,0
34567,19:54:48,113.958702,22.565001,0,14
34567,19:55:18,113.960297,22.564301,0,13
34567,19:56:48,113.961601,22.558901,0,13
34567,19:57:18,113.961403,22.5592,0,7
34567,19:57:48,113.961403,22.5592,0,0
34567,19:58:18,113.961403,22.5592,0,0
34567,19:58:48,113.961403,22.5592,0,0
34567,19:59:48,113.961403,22.5592,0,0
34567,20:00:18,113.961403,22.5592,0,0
34567,20:03:18,113.961403,22.5592,0,0
34567,20:03:48,113.961403,22.5592,0,0
34567,20:04:20,113.961502,22.561199,0,0
34567,20:05:19,113.961601,22.562,0,24
34567,20:05:49,113.960602,22.564199,0,0
34567,20:06:18,113.960602,22.564301,0,4
34567,20:07:48,113.958702,22.570999,0,9
34567,20:08:18,113.957199,22.5716,0,17
34567,20:09:18,113.955597,22.573,0,0
34567,20:09:50,113.9552,22.5735,0,0
34567,20:11:50,113.957397,22.573,0,11
34567,20:12:19,113.959198,22.5728,0,1
34567,20:12:49,113.959702,22.5728,0,4
34567,20:13:19,113.9608,22.5721,0,3
34567,20:13:49,113.961601,22.571501,0,6
34567,20:14:19,113.962196,22.570499,0,0
34567,20:14:50,113.962196,22.570499,0,0
34567,20:15:20,113.962196,22.570499,0,0
34567,20:16:50,113.960503,22.570499,0,0
34567,20:17:19,113.960297,22.569,0,22
34567,20:17:49,113.960297,22.566299,0,14
34567,20:18:49,113.962196,22.5597,0,34
34567,20:19:19,113.961502,22.555201,0,26
34567,20:19:50,113.960999,22.5522,0,22
34567,20:20:50,113.960602,22.5499,0,0
34567,20:21:20,113.960602,22.549299,0,23
34567,20:21:50,113.960297,22.5474,0,0
34567,20:22:20,113.960098,22.545799,0,29
34567,20:23:19,113.959801,22.5436,0,0
34567,20:23:49,113.959801,22.5436,0,0
34567,20:24:50,113.959396,22.5413,0,23
34567,20:26:20,113.962196,22.533701,0,5
34567,20:26:50,113.962196,22.534201,0,0
34567,20:27:20,113.962097,22.5345,0,8
34567,20:28:19,113.9618,22.5366,0,5
34567,20:28:49,113.961502,22.5376,0,12
34567,20:29:19,113.9617,22.5382,0,6
34567,20:29:50,113.9617,22.5382,0,0
34567,20:30:50,113.961601,22.541901,0,8
34567,20:31:20,113.961998,22.542299,0,0
34567,20:31:50,113.962303,22.5422,0,0
34567,20:32:20,113.9645,22.541599,0,31
34567,20:32:50,113.968597,22.5401,0,21
34567,20:34:19,113.972298,22.538799,0,23
34567,20:35:20,113.971901,22.539,0,6
34567,20:35:50,113.969299,22.540001,0,23
34567,20:36:20,113.965698,22.5413,0,25
34567,20:36:50,113.962799,22.5424,0,22
34567,20:37:20,113.961304,22.542999,0,0
34567,20:37:50,113.960503,22.5432,0,14
34567,20:38:20,113.958801,22.543501,0,18
34567,20:39:49,113.954102,22.5425,0,28
34567,20:40:20,113.952698,22.539499,0,11
34567,20:41:20,113.952103,22.5385,0,0
34567,20:42:50,113.950104,22.5338,0,24
34567,20:43:20,113.949997,22.530701,0,14
34567,20:46:21,113.946503,22.5086,0,15
34567,20:47:21,113.946701,22.502399,0,15
34567,20:48:21,113.946602,22.500299,0,24
34567,20:48:51,113.946503,22.4991,0,0
34567,20:49:21,113.946503,22.4991,0,0
34567,20:50:51,113.946503,22.491199,0,25
34567,20:52:51,113.937401,22.4918,0,20
34567,20:54:21,113.936096,22.497499,0,24
34567,20:54:51,113.935799,22.499901,0,16
34567,20:55:22,113.935699,22.5026,0,13
34567,20:55:52,113.935204,22.502899,0,0
34567,20:56:21,113.935204,22.5026,0,1
34567,20:56:51,113.935204,22.5009,0,20
34567,20:57:21,113.935799,22.4998,0,15
34567,20:58:21,113.935997,22.505501,0,28
34567,20:58:51,113.937698,22.5079,0,24
34567,20:59:21,113.938599,22.5079,0,0
34567,20:59:51,113.940498,22.5079,0,29
34567,21:00:22,113.942497,22.5072,0,20
34567,21:01:22,113.943497,22.507401,0,8
34567,21:02:51,113.944901,22.507401,0,5
34567,21:03:21,113.945198,22.5072,0,10
34567,21:03:51,113.944901,22.506599,0,8
34567,21:04:21,113.945,22.506599,0,0
34567,21:05:22,113.945602,22.506599,0,5
34567,21:05:52,113.944801,22.5075,0,19
34567,21:06:22,113.943001,22.5079,0,5
34567,21:06:52,113.945099,22.507999,0,22
34567,21:08:21,113.947601,22.513201,0,35
34567,21:08:51,113.948502,22.518,0,30
34567,21:09:21,113.949097,22.5226,0,23
34567,21:09:51,113.950897,22.5233,0,9
34567,21:11:51,113.970398,22.522699,0,41
34567,21:12:21,113.976501,22.522699,0,39
34567,21:13:50,113.992302,22.5259,0,25
34567,21:14:50,114.001099,22.5299,0,30
34567,21:15:52,114.010201,22.529699,0,22
34567,21:16:22,114.011101,22.5299,0,0
34567,21:17:22,114.012001,22.5301,0,4
34567,21:17:52,114.012703,22.530199,0,10
34567,21:18:51,114.016296,22.5308,0,11
34567,21:19:21,114.016502,22.5305,0,0
34567,21:20:21,114.017097,22.5292,0,0
34567,21:20:52,114.017097,22.5292,0,0
34567,21:21:52,114.0196,22.5261,0,14
34567,21:22:22,114.021896,22.525101,0,9
34567,21:22:52,114.0233,22.5242,0,10
34567,21:23:22,114.024498,22.523399,0,0
34567,21:24:21,114.024597,22.523399,0,12
34567,21:25:21,114.021004,22.5254,0,5
34567,21:25:53,114.020103,22.5261,0,6
34567,21:26:23,114.019897,22.526199,0,0
34567,21:27:23,114.018402,22.5277,0,0
34567,21:27:53,114.018799,22.5268,0,12
34567,21:28:53,114.021202,22.5249,0,6
34567,21:29:23,114.023399,22.524,0,17
34567,21:29:52,114.0243,22.523399,0,0
34567,21:31:23,114.026001,22.5245,0,11
34567,21:31:53,114.026299,22.525101,0,7
34567,21:33:23,114.026802,22.5268,0,0
34567,21:33:53,114.027397,22.5266,0,0
34567,21:34:23,114.027603,22.526699,0,4
34567,21:34:53,114.028999,22.527,0,13
34567,21:35:22,114.030197,22.527201,0,8
34567,21:35:52,114.030998,22.5268,0,4
34567,21:36:53,114.032204,22.5263,0,0
34567,21:37:23,114.033302,22.5257,0,15
34567,21:37:53,114.0354,22.524799,0,20
34567,21:38:23,114.037399,22.523701,0,14
34567,21:38:53,114.039597,22.522499,0,19
34567,21:39:23,114.041603,22.521299,0,0
34567,21:39:53,114.041603,22.521299,0,0
34567,21:41:23,114.044098,22.525101,0,0
34567,21:41:53,114.044701,22.5261,0,18
34567,21:42:53,114.044601,22.5331,0,30
34567,21:44:53,114.044296,22.549299,0,1
34567,21:45:23,114.044296,22.549601,0,13
34567,21:45:53,114.044296,22.5504,0,0
34567,21:46:53,114.044296,22.5504,0,0
34567,21:47:23,114.044197,22.5522,0,31
34567,21:47:53,114.044098,22.5562,0,19
34567,21:48:53,114.042,22.559999,0,27
34567,21:49:53,114.0392,22.565701,0,6
34567,21:50:23,114.041,22.566601,0,14
34567,21:50:53,114.042801,22.5674,0,0
34567,21:51:54,114.045799,22.567499,0,13
34567,21:52:23,114.0466,22.567499,0,0
34567,21:53:23,114.047501,22.5674,0,0
34567,21:53:53,114.048203,22.5674,0,0
34567,21:54:23,114.048302,22.5676,0,0
34567,21:54:53,114.048798,22.567499,0,2
34567,21:55:23,114.0485,22.5674,0,9
34567,21:55:53,114.047203,22.5674,0,0
34567,21:56:25,114.047203,22.5674,0,0
34567,21:57:25,114.047401,22.5674,0,0
34567,21:57:54,114.048302,22.567301,0,0
34567,21:58:24,114.048897,22.5672,0,0
34567,21:58:54,114.048897,22.566799,0,12
34567,21:59:24,114.048599,22.565599,0,7
34567,21:59:54,114.0457,22.5653,0,16
34567,22:00:24,114.041801,22.564301,0,24
34567,22:01:24,114.036499,22.566099,0,15
34567,22:01:54,114.035797,22.5674,0,4
34567,22:02:54,114.035797,22.5674,0,0
34567,22:03:53,114.035599,22.5676,0,4
34567,22:04:53,114.0336,22.57,0,20
34567,22:05:23,114.0326,22.570801,0,4
34567,22:05:53,114.031403,22.570299,0,4
34567,22:06:23,114.031502,22.570101,0,0
34567,22:06:55,114.032097,22.569099,0,4
34567,22:07:25,114.033401,22.569599,0,8
34567,22:07:55,114.033501,22.569599,0,0
34567,22:08:25,114.0336,22.5697,0,4
34567,22:08:54,114.034698,22.568701,0,11
34567,22:09:24,114.035103,22.5681,0,0
34567,22:10:54,114.038498,22.5658,0,21
34567,22:11:24,114.040398,22.5627,0,31
34567,22:11:54,114.0429,22.558201,0,37
34567,22:12:24,114.044098,22.554501,0,31
34567,22:12:54,114.044098,22.553699,0,0
34567,22:13:24,114.044098,22.553301,0,0
34567,22:13:54,114.044098,22.5532,0,0
34567,22:15:23,114.044098,22.5527,0,4
34567,22:16:55,114.044098,22.5525,0,0
34567,22:17:25,114.044197,22.552,0,0
34567,22:17:55,114.044197,22.552,0,0
34567,22:18:25,114.044197,22.552,0,0
34567,22:19:25,114.044098,22.5515,0,0
34567,22:19:54,114.044098,22.5515,0,0
34567,22:21:24,114.044197,22.549,0,25
34567,22:21:55,114.044197,22.5446,0,30
34567,22:22:25,114.0438,22.541,0,11
34567,22:22:55,114.045998,22.542299,0,30
34567,22:23:55,114.055298,22.542101,0,40
34567,22:24:25,114.060501,22.542601,0,23
34567,22:24:55,114.064499,22.5427,0,29
34567,22:25:25,114.069,22.542801,0,29
34567,22:25:54,114.073502,22.5429,0,24
34567,22:26:00,114.074097,22.5429,0,9
34567,22:27:45,114.074501,22.5427,0,9
34567,22:28:44,114.075798,22.5418,0,0
34567,22:29:14,114.076103,22.542801,0,0
34567,22:29:44,114.077301,22.542999,0,22
34567,22:30:14,114.080704,22.5431,0,16
34567,22:30:44,114.081703,22.5431,0,15
34567,22:31:14,114.0839,22.543301,0,10
34567,22:31:44,114.084,22.5432,0,0
34567,22:32:16,114.084099,22.542601,0,10
34567,22:32:46,114.084099,22.541401,0,8
34567,22:33:16,114.083397,22.540701,0,19
34567,22:33:46,114.081902,22.5406,0,0
34567,22:36:45,114.0755,22.540899,0,15
34567,22:37:15,114.075798,22.541,0,2
34567,22:38:45,114.076202,22.546,0,17
34567,22:39:15,114.076202,22.5478,0,14
34567,22:39:44,114.076202,22.548599,0,0
34567,22:41:44,114.077698,22.5536,0,0
34567,22:42:16,114.077698,22.5536,0,0
34567,22:42:46,114.077202,22.5539,0,6
34567,22:43:16,114.076797,22.5539,0,0
34567,22:43:46,114.0774,22.5539,0,0
34567,22:44:45,114.078102,22.5539,0,13
34567,22:45:15,114.080498,22.554001,0,7
34567,22:45:45,114.0811,22.554001,0,0
34567,22:46:15,114.082497,22.554001,0,14
34567,22:47:15,114.0858,22.5536,0,13
34567,22:48:15,114.089699,22.5541,0,16
34567,22:48:45,114.090599,22.554199,0,0
34567,22:49:15,114.091003,22.5539,0,10
34567,22:49:45,114.091003,22.552,0,0
34567,22:50:14,114.091003,22.552,0,0
34567,22:51:14,114.091003,22.5516,0,14
34567,22:52:14,114.091103,22.547701,0,11
34567,22:52:46,114.091103,22.546499,0,0
34567,22:54:46,114.091103,22.543699,0,0
34567,22:55:45,114.091103,22.543699,0,0
34567,22:56:45,114.091301,22.5417,0,0
34567,22:57:15,114.091301,22.5417,0,0
34567,22:57:46,114.091499,22.541599,0,10
34567,22:58:46,114.097099,22.5434,0,21
34567,22:59:16,114.099998,22.5434,0,18
34567,22:59:46,114.102402,22.5439,0,23
34567,23:00:16,114.105202,22.544399,0,16
34567,23:01:45,114.112602,22.5457,0,0
34567,23:02:15,114.113197,22.545799,0,8
34567,23:02:46,114.113503,22.5459,0,0
34567,23:03:16,114.113701,22.5459,0,0
34567,23:04:16,114.114601,22.546,0,0
34567,23:04:46,114.1147,22.5459,0,0
34567,23:05:16,114.114998,22.5464,0,5
34567,23:05:46,114.115303,22.5464,0,0
34567,23:06:45,114.1166,22.5464,0,0
34567,23:07:15,114.1166,22.5464,0,0
34567,23:07:47,114.116798,22.5464,0,6
34567,23:08:17,114.116798,22.5476,0,3
34567,23:08:47,114.117302,22.547701,0,9
34567,23:09:17,114.118401,22.5478,0,6
34567,23:09:47,114.120003,22.547501,0,9
34567,23:10:47,114.122704,22.548401,0,6
34567,23:12:17,114.125,22.5492,0,7
34567,23:12:46,114.123802,22.5488,0,0
34567,23:13:16,114.123199,22.5487,0,7
34567,23:13:46,114.121696,22.5481,0,8
34567,23:14:16,114.119698,22.547701,0,10
34567,23:15:16,114.116798,22.547899,0,0
34567,23:15:46,114.116302,22.5487,0,7
34567,23:16:16,114.116402,22.5492,0,0
34567,23:16:46,114.116798,22.550501,0,15
34567,23:19:47,114.119598,22.559401,0,27
34567,23:20:17,114.118599,22.5637,0,32
34567,23:21:18,114.117798,22.5704,0,0
34567,23:22:47,114.117401,22.5774,0,16
34567,23:23:17,114.113701,22.576599,0,35
34567,23:23:46,114.108704,22.575899,0,37
34567,23:24:16,114.103897,22.573099,0,33
34567,23:25:16,114.098801,22.575001,0,39
34567,23:26:47,114.0979,22.5891,0,34
34567,23:27:17,114.098503,22.5937,0,32
34567,23:27:47,114.0989,22.5994,0,0
34567,23:28:17,114.096497,22.604401,0,38
34567,23:29:16,114.092201,22.6147,0,41
34567,23:30:16,114.090401,22.620899,0,32
34567,23:30:46,114.089302,22.6264,0,43
34567,23:32:16,114.086403,22.632299,0,2
34567,23:32:48,114.086403,22.632299,0,2
34567,23:33:18,114.086304,22.6306,0,23
34567,23:35:17,114.081497,22.633301,0,19
34567,23:36:17,114.079002,22.635201,0,16
34567,23:36:47,114.078102,22.634501,0,0
34567,23:37:17,114.078102,22.634501,0,0
34567,23:37:47,114.076897,22.634001,0,16
34567,23:39:19,114.074699,22.631901,0,23
34567,23:39:49,114.074303,22.629801,0,13
34567,23:41:18,114.065201,22.6327,0,31
34567,23:41:48,114.063599,22.6366,0,34
34567,23:42:18,114.062897,22.6383,0,0
34567,23:42:48,114.062897,22.6383,0,0
34567,23:43:18,114.062698,22.638599,0,3
34567,23:44:18,114.059402,22.638399,0,3
34567,23:44:48,114.058998,22.6383,0,0
34567,23:45:17,114.058296,22.638,0,6
34567,23:45:48,114.057297,22.636999,0,10
34567,23:46:18,114.056198,22.6364,0,3
34567,23:47:18,114.055702,22.636101,0,0
34567,23:47:48,114.055702,22.636101,0,0
34567,23:49:18,114.055496,22.6301,0,0
34567,23:50:18,114.055496,22.6301,0,0
34567,23:52:48,114.0504,22.624201,0,16
34567,23:53:18,114.0495,22.622101,0,24
34567,23:53:48,114.045197,22.6208,0,35
