32817,00:00:05,113.963272,22.541838,1,0
32817,00:00:40,113.963272,22.541838,1,0
32817,00:05:50,113.963272,22.541838,1,0
32817,00:06:24,113.963272,22.541838,1,0
32817,00:11:34,113.963272,22.541838,1,0
32817,00:12:08,113.963272,22.541838,1,0
32817,00:17:18,113.963272,22.541838,1,0
32817,00:17:53,113.963272,22.541838,1,0
32817,00:18:58,114.156815,22.568974,0,0
32817,00:23:03,114.156815,22.568974,0,0
32817,00:23:37,114.156815,22.568974,0,0
32817,00:26:58,114.133781,22.556799,1,15
32817,00:28:47,114.133781,22.556799,1,0
32817,00:29:22,114.133781,22.556799,1,0
32817,00:31:21,114.117126,22.551224,0,0
32817,00:32:08,114.116997,22.551065,1,23
32817,00:34:33,114.116997,22.551065,1,0
32817,00:35:09,114.116997,22.551065,1,0
32817,00:36:56,114.113762,22.540951,0,0
32817,00:40:19,114.113762,22.540951,0,0
32817,00:40:54,114.113762,22.540951,0,0
32817,00:42:32,114.115936,22.539368,1,22
32817,00:46:04,114.115936,22.539368,1,0
32817,00:46:38,114.115936,22.539368,1,0
32817,00:51:48,114.115936,22.539368,1,0
32817,00:52:23,114.115936,22.539368,1,0
32817,00:53:01,114.056,22.515938,0,0
32817,00:54:37,114.055359,22.518528,1,16
32817,00:57:33,114.055359,22.518528,1,0
32817,00:58:06,114.055359,22.518528,1,0
32817,01:00:47,114.081856,22.539001,0,0
32817,01:03:16,114.081856,22.539001,0,0
32817,01:03:49,114.081856,22.539001,0,0
32817,01:09:00,114.081856,22.539001,0,0
32817,01:09:34,114.081856,22.539001,0,0
32817,01:14:44,114.081856,22.539001,0,0
32817,01:15:20,114.081856,22.539001,0,0
32817,01:20:30,114.081856,22.539001,0,0
32817,01:21:04,114.081856,22.539001,0,0
32817,01:26:15,114.081856,22.539001,0,0
32817,01:26:39,114.119255,22.558699,1,21
32817,01:26:49,114.119255,22.558699,1,0
32817,01:31:59,114.119255,22.558699,1,0
32817,01:32:33,114.119255,22.558699,1,0
32817,01:37:43,114.119255,22.558699,1,0
32817,01:38:14,114.050819,22.567028,0,4
32817,01:38:18,114.050819,22.567028,0,0
32817,01:43:28,114.050819,22.567028,0,0
32817,01:44:02,114.050819,22.567028,0,0
32817,01:49:12,114.050819,22.567028,0,0
32817,01:49:46,114.050819,22.567028,0,0
32817,01:53:42,114.090591,22.566504,0,0
32817,01:54:58,114.090591,22.566504,0,0
32817,01:55:32,114.090591,22.566504,0,0
32817,02:00:42,114.090591,22.566504,0,0
32817,02:01:16,114.090591,22.566504,0,0
32817,02:06:26,114.090591,22.566504,0,0
32817,02:07:01,114.090591,22.566504,0,0
32817,02:12:10,114.090591,22.566504,0,0
32817,02:12:45,114.090591,22.566504,0,0
32817,02:17:55,114.090591,22.566504,0,0
32817,02:18:29,114.090591,22.566504,0,0
32817,02:23:43,114.090591,22.566504,0,0
32817,02:24:18,114.090591,22.566504,0,0
32817,02:29:27,114.090591,22.566504,0,0
32817,02:30:02,114.090591,22.566504,0,0
32817,02:35:12,114.090591,22.566504,0,0
32817,02:35:46,114.090591,22.566504,0,0
32817,02:40:56,114.090591,22.566504,0,0
32817,02:41:30,114.090591,22.566504,0,0
32817,02:46:40,114.090591,22.566504,0,0
32817,02:47:15,114.090591,22.566504,0,0
32817,02:52:25,114.090591,22.566504,0,0
32817,02:52:59,114.090591,22.566504,0,0
32817,02:58:09,114.090591,22.566504,0,0
32817,02:58:42,114.090591,22.566504,0,0
32817,03:24:53,113.929291,22.50308,0,0
32817,03:26:46,113.929291,22.50308,0,0
32817,03:27:20,113.929291,22.50308,0,0
32817,03:32:30,113.929291,22.50308,0,0
32817,03:33:05,113.929291,22.50308,0,0
32817,03:35:04,113.943466,22.524279,1,80
32817,03:38:15,113.943466,22.524279,1,0
32817,03:38:49,113.943466,22.524279,1,0
32817,03:43:59,113.943466,22.524279,1,0
32817,03:44:33,113.943466,22.524279,1,0
32817,03:49:43,113.943466,22.524279,1,0
32817,03:50:17,113.943466,22.524279,1,0
32817,03:55:22,114.101692,22.55229,0,19
32817,03:55:27,113.943466,22.524279,1,0
32817,03:56:01,114.101692,22.55229,0,0
32817,04:01:11,114.101692,22.55229,0,0
32817,04:01:45,114.101692,22.55229,0,0
32817,04:06:55,114.101692,22.55229,0,0
32817,04:07:29,114.101692,22.55229,0,0
32817,04:12:39,114.101692,22.55229,0,0
32817,04:13:13,114.101692,22.55229,0,0
32817,04:18:27,114.101692,22.55229,0,0
32817,04:19:00,114.101692,22.55229,0,0
32817,04:24:10,114.101692,22.55229,0,0
32817,04:24:44,114.101692,22.55229,0,0
32817,04:29:54,114.101692,22.55229,0,0
32817,04:30:28,114.101692,22.55229,0,0
32817,04:35:38,114.101692,22.55229,0,0
32817,04:36:11,114.101692,22.55229,0,0
32817,04:41:21,114.101692,22.55229,0,0
32817,04:41:55,114.101692,22.55229,0,0
32817,04:47:05,114.101692,22.55229,0,0
32817,04:47:39,114.101692,22.55229,0,0
32817,04:52:49,114.101692,22.55229,0,0
32817,04:53:22,114.101692,22.55229,0,0
32817,04:58:32,114.101692,22.55229,0,0
32817,04:59:06,114.101692,22.55229,0,0
32817,05:04:16,114.101692,22.55229,0,0
32817,05:04:50,114.101692,22.55229,0,0
32817,05:10:00,114.101692,22.55229,0,0
32817,05:10:34,114.101692,22.55229,0,0
32817,05:15:44,114.101692,22.55229,0,0
32817,05:16:18,114.101692,22.55229,0,0
32817,05:21:28,114.101692,22.55229,0,0
32817,05:22:02,114.101692,22.55229,0,0
32817,05:27:11,114.101692,22.55229,0,0
32817,05:27:45,114.101692,22.55229,0,0
32817,05:32:55,114.101692,22.55229,0,0
32817,05:33:28,114.101692,22.55229,0,0
32817,05:38:38,114.101692,22.55229,0,0
32817,05:39:12,114.101692,22.55229,0,0
32817,05:44:22,114.101692,22.55229,0,0
32817,05:44:56,114.101692,22.55229,0,0
32817,05:50:06,114.101692,22.55229,0,0
32817,05:50:40,114.101692,22.55229,0,0
32817,05:55:49,114.101692,22.55229,0,0
32817,05:56:23,114.101692,22.55229,0,0
32817,06:01:33,114.101692,22.55229,0,0
32817,06:02:07,114.101692,22.55229,0,0
32817,06:07:17,114.101692,22.55229,0,0
32817,06:07:51,114.101692,22.55229,0,0
32817,06:13:01,114.101692,22.55229,0,0
32817,06:13:34,114.101692,22.55229,0,0
32817,06:18:44,114.101692,22.55229,0,0
32817,06:19:18,114.101692,22.55229,0,0
32817,06:24:28,114.101692,22.55229,0,0
32817,06:25:04,114.101692,22.55229,0,0
32817,06:30:14,114.101692,22.55229,0,0
32817,06:30:48,114.101692,22.55229,0,0
32817,06:31:53,114.119698,22.591377,1,17
32817,06:35:58,114.119698,22.591377,1,0
32817,06:36:33,114.119698,22.591377,1,0
32817,06:41:43,114.119698,22.591377,1,0
32817,06:42:17,114.119698,22.591377,1,0
32817,06:43:05,114.15847,22.611546,0,0
32817,06:47:27,114.15847,22.611546,0,0
32817,06:48:00,114.15847,22.611546,0,0
32817,06:53:10,114.15847,22.611546,0,0
32817,06:53:43,114.15847,22.611546,0,0
32817,06:58:14,114.138069,22.604532,1,14
32817,06:58:53,114.138069,22.604532,1,0
32817,06:59:28,114.138069,22.604532,1,0
32817,07:04:38,114.138069,22.604532,1,0
32817,07:05:12,114.138069,22.604532,1,0
32817,07:10:22,114.138069,22.604532,1,0
32817,07:10:56,114.138069,22.604532,1,0
32817,07:16:07,114.138069,22.604532,1,0
32817,07:16:41,114.138069,22.604532,1,0
32817,07:21:51,114.138069,22.604532,1,0
32817,07:22:25,114.138069,22.604532,1,0
32817,07:27:35,114.068398,22.523817,0,0
32817,07:28:10,114.068398,22.523817,0,0
32817,07:33:20,114.068398,22.523817,0,0
32817,07:33:55,114.068398,22.523817,0,0
32817,07:34:36,114.084145,22.539103,1,16
32817,07:39:05,114.084145,22.539103,1,0
32817,07:39:39,114.084145,22.539103,1,0
32817,07:44:49,114.084145,22.539103,1,0
32817,07:45:24,114.084145,22.539103,1,0
32817,07:50:34,114.084145,22.539103,1,0
32817,07:51:08,114.084145,22.539103,1,0
32817,07:56:18,114.084145,22.539103,1,0
32817,07:56:52,114.084145,22.539103,1,0
32817,08:02:02,114.084145,22.539103,1,0
32817,08:02:36,114.084145,22.539103,1,0
32817,08:07:45,114.084145,22.539103,1,0
32817,08:08:19,114.084145,22.539103,1,0
32817,08:13:29,114.084145,22.539103,1,0
32817,08:13:31,113.90815,22.479757,0,0
32817,08:14:03,113.90815,22.479757,0,0
32817,08:15:02,113.908569,22.479914,1,9
32817,08:19:13,113.908569,22.479914,1,0
32817,08:19:47,113.908569,22.479914,1,0
32817,08:24:58,113.908569,22.479914,1,0
32817,08:25:32,113.908569,22.479914,1,0
32817,08:26:18,113.892464,22.461155,0,0
32817,08:30:42,113.892464,22.461155,0,0
32817,08:31:17,113.892464,22.461155,0,0
32817,08:36:26,113.892464,22.461155,0,0
32817,08:37:00,113.892464,22.461155,0,0
32817,08:42:06,113.914452,22.489628,1,15
32817,08:42:10,113.914452,22.489628,1,0
32817,08:42:44,113.914452,22.489628,1,0
32817,08:47:58,113.914452,22.489628,1,0
32817,08:48:32,113.914452,22.489628,1,0
32817,08:53:42,113.914452,22.489628,1,0
32817,08:54:07,113.9188,22.512962,0,0
32817,08:54:16,113.9188,22.512962,0,0
32817,08:55:48,113.919777,22.512577,1,8
32817,08:59:26,113.919777,22.512577,1,0
32817,09:00:00,113.919777,22.512577,1,0
32817,09:05:10,113.919777,22.512577,1,0
32817,09:05:43,113.919777,22.512577,1,0
32817,09:09:55,113.9431,22.506447,0,13
32817,09:10:53,113.9431,22.506447,0,0
32817,09:11:29,113.9431,22.506447,0,0
32817,09:12:31,113.945366,22.506514,1,15
32817,09:16:39,113.945366,22.506514,1,0
32817,09:17:14,113.945366,22.506514,1,0
32817,09:22:25,113.945366,22.506514,1,0
32817,09:23:00,113.945366,22.506514,1,0
32817,09:25:30,113.918373,22.51475,0,2
32817,09:28:10,113.918373,22.51475,0,0
32817,09:28:46,113.918373,22.51475,0,0
32817,09:29:19,113.914383,22.518112,1,10
32817,09:33:57,113.914383,22.518112,1,0
32817,09:34:32,113.914383,22.518112,1,0
32817,09:37:17,113.914383,22.518112,1,0
32817,09:37:31,113.914383,22.518112,1,0
32817,09:39:42,113.914383,22.518112,1,0
32817,09:40:17,113.914383,22.518112,1,0
32817,09:45:28,113.914383,22.518112,1,0
32817,09:46:03,113.914383,22.518112,1,0
32817,09:47:58,113.914383,22.518112,1,0
32817,09:48:07,113.914383,22.518112,1,0
32817,09:51:13,113.914383,22.518112,1,0
32817,09:51:48,113.914383,22.518112,1,0
32817,09:56:59,113.914383,22.518112,1,0
32817,09:57:34,113.914383,22.518112,1,0
32817,09:58:42,113.914383,22.518112,1,0
32817,09:58:50,113.914383,22.518112,1,0
32817,10:02:45,113.914383,22.518112,1,0
32817,10:03:21,113.914383,22.518112,1,0
32817,10:08:32,113.914383,22.518112,1,0
32817,10:09:08,113.914383,22.518112,1,0
32817,10:09:26,113.914383,22.518112,1,0
32817,10:09:33,113.914383,22.518112,1,0
32817,10:14:18,113.914383,22.518112,1,0
32817,10:14:54,113.914383,22.518112,1,0
32817,10:20:04,113.914383,22.518112,1,0
32817,10:20:09,113.914383,22.518112,1,0
32817,10:20:16,113.914383,22.518112,1,0
32817,10:20:38,113.914383,22.518112,1,0
32817,10:25:48,113.914383,22.518112,1,0
32817,10:26:23,113.914383,22.518112,1,0
32817,10:30:52,113.914383,22.518112,1,0
32817,10:31:00,113.914383,22.518112,1,0
32817,10:31:33,113.914383,22.518112,1,0
32817,10:32:09,113.914383,22.518112,1,0
32817,10:37:19,113.914383,22.518112,1,0
32817,10:37:54,113.914383,22.518112,1,0
32817,10:41:38,113.914383,22.518112,1,0
32817,10:41:45,113.914383,22.518112,1,0
32817,10:43:05,113.914383,22.518112,1,0
32817,10:43:41,113.914383,22.518112,1,0
32817,10:48:51,113.914383,22.518112,1,0
32817,10:49:27,113.914383,22.518112,1,0
32817,10:52:21,113.914383,22.518112,1,0
32817,10:52:28,113.914383,22.518112,1,0
32817,10:54:38,113.914383,22.518112,1,0
32817,10:55:14,113.914383,22.518112,1,0
32817,11:00:24,113.914383,22.518112,1,0
32817,11:00:58,113.914383,22.518112,1,0
32817,11:03:05,113.914383,22.518112,1,0
32817,11:03:12,113.914383,22.518112,1,0
32817,11:06:12,113.914383,22.518112,1,0
32817,11:06:47,113.914383,22.518112,1,0
32817,11:11:57,113.914383,22.518112,1,0
32817,11:12:31,113.914383,22.518112,1,0
32817,11:13:48,113.914383,22.518112,1,0
32817,11:13:55,113.914383,22.518112,1,0
32817,11:17:41,113.914383,22.518112,1,0
32817,11:18:15,113.914383,22.518112,1,0
32817,11:23:25,113.914383,22.518112,1,0
32817,11:23:59,113.914383,22.518112,1,0
32817,11:24:32,113.914383,22.518112,1,0
32817,11:24:39,113.914383,22.518112,1,0
32817,11:29:09,113.914383,22.518112,1,0
32817,11:29:43,113.914383,22.518112,1,0
32817,11:34:53,113.914383,22.518112,1,0
32817,11:35:15,113.914383,22.518112,1,0
32817,11:35:22,113.914383,22.518112,1,0
32817,11:35:27,113.914383,22.518112,1,0
32817,11:40:37,113.914383,22.518112,1,0
32817,11:41:12,113.914383,22.518112,1,0
32817,11:42:17,113.906395,22.553619,1,10
32817,11:46:07,113.914383,22.518112,1,0
32817,11:46:12,113.906395,22.553619,1,0
32817,11:46:22,113.906395,22.553619,1,0
32817,11:46:56,113.906395,22.553619,1,0
32817,11:47:49,113.914856,22.535439,0,0
32817,11:50:07,113.919334,22.535374,1,18
32817,11:52:06,113.919334,22.535374,1,0
32817,11:52:40,113.919334,22.535374,1,0
32817,11:56:55,113.914856,22.535439,0,0
32817,11:57:10,113.914658,22.538944,0,24
32817,11:57:50,113.914658,22.538944,0,0
32817,11:58:23,113.914375,22.537117,1,30
32817,11:58:24,113.914658,22.538944,0,0
32817,12:03:34,113.914375,22.537117,1,0
32817,12:04:07,113.914375,22.537117,1,0
32817,12:07:38,113.914375,22.537117,1,0
32817,12:13:02,113.91468,22.518503,1,30
32817,12:15:03,113.91468,22.518503,1,0
32817,12:15:38,113.91468,22.518503,1,0
32817,12:18:22,113.91468,22.518503,1,0
32817,12:20:48,113.91468,22.518503,1,0
32817,12:21:24,113.91468,22.518503,1,0
32817,12:26:34,113.91468,22.518503,1,0
32817,12:27:10,113.91468,22.518503,1,0
32817,12:29:04,113.91468,22.518503,1,0
32817,12:32:20,113.91468,22.518503,1,0
32817,12:32:55,113.91468,22.518503,1,0
32817,12:38:05,113.91468,22.518503,1,0
32817,12:38:40,113.91468,22.518503,1,0
32817,12:39:47,113.91468,22.518503,1,0
32817,12:40:06,114.026733,22.612505,0,6
32817,12:43:55,114.026733,22.612505,0,0
32817,12:44:30,114.026733,22.612505,0,0
32817,12:49:40,114.026733,22.612505,0,0
32817,12:50:15,114.026733,22.612505,0,0
32817,12:50:30,113.91468,22.518503,1,0
32817,12:50:32,114.026733,22.612505,0,0
32817,12:55:25,114.026733,22.612505,0,0
32817,12:56:00,114.026733,22.612505,0,0
32817,12:56:31,114.040359,22.615335,1,30
32817,13:01:11,114.040359,22.615335,1,0
32817,13:01:14,114.026733,22.612505,0,0
32817,13:01:16,114.040359,22.615335,1,0
32817,13:01:46,114.040359,22.615335,1,0
32817,13:02:41,114.027,22.612925,0,1
32817,13:06:56,114.027,22.612925,0,0
32817,13:07:30,114.027,22.612925,0,0
32817,13:11:58,114.040359,22.615335,1,0
32817,13:12:40,114.027,22.612925,0,0
32817,13:13:16,114.027,22.612925,0,0
32817,13:18:26,114.027,22.612925,0,0
32817,13:19:00,114.027,22.612925,0,0
32817,13:22:41,114.027,22.612925,0,0
32817,13:22:41,114.040359,22.615335,1,0
32817,13:24:10,114.027,22.612925,0,0
32817,13:24:45,114.027,22.612925,0,0
32817,13:29:55,114.027,22.612925,0,0
32817,13:30:29,114.027,22.612925,0,0
32817,13:33:10,114.053963,22.573189,1,21
32817,13:33:24,114.027,22.612925,0,0
32817,13:33:37,114.053963,22.573189,1,0
32817,13:35:40,114.053963,22.573189,1,0
32817,13:36:15,114.053963,22.573189,1,0
32817,13:38:40,114.03698,22.568794,0,0
32817,13:41:25,114.03698,22.568794,0,0
32817,13:41:34,114.03331,22.570282,1,19
32817,13:42:00,114.03331,22.570282,1,0
32817,13:44:10,114.03698,22.568794,0,0
32817,13:44:11,114.03331,22.570282,1,0
32817,13:47:11,114.03331,22.570282,1,0
32817,13:47:46,114.03331,22.570282,1,0
32817,13:52:56,114.03331,22.570282,1,0
32817,13:53:30,114.03331,22.570282,1,0
32817,13:54:51,114.03698,22.568794,0,0
32817,13:54:51,114.03331,22.570282,1,0
32817,13:58:40,114.03331,22.570282,1,0
32817,13:59:16,114.03331,22.570282,1,0
32817,14:00:35,114.059212,22.534292,1,15
32817,14:04:26,114.059212,22.534292,1,0
32817,14:05:00,114.059212,22.534292,1,0
32817,14:05:34,114.03331,22.570282,1,0
32817,14:05:36,114.059212,22.534292,1,0
32817,14:10:13,114.059212,22.534292,1,0
32817,14:10:47,114.059212,22.534292,1,0
32817,14:15:57,114.059212,22.534292,1,0
32817,14:16:17,114.03331,22.570282,1,0
32817,14:16:18,114.059212,22.534292,1,0
32817,14:16:31,114.059212,22.534292,1,0
32817,14:21:14,113.940201,22.549986,0,0
32817,14:21:41,113.940201,22.549986,0,0
32817,14:22:16,113.940201,22.549986,0,0
32817,14:27:01,114.059212,22.534292,1,0
32817,14:27:03,113.940201,22.549986,0,0
32817,14:27:26,113.940201,22.549986,0,0
32817,14:28:00,113.940201,22.549986,0,0
32817,14:28:21,113.942917,22.552843,1,23
32817,14:33:10,113.942917,22.552843,1,0
32817,14:33:44,113.942917,22.552843,1,0
32817,14:37:45,113.940201,22.549986,0,0
32817,14:37:45,113.942917,22.552843,1,0
32817,14:38:54,113.942917,22.552843,1,0
32817,14:39:29,113.942917,22.552843,1,0
32817,14:44:40,113.942917,22.552843,1,0
32817,14:45:18,113.942917,22.552843,1,0
32817,14:48:28,113.942917,22.552843,1,0
32817,14:48:28,113.940201,22.549986,0,0
32817,14:50:28,113.942917,22.552843,1,0
32817,14:51:02,113.942917,22.552843,1,0
32817,14:56:12,113.942917,22.552843,1,0
32817,14:56:46,113.942917,22.552843,1,0
32817,14:59:11,113.940201,22.549986,0,0
32817,14:59:11,113.942917,22.552843,1,0
32817,15:01:36,114.026993,22.612865,0,1
32817,15:01:56,114.026993,22.612865,0,0
32817,15:02:30,114.026993,22.612865,0,0
32817,15:05:12,114.029259,22.612238,1,18
32817,15:07:40,114.029259,22.612238,1,0
32817,15:08:14,114.029259,22.612238,1,0
32817,15:09:56,114.026993,22.612865,0,0
32817,15:09:57,114.029259,22.612238,1,0
32817,15:13:24,114.029259,22.612238,1,0
32817,15:13:58,114.029259,22.612238,1,0
32817,15:14:43,114.056862,22.607388,0,0
32817,15:17:45,114.050224,22.604822,1,11
32817,15:19:08,114.050224,22.604822,1,0
32817,15:19:42,114.050224,22.604822,1,0
32817,15:20:40,114.056862,22.607388,0,0
32817,15:20:41,114.050224,22.604822,1,0
32817,15:24:52,114.050224,22.604822,1,0
32817,15:25:28,114.050224,22.604822,1,0
32817,15:30:11,114.054024,22.569715,0,0
32817,15:30:31,114.054031,22.569687,1,0
32817,15:30:38,114.054031,22.569687,1,0
32817,15:31:12,114.054031,22.569687,1,0
32817,15:31:27,114.054024,22.569715,0,0
32817,15:31:28,114.054031,22.569687,1,0
32817,15:36:22,114.054031,22.569687,1,0
32817,15:36:58,114.054031,22.569687,1,0
32817,15:42:08,114.054024,22.569715,0,0
32817,15:42:08,114.054031,22.569687,1,0
32817,15:42:42,114.054031,22.569687,1,0
32817,15:47:52,114.054031,22.569687,1,0
32817,15:48:27,114.054031,22.569687,1,0
32817,15:52:50,114.054024,22.569715,0,0
32817,15:52:50,114.054031,22.569687,1,0
32817,15:53:37,114.054031,22.569687,1,0
32817,15:54:12,114.054031,22.569687,1,0
32817,15:59:22,114.054031,22.569687,1,0
32817,15:59:45,114.117439,22.604668,0,0
32817,15:59:55,114.117439,22.604668,0,0
32817,16:03:34,114.054031,22.569687,1,0
32817,16:03:37,114.117439,22.604668,0,0
32817,16:05:05,114.117439,22.604668,0,0
32817,16:05:39,114.117439,22.604668,0,0
32817,16:10:49,114.117439,22.604668,0,0
32817,16:11:24,114.117439,22.604668,0,0
32817,16:14:17,114.054031,22.569687,1,0
32817,16:14:19,114.117439,22.604668,0,0
32817,16:16:34,114.117439,22.604668,0,0
32817,16:17:07,114.117439,22.604668,0,0
32817,16:22:18,114.117439,22.604668,0,0
32817,16:22:53,114.117439,22.604668,0,0
32817,16:25:01,114.054031,22.569687,1,0
32817,16:25:02,114.117439,22.604668,0,0
32817,16:28:03,114.117439,22.604668,0,0
32817,16:28:38,114.117439,22.604668,0,0
32817,16:34:41,114.097282,22.592028,0,0
32817,16:35:49,114.097282,22.592028,0,0
32817,16:39:15,114.098534,22.574287,1,11
32817,16:39:33,114.098534,22.574287,1,0
32817,16:40:09,114.098534,22.574287,1,0
32817,16:45:21,114.098534,22.574287,1,0
32817,16:45:56,114.098534,22.574287,1,0
32817,16:46:30,114.097282,22.592028,0,0
32817,16:46:30,114.098534,22.574287,1,0
32817,16:50:09,114.125069,22.567493,0,0
32817,16:51:06,114.125069,22.567493,0,0
32817,16:51:26,114.124794,22.564882,1,10
32817,16:51:41,114.124794,22.564882,1,0
32817,16:56:51,114.124794,22.564882,1,0
32817,16:57:13,114.124794,22.564882,1,0
32817,16:57:13,114.125069,22.567493,0,0
32817,16:57:26,114.124794,22.564882,1,0
32817,17:00:34,114.108986,22.541771,0,1
32817,17:00:53,114.108795,22.541655,1,16
32817,17:02:37,114.108795,22.541655,1,0
32817,17:03:12,114.108795,22.541655,1,0
32817,17:07:57,114.108795,22.541655,1,0
32817,17:07:57,114.108986,22.541771,0,0
32817,17:08:23,114.108795,22.541655,1,0
32817,17:08:58,114.108795,22.541655,1,0
32817,17:14:09,114.108795,22.541655,1,0
32817,17:14:44,114.108795,22.541655,1,0
32817,17:18:39,114.108986,22.541771,0,0
32817,17:18:39,114.108795,22.541655,1,0
32817,17:19:55,114.108795,22.541655,1,0
32817,17:20:30,114.108795,22.541655,1,0
32817,17:25:40,114.108795,22.541655,1,0
32817,17:26:14,114.108795,22.541655,1,0
32817,17:29:22,114.108795,22.541655,1,0
32817,17:29:22,114.108986,22.541771,0,0
32817,17:31:24,114.108795,22.541655,1,0
32817,17:31:58,114.108795,22.541655,1,0
32817,17:35:43,114.054337,22.56341,0,0
32817,17:37:08,114.054337,22.56341,0,0
32817,17:37:41,114.054207,22.563793,1,19
32817,17:37:43,114.054337,22.56341,0,0
32817,17:40:08,114.054337,22.56341,0,0
32817,17:40:09,114.054207,22.563793,1,0
32817,17:42:53,114.054207,22.563793,1,0
32817,17:43:29,114.054207,22.563793,1,0
32817,17:45:45,114.040405,22.568682,0,0
32817,17:48:39,114.040405,22.568682,0,0
32817,17:49:14,114.040405,22.568682,0,0
32817,17:50:50,114.054207,22.563793,1,0
32817,17:50:52,114.040405,22.568682,0,0
32817,17:54:24,114.040405,22.568682,0,0
32817,17:55:01,114.040405,22.568682,0,0
32817,18:00:12,114.040405,22.568682,0,0
32817,18:00:47,114.040405,22.568682,0,0
32817,18:01:33,114.040405,22.568682,0,0
32817,18:01:33,114.054207,22.563793,1,0
32817,18:04:21,114.051018,22.549868,1,28
32817,18:05:58,114.051018,22.549868,1,0
32817,18:06:33,114.051018,22.549868,1,0
32817,18:11:44,114.051018,22.549868,1,0
32817,18:12:16,114.040405,22.568682,0,0
32817,18:12:18,114.051018,22.549868,1,0
32817,18:12:19,114.051018,22.549868,1,0
32817,18:22:59,114.040405,22.568682,0,0
32817,18:23:00,114.051018,22.549868,1,0
32817,18:23:15,114.051018,22.549868,1,0
32817,18:23:50,114.051018,22.549868,1,0
32817,18:28:57,114.078468,22.54306,0,13
32817,18:29:00,114.051018,22.549868,1,0
32817,18:29:35,114.078468,22.54306,0,0
32817,18:30:16,114.07914,22.543034,1,15
32817,18:33:46,114.078468,22.54306,0,0
32817,18:33:46,114.07914,22.543034,1,0
32817,18:34:45,114.07914,22.543034,1,0
32817,18:35:22,114.07914,22.543034,1,0
32817,18:40:33,114.07914,22.543034,1,0
32817,18:41:08,114.07914,22.543034,1,0
32817,18:44:28,114.07914,22.543034,1,0
32817,18:44:28,114.078468,22.54306,0,0
32817,18:46:19,114.07914,22.543034,1,0
32817,18:46:54,114.07914,22.543034,1,0
32817,18:52:04,114.07914,22.543034,1,0
32817,18:52:37,114.07914,22.543034,1,0
32817,18:55:11,114.07914,22.543034,1,0
32817,18:55:11,114.078468,22.54306,0,0
32817,18:57:48,114.07914,22.543034,1,0
32817,18:58:24,114.07914,22.543034,1,0
32817,19:03:34,114.07914,22.543034,1,0
32817,19:04:09,114.07914,22.543034,1,0
32817,19:05:54,114.07914,22.543034,1,0
32817,19:05:54,114.078468,22.54306,0,0
32817,19:09:19,114.07914,22.543034,1,0
32817,19:09:54,114.07914,22.543034,1,0
32817,19:15:04,114.07914,22.543034,1,0
32817,19:15:38,114.07914,22.543034,1,0
32817,19:16:37,114.07914,22.543034,1,0
32817,19:16:37,114.078468,22.54306,0,0
32817,19:20:48,114.07914,22.543034,1,0
32817,19:21:22,114.07914,22.543034,1,0
32817,19:26:32,114.07914,22.543034,1,0
32817,19:27:05,114.07914,22.543034,1,0
32817,19:27:20,114.07914,22.543034,1,0
32817,19:27:20,114.078468,22.54306,0,0
32817,19:32:15,114.07914,22.543034,1,0
32817,19:32:49,114.07914,22.543034,1,0
32817,19:37:59,114.07914,22.543034,1,0
32817,19:38:04,114.078468,22.54306,0,0
32817,19:38:04,114.07914,22.543034,1,0
32817,19:38:35,114.07914,22.543034,1,0
32817,19:43:45,114.07914,22.543034,1,0
32817,19:44:20,114.07914,22.543034,1,0
32817,19:48:47,114.07914,22.543034,1,0
32817,19:48:47,114.078468,22.54306,0,0
32817,19:49:30,114.07914,22.543034,1,0
32817,19:50:04,114.07914,22.543034,1,0
32817,19:55:14,114.07914,22.543034,1,0
32817,19:55:48,114.07914,22.543034,1,0
32817,19:59:30,114.078468,22.54306,0,0
32817,19:59:30,114.07914,22.543034,1,0
32817,20:00:57,114.07914,22.543034,1,0
32817,20:01:31,114.07914,22.543034,1,0
32817,20:06:41,114.07914,22.543034,1,0
32817,20:07:15,114.07914,22.543034,1,0
32817,20:10:02,114.113914,22.534613,0,0
32817,20:10:14,114.07914,22.543034,1,0
32817,20:12:22,114.114532,22.533979,1,4
32817,20:12:25,114.113914,22.534613,0,0
32817,20:12:58,114.113914,22.534613,0,0
32817,20:18:09,114.114532,22.533979,1,0
32817,20:18:43,114.114532,22.533979,1,0
32817,20:20:59,114.113914,22.534613,0,0
32817,20:21:00,114.114532,22.533979,1,0
32817,20:23:53,114.114532,22.533979,1,0
32817,20:24:29,114.114532,22.533979,1,0
32817,20:29:38,114.114532,22.533979,1,0
32817,20:30:12,114.114532,22.533979,1,0
32817,20:31:42,114.113914,22.534613,0,0
32817,20:31:42,114.114532,22.533979,1,0
32817,20:35:23,114.114532,22.533979,1,0
32817,20:35:58,114.114532,22.533979,1,0
32817,20:41:08,114.114532,22.533979,1,0
32817,20:41:43,114.114532,22.533979,1,0
32817,20:42:25,114.113914,22.534613,0,0
32817,20:42:25,114.114532,22.533979,1,0
32817,20:44:56,114.15847,22.611561,0,0
32817,20:46:53,114.15847,22.611561,0,0
32817,20:47:27,114.15847,22.611561,0,0
32817,20:50:10,114.148529,22.608942,1,19
32817,20:52:42,114.148529,22.608942,1,0
32817,20:53:10,114.15847,22.611561,0,0
32817,20:53:11,114.148529,22.608942,1,0
32817,20:53:17,114.148529,22.608942,1,0
32817,20:58:28,114.148529,22.608942,1,0
32817,20:59:02,114.148529,22.608942,1,0
32817,21:03:53,114.15847,22.611561,0,0
32817,21:03:53,114.148529,22.608942,1,0
32817,21:04:12,114.148529,22.608942,1,0
32817,21:04:47,114.148529,22.608942,1,0
32817,21:05:13,114.116463,22.550028,0,0
32817,21:05:50,114.116653,22.549265,1,7
32817,21:09:57,114.116653,22.549265,1,0
32817,21:10:31,114.116653,22.549265,1,0
32817,21:14:37,114.116653,22.549265,1,0
32817,21:14:37,114.116463,22.550028,0,0
32817,21:15:41,114.116653,22.549265,1,0
32817,21:16:16,114.116653,22.549265,1,0
32817,21:21:26,114.116653,22.549265,1,0
32817,21:22:01,114.116653,22.549265,1,0
32817,21:25:20,114.116463,22.550028,0,0
32817,21:25:20,114.116653,22.549265,1,0
32817,21:27:11,114.116653,22.549265,1,0
32817,21:27:46,114.116653,22.549265,1,0
32817,21:30:05,114.058685,22.523638,0,0
32817,21:30:42,114.058578,22.52363,1,14
32817,21:32:56,114.058578,22.52363,1,0
32817,21:33:31,114.058578,22.52363,1,0
32817,21:36:05,114.058685,22.523638,0,0
32817,21:36:05,114.058578,22.52363,1,0
32817,21:38:41,114.058578,22.52363,1,0
32817,21:39:15,114.058578,22.52363,1,0
32817,21:44:26,114.058578,22.52363,1,0
32817,21:45:02,114.058578,22.52363,1,0
32817,21:46:47,114.058685,22.523638,0,0
32817,21:50:12,114.058578,22.52363,1,0
32817,21:50:46,114.058578,22.52363,1,0
32817,21:55:57,114.058578,22.52363,1,0
32817,21:56:31,114.058578,22.52363,1,0
32817,21:57:30,114.058578,22.52363,1,0
32817,21:57:30,114.058685,22.523638,0,0
32817,22:01:41,114.058578,22.52363,1,0
32817,22:02:16,114.058578,22.52363,1,0
32817,22:07:26,114.058578,22.52363,1,0
32817,22:08:01,114.058578,22.52363,1,0
32817,22:08:13,114.058578,22.52363,1,0
32817,22:08:13,114.058685,22.523638,0,0
32817,22:24:15,114.097221,22.566397,0,0
32817,22:24:40,114.097221,22.566397,0,0
32817,22:25:15,114.097221,22.566397,0,0
32817,22:29:43,114.097221,22.566397,0,0
32817,22:30:26,114.094582,22.559879,1,0
32817,22:31:00,114.094582,22.559879,1,0
32817,22:36:10,114.094582,22.559879,1,0
32817,22:36:45,114.094582,22.559879,1,0
32817,22:39:42,114.05835,22.527679,0,0
32817,22:40:14,114.058296,22.52766,1,1
32817,22:40:30,114.05835,22.527679,0,0
32817,22:41:55,114.058296,22.52766,1,0
32817,22:42:30,114.058296,22.52766,1,0
32817,22:45:46,114.067993,22.521563,0,1
32817,22:47:40,114.067993,22.521563,0,0
32817,22:48:14,114.067993,22.521563,0,0
32817,22:49:45,114.067604,22.524069,1,19
32817,22:51:09,114.067993,22.521563,0,0
32817,22:51:11,114.067604,22.524069,1,0
32817,22:53:24,114.067604,22.524069,1,0
32817,22:53:57,114.067604,22.524069,1,0
32817,22:59:07,114.067604,22.524069,1,0
32817,22:59:41,114.067604,22.524069,1,0
32817,23:01:51,114.067993,22.521563,0,0
32817,23:01:52,114.067604,22.524069,1,0
32817,23:03:54,114.036499,22.565727,0,0
32817,23:04:51,114.036499,22.565727,0,0
32817,23:05:27,114.036499,22.565727,0,0
32817,23:06:42,114.040268,22.556459,1,12
32817,23:10:38,114.040268,22.556459,1,0
32817,23:11:13,114.040268,22.556459,1,0
32817,23:12:36,114.040268,22.556459,1,0
32817,23:12:36,114.036499,22.565727,0,0
32817,23:16:23,114.040268,22.556459,1,0
32817,23:16:57,114.040268,22.556459,1,0
32817,23:20:04,114.067879,22.521482,0,2
32817,23:22:08,114.067879,22.521482,0,0
32817,23:22:43,114.067879,22.521482,0,0
32817,23:23:00,114.067711,22.524,1,19
32817,23:23:20,114.067879,22.521482,0,0
32817,23:23:30,114.067711,22.524,1,0
32817,23:27:53,114.067711,22.524,1,0
32817,23:28:27,114.067711,22.524,1,0
32817,23:33:38,114.067711,22.524,1,0
32817,23:34:02,114.067879,22.521482,0,0
32817,23:34:03,114.067711,22.524,1,0
32817,23:34:12,114.067711,22.524,1,0
32817,23:39:22,114.067711,22.524,1,0
32817,23:39:56,114.067711,22.524,1,0
32817,23:40:28,114.034973,22.616314,0,0
32817,23:41:10,114.034767,22.61622,1,22
32817,23:44:47,114.034767,22.61622,1,0
32817,23:44:47,114.034973,22.616314,0,0
32817,23:45:06,114.034767,22.61622,1,0
32817,23:45:39,114.034767,22.61622,1,0
32817,23:50:49,114.034767,22.61622,1,0
32817,23:51:22,114.034767,22.61622,1,0
