24610,00:00:26,114.049736,22.723133,0,16
24610,00:01:46,114.045914,22.721617,0,33
24610,00:02:18,114.043686,22.721399,0,37
24610,00:02:22,114.043251,22.721399,0,38
24610,00:02:58,114.039932,22.722851,0,50
24610,00:03:38,114.036301,22.725384,0,53
24610,00:03:46,114.0355,22.726049,0,45
24610,00:04:18,114.033798,22.727249,0,9
24610,00:04:26,114.033798,22.727266,0,0
24610,00:04:58,114.031448,22.727167,0,63
24610,00:05:06,114.0299,22.727367,0,78
24610,00:05:38,114.026871,22.728718,0,0
24610,00:06:18,114.024384,22.72995,0,77
24610,00:06:58,114.021568,22.731318,0,1
24610,00:07:38,114.021347,22.731268,0,18
24610,00:07:46,114.0214,22.730682,0,40
24610,00:08:18,114.021431,22.730383,0,1
24610,00:08:58,114.021614,22.730333,0,2
24610,00:09:38,114.021652,22.729401,0,45
24610,00:10:18,114.021698,22.724583,0,53
24610,00:10:58,114.023514,22.720633,0,63
24610,00:12:18,114.033417,22.715317,0,32
24610,00:12:58,114.036903,22.715166,0,27
24610,00:13:38,114.039902,22.716101,0,28
24610,00:14:18,114.040749,22.714983,0,0
24610,00:14:58,114.04068,22.715218,0,0
24610,00:15:38,114.040199,22.716049,0,23
24610,00:16:18,114.037132,22.715117,0,22
24610,00:16:58,114.033249,22.7155,0,54
24610,00:17:38,114.027733,22.718349,0,40
24610,00:17:46,114.027786,22.718567,0,10
24610,00:18:18,114.027802,22.71855,0,0
24610,00:18:58,114.02858,22.719383,0,0
24610,00:19:38,114.027901,22.718599,0,32
24610,00:20:18,114.030968,22.716932,0,64
24610,00:20:26,114.032097,22.716433,0,55
24610,00:20:58,114.035103,22.714817,0,50
24610,00:21:38,114.038864,22.715616,0,15
24610,00:22:18,114.040619,22.715317,0,21
24610,00:22:58,114.040802,22.714867,0,18
24610,00:23:38,114.043465,22.715517,0,0
24610,00:24:18,114.04348,22.715517,0,0
24610,00:24:58,114.045036,22.716049,0,66
24610,00:25:38,114.049866,22.717934,0,36
24610,00:26:18,114.053101,22.720766,0,33
24610,00:26:58,114.056297,22.7234,0,42
24610,00:27:38,114.058701,22.723551,0,0
24610,00:32:38,114.059952,22.723133,0,0
24610,00:41:14,114.059914,22.723133,0,1
24610,00:41:38,114.06102,22.722816,0,30
24610,00:42:18,114.061279,22.72275,0,0
24610,00:42:58,114.064049,22.724199,0,60
24610,00:43:06,114.065399,22.724117,0,63
24610,00:43:12,114.059952,22.723133,0,0
24610,00:44:18,114.059067,22.733784,0,87
24610,00:44:58,114.051064,22.7341,0,77
24610,00:45:38,114.042801,22.733433,0,85
24610,00:46:18,114.036469,22.730017,0,32
24610,00:46:58,114.033615,22.734751,0,72
24610,00:47:06,114.032501,22.735567,0,68
24610,00:48:18,114.027702,22.742033,0,65
24610,00:48:26,114.027069,22.743418,0,81
24610,00:48:58,114.029152,22.74885,0,43
24610,00:49:38,114.029869,22.749733,0,49
24610,00:50:18,114.030853,22.755516,0,1
24610,00:50:58,114.031647,22.757017,0,65
24610,00:51:38,114.03373,22.762934,0,61
24610,00:52:18,114.033348,22.764017,0,43
24610,00:52:58,114.030716,22.768932,0,44
24610,00:53:38,114.030136,22.773933,0,56
24610,00:54:18,114.030182,22.778584,0,48
24610,00:54:58,114.028847,22.781517,0,57
24610,00:55:38,114.023102,22.782049,0,60
24610,00:56:18,114.017281,22.783867,0,40
24610,00:56:58,114.014465,22.785601,0,52
24610,00:57:38,114.011467,22.789217,0,57
24610,00:58:18,114.009483,22.788099,0,4
24610,00:58:58,114.009369,22.787933,0,4
24610,00:59:38,114.008469,22.787117,0,14
24610,01:00:18,114.008499,22.787132,0,10
24610,01:00:58,114.009064,22.78845,0,38
24610,01:01:38,114.012947,22.788733,0,52
24610,01:02:18,114.014847,22.784267,0,37
24610,01:02:58,114.019333,22.783449,0,55
24610,01:03:38,114.025002,22.781567,0,69
24610,01:04:18,114.030403,22.780884,0,22
24610,01:04:58,114.030113,22.777067,0,37
24610,01:05:38,114.030182,22.773483,0,37
24610,01:06:18,114.030647,22.768883,0,46
24610,01:06:58,114.032898,22.765751,0,44
24610,01:07:38,114.033279,22.763817,0,0
24610,01:08:18,114.032982,22.759317,0,51
24610,01:08:58,114.03083,22.755917,0,0
24610,01:13:58,114.030785,22.755882,0,0
24610,01:24:31,114.030785,22.755882,0,0
24610,01:28:50,114.03083,22.755934,0,0
24610,01:29:18,114.03038,22.754368,0,42
24610,01:29:58,114.029984,22.750168,0,23
24610,01:30:06,114.029846,22.749901,0,5
24610,01:30:38,114.029701,22.749718,0,13
24610,01:30:46,114.02948,22.749468,0,16
24610,01:31:58,114.027786,22.741632,0,61
24610,01:32:38,114.029221,22.7384,0,38
24610,01:33:18,114.032898,22.735149,0,44
24610,01:33:58,114.033615,22.73465,0,1
24610,01:34:06,114.0336,22.734682,0,2
24610,01:34:40,114.035347,22.732067,0,58
24610,01:34:48,114.035713,22.730818,0,70
24610,01:36:00,114.038834,22.730883,0,47
24610,01:36:40,114.039116,22.728367,0,48
24610,01:37:20,114.038651,22.724966,0,79
24610,01:37:28,114.039703,22.723583,0,97
24610,01:38:40,114.047447,22.7075,0,99
24610,01:38:48,114.04805,22.705683,0,98
24610,01:39:20,114.050163,22.698183,0,103
24610,01:40:00,114.048882,22.6884,0,97
24610,01:40:40,114.046669,22.681683,0,81
24610,01:41:20,114.05365,22.682449,0,88
24610,01:42:00,114.062065,22.678717,0,96
24610,01:42:40,114.070419,22.674618,0,93
24610,01:43:20,114.079765,22.672068,0,97
24610,01:44:00,114.087997,22.667067,0,99
24610,01:44:40,114.097237,22.6651,0,78
24610,01:45:20,114.106636,22.664633,0,100
24610,01:45:21,114.106636,22.664633,0,100
24610,01:45:22,114.106636,22.664633,0,100
24610,01:45:23,114.106636,22.664633,0,100
24610,01:45:28,114.108597,22.664734,0,94
24610,01:45:29,114.108597,22.664734,0,94
24610,01:45:30,114.108597,22.664734,0,94
24610,01:45:31,114.108597,22.664734,0,94
24610,01:46:00,114.116432,22.665083,0,91
24610,01:46:08,114.118347,22.665083,0,97
24610,01:46:09,114.118347,22.665083,0,97
24610,01:46:10,114.118347,22.665083,0,97
24610,01:46:11,114.118347,22.665083,0,97
24610,01:47:20,114.132866,22.661333,0,73
24610,01:47:21,114.132866,22.661333,0,73
24610,01:47:22,114.132866,22.661333,0,73
24610,01:47:23,114.132866,22.661333,0,73
24610,01:48:00,114.14138,22.661051,0,91
24610,01:48:01,114.14138,22.661051,0,91
24610,01:48:02,114.14138,22.661051,0,91
24610,01:48:03,114.14138,22.661051,0,91
24610,01:48:40,114.144447,22.6593,0,28
24610,01:48:41,114.144447,22.6593,0,28
24610,01:48:42,114.144447,22.6593,0,28
24610,01:48:43,114.144447,22.6593,0,28
24610,01:49:20,114.143829,22.658966,0,27
24610,01:49:21,114.143829,22.658966,0,27
24610,01:49:22,114.143829,22.658966,0,27
24610,01:49:23,114.143829,22.658966,0,27
24610,01:50:00,114.13987,22.656683,0,47
24610,01:50:40,114.142548,22.650682,0,81
24610,01:50:41,114.142548,22.650682,0,81
24610,01:50:42,114.142548,22.650682,0,81
24610,01:50:43,114.142548,22.650682,0,81
24610,01:51:20,114.147598,22.64485,0,66
24610,01:52:00,114.150452,22.639566,0,81
24610,01:52:40,114.151253,22.632717,0,62
24610,01:53:20,114.151932,22.62825,0,7
24610,01:54:00,114.152,22.627884,0,28
24610,01:54:40,114.152969,22.625317,0,38
24610,01:55:20,114.155403,22.62615,0,61
24610,01:56:00,114.157433,22.629417,0,46
24610,01:56:40,114.161453,22.633017,0,63
24610,01:57:20,114.167885,22.635668,0,64
24610,01:57:21,114.167885,22.635668,0,64
24610,01:57:22,114.167885,22.635668,0,64
24610,01:57:23,114.167885,22.635668,0,64
24610,01:58:00,114.172348,22.636284,0,27
24610,01:58:01,114.172348,22.636284,0,27
24610,01:58:02,114.172348,22.636284,0,27
24610,01:58:03,114.172348,22.636284,0,27
24610,01:58:40,114.17662,22.63685,0,34
24610,01:58:41,114.17662,22.63685,0,34
24610,01:58:42,114.17662,22.63685,0,34
24610,01:58:43,114.17662,22.63685,0,34
24610,01:59:20,114.181152,22.638983,0,74
24610,01:59:21,114.181152,22.638983,0,74
24610,01:59:22,114.181152,22.638983,0,74
24610,01:59:23,114.181152,22.638983,0,74
24610,02:00:00,114.182701,22.640017,0,0
24610,02:00:01,114.182701,22.640017,0,0
24610,02:00:02,114.182701,22.640017,0,0
24610,02:00:03,114.182701,22.640017,0,0
24610,02:00:40,114.182732,22.640066,0,3
24610,02:00:41,114.182732,22.640066,0,3
24610,02:00:42,114.182732,22.640066,0,3
24610,02:00:43,114.182732,22.640066,0,3
24610,02:01:20,114.187714,22.642433,0,66
24610,02:01:21,114.187714,22.642433,0,66
24610,02:01:22,114.187714,22.642433,0,66
24610,02:01:23,114.187714,22.642433,0,66
24610,02:02:00,114.193069,22.644432,0,54
24610,02:02:01,114.193069,22.644432,0,54
24610,02:02:02,114.193069,22.644432,0,54
24610,02:02:03,114.193069,22.644432,0,54
24610,02:02:40,114.193802,22.644632,0,0
24610,02:02:41,114.193802,22.644632,0,0
24610,02:02:42,114.193802,22.644632,0,0
24610,02:02:43,114.193802,22.644632,0,0
24610,02:03:20,114.193817,22.644716,0,18
24610,02:03:21,114.193817,22.644716,0,18
24610,02:03:22,114.193817,22.644716,0,18
24610,02:03:23,114.193817,22.644716,0,18
24610,02:04:00,114.198151,22.646667,0,65
24610,02:04:01,114.198151,22.646667,0,65
24610,02:04:02,114.198151,22.646667,0,65
24610,02:04:03,114.198151,22.646667,0,65
24610,02:04:40,114.202751,22.649918,0,43
24610,02:04:41,114.202751,22.649918,0,43
24610,02:04:42,114.202751,22.649918,0,43
24610,02:04:43,114.202751,22.649918,0,43
24610,02:05:20,114.207031,22.654333,0,72
24610,02:05:21,114.207031,22.654333,0,72
24610,02:05:22,114.207031,22.654333,0,72
24610,02:05:23,114.207031,22.654333,0,72
24610,02:06:00,114.209068,22.656717,0,1
24610,02:06:01,114.209068,22.656717,0,1
24610,02:06:02,114.209068,22.656717,0,1
24610,02:06:03,114.209068,22.656717,0,1
24610,02:06:40,114.210182,22.657867,0,56
24610,02:06:41,114.210182,22.657867,0,56
24610,02:06:42,114.210182,22.657867,0,56
24610,02:06:43,114.210182,22.657867,0,56
24610,02:07:20,114.213432,22.661818,0,55
24610,02:07:21,114.213432,22.661818,0,55
24610,02:07:22,114.213432,22.661818,0,55
24610,02:07:23,114.213432,22.661818,0,55
24610,02:08:00,114.214432,22.6644,0,18
24610,02:08:01,114.214432,22.6644,0,18
24610,02:08:02,114.214432,22.6644,0,18
24610,02:08:03,114.214432,22.6644,0,18
24610,02:08:40,114.212433,22.660801,0,45
24610,02:08:41,114.212433,22.660801,0,45
24610,02:08:42,114.212433,22.660801,0,45
24610,02:08:43,114.212433,22.660801,0,45
24610,02:09:20,114.2099,22.6579,0,27
24610,02:09:21,114.2099,22.6579,0,27
24610,02:09:22,114.2099,22.6579,0,27
24610,02:09:23,114.2099,22.6579,0,27
24610,02:10:00,114.209297,22.657583,0,0
24610,02:10:01,114.209297,22.657583,0,0
24610,02:10:02,114.209297,22.657583,0,0
24610,02:10:03,114.209297,22.657583,0,0
24610,02:10:40,114.209198,22.657534,0,1
24610,02:10:41,114.209198,22.657534,0,1
24610,02:10:42,114.209198,22.657534,0,1
24610,02:10:43,114.209198,22.657534,0,1
24610,02:11:20,114.207733,22.655884,0,56
24610,02:11:21,114.207733,22.655884,0,56
24610,02:11:22,114.207733,22.655884,0,56
24610,02:11:23,114.207733,22.655884,0,56
24610,02:12:00,114.205048,22.652416,0,0
24610,02:12:01,114.205048,22.652416,0,0
24610,02:12:02,114.205048,22.652416,0,0
24610,02:12:03,114.205048,22.652416,0,0
24610,02:12:40,114.203346,22.65085,0,59
24610,02:12:41,114.203346,22.65085,0,59
24610,02:12:42,114.203346,22.65085,0,59
24610,02:12:43,114.203346,22.65085,0,59
24610,02:13:20,114.200417,22.651417,0,16
24610,02:13:21,114.200417,22.651417,0,16
24610,02:13:22,114.200417,22.651417,0,16
24610,02:13:23,114.200417,22.651417,0,16
24610,02:14:00,114.197701,22.654751,0,41
24610,02:14:01,114.197701,22.654751,0,41
24610,02:14:02,114.197701,22.654751,0,41
24610,02:14:03,114.197701,22.654751,0,41
24610,02:14:40,114.194283,22.654516,0,51
24610,02:14:41,114.194283,22.654516,0,51
24610,02:14:42,114.194283,22.654516,0,51
24610,02:14:43,114.194283,22.654516,0,51
24610,02:15:20,114.19088,22.6541,0,41
24610,02:15:21,114.19088,22.6541,0,41
24610,02:15:22,114.19088,22.6541,0,41
24610,02:15:23,114.19088,22.6541,0,41
24610,02:16:00,114.189636,22.6548,0,16
24610,02:16:01,114.189636,22.6548,0,16
24610,02:16:02,114.189636,22.6548,0,16
24610,02:16:03,114.189636,22.6548,0,16
24610,02:16:40,114.185448,22.656418,0,54
24610,02:16:41,114.185448,22.656418,0,54
24610,02:16:42,114.185448,22.656418,0,54
24610,02:16:43,114.185448,22.656418,0,54
24610,02:17:20,114.182549,22.65905,0,57
24610,02:17:21,114.182549,22.65905,0,57
24610,02:17:22,114.182549,22.65905,0,57
24610,02:17:23,114.182549,22.65905,0,57
24610,02:18:00,114.180367,22.662317,0,18
24610,02:18:01,114.180367,22.662317,0,18
24610,02:18:02,114.180367,22.662317,0,18
24610,02:18:03,114.180367,22.662317,0,18
24610,02:18:40,114.177032,22.663483,0,50
24610,02:18:41,114.177032,22.663483,0,50
24610,02:18:42,114.177032,22.663483,0,50
24610,02:18:43,114.177032,22.663483,0,50
24610,02:19:20,114.172798,22.665899,0,51
24610,02:20:00,114.170815,22.669767,0,31
24610,02:20:40,114.170303,22.674116,0,60
24610,02:21:20,114.169548,22.680218,0,50
24610,02:22:00,114.167015,22.68325,0,33
24610,02:22:40,114.164268,22.681084,0,63
24610,02:23:20,114.162201,22.678284,0,33
24610,02:24:00,114.162003,22.67515,0,50
24610,02:24:40,114.158119,22.673782,0,27
24610,02:24:41,114.158119,22.673782,0,27
24610,02:24:42,114.158119,22.673782,0,27
24610,02:24:43,114.158119,22.673782,0,27
24610,02:25:20,114.15583,22.675583,0,33
24610,02:25:21,114.15583,22.675583,0,33
24610,02:25:22,114.15583,22.675583,0,33
24610,02:25:23,114.15583,22.675583,0,33
24610,02:26:00,114.15345,22.677834,0,36
24610,02:26:01,114.15345,22.677834,0,36
24610,02:26:02,114.15345,22.677834,0,36
24610,02:26:03,114.15345,22.677834,0,36
24610,02:26:08,114.152832,22.678232,0,32
24610,02:26:09,114.152832,22.678232,0,32
24610,02:26:10,114.152832,22.678232,0,32
24610,02:26:11,114.152832,22.678232,0,32
24610,02:27:20,114.151901,22.681017,0,35
24610,02:27:21,114.151901,22.681017,0,35
24610,02:27:22,114.151901,22.681017,0,35
24610,02:27:23,114.151901,22.681017,0,35
24610,02:28:00,114.150146,22.683701,0,55
24610,02:28:01,114.150146,22.683701,0,55
24610,02:28:02,114.150146,22.683701,0,55
24610,02:28:03,114.150146,22.683701,0,55
24610,02:28:40,114.145515,22.684151,0,63
24610,02:28:41,114.145515,22.684151,0,63
24610,02:28:42,114.145515,22.684151,0,63
24610,02:28:43,114.145515,22.684151,0,63
24610,02:29:20,114.143036,22.684784,0,15
24610,02:29:21,114.143036,22.684784,0,15
24610,02:29:22,114.143036,22.684784,0,15
24610,02:29:23,114.143036,22.684784,0,15
24610,02:30:00,114.139717,22.687134,0,52
24610,02:30:01,114.139717,22.687134,0,52
24610,02:30:02,114.139717,22.687134,0,52
24610,02:30:03,114.139717,22.687134,0,52
24610,02:30:40,114.138916,22.687584,0,0
24610,02:30:41,114.138916,22.687584,0,0
24610,02:30:42,114.138916,22.687584,0,0
24610,02:30:43,114.138916,22.687584,0,0
24610,02:31:20,114.136467,22.6889,0,51
24610,02:31:21,114.136467,22.6889,0,51
24610,02:31:22,114.136467,22.6889,0,51
24610,02:31:23,114.136467,22.6889,0,51
24610,02:32:00,114.132317,22.690983,0,54
24610,02:32:01,114.132317,22.690983,0,54
24610,02:32:02,114.132317,22.690983,0,54
24610,02:32:03,114.132317,22.690983,0,54
24610,02:32:40,114.128082,22.693233,0,44
24610,02:32:41,114.128082,22.693233,0,44
24610,02:32:42,114.128082,22.693233,0,44
24610,02:32:43,114.128082,22.693233,0,44
24610,02:32:48,114.127647,22.693783,0,36
24610,02:32:49,114.127647,22.693783,0,36
24610,02:32:50,114.127647,22.693783,0,36
24610,02:32:51,114.127647,22.693783,0,36
24610,02:34:00,114.123497,22.698299,0,68
24610,02:34:01,114.123497,22.698299,0,68
24610,02:34:02,114.123497,22.698299,0,68
24610,02:34:03,114.123497,22.698299,0,68
24610,02:34:40,114.11898,22.697483,0,42
24610,02:34:41,114.11898,22.697483,0,42
24610,02:34:42,114.11898,22.697483,0,42
24610,02:34:43,114.11898,22.697483,0,42
24610,02:35:20,114.116417,22.697132,0,15
24610,02:35:21,114.116417,22.697132,0,15
24610,02:35:22,114.116417,22.697132,0,15
24610,02:35:23,114.116417,22.697132,0,15
24610,02:36:00,114.111099,22.697416,0,53
24610,02:36:01,114.111099,22.697416,0,53
24610,02:36:02,114.111099,22.697416,0,53
24610,02:36:03,114.111099,22.697416,0,53
24610,02:36:40,114.105019,22.698732,0,76
24610,02:36:41,114.105019,22.698732,0,76
24610,02:36:42,114.105019,22.698732,0,76
24610,02:36:43,114.105019,22.698732,0,76
24610,02:37:20,114.099152,22.700333,0,45
24610,02:37:21,114.099152,22.700333,0,45
24610,02:37:22,114.099152,22.700333,0,45
24610,02:37:23,114.099152,22.700333,0,45
24610,02:38:00,114.097084,22.701283,0,0
24610,02:38:01,114.097084,22.701283,0,0
24610,02:38:02,114.097084,22.701283,0,0
24610,02:38:03,114.097084,22.701283,0,0
24610,02:38:40,114.097,22.701317,0,21
24610,02:38:41,114.097,22.701317,0,21
24610,02:38:42,114.097,22.701317,0,21
24610,02:38:43,114.097,22.701317,0,21
24610,02:39:20,114.091682,22.701817,0,64
24610,02:39:21,114.091682,22.701817,0,64
24610,02:39:22,114.091682,22.701817,0,64
24610,02:39:23,114.091682,22.701817,0,64
24610,02:40:00,114.08815,22.7019,0,0
24610,02:40:01,114.08815,22.7019,0,0
24610,02:40:02,114.08815,22.7019,0,0
24610,02:40:03,114.08815,22.7019,0,0
24610,02:40:40,114.088165,22.7019,0,0
24610,02:40:41,114.088165,22.7019,0,0
24610,02:40:42,114.088165,22.7019,0,0
24610,02:40:43,114.088165,22.7019,0,0
24610,02:41:20,114.086082,22.699167,0,70
24610,02:42:00,114.082115,22.696783,0,54
24610,02:42:40,114.075981,22.694668,0,78
24610,02:42:48,114.074387,22.694134,0,86
24610,02:43:20,114.068871,22.692783,0,53
24610,02:43:28,114.068184,22.692783,0,23
24610,02:44:40,114.053886,22.691883,0,92
24610,02:45:20,114.04567,22.693132,0,65
24610,02:46:00,114.044518,22.697599,0,45
24610,02:46:40,114.044449,22.698868,0,44
24610,02:47:20,114.04422,22.703367,0,11
24610,02:48:00,114.044296,22.703367,0,0
24610,02:48:40,114.043648,22.7045,0,0
24610,02:49:20,114.043633,22.704468,0,0
24610,02:50:00,114.038963,22.705816,0,78
24610,02:50:40,114.037819,22.706083,0,0
24610,02:50:48,114.037415,22.706167,0,38
24610,02:51:20,114.035004,22.705233,0,48
24610,02:52:00,114.030281,22.701933,0,63
24610,02:52:40,114.026115,22.698999,0,53
24610,02:53:20,114.025017,22.696417,0,27
24610,02:54:00,114.02478,22.696217,0,3
24610,02:54:40,114.02597,22.697283,0,24
24610,02:55:20,114.02742,22.7006,0,58
24610,02:56:00,114.032501,22.70355,0,66
24610,02:56:40,114.036133,22.706383,0,39
24610,02:57:20,114.037682,22.705982,0,39
24610,02:57:28,114.03878,22.705732,0,64
24610,02:58:00,114.043602,22.704384,0,51
24610,02:59:24,114.044266,22.7034,0,0
24610,03:04:20,114.04425,22.703382,0,0
24610,03:09:20,114.044334,22.7034,0,0
24610,03:09:28,114.044334,22.7034,0,0
24610,03:14:20,114.044334,22.7034,0,0
24610,03:24:52,114.044334,22.7034,0,0
24610,03:35:27,114.044334,22.7034,0,0
24610,03:39:20,114.044281,22.703367,0,0
24610,03:39:28,114.044281,22.703367,0,0
24610,03:44:20,114.044266,22.703367,0,0
24610,03:49:20,114.044334,22.703382,0,0
24610,03:49:28,114.044319,22.703382,0,0
24610,03:54:20,114.04438,22.7034,0,0
24610,04:04:52,114.04438,22.7034,0,0
24610,04:09:20,114.04438,22.7034,0,0
24610,04:14:20,114.044319,22.703432,0,0
24610,04:19:20,114.044319,22.7034,0,0
24610,04:24:20,114.044334,22.703432,0,0
24610,04:24:28,114.044334,22.703432,0,0
24610,04:29:20,114.044334,22.703417,0,0
24610,04:30:00,114.044296,22.7034,0,4
24610,04:30:40,114.043617,22.704483,0,0
24610,04:31:20,114.041229,22.705299,0,50
24610,04:32:00,114.037819,22.706034,0,0
24610,04:32:08,114.037834,22.706034,0,0
24610,04:32:40,114.037849,22.706017,0,0
24610,04:32:48,114.037849,22.706017,0,0
24610,04:33:20,114.037064,22.704317,0,58
24610,04:33:28,114.036766,22.703167,0,64
24610,04:34:40,114.035835,22.693216,0,55
24610,04:35:20,114.034821,22.688084,0,52
24610,04:36:00,114.033669,22.682983,0,58
24610,04:36:40,114.03138,22.678333,0,15
24610,04:41:08,114.031036,22.67775,0,0
24610,04:41:20,114.031036,22.677816,0,4
24610,04:44:40,114.031235,22.677782,0,0
24610,04:45:20,114.029503,22.674999,0,68
24610,04:46:00,114.025536,22.67215,0,21
24610,04:46:40,114.024879,22.672251,0,0
24610,04:47:20,114.024918,22.6723,0,0
24610,04:48:00,114.024902,22.672251,0,6
24610,04:48:40,114.024902,22.672283,0,0
24610,04:49:20,114.024933,22.672283,0,0
24610,04:50:00,114.024879,22.672268,0,3
24610,04:55:40,114.0252,22.6721,0,8
24610,04:56:20,114.027,22.673067,0,34
24610,04:57:00,114.031403,22.677334,0,30
24610,05:02:00,114.031715,22.678534,0,0
24610,05:12:31,114.031715,22.678534,0,0
24610,05:13:24,114.031731,22.678568,0,0
24610,05:14:00,114.031952,22.679132,0,7
24610,05:14:40,114.033951,22.683783,0,68
24610,05:15:20,114.035614,22.691133,0,82
24610,05:16:00,114.035568,22.695801,0,42
24610,05:16:40,114.03595,22.6998,0,55
24610,05:17:20,114.037537,22.70575,0,24
24610,05:18:00,114.037537,22.705816,0,0
24610,05:18:40,114.037804,22.706833,0,56
24610,05:19:20,114.039734,22.713734,0,59
24610,05:19:28,114.040382,22.714518,0,36
24610,05:20:40,114.043465,22.715599,0,0
24610,05:21:20,114.04435,22.715782,0,55
24610,05:21:28,114.045601,22.716284,0,62
24610,05:22:40,114.049614,22.717916,0,0
24610,05:23:20,114.052551,22.720333,0,61
24610,05:24:00,114.05777,22.723682,0,62
24610,05:24:40,114.061317,22.722532,0,22
24610,05:25:20,114.062935,22.718416,0,56
24610,05:26:00,114.06543,22.716967,0,47
24610,05:26:40,114.062447,22.719467,0,13
24610,05:27:20,114.061981,22.720667,0,12
24610,05:28:00,114.060387,22.723083,0,41
24610,05:28:40,114.059868,22.723167,0,2
24610,05:29:20,114.060303,22.722967,0,1
24610,05:35:00,114.0606,22.722866,0,0
24610,05:40:00,114.060547,22.722834,0,0
24610,05:40:08,114.060585,22.722851,0,2
24610,05:43:36,114.060516,22.722782,0,0
24610,05:44:00,114.060333,22.7229,0,5
24610,05:54:31,114.060333,22.7229,0,0
24610,05:57:04,114.060265,22.723034,0,0
24610,05:57:20,114.060471,22.723,0,18
24610,05:58:00,114.058968,22.723566,0,5
24610,05:58:40,114.058167,22.7251,0,9
24610,05:59:20,114.058182,22.72525,0,1
24610,06:00:00,114.057701,22.72595,0,6
24610,06:00:08,114.057602,22.72625,0,25
24610,06:01:20,114.055969,22.727516,0,4
24610,06:06:18,114.055153,22.727301,0,0
24610,06:06:40,114.054848,22.727617,0,15
24610,06:07:20,114.055069,22.729668,0,9
24610,06:07:28,114.055069,22.729567,0,9
24610,06:08:00,114.055199,22.729532,0,0
24610,06:08:40,114.055199,22.729517,0,0
24610,06:09:20,114.055214,22.729483,0,0
24610,06:10:00,114.055214,22.7295,0,0
24610,06:10:40,114.055168,22.729517,0,3
24610,06:11:20,114.055168,22.729483,0,1
24610,06:12:00,114.05513,22.7295,0,1
24610,06:12:40,114.055183,22.729517,0,1
24610,06:13:20,114.055214,22.729668,0,2
24610,06:14:00,114.055267,22.729683,0,1
24610,06:18:48,114.055252,22.729616,0,1
24610,06:19:20,114.055168,22.729601,0,0
24610,06:24:20,114.055199,22.729567,0,1
24610,06:29:22,114.05513,22.729567,0,1
24610,06:30:02,114.055115,22.729567,0,0
24610,06:30:42,114.055115,22.729601,0,1
24610,06:31:22,114.055832,22.7279,0,17
24610,06:32:02,114.057182,22.727383,1,34
24610,06:32:42,114.05735,22.727068,1,1
24610,06:33:22,114.057617,22.726549,1,0
24610,06:34:02,114.057732,22.726299,0,16
24610,06:34:42,114.058601,22.724501,0,26
24610,06:34:50,114.058731,22.72415,0,17
24610,06:35:22,114.057968,22.7237,0,6
24610,06:36:02,114.055717,22.723249,0,33
24610,06:36:42,114.052635,22.720467,0,46
24610,06:37:22,114.049187,22.7176,0,51
24610,06:38:02,114.043884,22.715733,0,36
24610,06:38:42,114.04377,22.715717,0,1
24610,06:39:22,114.041847,22.710617,0,77
24610,06:40:02,114.043068,22.704933,0,17
24610,06:40:42,114.044197,22.701183,0,64
24610,06:41:22,114.044434,22.69585,0,57
24610,06:42:02,114.044464,22.69235,0,58
24610,06:42:42,114.044235,22.687201,0,51
24610,06:43:22,114.04393,22.681168,0,69
24610,06:43:30,114.043869,22.680082,0,59
24610,06:44:02,114.044746,22.67465,0,61
24610,06:44:42,114.049164,22.67005,0,44
24610,06:44:50,114.04995,22.669518,0,49
24610,06:46:02,114.054337,22.667383,0,0
24610,06:46:42,114.056747,22.664383,0,36
24610,06:47:22,114.057068,22.6639,0,26
24610,06:48:02,114.060364,22.661432,0,43
24610,06:48:42,114.063599,22.661383,0,20
24610,06:49:22,114.067017,22.661066,0,7
24610,06:50:02,114.067131,22.660467,0,21
24610,06:50:42,114.068665,22.658382,0,33
24610,06:51:22,114.069817,22.65625,0,40
24610,06:52:02,114.073151,22.6539,0,45
24610,06:52:42,114.075447,22.651182,0,49
24610,06:53:22,114.077316,22.647217,0,24
24610,06:54:02,114.077217,22.644833,0,0
24610,06:54:42,114.077614,22.644333,0,50
24610,06:55:22,114.082085,22.641617,0,53
24610,06:56:02,114.087967,22.640083,0,67
24610,06:56:42,114.093933,22.637733,0,70
24610,06:57:22,114.096352,22.632999,0,32
24610,06:57:30,114.096703,22.632282,0,36
24610,06:58:02,114.096565,22.631067,0,19
24610,06:58:42,114.099365,22.62895,0,46
24610,06:59:22,114.101166,22.626551,0,6
24610,07:00:02,114.103203,22.623484,0,66
24610,07:00:42,114.104866,22.620518,0,16
24610,07:01:22,114.105782,22.616217,0,10
24610,07:02:02,114.106514,22.614683,0,56
24610,07:02:42,114.107933,22.610968,0,9
24610,07:03:22,114.110336,22.609449,0,48
24610,07:04:02,114.112846,22.605583,0,7
24610,07:04:42,114.112915,22.605133,0,15
24610,07:05:22,114.112381,22.60165,0,31
24610,07:06:02,114.112198,22.601116,0,0
24610,07:06:42,114.112465,22.600384,0,6
24610,07:07:22,114.111153,22.596634,0,59
24610,07:08:02,114.109184,22.591232,0,58
24610,07:08:10,114.109352,22.590166,0,54
24610,07:08:42,114.110733,22.587982,0,34
24610,07:08:50,114.110199,22.588867,0,59
24610,07:09:22,114.110069,22.594049,0,80
24610,07:10:02,114.112083,22.597633,0,0
24610,07:10:42,114.112251,22.59795,0,19
24610,07:11:22,114.11438,22.600183,0,41
24610,07:12:02,114.113068,22.600183,0,0
24610,07:12:42,114.113014,22.600218,0,16
24610,07:13:22,114.113266,22.603451,0,53
24610,07:14:02,114.113152,22.604401,0,0
24610,07:14:42,114.113152,22.604334,0,0
24610,07:15:22,114.112579,22.605818,0,30
24610,07:16:02,114.110703,22.608784,0,11
24610,07:16:42,114.110481,22.608732,0,5
24610,07:17:22,114.108566,22.610901,0,23
24610,07:18:02,114.108482,22.610968,0,0
24610,07:18:42,114.107147,22.61265,0,42
24610,07:19:22,114.106316,22.6152,0,0
24610,07:19:30,114.106331,22.615217,0,0
24610,07:20:42,114.105164,22.619967,0,39
24610,07:21:22,114.103401,22.623466,0,51
24610,07:22:02,114.101517,22.6262,0,12
24610,07:22:10,114.101448,22.626432,0,13
24610,07:22:42,114.101448,22.626568,0,0
24610,07:22:50,114.101448,22.626568,0,1
24610,07:23:22,114.101433,22.626551,0,0
24610,07:23:30,114.101433,22.626551,0,0
24610,07:24:10,114.10083,22.627899,0,0
24610,07:25:22,114.096565,22.6327,0,21
24610,07:26:02,114.096497,22.6329,0,15
24610,07:26:42,114.094749,22.636267,0,16
24610,07:27:22,114.094734,22.636368,0,9
24610,07:28:02,114.089836,22.640516,0,79
24610,07:28:42,114.083565,22.640633,0,0
24610,07:29:22,114.083549,22.640699,0,1
24610,07:30:02,114.079781,22.643032,0,72
24610,07:30:42,114.077347,22.646017,0,43
24610,07:31:22,114.076782,22.649117,0,35
24610,07:32:02,114.074318,22.652451,0,32
24610,07:32:42,114.073135,22.65395,0,13
24610,07:33:22,114.072319,22.654533,1,27
24610,07:34:02,114.070419,22.655832,1,45
24610,07:34:42,114.068581,22.659134,1,39
24610,07:35:22,114.067566,22.660017,1,46
24610,07:36:02,114.064163,22.6614,1,32
24610,07:36:42,114.06105,22.661301,1,28
24610,07:37:22,114.058746,22.662466,1,32
24610,07:38:02,114.057617,22.663567,1,9
24610,07:38:10,114.057587,22.663601,1,0
24610,07:39:22,114.05687,22.664867,1,25
24610,07:40:02,114.05957,22.667,1,34
24610,07:40:10,114.059784,22.6672,1,16
24610,07:40:42,114.061333,22.667784,1,8
24610,07:40:50,114.061569,22.667801,1,17
24610,07:41:22,114.062149,22.667467,1,0
24610,07:42:04,114.061066,22.667801,0,21
24610,07:42:44,114.059647,22.667101,0,23
24610,07:42:52,114.059097,22.666567,0,35
24610,07:44:04,114.056648,22.664618,0,3
24610,07:44:44,114.055786,22.66585,0,23
24610,07:44:52,114.05555,22.66605,0,11
24610,07:46:04,114.05043,22.669283,0,66
24610,07:46:44,114.047585,22.671667,0,46
24610,07:46:52,114.046951,22.672533,0,58
24610,07:47:24,114.044136,22.676468,0,69
24610,07:48:04,114.04425,22.682949,0,68
24610,07:48:12,114.044319,22.684183,0,53
24610,07:48:44,114.044403,22.687099,0,14
24610,07:49:24,114.044502,22.690567,0,54
24610,07:50:04,114.044685,22.692883,0,0
24610,07:50:12,114.044685,22.692867,0,0
24610,07:50:44,114.04467,22.693617,0,44
24610,07:50:52,114.044647,22.694567,0,52
24610,07:51:24,114.044479,22.698799,0,30
24610,07:51:32,114.044479,22.698933,0,1
24610,07:52:04,114.04435,22.701532,1,56
24610,07:52:44,114.043503,22.704901,1,32
24610,07:53:24,114.042015,22.710518,1,60
24610,07:54:04,114.042732,22.711983,1,0
24610,07:54:44,114.042816,22.71195,1,0
24610,07:55:24,114.04377,22.715317,1,1
24610,07:56:04,114.0438,22.715384,1,0
24610,07:56:12,114.0438,22.715384,1,0
24610,07:56:44,114.043221,22.716467,1,60
24610,07:56:52,114.042603,22.7176,1,69
24610,07:57:24,114.041519,22.722134,1,31
24610,07:57:32,114.040871,22.722433,1,45
24610,07:58:44,114.034966,22.726282,1,32
24610,07:58:52,114.034149,22.726467,1,29
24610,07:59:24,114.032784,22.727367,1,51
24610,07:59:34,114.031097,22.7272,1,77
24610,08:00:44,114.027214,22.730717,1,32
24610,08:00:52,114.026649,22.730984,1,30
24610,08:01:24,114.023048,22.733618,1,62
24610,08:01:40,114.022369,22.734734,1,0
24610,08:02:04,114.022385,22.734716,1,0
24610,08:02:12,114.022346,22.734818,1,22
24610,08:02:44,114.021469,22.738417,1,8
24610,08:03:24,114.021385,22.738832,0,27
24610,08:03:32,114.021301,22.739433,0,33
24610,08:04:04,114.020714,22.742649,0,57
24610,08:04:44,114.019249,22.746017,0,3
24610,08:04:52,114.01902,22.74645,0,37
24610,08:05:24,114.017769,22.748867,0,5
24610,08:06:04,114.016136,22.748383,0,1
24610,08:06:44,114.01548,22.748167,0,15
24610,08:11:24,114.01487,22.747868,0,5
24610,08:12:04,114.01445,22.747633,0,2
24610,08:12:44,114.01577,22.748283,0,16
24610,08:13:24,114.015869,22.748234,0,0
24610,08:14:04,114.015846,22.748167,0,0
24610,08:14:44,114.015884,22.748117,0,0
24610,08:15:24,114.015884,22.7481,0,1
24610,08:16:04,114.0159,22.748133,0,0
24610,08:16:44,114.015846,22.748167,0,5
24610,08:17:24,114.015381,22.74815,0,0
24610,08:18:04,114.0149,22.748068,0,5
24610,08:18:44,114.017586,22.748899,0,17
24610,08:18:52,114.017883,22.7484,0,32
24610,08:19:24,114.01915,22.745832,0,23
24610,08:20:14,114.020851,22.741467,0,58
24610,08:21:26,114.021652,22.736584,0,55
24610,08:21:34,114.021896,22.73555,0,55
24610,08:22:06,114.024269,22.73225,0,50
24610,08:22:14,114.025017,22.731733,0,49
24610,08:23:26,114.026649,22.728783,0,22
24610,08:24:06,114.032204,22.727083,0,49
24610,08:24:14,114.03302,22.7272,0,35
24610,08:25:26,114.0355,22.720083,0,59
24610,08:25:34,114.035835,22.718933,0,57
24610,08:26:06,114.03627,22.716833,0,0
24610,08:26:46,114.036186,22.716667,0,11
24610,08:27:26,114.036736,22.715134,0,11
24610,08:28:06,114.037117,22.715151,0,1
24610,08:28:46,114.03775,22.715166,0,20
24610,08:29:26,114.039803,22.716017,0,8
24610,08:34:26,114.039986,22.715982,0,0
24610,08:36:24,114.03997,22.716049,0,1
24610,08:36:26,114.03997,22.716049,0,1
24610,08:37:06,114.040604,22.715384,0,3
24610,08:37:46,114.042419,22.715384,0,35
24610,08:37:54,114.04287,22.715467,0,2
24610,08:38:26,114.043449,22.715517,0,29
24610,08:39:06,114.046715,22.716618,0,38
24610,08:39:14,114.047333,22.716867,0,31
24610,08:39:46,114.049568,22.717768,0,12
24610,08:40:26,114.052452,22.7202,0,43
24610,08:41:06,114.055016,22.722483,0,0
24610,08:41:46,114.057648,22.723667,0,29
24610,08:42:26,114.058601,22.723566,0,0
24610,08:42:34,114.058601,22.723551,0,0
24610,08:43:46,114.06105,22.722799,0,0
24610,08:43:54,114.061096,22.722799,0,18
24610,08:44:26,114.063499,22.724083,0,50
24610,08:44:36,114.064781,22.72415,0,48
24610,08:45:06,114.065369,22.7241,0,15
24610,08:45:46,114.064186,22.7276,0,74
24610,08:46:26,114.062531,22.730783,0,6
24610,08:47:06,114.059502,22.733618,0,58
24610,08:47:46,114.055397,22.734068,0,15
24610,08:48:26,114.05822,22.733549,0,41
24610,08:49:06,114.061279,22.732401,1,74
24610,08:49:46,114.063667,22.728251,1,45
24610,08:50:26,114.065582,22.72435,1,30
24610,08:51:06,114.06147,22.7229,1,38
24610,08:51:14,114.060799,22.722933,1,29
24610,08:51:46,114.059998,22.723267,1,1
24610,08:51:54,114.059952,22.723284,1,1
24610,08:56:46,114.059914,22.723368,1,0
24610,08:56:54,114.059914,22.723351,1,0
24610,08:57:46,114.059868,22.723284,1,0
24610,08:57:54,114.059814,22.723316,1,9
24610,08:58:56,114.059052,22.723566,1,0
24610,08:59:04,114.059036,22.723566,1,0
24610,08:59:26,114.059013,22.723566,1,0
24610,08:59:34,114.059013,22.723551,1,0
24610,09:00:06,114.057419,22.7236,1,44
24610,09:00:14,114.056435,22.723433,1,51
24610,09:00:46,114.055,22.722733,1,32
24610,09:00:54,114.054535,22.722134,1,39
24610,09:01:26,114.052399,22.720284,1,32
24610,09:01:32,114.051987,22.719917,1,40
24610,09:02:06,114.050148,22.718317,1,6
24610,09:02:46,114.050034,22.718317,1,0
24610,09:03:26,114.050064,22.718317,1,0
24610,09:04:06,114.050064,22.718267,1,0
24610,09:04:46,114.050064,22.718267,1,0
24610,09:05:26,114.050064,22.718317,1,1
24610,09:06:06,114.04998,22.718416,1,0
24610,09:06:46,114.050034,22.718384,1,0
24610,09:07:26,114.050102,22.718349,1,1
24610,09:08:06,114.050102,22.7183,1,0
24610,09:08:46,114.049835,22.718067,1,13
24610,09:09:26,114.047318,22.716932,1,12
24610,09:10:06,114.044334,22.715866,1,5
24610,09:10:14,114.044334,22.715782,1,0
24610,09:10:46,114.044365,22.715683,1,1
24610,09:11:26,114.044418,22.715567,1,3
24610,09:12:06,114.043617,22.714001,1,52
24610,09:12:14,114.043266,22.71315,1,40
24610,09:12:46,114.042969,22.712534,1,0
24610,09:13:26,114.041916,22.710533,1,44
24610,09:14:06,114.041702,22.707916,1,0
24610,09:14:14,114.041702,22.707899,1,15
24610,09:15:26,114.041763,22.7099,1,59
24610,09:16:08,114.043747,22.714149,0,75
24610,09:16:48,114.047081,22.716717,0,27
24610,09:16:56,114.047516,22.716883,0,36
24610,09:17:28,114.049797,22.717783,0,18
24610,09:18:08,114.050415,22.718283,0,0
24610,09:18:48,114.052383,22.7202,0,46
24610,09:19:28,114.055099,22.722683,0,23
24610,09:19:36,114.055466,22.723017,0,23
24610,09:20:08,114.058136,22.72365,0,21
24610,09:20:48,114.058952,22.723467,0,38
24610,09:20:56,114.059753,22.723249,0,31
24610,09:22:08,114.065468,22.724117,0,0
24610,09:22:48,114.065414,22.724068,0,0
24610,09:23:28,114.065453,22.724083,0,4
24610,09:24:08,114.064682,22.726601,0,50
24610,09:24:48,114.06295,22.729918,0,13
24610,09:24:56,114.062683,22.73035,0,39
24610,09:26:08,114.054581,22.733999,0,61
24610,09:26:48,114.048286,22.734432,0,53
24610,09:27:28,114.046234,22.732849,0,48
24610,09:28:08,114.042984,22.7332,0,29
24610,09:28:48,114.041985,22.732668,0,0
24610,09:28:56,114.041847,22.732582,0,19
24610,09:29:28,114.042885,22.73315,0,20
24610,09:29:36,114.043533,22.7334,0,43
24610,09:30:08,114.048119,22.734068,0,47
24610,09:30:16,114.048981,22.734016,0,40
24610,09:30:58,114.055931,22.733784,0,71
24610,09:32:08,114.061935,22.731518,0,19
24610,09:32:48,114.06395,22.727783,0,58
24610,09:33:28,114.065353,22.724199,0,36
24610,09:34:08,114.06218,22.723417,0,19
24610,09:34:16,114.061668,22.722982,0,36
24610,09:34:48,114.059647,22.723284,0,0
24610,09:34:56,114.059616,22.723284,0,0
24610,09:35:28,114.05957,22.723301,0,2
24610,09:36:08,114.058502,22.72365,0,11
24610,09:36:16,114.058418,22.723633,0,4
24610,09:36:48,114.057182,22.7236,0,27
24610,09:36:56,114.056564,22.723499,0,39
24610,09:37:28,114.05442,22.72205,0,37
24610,09:37:36,114.053802,22.721518,0,41
24610,09:38:48,114.050751,22.718733,0,0
24610,09:38:56,114.050735,22.718733,0,2
24610,09:39:28,114.050232,22.7183,0,41
24610,09:40:08,114.047165,22.716867,0,21
24610,09:40:48,114.044563,22.715933,0,0
24610,09:40:56,114.044182,22.715816,0,28
24610,09:41:28,114.042831,22.712383,0,41
24610,09:41:36,114.04232,22.711433,0,70
24610,09:42:48,114.043999,22.703684,0,40
24610,09:43:28,114.044136,22.702967,0,32
24610,09:44:08,114.044334,22.699183,0,18
24610,09:44:48,114.044365,22.700184,0,59
24610,09:45:28,114.044281,22.702084,0,51
24610,09:46:08,114.04377,22.704317,0,0
24610,09:46:48,114.043152,22.704884,0,26
24610,09:47:28,114.038086,22.706066,0,42
24610,09:48:08,114.037819,22.706083,0,0
24610,09:48:16,114.037819,22.706083,0,0
24610,09:48:48,114.037865,22.706083,0,0
24610,09:48:56,114.037865,22.706083,0,0
24610,09:49:28,114.037865,22.7061,0,0
24610,09:49:36,114.037865,22.7061,0,0
24610,09:50:16,114.037331,22.7062,0,35
24610,09:50:22,114.036697,22.706333,0,43
24610,09:50:50,114.034264,22.707417,0,42
24610,09:51:28,114.03215,22.708183,0,42
24610,09:51:36,114.031853,22.707518,0,47
24610,09:52:08,114.030151,22.7061,0,32
24610,09:52:48,114.029053,22.706516,0,0
24610,09:53:28,114.030014,22.706167,0,30
24610,09:54:08,114.031937,22.70755,0,37
24610,09:54:48,114.032265,22.709784,0,34
24610,09:55:28,114.031197,22.712667,0,30
24610,09:56:08,114.032768,22.714067,0,31
24610,09:56:48,114.035751,22.714817,0,0
24610,09:57:28,114.037247,22.715183,0,21
24610,09:58:08,114.039398,22.715851,0,27
24610,09:58:48,114.040665,22.715067,0,15
24610,09:58:56,114.040802,22.714817,0,19
24610,09:59:28,114.041534,22.71505,0,0
24610,09:59:36,114.041534,22.715067,0,1
24610,10:00:08,114.043236,22.715483,0,1
24610,10:00:16,114.043221,22.715467,0,0
24610,10:00:56,114.043236,22.71545,0,0
24610,10:02:08,114.0438,22.715567,0,29
24610,10:02:48,114.047585,22.716883,0,4
24610,10:03:28,114.049736,22.717817,0,19
24610,10:04:08,114.05088,22.718866,0,27
24610,10:04:48,114.05307,22.720818,0,34
24610,10:05:28,114.055283,22.722834,0,13
24610,10:06:08,114.057716,22.723633,0,27
24610,10:06:16,114.058266,22.723618,0,29
24610,10:10:04,114.059998,22.723034,0,0
24610,10:10:08,114.059998,22.723034,0,0
24610,10:10:10,114.059998,22.723034,0,0
24610,10:10:48,114.059967,22.723049,0,0
24610,10:10:56,114.059967,22.723049,0,0
24610,10:11:28,114.059967,22.723066,0,1
24610,10:12:08,114.059967,22.723083,0,0
24610,10:12:48,114.059967,22.723049,0,0
24610,10:12:56,114.059967,22.723034,0,0
24610,10:13:28,114.059982,22.723066,0,0
24610,10:13:36,114.059982,22.723066,0,0
24610,10:14:48,114.059998,22.723066,0,0
24610,10:14:56,114.059998,22.723066,0,0
24610,10:15:28,114.060036,22.723101,0,0
24610,10:15:36,114.060036,22.723101,0,0
24610,10:16:48,114.06002,22.723083,0,1
24610,10:16:56,114.06002,22.723083,0,0
24610,10:17:28,114.060036,22.723083,0,1
24610,10:17:36,114.060036,22.723066,0,0
24610,10:18:08,114.060051,22.723133,0,0
24610,10:18:16,114.060051,22.723133,0,0
24610,10:18:48,114.060036,22.72315,0,0
24610,10:18:56,114.060036,22.723133,0,0
24610,10:19:38,114.060036,22.723101,0,0
24610,10:19:44,114.060036,22.723101,0,0
24610,10:20:14,114.060036,22.723133,0,0
24610,10:20:48,114.060219,22.723066,0,23
24610,10:20:56,114.060814,22.722866,0,25
24610,10:21:28,114.062218,22.723301,0,23
24610,10:21:36,114.062553,22.7236,0,29
24610,10:22:48,114.065117,22.724117,0,1
24610,10:23:28,114.065102,22.724117,0,0
24610,10:24:08,114.065498,22.725117,0,39
24610,10:24:48,114.063232,22.729483,0,50
24610,10:25:28,114.06028,22.733282,0,55
24610,10:26:08,114.054619,22.733967,0,43
24610,10:26:48,114.049347,22.734167,0,62
24610,10:27:28,114.042786,22.733433,0,58
24610,10:28:08,114.039566,22.731934,0,2
24610,10:28:16,114.039581,22.731934,0,1
24610,10:28:48,114.03933,22.731733,0,21
24610,10:29:28,114.0383,22.73105,0,12
24610,10:29:36,114.03817,22.730949,0,8
24610,10:30:08,114.03772,22.730583,0,8
24610,10:30:16,114.037666,22.730551,0,0
24610,10:30:48,114.037666,22.730534,0,0
24610,10:30:56,114.037666,22.730534,0,0
24610,10:32:08,114.033401,22.727667,0,31
24610,10:32:16,114.032654,22.72735,0,47
24610,10:32:48,114.028633,22.7279,0,49
24610,10:32:56,114.027748,22.728333,0,45
24610,10:34:08,114.0233,22.733316,0,61
24610,10:34:16,114.022614,22.734234,0,48
24610,10:34:48,114.022346,22.734751,0,19
24610,10:34:50,114.022301,22.73485,0,21
24610,10:35:28,114.021179,22.739717,0,55
24610,10:36:08,114.019051,22.746267,0,62
24610,10:36:48,114.017136,22.748833,0,47
24610,10:36:56,114.016281,22.748466,0,41
24610,10:37:28,114.013046,22.746834,0,61
24610,10:38:08,114.009781,22.745333,0,7
24610,10:38:48,114.009651,22.745117,0,0
24610,10:39:28,114.009781,22.745068,0,0
24610,10:40:08,114.00975,22.74505,0,0
24610,10:40:48,114.009834,22.745449,0,13
24610,10:41:28,114.01178,22.746817,0,27
24610,10:41:36,114.012047,22.7467,0,11
24610,10:42:48,114.014969,22.7479,0,1
24610,10:43:28,114.0149,22.747932,0,0
24610,10:44:08,114.015785,22.748367,0,0
24610,10:44:48,114.016266,22.748617,0,24
24610,10:45:28,114.018669,22.746933,0,48
24610,10:46:08,114.020401,22.743217,0,51
24610,10:46:16,114.020668,22.7423,0,44
24610,10:47:28,114.02253,22.734234,0,56
24610,10:48:08,114.027336,22.730551,0,25
24610,10:48:48,114.025482,22.7316,0,68
24610,10:48:56,114.024384,22.7323,0,62
24610,10:49:28,114.022369,22.734716,0,0
24610,10:49:36,114.022369,22.734699,0,0
24610,10:50:16,114.022369,22.734682,0,0
24610,10:51:28,114.021004,22.74115,0,1
24610,10:52:08,114.019585,22.745184,0,15
24610,10:52:16,114.019531,22.745083,0,24
24610,10:52:48,114.020866,22.741318,0,49
24610,10:53:28,114.021584,22.73695,0,47
24610,10:54:08,114.023132,22.7334,0,51
24610,10:54:16,114.023834,22.732668,0,50
24610,10:54:48,114.027481,22.7304,0,30
24610,10:55:28,114.026817,22.728567,0,24
24610,10:55:36,114.027451,22.728251,0,41
24610,10:56:48,114.032204,22.7271,0,16
24610,10:56:56,114.0326,22.72715,0,24
24610,10:57:28,114.033867,22.726549,0,38
24610,10:57:38,114.034119,22.725533,0,41
24610,10:58:48,114.036049,22.717833,0,40
24610,10:58:56,114.036186,22.717234,0,24
24610,10:59:28,114.036453,22.716118,1,0
24610,11:00:08,114.036598,22.715683,1,4
24610,11:00:48,114.037315,22.715233,1,15
24610,11:01:28,114.038963,22.715651,1,17
24610,11:02:08,114.040154,22.716118,1,9
24610,11:02:48,114.040787,22.714884,1,11
24610,11:02:56,114.041168,22.715,1,28
24610,11:03:28,114.043465,22.715549,1,24
24610,11:03:36,114.044052,22.7157,1,25
24610,11:04:08,114.046616,22.716633,1,27
24610,11:04:48,114.0485,22.717333,1,38
24610,11:05:28,114.05172,22.719534,1,39
24610,11:06:08,114.05468,22.722233,1,44
24610,11:06:48,114.058037,22.723633,1,31
24610,11:06:56,114.058464,22.723583,1,3
24610,11:07:28,114.059616,22.723267,1,20
24610,11:07:36,114.059731,22.723217,1,0
24610,11:08:08,114.059853,22.72315,1,0
24610,11:08:16,114.059898,22.723133,1,1
24610,11:08:58,114.060249,22.723017,1,7
24610,11:09:04,114.060318,22.723,1,2
24610,11:11:18,114.060387,22.722982,1,3
24610,11:11:28,114.0606,22.722967,1,12
24610,11:11:38,114.060982,22.722799,1,25
24610,11:12:08,114.062218,22.719868,1,47
24610,11:12:16,114.0625,22.719116,1,39
24610,11:12:48,114.065117,22.716949,1,11
24610,11:13:28,114.068367,22.716118,1,27
24610,11:14:08,114.07058,22.714533,1,1
24610,11:14:50,114.07058,22.714533,1,0
24610,11:15:28,114.073067,22.712683,1,56
24610,11:16:08,114.07653,22.709467,1,14
24610,11:16:50,114.07695,22.709167,1,0
24610,11:17:30,114.077469,22.708799,1,24
24610,11:18:10,114.078369,22.708151,1,0
24610,11:18:50,114.07843,22.708117,1,0
24610,11:19:30,114.078903,22.707817,1,15
24610,11:19:38,114.079086,22.707916,1,9
24610,11:20:10,114.08033,22.708599,1,13
24610,11:20:50,114.080048,22.708418,1,20
24610,11:21:30,114.079536,22.708082,1,11
24610,11:21:38,114.079185,22.707968,1,18
24610,11:22:10,114.0765,22.709566,1,45
24610,11:22:50,114.074249,22.71155,1,17
24610,11:23:30,114.073685,22.712549,1,0
24610,11:24:10,114.07357,22.712883,1,0
24610,11:24:50,114.073547,22.7129,1,0
24610,11:25:30,114.072182,22.7134,1,16
24610,11:26:10,114.070267,22.714832,1,57
24610,11:26:50,114.066101,22.716766,1,51
24610,11:26:58,114.065033,22.717051,1,54
24610,11:27:30,114.06218,22.7201,1,55
24610,11:28:10,114.0616,22.722334,1,0
24610,11:28:18,114.061615,22.722317,1,0
24610,11:28:50,114.061584,22.722349,1,0
24610,11:29:30,114.060036,22.723183,1,25
24610,11:29:38,114.059868,22.72315,1,5
24610,11:30:10,114.059998,22.723118,1,1
24610,11:30:50,114.060036,22.723133,1,1
24610,11:30:58,114.06002,22.72315,1,1
24610,11:32:10,114.060051,22.723101,1,0
24610,11:32:50,114.060081,22.723034,1,0
24610,11:32:58,114.060097,22.723017,1,1
24610,11:33:30,114.060097,22.723034,1,0
24610,11:34:10,114.060051,22.723049,1,0
24610,11:34:50,114.06002,22.723083,1,0
24610,11:35:30,114.060036,22.723083,1,0
24610,11:35:38,114.060051,22.723101,1,0
24610,11:36:10,114.06002,22.723083,1,0
24610,11:36:50,114.059998,22.723101,1,0
24610,11:37:30,114.059998,22.723101,1,0
24610,11:38:10,114.060097,22.723083,1,0
24610,11:38:50,114.060486,22.723,1,4
24610,11:38:58,114.060631,22.722967,1,6
24610,11:39:30,114.06192,22.720934,1,31
24610,11:40:10,114.06353,22.717783,1,50
24610,11:40:18,114.064331,22.717251,1,50
24610,11:41:30,114.065216,22.71475,1,0
24610,11:42:10,114.064934,22.714233,1,56
24610,11:42:50,114.064636,22.713617,1,79
24610,11:42:58,114.065514,22.715017,1,92
24610,11:44:10,114.061836,22.721399,1,50
24610,11:44:18,114.06163,22.722134,1,20
24610,11:44:50,114.0616,22.722218,0,4
24610,11:46:10,114.059853,22.723267,1,5
24610,11:46:18,114.059937,22.723167,1,2
24610,11:51:10,114.059914,22.72315,1,0
24610,11:51:18,114.059914,22.72315,1,0
24610,11:54:34,114.059937,22.723133,1,0
24610,11:54:40,114.059937,22.723118,1,0
24610,11:55:10,114.060081,22.723083,1,0
24610,11:55:18,114.060097,22.723083,1,0
24610,11:56:30,114.06012,22.723083,1,0
24610,11:56:38,114.06012,22.723083,1,0
24610,11:57:10,114.06012,22.723066,1,0
24610,11:57:18,114.06012,22.723066,1,0
24610,11:57:50,114.060081,22.723083,1,0
24610,11:58:30,114.060081,22.723066,1,0
24610,11:58:38,114.060066,22.723066,1,0
24610,11:59:50,114.061401,22.722733,1,24
24610,11:59:58,114.061798,22.722918,1,29
24610,12:00:30,114.064484,22.724199,1,54
24610,12:00:40,114.065933,22.724033,1,34
24610,12:01:10,114.064186,22.727633,1,42
24610,12:01:18,114.063736,22.728434,1,50
24610,12:01:50,114.06208,22.731533,1,34
24610,12:01:58,114.061684,22.73205,1,28
24610,12:02:30,114.058533,22.733833,1,63
24610,12:02:38,114.057137,22.733883,1,67
24610,12:03:50,114.047768,22.733833,1,58
24610,12:03:58,114.047096,22.732933,1,56
24610,12:04:30,114.04538,22.733084,1,0
24610,12:05:10,114.047615,22.733084,1,33
24610,12:05:50,114.051582,22.733967,1,77
24610,12:06:30,114.059998,22.73325,1,68
24610,12:06:38,114.060997,22.732634,1,47
24610,12:07:10,114.062469,22.730568,1,50
24610,12:07:18,114.062897,22.729668,1,57
24610,12:07:50,114.064552,22.726601,1,18
24610,12:08:30,114.065331,22.724216,1,36
24610,12:09:10,114.061134,22.722883,1,12
24610,12:09:50,114.060715,22.723017,1,0
24610,12:10:30,114.060684,22.723,1,2
24610,12:10:38,114.060265,22.723083,1,24
24610,12:11:10,114.059937,22.723183,1,4
24610,12:11:18,114.059967,22.72315,1,1
24610,12:12:30,114.060051,22.723101,1,1
24610,12:12:38,114.060051,22.723101,1,0
24610,12:13:10,114.060364,22.722982,1,4
24610,12:13:20,114.060417,22.72295,1,0
24610,12:14:30,114.05925,22.723467,1,16
24610,12:14:38,114.058685,22.723633,1,28
24610,12:15:50,114.053635,22.721416,1,63
24610,12:16:30,114.0494,22.717733,1,56
24610,12:17:10,114.044914,22.716101,1,5
24610,12:17:18,114.044914,22.716101,1,0
24610,12:17:50,114.043365,22.715584,1,42
24610,12:17:58,114.042336,22.715366,1,47
24610,12:18:30,114.040733,22.71505,1,15
24610,12:18:38,114.04055,22.715317,1,16
24610,12:19:50,114.037369,22.715267,1,1
24610,12:20:30,114.037231,22.715233,1,0
24610,12:21:10,114.03727,22.715218,1,0
24610,12:21:50,114.035652,22.714849,1,16
24610,12:22:30,114.033035,22.715717,1,27
24610,12:23:10,114.028168,22.718184,1,46
24610,12:23:18,114.027481,22.718451,1,37
24610,12:23:50,114.024597,22.719883,1,36
24610,12:23:58,114.023964,22.720301,1,38
24610,12:24:30,114.022163,22.723467,1,31
24610,12:24:38,114.02198,22.724051,1,35
24610,12:25:50,114.020752,22.727034,1,0
24610,12:26:30,114.021469,22.725634,1,34
24610,12:27:10,114.02285,22.721416,1,56
24610,12:27:50,114.027214,22.718533,1,54
24610,12:28:30,114.032402,22.716133,1,48
24610,12:28:38,114.033066,22.715633,1,31
24610,12:29:10,114.035004,22.714767,1,28
24610,12:29:18,114.0355,22.714832,1,15
24610,12:30:30,114.036514,22.71505,1,0
24610,12:31:10,114.036514,22.715033,1,0
24610,12:31:50,114.036552,22.715033,1,13
24610,12:32:30,114.038101,22.71525,1,19
24610,12:33:10,114.039886,22.716049,1,20
24610,12:33:50,114.040619,22.715067,1,0
24610,12:33:58,114.040634,22.71505,1,0
24610,12:35:10,114.043449,22.715567,1,0
24610,12:35:50,114.043465,22.715567,1,0
24610,12:36:30,114.043533,22.715599,1,23
24610,12:37:10,114.049065,22.717533,1,57
24610,12:37:50,114.052414,22.720234,1,39
24610,12:37:58,114.052834,22.7206,1,30
24610,12:38:30,114.054817,22.72245,1,32
24610,12:39:10,114.056686,22.723499,1,63
24610,12:39:50,114.05883,22.723932,1,28
24610,12:39:58,114.058586,22.724449,1,29
24610,12:40:30,114.05777,22.725849,1,19
24610,12:41:10,114.057182,22.727266,1,12
24610,12:41:50,114.056198,22.7279,1,16
24610,12:42:30,114.055763,22.727133,1,0
24610,12:43:10,114.055733,22.727133,1,1
24610,12:43:18,114.055748,22.727133,1,0
24610,12:43:50,114.055748,22.727133,1,1
24610,12:43:58,114.055733,22.727133,1,1
24610,12:45:10,114.055649,22.727118,1,0
24610,12:45:18,114.05558,22.727034,1,11
24610,12:46:30,114.055847,22.727484,1,0
24610,12:47:10,114.055847,22.727484,1,0
24610,12:47:50,114.05587,22.727484,1,0
24610,12:48:30,114.055832,22.727484,1,0
24610,12:49:10,114.055801,22.727484,1,0
24610,12:49:50,114.05513,22.729601,1,10
24610,12:49:58,114.055084,22.729683,1,2
24610,12:54:50,114.055367,22.729349,1,0
24610,13:05:22,114.055367,22.729349,1,0
24610,13:09:50,114.055283,22.729267,1,0
24610,13:09:58,114.055298,22.729267,1,0
24610,13:14:50,114.055283,22.729267,1,0
24610,13:14:58,114.055283,22.729267,1,0
24610,13:19:50,114.055321,22.729267,1,0
24610,13:19:58,114.055321,22.729267,1,0
24610,13:24:50,114.055298,22.729317,1,0
24610,13:35:22,114.055298,22.729317,1,0
24610,13:44:50,114.055367,22.729282,1,0
24610,13:44:58,114.055367,22.729282,1,0
24610,13:45:57,114.055298,22.729317,1,0
24610,13:49:46,114.055298,22.72925,1,1
24610,13:50:10,114.055321,22.729282,1,0
24610,13:50:18,114.055298,22.729282,1,0
24610,13:50:50,114.055267,22.72925,1,0
24610,13:50:58,114.055252,22.729233,1,1
24610,13:51:30,114.055534,22.728933,1,23
24610,13:51:38,114.055664,22.7286,1,5
24610,13:52:22,114.055763,22.727751,1,19
24610,13:52:50,114.056015,22.7278,1,8
24610,13:53:30,114.057198,22.727533,1,19
24610,13:54:10,114.057564,22.726601,1,0
24610,13:54:50,114.05777,22.726168,1,8
24610,13:55:30,114.058449,22.724449,1,3
24610,13:56:10,114.058685,22.724234,1,0
24610,13:56:50,114.058685,22.724199,1,1
24610,13:57:30,114.05777,22.723734,1,54
24610,13:57:38,114.056519,22.723534,1,66
24610,13:58:10,114.053986,22.721733,1,21
24610,13:58:50,114.052536,22.7204,1,28
24610,13:59:30,114.050186,22.71825,1,10
24610,14:00:10,114.049782,22.718018,1,0
24610,14:00:52,114.05085,22.7188,0,24
24610,14:01:32,114.052933,22.720617,0,25
24610,14:02:12,114.055603,22.723049,0,24
24610,14:02:52,114.058296,22.72365,0,33
24610,14:03:00,114.058983,22.723482,0,28
24610,14:03:32,114.059586,22.723232,1,2
24610,14:03:40,114.059631,22.723232,1,1
24610,14:04:12,114.059685,22.723232,1,3
24610,14:04:20,114.059769,22.7232,1,5
24610,14:04:52,114.059998,22.723133,1,9
24610,14:05:32,114.060204,22.723017,1,5
24610,14:05:40,114.060349,22.722982,1,7
24610,14:06:12,114.060654,22.722834,1,0
24610,14:06:52,114.06208,22.720301,1,52
24610,14:07:32,114.06485,22.716999,1,39
24610,14:08:12,114.065033,22.714367,1,70
24610,14:08:52,114.062553,22.710484,1,58
24610,14:09:32,114.060081,22.70665,1,37
24610,14:10:12,114.056885,22.704599,1,44
24610,14:10:52,114.052803,22.706818,1,36
24610,14:11:32,114.05027,22.7087,1,43
24610,14:12:12,114.046799,22.710466,1,48
24610,14:12:52,114.043671,22.711849,1,3
24610,14:13:32,114.043648,22.711866,1,0
24610,14:14:12,114.043587,22.711901,1,14
24610,14:14:52,114.04158,22.70965,1,57
24610,14:15:32,114.0429,22.705549,1,1
24610,14:15:40,114.042885,22.705549,1,1
24610,14:16:52,114.044029,22.703217,1,4
24610,14:17:32,114.044296,22.699484,1,52
24610,14:17:40,114.04435,22.698566,1,37
24610,14:18:12,114.044334,22.701082,1,36
24610,14:18:20,114.044266,22.701651,1,22
24610,14:19:32,114.043137,22.7057,1,2
24610,14:20:12,114.041664,22.709417,1,62
24610,14:20:20,114.041946,22.710501,1,57
24610,14:21:32,114.0439,22.715651,1,17
24610,14:21:40,114.044502,22.715883,1,44
24610,14:22:12,114.047279,22.716949,1,11
24610,14:22:20,114.047218,22.717234,1,15
24610,14:22:52,114.047264,22.7185,1,30
24610,14:23:32,114.049034,22.720118,1,8
24610,14:24:12,114.0495,22.720716,1,17
24610,14:24:52,114.050148,22.721283,1,6
24610,14:25:32,114.051567,22.720984,1,20
24610,14:26:12,114.052536,22.720633,1,1
24610,14:26:52,114.054703,22.722401,1,44
24610,14:27:32,114.056702,22.723516,1,37
24610,14:28:12,114.058365,22.723534,1,0
24610,14:28:20,114.058365,22.723534,1,0
24610,14:28:52,114.060135,22.723101,1,30
24610,14:29:00,114.060631,22.722918,1,15
24610,14:29:32,114.061684,22.721849,1,51
24610,14:29:40,114.061882,22.720984,1,52
24610,14:30:52,114.065552,22.716766,1,0
24610,14:31:32,114.065697,22.716749,1,16
24610,14:32:12,114.06945,22.715401,1,54
24610,14:32:52,114.073303,22.712482,1,38
24610,14:33:32,114.074547,22.711433,1,8
24610,14:34:12,114.07592,22.711901,1,0
24610,14:34:52,114.075081,22.711582,1,25
24610,14:35:32,114.072868,22.71295,1,43
24610,14:35:40,114.072166,22.713484,1,45
24610,14:36:52,114.06813,22.716316,1,0
24610,14:37:32,114.064346,22.717367,1,51
24610,14:38:12,114.061996,22.720966,1,25
24610,14:38:20,114.061867,22.721483,1,34
24610,14:38:52,114.06118,22.722866,1,0
24610,14:39:00,114.061119,22.722883,1,6
24610,14:40:12,114.06012,22.723217,1,0
24610,14:40:20,114.06012,22.723217,1,0
24610,14:40:52,114.060066,22.723232,1,0
24610,14:41:32,114.05883,22.723633,1,17
24610,14:41:40,114.058418,22.723734,1,28
24610,14:42:12,114.056168,22.723482,1,39
24610,14:42:52,114.053932,22.723066,1,34
24610,14:43:32,114.051834,22.723232,1,30
24610,14:44:12,114.050117,22.722918,1,10
24610,14:44:20,114.050018,22.722967,1,7
24610,14:44:52,114.049332,22.723249,1,18
24610,14:45:32,114.048569,22.7232,1,14
24610,14:46:12,114.047417,22.723133,1,18
24610,14:46:52,114.046333,22.721783,1,19
24610,14:47:32,114.043297,22.721533,1,28
24610,14:48:12,114.040634,22.723482,1,74
24610,14:48:52,114.035965,22.730984,1,87
24610,14:49:32,114.033333,22.734966,1,38
24610,14:50:12,114.029137,22.738716,1,31
24610,14:51:00,114.027252,22.743,1,55
24610,14:52:12,114.029083,22.748899,1,0
24610,14:52:52,114.028015,22.749117,1,34
24610,14:53:32,114.027802,22.74905,1,0
24610,14:53:40,114.027802,22.74905,1,2
24610,14:54:12,114.029015,22.74925,1,14
24610,14:54:52,114.027267,22.746767,1,58
24610,14:55:32,114.027634,22.741768,1,57
24610,14:56:12,114.029297,22.73805,1,33
24610,14:56:52,114.0326,22.735399,1,36
24610,14:57:00,114.03302,22.735083,1,18
24610,14:57:32,114.034897,22.733299,1,36
24610,14:57:40,114.035286,22.732468,1,56
24610,14:58:52,114.041252,22.72225,1,33
24610,14:59:32,114.04258,22.717283,1,72
24610,14:59:40,114.043221,22.716267,1,42
24610,15:00:52,114.043419,22.715933,1,0
24610,15:01:00,114.043564,22.7157,1,22
24610,15:01:32,114.046684,22.716682,1,46
24610,15:02:12,114.04747,22.716932,1,5
24610,15:02:20,114.047836,22.717068,1,31
24610,15:02:52,114.050735,22.718651,1,45
24610,15:03:32,114.052734,22.720501,1,0
24610,15:04:12,114.052765,22.720568,1,0
24610,15:04:52,114.052719,22.7206,1,1
24610,15:05:32,114.052681,22.720633,1,0
24610,15:05:40,114.052681,22.720633,1,0
24610,15:06:52,114.052666,22.720617,1,1
24610,15:07:00,114.052582,22.720716,1,12
24610,15:08:12,114.050018,22.721733,1,2
24610,15:08:52,114.050217,22.723433,1,33
24610,15:09:32,114.051498,22.72575,1,31
24610,15:10:12,114.052452,22.726334,1,19
24610,15:10:52,114.054619,22.727432,1,21
24610,15:11:32,114.056084,22.727882,1,7
24610,15:12:12,114.057167,22.727501,1,25
24610,15:12:52,114.05748,22.726767,1,1
24610,15:13:32,114.057518,22.726667,1,3
24610,15:14:12,114.057968,22.726368,1,22
24610,15:14:52,114.061035,22.727367,1,27
24610,15:15:00,114.061546,22.727551,1,26
24610,15:16:12,114.063416,22.728634,1,2
24610,15:16:52,114.062401,22.730883,1,4
24610,15:17:00,114.062347,22.730984,1,12
24610,15:17:32,114.059319,22.7337,1,65
24610,15:18:12,114.052086,22.734083,1,76
24610,15:18:52,114.042831,22.73345,1,80
24610,15:19:32,114.040367,22.732433,1,0
24610,15:19:40,114.040367,22.732433,1,1
24610,15:20:12,114.039635,22.732033,1,18
24610,15:20:52,114.038551,22.731318,1,14
24610,15:21:00,114.038429,22.731199,1,7
24610,15:21:32,114.038048,22.730833,1,0
24610,15:21:40,114.038048,22.730833,1,0
24610,15:22:52,114.037834,22.730667,1,20
24610,15:23:00,114.037483,22.730383,1,24
24610,15:23:32,114.036652,22.729601,1,1
24610,15:23:40,114.036781,22.729683,1,21
24610,15:24:52,114.042618,22.733168,1,0
24610,15:25:00,114.042648,22.73315,1,0
24610,15:25:32,114.044479,22.733717,1,48
24610,15:25:40,114.045547,22.733917,1,56
24610,15:26:12,114.04995,22.734016,1,52
24610,15:26:20,114.051147,22.733967,1,60
24610,15:27:32,114.062149,22.7311,1,25
24610,15:28:12,114.06218,22.731016,1,20
24610,15:28:20,114.062569,22.730368,1,52
24610,15:28:52,114.063904,22.727833,1,42
24610,15:29:32,114.065247,22.72525,1,29
24610,15:30:12,114.062798,22.7239,1,53
24610,15:30:20,114.061951,22.723249,1,51
24610,15:30:52,114.060204,22.723167,1,7
24610,15:31:00,114.06012,22.723217,1,1
24610,15:31:32,114.060081,22.723232,1,0
24610,15:31:40,114.060081,22.723249,1,0
24610,15:32:22,114.060097,22.723232,1,0
24610,15:32:28,114.060066,22.723249,1,4
24610,15:32:56,114.059937,22.723301,1,0
24610,15:34:12,114.059998,22.723267,1,6
24610,15:34:52,114.060303,22.723101,1,0
24610,15:35:00,114.060318,22.723101,1,4
24610,15:38:28,114.0606,22.722967,1,0
24610,15:38:52,114.060616,22.722967,1,0
24610,15:39:32,114.060585,22.722967,1,0
24610,15:40:12,114.060547,22.722933,1,0
24610,15:40:52,114.060532,22.722933,1,0
24610,15:41:32,114.060532,22.722933,1,0
24610,15:42:12,114.06057,22.722933,1,7
24610,15:42:52,114.062202,22.723316,1,19
24610,15:43:32,114.065582,22.724083,1,13
24610,15:44:12,114.065636,22.724051,1,0
24610,15:44:52,114.065598,22.724068,1,0
24610,15:45:32,114.065582,22.7241,1,0
24610,15:46:12,114.065582,22.7241,1,0
24610,15:46:52,114.064232,22.727551,1,65
24610,15:47:32,114.062431,22.731083,1,0
24610,15:48:12,114.059982,22.733467,1,89
24610,15:48:52,114.054718,22.736217,1,61
24610,15:49:32,114.054932,22.741467,1,49
24610,15:50:12,114.054001,22.744066,1,36
24610,15:50:52,114.05217,22.74675,1,0
24610,15:51:32,114.051804,22.748768,1,0
24610,15:52:12,114.049896,22.749733,1,61
24610,15:52:20,114.048767,22.750168,1,49
24610,15:53:32,114.042503,22.749701,1,74
24610,15:53:40,114.04113,22.749582,1,68
24610,15:54:52,114.034599,22.750767,1,28
24610,15:55:00,114.034035,22.750933,1,31
24610,15:55:32,114.032303,22.751568,1,5
24610,15:56:52,114.030815,22.755716,1,0
24610,15:57:32,114.029381,22.756184,1,25
24610,15:58:12,114.0271,22.7568,1,26
24610,15:58:52,114.027016,22.759251,1,36
24610,15:59:00,114.027336,22.759951,1,40
24610,15:59:32,114.02742,22.762133,1,14
24610,16:00:12,114.02742,22.761717,1,18
24610,16:00:52,114.026833,22.758801,1,38
24610,16:01:32,114.026985,22.75695,1,26
24610,16:02:12,114.028801,22.75635,1,0
24610,16:02:52,114.028915,22.756268,1,9
24610,16:03:32,114.030464,22.755867,1,13
24610,16:04:12,114.030602,22.755833,1,2
24610,16:04:52,114.030182,22.751949,1,55
24610,16:05:32,114.029816,22.74995,1,0
24610,16:05:40,114.0298,22.74995,1,0
24610,16:06:12,114.029732,22.749901,1,12
24610,16:06:20,114.029549,22.749582,1,26
24610,16:06:52,114.027153,22.746584,1,74
24610,16:07:32,114.028152,22.740618,1,54
24610,16:07:40,114.028336,22.740183,1,8
24610,16:08:12,114.028748,22.739367,1,45
24610,16:08:20,114.029083,22.738567,1,46
24610,16:09:32,114.03537,22.732401,1,55
24610,16:09:40,114.035782,22.731333,1,69
24610,16:10:20,114.040047,22.724133,1,98
24610,16:11:32,114.043465,22.715866,1,0
24610,16:12:12,114.04348,22.7159,1,0
24610,16:12:52,114.043518,22.715918,1,0
24610,16:13:32,114.043503,22.715918,1,0
24610,16:14:12,114.046349,22.716534,1,31
24610,16:14:20,114.046867,22.716717,1,14
24610,16:14:52,114.04818,22.717216,1,32
24610,16:15:32,114.050499,22.718567,1,29
24610,16:16:12,114.052902,22.720734,1,29
24610,16:16:52,114.055435,22.723066,1,35
24610,16:17:32,114.057831,22.723717,1,11
24610,16:17:40,114.057884,22.723717,1,6
24610,16:18:14,114.059753,22.723217,1,15
24610,16:18:20,114.059914,22.72315,1,9
24610,16:18:52,114.059914,22.723133,1,0
24610,16:19:32,114.059883,22.72315,1,0
24610,16:20:12,114.061996,22.723183,1,37
24610,16:20:20,114.062614,22.7237,1,42
24610,16:20:54,114.065315,22.724133,1,1
24610,16:21:02,114.065315,22.72415,1,0
24610,16:22:14,114.0653,22.724033,1,0
24610,16:22:54,114.065353,22.7239,1,0
24610,16:23:34,114.065063,22.725782,1,41
24610,16:24:14,114.06282,22.730232,1,40
24610,16:24:54,114.060204,22.733368,1,48
24610,16:25:34,114.055267,22.734217,1,37
24610,16:26:14,114.055283,22.738733,1,52
24610,16:26:54,114.054764,22.742067,1,33
24610,16:27:34,114.054016,22.74395,1,21
24610,16:28:14,114.052101,22.746717,1,0
24610,16:28:54,114.051804,22.748699,1,52
24610,16:29:34,114.047569,22.750299,1,49
24610,16:30:14,114.043602,22.749701,1,69
24610,16:30:54,114.036034,22.750383,1,74
24610,16:31:02,114.035065,22.750633,1,35
24610,16:31:34,114.032448,22.750967,1,48
24610,16:31:42,114.03167,22.750584,1,23
24610,16:32:14,114.029732,22.749634,1,31
24610,16:32:54,114.025482,22.748966,1,43
24610,16:33:34,114.022514,22.749701,1,19
24610,16:34:14,114.019516,22.749683,1,37
24610,16:34:54,114.018349,22.749283,1,23
24610,16:35:02,114.017868,22.749117,1,25
24610,16:35:34,114.01593,22.7484,1,24
24610,16:36:14,114.011902,22.746799,1,49
24610,16:36:54,114.009682,22.7449,1,1
24610,16:37:34,114.009804,22.744833,1,0
24610,16:38:14,114.009865,22.744818,1,0
24610,16:38:54,114.009781,22.744833,1,1
24610,16:39:02,114.009804,22.744833,1,0
24610,16:39:34,114.009819,22.744818,1,0
24610,16:40:14,114.00975,22.744818,1,1
24610,16:40:54,114.010216,22.745934,1,27
24610,16:41:34,114.012001,22.746599,0,0
24610,16:42:14,114.013298,22.746782,1,12
24610,16:42:54,114.014336,22.747534,1,21
24610,16:43:34,114.015999,22.748301,1,9
24610,16:44:14,114.0159,22.748449,1,0
24610,16:44:54,114.015884,22.748466,1,0
24610,16:45:34,114.015831,22.748432,1,4
24610,16:46:14,114.01577,22.748432,1,0
24610,16:46:54,114.015816,22.748417,1,0
24610,16:47:34,114.015831,22.748367,1,0
24610,16:48:14,114.01577,22.748367,1,1
24610,16:48:54,114.015785,22.748417,1,0
24610,16:49:34,114.015846,22.748367,1,0
24610,16:50:14,114.015831,22.748367,1,0
24610,16:50:54,114.015831,22.748383,1,0
24610,16:51:34,114.015831,22.74835,1,0
24610,16:52:14,114.015846,22.74835,1,0
24610,16:52:54,114.015831,22.748383,1,0
24610,16:53:34,114.015816,22.748383,1,0
24610,16:54:14,114.0158,22.748417,1,0
24610,16:54:54,114.015816,22.748383,1,1
24610,16:55:34,114.015831,22.748383,1,0
24610,16:56:14,114.015846,22.74835,1,0
24610,16:58:24,114.015785,22.748417,1,0
24610,16:58:54,114.015999,22.7484,1,12
24610,16:59:34,114.018532,22.747183,1,48
24610,16:59:42,114.018936,22.746332,1,42
24610,17:00:54,114.021416,22.740232,1,11
24610,17:01:02,114.021332,22.740299,1,17
24610,17:02:14,114.02372,22.7358,1,51
24610,17:02:22,114.024597,22.736334,1,52
24610,17:02:54,114.027214,22.738567,1,39
24610,17:03:34,114.028931,22.738983,1,20
24610,17:03:42,114.029068,22.738768,1,7
24610,17:04:54,114.029221,22.738684,1,0
24610,17:05:34,114.031013,22.736549,1,52
24610,17:06:14,114.034302,22.7341,1,46
24610,17:06:54,114.037804,22.727467,1,99
24610,17:07:02,114.038864,22.725918,1,94
24610,17:07:34,114.04158,22.721701,1,48
24610,17:08:14,114.042366,22.717751,1,0
24610,17:08:54,114.042381,22.717783,1,0
24610,17:09:34,114.044319,22.7157,1,41
24610,17:10:14,114.047401,22.7169,1,6
24610,17:10:22,114.047516,22.716932,1,7
24610,17:11:34,114.050346,22.7167,1,9
24610,17:12:14,114.051384,22.7136,1,29
24610,17:12:54,114.05162,22.7113,1,40
24610,17:13:34,114.050415,22.708967,1,16
24610,17:14:14,114.0467,22.71055,1,51
24610,17:14:22,114.045502,22.711117,1,66
24610,17:15:34,114.042603,22.711967,1,40
24610,17:15:42,114.04213,22.71105,1,60
24610,17:16:14,114.042786,22.705982,1,43
24610,17:16:54,114.043816,22.7041,1,55
24610,17:17:34,114.044151,22.702299,1,0
24610,17:18:14,114.044083,22.702316,1,2
24610,17:18:54,114.044151,22.702267,1,1
24610,17:19:34,114.04438,22.702133,1,2
24610,17:20:14,114.04435,22.7022,1,0
24610,17:20:54,114.044281,22.702217,1,0
24610,17:21:34,114.044334,22.700216,1,51
24610,17:22:14,114.04435,22.699333,1,0
24610,17:22:22,114.04435,22.69935,1,0
24610,17:22:54,114.044319,22.69935,1,0
24610,17:23:02,114.044319,22.69935,1,2
24610,17:24:14,114.044548,22.693884,1,0
24610,17:24:54,114.044548,22.693916,1,0
24610,17:25:02,114.044548,22.693916,1,0
24610,17:25:34,114.044586,22.693933,1,0
24610,17:26:14,114.044586,22.693684,1,14
24610,17:26:54,114.047546,22.692766,1,27
24610,17:27:34,114.05307,22.691967,1,64
24610,17:28:14,114.060303,22.691267,1,76
24610,17:28:54,114.067131,22.692316,1,21
24610,17:29:34,114.069847,22.69285,1,64
24610,17:29:42,114.071068,22.6931,1,56
24610,17:30:54,114.075882,22.694517,1,75
24610,17:31:02,114.077103,22.694967,1,61
24610,17:31:42,114.083618,22.697201,1,18
24610,17:32:54,114.08593,22.696917,1,38
24610,17:33:02,114.086929,22.696867,1,56
24610,17:33:34,114.0905,22.695168,1,51
24610,17:33:42,114.091148,22.69445,1,51
24610,17:34:54,114.09333,22.694067,1,3
24610,17:34:55,114.09333,22.694067,1,3
24610,17:34:56,114.09333,22.694067,1,3
24610,17:34:57,114.09333,22.694067,1,3
24610,17:35:02,114.093384,22.694166,1,12
24610,17:35:03,114.093384,22.694166,1,12
24610,17:35:04,114.093384,22.694166,1,12
24610,17:35:05,114.093384,22.694166,1,12
24610,17:35:34,114.09433,22.694332,1,8
24610,17:35:35,114.09433,22.694332,1,8
24610,17:35:36,114.09433,22.694332,1,8
24610,17:35:37,114.09433,22.694332,1,8
24610,17:36:14,114.09523,22.6943,1,13
24610,17:36:15,114.09523,22.6943,1,13
24610,17:36:16,114.09523,22.6943,1,13
24610,17:36:17,114.09523,22.6943,1,13
24610,17:36:54,114.095703,22.694317,1,7
24610,17:36:55,114.095703,22.694317,1,7
24610,17:36:56,114.095703,22.694317,1,7
24610,17:36:57,114.095703,22.694317,1,7
24610,17:37:34,114.097519,22.691116,1,58
24610,17:37:35,114.097519,22.691116,1,58
24610,17:37:36,114.097519,22.691116,1,58
24610,17:37:37,114.097519,22.691116,1,58
24610,17:38:14,114.098701,22.68795,1,1
24610,17:38:15,114.098701,22.68795,1,1
24610,17:38:16,114.098701,22.68795,1,1
24610,17:38:17,114.098701,22.68795,1,1
24610,17:38:54,114.099098,22.687532,1,17
24610,17:38:55,114.099098,22.687532,1,17
24610,17:38:56,114.099098,22.687532,1,17
24610,17:38:57,114.099098,22.687532,1,17
24610,17:39:34,114.104652,22.686317,1,99
24610,17:39:35,114.104652,22.686317,1,99
24610,17:39:36,114.104652,22.686317,1,99
24610,17:39:37,114.104652,22.686317,1,99
24610,17:39:42,114.106651,22.685867,1,97
24610,17:39:43,114.106651,22.685867,1,97
24610,17:39:44,114.106651,22.685867,1,97
24610,17:39:45,114.106651,22.685867,1,97
24610,17:40:14,114.113617,22.683149,1,49
24610,17:40:15,114.113617,22.683149,1,49
24610,17:40:16,114.113617,22.683149,1,49
24610,17:40:17,114.113617,22.683149,1,49
24610,17:40:22,114.113983,22.683117,1,0
24610,17:40:23,114.113983,22.683117,1,0
24610,17:40:24,114.113983,22.683117,1,0
24610,17:40:25,114.113983,22.683117,1,0
24610,17:40:54,114.11393,22.683117,1,0
24610,17:40:55,114.11393,22.683117,1,0
24610,17:40:56,114.11393,22.683117,1,0
24610,17:40:57,114.11393,22.683117,1,0
24610,17:41:34,114.113914,22.683132,1,0
24610,17:41:35,114.113914,22.683132,1,0
24610,17:41:36,114.113914,22.683132,1,0
24610,17:41:37,114.113914,22.683132,1,0
24610,17:41:42,114.113914,22.683132,1,1
24610,17:41:43,114.113914,22.683132,1,1
24610,17:41:44,114.113914,22.683132,1,1
24610,17:41:45,114.113914,22.683132,1,1
24610,17:42:14,114.115196,22.683233,1,14
24610,17:42:15,114.115196,22.683233,1,14
24610,17:42:16,114.115196,22.683233,1,14
24610,17:42:17,114.115196,22.683233,1,14
24610,17:42:22,114.115402,22.683268,1,10
24610,17:42:23,114.115402,22.683268,1,10
24610,17:42:24,114.115402,22.683268,1,10
24610,17:42:25,114.115402,22.683268,1,10
24610,17:43:34,114.116936,22.680117,1,17
24610,17:43:35,114.116936,22.680117,1,17
24610,17:43:36,114.116936,22.680117,1,17
24610,17:43:37,114.116936,22.680117,1,17
24610,17:44:14,114.115936,22.679983,1,0
24610,17:44:15,114.115936,22.679983,1,0
24610,17:44:16,114.115936,22.679983,1,0
24610,17:44:17,114.115936,22.679983,1,0
24610,17:44:54,114.115547,22.680267,1,3
24610,17:44:55,114.115547,22.680267,1,3
24610,17:44:56,114.115547,22.680267,1,3
24610,17:44:57,114.115547,22.680267,1,3
24610,17:46:14,114.11705,22.679899,1,22
24610,17:46:15,114.11705,22.679899,1,22
24610,17:46:16,114.11705,22.679899,1,22
24610,17:46:17,114.11705,22.679899,1,22
24610,17:46:22,114.11702,22.67985,1,0
24610,17:46:23,114.11702,22.67985,1,0
24610,17:46:24,114.11702,22.67985,1,0
24610,17:46:25,114.11702,22.67985,1,0
24610,17:47:34,114.117149,22.679382,1,21
24610,17:47:35,114.117149,22.679382,1,21
24610,17:47:36,114.117149,22.679382,1,21
24610,17:47:37,114.117149,22.679382,1,21
24610,17:48:14,114.116768,22.682533,1,0
24610,17:48:15,114.116768,22.682533,1,0
24610,17:48:16,114.116768,22.682533,1,0
24610,17:48:17,114.116768,22.682533,1,0
24610,17:48:22,114.116768,22.682516,1,0
24610,17:48:23,114.116768,22.682516,1,0
24610,17:48:24,114.116768,22.682516,1,0
24610,17:48:25,114.116768,22.682516,1,0
24610,17:48:54,114.116768,22.682501,1,1
24610,17:48:55,114.116768,22.682501,1,1
24610,17:48:56,114.116768,22.682501,1,1
24610,17:48:57,114.116768,22.682501,1,1
24610,17:49:02,114.116768,22.682501,1,0
24610,17:49:03,114.116768,22.682501,1,0
24610,17:49:04,114.116768,22.682501,1,0
24610,17:49:05,114.116768,22.682501,1,0
24610,17:49:34,114.116318,22.68355,1,34
24610,17:49:35,114.116318,22.68355,1,34
24610,17:49:36,114.116318,22.68355,1,34
24610,17:49:37,114.116318,22.68355,1,34
24610,17:50:24,114.10453,22.686399,1,114
24610,17:50:25,114.10453,22.686399,1,114
24610,17:50:26,114.10453,22.686399,1,114
24610,17:50:27,114.10453,22.686399,1,114
24610,17:50:54,114.099197,22.688633,1,68
24610,17:50:55,114.099197,22.688633,1,68
24610,17:50:56,114.099197,22.688633,1,68
24610,17:50:57,114.099197,22.688633,1,68
24610,17:51:34,114.096466,22.694983,1,69
24610,17:51:35,114.096466,22.694983,1,69
24610,17:51:36,114.096466,22.694983,1,69
24610,17:51:37,114.096466,22.694983,1,69
24610,17:52:14,114.096901,22.7008,1,10
24610,17:52:15,114.096901,22.7008,1,10
24610,17:52:16,114.096901,22.7008,1,10
24610,17:52:17,114.096901,22.7008,1,10
24610,17:52:54,114.09407,22.702232,1,86
24610,17:52:55,114.09407,22.702232,1,86
24610,17:52:56,114.09407,22.702232,1,86
24610,17:52:57,114.09407,22.702232,1,86
24610,17:53:02,114.092369,22.702,1,86
24610,17:53:03,114.092369,22.702,1,86
24610,17:53:04,114.092369,22.702,1,86
24610,17:53:05,114.092369,22.702,1,86
24610,17:53:34,114.088051,22.702118,1,5
24610,17:53:35,114.088051,22.702118,1,5
24610,17:53:36,114.088051,22.702118,1,5
24610,17:53:37,114.088051,22.702118,1,5
24610,17:53:42,114.088051,22.702118,1,0
24610,17:53:43,114.088051,22.702118,1,0
24610,17:53:44,114.088051,22.702118,1,0
24610,17:53:45,114.088051,22.702118,1,0
24610,17:54:10,114.088081,22.702101,1,0
24610,17:54:11,114.088081,22.702101,1,0
24610,17:54:12,114.088081,22.702101,1,0
24610,17:54:13,114.088081,22.702101,1,0
24610,17:54:55,114.08815,22.702066,1,0
24610,17:54:56,114.08815,22.702066,1,0
24610,17:54:57,114.08815,22.702066,1,0
24610,17:54:58,114.08815,22.702066,1,0
24610,17:55:35,114.08815,22.702084,1,0
24610,17:55:36,114.08815,22.702084,1,0
24610,17:55:37,114.08815,22.702084,1,0
24610,17:55:38,114.08815,22.702084,1,0
24610,17:56:15,114.0849,22.703432,1,20
24610,17:56:55,114.08287,22.704367,1,43
24610,17:57:35,114.079567,22.707317,1,18
24610,17:58:15,114.079483,22.707367,1,13
24610,17:58:55,114.078697,22.707884,1,30
24610,17:59:35,114.074768,22.71105,1,64
24610,18:00:15,114.071533,22.7139,1,32
24610,18:00:55,114.071335,22.71405,1,6
24610,18:01:35,114.067886,22.716368,1,45
24610,18:01:43,114.066986,22.7166,1,46
24610,18:02:55,114.061752,22.7216,1,60
24610,18:03:03,114.061501,22.722401,1,16
24610,18:03:35,114.061401,22.722782,1,19
24610,18:04:15,114.060165,22.723183,1,7
24610,18:04:23,114.06002,22.723217,1,10
24610,18:04:55,114.059685,22.723333,1,5
24610,18:05:03,114.059502,22.723383,1,8
24610,18:05:35,114.058784,22.723949,1,13
24610,18:05:43,114.058685,22.724182,1,16
24610,18:06:23,114.057884,22.725849,1,23
24610,18:07:35,114.0569,22.72805,1,0
24610,18:08:15,114.056396,22.727917,1,9
24610,18:08:55,114.055351,22.729383,1,25
24610,18:09:03,114.055183,22.729633,1,5
24610,18:09:35,114.055031,22.729782,1,2
24610,18:10:15,114.05513,22.729733,1,0
24610,18:10:55,114.055183,22.729733,1,0
24610,18:11:35,114.055229,22.729733,1,0
24610,18:12:15,114.055168,22.729717,1,0
24610,18:12:55,114.055183,22.72975,1,0
24610,18:13:35,114.055183,22.729733,1,0
24610,18:23:35,114.055153,22.729767,1,0
24610,18:23:43,114.055168,22.729767,1,0
24610,18:24:07,114.055183,22.729733,1,0
24610,18:28:35,114.055168,22.72975,1,0
24610,18:33:35,114.055199,22.729816,1,0
24610,18:33:43,114.055183,22.729816,1,0
24610,18:35:25,114.05513,22.729767,1,0
24610,18:35:35,114.05513,22.729767,1,0
24610,18:36:15,114.05513,22.729767,1,0
24610,18:36:55,114.055115,22.729767,1,0
24610,18:37:35,114.055847,22.728149,1,28
24610,18:38:15,114.056282,22.7279,0,8
24610,18:38:55,114.057236,22.727318,0,20
24610,18:39:35,114.058098,22.725317,0,22
24610,18:40:15,114.058815,22.723749,0,0
24610,18:40:23,114.058853,22.723749,0,0
24610,18:40:55,114.058868,22.723766,0,0
24610,18:41:03,114.058853,22.723766,0,0
24610,18:41:35,114.059814,22.723232,0,17
24610,18:41:43,114.060066,22.723167,0,10
24610,18:42:55,114.061401,22.72245,0,30
24610,18:43:35,114.06237,22.719467,0,25
24610,18:43:43,114.062469,22.719282,0,0
24610,18:44:15,114.062134,22.720667,0,0
24610,18:44:23,114.062149,22.72065,0,0
24610,18:44:55,114.061798,22.721649,0,43
24610,18:45:35,114.063248,22.723984,0,49
24610,18:45:43,114.06443,22.724182,0,67
24610,18:46:15,114.065384,22.7241,0,0
24610,18:46:55,114.064781,22.726667,0,79
24610,18:47:03,114.064064,22.728001,0,84
24610,18:47:35,114.062614,22.730783,0,5
24610,18:48:15,114.059616,22.733633,0,68
24610,18:48:23,114.058182,22.733917,0,67
24610,18:48:55,114.051102,22.734167,0,99
24610,18:49:43,114.0392,22.731649,0,92
24610,18:50:15,114.036781,22.729851,0,0
24610,18:50:23,114.036781,22.729851,0,0
24610,18:50:55,114.036781,22.729868,0,0
24610,18:51:03,114.036781,22.729883,0,0
24610,18:51:35,114.034386,22.727966,0,77
24610,18:51:43,114.033386,22.727551,0,45
24610,18:53:35,114.022064,22.731199,0,0
24610,18:54:15,114.020851,22.73175,0,26
24610,18:54:23,114.020203,22.732067,0,45
24610,18:54:55,114.016586,22.733566,0,27
24610,18:55:03,114.01577,22.733833,0,54
24610,18:56:15,114.006569,22.73525,0,21
24610,18:56:55,114.001251,22.734818,0,73
24610,18:57:03,113.999619,22.735018,0,81
24610,18:57:35,113.995819,22.735518,0,44
24610,18:57:43,113.994682,22.735666,0,66
24610,18:58:15,113.98793,22.735216,0,39
24610,18:58:55,113.987,22.735117,0,47
24610,18:59:35,113.979233,22.732651,0,78
24610,19:00:15,113.977547,22.73255,0,0
24610,19:00:55,113.97757,22.732567,0,0
24610,19:01:35,113.97757,22.73255,0,0
24610,19:02:15,113.977882,22.732401,0,49
24610,19:02:55,113.985367,22.734501,0,43
24610,19:04:15,113.985367,22.72035,0,98
24610,19:04:55,113.988297,22.712017,0,77
24610,19:06:15,113.987236,22.702417,0,48
24610,19:06:55,113.986832,22.699484,0,28
24610,19:07:35,113.986816,22.695566,0,31
24610,19:08:15,113.986298,22.6929,0,30
24610,19:08:55,113.98278,22.692917,0,0
24610,19:09:03,113.982765,22.692917,0,0
24610,19:10:15,113.983437,22.692818,1,24
24610,19:10:55,113.986732,22.69265,1,14
24610,19:11:35,113.987221,22.689016,1,68
24610,19:12:15,113.98938,22.6842,1,54
24610,19:12:55,113.991234,22.679934,1,50
24610,19:13:35,113.992821,22.6759,1,42
24610,19:13:43,113.99305,22.675266,1,31
24610,19:14:55,113.996246,22.670218,1,1
24610,19:15:35,113.998131,22.668783,1,34
24610,19:16:15,114.000336,22.666817,1,33
24610,19:16:23,114.000832,22.666267,1,41
24610,19:17:35,114.002785,22.66165,1,0
24610,19:18:15,114.003716,22.661034,1,37
24610,19:18:55,114.007881,22.660749,1,23
24610,19:19:03,114.007935,22.660517,1,9
24610,19:19:35,114.008049,22.658951,1,19
24610,19:19:43,114.00872,22.658716,1,45
24610,19:20:55,114.012047,22.655451,1,9
24610,19:21:35,114.012985,22.651951,1,24
24610,19:22:15,114.01313,22.651699,1,6
24610,19:22:55,114.013168,22.651716,1,0
24610,19:23:35,114.013168,22.651716,1,0
24610,19:24:15,114.013153,22.651684,1,0
24610,19:24:55,114.015564,22.65295,1,58
24610,19:25:35,114.016418,22.653566,1,2
24610,19:25:43,114.016403,22.653566,1,1
24610,19:26:15,114.016418,22.653584,1,1
24610,19:26:55,114.01828,22.654867,1,0
24610,19:27:03,114.01828,22.654882,1,0
24610,19:27:35,114.019333,22.655649,1,31
24610,19:27:43,114.019936,22.656151,1,36
24610,19:29:35,114.023132,22.658449,1,23
24610,19:29:43,114.023636,22.658751,1,28
24610,19:30:15,114.024551,22.659433,1,0
24610,19:30:55,114.025398,22.660049,1,0
24610,19:31:03,114.025383,22.660049,1,1
24610,19:31:35,114.025398,22.660049,1,0
24610,19:32:15,114.0261,22.660482,1,27
24610,19:32:23,114.026649,22.660933,1,32
24610,19:34:22,114.024719,22.660116,1,0
24610,19:35:02,114.022934,22.65855,1,20
24610,19:35:42,114.022614,22.65855,1,0
24610,19:36:22,114.022598,22.65855,1,0
24610,19:37:02,114.022415,22.658417,1,25
24610,19:37:42,114.019386,22.655817,1,34
24610,19:38:22,114.019035,22.6556,1,0
24610,19:38:30,114.018997,22.655582,1,0
24610,19:39:42,114.01667,22.653999,1,0
24610,19:39:50,114.016617,22.654016,1,0
24610,19:40:22,114.016518,22.654034,1,0
24610,19:41:02,114.014236,22.652018,1,33
24610,19:41:42,114.011383,22.650232,1,47
24610,19:42:22,114.009201,22.65155,1,44
24610,19:42:30,114.008682,22.65225,1,44
24610,19:43:42,114.007698,22.65345,1,0
24610,19:44:22,114.006584,22.654734,1,20
24610,19:45:02,114.004883,22.657482,1,33
24610,19:45:10,114.004829,22.657949,1,13
24610,19:45:42,114.00515,22.658916,1,21
24610,19:45:50,114.004982,22.659367,1,22
24610,19:47:02,114.00322,22.660667,1,0
24610,19:47:42,114.003151,22.660784,1,1
24610,19:48:22,114.002815,22.66205,1,45
24610,19:49:02,114.000786,22.666567,1,50
24610,19:49:42,113.997566,22.669283,1,22
24610,19:50:22,113.998817,22.671917,1,29
24610,19:50:30,113.999031,22.672382,1,27
24610,19:51:42,114.00045,22.675117,1,41
24610,19:52:22,114.003616,22.675318,1,29
24610,19:53:02,114.005219,22.676582,1,25
24610,19:53:42,114.007164,22.676916,1,0
24610,19:54:22,114.007553,22.676533,0,1
24610,19:55:04,114.00827,22.675667,1,38
24610,19:55:44,114.011398,22.673401,1,33
24610,19:56:24,114.013351,22.6709,1,36
24610,19:57:04,114.014503,22.669018,1,0
24610,19:57:12,114.014503,22.669018,1,0
24610,19:57:44,114.014481,22.669033,1,0
24610,19:58:24,114.015518,22.667482,1,42
24610,19:59:04,114.016281,22.6663,1,0
24610,19:59:44,114.016281,22.6663,1,0
24610,20:00:24,114.016281,22.6663,1,0
24610,20:01:04,114.016464,22.66605,1,35
24610,20:01:44,114.018234,22.663433,1,44
24610,20:02:24,114.018799,22.6626,1,17
24610,20:03:04,114.02047,22.660534,1,38
24610,20:03:44,114.022217,22.658382,1,0
24610,20:04:24,114.022217,22.6584,1,0
24610,20:05:04,114.022346,22.658234,1,10
24610,20:05:44,114.02433,22.6558,1,20
24610,20:06:24,114.024567,22.655684,1,0
24610,20:06:32,114.024582,22.655684,1,7
24610,20:07:04,114.026718,22.653116,1,59
24610,20:07:44,114.02845,22.651217,1,3
24610,20:08:24,114.02845,22.651367,0,0
24610,20:09:04,114.0271,22.6528,0,58
24610,20:09:44,114.025185,22.655216,0,12
24610,20:09:52,114.025284,22.655483,0,15
24610,20:10:24,114.02652,22.656668,0,42
24610,20:11:04,114.02877,22.658083,0,0
24610,20:11:44,114.030151,22.65925,0,0
24610,20:12:24,114.030235,22.659166,0,0
24610,20:13:04,114.032433,22.660433,0,5
24610,20:13:44,114.034431,22.661467,0,52
24610,20:13:52,114.035515,22.662067,0,65
24610,20:14:24,114.037415,22.663183,0,0
24610,20:15:04,114.037369,22.663134,0,0
24610,20:15:44,114.037369,22.665768,0,69
24610,20:16:24,114.038254,22.669867,0,1
24610,20:16:32,114.038254,22.669884,0,0
24610,20:17:04,114.0383,22.669983,0,11
24610,20:17:12,114.038383,22.670233,0,23
24610,20:18:24,114.0429,22.6747,0,28
24610,20:19:04,114.04612,22.67325,0,60
24610,20:19:12,114.046936,22.67235,0,50
24610,20:19:44,114.048851,22.670151,0,14
24610,20:20:24,114.052567,22.668249,0,36
24610,20:20:32,114.053329,22.667982,0,48
24610,20:21:04,114.054871,22.666782,0,12
24610,20:22:24,114.056351,22.664749,0,10
24610,20:22:32,114.056519,22.664499,0,14
24610,20:23:04,114.057281,22.663549,0,13
24610,20:23:44,114.05777,22.663233,0,7
24610,20:25:04,114.05722,22.663567,0,19
24610,20:25:44,114.056702,22.664383,0,15
24610,20:26:24,114.056435,22.664883,0,2
24610,20:27:04,114.055084,22.66655,0,33
24610,20:27:44,114.054169,22.670433,0,57
24610,20:28:24,114.055183,22.672768,0,1
24610,20:28:32,114.055168,22.672768,0,0
24610,20:29:44,114.055153,22.672768,0,0
24610,20:29:52,114.055084,22.672567,0,32
24610,20:31:04,114.05407,22.670282,0,0
24610,20:31:12,114.05407,22.670282,0,0
24610,20:31:44,114.053032,22.668234,0,37
24610,20:32:24,114.04847,22.670467,0,36
24610,20:33:04,114.04493,22.6747,0,55
24610,20:33:44,114.043983,22.679449,0,10
24610,20:33:52,114.043983,22.679466,0,0
24610,20:34:24,114.043983,22.679434,0,0
24610,20:35:04,114.04422,22.68425,0,87
24610,20:35:12,114.044334,22.685966,0,88
24610,20:35:44,114.044403,22.687616,0,0
24610,20:36:24,114.044464,22.689266,0,59
24610,20:36:32,114.044502,22.690517,0,73
24610,20:37:04,114.044685,22.692966,0,0
24610,20:37:12,114.044685,22.692949,0,0
24610,20:37:44,114.044701,22.692932,0,0
24610,20:37:52,114.044701,22.692932,0,0
24610,20:38:24,114.044685,22.692949,0,0
24610,20:39:04,114.044617,22.695417,0,51
24610,20:39:44,114.044502,22.698317,0,0
24610,20:39:52,114.044518,22.698299,0,0
24610,20:40:24,114.044479,22.698566,0,26
24610,20:40:32,114.044479,22.698851,0,0
24610,20:41:04,114.044449,22.6991,0,17
24610,20:41:12,114.044365,22.699783,0,44
24610,20:41:52,114.043999,22.703951,0,32
24610,20:41:58,114.043785,22.704268,0,9
24610,20:42:24,114.043816,22.704166,0,0
24610,20:42:32,114.0438,22.704184,0,1
24610,20:43:04,114.043785,22.704184,0,0
24610,20:43:44,114.043671,22.704451,0,21
24610,20:43:52,114.04335,22.704733,0,27
24610,20:45:04,114.037132,22.706232,0,42
24610,20:45:44,114.034218,22.707399,0,38
24610,20:46:24,114.031265,22.711033,0,49
24610,20:47:04,114.0317,22.713533,0,26
24610,20:47:44,114.033951,22.714684,0,14
24610,20:48:24,114.032967,22.715782,0,14
24610,20:49:04,114.030632,22.717083,0,0
24610,20:49:44,114.030914,22.717033,0,9
24610,20:50:24,114.032417,22.716217,0,3
24610,20:50:32,114.0327,22.715982,0,29
24610,20:51:04,114.033966,22.714951,0,2
24610,20:51:44,114.034737,22.714783,0,17
24610,20:52:24,114.035965,22.714884,0,0
24610,20:53:04,114.036484,22.716417,0,47
24610,20:53:44,114.035217,22.721416,0,60
24610,20:54:24,114.033813,22.727318,0,45
24610,20:55:04,114.036346,22.7293,0,0
24610,20:55:44,114.036346,22.729282,0,0
24610,20:55:52,114.036369,22.729282,0,1
24610,20:56:24,114.0364,22.729317,0,16
24610,20:57:04,114.034584,22.733932,0,71
24610,20:57:44,114.030853,22.736782,0,73
24610,20:57:52,114.029732,22.737717,0,72
24610,20:58:24,114.027649,22.742117,0,71
24610,20:58:32,114.027153,22.7432,0,59
24610,20:59:44,114.03038,22.7535,0,63
24610,21:00:24,114.030746,22.755466,0,7
24610,21:00:32,114.030914,22.755667,0,11
24610,21:01:04,114.030617,22.755432,0,30
24610,21:01:12,114.030319,22.754717,0,46
24610,21:01:44,114.030113,22.750483,0,57
24610,21:02:24,114.027901,22.747534,0,58
24610,21:03:04,114.026917,22.743532,0,61
24610,21:03:44,114.02877,22.739349,0,34
24610,21:03:52,114.029099,22.738617,0,34
24610,21:04:24,114.031769,22.735983,0,34
24610,21:04:32,114.032387,22.735533,0,30
24610,21:05:44,114.036568,22.729282,0,90
24610,21:05:52,114.037537,22.7278,0,91
24610,21:06:24,114.041267,22.722433,0,56
24610,21:06:34,114.041603,22.721216,0,55
24610,21:07:04,114.042465,22.717649,0,27
24610,21:07:12,114.042847,22.716984,0,48
24610,21:08:24,114.043365,22.71595,0,0
24610,21:09:04,114.043701,22.715033,0,41
24610,21:09:12,114.043602,22.714033,0,57
24610,21:09:44,114.042969,22.712584,0,0
24610,21:09:52,114.042953,22.712601,0,0
24610,21:11:04,114.043831,22.714067,0,0
24610,21:11:12,114.043831,22.714067,0,0
24610,21:11:44,114.043816,22.714083,0,0
24610,21:11:48,114.043816,22.714083,0,0
24610,21:16:40,114.043732,22.714001,0,0
24610,21:17:04,114.043732,22.714001,0,0
24610,21:17:44,114.043732,22.713984,0,0
24610,21:17:52,114.043732,22.713966,0,0
24610,21:19:04,114.043785,22.71435,0,17
24610,21:19:44,114.046165,22.716467,0,43
24610,21:20:24,114.049767,22.717833,0,17
24610,21:21:04,114.052567,22.720333,0,14
24610,21:21:44,114.055153,22.7227,0,31
24610,21:22:24,114.058014,22.723682,0,20
24610,21:23:04,114.05912,22.7234,0,27
24610,21:23:12,114.059616,22.723217,0,23
24610,21:23:44,114.060036,22.723133,0,3
24610,21:23:52,114.06012,22.723118,0,6
24610,21:24:24,114.060471,22.723,0,6
24610,21:24:32,114.0606,22.722967,0,7
24610,21:25:12,114.061798,22.721451,0,35
24610,21:26:24,114.062019,22.720766,0,31
24610,21:26:32,114.061752,22.7216,0,57
24610,21:27:04,114.060715,22.723,0,18
24610,21:27:12,114.060364,22.723083,0,25
24610,21:28:24,114.05883,22.723633,0,3
24610,21:29:04,114.055679,22.723249,0,21
24610,21:29:44,114.053818,22.721649,0,0
24610,21:29:52,114.053818,22.721666,0,0
24610,21:30:24,114.052879,22.720734,0,7
24610,21:30:32,114.052734,22.7206,0,11
24610,21:31:44,114.050735,22.7188,0,5
24610,21:32:24,114.050316,22.718433,0,10
24610,21:33:04,114.04863,22.717382,0,39
24610,21:33:44,114.047615,22.717016,0,5
24610,21:34:24,114.045235,22.7162,0,26
24610,21:34:32,114.04483,22.716049,0,5
24610,21:35:44,114.042717,22.717518,0,8
24610,21:36:24,114.041496,22.72225,0,52
24610,21:37:04,114.037247,22.7285,0,86
24610,21:37:44,114.035866,22.731768,0,1
24610,21:37:52,114.035652,22.7321,0,35
24610,21:38:24,114.034897,22.733351,0,14
24610,21:38:32,114.035187,22.732849,0,42
24610,21:39:04,114.037666,22.72765,0,86
24610,21:39:12,114.038635,22.726217,0,87
24610,21:40:24,114.043251,22.716316,0,53
24610,21:41:04,114.043503,22.715866,0,0
24610,21:41:12,114.043503,22.715883,0,0
24610,21:42:24,114.04612,22.716467,0,41
24610,21:42:32,114.046967,22.716734,0,41
24610,21:43:04,114.050186,22.718149,0,26
24610,21:43:44,114.052216,22.720034,0,4
24610,21:44:24,114.052696,22.720484,0,6
24610,21:44:32,114.05278,22.720568,0,11
24610,21:45:04,114.05497,22.722549,0,12
24610,21:45:44,114.056747,22.723499,0,29
24610,21:46:24,114.05835,22.72365,0,0
24610,21:46:32,114.058334,22.72365,0,0
24610,21:47:04,114.057632,22.723682,0,37
24610,21:47:12,114.057068,22.7236,0,29
24610,21:48:24,114.054634,22.722317,0,0
24610,21:49:04,114.054665,22.722317,0,0
24610,21:49:12,114.054665,22.7223,0,5
24610,21:49:44,114.053581,22.72135,0,4
24610,21:49:52,114.053497,22.7213,0,11
24610,21:51:04,114.051033,22.719017,0,48
24610,21:51:12,114.050613,22.718634,0,18
24610,21:51:44,114.049698,22.717934,0,3
24610,21:52:24,114.0467,22.716682,0,45
24610,21:52:32,114.045586,22.716284,0,66
24610,21:53:44,114.043251,22.71665,0,56
24610,21:54:24,114.041435,22.722082,0,34
24610,21:55:04,114.037834,22.724133,0,52
24610,21:55:12,114.037102,22.724817,0,52
24610,21:55:44,114.034584,22.726467,0,29
24610,21:56:24,114.036301,22.729218,0,47
24610,21:56:32,114.036331,22.729233,0,0
24610,21:57:04,114.038986,22.730949,0,40
24610,21:57:44,114.03933,22.728468,0,53
24610,21:58:24,114.03833,22.725201,0,57
24610,21:58:32,114.03923,22.724283,0,72
24610,21:59:04,114.042931,22.717768,0,102
24610,21:59:52,114.047447,22.707451,0,100
24610,22:00:24,114.049896,22.700018,0,99
24610,22:01:04,114.049316,22.690666,0,98
24610,22:01:44,114.045967,22.683783,0,68
24610,22:02:24,114.050018,22.6824,0,61
24610,22:03:04,114.058067,22.681116,0,86
24610,22:03:44,114.065048,22.676666,0,47
24610,22:04:24,114.069931,22.674732,0,72
24610,22:04:32,114.071236,22.67445,0,65
24610,22:05:44,114.085564,22.668083,0,105
24610,22:06:24,114.095718,22.665382,0,97
24610,22:07:04,114.105415,22.66465,0,96
24610,22:07:05,114.105415,22.66465,0,96
24610,22:07:06,114.105415,22.66465,0,96
24610,22:07:07,114.105415,22.66465,0,96
24610,22:07:44,114.11525,22.6651,0,91
24610,22:07:45,114.11525,22.6651,0,91
24610,22:07:46,114.11525,22.6651,0,91
24610,22:07:47,114.11525,22.6651,0,91
24610,22:08:24,114.124168,22.664316,0,98
24610,22:08:25,114.124168,22.664316,0,98
24610,22:08:26,114.124168,22.664316,0,98
24610,22:08:27,114.124168,22.664316,0,98
24610,22:09:04,114.132896,22.661367,0,90
24610,22:09:05,114.132896,22.661367,0,90
24610,22:09:06,114.132896,22.661367,0,90
24610,22:09:07,114.132896,22.661367,0,90
24610,22:09:44,114.142097,22.661133,0,96
24610,22:09:45,114.142097,22.661133,0,96
24610,22:09:46,114.142097,22.661133,0,96
24610,22:09:47,114.142097,22.661133,0,96
24610,22:10:24,114.152084,22.661133,0,94
24610,22:10:25,114.152084,22.661133,0,94
24610,22:10:26,114.152084,22.661133,0,94
24610,22:10:27,114.152084,22.661133,0,94
24610,22:10:32,114.153831,22.660618,0,90
24610,22:10:33,114.153831,22.660618,0,90
24610,22:10:34,114.153831,22.660618,0,90
24610,22:10:35,114.153831,22.660618,0,90
24610,22:11:04,114.161346,22.658133,0,98
24610,22:11:05,114.161346,22.658133,0,98
24610,22:11:06,114.161346,22.658133,0,98
24610,22:11:07,114.161346,22.658133,0,98
24610,22:11:16,114.164253,22.6572,0,99
24610,22:11:17,114.164253,22.6572,0,99
24610,22:11:18,114.164253,22.6572,0,99
24610,22:11:19,114.164253,22.6572,0,99
24610,22:12:24,114.180733,22.660217,0,95
24610,22:12:25,114.180733,22.660217,0,95
24610,22:12:26,114.180733,22.660217,0,95
24610,22:12:27,114.180733,22.660217,0,95
24610,22:13:04,114.187698,22.666767,0,97
24610,22:13:05,114.187698,22.666767,0,97
24610,22:13:06,114.187698,22.666767,0,97
24610,22:13:07,114.187698,22.666767,0,97
24610,22:13:44,114.193581,22.673668,0,81
24610,22:13:45,114.193581,22.673668,0,81
24610,22:13:46,114.193581,22.673668,0,81
24610,22:13:47,114.193581,22.673668,0,81
24610,22:14:24,114.201935,22.677366,0,83
24610,22:14:25,114.201935,22.677366,0,83
24610,22:14:26,114.201935,22.677366,0,83
24610,22:14:27,114.201935,22.677366,0,83
24610,22:15:04,114.205521,22.681032,0,1
24610,22:15:05,114.205521,22.681032,0,1
24610,22:15:06,114.205521,22.681032,0,1
24610,22:15:07,114.205521,22.681032,0,1
24610,22:15:12,114.205521,22.681084,0,9
24610,22:16:24,114.205467,22.682051,0,3
24610,22:17:04,114.203217,22.686832,0,73
24610,22:17:44,114.199654,22.693434,0,76
24610,22:18:24,114.197769,22.700649,0,73
24610,22:19:04,114.198967,22.708384,0,78
24610,22:19:44,114.203033,22.715033,0,78
24610,22:20:24,114.206032,22.720716,0,78
24610,22:21:04,114.207283,22.727983,0,76
24610,22:21:44,114.211967,22.733601,0,78
24610,22:22:24,114.219849,22.73535,0,68
24610,22:23:04,114.2257,22.739634,0,78
24610,22:23:44,114.232063,22.7407,0,42
24610,22:24:24,114.239647,22.740784,0,79
24610,22:25:04,114.247383,22.7414,0,79
24610,22:25:12,114.248535,22.74235,0,73
24610,22:26:32,114.260582,22.750401,0,78
24610,22:27:04,114.264786,22.753317,0,39
24610,22:27:14,114.265579,22.752951,0,42
24610,22:27:44,114.266113,22.750433,0,9
24610,22:27:54,114.266113,22.750418,0,0
24610,22:28:24,114.266113,22.750334,0,0
24610,22:28:34,114.266113,22.750334,0,0
24610,22:29:46,114.266029,22.750067,0,0
24610,22:30:26,114.26593,22.750032,0,0
24610,22:31:04,114.265953,22.749968,0,1
24610,22:31:44,114.262833,22.749033,0,48
24610,22:32:26,114.260071,22.748333,0,0
24610,22:32:34,114.260071,22.748318,0,0
24610,22:33:46,114.258118,22.744984,0,19
24610,22:35:06,114.258102,22.744867,0,3
24610,22:35:14,114.258301,22.744833,0,0
24610,22:35:46,114.258301,22.744833,0,0
24610,22:35:54,114.258301,22.744833,0,0
24610,22:37:06,114.257782,22.7425,0,41
24610,22:37:14,114.257347,22.7416,0,54
24610,22:37:46,114.256485,22.738501,0,47
24610,22:38:26,114.255051,22.736366,0,39
24610,22:39:06,114.251068,22.7355,0,31
24610,22:39:14,114.250633,22.735367,0,22
24610,22:39:46,114.248016,22.734367,0,32
24610,22:39:54,114.247704,22.734417,0,0
24610,22:40:26,114.247681,22.734467,0,0
24610,22:41:06,114.247398,22.7344,0,30
24610,22:41:14,114.246567,22.734133,0,49
24610,22:41:46,114.245735,22.733883,0,0
24610,22:42:26,114.244698,22.733482,1,37
24610,22:42:34,114.24382,22.733217,1,50
24610,22:43:06,114.2425,22.732817,1,6
24610,22:43:14,114.242035,22.732651,1,37
24610,22:43:46,114.238968,22.732018,1,18
24610,22:44:26,114.244232,22.733232,1,62
24610,22:45:06,114.247215,22.734167,1,0
24610,22:45:14,114.2472,22.734167,1,0
24610,22:45:46,114.2472,22.734182,1,0
24610,22:45:54,114.247185,22.734182,1,0
24610,22:46:34,114.249634,22.734983,1,34
24610,22:47:46,114.255852,22.736116,1,32
24610,22:48:26,114.256866,22.732033,1,54
24610,22:49:06,114.257881,22.730467,1,37
24610,22:49:46,114.260246,22.727266,1,64
24610,22:50:26,114.261414,22.725651,1,0
24610,22:51:06,114.261398,22.725651,1,0
24610,22:51:46,114.261436,22.725582,1,18
24610,22:52:26,114.262917,22.722267,1,23
24610,22:53:06,114.260468,22.72085,1,14
24610,22:53:46,114.260864,22.720118,1,0
24610,22:54:26,114.26075,22.720917,0,13
24610,22:55:06,114.262848,22.721968,0,0
24610,22:55:46,114.262848,22.721933,0,0
24610,22:56:26,114.263451,22.7237,0,19
24610,22:57:06,114.262497,22.724716,0,1
24610,22:57:46,114.26207,22.725067,0,1
24610,22:58:26,114.259964,22.727867,0,56
24610,22:59:06,114.258919,22.729267,0,0
24610,22:59:46,114.257149,22.731649,0,44
24610,23:00:26,114.256386,22.735617,0,16
24610,23:01:06,114.255417,22.736334,0,43
24610,23:01:46,114.250885,22.7355,0,35
24610,23:01:54,114.250687,22.735434,0,0
24610,23:03:06,114.247818,22.734568,0,0
24610,23:03:14,114.247833,22.734568,0,0
24610,23:03:46,114.246246,22.734034,0,64
24610,23:03:56,114.244614,22.733566,0,59
24610,23:04:26,114.242516,22.732849,0,0
24610,23:04:34,114.242531,22.732849,0,1
24610,23:05:06,114.239967,22.73225,0,50
24610,23:05:46,114.238083,22.732233,0,53
24610,23:06:26,114.233635,22.7321,0,0
24610,23:07:06,114.231934,22.732033,0,44
24610,23:07:46,114.228432,22.731968,0,0
24610,23:07:54,114.228317,22.731983,0,14
24610,23:08:26,114.224968,22.731882,0,46
24610,23:09:06,114.221451,22.731667,0,40
24610,23:09:46,114.220467,22.73155,0,0
24610,23:10:26,114.220482,22.731583,0,0
24610,23:11:06,114.219482,22.731367,0,22
24610,23:11:46,114.216965,22.730883,0,37
24610,23:12:26,114.213364,22.730301,0,1
24610,23:13:06,114.21032,22.728783,0,33
24610,23:13:46,114.209984,22.728582,0,0
24610,23:14:26,114.209984,22.728567,0,0
24610,23:15:06,114.203979,22.72555,0,92
24610,23:15:14,114.202148,22.725483,0,82
24610,23:15:46,114.1978,22.725384,0,47
24610,23:15:54,114.196602,22.725433,0,69
24610,23:16:26,114.191353,22.725933,0,65
24610,23:17:06,114.18692,22.724167,0,24
24610,23:17:46,114.18293,22.723,0,29
24610,23:18:26,114.182335,22.7229,0,1
24610,23:19:06,114.178413,22.72105,0,48
24610,23:19:46,114.173416,22.719566,0,46
24610,23:20:26,114.168503,22.718767,0,53
24610,23:21:06,114.164398,22.718399,0,36
24610,23:21:46,114.161385,22.717567,0,24
24610,23:22:26,114.160347,22.717167,0,0
24610,23:23:06,114.1595,22.7169,0,31
24610,23:23:46,114.158264,22.716566,0,1
24610,23:24:26,114.158218,22.716633,0,0
24610,23:25:06,114.15818,22.7167,0,0
24610,23:25:46,114.15815,22.716717,0,0
24610,23:26:26,114.158218,22.71665,0,0
24610,23:27:06,114.158249,22.7166,0,0
24610,23:27:46,114.158218,22.71665,0,0
24610,23:28:26,114.158119,22.716766,0,0
24610,23:29:06,114.158096,22.716833,0,0
24610,23:29:46,114.15802,22.716984,0,1
24610,23:30:26,114.15802,22.716999,0,0
24610,23:31:06,114.157967,22.717083,0,0
24610,23:31:46,114.158119,22.716784,0,0
24610,23:32:26,114.158119,22.716766,0,0
24610,23:33:06,114.158035,22.716949,0,1
24610,23:33:46,114.158035,22.716967,0,0
24610,23:34:26,114.157997,22.716967,0,0
24610,23:35:06,114.157936,22.71715,0,0
24610,23:35:46,114.157883,22.717266,0,1
24610,23:36:26,114.157913,22.717182,0,0
24610,23:37:06,114.157829,22.717318,0,1
24610,23:37:46,114.157784,22.717434,0,0
24610,23:38:26,114.157982,22.717051,0,0
24610,23:39:06,114.158066,22.716818,0,0
24610,23:39:46,114.158134,22.716766,0,1
24610,23:40:26,114.158249,22.7166,0,0
24610,23:41:06,114.15818,22.71665,0,0
24610,23:41:46,114.158249,22.716566,0,0
24610,23:42:26,114.158249,22.716551,0,0
24610,23:43:06,114.158234,22.716551,0,0
24610,23:43:46,114.158203,22.7166,0,0
24610,23:44:26,114.158096,22.716734,0,0
24610,23:45:06,114.158096,22.716734,0,0
24610,23:45:46,114.158134,22.716682,0,0
24610,23:46:26,114.158134,22.7167,0,1
24610,23:47:06,114.153816,22.715433,0,65
24610,23:47:46,114.146469,22.71505,0,72
24610,23:47:54,114.145081,22.715282,0,62
24610,23:48:26,114.140282,22.716667,0,78
24610,23:49:06,114.137398,22.716351,0,0
24610,23:49:07,114.137398,22.716351,0,0
24610,23:49:08,114.137398,22.716351,0,0
24610,23:49:09,114.137398,22.716351,0,0
24610,23:49:46,114.134636,22.713533,0,44
24610,23:49:47,114.134636,22.713533,0,44
24610,23:49:48,114.134636,22.713533,0,44
24610,23:49:49,114.134636,22.713533,0,44
24610,23:50:26,114.132935,22.711884,0,56
24610,23:50:27,114.132935,22.711884,0,56
24610,23:50:28,114.132935,22.711884,0,56
24610,23:50:29,114.132935,22.711884,0,56
24610,23:51:06,114.129066,22.707718,0,45
24610,23:51:07,114.129066,22.707718,0,45
24610,23:51:08,114.129066,22.707718,0,45
24610,23:51:09,114.129066,22.707718,0,45
24610,23:51:46,114.127686,22.706333,0,11
24610,23:51:47,114.127686,22.706333,0,11
24610,23:51:48,114.127686,22.706333,0,11
24610,23:51:49,114.127686,22.706333,0,11
24610,23:52:26,114.124535,22.702566,0,66
24610,23:52:27,114.124535,22.702566,0,66
24610,23:52:28,114.124535,22.702566,0,66
24610,23:52:29,114.124535,22.702566,0,66
24610,23:53:06,114.1213,22.698851,0,0
24610,23:53:07,114.1213,22.698851,0,0
24610,23:53:08,114.1213,22.698851,0,0
24610,23:53:09,114.1213,22.698851,0,0
24610,23:53:46,114.121315,22.698883,0,0
24610,23:53:47,114.121315,22.698883,0,0
24610,23:53:48,114.121315,22.698883,0,0
24610,23:53:49,114.121315,22.698883,0,0
