30372,00:00:55,114.065102,22.5231,0,19
30372,00:01:25,114.0681,22.5221,0,6
30372,00:01:55,114.066597,22.522499,0,20
30372,00:02:25,114.065498,22.524099,0,19
30372,00:02:55,114.068398,22.5236,0,15
30372,00:03:23,114.068604,22.524099,0,0
30372,00:03:53,114.068298,22.524,0,4
30372,00:04:23,114.067802,22.523899,0,0
30372,00:04:53,114.067802,22.523899,0,0
30372,00:06:23,114.068199,22.534401,0,46
30372,00:06:53,114.068398,22.540899,0,42
30372,00:07:23,114.068001,22.5462,0,40
30372,00:08:53,114.067902,22.550301,0,19
30372,00:09:23,114.067902,22.554001,0,39
30372,00:09:53,114.067802,22.5578,0,0
30372,00:10:23,114.067703,22.5613,0,38
30372,00:10:53,114.067703,22.5676,0,39
30372,00:13:23,114.0541,22.5826,0,39
30372,00:14:23,114.047997,22.5931,0,45
30372,00:14:53,114.046303,22.598101,0,23
30372,00:15:53,114.045197,22.6036,0,27
30372,00:16:53,114.053802,22.607401,0,25
30372,00:17:23,114.054001,22.6078,0,0
30372,00:17:53,114.054001,22.6078,0,0
30372,00:18:53,114.055901,22.615101,0,19
30372,00:19:23,114.055801,22.6189,0,18
30372,00:19:53,114.055801,22.6208,0,35
30372,00:20:53,114.055702,22.6248,0,0
30372,00:21:23,114.055702,22.6262,0,30
30372,00:21:53,114.055702,22.629299,0,10
30372,00:22:23,114.055603,22.632999,0,19
30372,00:23:23,114.055496,22.634899,0,22
30372,00:25:14,114.056702,22.6367,0,15
30372,00:26:44,114.055702,22.6336,0,0
30372,00:27:14,114.055603,22.6308,0,27
30372,00:27:44,114.055496,22.6301,0,0
30372,00:28:14,114.055496,22.6301,0,0
30372,00:28:44,114.055496,22.6294,0,20
30372,00:29:14,114.055603,22.625401,0,10
30372,00:29:44,114.055603,22.625299,0,0
30372,00:30:14,114.055603,22.6248,0,21
30372,00:30:44,114.055702,22.620501,0,34
30372,00:34:15,114.0467,22.6042,0,17
30372,00:34:45,114.043503,22.6047,0,27
30372,00:35:45,114.043701,22.5975,0,32
30372,00:36:15,114.046799,22.5947,0,24
30372,00:36:45,114.046097,22.592899,0,7
30372,00:37:15,114.043404,22.5926,0,25
30372,00:37:45,114.039001,22.593399,0,35
30372,00:38:15,114.0327,22.594801,0,45
30372,00:38:45,114.025902,22.5947,0,43
30372,00:39:15,114.019501,22.592699,0,45
30372,00:40:15,114.010101,22.5926,0,34
30372,00:40:36,114.009697,22.5888,0,0
30372,00:41:45,114.009697,22.5888,0,0
30372,00:42:11,114.009697,22.5888,0,71
30372,00:42:16,114.0121,22.5669,0,37
30372,00:42:46,114.014603,22.5613,0,37
30372,00:43:15,114.019897,22.559999,0,40
30372,00:43:45,114.025002,22.5604,0,11
30372,00:44:15,114.025101,22.560101,0,0
30372,00:45:16,114.025101,22.560101,0,0
30372,00:45:46,114.025101,22.560101,0,0
30372,00:47:16,114.025101,22.560101,0,0
30372,00:48:16,114.025101,22.560101,0,0
30372,00:49:16,114.025101,22.560101,0,0
30372,00:49:25,114.025101,22.560101,0,0
30372,00:49:32,114.025101,22.560101,0,0
30372,00:49:46,114.025101,22.560101,0,0
30372,00:50:16,114.025101,22.560101,0,0
30372,00:52:16,114.026497,22.558701,0,24
30372,00:52:19,114.026802,22.5585,0,27
30372,00:52:49,114.029099,22.5567,0,0
30372,00:53:49,114.029099,22.5567,0,0
30372,00:54:49,114.034798,22.5546,0,21
30372,00:55:19,114.0355,22.5546,0,0
30372,00:55:49,114.0355,22.5546,0,0
30372,00:56:19,114.0355,22.5546,0,0
30372,00:56:49,114.0355,22.5546,0,0
30372,00:57:19,114.0355,22.5546,0,0
30372,00:58:19,114.0355,22.5546,0,0
30372,00:59:49,114.0355,22.5546,0,0
30372,01:00:19,114.0355,22.5546,0,0
30372,01:01:19,114.0355,22.5546,0,0
30372,01:03:19,114.039803,22.5562,0,18
30372,01:03:49,114.040001,22.556299,0,0
30372,01:04:19,114.040497,22.5564,0,7
30372,01:05:19,114.038498,22.559299,0,0
30372,01:05:49,114.037903,22.560499,0,15
30372,01:07:10,114.038399,22.5616,0,0
30372,01:07:40,114.038399,22.5616,0,0
30372,01:09:10,114.038399,22.5616,0,0
30372,01:10:40,114.038399,22.5616,0,0
30372,01:11:10,114.038399,22.5616,0,0
30372,01:11:40,114.038399,22.5616,0,0
30372,01:12:10,114.038399,22.5616,0,0
30372,01:13:40,114.038399,22.5616,0,0
30372,01:14:10,114.038399,22.5616,0,0
30372,01:14:40,114.038399,22.5616,0,0
30372,01:15:10,114.038399,22.5616,0,0
30372,01:16:40,114.038399,22.5616,0,0
30372,01:17:10,114.038399,22.5616,0,0
30372,01:17:40,114.038399,22.5616,0,0
30372,01:18:40,114.038399,22.5616,0,0
30372,01:19:10,114.038399,22.5616,0,0
30372,01:22:10,114.038399,22.5616,0,0
30372,01:22:40,114.038399,22.5616,0,0
30372,01:23:10,114.038399,22.5616,0,0
30372,01:24:10,114.038399,22.5616,0,0
30372,01:24:40,114.038399,22.5616,0,0
30372,01:25:10,114.038399,22.5616,0,0
30372,01:25:40,114.038399,22.5616,0,0
30372,01:26:40,114.038399,22.5616,0,0
30372,01:27:10,114.038399,22.5616,0,0
30372,01:28:40,114.038399,22.5616,0,0
30372,01:29:10,114.038399,22.5616,0,0
30372,01:29:40,114.038399,22.5616,0,0
30372,01:30:10,114.038399,22.5616,0,0
30372,01:30:40,114.038399,22.5616,0,0
30372,01:31:10,114.038399,22.5616,0,0
30372,01:32:10,114.038399,22.5616,0,0
30372,01:33:10,114.038399,22.5616,0,0
30372,01:34:10,114.038399,22.5616,0,0
30372,01:34:40,114.038399,22.5616,0,0
30372,01:35:10,114.038399,22.5616,0,0
30372,01:35:40,114.038399,22.5616,0,0
30372,01:36:10,114.038399,22.5616,0,0
30372,01:36:40,114.038399,22.5616,0,0
30372,01:37:10,114.038399,22.5616,0,0
30372,01:37:40,114.038399,22.5616,0,0
30372,01:38:10,114.038399,22.5616,0,0
30372,01:38:40,114.038399,22.5616,0,0
30372,01:39:10,114.038399,22.5616,0,0
30372,01:39:40,114.038399,22.5616,0,0
30372,01:40:10,114.038399,22.5616,0,0
30372,01:41:10,114.038399,22.5616,0,0
30372,01:42:10,114.038399,22.5616,0,0
30372,01:42:40,114.038399,22.5616,0,0
30372,01:43:10,114.038399,22.5616,0,0
30372,01:43:40,114.038399,22.5616,0,0
30372,01:44:10,114.038399,22.5616,0,0
30372,01:44:40,114.038399,22.5616,0,0
30372,01:45:10,114.038399,22.5616,0,0
30372,01:45:40,114.038399,22.5616,0,0
30372,01:46:10,114.038399,22.5616,0,0
30372,01:46:40,114.038399,22.5616,0,0
30372,01:47:10,114.038399,22.5616,0,0
30372,01:47:40,114.038399,22.5616,0,0
30372,01:48:10,114.038399,22.5616,0,0
30372,01:48:40,114.038399,22.5616,0,0
30372,01:49:10,114.038399,22.5616,0,0
30372,01:50:10,114.038399,22.5616,0,0
30372,01:50:40,114.038399,22.5616,0,0
30372,01:51:40,114.038399,22.5616,0,0
30372,01:52:10,114.038399,22.5616,0,0
30372,01:52:40,114.038399,22.5616,0,0
30372,01:53:10,114.038399,22.5616,0,0
30372,01:53:40,114.038399,22.5616,0,0
30372,01:54:10,114.038399,22.5616,0,0
30372,01:54:40,114.038399,22.5616,0,0
30372,01:55:10,114.038399,22.5616,0,0
30372,01:55:40,114.038399,22.5616,0,0
30372,01:56:40,114.038399,22.5616,0,0
30372,01:57:10,114.038399,22.5616,0,0
30372,01:57:40,114.038399,22.5616,0,0
30372,01:58:40,114.038399,22.5616,0,0
30372,01:59:10,114.038399,22.5616,0,0
30372,01:59:40,114.038399,22.5616,0,0
30372,02:00:10,114.038399,22.5616,0,0
30372,02:01:10,114.038399,22.5616,0,0
30372,02:03:10,114.038399,22.5616,0,0
30372,02:03:40,114.038399,22.5616,0,0
30372,02:04:10,114.038399,22.5616,0,0
30372,02:04:40,114.038399,22.5616,0,0
30372,02:05:40,114.038399,22.5616,0,0
30372,02:06:40,114.038399,22.5616,0,0
30372,02:07:10,114.038399,22.5616,0,0
30372,02:07:40,114.038399,22.5616,0,0
30372,02:08:40,114.038399,22.5616,0,0
30372,02:09:10,114.038399,22.5616,0,0
30372,02:09:40,114.038399,22.5616,0,0
30372,02:10:10,114.038399,22.5616,0,0
30372,02:10:40,114.038399,22.5616,0,0
30372,02:11:10,114.038399,22.5616,0,0
30372,02:11:40,114.038399,22.5616,0,0
30372,02:12:10,114.038399,22.5616,0,0
30372,02:12:40,114.038399,22.5616,0,0
30372,02:13:40,114.038399,22.5616,0,0
30372,02:14:40,114.038399,22.5616,0,0
30372,02:15:10,114.038399,22.5616,0,0
30372,02:16:40,114.038399,22.5616,0,0
30372,02:17:10,114.038399,22.5616,0,0
30372,02:17:40,114.038399,22.5616,0,0
30372,02:18:10,114.038399,22.5616,0,0
30372,02:18:40,114.038399,22.5616,0,0
30372,02:19:10,114.038399,22.5616,0,0
30372,02:19:40,114.038399,22.5616,0,0
30372,02:20:10,114.038399,22.5616,0,0
30372,02:20:40,114.038399,22.5616,0,0
30372,02:21:40,114.038399,22.5616,0,0
30372,02:22:40,114.038399,22.5616,0,0
30372,02:23:10,114.038399,22.5616,0,0
30372,02:23:40,114.038399,22.5616,0,0
30372,02:24:10,114.038399,22.5616,0,0
30372,02:24:40,114.038399,22.5616,0,0
30372,02:25:10,114.038399,22.5616,0,0
30372,02:26:10,114.038399,22.5616,0,0
30372,02:27:10,114.038399,22.5616,0,0
30372,02:29:40,114.038399,22.5616,0,0
30372,02:30:10,114.038399,22.5616,0,0
30372,02:30:40,114.038399,22.5616,0,0
30372,02:32:10,114.038399,22.5616,0,0
30372,02:33:10,114.038399,22.5616,0,0
30372,02:33:40,114.038399,22.5616,0,0
30372,02:34:40,114.038399,22.5616,0,0
30372,02:35:40,114.038399,22.5616,0,0
30372,02:37:40,114.038399,22.5616,0,0
30372,02:38:10,114.038399,22.5616,0,0
30372,02:39:40,114.038399,22.5616,0,0
30372,02:40:10,114.038399,22.5616,0,0
30372,02:40:40,114.038399,22.5616,0,0
30372,02:41:10,114.038399,22.5616,0,0
30372,02:44:10,114.038399,22.5616,0,0
30372,02:44:40,114.038399,22.5616,0,0
30372,02:45:10,114.038399,22.5616,0,0
30372,02:45:40,114.038399,22.5616,0,0
30372,02:46:10,114.038399,22.5616,0,0
30372,02:46:40,114.038399,22.5616,0,0
30372,02:47:40,114.038399,22.5616,0,0
30372,02:49:10,114.038399,22.5616,0,0
30372,02:49:40,114.038399,22.5616,0,0
30372,02:50:10,114.038399,22.5616,0,0
30372,02:50:40,114.038399,22.5616,0,0
30372,02:51:10,114.038399,22.5616,0,0
30372,02:51:40,114.038399,22.5616,0,0
30372,02:52:10,114.038399,22.5616,0,0
30372,02:53:10,114.038399,22.5616,0,0
30372,02:53:40,114.038399,22.5616,0,0
30372,02:54:40,114.038399,22.5616,0,0
30372,02:55:10,114.038399,22.5616,0,0
30372,02:55:40,114.038399,22.5616,0,0
30372,02:56:10,114.038399,22.5616,0,0
30372,02:56:40,114.038399,22.5616,0,0
30372,02:57:40,114.038399,22.5616,0,0
30372,02:58:40,114.038399,22.5616,0,0
30372,03:00:10,114.038399,22.5616,0,0
30372,03:00:40,114.038399,22.5616,0,0
30372,03:01:40,114.038399,22.5616,0,0
30372,03:02:10,114.038399,22.5616,0,0
30372,03:02:40,114.038399,22.5616,0,0
30372,03:03:10,114.038399,22.5616,0,0
30372,03:03:40,114.038399,22.5616,0,0
30372,03:04:10,114.038399,22.5616,0,0
30372,03:05:10,114.038399,22.5616,0,0
30372,03:06:10,114.038399,22.5616,0,0
30372,03:07:40,114.038399,22.5616,0,0
30372,03:08:10,114.038399,22.5616,0,0
30372,03:09:10,114.038399,22.5616,0,0
30372,03:09:40,114.038399,22.5616,0,0
30372,03:10:10,114.038399,22.5616,0,0
30372,03:11:10,114.038399,22.5616,0,0
30372,03:12:10,114.038399,22.5616,0,0
30372,03:13:10,114.038399,22.5616,0,0
30372,03:14:10,114.038399,22.5616,0,0
30372,03:15:10,114.038399,22.5616,0,0
30372,03:15:40,114.038399,22.5616,0,0
30372,03:16:10,114.038399,22.5616,0,0
30372,03:17:40,114.038399,22.5616,0,0
30372,03:18:10,114.038399,22.5616,0,0
30372,03:19:10,114.038399,22.5616,0,0
30372,03:20:10,114.038399,22.5616,0,0
30372,03:20:40,114.038399,22.5616,0,0
30372,03:21:10,114.038399,22.5616,0,0
30372,03:21:40,114.038399,22.5616,0,0
30372,03:22:10,114.038399,22.5616,0,0
30372,03:22:40,114.038399,22.5616,0,0
30372,03:23:10,114.038399,22.5616,0,0
30372,03:24:10,114.038399,22.5616,0,0
30372,03:25:10,114.038399,22.5616,0,0
30372,03:26:10,114.038399,22.5616,0,0
30372,03:26:40,114.038399,22.5616,0,0
30372,03:27:10,114.038399,22.5616,0,0
30372,03:27:40,114.038399,22.5616,0,0
30372,03:28:40,114.038399,22.5616,0,0
30372,03:29:10,114.038399,22.5616,0,0
30372,03:29:40,114.038399,22.5616,0,0
30372,03:30:10,114.038399,22.5616,0,0
30372,03:30:40,114.038399,22.5616,0,0
30372,03:31:10,114.038399,22.5616,0,0
30372,03:31:40,114.038399,22.5616,0,0
30372,03:32:40,114.038399,22.5616,0,0
30372,03:33:11,114.038399,22.5616,0,0
30372,03:33:41,114.038399,22.5616,0,0
30372,03:34:11,114.038399,22.5616,0,0
30372,03:35:11,114.038399,22.5616,0,0
30372,03:35:41,114.038399,22.5616,0,0
30372,03:36:11,114.038399,22.5616,0,0
30372,03:36:41,114.038399,22.5616,0,0
30372,03:37:11,114.038399,22.5616,0,0
30372,03:37:41,114.038399,22.5616,0,0
30372,03:38:41,114.038399,22.5616,0,0
30372,03:39:11,114.038399,22.5616,0,0
30372,03:40:11,114.038399,22.5616,0,0
30372,03:40:41,114.038399,22.5616,0,0
30372,03:41:11,114.038399,22.5616,0,0
30372,03:42:11,114.038399,22.5616,0,0
30372,03:43:11,114.038399,22.5616,0,0
30372,03:44:11,114.038399,22.5616,0,0
30372,03:44:41,114.038399,22.5616,0,0
30372,03:45:11,114.038399,22.5616,0,0
30372,03:45:41,114.038399,22.5616,0,0
30372,03:46:11,114.038399,22.5616,0,0
30372,03:46:41,114.038399,22.5616,0,0
30372,03:48:11,114.038399,22.5616,0,0
30372,03:49:11,114.038399,22.5616,0,0
30372,03:50:11,114.038399,22.5616,0,0
30372,03:50:41,114.038399,22.5616,0,0
30372,03:51:11,114.038399,22.5616,0,0
30372,03:51:41,114.038399,22.5616,0,0
30372,03:52:11,114.038399,22.5616,0,0
30372,03:52:41,114.038399,22.5616,0,0
30372,03:53:11,114.038399,22.5616,0,0
30372,03:53:41,114.038399,22.5616,0,0
30372,03:54:11,114.038399,22.5616,0,0
30372,03:54:41,114.038399,22.5616,0,0
30372,03:55:11,114.038399,22.5616,0,0
30372,03:55:41,114.038399,22.5616,0,0
30372,03:56:11,114.038399,22.5616,0,0
30372,03:56:41,114.038399,22.5616,0,0
30372,03:57:11,114.038399,22.5616,0,0
30372,03:58:41,114.038399,22.5616,0,0
30372,03:59:41,114.038399,22.5616,0,0
30372,04:00:11,114.038399,22.5616,0,0
30372,04:00:41,114.038399,22.5616,0,0
30372,04:01:11,114.038399,22.5616,0,0
30372,04:01:41,114.038399,22.5616,0,0
30372,04:02:11,114.038399,22.5616,0,0
30372,04:03:11,114.038399,22.5616,0,0
30372,04:03:41,114.038399,22.5616,0,0
30372,04:04:41,114.038399,22.5616,0,0
30372,04:05:11,114.038399,22.5616,0,0
30372,04:05:41,114.038399,22.5616,0,0
30372,04:06:11,114.038399,22.5616,0,0
30372,04:07:41,114.038399,22.5616,0,0
30372,04:09:11,114.038399,22.5616,0,0
30372,04:09:41,114.038399,22.5616,0,0
30372,04:10:11,114.038399,22.5616,0,0
30372,04:10:41,114.038399,22.5616,0,0
30372,04:11:11,114.038399,22.5616,0,0
30372,04:13:41,114.038399,22.5616,0,0
30372,04:14:11,114.038399,22.5616,0,0
30372,04:14:41,114.038399,22.5616,0,0
30372,04:15:11,114.038399,22.5616,0,0
30372,04:15:41,114.038399,22.5616,0,0
30372,04:16:11,114.038399,22.5616,0,0
30372,04:16:41,114.038399,22.5616,0,0
30372,04:17:11,114.038399,22.5616,0,0
30372,04:17:41,114.038399,22.5616,0,0
30372,04:18:11,114.038399,22.5616,0,0
30372,04:19:41,114.038399,22.5616,0,0
30372,04:20:11,114.038399,22.5616,0,0
30372,04:21:41,114.038399,22.5616,0,0
30372,04:22:11,114.038399,22.5616,0,0
30372,04:22:41,114.038399,22.5616,0,0
30372,04:23:11,114.038399,22.5616,0,0
30372,04:23:41,114.038399,22.5616,0,0
30372,04:24:11,114.038399,22.5616,0,0
30372,04:25:41,114.038399,22.5616,0,0
30372,04:26:11,114.038399,22.5616,0,0
30372,04:26:41,114.038399,22.5616,0,0
30372,04:27:41,114.038399,22.5616,0,0
30372,04:28:11,114.038399,22.5616,0,0
30372,04:28:41,114.038399,22.5616,0,0
30372,04:30:11,114.038399,22.5616,0,0
30372,04:30:41,114.038399,22.5616,0,0
30372,04:31:12,114.038399,22.5616,0,0
30372,04:31:42,114.038399,22.5616,0,0
30372,04:32:12,114.038399,22.5616,0,0
30372,04:32:42,114.038399,22.5616,0,0
30372,04:35:42,114.038399,22.5616,0,0
30372,04:37:12,114.038399,22.5616,0,0
30372,04:38:42,114.038399,22.5616,0,0
30372,04:39:12,114.038399,22.5616,0,0
30372,04:40:12,114.038399,22.5616,0,0
30372,04:40:42,114.038399,22.5616,0,0
30372,04:41:12,114.038399,22.5616,0,0
30372,04:41:42,114.038399,22.5616,0,0
30372,04:42:12,114.038399,22.5616,0,0
30372,04:42:42,114.038399,22.5616,0,0
30372,04:43:12,114.038399,22.5616,0,0
30372,04:43:42,114.038399,22.5616,0,0
30372,04:44:12,114.038399,22.5616,0,0
30372,04:45:12,114.038399,22.5616,0,0
30372,04:48:12,114.038399,22.5616,0,0
30372,04:48:42,114.038399,22.5616,0,0
30372,04:49:12,114.038399,22.5616,0,0
30372,04:50:12,114.038399,22.5616,0,0
30372,04:50:42,114.038399,22.5616,0,0
30372,04:51:12,114.038399,22.5616,0,0
30372,04:52:12,114.038399,22.5616,0,0
30372,04:52:42,114.038399,22.5616,0,0
30372,04:53:12,114.038399,22.5616,0,0
30372,04:53:42,114.038399,22.5616,0,0
30372,04:54:12,114.038399,22.5616,0,0
30372,04:54:42,114.038399,22.5616,0,0
30372,04:55:42,114.038399,22.5616,0,0
30372,04:56:12,114.038399,22.5616,0,0
30372,04:57:12,114.038399,22.5616,0,0
30372,04:57:42,114.038399,22.5616,0,0
30372,04:58:12,114.038399,22.5616,0,0
30372,04:58:42,114.038399,22.5616,0,0
30372,04:59:12,114.038399,22.5616,0,0
30372,04:59:42,114.038399,22.5616,0,0
30372,05:01:42,114.038399,22.5616,0,0
30372,05:03:12,114.038399,22.5616,0,0
30372,05:04:12,114.038399,22.5616,0,0
30372,05:05:42,114.038399,22.5616,0,0
30372,05:06:12,114.038399,22.5616,0,0
30372,05:07:12,114.038399,22.5616,0,0
30372,05:08:42,114.038399,22.5616,0,0
30372,05:09:12,114.038399,22.5616,0,0
30372,05:10:42,114.038399,22.5616,0,0
30372,05:11:12,114.038399,22.5616,0,0
30372,05:11:42,114.038399,22.5616,0,0
30372,05:12:12,114.038399,22.5616,0,0
30372,05:12:42,114.038399,22.5616,0,0
30372,05:13:42,114.038399,22.5616,0,0
30372,05:14:42,114.038399,22.5616,0,0
30372,05:15:12,114.038399,22.5616,0,0
30372,05:15:42,114.038399,22.5616,0,0
30372,05:16:12,114.038399,22.5616,0,0
30372,05:16:42,114.038399,22.5616,0,0
30372,05:17:12,114.038399,22.5616,0,0
30372,05:17:42,114.038399,22.5616,0,0
30372,05:18:42,114.038399,22.5616,0,0
30372,05:19:12,114.038399,22.5616,0,0
30372,05:19:42,114.038399,22.5616,0,0
30372,05:20:12,114.038399,22.5616,0,0
30372,05:20:42,114.038399,22.5616,0,0
30372,05:21:42,114.038399,22.5616,0,0
30372,05:22:42,114.0383,22.5616,0,10
30372,05:23:12,114.0383,22.5613,0,0
30372,05:24:42,114.043297,22.557501,0,29
30372,05:25:12,114.044098,22.5529,0,40
30372,05:25:42,114.044098,22.551001,0,0
30372,05:26:12,114.044098,22.551001,0,0
30372,05:27:12,114.044296,22.542999,0,37
30372,05:27:42,114.044403,22.537701,0,38
30372,05:28:12,114.044502,22.5326,0,35
30372,05:28:42,114.044899,22.527901,0,32
30372,05:29:12,114.044502,22.5261,0,0
30372,05:30:42,114.043198,22.5224,0,0
30372,05:31:12,114.044502,22.5219,0,9
30372,05:32:42,114.046501,22.5203,0,0
30372,05:33:42,114.046303,22.52,0,0
30372,05:34:12,114.046303,22.52,0,0
30372,05:34:42,114.046303,22.52,0,0
30372,05:35:12,114.046303,22.52,0,0
30372,05:35:42,114.046303,22.52,0,0
30372,05:37:12,114.046303,22.52,0,0
30372,05:38:12,114.046303,22.52,0,0
30372,05:39:12,114.046303,22.52,0,0
30372,05:39:42,114.046303,22.52,0,0
30372,05:40:12,114.046303,22.52,0,0
30372,05:40:42,114.046303,22.52,0,0
30372,05:41:42,114.046303,22.52,0,0
30372,05:42:12,114.046303,22.52,0,0
30372,05:43:12,114.046303,22.52,0,0
30372,05:43:42,114.046303,22.52,0,0
30372,05:45:42,114.046303,22.52,0,0
30372,05:46:12,114.046303,22.52,0,0
30372,05:46:42,114.046303,22.52,0,0
30372,05:47:42,114.046303,22.52,0,0
30372,05:48:12,114.046303,22.52,0,0
30372,05:48:42,114.046303,22.52,0,0
30372,05:49:12,114.046303,22.52,0,0
30372,05:49:42,114.046303,22.52,0,2
30372,05:50:42,114.0439,22.5201,0,23
30372,05:51:12,114.042099,22.521,0,0
30372,05:51:42,114.041702,22.521,0,15
30372,05:52:12,114.039902,22.518101,0,26
30372,05:52:42,114.038597,22.5182,0,7
30372,05:53:13,114.037003,22.519199,0,12
30372,05:54:43,114.032799,22.5187,0,21
30372,05:55:13,114.030602,22.5201,0,12
30372,05:55:43,114.030296,22.5203,0,12
30372,05:56:13,114.029999,22.522301,0,19
30372,05:56:43,114.030998,22.5236,0,0
30372,05:58:43,114.036499,22.5229,0,12
30372,05:59:43,114.040604,22.521601,0,20
30372,06:00:13,114.040703,22.519699,0,19
30372,06:00:43,114.039597,22.5179,0,9
30372,06:01:13,114.038902,22.518101,0,2
30372,06:01:43,114.038902,22.517799,0,0
30372,06:02:23,114.038597,22.516199,0,13
30372,06:03:23,114.032997,22.5186,0,30
30372,06:03:53,114.029701,22.520599,0,23
30372,06:04:23,114.030602,22.523199,0,26
30372,06:06:23,114.025398,22.531099,0,28
30372,06:06:53,114.021599,22.5322,0,28
30372,06:07:53,114.015297,22.5327,0,28
30372,06:08:23,114.013901,22.5354,0,27
30372,06:09:53,114.008102,22.541401,0,33
30372,06:10:23,114.002701,22.5445,0,49
30372,06:10:53,113.994797,22.5464,0,56
30372,06:13:23,113.958199,22.562901,0,55
30372,06:13:53,113.950302,22.564301,0,52
30372,06:14:23,113.942596,22.565001,0,53
30372,06:14:53,113.934502,22.5653,0,54
30372,06:15:53,113.922203,22.569799,0,36
30372,06:16:23,113.9207,22.5741,0,36
30372,06:16:53,113.917801,22.5735,0,24
30372,06:17:53,113.908897,22.583,0,56
30372,06:18:23,113.903603,22.588699,0,53
30372,06:18:53,113.898003,22.594299,0,54
30372,06:19:23,113.8918,22.5991,0,53
30372,06:20:53,113.876404,22.615801,0,52
30372,06:22:23,113.855499,22.626301,0,41
30372,06:22:53,113.850899,22.629499,0,31
30372,06:23:23,113.850403,22.6271,0,1
30372,06:24:23,113.847397,22.6231,0,39
30372,06:24:53,113.841698,22.621401,0,37
30372,06:25:23,113.8358,22.619801,0,40
30372,06:26:23,113.824898,22.615,0,38
30372,06:26:53,113.82,22.6127,0,30
30372,06:27:23,113.816498,22.6138,0,32
30372,06:28:23,113.812103,22.621599,0,30
30372,06:28:53,113.812897,22.625601,0,30
30372,06:29:23,113.810501,22.627899,0,22
30372,06:29:53,113.809502,22.627501,0,0
30372,06:30:03,113.809502,22.627399,0,0
30372,06:30:33,113.807098,22.626301,0,23
30372,06:31:03,113.806801,22.623699,0,27
30372,06:31:33,113.809097,22.6196,0,33
30372,06:32:03,113.811302,22.615499,0,31
30372,06:33:03,113.817902,22.6101,0,29
30372,06:35:33,113.8358,22.6164,0,25
30372,06:36:03,113.837502,22.612801,0,26
30372,06:36:33,113.839401,22.6087,0,35
30372,06:37:33,113.840202,22.6073,0,0
30372,06:39:03,113.840202,22.6073,0,0
30372,06:39:33,113.841904,22.6036,0,34
30372,06:40:33,113.844101,22.599001,0,6
30372,06:42:03,113.851402,22.5896,0,39
30372,06:44:03,113.863197,22.580799,0,0
30372,06:45:04,113.866302,22.5781,0,40
30372,06:46:04,113.868599,22.5763,0,0
30372,06:46:34,113.870903,22.574699,0,22
30372,06:47:04,113.874397,22.572399,0,23
30372,06:47:34,113.874901,22.572001,0,0
30372,06:48:34,113.8787,22.568701,0,22
30372,06:49:04,113.878899,22.568199,0,0
30372,06:50:04,113.878899,22.568199,0,0
30372,06:50:34,113.879799,22.567801,0,18
30372,06:51:04,113.881897,22.5658,0,27
30372,06:53:04,113.886398,22.5616,0,0
30372,06:53:34,113.886398,22.5616,0,0
30372,06:54:34,113.888397,22.559601,0,26
30372,06:55:04,113.891403,22.5567,0,26
30372,06:55:34,113.8937,22.554501,0,15
30372,06:56:04,113.894798,22.5534,0,21
30372,06:56:34,113.897797,22.5506,0,34
30372,06:58:34,113.910004,22.541201,0,21
30372,06:59:04,113.910103,22.5399,0,0
30372,07:00:04,113.909103,22.535299,0,23
30372,07:00:34,113.905197,22.5352,0,0
30372,07:01:04,113.904999,22.5352,0,6
30372,07:01:34,113.904602,22.532499,0,18
30372,07:02:04,113.904602,22.531799,0,0
30372,07:02:34,113.904099,22.531601,0,0
30372,07:03:34,113.904099,22.531601,0,0
30372,07:04:04,113.904099,22.531601,0,0
30372,07:05:04,113.904404,22.5315,0,0
30372,07:06:04,113.904404,22.5315,0,0
30372,07:06:34,113.904404,22.5315,0,0
30372,07:07:04,113.906601,22.5313,0,14
30372,07:07:34,113.908302,22.5312,0,13
30372,07:08:04,113.909897,22.531401,0,0
30372,07:08:34,113.909897,22.531401,0,0
30372,07:09:04,113.909897,22.531401,0,0
30372,07:09:34,113.911102,22.531401,0,17
30372,07:10:04,113.912804,22.5313,0,19
30372,07:10:34,113.913803,22.532,0,23
30372,07:11:04,113.914299,22.534901,0,18
30372,07:11:34,113.916,22.5355,0,11
30372,07:12:04,113.916,22.5336,0,14
30372,07:12:34,113.915901,22.531799,0,13
30372,07:13:04,113.915901,22.5313,0,0
30372,07:13:34,113.914001,22.5312,0,14
30372,07:14:04,113.914101,22.533701,0,21
30372,07:14:34,113.915199,22.5355,0,16
30372,07:15:04,113.916298,22.5364,0,12
30372,07:15:34,113.917397,22.5373,0,8
30372,07:16:04,113.918999,22.537399,0,0
30372,07:16:09,113.918999,22.537399,0,0
30372,07:16:39,113.919899,22.535999,0,19
30372,07:18:09,113.9216,22.5354,0,28
30372,07:19:09,113.922997,22.5354,0,0
30372,07:19:39,113.926697,22.5355,0,25
30372,07:20:09,113.9272,22.538401,0,31
30372,07:20:39,113.927101,22.542801,0,30
30372,07:21:09,113.927902,22.5474,0,37
30372,07:22:09,113.930496,22.554701,0,24
30372,07:22:39,113.932701,22.555099,0,13
30372,07:23:09,113.9366,22.555401,0,37
30372,07:24:39,113.952499,22.556299,0,41
30372,07:25:09,113.958397,22.556499,0,39
30372,07:25:39,113.963799,22.5571,0,32
30372,07:26:39,113.973801,22.556499,0,16
30372,07:27:09,113.9758,22.5567,0,25
30372,07:27:39,113.980698,22.5578,0,39
30372,07:28:09,113.986198,22.558901,0,36
30372,07:28:39,113.991501,22.558001,0,34
30372,07:29:09,113.996201,22.556,0,31
30372,07:29:39,114.000801,22.555799,0,31
30372,07:31:39,114.022499,22.560301,0,34
30372,07:34:09,114.041,22.5616,0,20
30372,07:34:39,114.042603,22.559,0,9
30372,07:35:39,114.0429,22.5585,0,7
30372,07:36:09,114.043404,22.557501,0,9
30372,07:36:39,114.043602,22.5571,0,0
30372,07:37:39,114.043602,22.5571,0,0
30372,07:39:09,114.043602,22.5574,0,12
30372,07:39:39,114.043297,22.557899,0,15
30372,07:40:39,114.039101,22.565599,0,24
30372,07:41:09,114.0364,22.566099,0,14
30372,07:41:39,114.036301,22.566401,0,6
30372,07:42:39,114.036201,22.5665,0,0
30372,07:43:22,114.037598,22.565701,0,16
30372,07:44:22,114.041,22.561701,0,30
30372,07:44:52,114.042198,22.5597,0,0
30372,07:46:22,114.043503,22.557199,0,11
30372,07:46:52,114.043503,22.557199,0,0
30372,07:47:52,114.043503,22.557199,0,0
30372,07:48:22,114.0438,22.556601,0,22
30372,07:48:52,114.044197,22.552099,0,22
30372,07:49:52,114.044197,22.5485,0,31
30372,07:50:22,114.044296,22.5441,0,27
30372,07:51:22,114.043701,22.541901,0,5
30372,07:51:52,114.044502,22.542299,0,12
30372,07:52:22,114.046997,22.5424,0,25
30372,07:52:52,114.051903,22.5425,0,23
30372,07:53:22,114.056503,22.5424,0,40
30372,07:53:52,114.060097,22.5427,0,0
30372,07:54:52,114.069504,22.5429,0,34
30372,07:55:22,114.074097,22.542999,0,11
30372,07:55:52,114.0746,22.542999,0,16
30372,07:56:22,114.078102,22.5431,0,20
30372,07:56:52,114.081398,22.5432,0,3
30372,07:57:22,114.081398,22.5432,0,0
30372,07:57:52,114.0849,22.542999,0,27
30372,07:58:22,114.085999,22.5432,0,0
30372,07:59:52,114.0942,22.5434,0,19
30372,08:00:22,114.098099,22.543501,0,18
30372,08:00:52,114.0989,22.543501,0,0
30372,08:01:22,114.0989,22.543501,0,0
30372,08:01:52,114.0989,22.543501,0,0
30372,08:02:22,114.0989,22.543501,0,0
30372,08:02:47,114.099403,22.543501,0,0
30372,08:02:55,114.100098,22.5434,0,21
30372,08:03:22,114.1035,22.5441,0,30
30372,08:03:52,114.106003,22.5446,0,0
30372,08:04:22,114.106003,22.5446,0,0
30372,08:04:52,114.106003,22.5446,0,0
30372,08:05:22,114.106003,22.5446,0,0
30372,08:05:52,114.1063,22.544901,0,9
30372,08:06:22,114.106201,22.5453,0,0
30372,08:06:33,114.106201,22.5453,0,0
30372,08:07:03,114.106697,22.5471,0,18
30372,08:07:33,114.107201,22.5467,0,7
30372,08:08:03,114.105202,22.547199,0,23
30372,08:08:33,114.105003,22.549,0,0
30372,08:09:03,114.105103,22.5495,0,16
30372,08:09:33,114.104599,22.552099,0,15
30372,08:09:38,114.1045,22.5522,0,0
30372,08:10:38,114.104301,22.552401,0,0
30372,08:11:08,114.104301,22.552401,0,0
30372,08:12:08,114.104401,22.5555,0,8
30372,08:12:38,114.104301,22.5581,0,0
30372,08:13:08,114.104301,22.5581,0,0
30372,08:13:38,114.104301,22.5581,0,0
30372,08:14:38,114.104202,22.560699,0,0
30372,08:15:08,114.104202,22.561199,0,6
30372,08:15:38,114.103203,22.5616,0,7
30372,08:16:08,114.102203,22.561701,0,0
30372,08:17:08,114.100403,22.561501,0,6
30372,08:17:38,114.099998,22.5616,0,0
30372,08:17:50,114.099998,22.5616,0,0
30372,08:17:57,114.099899,22.561701,0,0
30372,08:18:09,114.099899,22.561701,0,0
30372,08:18:39,114.099899,22.561701,0,0
30372,08:19:08,114.099899,22.561701,0,0
30372,08:20:08,114.099197,22.561701,0,13
30372,08:20:38,114.098099,22.561501,0,7
30372,08:21:08,114.097198,22.5616,0,0
30372,08:21:15,114.097198,22.5616,0,0
30372,08:21:45,114.096703,22.561501,0,14
30372,08:22:15,114.094803,22.561501,0,0
30372,08:22:45,114.094803,22.561501,0,0
30372,08:23:15,114.094803,22.561501,0,0
30372,08:23:45,114.093201,22.561501,0,29
30372,08:24:15,114.090599,22.561199,0,12
30372,08:24:45,114.089996,22.5611,0,0
30372,08:24:47,114.089996,22.5611,0,0
30372,08:25:17,114.090401,22.5592,0,17
30372,08:25:47,114.088303,22.558399,0,25
30372,08:26:17,114.083199,22.5583,0,46
30372,08:26:47,114.076797,22.558201,0,35
30372,08:27:17,114.071899,22.558201,0,31
30372,08:27:47,114.069099,22.5581,0,0
30372,08:28:17,114.069099,22.5581,0,0
30372,08:28:47,114.069099,22.5581,0,0
30372,08:29:47,114.062698,22.558399,0,21
30372,08:30:17,114.062103,22.559601,0,16
30372,08:30:47,114.0625,22.557199,0,19
30372,08:31:17,114.0625,22.5557,0,0
30372,08:31:47,114.0625,22.5534,0,23
30372,08:32:17,114.060997,22.5515,0,24
30372,08:32:47,114.059097,22.551399,0,2
30372,08:33:48,114.0578,22.549801,0,9
30372,08:34:18,114.0578,22.5506,0,5
30372,08:34:39,114.0578,22.5506,0,0
30372,08:35:39,114.061401,22.5513,0,18
30372,08:36:09,114.062698,22.552799,0,18
30372,08:37:09,114.064796,22.5546,0,15
30372,08:38:09,114.065903,22.5546,0,0
30372,08:38:39,114.065903,22.5546,0,0
30372,08:39:26,114.065903,22.5546,0,0
30372,08:40:26,114.067703,22.5518,0,0
30372,08:41:26,114.067703,22.5518,0,0
30372,08:42:26,114.067802,22.5466,0,18
30372,08:42:56,114.067398,22.5439,0,21
30372,08:43:56,114.0616,22.543501,0,14
30372,08:46:08,114.060501,22.545401,0,7
30372,08:46:38,114.062599,22.545401,0,9
30372,08:47:08,114.062798,22.542101,0,32
30372,08:47:38,114.062599,22.538799,0,23
30372,08:48:08,114.062798,22.538,0,8
30372,08:48:38,114.063004,22.537701,0,6
30372,08:49:08,114.062698,22.5399,0,23
30372,08:50:38,114.067902,22.540899,0,24
30372,08:52:10,114.064903,22.537901,0,0
30372,08:53:10,114.0634,22.5378,0,0
30372,08:53:40,114.0634,22.5378,0,0
30372,08:55:10,114.059998,22.537701,0,16
30372,08:55:40,114.058098,22.5382,0,20
30372,08:56:10,114.0578,22.539301,0,11
30372,08:56:40,114.057999,22.5424,0,29
30372,08:57:10,114.058403,22.5455,0,11
30372,08:57:40,114.058998,22.5445,0,4
30372,08:58:10,114.0597,22.5445,0,0
30372,08:59:24,114.060402,22.5471,0,3
30372,09:00:24,114.060402,22.5471,0,0
30372,09:00:54,114.060204,22.549101,0,7
30372,09:01:24,114.060204,22.549101,0,0
30372,09:02:24,114.059898,22.549101,0,3
30372,09:02:54,114.062401,22.5481,0,18
30372,09:03:24,114.062798,22.546101,0,14
30372,09:03:54,114.062599,22.542801,0,24
30372,09:04:24,114.062599,22.5399,0,11
30372,09:04:54,114.062798,22.5378,0,4
30372,09:05:54,114.062798,22.5378,0,0
30372,09:06:24,114.062798,22.5378,0,0
30372,09:07:24,114.065498,22.537901,0,8
30372,09:08:05,114.067902,22.5382,0,16
30372,09:08:35,114.0681,22.534,0,42
30372,09:09:05,114.0672,22.530701,0,23
30372,09:09:35,114.068901,22.5315,0,24
30372,09:10:35,114.076103,22.531799,0,23
30372,09:11:05,114.0784,22.5334,0,19
30372,09:11:35,114.079597,22.535801,0,20
30372,09:12:05,114.082603,22.5373,0,34
30372,09:12:35,114.087799,22.537399,0,30
30372,09:13:05,114.093002,22.538099,0,36
30372,09:13:35,114.098,22.538099,0,37
30372,09:14:05,114.102898,22.538099,0,29
30372,09:14:35,114.1063,22.537001,0,15
30372,09:15:35,114.1119,22.537901,0,22
30372,09:16:35,114.117104,22.5394,0,9
30372,09:17:05,114.118401,22.540001,0,0
30372,09:17:20,114.118401,22.540001,0,0
30372,09:17:50,114.1185,22.540001,0,0
30372,09:18:20,114.1185,22.540001,0,0
30372,09:18:50,114.1185,22.540001,0,0
30372,09:19:20,114.120102,22.5411,0,19
30372,09:19:50,114.1222,22.541,0,19
30372,09:21:50,114.125999,22.544399,0,0
30372,09:22:20,114.125999,22.544399,0,1
30372,09:22:50,114.125999,22.544701,0,0
30372,09:23:03,114.1259,22.545099,0,0
30372,09:24:03,114.125999,22.547501,0,0
30372,09:24:33,114.125999,22.547501,0,0
30372,09:25:03,114.125999,22.547501,0,0
30372,09:26:03,114.1259,22.5488,0,21
30372,09:26:33,114.125801,22.552099,0,12
30372,09:27:03,114.125801,22.5522,0,0
30372,09:27:33,114.125099,22.553699,0,24
30372,09:29:33,114.111504,22.5588,0,36
30372,09:30:03,114.107697,22.559099,0,19
30372,09:31:03,114.106903,22.565001,0,18
30372,09:31:33,114.107201,22.566099,0,0
30372,09:33:03,114.107597,22.5674,0,0
30372,09:33:33,114.107697,22.567699,0,0
30372,09:34:03,114.107697,22.569201,0,11
30372,09:34:33,114.107597,22.570801,0,7
30372,09:35:03,114.107803,22.571501,0,0
30372,09:35:33,114.107903,22.5721,0,10
30372,09:36:03,114.107201,22.5739,0,14
30372,09:36:33,114.106499,22.576099,0,13
30372,09:37:03,114.106102,22.5746,0,11
30372,09:37:33,114.104103,22.5734,0,25
30372,09:39:33,114.098099,22.57,0,7
30372,09:40:03,114.097504,22.5697,0,0
30372,09:40:33,114.096802,22.569401,0,3
30372,09:41:03,114.095596,22.568899,0,7
30372,09:41:33,114.094398,22.5686,0,8
30372,09:42:03,114.0923,22.568001,0,18
30372,09:42:33,114.0886,22.567101,0,26
30372,09:43:34,114.085098,22.570101,0,5
30372,09:44:34,114.083504,22.5716,0,0
30372,09:44:53,114.083504,22.5716,0,0
30372,09:45:53,114.081802,22.572399,0,8
30372,09:46:23,114.0802,22.572901,0,6
30372,09:47:53,114.083298,22.573299,0,10
30372,09:48:23,114.082397,22.5714,0,13
30372,09:48:53,114.081703,22.572001,0,15
30372,09:49:23,114.084297,22.570499,0,9
30372,09:49:53,114.085602,22.568399,0,19
30372,09:50:23,114.085899,22.566,0,18
30372,09:50:57,114.085197,22.564301,0,0
30372,09:51:57,114.083,22.5609,0,0
30372,09:52:27,114.082703,22.560499,0,15
30372,09:52:57,114.081703,22.559401,0,6
30372,09:53:27,114.0812,22.558599,0,15
30372,09:53:57,114.080498,22.5574,0,6
30372,09:54:06,114.080597,22.557301,0,0
30372,09:54:15,114.080597,22.557301,0,6
30372,09:55:57,114.0896,22.5583,0,12
30372,09:56:57,114.097198,22.5585,0,32
30372,09:57:27,114.098602,22.558599,0,0
30372,09:57:57,114.098602,22.558599,0,0
30372,09:58:57,114.098602,22.558599,0,0
30372,09:59:57,114.099297,22.559299,0,0
30372,10:01:20,114.099197,22.5611,0,0
30372,10:01:57,114.099197,22.5611,0,0
30372,10:02:04,114.099197,22.5611,0,0
30372,10:02:21,114.099197,22.5611,0,0
30372,10:02:51,114.099197,22.5611,0,0
30372,10:03:20,114.099197,22.5611,0,0
30372,10:04:24,114.099197,22.559,0,9
30372,10:04:54,114.099197,22.558901,0,0
30372,10:05:24,114.099197,22.558901,0,0
30372,10:05:54,114.099197,22.558901,0,0
30372,10:06:24,114.099197,22.558901,0,0
30372,10:07:24,114.099403,22.5539,0,22
30372,10:07:54,114.099297,22.552401,0,0
30372,10:08:24,114.099297,22.552401,0,0
30372,10:08:54,114.099297,22.552401,0,0
30372,10:09:54,114.099503,22.5518,0,7
30372,10:10:24,114.099503,22.548901,0,23
30372,10:10:54,114.099403,22.5478,0,0
30372,10:11:24,114.099503,22.547701,0,9
30372,10:11:54,114.099602,22.5448,0,11
30372,10:12:24,114.099602,22.5438,0,0
30372,10:13:24,114.099602,22.5438,0,0
30372,10:13:54,114.099602,22.5438,0,0
30372,10:14:54,114.105598,22.5445,0,31
30372,10:15:24,114.109596,22.5452,0,30
30372,10:15:54,114.113899,22.5459,0,26
30372,10:16:24,114.115501,22.546101,0,0
30372,10:17:24,114.117104,22.546499,0,10
30372,10:17:54,114.1185,22.5467,0,0
30372,10:18:13,114.1185,22.5467,0,0
30372,10:19:13,114.125397,22.547701,0,0
30372,10:20:13,114.125397,22.547701,0,0
30372,10:21:13,114.125397,22.547701,0,0
30372,10:22:13,114.126602,22.5471,0,9
30372,10:22:43,114.127098,22.5471,0,0
30372,10:23:05,114.127403,22.547199,0,11
30372,10:24:35,114.129097,22.5483,0,0
30372,10:25:05,114.130798,22.5487,0,22
30372,10:25:29,114.132698,22.549,0,0
30372,10:25:59,114.1353,22.549299,0,20
30372,10:26:29,114.1362,22.549,0,17
30372,10:27:29,114.138603,22.552799,0,18
30372,10:27:59,114.139397,22.5543,0,22
30372,10:28:59,114.147697,22.555599,0,29
30372,10:29:29,114.152,22.556801,0,35
30372,10:29:59,114.155701,22.5597,0,25
30372,10:30:29,114.158699,22.560699,0,20
30372,10:30:59,114.157402,22.561899,0,16
30372,10:31:29,114.157303,22.5623,0,19
30372,10:32:29,114.156403,22.560499,0,0
30372,10:32:31,114.156403,22.560499,0,0
30372,10:33:01,114.155197,22.559401,0,21
30372,10:33:31,114.154297,22.5588,0,0
30372,10:34:19,114.152397,22.5571,0,29
30372,10:35:20,114.144302,22.555599,0,28
30372,10:35:50,114.140602,22.556801,0,26
30372,10:36:20,114.1409,22.5604,0,28
30372,10:36:50,114.140297,22.5632,0,14
30372,10:37:20,114.139801,22.5637,0,0
30372,10:37:50,114.139801,22.5637,0,0
30372,10:38:50,114.137802,22.566,0,5
30372,10:39:20,114.137703,22.566099,0,0
30372,10:40:50,114.137001,22.567699,0,19
30372,10:41:20,114.1381,22.569099,0,5
30372,10:41:50,114.138199,22.569201,0,0
30372,10:41:51,114.138199,22.569201,0,0
30372,10:42:21,114.137604,22.5688,0,1
30372,10:42:59,114.136497,22.567499,0,0
30372,10:43:59,114.135201,22.566,0,29
30372,10:44:29,114.132401,22.562599,0,21
30372,10:44:59,114.132004,22.562201,0,0
30372,10:46:29,114.128502,22.556999,0,0
30372,10:46:59,114.127098,22.554899,0,18
30372,10:47:29,114.1259,22.552999,0,15
30372,10:48:33,114.123802,22.552299,0,0
30372,10:49:03,114.122398,22.552099,0,7
30372,10:49:33,114.120598,22.552099,0,7
30372,10:50:03,114.119202,22.552,0,11
30372,10:50:33,114.118896,22.551901,0,0
30372,10:51:00,114.118896,22.551901,0,0
30372,10:51:30,114.118301,22.5522,0,8
30372,10:52:00,114.118698,22.553801,0,11
30372,10:52:30,114.118698,22.5539,0,0
30372,10:53:00,114.119698,22.555401,0,27
30372,10:53:30,114.121201,22.5578,0,20
30372,10:54:00,114.118698,22.559,0,28
30372,10:54:30,114.114502,22.5588,0,27
30372,10:55:30,114.112396,22.5655,0,30
30372,10:57:00,114.114098,22.5744,0,0
30372,10:57:27,114.114304,22.576401,0,0
30372,10:57:30,114.114304,22.576401,0,0
30372,10:58:00,114.1129,22.5767,0,15
30372,10:58:30,114.110802,22.5767,0,4
30372,10:59:00,114.108902,22.5763,0,18
30372,10:59:30,114.1063,22.5748,0,15
30372,11:00:00,114.103996,22.5734,0,25
30372,11:00:30,114.101402,22.571899,0,16
30372,11:01:00,114.099297,22.571899,0,11
30372,11:01:30,114.098999,22.574499,0,22
30372,11:02:00,114.099098,22.576599,0,9
30372,11:02:30,114.099297,22.577101,0,0
30372,11:03:00,114.099297,22.577101,0,0
30372,11:03:30,114.099297,22.577101,0,0
30372,11:04:00,114.099297,22.577101,0,0
30372,11:04:30,114.099297,22.577101,0,0
30372,11:05:30,114.098503,22.574301,0,21
30372,11:06:00,114.098701,22.572201,0,3
30372,11:06:30,114.098198,22.571899,0,6
30372,11:06:46,114.098198,22.5718,0,0
30372,11:07:00,114.098198,22.5718,0,0
30372,11:07:21,114.098198,22.5718,0,0
30372,11:07:51,114.098198,22.5718,0,0
30372,11:08:21,114.098198,22.5718,0,0
30372,11:08:45,114.098198,22.5718,0,3
30372,11:09:21,114.098701,22.572201,0,9
30372,11:11:21,114.098099,22.566299,0,6
30372,11:11:51,114.097099,22.566299,0,5
30372,11:12:51,114.094902,22.566299,0,0
30372,11:13:21,114.094902,22.566299,0,0
30372,11:13:51,114.094902,22.566299,0,0
30372,11:14:21,114.094498,22.5658,0,7
30372,11:15:34,114.094597,22.5634,0,9
30372,11:16:04,114.094597,22.562099,0,0
30372,11:16:34,114.094398,22.561501,0,11
30372,11:17:34,114.090797,22.561399,0,0
30372,11:19:04,114.089302,22.561701,0,20
30372,11:20:34,114.0849,22.570299,0,19
30372,11:21:04,114.081596,22.5723,0,30
30372,11:21:34,114.076797,22.572399,0,33
30372,11:22:34,114.067802,22.569099,0,35
30372,11:23:04,114.062599,22.568399,0,34
30372,11:23:34,114.058098,22.566401,0,37
30372,11:24:04,114.052803,22.564899,0,35
30372,11:25:04,114.043198,22.5644,0,32
30372,11:26:04,114.0327,22.5623,0,39
30372,11:26:34,114.027397,22.561399,0,30
30372,11:27:04,114.023399,22.5606,0,30
30372,11:27:34,114.019897,22.5604,0,14
30372,11:28:04,114.017899,22.5606,0,13
30372,11:28:34,114.015503,22.5604,0,18
30372,11:29:04,114.014,22.5613,0,15
30372,11:29:34,114.015297,22.557199,0,41
30372,11:30:04,114.017899,22.551901,0,38
30372,11:31:04,114.0224,22.5441,0,32
30372,11:31:34,114.023003,22.540501,0,22
30372,11:32:04,114.023903,22.5375,0,19
30372,11:32:34,114.024101,22.5352,0,10
30372,11:33:04,114.022301,22.534901,0,6
30372,11:34:04,114.019897,22.5345,0,0
30372,11:34:34,114.019897,22.5345,0,0
30372,11:34:47,114.019798,22.5345,0,0
30372,11:34:49,114.019798,22.5345,0,8
30372,11:35:49,114.018997,22.534401,0,6
30372,11:36:49,114.016098,22.5338,0,16
30372,11:36:52,114.0158,22.5338,0,13
30372,11:37:52,114.011703,22.5347,0,14
30372,11:38:22,114.012199,22.532499,0,16
30372,11:38:52,114.012703,22.529499,0,20
30372,11:39:52,114.016502,22.5313,0,20
30372,11:40:52,114.024002,22.531601,0,32
30372,11:41:22,114.028999,22.530399,0,38
30372,11:41:52,114.034698,22.5303,0,41
30372,11:43:22,114.050598,22.531401,0,31
30372,11:43:52,114.054703,22.5315,0,28
30372,11:44:22,114.059601,22.5315,0,30
30372,11:44:52,114.062897,22.5308,0,18
30372,11:45:22,114.062798,22.5294,0,0
30372,11:45:37,114.062798,22.5294,0,0
30372,11:46:37,114.060402,22.5294,0,2
30372,11:47:07,114.060402,22.5294,0,0
30372,11:47:37,114.059502,22.5296,0,2
30372,11:48:07,114.058701,22.5296,0,13
30372,11:49:07,114.058197,22.534901,0,0
30372,11:49:37,114.058197,22.534901,0,0
30372,11:50:07,114.058296,22.5352,0,12
30372,11:51:07,114.056503,22.531799,0,28
30372,11:51:37,114.051498,22.5317,0,32
30372,11:52:07,114.047897,22.532101,0,15
30372,11:52:37,114.047997,22.5331,0,5
30372,11:53:37,114.047798,22.5333,0,0
30372,11:54:07,114.047798,22.5333,0,0
30372,11:54:37,114.047798,22.5333,0,0
30372,11:55:07,114.047798,22.5333,0,0
30372,11:55:37,114.047798,22.5333,0,0
30372,11:56:07,114.047798,22.5333,0,0
30372,11:56:37,114.047798,22.5333,0,0
30372,11:57:37,114.047798,22.5333,0,0
30372,11:58:07,114.047798,22.5333,0,0
30372,11:59:07,114.047798,22.5333,0,0
30372,11:59:37,114.047798,22.5333,0,0
30372,12:00:30,114.047798,22.5333,0,0
30372,12:01:00,114.047798,22.5333,0,0
30372,12:01:30,114.047798,22.5333,0,0
30372,12:02:28,114.047798,22.5333,0,0
30372,12:02:38,114.047798,22.5333,0,0
30372,12:03:38,114.047798,22.5333,0,0
30372,12:05:08,114.047798,22.5333,0,0
30372,12:06:37,114.047798,22.5333,0,0
30372,12:07:07,114.047798,22.5333,0,0
30372,12:07:37,114.047798,22.5333,0,0
30372,12:08:07,114.047798,22.5333,0,0
30372,12:08:37,114.047798,22.5333,0,0
30372,12:10:37,114.047798,22.5333,0,0
30372,12:11:07,114.047798,22.5333,0,0
30372,12:11:37,114.047798,22.5333,0,0
30372,12:12:07,114.047798,22.5333,0,0
30372,12:13:07,114.0476,22.533501,0,6
30372,12:14:07,114.045898,22.532,0,5
30372,12:14:38,114.045898,22.532,0,0
30372,12:15:38,114.045097,22.532301,0,16
30372,12:16:08,114.045303,22.5334,0,16
30372,12:17:19,114.043999,22.5347,0,5
30372,12:18:09,114.041801,22.5338,0,10
30372,12:18:38,114.040199,22.5329,0,12
30372,12:19:08,114.038803,22.532101,0,0
30372,12:21:08,114.041199,22.5336,0,8
30372,12:21:38,114.042702,22.534201,0,7
30372,12:24:08,114.044899,22.5284,0,0
30372,12:25:38,114.044601,22.5263,0,6
30372,12:26:08,114.044601,22.526199,0,0
30372,12:26:38,114.043999,22.5249,0,14
30372,12:27:38,114.041901,22.5215,0,0
30372,12:28:08,114.041901,22.5215,0,0
30372,12:29:08,114.041603,22.520901,0,22
30372,12:29:38,114.039803,22.5179,0,15
30372,12:30:38,114.036903,22.519199,0,5
30372,12:31:26,114.0373,22.5189,0,0
30372,12:31:56,114.0373,22.517799,0,15
30372,12:32:26,114.036201,22.516899,0,19
30372,12:32:56,114.0326,22.518801,0,31
30372,12:33:26,114.029602,22.520599,0,21
30372,12:34:26,114.030899,22.523701,0,0
30372,12:34:56,114.031898,22.525101,0,23
30372,12:35:56,114.032402,22.5259,0,0
30372,12:36:26,114.032097,22.5268,0,22
30372,12:36:56,114.028999,22.5284,0,21
30372,12:37:56,114.022003,22.5322,0,10
30372,12:39:26,114.011597,22.5303,0,38
30372,12:39:56,114.006203,22.5298,0,40
30372,12:40:26,113.999802,22.5301,0,39
30372,12:40:56,113.995399,22.5287,0,25
30372,12:41:26,113.993599,22.5301,0,19
30372,12:41:56,113.9935,22.530701,0,0
30372,12:43:26,113.993202,22.5326,0,25
30372,12:44:26,113.992798,22.533899,0,17
30372,12:44:56,113.9925,22.5327,0,1
30372,12:45:56,113.991302,22.5326,0,0
30372,12:46:04,113.991302,22.5326,0,0
30372,12:46:34,113.991302,22.5326,0,0
30372,12:47:04,113.991302,22.5326,0,0
30372,12:48:04,113.989601,22.5327,0,12
30372,12:50:34,113.992897,22.530899,0,18
30372,12:52:04,113.994698,22.5273,0,9
30372,12:52:34,113.996803,22.528799,0,27
30372,12:53:04,114.001999,22.530001,0,37
30372,12:54:04,114.011902,22.5301,0,20
30372,12:54:34,114.015099,22.5308,0,22
30372,12:55:04,114.016998,22.531099,0,8
30372,12:55:34,114.0196,22.5317,0,13
30372,12:56:34,114.024399,22.5313,0,16
30372,12:57:04,114.027298,22.528999,0,32
30372,12:57:34,114.029999,22.5275,0,11
30372,12:58:04,114.032303,22.5259,0,13
30372,12:58:34,114.031303,22.524099,0,0
30372,12:59:04,114.031303,22.524099,0,0
30372,12:59:34,114.031197,22.523899,0,7
30372,13:00:04,114.031303,22.523701,0,0
30372,13:00:08,114.031303,22.523701,0,0
30372,13:00:38,114.033096,22.5228,0,13
30372,13:01:08,114.034103,22.5222,0,9
30372,13:01:38,114.0345,22.5219,0,3
30372,13:03:08,114.035698,22.518299,0,9
30372,13:03:38,114.0354,22.5173,0,15
30372,13:04:08,114.039101,22.5154,0,31
30372,13:04:38,114.040802,22.514299,0,11
30372,13:05:08,114.043404,22.5126,0,27
30372,13:05:38,114.044403,22.5124,0,0
30372,13:06:05,114.044601,22.5123,0,7
30372,13:06:37,114.044403,22.511,0,0
30372,13:08:09,114.041,22.5147,0,8
30372,13:08:38,114.041298,22.514799,0,26
30372,13:09:07,114.038902,22.515699,0,19
30372,13:10:37,114.042603,22.5222,0,0
30372,13:11:07,114.042801,22.522301,0,0
30372,13:11:26,114.042801,22.5226,0,9
30372,13:11:28,114.0429,22.522699,0,7
30372,13:12:28,114.044998,22.5285,0,23
30372,13:12:58,114.044601,22.532801,0,38
30372,13:13:58,114.045197,22.5417,0,26
30372,13:14:28,114.048302,22.5424,0,30
30372,13:15:29,114.058296,22.5425,0,37
30372,13:15:59,114.063301,22.542601,0,31
30372,13:16:59,114.067001,22.5422,0,10
30372,13:17:29,114.067497,22.5415,0,0
30372,13:18:51,114.0681,22.537701,0,26
30372,13:19:51,114.067001,22.531099,0,19
30372,13:21:21,114.072197,22.531401,0,17
30372,13:21:51,114.075104,22.5317,0,19
30372,13:22:21,114.077904,22.5324,0,22
30372,13:22:51,114.079399,22.535101,0,16
30372,13:23:51,114.081902,22.535299,0,0
30372,13:25:10,114.0821,22.5348,0,27
30372,13:25:40,114.081802,22.5382,0,19
30372,13:26:10,114.081497,22.5397,0,0
30372,13:26:40,114.081497,22.5397,0,0
30372,13:27:10,114.081497,22.5404,0,0
30372,13:27:40,114.081497,22.5404,0,0
30372,13:29:10,114.081703,22.541401,0,19
30372,13:30:40,114.0877,22.543301,0,0
30372,13:32:10,114.087898,22.545099,0,0
30372,13:33:10,114.087799,22.5471,0,0
30372,13:33:40,114.087799,22.5481,0,19
30372,13:34:10,114.0868,22.5492,0,2
30372,13:34:34,114.0868,22.5492,0,0
30372,13:35:04,114.086502,22.5492,0,0
30372,13:36:04,114.084198,22.5492,0,0
30372,13:36:34,114.084198,22.5492,0,0
30372,13:37:04,114.084198,22.5492,0,0
30372,13:37:34,114.084,22.5504,0,13
30372,13:39:04,114.088097,22.551701,0,18
30372,13:39:34,114.090897,22.5516,0,14
30372,13:39:54,114.091003,22.5508,0,0
30372,13:40:24,114.091103,22.5478,0,28
30372,13:41:55,114.091301,22.5438,0,0
30372,13:42:25,114.091301,22.5438,0,0
30372,13:42:55,114.091301,22.5438,0,0
30372,13:43:55,114.093697,22.5434,0,0
30372,13:44:25,114.094101,22.5434,0,17
30372,13:44:55,114.098396,22.543501,0,16
30372,13:45:25,114.098602,22.543501,0,0
30372,13:45:55,114.098602,22.543501,0,0
30372,13:46:55,114.099297,22.543501,0,0
30372,13:48:25,114.099297,22.543501,0,0
30372,13:48:55,114.098099,22.5436,0,10
30372,13:49:51,114.096901,22.543501,0,20
30372,13:50:51,114.0933,22.543699,0,5
30372,13:51:51,114.0933,22.543699,0,0
30372,13:53:21,114.097603,22.543301,0,0
30372,13:53:30,114.097603,22.543301,0,0
30372,13:54:30,114.098999,22.543501,0,0
30372,13:55:00,114.098999,22.543501,0,0
30372,13:55:30,114.098999,22.543501,0,0
30372,13:58:00,114.099503,22.5471,0,0
30372,13:59:00,114.099503,22.549101,0,27
30372,13:59:30,114.099602,22.5515,0,0
30372,14:00:00,114.099602,22.5515,0,0
30372,14:00:30,114.099602,22.5515,0,0
30372,14:01:00,114.099297,22.551901,0,15
30372,14:01:30,114.095901,22.5518,0,25
30372,14:02:30,114.091698,22.5518,0,0
30372,14:03:00,114.091698,22.5518,0,0
30372,14:03:30,114.091599,22.5518,0,0
30372,14:04:00,114.090401,22.5518,0,0
30372,14:04:30,114.089401,22.551701,0,5
30372,14:05:00,114.087303,22.551701,0,11
30372,14:05:30,114.086601,22.5522,0,15
30372,14:06:30,114.084297,22.555201,0,8
30372,14:06:54,114.084396,22.555201,0,0
30372,14:07:24,114.084396,22.555201,0,0
30372,14:07:54,114.085602,22.5564,0,16
30372,14:08:24,114.086998,22.5569,0,1
30372,14:08:54,114.086998,22.5569,0,0
30372,14:10:12,114.0895,22.558399,0,26
30372,14:10:42,114.090302,22.5597,0,8
30372,14:11:12,114.089897,22.560301,0,0
30372,14:11:42,114.089897,22.560301,0,0
30372,14:12:12,114.0896,22.561001,0,11
30372,14:12:42,114.0886,22.563,0,20
30372,14:13:12,114.087997,22.5646,0,10
30372,14:15:12,114.085197,22.566999,0,8
30372,14:15:42,114.0849,22.566999,0,0
30372,14:15:44,114.0849,22.566999,0,0
30372,14:16:14,114.0849,22.566999,0,0
30372,14:16:44,114.085602,22.566999,0,9
30372,14:17:14,114.085899,22.566099,0,12
30372,14:17:44,114.085098,22.5641,0,18
30372,14:20:14,114.083298,22.561399,0,20
30372,14:20:44,114.081703,22.559401,0,10
30372,14:21:44,114.078003,22.558701,0,10
30372,14:22:44,114.078499,22.560499,0,0
30372,14:23:04,114.078499,22.560499,0,0
30372,14:23:34,114.0793,22.562599,0,12
30372,14:24:04,114.080902,22.5616,0,9
30372,14:24:34,114.081902,22.5599,0,14
30372,14:25:00,114.082298,22.560101,0,0
30372,14:26:05,114.086304,22.565399,0,29
30372,14:26:35,114.089897,22.566999,0,25
30372,14:27:34,114.0961,22.568701,0,27
30372,14:28:04,114.0998,22.5704,0,28
30372,14:28:34,114.103104,22.572399,0,26
30372,14:29:34,114.109001,22.575899,0,13
30372,14:30:04,114.111099,22.576401,0,15
30372,14:30:34,114.1147,22.576401,0,22
30372,14:34:04,114.121201,22.557699,0,12
30372,14:34:34,114.121201,22.557699,0,0
30372,14:35:04,114.121201,22.557699,0,0
30372,14:36:04,114.122299,22.557501,0,11
30372,14:37:04,114.124603,22.558701,0,0
30372,14:37:34,114.124702,22.558701,0,8
30372,14:38:56,114.1269,22.557699,0,8
30372,14:40:26,114.125801,22.551701,0,0
30372,14:41:26,114.125801,22.5508,0,4
30372,14:41:56,114.125801,22.5508,0,0
30372,14:42:26,114.125801,22.5508,0,0
30372,14:43:56,114.1259,22.548599,0,8
30372,14:44:56,114.128998,22.5483,0,9
30372,14:45:06,114.129402,22.548401,0,0
30372,14:45:14,114.129501,22.5483,0,6
30372,14:45:27,114.129601,22.5476,0,13
30372,14:45:57,114.130699,22.5469,0,5
30372,14:47:36,114.129601,22.5469,0,0
30372,14:48:36,114.126198,22.548,0,0
30372,14:50:36,114.126198,22.548,0,0
30372,14:51:06,114.123901,22.5476,0,10
30372,14:51:36,114.1231,22.547501,0,18
30372,14:52:36,114.116798,22.546499,0,16
30372,14:53:36,114.1119,22.5457,0,14
30372,14:54:06,114.110497,22.5469,0,21
30372,14:54:36,114.110397,22.547501,0,0
30372,14:55:06,114.110397,22.547501,0,0
30372,14:55:36,114.110298,22.5492,0,21
30372,14:56:06,114.109901,22.552401,0,27
30372,14:56:36,114.110603,22.554501,0,21
30372,14:57:06,114.1138,22.5539,0,17
30372,14:57:36,114.114304,22.553801,0,0
30372,14:58:36,114.114304,22.553801,0,0
30372,14:59:06,114.114601,22.553801,0,9
30372,15:00:06,114.1147,22.553801,0,0
30372,15:00:36,114.1147,22.553801,0,0
30372,15:01:06,114.1147,22.553801,0,0
30372,15:01:36,114.1147,22.553801,0,0
30372,15:02:36,114.114098,22.5525,0,12
30372,15:03:17,114.1138,22.5516,0,0
30372,15:03:33,114.1138,22.5516,0,0
30372,15:05:03,114.115402,22.554701,0,22
30372,15:05:33,114.1157,22.557301,0,15
30372,15:06:03,114.116501,22.5588,0,21
30372,15:06:33,114.120003,22.559401,0,20
30372,15:07:03,114.119598,22.559799,0,22
30372,15:07:33,114.120201,22.5611,0,9
30372,15:08:03,114.1222,22.561899,0,14
30372,15:08:40,114.123398,22.562,0,0
30372,15:09:10,114.1241,22.562099,0,12
30372,15:10:00,114.125,22.559601,0,0
30372,15:11:00,114.122498,22.557699,0,6
30372,15:12:00,114.119301,22.559299,0,27
30372,15:13:00,114.107903,22.558701,0,41
30372,15:13:30,114.104401,22.558701,0,0
30372,15:14:00,114.104401,22.558701,0,0
30372,15:15:00,114.100098,22.558701,0,0
30372,15:15:30,114.100098,22.558701,0,0
30372,15:16:00,114.100098,22.558701,0,0
30372,15:16:30,114.100098,22.558701,0,0
30372,15:17:00,114.099602,22.558701,0,8
30372,15:17:30,114.096802,22.558599,0,26
30372,15:18:00,114.092796,22.5585,0,16
30372,15:18:30,114.091599,22.5585,0,0
30372,15:19:31,114.091003,22.555401,0,18
30372,15:20:31,114.090897,22.552799,0,3
30372,15:21:01,114.090897,22.552799,0,0
30372,15:22:01,114.091003,22.551701,0,8
30372,15:23:01,114.090302,22.549299,0,13
30372,15:23:31,114.088799,22.549299,0,0
30372,15:23:45,114.088799,22.549299,0,0
30372,15:24:15,114.088799,22.549299,0,0
30372,15:26:15,114.087997,22.547501,0,0
30372,15:27:15,114.087898,22.5457,0,0
30372,15:27:45,114.087997,22.5448,0,9
30372,15:28:15,114.087799,22.5434,0,9
30372,15:29:17,114.083199,22.5432,0,13
30372,15:29:47,114.080704,22.5432,0,16
30372,15:30:17,114.077599,22.5432,0,20
30372,15:30:48,114.075996,22.5432,0,20
30372,15:31:18,114.071701,22.5431,0,27
30372,15:31:48,114.066299,22.542999,0,42
30372,15:32:48,114.058098,22.5439,0,17
30372,15:33:18,114.057999,22.545401,0,0
30372,15:34:18,114.057999,22.545401,0,0
30372,15:34:48,114.057999,22.545401,0,0
30372,15:36:48,114.051102,22.541599,0,36
30372,15:37:18,114.050797,22.539499,0,14
30372,15:38:07,114.050201,22.539499,0,0
30372,15:38:37,114.049004,22.539499,0,4
30372,15:39:37,114.048203,22.539499,0,0
30372,15:40:07,114.046898,22.5394,0,16
30372,15:40:37,114.045197,22.539301,0,13
30372,15:41:07,114.044502,22.541,0,19
30372,15:43:07,114.035698,22.5417,0,27
30372,15:43:37,114.031998,22.5411,0,5
30372,15:44:37,114.031502,22.541,0,18
30372,15:45:37,114.024803,22.5399,0,24
30372,15:46:07,114.021103,22.539301,0,23
30372,15:47:07,114.014801,22.5382,0,0
30372,15:48:37,114.0037,22.536301,0,11
30372,15:49:07,114.003502,22.536301,0,0
30372,15:49:37,114.003502,22.536301,0,0
30372,15:50:07,114.003502,22.536301,0,0
30372,15:50:37,114.000603,22.5357,0,34
30372,15:52:07,113.982002,22.536501,0,35
30372,15:52:37,113.976997,22.536699,0,25
30372,15:54:07,113.970596,22.5396,0,23
30372,15:54:37,113.965897,22.5413,0,36
30372,15:55:08,113.961403,22.542999,0,26
30372,15:55:38,113.960503,22.5432,0,0
30372,15:56:08,113.960503,22.5432,0,0
30372,15:56:38,113.959396,22.543501,0,16
30372,15:57:38,113.954498,22.546,0,36
30372,15:59:08,113.954399,22.5567,0,14
30372,15:59:38,113.950996,22.556601,0,28
30372,16:01:08,113.945396,22.556999,0,0
30372,16:01:38,113.945396,22.556999,0,0
30372,16:01:58,113.945396,22.556999,0,0
30372,16:02:28,113.945396,22.556999,0,0
30372,16:02:44,113.945396,22.556999,0,0
30372,16:03:14,113.945396,22.556999,0,0
30372,16:03:44,113.945503,22.555799,0,6
30372,16:04:14,113.943001,22.555599,0,21
30372,16:04:44,113.940903,22.555599,0,0
30372,16:07:14,113.9291,22.556999,0,20
30372,16:07:44,113.9291,22.5606,0,27
30372,16:09:14,113.929001,22.566,0,21
30372,16:09:44,113.9263,22.5669,0,2
30372,16:10:44,113.925301,22.5672,0,23
30372,16:11:44,113.921097,22.573799,0,30
30372,16:12:44,113.915604,22.5758,0,38
30372,16:13:14,113.911201,22.5804,0,43
30372,16:13:44,113.907204,22.5847,0,40
30372,16:14:14,113.902802,22.589399,0,48
30372,16:15:14,113.892097,22.5989,0,47
30372,16:15:44,113.886101,22.6033,0,55
30372,16:16:14,113.8815,22.6089,0,45
30372,16:16:44,113.8787,22.6131,0,27
30372,16:17:14,113.876198,22.6161,0,29
30372,16:17:44,113.872704,22.618999,0,36
30372,16:19:14,113.854599,22.627199,0,39
30372,16:19:44,113.850304,22.6294,0,31
30372,16:20:14,113.850197,22.6273,0,0
30372,16:20:44,113.850304,22.6271,0,0
30372,16:22:14,113.8433,22.621799,0,15
30372,16:22:44,113.841797,22.621401,0,13
30372,16:23:44,113.837196,22.620199,0,37
30372,16:24:44,113.826797,22.615801,0,41
30372,16:25:44,113.817703,22.612301,0,34
30372,16:26:44,113.8125,22.620899,0,35
30372,16:28:14,113.808899,22.627199,0,8
30372,16:28:44,113.807999,22.626801,0,0
30372,16:28:55,113.807999,22.626801,0,0
30372,16:29:25,113.807999,22.626801,0,0
30372,16:30:25,113.807503,22.622,0,22
30372,16:31:55,113.812302,22.6231,0,8
30372,16:32:55,113.812897,22.6259,0,17
30372,16:33:25,113.811096,22.628201,0,25
30372,16:33:55,113.8097,22.6271,0,5
30372,16:34:55,113.809799,22.6269,0,0
30372,16:35:25,113.809799,22.6269,0,0
30372,16:35:55,113.810204,22.6259,0,15
30372,16:36:02,113.809799,22.625601,0,0
30372,16:36:26,113.8069,22.6241,0,23
30372,16:36:55,113.808197,22.621,0,37
30372,16:37:25,113.810699,22.616501,0,36
30372,16:37:55,113.813004,22.6124,0,29
30372,16:38:25,113.815903,22.6101,0,26
30372,16:40:55,113.8386,22.620399,0,35
30372,16:41:33,113.844803,22.622,0,35
30372,16:42:03,113.848503,22.623501,0,22
30372,16:42:33,113.849899,22.6245,0,15
30372,16:43:33,113.853699,22.629499,0,29
30372,16:44:03,113.855202,22.6318,0,4
30372,16:44:33,113.855797,22.632601,0,4
30372,16:45:33,113.857002,22.633801,0,6
30372,16:46:33,113.8582,22.635401,0,3
30372,16:47:03,113.858498,22.635799,0,7
30372,16:48:03,113.8601,22.6392,0,33
30372,16:48:33,113.861504,22.645,0,44
30372,16:49:03,113.863403,22.6507,0,47
30372,16:49:33,113.868401,22.6551,0,47
30372,16:50:03,113.875702,22.6567,0,50
30372,16:51:33,113.895699,22.659201,0,43
30372,16:52:33,113.908501,22.659,0,42
30372,16:53:03,113.914398,22.658899,0,42
30372,16:54:03,113.921898,22.6605,0,20
30372,16:54:33,113.9235,22.661501,0,15
30372,16:57:03,113.932602,22.669701,0,10
30372,16:57:33,113.934303,22.670601,0,13
30372,16:58:03,113.935699,22.6712,0,14
30372,16:58:33,113.936699,22.6716,0,9
30372,16:59:03,113.9375,22.672001,0,9
30372,17:01:03,113.943298,22.675501,0,10
30372,17:02:33,113.945,22.6768,0,10
30372,17:03:33,113.947701,22.679001,0,5
30372,17:04:03,113.948997,22.679899,0,10
30372,17:05:03,113.951599,22.6814,0,16
30372,17:05:33,113.9534,22.682301,0,11
30372,17:06:03,113.955498,22.6831,0,15
30372,17:07:33,113.962898,22.6852,0,21
30372,17:08:03,113.966499,22.6861,0,28
30372,17:08:33,113.970802,22.687,0,27
30372,17:09:33,113.975899,22.687201,0,19
30372,17:10:33,113.983597,22.6896,0,24
30372,17:11:03,113.986801,22.6905,0,9
30372,17:12:33,113.994301,22.690901,0,23
30372,17:14:03,114.006401,22.686899,0,33
30372,17:14:33,114.011497,22.6866,0,35
30372,17:16:03,114.019302,22.685801,0,8
30372,17:16:33,114.021599,22.685301,0,11
30372,17:17:03,114.022697,22.684999,0,4
30372,17:18:03,114.023804,22.6847,0,0
30372,17:18:33,114.025002,22.6845,0,5
30372,17:19:03,114.025299,22.684401,0,0
30372,17:19:33,114.025703,22.684401,0,0
30372,17:20:03,114.026398,22.684299,0,7
30372,17:21:03,114.027702,22.684099,0,4
30372,17:21:33,114.027702,22.684099,0,0
30372,17:22:03,114.028801,22.684,0,4
30372,17:22:33,114.029701,22.683901,0,6
30372,17:23:33,114.031898,22.683901,0,10
30372,17:24:33,114.0345,22.683901,0,5
30372,17:25:33,114.0355,22.683901,0,0
30372,17:27:33,114.0411,22.683901,0,1
30372,17:28:03,114.041397,22.683901,0,4
30372,17:28:33,114.042397,22.6838,0,18
30372,17:29:03,114.0439,22.683599,0,9
30372,17:30:33,114.048698,22.671801,0,39
30372,17:31:03,114.049004,22.665899,0,47
30372,17:31:33,114.0494,22.6598,0,41
30372,17:32:03,114.049599,22.6549,0,28
30372,17:33:33,114.049004,22.6434,0,30
30372,17:34:03,114.046898,22.6394,0,28
30372,17:36:03,114.042099,22.621201,0,26
30372,17:36:33,114.044998,22.6206,0,24
30372,17:37:03,114.046097,22.620899,0,0
30372,17:37:33,114.047302,22.621401,0,0
30372,17:38:33,114.042702,22.620199,0,21
30372,17:39:33,114.040802,22.6178,0,0
30372,17:39:44,114.040802,22.6178,0,0
30372,17:40:44,114.040802,22.615999,0,19
30372,17:41:14,114.039803,22.615,0,0
30372,17:43:26,114.037201,22.6171,0,0
30372,17:43:56,114.036201,22.6194,0,12
30372,17:44:26,114.036201,22.6196,0,0
30372,17:44:56,114.035797,22.6203,0,0
30372,17:45:26,114.036598,22.618401,0,16
30372,17:45:56,114.036499,22.617201,0,2
30372,17:46:26,114.035797,22.6168,0,0
30372,17:46:56,114.035301,22.616501,0,0
30372,17:47:56,114.033501,22.615499,0,7
30372,17:48:26,114.033203,22.6154,0,0
30372,17:49:26,114.033203,22.6154,0,0
30372,17:49:56,114.031403,22.6143,0,24
30372,17:51:26,114.027901,22.6117,0,26
30372,17:51:56,114.025002,22.6099,0,18
30372,17:52:26,114.022903,22.608801,0,13
30372,17:52:56,114.0215,22.610399,0,9
30372,17:53:26,114.020897,22.611099,0,0
30372,17:53:56,114.018898,22.6124,0,12
30372,17:54:26,114.0187,22.612499,0,0
30372,17:55:26,114.014,22.6091,0,28
30372,17:55:56,114.010399,22.6061,0,31
30372,17:56:26,114.008698,22.6043,0,26
30372,17:56:56,114.010902,22.601999,0,20
30372,17:57:56,114.010803,22.5973,0,14
30372,17:58:03,114.010696,22.597,0,0
30372,17:58:37,114.010696,22.597,0,24
30372,17:59:27,114.010101,22.591499,0,5
30372,17:59:57,114.010002,22.590401,0,5
30372,18:00:57,114.009697,22.5891,0,0
30372,18:01:27,114.009697,22.5891,0,0
30372,18:01:57,114.009697,22.5891,0,0
30372,18:02:27,114.009697,22.5891,0,0
30372,18:02:57,114.009697,22.5891,0,0
30372,18:03:27,114.009697,22.5891,0,0
30372,18:03:57,114.011803,22.5683,0,17
30372,18:03:58,114.011803,22.5683,0,17
30372,18:04:28,114.013496,22.565399,0,37
30372,18:05:27,114.015602,22.556101,0,34
30372,18:06:27,114.019699,22.549299,0,10
30372,18:07:27,114.022499,22.544001,0,25
30372,18:07:57,114.022797,22.5415,0,7
30372,18:08:27,114.023102,22.5404,0,9
30372,18:08:57,114.023399,22.539499,0,5
30372,18:09:27,114.023598,22.5387,0,5
30372,18:09:57,114.023903,22.5378,0,7
30372,18:10:27,114.024101,22.5368,0,5
30372,18:21:27,114.046501,22.5203,0,0
30372,18:21:57,114.046501,22.5203,0,0
30372,18:22:27,114.046501,22.5203,0,0
30372,18:23:27,114.048599,22.519899,0,9
30372,18:23:57,114.048599,22.520901,0,0
30372,18:24:27,114.048897,22.5212,0,8
30372,18:25:27,114.051003,22.5208,0,0
30372,18:25:46,114.051003,22.5208,0,0
30372,18:26:16,114.050697,22.5184,0,13
30372,18:26:46,114.047096,22.518801,0,33
30372,18:27:16,114.042198,22.521,0,8
30372,18:27:46,114.042198,22.521099,0,0
30372,18:28:16,114.042198,22.521099,0,0
30372,18:28:46,114.042198,22.521099,0,0
30372,18:29:16,114.042198,22.521099,0,0
30372,18:31:46,114.033096,22.526199,0,0
30372,18:32:16,114.033096,22.526199,0,0
30372,18:32:46,114.033096,22.526199,0,0
30372,18:33:46,114.032204,22.5268,0,3
30372,18:34:16,114.031403,22.5273,0,5
30372,18:34:46,114.030899,22.527599,0,0
30372,18:35:16,114.030197,22.527901,0,8
30372,18:37:16,114.027603,22.5292,0,0
30372,18:37:46,114.027397,22.5294,0,0
30372,18:38:16,114.027397,22.5294,0,0
30372,18:41:46,114.026001,22.5308,0,3
30372,18:42:16,114.025902,22.531,0,0
30372,18:42:46,114.025703,22.5313,0,0
30372,18:43:16,114.025597,22.531601,0,0
30372,18:43:46,114.025398,22.532101,0,7
30372,18:44:11,114.027397,22.5294,0,0
30372,18:44:16,114.025299,22.532499,0,0
30372,18:44:46,114.025299,22.532499,0,0
30372,18:45:16,114.025299,22.5329,0,0
30372,18:45:46,114.025299,22.5329,0,2
30372,18:46:16,114.025002,22.533701,0,4
30372,18:46:46,114.025002,22.5338,0,0
30372,18:47:16,114.024902,22.5343,0,8
30372,18:48:16,114.024803,22.5345,0,4
30372,18:48:46,114.024803,22.5345,0,3
30372,18:49:16,114.024597,22.535299,0,6
30372,18:53:16,114.026802,22.5399,0,3
30372,18:53:46,114.027496,22.540001,0,3
30372,18:55:11,114.024597,22.535299,0,0
30372,18:55:16,114.028801,22.5403,0,0
30372,18:56:16,114.030899,22.540701,0,2
30372,18:56:46,114.031502,22.5408,0,3
30372,18:57:16,114.031197,22.541,0,0
30372,18:57:46,114.031197,22.541,0,0
30372,18:58:16,114.0298,22.540701,0,27
30372,18:58:22,114.029099,22.5406,0,28
30372,18:58:52,114.025497,22.5401,0,0
30372,18:59:28,114.023598,22.539801,0,20
30372,19:00:28,114.023598,22.5385,0,13
30372,19:01:58,114.024803,22.533199,0,24
30372,19:06:28,114.056,22.531401,0,6
30372,19:06:58,114.056396,22.531401,0,0
30372,19:07:28,114.056396,22.531401,0,0
30372,19:07:58,114.057701,22.531401,0,0
30372,19:08:28,114.057701,22.531401,0,0
30372,19:08:58,114.057701,22.531401,0,0
30372,19:09:28,114.058296,22.530701,0,15
30372,19:09:58,114.058601,22.529699,0,2
30372,19:11:28,114.058998,22.5284,0,13
30372,19:12:25,114.058998,22.5282,0,0
30372,19:12:55,114.059303,22.527201,0,7
30372,19:13:55,114.059303,22.527201,0,0
30372,19:15:26,114.059303,22.525999,0,0
30372,19:16:56,114.057999,22.5257,0,0
30372,19:17:26,114.057701,22.5257,0,0
30372,19:18:56,114.051903,22.525801,0,0
30372,19:19:26,114.051903,22.525801,0,0
30372,19:19:56,114.051903,22.525801,0,0
30372,19:20:26,114.0504,22.525801,0,9
30372,19:20:56,114.049103,22.5257,0,17
30372,19:22:26,114.046097,22.525801,0,23
30372,19:22:56,114.044899,22.5257,0,0
30372,19:23:26,114.043701,22.5242,0,32
30372,19:23:56,114.042603,22.5224,0,26
30372,19:25:26,114.050598,22.518101,0,0
30372,19:26:47,114.055496,22.5187,0,38
30372,19:27:17,114.059196,22.519899,0,8
30372,19:28:17,114.060699,22.521,0,0
30372,19:28:47,114.060699,22.521,0,0
30372,19:29:17,114.060699,22.521,0,0
30372,19:29:47,114.060699,22.5221,0,5
30372,19:30:17,114.0606,22.522699,0,1
30372,19:31:47,114.059998,22.524799,0,27
30372,19:32:47,114.059402,22.5273,0,10
30372,19:33:47,114.058197,22.534201,0,23
30372,19:34:17,114.058197,22.5355,0,0
30372,19:34:47,114.058197,22.5355,0,0
30372,19:35:17,114.058197,22.5355,0,0
30372,19:36:47,114.057999,22.5453,0,0
30372,19:37:17,114.057999,22.5453,0,0
30372,19:37:47,114.057999,22.5453,0,0
30372,19:39:17,114.055801,22.5495,0,10
30372,19:39:47,114.054802,22.5495,0,0
30372,19:41:01,114.054802,22.5495,0,0
30372,19:41:14,114.054802,22.5494,0,0
30372,19:41:44,114.053497,22.5494,0,10
30372,19:42:14,114.055099,22.5494,0,15
30372,19:42:44,114.057404,22.5494,0,7
30372,19:43:44,114.057701,22.549299,0,15
30372,19:44:14,114.057899,22.547701,0,0
30372,19:44:44,114.057899,22.547701,0,0
30372,19:45:44,114.059402,22.5474,0,29
30372,19:46:14,114.0625,22.5474,0,0
30372,19:46:44,114.0625,22.5474,0,0
30372,19:47:44,114.063004,22.547501,0,19
30372,19:48:14,114.066101,22.5476,0,20
30372,19:49:14,114.068802,22.5434,0,29
30372,19:50:14,114.071098,22.542801,0,24
30372,19:50:44,114.072601,22.5429,0,6
30372,19:51:14,114.0737,22.5429,0,8
30372,19:51:44,114.074303,22.5429,0,0
30372,19:53:44,114.076302,22.542999,0,9
30372,19:54:14,114.0784,22.542999,0,12
30372,19:55:14,114.082001,22.5431,0,5
30372,19:55:44,114.082802,22.5431,0,7
30372,19:56:14,114.0839,22.5431,0,10
30372,19:57:14,114.085297,22.5432,0,0
30372,19:57:44,114.086098,22.5431,0,6
30372,19:58:14,114.086403,22.5431,0,5
30372,19:58:44,114.087601,22.5432,0,6
30372,19:59:14,114.087601,22.5432,0,0
30372,20:00:18,114.0886,22.542999,0,0
30372,20:00:48,114.0886,22.542999,0,0
30372,20:01:48,114.0886,22.5429,0,9
30372,20:02:49,114.086998,22.541,0,9
30372,20:03:19,114.086899,22.5408,0,8
30372,20:04:15,114.084602,22.540701,0,0
30372,20:04:45,114.083099,22.540701,0,8
30372,20:05:15,114.082001,22.5408,0,8
30372,20:06:45,114.081398,22.540701,0,0
30372,20:07:15,114.081596,22.539,0,4
30372,20:07:45,114.081596,22.5364,0,17
30372,20:09:15,114.084,22.5373,0,0
30372,20:09:45,114.084,22.5373,0,0
30372,20:11:15,114.086098,22.5373,0,5
30372,20:12:15,114.087799,22.537399,0,8
30372,20:13:15,114.090103,22.5378,0,0
30372,20:13:45,114.090797,22.538,0,10
30372,20:14:15,114.091904,22.538099,0,5
30372,20:15:15,114.093399,22.538,0,8
30372,20:16:15,114.094803,22.538,0,0
30372,20:17:15,114.095497,22.538,0,0
30372,20:17:45,114.096001,22.538,0,0
30372,20:18:15,114.096703,22.538,0,7
30372,20:19:15,114.099098,22.538099,0,11
30372,20:19:45,114.100502,22.538099,0,14
30372,20:20:45,114.101402,22.538099,0,0
30372,20:21:15,114.102203,22.538099,0,4
30372,20:22:15,114.103302,22.538,0,5
30372,20:23:15,114.104897,22.5375,0,7
30372,20:23:45,114.1054,22.5373,0,0
30372,20:24:45,114.106598,22.5369,0,8
30372,20:25:15,114.107697,22.5371,0,5
30372,20:25:45,114.108299,22.5373,0,5
30372,20:26:15,114.109901,22.537701,0,0
30372,20:26:46,114.112198,22.538,0,8
30372,20:27:45,114.1166,22.539101,0,13
30372,20:28:15,114.117104,22.539499,0,0
30372,20:29:15,114.118599,22.5403,0,0
30372,20:29:45,114.120399,22.5417,0,9
30372,20:30:15,114.120796,22.542801,0,14
30372,20:31:15,114.122101,22.5448,0,0
30372,20:31:45,114.1222,22.544901,0,0
30372,20:32:25,114.121399,22.5434,0,10
30372,20:32:55,114.120697,22.5427,0,0
30372,20:33:25,114.120598,22.5424,0,5
30372,20:33:55,114.119598,22.5411,0,15
30372,20:34:25,114.119202,22.540701,0,0
30372,20:34:55,114.119202,22.540701,0,0
30372,20:35:55,114.117897,22.540001,0,4
30372,20:36:35,114.117401,22.5399,0,0
30372,20:37:05,114.115303,22.539301,0,21
30372,20:38:05,114.107101,22.537001,0,22
30372,20:39:05,114.100304,22.5382,0,34
30372,20:39:35,114.094803,22.5382,0,36
30372,20:40:05,114.0905,22.538099,0,27
30372,20:41:35,114.079002,22.5355,0,26
30372,20:42:05,114.077599,22.535,0,6
30372,20:42:31,114.0774,22.535299,0,0
30372,20:42:32,114.0774,22.535299,0,0
30372,20:42:39,114.077103,22.5354,0,5
30372,20:44:01,114.077499,22.536699,0,0
30372,20:44:31,114.077499,22.537399,0,7
30372,20:45:01,114.077698,22.5382,0,0
30372,20:45:31,114.077599,22.539801,0,6
30372,20:45:53,114.077698,22.540001,0,0
30372,20:46:23,114.0793,22.540199,0,16
30372,20:46:53,114.081703,22.540899,0,12
30372,20:47:23,114.082603,22.5431,0,17
30372,20:47:53,114.085701,22.542999,0,21
30372,20:48:23,114.087898,22.5431,0,0
30372,20:48:53,114.088097,22.5432,0,14
30372,20:49:23,114.0905,22.5432,0,0
30372,20:49:53,114.090698,22.543301,0,8
30372,20:50:23,114.091301,22.545,0,4
30372,20:50:53,114.091301,22.545,0,0
30372,20:52:23,114.091103,22.5508,0,0
30372,20:52:53,114.091103,22.5508,0,0
30372,20:53:23,114.091103,22.551001,0,0
30372,20:54:23,114.091103,22.551001,0,0
30372,20:55:23,114.091103,22.5515,0,0
30372,20:55:53,114.091103,22.5515,0,0
30372,20:56:23,114.091103,22.5515,0,0
30372,20:56:53,114.091103,22.5515,0,0
30372,20:57:53,114.089897,22.5518,0,14
30372,20:58:40,114.088898,22.5518,0,10
30372,20:59:10,114.085899,22.551701,0,21
30372,21:00:10,114.081596,22.553699,0,4
30372,21:01:10,114.081596,22.553699,0,0
30372,21:01:40,114.081596,22.5539,0,3
30372,21:02:40,114.082901,22.558001,0,23
30372,21:03:40,114.088799,22.558399,0,0
30372,21:04:59,114.085701,22.558399,0,25
30372,21:05:59,114.081001,22.558399,0,21
30372,21:06:14,114.080399,22.557501,0,0
30372,21:06:21,114.080399,22.557501,0,8
30372,21:07:59,114.081497,22.553699,0,18
30372,21:08:59,114.084,22.5511,0,10
30372,21:09:29,114.084099,22.549801,0,9
30372,21:09:49,114.084099,22.549601,0,0
30372,21:10:19,114.083702,22.5492,0,8
30372,21:10:49,114.082298,22.549299,0,14
30372,21:11:19,114.081398,22.549101,0,2
30372,21:11:49,114.0811,22.549101,0,0
30372,21:12:19,114.079201,22.549101,0,9
30372,21:12:49,114.079002,22.549101,0,0
30372,21:13:19,114.0784,22.5492,0,7
30372,21:13:49,114.076897,22.5492,0,8
30372,21:14:19,114.075996,22.5473,0,5
30372,21:14:49,114.072601,22.5478,0,20
30372,21:15:19,114.068604,22.547701,0,25
30372,21:15:49,114.068298,22.547701,0,0
30372,21:16:49,114.068298,22.547701,0,0
30372,21:17:19,114.068298,22.547701,0,0
30372,21:17:49,114.068298,22.547701,0,0
30372,21:18:19,114.067902,22.5448,0,36
30372,21:18:49,114.068001,22.5401,0,31
30372,21:19:19,114.066101,22.538401,0,19
30372,21:19:49,114.063499,22.537701,0,13
30372,21:20:19,114.063499,22.537701,0,0
30372,21:20:49,114.062897,22.5368,0,22
30372,21:21:49,114.063004,22.535999,0,0
30372,21:21:54,114.063004,22.535999,0,0
30372,21:22:20,114.063004,22.534401,0,27
30372,21:22:50,114.063004,22.531401,0,23
30372,21:23:20,114.062897,22.527901,0,8
30372,21:23:50,114.061203,22.527599,0,13
30372,21:24:20,114.059601,22.527599,0,6
30372,21:24:50,114.058601,22.527599,0,0
30372,21:25:20,114.057098,22.527599,0,0
30372,21:26:20,114.056999,22.5287,0,0
30372,21:28:00,114.057098,22.5277,0,0
30372,21:28:30,114.058403,22.527599,0,0
30372,21:29:00,114.0588,22.5277,0,0
30372,21:29:30,114.0588,22.5277,0,0
30372,21:30:30,114.058601,22.530001,0,31
30372,21:31:30,114.058197,22.5347,0,0
30372,21:32:00,114.058197,22.5347,0,0
30372,21:32:30,114.0578,22.5366,0,7
30372,21:33:00,114.0578,22.5366,0,0
30372,21:34:00,114.057602,22.537201,0,4
30372,21:34:30,114.057602,22.537201,0,0
30372,21:35:30,114.057198,22.5375,0,25
30372,21:36:00,114.054901,22.5375,0,22
30372,21:37:00,114.051498,22.5375,0,4
30372,21:38:30,114.048203,22.537399,0,0
30372,21:39:58,114.0495,22.5373,0,0
30372,21:41:02,114.050797,22.5375,0,17
30372,21:42:02,114.048103,22.5375,0,0
30372,21:42:32,114.048103,22.5375,0,0
30372,21:43:02,114.044601,22.537399,0,34
30372,21:44:32,114.044899,22.5282,0,20
30372,21:45:32,114.044502,22.526199,0,23
30372,21:46:02,114.042999,22.5231,0,18
30372,21:46:32,114.041901,22.5215,0,0
30372,21:48:02,114.0411,22.520201,0,0
30372,21:48:08,114.0411,22.520201,0,0
30372,21:48:38,114.040604,22.5194,0,18
30372,21:49:38,114.040604,22.518999,0,30
30372,21:50:08,114.042603,22.520599,0,20
30372,21:51:08,114.050201,22.518101,0,23
30372,21:51:38,114.050598,22.518,0,0
30372,21:52:38,114.053902,22.518299,0,37
30372,21:53:29,114.058502,22.5196,0,20
30372,21:54:59,114.060799,22.521,0,0
30372,21:55:29,114.060799,22.521,0,0
30372,21:56:29,114.063103,22.524099,0,39
30372,21:57:59,114.0662,22.531601,0,32
30372,21:59:29,114.079102,22.5347,0,24
30372,22:00:29,114.086403,22.537399,0,30
30372,22:00:59,114.089996,22.5378,0,32
30372,22:01:29,114.092201,22.538099,0,7
30372,22:03:29,114.099197,22.538099,0,10
30372,22:03:59,114.101501,22.538099,0,15
30372,22:04:29,114.103302,22.538099,0,9
30372,22:04:59,114.103996,22.538,0,4
30372,22:05:29,114.104301,22.5378,0,0
30372,22:05:59,114.104897,22.5376,0,4
30372,22:06:59,114.108597,22.537399,0,27
30372,22:08:59,114.1175,22.5397,0,15
30372,22:09:09,114.118103,22.539801,0,5
30372,22:09:39,114.117996,22.5399,0,0
30372,22:10:09,114.116997,22.5397,0,14
30372,22:12:09,114.104401,22.537901,0,32
30372,22:12:39,114.101402,22.538601,0,23
30372,22:13:39,114.099701,22.5399,0,0
30372,22:14:09,114.099701,22.5401,0,3
30372,22:14:39,114.099701,22.5404,0,0
30372,22:16:39,114.099701,22.5408,0,0
30372,22:17:09,114.099701,22.5408,0,0
30372,22:18:09,114.099701,22.5408,0,0
30372,22:18:39,114.099602,22.5411,0,7
30372,22:19:09,114.097,22.541,0,9
30372,22:19:51,114.096603,22.5401,0,0
30372,22:20:21,114.0961,22.5401,0,0
30372,22:20:51,114.095398,22.5401,0,13
30372,22:21:51,114.091698,22.5383,0,34
30372,22:22:51,114.082298,22.5373,0,22
30372,22:23:21,114.0793,22.535601,0,20
30372,22:23:51,114.077103,22.532301,0,29
30372,22:24:21,114.072502,22.531799,0,33
30372,22:25:21,114.060402,22.531601,0,41
30372,22:25:51,114.055,22.531601,0,35
30372,22:26:21,114.051201,22.531601,0,25
30372,22:26:51,114.047897,22.531601,0,24
30372,22:27:21,114.044601,22.5315,0,28
30372,22:30:51,114.039597,22.524,0,19
30372,22:31:21,114.039001,22.5242,0,0
30372,22:31:56,114.039001,22.5242,0,0
30372,22:34:21,114.038498,22.528,0,22
30372,22:35:51,114.044296,22.5312,0,28
30372,22:36:52,114.052399,22.5313,0,34
30372,22:37:52,114.062103,22.531401,0,28
30372,22:38:52,114.063103,22.527599,0,25
30372,22:39:22,114.063103,22.532301,0,39
30372,22:39:52,114.063301,22.535801,0,10
30372,22:40:22,114.064201,22.5359,0,0
30372,22:40:52,114.064201,22.5359,0,0
30372,22:41:22,114.064201,22.5359,0,0
30372,22:41:52,114.064301,22.5362,0,10
30372,22:41:57,114.064102,22.5366,0,12
30372,22:42:27,114.064301,22.5376,0,0
30372,22:42:32,114.0644,22.5376,0,0
30372,22:43:02,114.066597,22.5383,0,24
30372,22:44:32,114.063301,22.5376,0,0
30372,22:45:02,114.063301,22.537399,0,10
30372,22:45:32,114.066498,22.538401,0,28
30372,22:46:02,114.071297,22.538601,0,22
30372,22:46:32,114.071999,22.5373,0,18
30372,22:47:32,114.073898,22.5355,0,4
30372,22:48:02,114.0746,22.534901,0,10
30372,22:48:32,114.0756,22.534201,0,0
30372,22:49:02,114.076103,22.5338,0,5
30372,22:51:02,114.077202,22.532499,0,16
30372,22:52:02,114.072601,22.532,0,0
30372,22:52:11,114.072403,22.532,0,11
30372,22:55:11,114.066399,22.538401,0,33
30372,22:55:46,114.064003,22.5376,0,0
30372,22:56:16,114.062897,22.5368,0,21
30372,22:57:16,114.063103,22.531601,0,33
30372,22:57:46,114.063004,22.5266,0,20
30372,22:58:16,114.062897,22.5235,0,34
30372,22:59:16,114.058998,22.52,0,14
30372,22:59:46,114.056503,22.5193,0,15
30372,23:00:16,114.056396,22.5215,0,10
30372,23:00:46,114.056503,22.5228,0,8
30372,23:01:16,114.056,22.5229,0,0
30372,23:01:46,114.056,22.5229,0,0
30372,23:02:22,114.056503,22.523199,0,0
30372,23:02:52,114.056801,22.523701,0,12
30372,23:03:22,114.058403,22.523701,0,9
30372,23:06:22,114.058197,22.5352,0,0
30372,23:07:22,114.057899,22.5376,0,13
30372,23:07:49,114.056198,22.5375,0,0
30372,23:08:22,114.056099,22.5375,0,0
30372,23:08:52,114.056,22.538601,0,4
30372,23:09:52,114.056,22.538601,0,0
30372,23:10:22,114.056,22.538601,0,0
30372,23:11:22,114.056,22.538601,0,0
30372,23:11:52,114.056,22.538601,0,0
30372,23:12:22,114.056,22.538601,0,0
30372,23:12:52,114.056,22.538601,0,0
30372,23:13:22,114.056,22.538601,0,0
30372,23:14:52,114.056,22.538601,0,0
30372,23:15:22,114.056,22.5378,0,0
30372,23:16:22,114.058098,22.535801,0,0
30372,23:16:52,114.058098,22.535801,0,0
30372,23:17:22,114.058197,22.5352,0,14
30372,23:17:52,114.058197,22.531401,0,32
30372,23:18:22,114.059303,22.527399,0,16
30372,23:19:22,114.059998,22.5247,0,27
30372,23:19:52,114.060204,22.524,0,0
30372,23:20:22,114.060204,22.524,0,0
30372,23:20:52,114.0588,22.5236,0,5
30372,23:21:22,114.057602,22.523701,0,5
30372,23:21:52,114.056396,22.523399,0,10
30372,23:22:22,114.056,22.5229,0,0
30372,23:22:49,114.056602,22.523199,0,5
30372,23:23:19,114.056602,22.5236,0,0
30372,23:23:27,114.056602,22.5236,0,0
30372,23:23:57,114.056503,22.5215,0,13
30372,23:24:57,114.054298,22.5212,0,0
30372,23:25:27,114.055298,22.5207,0,0
30372,23:25:34,114.056,22.520599,0,17
30372,23:25:58,114.056602,22.5193,0,14
30372,23:26:28,114.053497,22.518299,0,19
30372,23:27:57,114.042198,22.5214,0,17
30372,23:28:27,114.0439,22.5245,0,31
30372,23:28:57,114.044296,22.525299,0,0
30372,23:29:27,114.044296,22.525299,0,0
30372,23:29:57,114.044998,22.528099,0,24
30372,23:30:57,114.045303,22.5322,0,24
30372,23:31:27,114.044601,22.5315,0,15
30372,23:31:57,114.040802,22.531099,0,23
30372,23:32:57,114.031097,22.530399,0,28
30372,23:33:27,114.029503,22.531,0,0
30372,23:33:57,114.0289,22.533199,0,20
30372,23:35:11,114.028198,22.5369,0,2
30372,23:35:41,114.027802,22.539,0,28
30372,23:35:59,114.027702,22.5394,0,0
30372,23:36:29,114.028801,22.5401,0,23
30372,23:36:59,114.032898,22.5408,0,29
30372,23:37:29,114.037399,22.541599,0,35
30372,23:37:59,114.041397,22.542101,0,22
30372,23:38:29,114.043602,22.541201,0,24
30372,23:38:59,114.044403,22.537001,0,37
30372,23:39:59,114.044899,22.5278,0,11
30372,23:40:29,114.043098,22.5275,0,12
30372,23:40:59,114.041496,22.526899,0,8
30372,23:42:59,114.035698,22.5263,0,12
30372,23:43:59,114.033997,22.5257,0,0
30372,23:44:30,114.032997,22.526199,0,11
30372,23:44:59,114.0308,22.527599,0,26
30372,23:45:29,114.027802,22.528999,0,23
30372,23:45:59,114.024902,22.5315,0,26
30372,23:46:29,114.020897,22.532301,0,19
30372,23:46:59,114.017403,22.531799,0,24
30372,23:47:29,114.015198,22.532101,0,22
30372,23:47:59,114.014397,22.534599,0,18
30372,23:48:29,114.012802,22.536501,0,18
30372,23:48:59,114.011299,22.539,0,19
30372,23:49:59,114.008301,22.537201,0,0
30372,23:50:59,114.002899,22.537399,0,22
30372,23:51:29,114.002502,22.538799,0,0
30372,23:52:35,114.002998,22.5364,0,0
30372,23:53:05,114.002998,22.5364,0,0
30372,23:59:52,114.014,22.538,0,0
