31545,01:00:32,113.869003,22.5853,1,38
31545,01:01:02,113.872299,22.587799,1,57
31545,01:02:02,113.867996,22.5937,1,74
31545,01:02:32,113.864899,22.5987,1,79
31545,01:03:03,113.861504,22.6038,1,72
31545,01:08:11,113.861504,22.6038,1,0
31545,01:08:47,113.829399,22.6462,0,57
31545,01:09:17,113.826599,22.6499,0,53
31545,01:09:46,113.826599,22.6497,0,53
31545,01:10:16,113.826103,22.6499,0,46
31545,01:10:46,113.829102,22.646299,0,62
31545,01:11:16,113.831497,22.642799,0,40
31545,01:11:47,113.833199,22.640699,0,25
31545,01:12:17,113.835197,22.638901,0,37
31545,01:12:47,113.837898,22.636,0,61
31545,01:13:17,113.840897,22.6327,0,55
31545,01:13:47,113.843399,22.629601,0,40
31545,01:14:17,113.845001,22.626499,0,42
31545,01:14:47,113.846901,22.623501,0,46
31545,01:15:17,113.849403,22.620701,0,50
31545,01:15:47,113.851196,22.618601,0,5
31545,01:16:17,113.852097,22.6171,0,37
31545,01:16:47,113.853401,22.614799,0,29
31545,01:17:18,113.853897,22.612499,0,38
31545,01:17:48,113.849899,22.610901,0,57
31545,01:18:18,113.846901,22.609699,0,12
31545,01:18:50,113.847603,22.6077,0,38
31545,01:19:20,113.848602,22.6056,0,29
31545,01:19:50,113.849098,22.603701,0,27
31545,01:20:20,113.846497,22.6022,0,38
31545,01:20:51,113.844704,22.6003,0,22
31545,01:21:51,113.844498,22.5984,0,46
31545,01:22:21,113.846901,22.594601,0,59
31545,01:22:52,113.849998,22.591,0,64
31545,01:25:17,113.857903,22.585199,1,25
31545,01:26:47,113.859596,22.586399,1,46
31545,01:27:18,113.862503,22.5854,1,59
31545,01:29:20,113.867699,22.5842,1,62
31545,01:29:50,113.870697,22.586399,1,48
31545,01:30:20,113.873199,22.585899,1,38
31545,01:30:50,113.876701,22.5823,1,70
31545,01:32:51,113.878304,22.5797,1,35
31545,01:33:22,113.876099,22.5781,1,35
31545,01:33:52,113.874802,22.5756,1,16
31545,01:34:22,113.873703,22.5735,1,20
31545,01:34:52,113.871002,22.575001,1,53
31545,01:35:22,113.867203,22.5776,1,66
31545,01:35:52,113.8638,22.5807,1,1
31545,01:36:50,113.8619,22.582399,1,59
31545,01:38:23,113.858101,22.5849,1,24
31545,01:39:42,113.858803,22.584499,0,37
31545,01:40:12,113.861603,22.582399,0,44
31545,01:40:42,113.862396,22.5807,0,1
31545,01:43:12,113.862396,22.5805,0,7
31545,13:33:12,113.862396,22.580799,0,1
31545,13:34:13,113.862297,22.580799,0,1
31545,14:33:42,113.8992,22.5627,0,20
31545,14:35:14,113.894501,22.5674,0,33
31545,14:35:44,113.893402,22.568199,0,18
31545,14:44:46,113.893997,22.567801,0,20
31545,14:45:17,113.895103,22.566799,0,24
31545,14:45:47,113.8965,22.5653,0,16
31545,14:47:17,113.897697,22.5653,0,11
31545,14:47:47,113.899002,22.566299,0,12
31545,14:48:19,113.899597,22.566401,0,24
31545,14:49:47,113.9011,22.564899,0,12
31545,14:50:17,113.902199,22.563801,0,25
31545,14:50:46,113.903603,22.562401,0,27
31545,14:51:16,113.902603,22.5609,0,44
31545,14:51:46,113.8993,22.5581,0,53
31545,14:52:16,113.897003,22.557501,0,27
31545,14:52:47,113.894798,22.559299,0,33
31545,14:53:17,113.8927,22.5609,0,24
31545,14:53:47,113.890999,22.562599,0,31
31545,14:55:54,113.891197,22.5651,1,40
31545,14:56:24,113.8936,22.566401,1,31
31545,14:56:54,113.894501,22.5679,1,7
31545,14:57:55,113.8946,22.568001,1,11
31545,14:58:25,113.8964,22.569599,1,11
31545,14:59:41,113.894699,22.5714,1,37
31545,15:00:42,113.892502,22.573601,1,29
31545,15:01:12,113.890602,22.5755,1,11
31545,15:02:14,113.887497,22.578699,1,35
31545,15:02:44,113.886703,22.579399,1,16
31545,15:03:15,113.886101,22.580099,1,35
31545,15:03:45,113.887604,22.5823,1,38
31545,15:04:55,113.889297,22.582001,0,20
31545,15:08:06,113.892197,22.578899,1,22
31545,15:08:36,113.894897,22.576401,1,51
31545,15:10:06,113.897301,22.5739,1,48
31545,15:12:37,113.8993,22.572001,1,20
31545,15:13:09,113.901299,22.57,1,33
31545,15:14:09,113.901901,22.5693,1,18
31545,15:14:39,113.904297,22.5669,1,33
31545,15:15:10,113.903297,22.565201,1,25
31545,15:17:52,113.901497,22.564501,0,1
31545,15:18:24,113.901703,22.563999,0,5
31545,15:19:54,113.9021,22.562599,0,7
31545,15:20:24,113.901299,22.5613,0,11
31545,15:20:54,113.901199,22.561199,0,7
31545,15:22:55,113.900597,22.5604,0,46
31545,15:23:25,113.8964,22.5634,0,68
31545,15:23:55,113.892502,22.5674,0,70
31545,15:24:25,113.8909,22.569201,0,20
31545,15:24:56,113.8899,22.570299,0,27
31545,15:25:26,113.888802,22.5714,0,12
31545,15:25:56,113.888199,22.572001,0,9
31545,15:26:26,113.887497,22.572599,0,12
31545,15:26:56,113.886497,22.5735,0,7
31545,15:27:26,113.885696,22.5742,0,5
31545,15:27:56,113.885201,22.574699,0,9
31545,15:28:26,113.884697,22.575199,0,5
31545,15:28:56,113.883904,22.575899,0,12
31545,15:29:26,113.883003,22.5767,0,14
31545,15:29:54,113.882401,22.5774,0,16
31545,15:32:24,113.883698,22.578899,0,25
31545,15:32:55,113.884598,22.579599,0,1
31545,15:33:54,113.885696,22.5807,0,33
31545,15:35:25,113.889198,22.5835,0,9
31545,15:38:26,113.890404,22.584299,0,24
31545,15:38:56,113.8927,22.5849,0,25
31545,15:39:26,113.895103,22.5854,0,37
31545,15:39:56,113.897102,22.585899,0,22
31545,15:40:26,113.899101,22.5847,0,35
31545,15:41:26,113.904503,22.587099,0,37
31545,15:41:57,113.908798,22.5875,0,70
31545,15:42:27,113.912498,22.5884,0,53
31545,15:42:57,113.915497,22.5909,0,37
31545,15:43:29,113.9151,22.594601,0,51
31545,15:44:29,113.918999,22.6047,0,83
31545,15:44:59,113.920898,22.6103,0,74
31545,15:45:29,113.920998,22.616301,0,83
31545,15:46:00,113.920998,22.621901,0,59
31545,15:46:29,113.921097,22.6266,0,74
31545,15:46:59,113.921204,22.632401,0,77
31545,15:47:29,113.921303,22.638,0,72
31545,15:48:26,113.919296,22.646099,0,61
31545,15:48:56,113.915703,22.650101,0,75
31545,15:50:27,113.917,22.6569,0,57
31545,15:50:59,113.919403,22.6602,0,57
31545,15:51:29,113.917,22.6614,0,40
31545,15:52:29,113.913803,22.66,0,55
31545,15:52:59,113.915398,22.6583,0,61
31545,15:53:29,113.920502,22.659901,0,64
31545,15:53:59,113.925598,22.6632,0,61
31545,15:54:30,113.927299,22.665199,0,42
31545,15:55:00,113.930702,22.668501,0,72
31545,15:55:30,113.936203,22.6714,0,62
31545,15:56:00,113.938301,22.6723,0,3
31545,15:56:30,113.939102,22.672701,0,3
31545,15:57:00,113.939499,22.672899,0,3
31545,15:57:29,113.940002,22.673201,0,3
31545,15:58:00,113.940399,22.673401,0,1
31545,15:58:30,113.940598,22.6735,0,5
31545,15:59:00,113.941299,22.674,0,14
31545,16:00:01,113.942001,22.6744,0,7
31545,16:00:31,113.942902,22.6751,0,16
31545,16:01:01,113.944199,22.676201,0,3
31545,16:02:01,113.944801,22.676701,0,3
31545,16:02:31,113.945099,22.677,0,12
31545,16:03:01,113.945999,22.6777,0,16
31545,16:03:31,113.946999,22.678499,0,11
31545,16:05:01,113.947899,22.6791,0,7
31545,16:05:31,113.948303,22.679399,0,7
31545,16:06:01,113.948997,22.679899,0,9
31545,16:07:01,113.949997,22.6805,0,1
31545,16:07:31,113.950699,22.680901,0,11
31545,16:09:02,113.952003,22.681601,0,9
31545,16:09:31,113.952599,22.6819,0,11
31545,16:10:01,113.9534,22.682301,0,3
31545,16:10:32,113.953598,22.682301,0,9
31545,16:11:02,113.954498,22.682699,0,11
31545,16:11:31,113.955299,22.683001,0,14
31545,16:12:01,113.956398,22.683399,0,12
31545,16:12:32,113.957703,22.6838,0,18
31545,16:13:01,113.958702,22.684099,0,12
31545,16:13:32,113.960197,22.6845,0,22
31545,16:14:02,113.962303,22.685101,0,31
31545,16:14:32,113.9645,22.6856,0,37
31545,16:15:02,113.968002,22.686501,0,33
31545,16:15:34,113.969398,22.6868,0,24
31545,16:16:04,113.971199,22.687,0,16
31545,16:16:34,113.972702,22.687099,0,16
31545,16:17:04,113.9748,22.687099,0,33
31545,16:23:36,114.036003,22.684,0,9
31545,16:24:06,114.037003,22.684,0,9
31545,16:25:06,114.038002,22.684,0,9
31545,16:25:36,114.038902,22.684099,0,11
31545,16:28:35,114.043701,22.6838,0,11
31545,16:29:06,114.044403,22.683701,0,7
31545,16:29:36,114.045403,22.683599,0,12
31545,16:30:06,114.046097,22.6835,0,3
31545,16:30:36,114.0467,22.6835,0,9
31545,16:31:06,114.047501,22.683399,0,9
31545,16:31:36,114.0485,22.6833,0,9
31545,16:32:36,114.049896,22.6831,0,12
31545,16:33:06,114.050797,22.683001,0,7
31545,16:33:36,114.051598,22.683001,0,9
31545,16:34:07,114.052498,22.6828,0,11
31545,16:34:37,114.053299,22.682699,0,11
31545,16:35:07,114.054398,22.682501,0,14
31545,16:35:36,114.055603,22.682199,0,12
31545,16:36:06,114.056396,22.6819,0,9
31545,16:36:36,114.057098,22.681601,0,11
31545,16:37:06,114.057999,22.681299,0,12
31545,16:37:36,114.058998,22.680799,0,11
31545,16:38:07,114.060097,22.680201,0,12
31545,16:38:37,114.060997,22.6796,0,7
31545,16:39:07,114.061798,22.679001,0,11
31545,16:39:36,114.062897,22.6782,0,27
31545,16:40:07,114.0644,22.677099,0,18
31545,16:40:37,114.066399,22.6761,0,27
31545,16:41:07,114.068398,22.675301,0,24
31545,16:41:39,114.070602,22.674601,0,29
31545,16:42:09,114.072701,22.674299,0,14
31545,16:42:39,114.0746,22.674101,0,31
31545,16:43:09,114.0774,22.673401,0,44
31545,16:43:39,114.080299,22.671801,0,37
31545,16:44:09,114.082703,22.6698,0,44
31545,16:45:09,114.091301,22.6663,0,77
31545,16:45:39,114.097801,22.6651,0,79
31545,16:46:09,114.104401,22.6646,0,88
31545,16:46:37,114.110497,22.665001,0,72
31545,16:52:11,114.110497,22.665001,0,0
31545,16:52:41,114.189102,22.6686,0,92
31545,16:53:11,114.193901,22.674101,0,94
31545,16:53:41,114.2006,22.6775,0,90
31545,16:54:11,114.208,22.678499,0,85
31545,16:54:41,114.213898,22.6807,0,77
31545,16:55:11,114.220001,22.6824,0,74
31545,16:55:41,114.2267,22.6849,0,85
31545,16:56:11,114.230202,22.6877,0,51
31545,16:56:41,114.233902,22.6908,0,68
31545,16:57:11,114.237999,22.694099,0,72
31545,16:57:41,114.241699,22.6984,0,77
31545,16:58:11,114.244698,22.7041,0,88
31545,16:58:41,114.249702,22.7087,0,92
31545,16:59:11,114.257401,22.709499,0,96
31545,16:59:42,114.265404,22.7096,0,94
31545,17:00:12,114.272797,22.709801,0,88
31545,17:00:42,114.2799,22.7101,0,98
31545,17:01:12,114.287201,22.712601,0,90
31545,17:01:42,114.292603,22.716101,0,57
31545,17:02:12,114.295502,22.7181,0,64
31545,17:02:42,114.300797,22.7215,0,75
31545,17:03:14,114.306702,22.724199,0,90
31545,17:03:44,114.309402,22.729799,0,94
31545,17:04:14,114.308296,22.737101,0,96
31545,17:05:15,114.311501,22.7509,0,98
31545,17:08:16,114.327301,22.7938,0,96
31545,17:09:16,114.327202,22.807899,0,87
31545,17:09:46,114.328499,22.814699,0,83
31545,17:10:16,114.327904,22.8188,0,44
31545,17:10:46,114.3283,22.822001,0,40
31545,17:11:16,114.329201,22.8253,0,61
31545,17:11:46,114.330704,22.830799,0,57
31545,17:12:16,114.3321,22.833799,0,38
31545,17:12:47,114.334297,22.836901,0,51
31545,17:13:17,114.336502,22.840599,0,57
31545,17:13:46,114.338303,22.844801,0,62
31545,17:14:17,114.339401,22.849199,0,44
31545,17:15:17,114.339897,22.856501,0,61
31545,17:15:47,114.339203,22.8619,0,75
31545,17:16:19,114.336998,22.8687,0,94
31545,17:16:49,114.333801,22.874399,0,59
31545,17:17:19,114.331299,22.8778,0,68
31545,17:17:50,114.329002,22.882601,0,59
31545,17:18:20,114.325897,22.8862,0,75
31545,17:18:50,114.324402,22.8916,0,75
31545,17:19:20,114.322601,22.8974,0,87
31545,17:19:50,114.321098,22.9044,0,98
31545,17:20:21,114.320099,22.9084,0,24
31545,17:21:21,114.318802,22.9119,0,37
31545,17:21:50,114.317802,22.9165,0,87
31545,17:22:20,114.315903,22.9228,0,81
31545,17:22:50,114.310699,22.927,0,83
31545,17:23:20,114.304901,22.930799,0,88
31545,17:23:50,114.3022,22.9368,0,75
31545,17:24:20,114.3032,22.9422,0,83
31545,17:25:51,114.312103,22.962799,0,72
31545,17:26:21,114.314598,22.966101,0,72
31545,17:26:51,114.3209,22.9636,0,90
31545,17:28:52,114.354103,22.9613,0,92
31545,17:29:52,114.369102,22.966,0,98
31545,17:32:54,114.416801,22.970501,0,98
31545,17:33:52,114.432701,22.9702,0,98
31545,17:36:52,114.484398,22.975901,0,111
31545,17:37:22,114.4935,22.9767,0,116
31545,17:38:24,114.512001,22.9758,0,111
31545,17:38:54,114.520302,22.9788,0,111
31545,17:39:55,114.538498,22.979799,0,112
31545,17:42:26,114.5811,22.990801,0,98
31545,17:42:56,114.588097,22.994101,0,92
31545,17:43:26,114.593803,22.995501,0,72
31545,17:45:57,114.633202,23.005301,0,88
31545,17:46:27,114.638901,23.0089,0,75
31545,17:46:57,114.642197,23.0114,0,57
31545,17:47:29,114.640404,23.0126,0,75
31545,17:48:29,114.634201,23.0245,0,92
31545,17:48:59,114.632797,23.0313,0,79
31545,17:49:29,114.632004,23.0364,0,83
31545,17:54:01,114.588997,23.0931,0,96
31545,17:56:32,114.575798,23.130301,0,94
31545,17:57:02,114.573799,23.1373,0,96
31545,17:58:04,114.570099,23.1499,0,66
31545,18:01:35,114.569702,23.1486,0,57
31545,18:02:05,114.571297,23.1429,0,92
31545,18:02:35,114.574097,23.1362,0,98
31545,18:03:06,114.575996,23.128401,0,96
31545,18:04:36,114.5811,23.1047,0,111
31545,18:05:06,114.585602,23.0975,0,112
31545,18:05:36,114.590698,23.090599,0,111
31545,18:06:36,114.601799,23.077499,0,114
31545,18:07:06,114.608902,23.071699,0,116
31545,18:09:07,114.630203,23.045799,0,98
31545,18:10:09,114.632896,23.0301,0,94
31545,18:11:09,114.638397,23.014999,0,112
31545,18:11:39,114.643402,23.0077,0,112
31545,18:21:11,114.692001,22.9592,0,40
31545,18:21:41,114.694397,22.9613,0,31
31545,18:22:11,114.696098,22.9627,0,1
31545,18:23:12,114.698097,22.963699,0,38
31545,18:23:42,114.700996,22.965099,0,51
31545,18:24:12,114.704597,22.966499,0,35
31545,18:24:42,114.7071,22.967699,0,18
31545,18:25:11,114.707603,22.9681,0,5
31545,18:26:42,114.707802,22.9683,0,11
31545,18:27:12,114.708099,22.9688,0,5
31545,18:28:44,114.708099,22.969,0,5
31545,18:31:15,114.708397,22.9701,0,14
31545,18:32:16,114.708801,22.9732,0,37
31545,18:32:46,114.709999,22.9755,0,40
31545,18:33:16,114.710999,22.9772,0,7
31545,18:35:16,114.713898,22.9785,0,42
31545,18:35:46,114.716797,22.978901,0,25
31545,18:36:16,114.719704,22.9795,0,35
31545,18:36:47,114.721497,22.980499,0,22
31545,18:38:17,114.7229,22.981899,0,24
31545,18:38:49,114.724701,22.983999,0,35
31545,18:39:19,114.727203,22.9834,0,20
31545,18:39:49,114.730598,22.9825,0,55
31545,18:40:19,114.733803,22.982401,0,31
31545,18:40:49,114.736099,22.9816,0,20
31545,18:49:21,114.7388,22.980301,0,25
31545,18:49:51,114.741402,22.978201,0,48
31545,18:50:21,114.7444,22.9758,0,46
31545,18:50:51,114.746902,22.973301,0,5
31545,18:51:21,114.747597,22.9715,0,51
31545,18:51:51,114.748901,22.967899,0,18
31545,18:52:21,114.750603,22.968599,0,57
31545,18:52:51,114.753098,22.9737,0,66
31545,18:53:21,114.756104,22.974899,0,57
31545,18:54:22,114.767899,22.9767,0,83
31545,18:54:52,114.773903,22.9788,0,85
31545,18:55:22,114.780899,22.9802,0,85
31545,18:55:52,114.787697,22.9793,0,85
31545,18:56:24,114.793404,22.983101,0,85
31545,18:56:54,114.799698,22.985701,0,85
31545,18:57:24,114.806396,22.987,0,77
31545,18:57:54,114.812599,22.987499,0,75
31545,18:58:25,114.819099,22.9881,0,72
31545,18:58:55,114.8246,22.991699,0,90
31545,18:59:25,114.830803,22.9953,0,88
31545,19:00:26,114.838303,23.000601,0,57
31545,19:00:56,114.843002,23.0033,0,77
31545,19:01:26,114.8489,23.005301,0,72
31545,19:02:25,114.859398,23.009701,0,51
31545,19:02:56,114.863998,23.0116,0,70
31545,19:03:26,114.868797,23.0145,0,68
31545,19:03:56,114.873802,23.0165,0,59
31545,19:04:26,114.877998,23.017799,0,59
31545,19:04:56,114.883102,23.019199,0,62
31545,19:05:26,114.888496,23.0191,0,68
31545,19:05:56,114.894302,23.0196,0,74
31545,19:06:26,114.900299,23.0212,0,72
31545,19:07:26,114.9123,23.0245,0,79
31545,19:07:56,114.918602,23.026199,0,85
31545,19:08:26,114.925201,23.0261,0,77
31545,19:08:57,114.931099,23.0264,0,59
31545,19:09:27,114.935799,23.027399,0,29
31545,19:09:57,114.939301,23.0291,0,61
31545,19:10:27,114.940201,23.0315,0,44
31545,19:11:29,114.939796,23.0347,0,31
31545,19:12:29,114.939301,23.038401,0,31
31545,19:13:00,114.942802,23.0394,0,42
31545,19:13:30,114.944504,23.042801,0,64
31545,19:14:00,114.946297,23.0474,0,59
31545,19:14:30,114.947998,23.049801,0,29
31545,19:15:00,114.9496,23.051399,0,27
31545,20:42:57,114.950798,23.0534,0,5
31545,20:43:29,114.950203,23.0518,0,29
31545,20:43:59,114.949097,23.050501,0,22
31545,20:44:29,114.947098,23.0494,0,24
31545,20:45:30,114.945198,23.0443,0,11
31545,20:46:00,114.943901,23.0413,0,44
31545,20:46:30,114.942001,23.039,0,31
31545,20:47:00,114.938904,23.0383,0,16
31545,20:47:31,114.9394,23.0359,0,40
31545,20:48:01,114.939903,23.033501,0,33
31545,20:48:31,114.940102,23.031099,0,31
31545,20:50:01,114.940399,23.029699,0,9
31545,20:50:31,114.937798,23.0284,0,38
31545,20:51:01,114.935501,23.0273,0,25
31545,20:51:31,114.931099,23.0266,0,66
31545,20:52:01,114.925102,23.026199,0,77
31545,20:52:32,114.9189,23.0263,0,70
31545,20:53:02,114.913696,23.025,0,70
31545,20:53:32,114.908096,23.023399,0,70
31545,20:54:04,114.9021,23.021799,0,70
31545,20:54:34,114.896301,23.0201,0,74
31545,20:55:04,114.890404,23.0193,0,62
31545,20:55:34,114.884499,23.0193,0,74
31545,20:56:05,114.879204,23.018101,0,57
31545,20:56:35,114.875397,23.017099,0,37
31545,20:57:05,114.871803,23.016001,0,44
31545,20:57:35,114.867699,23.0138,0,66
31545,20:58:06,114.863197,23.0112,0,62
31545,20:58:36,114.8582,23.0096,0,64
31545,20:59:06,114.853203,23.008101,0,57
31545,20:59:36,114.849098,23.005501,0,68
31545,21:00:06,114.844002,23.003599,0,70
31545,21:00:36,114.838997,23.0012,0,59
31545,21:01:06,114.836403,22.9993,0,46
31545,21:01:36,114.832497,22.996401,0,64
31545,21:02:07,114.827499,22.993401,0,68
31545,21:02:37,114.823196,22.990999,0,68
31545,21:03:07,114.818703,22.9881,0,62
31545,21:03:39,114.8125,22.9876,0,79
31545,21:04:09,114.806297,22.987,0,74
31545,21:04:39,114.800301,22.985901,0,81
31545,21:05:09,114.794601,22.9841,0,68
31545,21:05:40,114.7901,22.9806,0,68
31545,21:06:10,114.784798,22.979601,0,72
31545,21:06:40,114.779503,22.9802,0,61
31545,21:07:10,114.7743,22.979,0,66
31545,21:07:41,114.768898,22.9774,0,70
31545,21:08:11,114.763603,22.974501,0,72
31545,21:08:41,114.758202,22.974899,0,46
31545,21:09:11,114.754799,22.975201,0,37
31545,21:09:41,114.7528,22.974501,0,25
31545,21:10:11,114.752098,22.9708,0,55
31545,21:10:41,114.749001,22.967699,0,44
31545,21:11:11,114.7444,22.966,0,70
31545,21:11:41,114.739403,22.964399,0,29
31545,21:12:11,114.736504,22.9627,0,35
31545,21:12:41,114.731697,22.961599,0,72
31545,21:13:11,114.725403,22.961,0,75
31545,21:13:41,114.719902,22.961,0,50
31545,21:14:11,114.7145,22.962799,0,77
31545,21:14:42,114.708504,22.964199,0,75
31545,21:15:12,114.702499,22.9639,0,72
31545,21:15:42,114.696999,22.962799,0,44
31545,21:16:12,114.696602,22.9629,0,11
31545,21:17:14,114.691498,22.959,0,57
31545,21:17:44,114.686996,22.9576,0,55
31545,21:18:14,114.682503,22.9559,0,59
31545,21:19:14,114.673401,22.9524,0,61
31545,21:19:45,114.6688,22.951799,0,59
31545,21:20:15,114.664101,22.9501,0,62
31545,21:20:45,114.660103,22.9473,0,51
31545,21:21:15,114.657204,22.946301,0,50
31545,21:21:45,114.652702,22.9454,0,51
31545,21:22:16,114.6483,22.944401,0,59
31545,21:22:46,114.644798,22.9424,0,48
31545,21:23:16,114.642097,22.9405,0,55
31545,21:24:16,114.6371,22.933901,0,48
31545,21:24:46,114.634003,22.930401,0,57
31545,21:25:16,114.632896,22.9266,0,48
31545,21:25:46,114.632202,22.9224,0,59
31545,21:26:17,114.631302,22.9175,0,61
31545,21:26:47,114.628502,22.913401,0,62
31545,21:27:17,114.624702,22.909599,0,66
31545,21:27:47,114.620399,22.906799,0,62
31545,21:28:16,114.615303,22.9058,0,68
31545,21:28:47,114.610802,22.9032,0,55
31545,21:29:17,114.607201,22.9002,0,62
31545,21:29:47,114.6036,22.8974,0,59
31545,21:30:19,114.598999,22.8943,0,72
31545,21:31:19,114.5886,22.8913,0,61
31545,21:31:47,114.584503,22.8888,0,62
31545,21:32:19,114.580002,22.8866,0,66
31545,21:32:49,114.5774,22.8827,0,61
31545,21:33:19,114.573799,22.879299,0,57
31545,21:33:50,114.570198,22.875999,0,59
31545,21:34:20,114.565598,22.875,0,51
31545,21:35:20,114.5578,22.872299,0,48
31545,21:35:51,114.554001,22.871,0,51
31545,21:36:21,114.550903,22.868,0,44
31545,21:36:51,114.548599,22.8654,0,38
31545,21:37:21,114.546204,22.8636,0,38
31545,21:37:51,114.543404,22.862499,0,38
31545,21:38:21,114.541496,22.859699,0,44
31545,21:39:21,114.537201,22.8549,0,46
31545,21:39:51,114.532997,22.853701,0,66
31545,21:40:22,114.527802,22.8524,0,61
31545,21:40:52,114.5242,22.8487,0,66
31545,21:41:22,114.520401,22.8452,0,64
31545,21:42:22,114.513199,22.838301,0,61
31545,21:42:54,114.508797,22.8353,0,59
31545,21:43:24,114.504501,22.833401,0,62
31545,21:43:54,114.500702,22.8304,0,51
31545,21:44:24,114.496902,22.827801,0,57
31545,21:44:54,114.493896,22.825199,0,38
31545,21:45:25,114.492996,22.820801,0,68
31545,21:45:55,114.4897,22.817101,0,57
31545,21:46:25,114.486099,22.8137,0,66
31545,21:46:55,114.482002,22.810101,0,70
31545,21:47:26,114.478302,22.807501,0,51
31545,21:47:56,114.474098,22.8071,0,50
31545,21:48:26,114.471802,22.805201,0,51
31545,21:50:57,114.467796,22.796499,0,46
31545,21:51:27,114.466103,22.794901,0,24
31545,21:53:29,114.461502,22.7913,0,48
31545,21:54:29,114.457802,22.7885,0,20
31545,21:55:59,114.456001,22.7871,0,40
31545,21:56:30,114.452797,22.786699,0,31
31545,21:57:00,114.450302,22.7857,0,25
31545,21:58:00,114.449303,22.7852,0,24
31545,21:58:31,114.447197,22.7833,0,31
31545,21:59:01,114.445503,22.781099,0,31
31545,22:00:01,114.444397,22.7794,0,35
31545,22:00:31,114.440804,22.7784,0,50
31545,22:01:01,114.4366,22.778,0,51
31545,22:01:31,114.4328,22.776899,0,38
31545,22:02:01,114.429001,22.7754,0,50
31545,22:02:32,114.424797,22.772699,0,64
31545,22:03:02,114.422501,22.7693,0,55
31545,22:03:32,114.419502,22.766399,0,46
31545,22:04:02,114.414597,22.7651,0,62
31545,22:04:34,114.410103,22.764,0,55
31545,22:05:34,114.405602,22.762199,0,55
31545,22:06:05,114.401001,22.760401,0,53
31545,22:06:35,114.396599,22.7591,0,40
31545,22:07:05,114.392197,22.757799,0,59
31545,22:07:35,114.388397,22.756599,0,5
31545,22:08:36,114.387001,22.7561,0,50
31545,22:09:06,114.382301,22.754601,0,64
31545,22:09:36,114.377998,22.754,0,40
31545,22:10:06,114.373901,22.753599,0,46
31545,22:10:36,114.372498,22.754801,0,51
31545,22:11:06,114.371902,22.757099,0,29
31545,22:11:36,114.367104,22.7568,0,53
31545,22:12:06,114.362396,22.7561,0,68
31545,22:12:36,114.359001,22.757099,0,44
31545,22:13:06,114.3554,22.7579,0,12
31545,22:13:37,114.3535,22.7589,0,35
31545,22:14:07,114.350899,22.760599,0,33
31545,22:14:37,114.347298,22.761,0,44
31545,22:15:07,114.344398,22.7612,0,31
31545,22:15:39,114.341202,22.7624,0,48
31545,22:16:09,114.338203,22.763901,0,40
31545,22:16:39,114.335701,22.767,0,72
31545,22:17:09,114.333298,22.7686,0,18
31545,22:17:39,114.330399,22.7687,0,42
31545,22:18:10,114.327599,22.7687,0,29
31545,22:18:40,114.323601,22.7687,0,57
31545,22:19:10,114.320099,22.769199,0,48
31545,22:19:41,114.316704,22.7717,0,14
31545,22:20:11,114.316597,22.771799,0,16
31545,22:20:41,114.313499,22.7743,0,64
31545,22:21:11,114.310303,22.7778,0,27
31545,22:21:41,114.309097,22.7791,0,50
31545,22:23:11,114.308403,22.7801,0,27
31545,22:23:41,114.307198,22.7817,0,11
