31695,00:01:36,114.099403,22.5522,0,0
31695,00:02:06,114.099503,22.552601,0,20
31695,00:02:37,114.099503,22.5546,0,0
31695,00:03:07,114.099503,22.555599,0,18
31695,00:03:37,114.099297,22.5578,0,12
31695,00:04:07,114.099297,22.558201,0,0
31695,00:05:07,114.097603,22.558599,0,26
31695,00:05:37,114.092499,22.5585,0,35
31695,00:06:07,114.087997,22.558399,0,28
31695,00:06:37,114.082901,22.5583,0,40
31695,00:07:07,114.076797,22.5583,0,40
31695,00:08:37,114.068199,22.5581,0,0
31695,00:09:07,114.068199,22.5581,0,0
31695,00:09:37,114.067703,22.557899,0,14
31695,00:10:07,114.067802,22.553801,0,39
31695,00:10:37,114.067802,22.5483,0,24
31695,00:11:07,114.067902,22.545099,0,35
31695,00:11:37,114.068001,22.5401,0,40
31695,00:12:37,114.065697,22.5319,0,24
31695,00:13:37,114.063004,22.530899,0,27
31695,00:14:07,114.062897,22.528,0,4
31695,00:14:37,114.061501,22.5275,0,10
31695,00:15:07,114.059601,22.5275,0,4
31695,00:15:37,114.059402,22.526501,0,21
31695,00:16:07,114.0578,22.525801,0,12
31695,00:17:07,114.051903,22.5257,0,12
31695,00:17:37,114.051804,22.5257,0,0
31695,00:18:07,114.051201,22.525801,0,16
31695,00:18:37,114.048599,22.5257,0,3
31695,00:19:07,114.048599,22.5257,0,0
31695,00:19:37,114.0476,22.5257,0,17
31695,00:20:07,114.047096,22.5257,0,0
31695,00:20:37,114.0448,22.5259,0,14
31695,00:21:07,114.044899,22.529301,0,28
31695,00:21:37,114.046799,22.5312,0,20
31695,00:22:07,114.0513,22.5313,0,28
31695,00:22:18,114.052696,22.531401,0,0
31695,00:22:37,114.052696,22.531401,0,0
31695,00:22:52,114.053703,22.535101,0,3
31695,00:23:09,114.053703,22.535101,0,0
31695,00:25:38,114.053497,22.5355,0,5
31695,00:27:08,114.056,22.537399,0,14
31695,00:28:08,114.057899,22.5376,0,0
31695,00:28:38,114.058296,22.5376,0,15
31695,00:29:08,114.060402,22.5375,0,0
31695,00:29:38,114.0625,22.5376,0,10
31695,00:30:08,114.062599,22.5376,0,0
31695,00:31:08,114.062897,22.5385,0,24
31695,00:31:38,114.062798,22.5404,0,0
31695,00:32:48,114.067101,22.5424,0,23
31695,00:33:18,114.067802,22.5389,0,15
31695,00:34:48,114.0634,22.5376,0,0
31695,00:35:18,114.0634,22.5376,0,0
31695,00:35:48,114.062897,22.5362,0,24
31695,00:36:48,114.056198,22.5354,0,21
31695,00:37:18,114.056,22.5373,0,0
31695,00:38:18,114.057899,22.5376,0,0
31695,00:38:48,114.057899,22.5376,0,0
31695,00:40:18,114.057999,22.539301,0,0
31695,00:40:48,114.057899,22.5401,0,18
31695,00:41:18,114.059998,22.542101,0,28
31695,00:41:48,114.063599,22.5425,0,23
31695,00:42:18,114.067703,22.542601,0,21
31695,00:42:49,114.068604,22.5443,0,33
31695,00:43:49,114.067902,22.550501,0,0
31695,00:43:58,114.067902,22.551001,0,0
31695,00:44:05,114.067902,22.5516,0,22
31695,00:44:20,114.067902,22.553499,0,37
31695,00:45:19,114.073502,22.5581,0,45
31695,00:46:19,114.087601,22.5583,0,44
31695,00:46:49,114.091003,22.5583,0,20
31695,00:47:19,114.095596,22.558399,0,34
31695,00:48:19,114.098999,22.5585,0,0
31695,00:49:19,114.107597,22.558599,0,42
31695,00:49:49,114.114098,22.558701,0,37
31695,00:50:19,114.118896,22.558701,0,12
31695,00:51:19,114.120102,22.560101,0,2
31695,00:51:32,114.119797,22.559799,0,0
31695,00:51:42,114.119797,22.559799,0,4
31695,00:51:50,114.118896,22.5592,0,20
31695,00:52:20,114.117401,22.5597,0,9
31695,00:52:49,114.116501,22.5599,0,0
31695,00:53:49,114.116501,22.560101,0,9
31695,00:54:19,114.117203,22.559,0,6
31695,00:55:19,114.108101,22.558701,0,41
31695,00:55:49,114.1026,22.558599,0,29
31695,00:56:49,114.098999,22.557501,0,26
31695,00:57:19,114.099701,22.555401,0,0
31695,00:57:49,114.099503,22.555201,0,6
31695,00:58:19,114.097198,22.555099,0,7
31695,00:58:50,114.097,22.5536,0,8
31695,00:59:50,114.094002,22.5518,0,17
31695,01:01:20,114.091003,22.5504,0,25
31695,01:02:20,114.087402,22.549299,0,10
31695,01:03:20,114.084,22.5492,0,0
31695,01:04:20,114.081398,22.5492,0,0
31695,01:05:20,114.079002,22.5492,0,0
31695,01:05:50,114.078697,22.5492,0,0
31695,01:06:20,114.076202,22.5492,0,20
31695,01:07:20,114.076103,22.5513,0,0
31695,01:07:50,114.073799,22.5513,0,34
31695,01:08:20,114.068604,22.5511,0,23
31695,01:09:20,114.067802,22.5578,0,0
31695,01:09:50,114.067802,22.559799,0,33
31695,01:10:20,114.067703,22.5653,0,36
31695,01:10:50,114.067299,22.57,0,25
31695,01:11:20,114.064003,22.5686,0,35
31695,01:11:50,114.058098,22.566401,0,44
31695,01:12:20,114.051498,22.565001,0,45
31695,01:12:50,114.0448,22.5648,0,43
31695,01:13:20,114.038902,22.5634,0,40
31695,01:14:20,114.026497,22.561199,0,40
31695,01:15:20,114.014603,22.560101,0,41
31695,01:15:50,114.008904,22.558201,0,38
31695,01:16:50,113.997803,22.555901,0,39
31695,01:17:20,113.992104,22.557899,0,41
31695,01:17:50,113.987099,22.559401,0,27
31695,01:19:21,113.9785,22.562099,0,0
31695,01:19:51,113.977203,22.563,0,26
31695,01:20:52,113.971199,22.566099,0,29
31695,01:21:22,113.9673,22.568501,0,33
31695,01:21:52,113.963097,22.569799,0,14
31695,01:22:22,113.962196,22.5709,0,10
31695,01:22:52,113.962196,22.5709,0,0
31695,01:23:22,113.962196,22.5704,0,19
31695,01:24:52,113.969498,22.567101,0,0
31695,01:25:52,113.971802,22.565701,0,0
31695,01:27:22,113.977798,22.562,0,0
31695,01:28:22,113.977798,22.562,0,0
31695,01:29:22,113.984802,22.559999,0,38
31695,01:30:22,113.994904,22.556299,0,37
31695,01:30:52,114.000298,22.5557,0,34
31695,01:31:22,114.0056,22.556601,0,40
31695,01:32:52,114.013397,22.559401,0,0
31695,01:33:52,114.013397,22.559401,0,0
31695,01:34:52,114.013397,22.559401,0,0
31695,01:35:22,114.013397,22.559401,0,0
31695,01:35:52,114.013397,22.559401,0,0
31695,01:36:22,114.013397,22.559401,0,0
31695,01:36:52,114.013397,22.559401,0,0
31695,01:37:52,114.014801,22.5592,0,18
31695,01:38:52,114.018204,22.5553,0,1
31695,01:39:22,114.0186,22.555401,0,0
31695,01:40:53,114.0308,22.555401,0,34
31695,01:41:23,114.033401,22.5534,0,13
31695,01:42:23,114.037003,22.552299,0,24
31695,01:43:53,114.039803,22.551901,0,0
31695,01:44:23,114.040001,22.5518,0,5
31695,01:45:23,114.043602,22.5504,0,7
31695,01:46:53,114.050201,22.551001,0,24
31695,01:47:23,114.053101,22.551001,0,13
31695,01:49:23,114.051498,22.549299,0,0
31695,01:49:53,114.051102,22.5478,0,24
31695,01:52:53,114.051003,22.5392,0,14
31695,01:53:23,114.054497,22.5396,0,25
31695,01:53:53,114.056,22.538601,0,8
31695,01:54:53,114.057999,22.5373,0,0
31695,01:55:53,114.057999,22.5373,0,0
31695,01:57:23,114.057999,22.5373,0,0
31695,01:57:53,114.057999,22.5373,0,0
31695,01:58:53,114.057999,22.5373,0,0
31695,01:59:23,114.057999,22.5373,0,0
31695,01:59:53,114.0578,22.537001,0,5
31695,02:00:23,114.0578,22.537001,0,0
31695,02:00:53,114.0578,22.537001,0,0
31695,02:01:23,114.0578,22.537001,0,0
31695,02:02:23,114.0578,22.537001,0,0
31695,02:03:54,114.0578,22.537001,0,0
31695,02:04:24,114.0578,22.537001,0,0
31695,02:04:54,114.0578,22.537001,0,0
31695,02:06:24,114.0578,22.537001,0,0
31695,02:06:54,114.0578,22.537001,0,0
31695,02:07:24,114.0578,22.537001,0,0
31695,02:08:24,114.0578,22.537001,0,0
31695,02:08:54,114.0578,22.537001,0,0
31695,02:09:24,114.0578,22.537001,0,0
31695,02:10:24,114.0578,22.537001,0,0
31695,02:11:24,114.0578,22.537001,0,0
31695,02:11:54,114.0578,22.537001,0,0
31695,02:12:24,114.0578,22.537001,0,0
31695,02:13:54,114.0578,22.537001,0,0
31695,02:15:24,114.0578,22.537001,0,0
31695,02:15:54,114.0578,22.537001,0,0
31695,02:16:24,114.0578,22.537001,0,0
31695,02:17:54,114.0578,22.537001,0,0
31695,02:18:24,114.0578,22.537001,0,0
31695,02:18:54,114.058197,22.536301,0,12
31695,02:19:24,114.0588,22.534901,0,21
31695,02:20:54,114.062698,22.535601,0,0
31695,02:21:54,114.063004,22.5375,0,0
31695,02:22:54,114.062897,22.541901,0,26
31695,02:23:24,114.066597,22.5425,0,33
31695,02:23:54,114.068901,22.5431,0,29
31695,02:24:55,114.0681,22.5474,0,0
31695,02:25:25,114.069298,22.547899,0,26
31695,02:26:25,114.077698,22.5471,0,7
31695,02:27:55,114.081398,22.546801,0,7
31695,02:28:25,114.083603,22.5471,0,20
31695,02:29:55,114.081703,22.549,0,4
31695,02:30:55,114.079903,22.5492,0,18
31695,02:31:25,114.0793,22.5492,0,0
31695,02:31:55,114.0793,22.5492,0,0
31695,02:32:25,114.078796,22.5492,0,0
31695,02:32:55,114.077904,22.549101,0,0
31695,02:33:25,114.077904,22.549101,0,0
31695,02:33:55,114.077904,22.549101,0,0
31695,02:34:55,114.076599,22.549101,0,16
31695,02:35:25,114.076202,22.5516,0,21
31695,02:37:25,114.082298,22.559299,0,8
31695,02:37:55,114.079002,22.558399,0,31
31695,02:38:25,114.0765,22.5583,0,0
31695,02:40:25,114.067802,22.5513,0,0
31695,02:41:26,114.067802,22.549999,0,29
31695,02:41:56,114.067902,22.547899,0,0
31695,02:42:26,114.067902,22.547899,0,0
31695,02:42:56,114.067902,22.547001,0,25
31695,02:43:56,114.0681,22.5366,0,44
31695,02:44:26,114.066597,22.5322,0,27
31695,02:44:56,114.062202,22.531799,0,37
31695,02:45:26,114.056396,22.531799,0,36
31695,02:45:56,114.050903,22.5317,0,38
31695,02:46:26,114.045502,22.531601,0,32
31695,02:46:56,114.044296,22.532,0,14
31695,02:47:26,114.044899,22.5284,0,32
31695,02:47:56,114.0448,22.5268,0,0
31695,02:47:57,114.0448,22.5268,0,0
31695,02:48:27,114.0448,22.5264,0,18
31695,02:49:26,114.044601,22.533501,0,46
31695,02:49:56,114.044502,22.5399,0,42
31695,02:50:26,114.044403,22.545601,0,35
31695,02:50:57,114.044998,22.549299,0,22
31695,02:51:57,114.047401,22.549299,0,0
31695,02:52:27,114.049698,22.549299,0,28
31695,02:52:57,114.052902,22.549299,0,0
31695,02:53:27,114.053398,22.5494,0,15
31695,02:53:39,114.054398,22.5494,0,0
31695,02:53:58,114.056999,22.5494,0,25
31695,02:54:28,114.0588,22.549999,0,12
31695,02:55:27,114.062599,22.551399,0,11
31695,02:55:57,114.062698,22.555,0,36
31695,02:56:27,114.062599,22.560499,0,38
31695,02:56:57,114.0625,22.565701,0,37
31695,02:57:27,114.061798,22.5707,0,38
31695,02:57:57,114.060799,22.5755,0,29
31695,02:58:27,114.0625,22.5776,0,21
31695,02:58:57,114.058601,22.578501,0,34
31695,02:59:27,114.055,22.5811,0,32
31695,02:59:57,114.053299,22.5854,0,33
31695,03:00:27,114.051003,22.589199,0,32
31695,03:00:57,114.047997,22.593399,0,34
31695,03:01:27,114.048401,22.596201,0,29
31695,03:02:27,114.044197,22.600599,0,0
31695,03:03:27,114.044197,22.600599,0,0
31695,03:04:14,114.044197,22.600599,0,0
31695,03:04:58,114.044296,22.600599,0,0
31695,03:05:28,114.044296,22.600599,0,0
31695,03:05:58,114.044296,22.600599,0,0
31695,03:06:28,114.044296,22.600599,0,0
31695,03:06:58,114.0439,22.601,0,5
31695,03:07:28,114.043999,22.6043,0,24
31695,03:07:58,114.042603,22.6031,0,22
31695,03:08:28,114.039497,22.606501,0,32
31695,03:08:58,114.037498,22.6089,0,37
31695,03:09:58,114.033096,22.614201,0,28
31695,03:10:28,114.0327,22.614799,0,0
31695,03:11:28,114.0326,22.614901,0,9
31695,03:11:58,114.030197,22.6178,0,31
31695,03:12:28,114.0289,22.621201,0,14
31695,03:12:58,114.029099,22.6215,0,0
31695,03:13:28,114.028999,22.621401,0,0
31695,03:13:58,114.028999,22.621401,0,0
31695,03:14:28,114.028999,22.621401,0,0
31695,03:14:58,114.028999,22.621401,0,0
31695,03:15:58,114.028999,22.621401,0,0
31695,03:16:28,114.028999,22.621401,0,0
31695,03:17:28,114.028999,22.621401,0,0
31695,03:17:58,114.028999,22.621401,0,0
31695,03:18:28,114.028999,22.621401,0,0
31695,03:19:28,114.028999,22.621401,0,0
31695,03:19:58,114.028999,22.621401,0,0
31695,03:20:08,114.028999,22.621401,0,0
31695,03:20:15,114.028999,22.621401,0,0
31695,03:20:59,114.028999,22.621401,0,0
31695,03:21:29,114.028999,22.621401,0,0
31695,03:21:59,114.028999,22.621401,0,0
31695,03:22:29,114.028999,22.621401,0,0
31695,03:22:59,114.028999,22.621401,0,0
31695,03:24:59,114.028999,22.621401,0,0
31695,03:25:29,114.028999,22.621401,0,0
31695,03:25:59,114.028999,22.621401,0,0
31695,03:26:59,114.028999,22.621401,0,0
31695,03:27:29,114.028999,22.621401,0,0
31695,03:27:59,114.028999,22.621401,0,0
31695,03:28:03,114.028999,22.621401,0,0
31695,03:28:09,114.028999,22.621401,0,0
31695,03:28:30,114.028999,22.621401,0,0
31695,03:29:29,114.028999,22.621401,0,0
31695,03:29:59,114.028999,22.621401,0,0
31695,03:30:29,114.028999,22.621401,0,0
31695,03:31:29,114.028999,22.621401,0,0
31695,03:31:59,114.028999,22.621401,0,0
31695,03:32:59,114.028999,22.621401,0,0
31695,03:33:29,114.028999,22.621401,0,0
31695,03:33:59,114.028999,22.621401,0,0
31695,03:34:29,114.028999,22.621401,0,0
31695,03:35:29,114.0289,22.621201,0,8
31695,03:36:18,114.028603,22.621401,0,0
31695,03:36:30,114.028503,22.6215,0,0
31695,03:36:59,114.028503,22.6215,0,0
31695,03:37:59,114.028503,22.6215,0,0
31695,03:38:29,114.028503,22.6215,0,0
31695,03:38:59,114.028503,22.6215,0,0
31695,03:39:29,114.028503,22.6215,0,0
31695,03:39:59,114.028503,22.6215,0,0
31695,03:40:29,114.028503,22.6215,0,0
31695,03:40:59,114.028503,22.6215,0,0
31695,03:41:29,114.028503,22.6215,0,0
31695,03:41:59,114.028503,22.6215,0,0
31695,03:42:29,114.028503,22.6215,0,0
31695,03:42:59,114.028503,22.6215,0,0
31695,03:43:29,114.028503,22.6215,0,0
31695,03:44:29,114.028503,22.6215,0,0
31695,03:44:59,114.028503,22.6215,0,0
31695,03:45:29,114.028503,22.6215,0,0
31695,03:45:59,114.028503,22.6215,0,0
31695,03:46:59,114.028503,22.6215,0,0
31695,03:47:29,114.028503,22.6215,0,0
31695,03:47:59,114.028503,22.6215,0,0
31695,03:48:59,114.028503,22.6215,0,0
31695,03:49:29,114.028503,22.6215,0,0
31695,03:50:29,114.028503,22.6215,0,0
31695,03:50:59,114.028503,22.6215,0,0
31695,03:51:29,114.028503,22.6215,0,0
31695,03:51:59,114.028503,22.6215,0,0
31695,03:52:29,114.028503,22.6215,0,0
31695,03:53:30,114.028503,22.6215,0,0
31695,03:54:00,114.028503,22.6215,0,0
31695,03:54:30,114.028503,22.6215,0,0
31695,03:56:00,114.028503,22.6215,0,0
31695,03:57:30,114.028503,22.6215,0,0
31695,03:58:30,114.028503,22.6215,0,0
31695,03:59:00,114.028503,22.6215,0,0
31695,03:59:30,114.028503,22.6215,0,0
31695,04:00:00,114.028503,22.6215,0,0
31695,04:01:00,114.028503,22.6215,0,0
31695,04:01:30,114.028503,22.6215,0,0
31695,04:02:00,114.028503,22.6215,0,0
31695,04:02:30,114.028503,22.6215,0,0
31695,04:03:00,114.028503,22.6215,0,0
31695,04:03:30,114.028503,22.6215,0,0
31695,04:04:00,114.028503,22.6215,0,0
31695,04:04:30,114.028503,22.6215,0,0
31695,04:05:00,114.028503,22.6215,0,0
31695,04:05:30,114.028503,22.6215,0,0
31695,04:06:00,114.028503,22.6215,0,0
31695,04:07:00,114.028503,22.6215,0,0
31695,04:08:00,114.028503,22.6215,0,0
31695,04:08:30,114.028503,22.6215,0,0
31695,04:10:30,114.028503,22.6215,0,0
31695,04:11:00,114.028503,22.6215,0,0
31695,04:11:30,114.028503,22.6215,0,0
31695,04:14:00,114.028503,22.6215,0,0
31695,04:15:00,114.028503,22.6215,0,0
31695,04:15:30,114.028503,22.6215,0,0
31695,04:16:30,114.028503,22.6215,0,0
31695,04:17:00,114.028503,22.6215,0,0
31695,04:17:30,114.028503,22.6215,0,0
31695,04:18:00,114.028503,22.6215,0,0
31695,04:18:30,114.028503,22.6215,0,0
31695,04:19:01,114.028503,22.6215,0,0
31695,04:19:31,114.028503,22.6215,0,0
31695,04:20:01,114.028503,22.6215,0,0
31695,04:20:31,114.028503,22.6215,0,0
31695,04:21:01,114.028503,22.6215,0,0
31695,04:21:31,114.028503,22.6215,0,0
31695,04:23:01,114.028503,22.6215,0,0
31695,04:23:31,114.028503,22.6215,0,0
31695,04:25:01,114.028503,22.6215,0,0
31695,04:25:31,114.028503,22.6215,0,0
31695,04:26:01,114.028503,22.6215,0,0
31695,04:26:31,114.028503,22.6215,0,0
31695,04:27:01,114.028503,22.6215,0,0
31695,04:27:31,114.028503,22.6215,0,0
31695,04:28:01,114.028503,22.6215,0,0
31695,04:28:31,114.028503,22.6215,0,0
31695,04:29:01,114.028503,22.6215,0,0
31695,04:29:31,114.028503,22.6215,0,0
31695,04:30:01,114.028503,22.6215,0,0
31695,04:30:31,114.028503,22.6215,0,0
31695,04:32:12,114.028503,22.6215,0,0
31695,04:32:42,114.028503,22.6215,0,0
31695,04:33:12,114.028503,22.6215,0,0
31695,04:35:12,114.028503,22.6215,0,0
31695,04:35:42,114.028503,22.6215,0,0
31695,04:36:42,114.028503,22.6215,0,0
31695,04:38:42,114.028503,22.6215,0,0
31695,04:39:12,114.028503,22.6215,0,0
31695,04:40:12,114.028503,22.6215,0,0
31695,04:40:42,114.028503,22.6215,0,0
31695,04:41:12,114.028503,22.6215,0,0
31695,04:41:42,114.028503,22.6215,0,0
31695,04:42:12,114.028503,22.6215,0,0
31695,04:42:42,114.028503,22.6215,0,0
31695,04:43:12,114.028503,22.6215,0,0
31695,04:43:42,114.028503,22.6215,0,0
31695,04:44:12,114.028503,22.6215,0,0
31695,04:44:42,114.028503,22.6215,0,0
31695,04:45:12,114.028503,22.6215,0,0
31695,04:46:12,114.028503,22.6215,0,0
31695,04:46:42,114.028503,22.6215,0,0
31695,04:48:12,114.028503,22.6215,0,0
31695,04:48:42,114.028503,22.6215,0,0
31695,04:49:12,114.028503,22.6215,0,0
31695,04:50:12,114.028503,22.6215,0,0
31695,04:52:13,114.028503,22.6215,0,0
31695,04:52:43,114.028503,22.6215,0,0
31695,04:53:43,114.028503,22.6215,0,0
31695,04:54:13,114.028503,22.6215,0,0
31695,04:54:43,114.028503,22.6215,0,0
31695,04:55:13,114.028503,22.6215,0,0
31695,04:56:13,114.028503,22.6215,0,0
31695,04:57:13,114.028503,22.6215,0,0
31695,04:57:43,114.028503,22.6215,0,0
31695,04:58:13,114.028503,22.6215,0,0
31695,04:58:43,114.028503,22.6215,0,0
31695,04:59:13,114.028503,22.6215,0,0
31695,04:59:43,114.028503,22.6215,0,0
31695,05:00:43,114.028503,22.6215,0,0
31695,05:01:13,114.028503,22.6215,0,0
31695,05:01:43,114.028503,22.6215,0,0
31695,05:02:13,114.028503,22.6215,0,0
31695,05:02:43,114.028503,22.6215,0,0
31695,05:03:44,114.028503,22.6215,0,0
31695,05:04:14,114.028503,22.6215,0,0
31695,05:04:44,114.028503,22.6215,0,0
31695,05:05:14,114.028503,22.6215,0,0
31695,05:05:44,114.028503,22.6215,0,0
31695,05:06:44,114.028503,22.6215,0,0
31695,05:07:14,114.028503,22.6215,0,0
31695,05:07:44,114.028503,22.6215,0,0
31695,05:08:14,114.028503,22.6215,0,0
31695,05:08:44,114.028503,22.6215,0,0
31695,05:09:14,114.028503,22.6215,0,0
31695,05:09:44,114.028503,22.6215,0,0
31695,05:10:44,114.028503,22.6215,0,0
31695,05:11:14,114.028503,22.6215,0,0
31695,05:11:44,114.028503,22.6215,0,0
31695,05:12:14,114.028503,22.6215,0,0
31695,05:13:14,114.028503,22.6215,0,0
31695,05:13:44,114.028503,22.6215,0,0
31695,05:14:44,114.028503,22.6215,0,0
31695,05:15:44,114.028503,22.6215,0,0
31695,05:16:14,114.028503,22.6215,0,0
31695,05:16:44,114.028503,22.6215,0,0
31695,05:17:14,114.028503,22.6215,0,0
31695,05:17:44,114.028503,22.6215,0,0
31695,05:18:14,114.028503,22.6215,0,0
31695,05:19:44,114.028503,22.6215,0,0
31695,05:20:14,114.028503,22.6215,0,0
31695,05:21:14,114.028503,22.6215,0,0
31695,05:21:44,114.028503,22.6215,0,0
31695,05:22:44,114.028503,22.6215,0,0
31695,05:23:14,114.028503,22.6215,0,0
31695,05:23:44,114.028503,22.6215,0,0
31695,05:24:14,114.028503,22.6215,0,0
31695,05:24:44,114.028503,22.6215,0,0
31695,05:25:44,114.028503,22.6215,0,0
31695,05:26:14,114.028503,22.6215,0,0
31695,05:26:44,114.028503,22.6215,0,0
31695,05:27:14,114.028503,22.6215,0,0
31695,05:27:44,114.028503,22.6215,0,0
31695,05:28:44,114.028503,22.6215,0,0
31695,05:30:44,114.028503,22.6215,0,0
31695,05:31:14,114.028503,22.6215,0,0
31695,05:31:44,114.028503,22.6215,0,0
31695,05:32:14,114.028503,22.6215,0,0
31695,05:32:44,114.028503,22.6215,0,0
31695,05:33:14,114.028503,22.6215,0,0
31695,05:33:44,114.028503,22.6215,0,0
31695,05:34:14,114.028503,22.6215,0,0
31695,05:34:44,114.028503,22.6215,0,0
31695,05:36:14,114.028503,22.6215,0,0
31695,05:36:44,114.028503,22.6215,0,0
31695,05:37:14,114.028503,22.6215,0,0
31695,05:37:44,114.028503,22.6215,0,0
31695,05:39:15,114.028503,22.6215,0,0
31695,05:39:45,114.028503,22.6215,0,0
31695,05:40:45,114.028503,22.6215,0,0
31695,05:41:15,114.028503,22.6215,0,0
31695,05:41:45,114.028503,22.6215,0,0
31695,05:43:15,114.028503,22.6215,0,0
31695,05:43:45,114.028503,22.6215,0,0
31695,05:44:45,114.028503,22.6215,0,0
31695,05:45:45,114.028503,22.6215,0,0
31695,05:46:45,114.028503,22.6215,0,0
31695,05:47:15,114.028503,22.6215,0,0
31695,05:47:45,114.028503,22.6215,0,0
31695,05:48:15,114.028503,22.6215,0,0
31695,05:48:45,114.028503,22.6215,0,0
31695,05:49:15,114.028503,22.6215,0,0
31695,05:49:45,114.028503,22.6215,0,0
31695,05:50:15,114.028503,22.6215,0,0
31695,05:50:45,114.028503,22.6215,0,0
31695,05:51:45,114.028503,22.6215,0,0
31695,05:52:45,114.028503,22.6215,0,0
31695,05:53:15,114.028503,22.6215,0,0
31695,05:54:15,114.028503,22.6215,0,0
31695,05:54:45,114.028503,22.6215,0,0
31695,05:55:15,114.028503,22.6215,0,0
31695,05:56:15,114.028503,22.6215,0,0
31695,05:56:45,114.028503,22.6215,0,0
31695,05:59:15,114.028503,22.6215,0,0
31695,05:59:45,114.028503,22.6215,0,0
31695,06:00:15,114.028503,22.6215,0,0
31695,06:00:45,114.028503,22.6215,0,0
31695,06:01:15,114.028503,22.6215,0,0
31695,06:02:15,114.028503,22.6215,0,0
31695,06:02:45,114.028503,22.6215,0,0
31695,06:03:45,114.028503,22.6215,0,0
31695,06:04:15,114.028503,22.6215,0,0
31695,06:04:45,114.028503,22.6215,0,0
31695,06:05:15,114.028503,22.6215,0,0
31695,06:05:45,114.028503,22.6215,0,0
31695,06:06:15,114.028503,22.6215,0,0
31695,06:07:16,114.028503,22.6215,0,0
31695,06:07:46,114.028503,22.6215,0,0
31695,06:08:46,114.028503,22.6215,0,0
31695,06:09:16,114.028503,22.6215,0,0
31695,06:09:46,114.028503,22.6215,0,0
31695,06:10:46,114.028503,22.6215,0,0
31695,06:11:16,114.028503,22.6215,0,0
31695,06:11:46,114.028503,22.6215,0,0
31695,06:13:16,114.028503,22.6215,0,0
31695,06:13:46,114.028503,22.6215,0,0
31695,06:14:16,114.028503,22.6215,0,0
31695,06:15:16,114.028503,22.6215,0,0
31695,06:15:46,114.028503,22.6215,0,0
31695,06:16:16,114.028503,22.6215,0,0
31695,06:16:46,114.028503,22.6215,0,0
31695,06:17:16,114.028503,22.6215,0,0
31695,06:18:16,114.028503,22.6215,0,0
31695,06:18:46,114.028503,22.6215,0,0
31695,06:20:46,114.028503,22.6215,0,0
31695,06:21:46,114.028503,22.6215,0,0
31695,06:22:16,114.028503,22.6215,0,0
31695,06:22:46,114.028503,22.6215,0,0
31695,06:23:16,114.028503,22.6215,0,0
31695,06:23:46,114.028503,22.6215,0,0
31695,06:24:16,114.028503,22.6215,0,0
31695,06:24:46,114.028503,22.6215,0,0
31695,06:25:16,114.028503,22.6215,0,0
31695,06:25:46,114.028503,22.6215,0,0
31695,06:26:16,114.028503,22.6215,0,0
31695,06:27:16,114.028503,22.6215,0,0
31695,06:27:46,114.028503,22.6215,0,0
31695,06:28:16,114.028503,22.6215,0,0
31695,06:28:46,114.028503,22.6215,0,0
31695,06:29:16,114.028503,22.6215,0,0
31695,06:30:16,114.028503,22.6215,0,0
31695,06:30:46,114.028503,22.6215,0,0
31695,06:31:16,114.028503,22.6215,0,0
31695,06:32:16,114.028503,22.6215,0,0
31695,06:33:16,114.028503,22.6215,0,0
31695,06:33:46,114.028503,22.6215,0,0
31695,06:35:17,114.028503,22.6215,0,0
31695,06:35:47,114.028503,22.6215,0,0
31695,06:36:17,114.028503,22.6215,0,0
31695,06:36:47,114.028503,22.6215,0,0
31695,06:37:17,114.028503,22.6215,0,0
31695,06:37:47,114.028503,22.6215,0,0
31695,06:38:17,114.028503,22.6215,0,0
31695,06:39:17,114.028503,22.6215,0,0
31695,06:40:17,114.028503,22.6215,0,0
31695,06:41:17,114.028503,22.6215,0,0
31695,06:42:17,114.028503,22.6215,0,0
31695,06:43:17,114.028503,22.6215,0,0
31695,06:43:47,114.028503,22.6215,0,0
31695,06:45:17,114.028503,22.6215,0,0
31695,06:45:47,114.028503,22.6215,0,0
31695,06:46:17,114.028503,22.6215,0,0
31695,06:47:17,114.028503,22.6215,0,0
31695,06:47:47,114.028503,22.6215,0,0
31695,06:48:47,114.028503,22.6215,0,0
31695,06:49:17,114.028503,22.6215,0,0
31695,06:49:47,114.028503,22.6215,0,0
31695,06:50:47,114.028503,22.6215,0,0
31695,06:51:17,114.028503,22.6215,0,0
31695,06:51:47,114.028503,22.6215,0,0
31695,06:52:17,114.028503,22.6215,0,0
31695,06:53:17,114.028503,22.6215,0,0
31695,06:54:17,114.028503,22.6215,0,0
31695,06:54:47,114.028503,22.6215,0,0
31695,06:56:17,114.028503,22.6215,0,0
31695,06:56:47,114.028503,22.6215,0,0
31695,06:57:47,114.028503,22.6215,0,0
31695,06:58:17,114.028503,22.6215,0,0
31695,06:59:17,114.028503,22.6215,0,0
31695,06:59:47,114.028503,22.6215,0,0
31695,07:00:17,114.028503,22.6215,0,0
31695,07:00:47,114.028503,22.6215,0,0
31695,07:01:17,114.028503,22.6215,0,0
31695,07:01:47,114.028503,22.6215,0,0
31695,07:02:17,114.028503,22.6215,0,0
31695,07:03:17,114.028503,22.6215,0,0
31695,07:03:47,114.028503,22.6215,0,0
31695,07:04:17,114.028503,22.6215,0,0
31695,07:04:47,114.028503,22.6215,0,0
31695,07:05:47,114.028503,22.6215,0,0
31695,07:06:17,114.028503,22.6215,0,0
31695,07:06:47,114.028503,22.6215,0,0
31695,07:07:47,114.028503,22.6215,0,0
31695,07:08:47,114.028503,22.6215,0,0
31695,07:09:17,114.028503,22.6215,0,0
31695,07:09:47,114.028503,22.6215,0,0
31695,07:10:17,114.028503,22.621599,0,6
31695,07:10:47,114.028198,22.623301,0,13
31695,07:11:47,114.0308,22.6241,0,0
31695,07:12:17,114.0308,22.6241,0,0
31695,07:12:47,114.031601,22.624399,0,12
31695,07:13:17,114.032204,22.624599,0,0
31695,07:13:47,114.031097,22.624201,0,0
31695,07:14:17,114.031097,22.624201,0,0
31695,07:14:47,114.028503,22.6236,0,19
31695,07:15:17,114.028198,22.6236,0,0
31695,07:15:47,114.027702,22.6236,0,14
31695,07:16:17,114.024498,22.6238,0,1
31695,07:17:18,114.024498,22.6238,0,0
31695,07:17:48,114.024101,22.623301,0,20
31695,07:18:48,114.026199,22.617201,0,8
31695,07:19:18,114.026199,22.6171,0,0
31695,07:20:18,114.026199,22.6171,0,0
31695,07:20:48,114.027901,22.614599,0,35
31695,07:21:18,114.028397,22.6119,0,20
31695,07:21:48,114.024399,22.609501,0,31
31695,07:22:01,114.022697,22.6084,0,0
31695,07:22:08,114.022102,22.607599,0,33
31695,07:22:19,114.0224,22.6061,0,35
31695,07:22:49,114.024101,22.604099,0,13
31695,07:23:18,114.025902,22.6014,0,24
31695,07:25:48,114.012497,22.590401,0,39
31695,07:26:48,114.0009,22.5909,0,36
31695,07:28:48,113.980904,22.5861,0,48
31695,07:29:19,113.974197,22.586201,0,44
31695,07:29:49,113.968399,22.5835,0,42
31695,07:30:19,113.966103,22.577999,0,39
31695,07:30:49,113.966301,22.572201,0,43
31695,07:30:50,113.966301,22.572201,0,43
31695,07:31:19,113.965797,22.566299,0,41
31695,07:31:49,113.960602,22.5634,0,39
31695,07:32:49,113.9543,22.5653,0,21
31695,07:33:19,113.953003,22.5679,0,15
31695,07:35:19,113.952797,22.563801,0,0
31695,07:35:49,113.952904,22.562099,0,27
31695,07:36:49,113.953598,22.551399,0,36
31695,07:37:19,113.9543,22.5462,0,44
31695,07:38:19,113.952202,22.5387,0,0
31695,07:38:49,113.951599,22.5378,0,23
31695,07:39:12,113.950104,22.535101,0,0
31695,07:39:19,113.949997,22.534201,0,34
31695,07:39:49,113.949799,22.530701,0,0
31695,07:40:19,113.9496,22.5285,0,26
31695,07:40:49,113.948196,22.5257,0,25
31695,07:42:49,113.933197,22.5252,0,0
31695,07:44:19,113.929802,22.5266,0,27
31695,07:45:19,113.93,22.528099,0,8
31695,07:45:49,113.928001,22.528299,0,13
31695,07:46:19,113.927803,22.528299,0,0
31695,07:46:49,113.927803,22.528299,0,0
31695,07:47:20,113.926399,22.528601,0,19
31695,07:47:50,113.924599,22.530701,0,26
31695,07:48:20,113.926102,22.5334,0,24
31695,07:50:50,113.928596,22.5485,0,13
31695,07:51:20,113.930199,22.5492,0,25
31695,07:52:20,113.931198,22.547001,0,15
31695,07:52:50,113.931198,22.5471,0,7
31695,07:53:20,113.930901,22.546101,0,0
31695,07:53:50,113.930901,22.5459,0,5
31695,07:54:20,113.930702,22.5431,0,13
31695,07:54:50,113.927597,22.542999,0,31
31695,07:55:20,113.926697,22.5439,0,17
31695,07:56:50,113.9254,22.5355,0,0
31695,07:57:50,113.926003,22.5354,0,18
31695,07:58:20,113.926498,22.5354,0,0
31695,07:59:20,113.926498,22.5354,0,0
31695,07:59:50,113.9272,22.5355,0,5
31695,08:00:20,113.9272,22.5385,0,24
31695,08:00:50,113.927101,22.542,0,21
31695,08:01:51,113.928596,22.549,0,25
31695,08:02:21,113.928703,22.553101,0,23
31695,08:02:51,113.928703,22.5543,0,4
31695,08:03:51,113.928703,22.555799,0,3
31695,08:04:21,113.928802,22.556499,0,3
31695,08:04:51,113.928902,22.556999,0,5
31695,08:05:21,113.9291,22.558901,0,15
31695,08:06:21,113.9291,22.566601,0,21
31695,08:07:21,113.926804,22.566601,0,10
31695,08:07:51,113.9263,22.5669,0,3
31695,08:08:21,113.924202,22.567801,0,28
31695,08:08:51,113.921997,22.571501,0,27
31695,08:09:21,113.9198,22.5749,0,22
31695,08:10:51,113.908699,22.583099,0,48
31695,08:11:21,113.9039,22.588301,0,50
31695,08:11:51,113.8992,22.5933,0,49
31695,08:12:21,113.893501,22.5979,0,50
31695,08:12:51,113.887497,22.6021,0,50
31695,08:13:21,113.882698,22.6071,0,46
31695,08:13:51,113.879204,22.6124,0,42
31695,08:14:21,113.875298,22.617001,0,43
31695,08:14:51,113.869598,22.6208,0,47
31695,08:15:51,113.8564,22.6259,0,38
31695,08:16:21,113.851898,22.6294,0,40
31695,08:16:51,113.850098,22.6273,0,13
31695,08:17:21,113.850197,22.627199,0,0
31695,08:17:51,113.850502,22.625601,0,23
31695,08:18:21,113.846603,22.6227,0,40
31695,08:18:51,113.840698,22.621099,0,41
31695,08:19:22,113.834503,22.6194,0,43
31695,08:19:52,113.828697,22.616699,0,41
31695,08:20:22,113.8237,22.6143,0,35
31695,08:20:52,113.819298,22.612301,0,33
31695,08:21:22,113.815804,22.614799,0,36
31695,08:21:52,113.813301,22.619499,0,37
31695,08:22:22,113.812401,22.6234,0,27
31695,08:22:52,113.812103,22.6273,0,21
31695,08:23:22,113.809998,22.627701,0,7
31695,08:23:52,113.809097,22.627399,0,0
31695,08:24:22,113.809097,22.627399,0,0
31695,08:24:52,113.809097,22.627399,0,0
31695,08:25:12,113.807602,22.626499,0,0
31695,08:25:20,113.807602,22.626499,0,24
31695,08:25:22,113.806503,22.626101,0,30
31695,08:25:52,113.807297,22.622299,0,33
31695,08:26:22,113.807999,22.621901,0,22
31695,08:26:52,113.811302,22.623899,0,35
31695,08:27:22,113.812202,22.622999,0,12
31695,08:27:52,113.813103,22.6236,0,0
31695,08:28:22,113.813103,22.6236,0,0
31695,08:28:52,113.813103,22.6236,0,0
31695,08:29:22,113.813103,22.6236,0,0
31695,08:29:52,113.813103,22.6236,0,0
31695,08:30:22,113.813103,22.6236,0,0
31695,08:30:52,113.813103,22.6236,0,0
31695,08:31:22,113.813103,22.6236,0,0
31695,08:31:52,113.813103,22.6236,0,0
31695,08:32:52,113.813103,22.6236,0,0
31695,08:33:52,113.813103,22.6236,0,0
31695,08:34:22,113.813103,22.6236,0,0
31695,08:35:53,113.813103,22.6236,0,0
31695,08:36:23,113.813103,22.6236,0,0
31695,08:37:23,113.813103,22.6236,0,0
31695,08:37:53,113.813103,22.6236,0,0
31695,08:38:23,113.813103,22.6236,0,0
31695,08:39:23,113.813103,22.6236,0,0
31695,08:40:53,113.813103,22.6236,0,0
31695,08:41:23,113.813103,22.6236,0,0
31695,08:42:23,113.813103,22.6236,0,0
31695,08:42:53,113.813103,22.6236,0,0
31695,08:43:23,113.813103,22.6236,0,0
31695,08:44:23,113.813103,22.6236,0,0
31695,08:46:23,113.812897,22.6262,0,13
31695,08:46:53,113.812302,22.6273,0,0
31695,08:47:23,113.812302,22.6273,0,0
31695,08:48:53,113.812302,22.6273,0,0
31695,08:49:23,113.812302,22.6273,0,0
31695,08:50:23,113.812302,22.6273,0,0
31695,08:50:53,113.812302,22.6273,0,0
31695,08:51:53,113.812302,22.6273,0,0
31695,08:53:53,113.812302,22.6273,0,0
31695,08:54:53,113.812302,22.6273,0,0
31695,08:55:23,113.812302,22.6273,0,0
31695,08:55:53,113.812302,22.6273,0,0
31695,08:56:23,113.812302,22.6273,0,0
31695,08:56:53,113.812302,22.6273,0,0
31695,08:57:53,113.812302,22.6273,0,0
31695,08:58:23,113.812302,22.6273,0,0
31695,08:58:53,113.812302,22.6273,0,0
31695,08:59:24,113.812302,22.6273,0,0
31695,09:00:24,113.812302,22.6273,0,0
31695,09:01:24,113.812302,22.6273,0,0
31695,09:02:24,113.812302,22.6273,0,0
31695,09:02:54,113.812302,22.6273,0,0
31695,09:03:54,113.812302,22.6273,0,0
31695,09:04:24,113.812302,22.6273,0,0
31695,09:04:54,113.812302,22.6273,0,0
31695,09:05:24,113.812302,22.6273,0,0
31695,09:05:54,113.812302,22.6273,0,0
31695,09:06:24,113.812302,22.6273,0,0
31695,09:06:42,113.812103,22.6276,0,0
31695,09:06:49,113.812103,22.6276,0,2
31695,09:07:24,113.811203,22.628,0,0
31695,09:08:24,113.811203,22.628,0,0
31695,09:08:54,113.811203,22.628,0,0
31695,09:09:25,113.811203,22.628,0,0
31695,09:09:55,113.811203,22.628,0,0
31695,09:10:25,113.811203,22.628,0,0
31695,09:10:55,113.811203,22.628,0,0
31695,09:12:25,113.8097,22.6271,0,9
31695,09:13:25,113.809799,22.626801,0,0
31695,09:13:55,113.809799,22.626801,0,0
31695,09:14:25,113.809799,22.626801,0,0
31695,09:14:55,113.809799,22.626801,0,0
31695,09:15:55,113.809799,22.626801,0,0
31695,09:17:25,113.809998,22.6266,0,0
31695,09:18:23,113.809799,22.6255,0,19
31695,09:18:26,113.808296,22.624701,0,26
31695,09:19:25,113.809097,22.619301,0,43
31695,09:19:55,113.812202,22.614,0,45
31695,09:20:25,113.816101,22.6101,0,40
31695,09:20:55,113.82,22.6124,0,31
31695,09:21:25,113.824997,22.614799,0,33
31695,09:21:55,113.830498,22.617399,0,45
31695,09:22:25,113.8367,22.619801,0,44
31695,09:22:55,113.8423,22.621401,0,40
31695,09:23:25,113.848297,22.623301,0,37
31695,09:23:55,113.851799,22.6252,0,5
31695,09:24:55,113.859802,22.624201,0,44
31695,09:25:25,113.865898,22.622101,0,44
31695,09:26:25,113.876999,22.615101,0,48
31695,09:27:25,113.885902,22.6035,0,48
31695,09:27:55,113.891899,22.599001,0,49
31695,09:28:25,113.897797,22.5944,0,53
31695,09:28:55,113.903,22.589199,0,46
31695,09:29:26,113.9076,22.584299,0,46
31695,09:29:56,113.912102,22.579399,0,47
31695,09:30:26,113.916603,22.574699,0,38
31695,09:31:26,113.922501,22.568501,0,29
31695,09:32:26,113.935699,22.565201,0,49
31695,09:33:26,113.951103,22.5641,0,53
31695,09:34:26,113.965202,22.5613,0,46
31695,09:34:56,113.972099,22.559299,0,49
31695,09:35:26,113.977997,22.5557,0,48
31695,09:35:56,113.9832,22.551701,0,49
31695,09:36:26,113.989304,22.5483,0,46
31695,09:36:56,113.995903,22.546101,0,44
31695,09:37:26,114.002296,22.5445,0,43
31695,09:38:26,114.009598,22.5394,0,0
31695,09:38:42,114.009598,22.5394,0,0
31695,09:38:49,114.009598,22.5394,0,0
31695,09:38:57,114.009697,22.539301,0,6
31695,09:39:56,114.011902,22.535299,0,5
31695,09:40:26,114.011597,22.534599,0,12
31695,09:40:56,114.012398,22.5319,0,27
31695,09:41:26,114.012497,22.5294,0,19
31695,09:41:56,114.013603,22.530399,0,20
31695,09:42:26,114.0159,22.531,0,13
31695,09:43:57,114.024803,22.531401,0,29
31695,09:44:27,114.029297,22.5303,0,14
31695,09:44:57,114.031197,22.5301,0,12
31695,09:45:27,114.0327,22.5301,0,7
31695,09:45:57,114.034103,22.530199,0,10
31695,09:46:27,114.035797,22.5303,0,6
31695,09:46:57,114.037498,22.5306,0,21
31695,09:47:27,114.041397,22.531,0,30
31695,09:47:57,114.046204,22.5312,0,28
31695,09:49:27,114.052696,22.5313,0,0
31695,09:49:44,114.052696,22.5313,0,3
31695,09:49:58,114.053398,22.5355,0,17
31695,09:50:28,114.0532,22.537001,0,1
31695,09:50:58,114.0532,22.537001,0,0
31695,09:51:27,114.053101,22.5375,0,9
31695,09:51:28,114.053101,22.5375,0,0
31695,09:51:35,114.052803,22.5375,0,11
31695,09:51:58,114.052803,22.5382,0,4
31695,09:52:28,114.052803,22.5383,0,0
31695,09:52:58,114.052803,22.5383,0,0
31695,09:53:27,114.052803,22.5383,0,3
31695,09:54:27,114.050499,22.539499,0,9
31695,09:54:57,114.0485,22.5394,0,10
31695,09:55:57,114.048103,22.539499,0,6
31695,09:56:27,114.046402,22.5396,0,0
31695,09:56:57,114.044601,22.539499,0,7
31695,09:57:27,114.044502,22.5429,0,27
31695,09:57:57,114.0448,22.542601,0,18
31695,09:58:57,114.039597,22.5425,0,0
31695,09:59:57,114.039101,22.5438,0,10
31695,10:00:27,114.039299,22.5443,0,0
31695,10:01:27,114.039398,22.5443,0,10
31695,10:01:57,114.040802,22.544399,0,3
31695,10:02:27,114.041199,22.544399,0,3
31695,10:03:27,114.042702,22.544399,0,0
31695,10:03:57,114.043198,22.5445,0,10
31695,10:04:27,114.0438,22.544399,0,13
31695,10:04:57,114.043198,22.542801,0,14
31695,10:05:27,114.0438,22.5406,0,17
31695,10:05:57,114.044197,22.5376,0,18
31695,10:07:28,114.044899,22.527201,0,12
31695,10:08:28,114.042198,22.521999,0,27
31695,10:08:58,114.041702,22.5212,0,12
31695,10:09:28,114.040901,22.520201,0,7
31695,10:09:58,114.040398,22.5205,0,3
31695,10:10:28,114.039703,22.520901,0,0
31695,10:11:58,114.040901,22.5203,0,0
31695,10:12:28,114.040703,22.519699,0,19
31695,10:12:58,114.040298,22.518801,0,15
31695,10:13:58,114.040703,22.519199,0,31
31695,10:14:58,114.047699,22.5186,0,34
31695,10:15:28,114.050499,22.518101,0,0
31695,10:15:58,114.050499,22.518101,0,0
31695,10:16:28,114.050499,22.518101,0,0
31695,10:17:28,114.056702,22.518999,0,36
31695,10:17:58,114.058701,22.5198,0,0
31695,10:18:28,114.060204,22.520599,0,21
31695,10:19:29,114.060501,22.523199,0,0
31695,10:20:59,114.059601,22.526199,0,14
31695,10:22:29,114.0597,22.527599,0,0
31695,10:22:59,114.059898,22.527599,0,0
31695,10:23:30,114.060402,22.527399,0,0
31695,10:24:00,114.059898,22.526699,0,11
31695,10:24:30,114.059303,22.5273,0,2
31695,10:25:00,114.059303,22.5273,0,0
31695,10:25:30,114.059303,22.5273,0,0
31695,10:26:30,114.059303,22.5259,0,14
31695,10:27:30,114.054001,22.525801,0,22
31695,10:28:00,114.052101,22.5257,0,0
31695,10:29:00,114.050697,22.525801,0,10
31695,10:29:30,114.0495,22.525801,0,13
31695,10:30:30,114.047096,22.5257,0,0
31695,10:32:00,114.045601,22.5257,0,7
31695,10:32:30,114.046997,22.5256,0,10
31695,10:34:00,114.049896,22.5257,0,17
31695,10:34:30,114.051498,22.527399,0,31
31695,10:35:00,114.052399,22.5313,0,21
31695,10:35:30,114.056702,22.531401,0,25
31695,10:36:00,114.060699,22.531401,0,20
31695,10:36:30,114.063301,22.5315,0,12
31695,10:37:30,114.065697,22.5315,0,9
31695,10:39:00,114.0672,22.523899,0,29
31695,10:39:30,114.068497,22.5238,0,0
31695,10:40:00,114.068497,22.5238,0,0
31695,10:40:30,114.067001,22.525499,0,11
31695,10:41:00,114.068298,22.5289,0,36
31695,10:41:30,114.070297,22.5315,0,16
31695,10:42:00,114.071999,22.5303,0,6
31695,10:42:30,114.072098,22.5291,0,0
31695,10:43:30,114.072098,22.5291,0,0
31695,10:44:00,114.071602,22.5275,0,20
31695,10:46:00,114.068001,22.5282,0,24
31695,10:46:30,114.068298,22.5319,0,19
31695,10:48:30,114.063797,22.5319,0,29
31695,10:49:30,114.054001,22.531601,0,31
31695,10:50:00,114.049698,22.5315,0,33
31695,10:51:30,114.032898,22.5303,0,40
31695,10:52:00,114.027901,22.530899,0,24
31695,10:52:30,114.0242,22.5319,0,29
31695,10:53:31,114.022499,22.534599,0,0
31695,10:54:01,114.022499,22.534599,0,0
31695,10:55:01,114.024498,22.5343,0,19
31695,10:56:01,114.026604,22.5296,0,31
31695,10:56:31,114.0298,22.527599,0,14
31695,10:57:01,114.030998,22.526899,0,0
31695,10:57:31,114.030701,22.526899,0,8
31695,10:58:01,114.029701,22.527,0,14
31695,10:58:31,114.027,22.5266,0,7
31695,10:59:01,114.026703,22.527201,0,0
31695,10:59:31,114.026299,22.5278,0,5
31695,11:00:01,114.025497,22.5282,0,10
31695,11:00:31,114.025101,22.5287,0,5
31695,11:01:01,114.024597,22.529699,0,5
31695,11:01:32,114.024498,22.5298,0,0
31695,11:02:02,114.0243,22.531,0,5
31695,11:02:32,114.024597,22.5312,0,8
31695,11:04:02,114.029198,22.527901,0,15
31695,11:05:02,114.030899,22.5275,0,19
31695,11:05:23,114.029404,22.528299,0,0
31695,11:05:30,114.0289,22.5285,0,22
31695,11:05:32,114.028702,22.528601,0,23
31695,11:06:32,114.024597,22.5352,0,28
31695,11:07:02,114.023804,22.5383,0,29
31695,11:07:32,114.024101,22.5403,0,17
31695,11:07:50,114.0233,22.539801,0,0
31695,11:08:03,114.022301,22.5396,0,14
31695,11:08:33,114.021103,22.5394,0,0
31695,11:10:32,114.017899,22.5408,0,20
31695,11:11:02,114.017799,22.541599,0,0
31695,11:11:32,114.017601,22.542299,0,17
31695,11:12:32,114.017403,22.5438,0,0
31695,11:13:02,114.017303,22.5441,0,14
31695,11:13:32,114.016098,22.5469,0,24
31695,11:14:02,114.014099,22.5497,0,20
31695,11:14:32,114.013901,22.5501,0,0
31695,11:15:02,114.0149,22.5483,0,27
31695,11:15:32,114.015999,22.5457,0,3
31695,11:16:02,114.015999,22.5457,0,0
31695,11:16:32,114.0168,22.5453,0,13
31695,11:17:32,114.0252,22.545401,0,36
31695,11:18:02,114.0298,22.5466,0,24
31695,11:18:32,114.031998,22.5473,0,0
31695,11:19:33,114.034302,22.549,0,25
31695,11:20:33,114.035797,22.5518,0,9
31695,11:21:03,114.035698,22.552299,0,0
31695,11:22:03,114.035698,22.552299,0,0
31695,11:22:33,114.035698,22.552299,0,0
31695,11:23:03,114.035698,22.552299,0,0
31695,11:24:33,114.035698,22.552299,0,0
31695,11:25:33,114.035698,22.552299,0,0
31695,11:26:03,114.035698,22.552299,0,0
31695,11:26:33,114.035698,22.552299,0,0
31695,11:27:03,114.035698,22.552299,0,0
31695,11:27:33,114.035698,22.552299,0,0
31695,11:28:03,114.035698,22.552299,0,0
31695,11:28:33,114.035698,22.552299,0,0
31695,11:29:03,114.035698,22.552299,0,0
31695,11:30:03,114.035698,22.552299,0,0
31695,11:30:33,114.035698,22.552299,0,0
31695,11:32:03,114.035698,22.552299,0,0
31695,11:32:33,114.035698,22.552299,0,0
31695,11:33:33,114.035698,22.552299,0,0
31695,11:34:03,114.035698,22.552299,0,0
31695,11:34:33,114.035698,22.552299,0,0
31695,11:36:33,114.035698,22.552299,0,0
31695,11:37:33,114.035698,22.552299,0,0
31695,11:39:33,114.035698,22.552299,0,0
31695,11:40:03,114.035698,22.552299,0,0
31695,11:40:33,114.035698,22.552299,0,0
31695,11:41:03,114.0355,22.553499,0,14
31695,11:41:33,114.035896,22.555599,0,22
31695,11:42:33,114.039001,22.556299,0,19
31695,11:44:03,114.043198,22.5567,0,0
31695,11:44:33,114.043198,22.5567,0,0
31695,11:45:33,114.0429,22.558599,0,25
31695,11:46:33,114.040703,22.564301,0,20
31695,11:47:03,114.039497,22.564199,0,17
31695,11:48:33,114.043503,22.5571,0,12
31695,11:49:34,114.044098,22.5518,0,11
31695,11:50:34,114.044197,22.545099,0,31
31695,11:51:34,114.044296,22.5376,0,20
31695,11:52:04,114.044098,22.5373,0,20
31695,11:52:34,114.047798,22.5373,0,17
31695,11:53:34,114.051804,22.5373,0,15
31695,11:54:04,114.052902,22.537399,0,0
31695,11:54:34,114.0532,22.537399,0,0
31695,11:56:04,114.051498,22.5376,0,0
31695,11:56:34,114.049896,22.537399,0,28
31695,11:57:04,114.045097,22.537399,0,37
31695,11:57:34,114.044296,22.535101,0,25
31695,11:58:04,114.044403,22.5324,0,23
31695,11:58:34,114.044701,22.529499,0,10
31695,11:59:04,114.0448,22.528099,0,9
31695,11:59:34,114.044403,22.528299,0,17
31695,12:00:30,114.044197,22.530001,0,0
31695,12:01:00,114.044197,22.530001,0,0
31695,12:02:24,114.044197,22.530001,0,0
31695,12:02:54,114.044899,22.527599,0,7
31695,12:04:24,114.045601,22.5257,0,13
31695,12:05:24,114.049202,22.5256,0,23
31695,12:06:24,114.051102,22.525801,0,0
31695,12:07:23,114.053802,22.5257,0,9
31695,12:08:23,114.0569,22.525801,0,6
31695,12:09:23,114.0578,22.525801,0,6
31695,12:09:53,114.059303,22.5259,0,0
31695,12:10:23,114.059303,22.5259,0,0
31695,12:11:53,114.058899,22.5292,0,0
31695,12:12:53,114.059898,22.5294,0,0
31695,12:13:53,114.062202,22.5294,0,4
31695,12:14:23,114.063103,22.528,0,18
31695,12:14:53,114.063103,22.525999,0,13
31695,12:15:23,114.063103,22.524799,0,18
31695,12:16:23,114.059601,22.520399,0,15
31695,12:16:54,114.059097,22.520201,0,8
31695,12:17:54,114.059097,22.521601,0,0
31695,12:19:24,114.059502,22.5236,0,12
31695,12:19:54,114.060699,22.5219,0,11
31695,12:20:24,114.060799,22.5217,0,7
31695,12:21:24,114.060402,22.5233,0,0
31695,12:23:24,114.058197,22.534401,0,0
31695,12:23:54,114.058197,22.534401,0,0
31695,12:24:24,114.058197,22.5352,0,13
31695,12:24:54,114.056297,22.5355,0,0
31695,12:25:24,114.054199,22.5355,0,17
31695,12:25:54,114.053001,22.5355,0,18
31695,12:26:24,114.052399,22.5364,0,3
31695,12:26:54,114.052498,22.5364,0,0
31695,12:27:54,114.050201,22.5354,0,17
31695,12:28:24,114.048698,22.5355,0,0
31695,12:28:54,114.047997,22.5355,0,10
31695,12:29:24,114.047897,22.536501,0,13
31695,12:29:54,114.047897,22.5385,0,20
31695,12:30:24,114.046898,22.539499,0,12
31695,12:30:54,114.044701,22.5394,0,13
31695,12:31:24,114.044502,22.5432,0,41
31695,12:31:54,114.044403,22.5488,0,26
31695,12:32:54,114.044296,22.550301,0,0
31695,12:34:24,114.044403,22.541201,0,41
31695,12:34:54,114.044403,22.536301,0,29
31695,12:35:54,114.043404,22.5308,0,18
31695,12:36:24,114.0467,22.5312,0,25
31695,12:36:55,114.051697,22.5313,0,27
31695,12:37:25,114.055199,22.531401,0,25
31695,12:38:25,114.065102,22.5315,0,23
31695,12:40:25,114.072098,22.5301,0,0
31695,12:40:55,114.072197,22.530199,0,8
31695,12:41:25,114.072502,22.531601,0,16
31695,12:41:55,114.074997,22.5317,0,0
31695,12:42:55,114.078003,22.532499,0,21
31695,12:44:25,114.081902,22.535101,0,17
31695,12:44:55,114.0821,22.5341,0,3
31695,12:45:55,114.082199,22.533899,0,0
31695,12:46:25,114.082199,22.533899,0,0
31695,12:48:25,114.081497,22.540001,0,0
31695,12:48:55,114.081497,22.540001,0,0
31695,12:50:25,114.081703,22.541401,0,17
31695,12:50:55,114.081902,22.542999,0,10
31695,12:51:25,114.085503,22.5432,0,26
31695,12:51:55,114.088203,22.5432,0,19
31695,12:52:25,114.091698,22.543301,0,21
31695,12:52:55,114.092201,22.543301,0,9
31695,12:53:55,114.097198,22.5434,0,26
31695,12:54:55,114.101799,22.5438,0,23
31695,12:55:25,114.105202,22.5445,0,16
31695,12:55:55,114.105499,22.5445,0,0
31695,12:56:25,114.105499,22.5445,0,0
31695,12:56:56,114.106903,22.5448,0,19
31695,12:57:26,114.110603,22.5453,0,28
31695,12:57:56,114.114197,22.5459,0,21
31695,12:58:26,114.1166,22.546301,0,13
31695,12:58:56,114.119598,22.546801,0,26
31695,12:59:26,114.123901,22.547501,0,29
31695,12:59:56,114.125603,22.5478,0,0
31695,13:00:56,114.125603,22.5478,0,0
31695,13:01:56,114.127098,22.548,0,24
31695,13:02:56,114.136101,22.5495,0,31
31695,13:03:26,114.139,22.549801,0,7
31695,13:05:26,114.141403,22.548901,0,0
31695,13:05:56,114.141403,22.548901,0,0
31695,13:06:26,114.141403,22.548901,0,0
31695,13:06:56,114.1408,22.547899,0,17
31695,13:07:26,114.139198,22.546301,0,13
31695,13:07:56,114.1371,22.545,0,8
31695,13:08:26,114.135597,22.5455,0,14
31695,13:08:57,114.134499,22.5469,0,15
31695,13:09:27,114.135803,22.5485,0,0
31695,13:09:57,114.135803,22.5485,0,0
31695,13:10:27,114.135803,22.5485,0,0
31695,13:11:57,114.135803,22.5485,0,0
31695,13:12:27,114.135803,22.5485,0,0
31695,13:12:57,114.135803,22.5485,0,0
31695,13:13:27,114.135803,22.5485,0,0
31695,13:13:57,114.135803,22.5485,0,0
31695,13:15:27,114.135803,22.5485,0,0
31695,13:15:57,114.135803,22.5485,0,0
31695,13:16:27,114.135803,22.5485,0,0
31695,13:17:27,114.135803,22.5485,0,0
31695,13:18:27,114.135803,22.5485,0,0
31695,13:18:57,114.135803,22.5485,0,0
31695,13:19:27,114.1371,22.5488,0,16
31695,13:19:57,114.139099,22.5497,0,3
31695,13:20:57,114.139297,22.5499,0,0
31695,13:22:27,114.139297,22.5499,0,0
31695,13:22:57,114.139297,22.5499,0,0
31695,13:23:27,114.137703,22.549801,0,20
31695,13:23:57,114.137497,22.5513,0,25
31695,13:24:27,114.139397,22.555201,0,34
31695,13:25:57,114.137497,22.568899,0,35
31695,13:26:27,114.138496,22.573999,0,35
31695,13:27:57,114.125702,22.577101,0,33
31695,13:28:27,114.119698,22.5767,0,37
31695,13:29:57,114.104698,22.5734,0,32
31695,13:30:27,114.100304,22.5709,0,34
31695,13:30:57,114.095901,22.5688,0,31
31695,13:32:27,114.0858,22.5686,0,29
31695,13:32:57,114.083397,22.571501,0,19
31695,13:33:27,114.080399,22.572599,0,25
31695,13:33:57,114.075996,22.5721,0,33
31695,13:34:58,114.068001,22.5695,0,16
31695,13:35:28,114.067596,22.571199,0,11
31695,13:36:58,114.059998,22.578199,0,35
31695,13:37:28,114.055603,22.579901,0,31
31695,13:37:58,114.053596,22.5837,0,30
31695,13:38:28,114.052597,22.5875,0,31
31695,13:38:58,114.0495,22.591299,0,36
31695,13:39:58,114.044502,22.594801,0,0
31695,13:40:28,114.044502,22.594801,0,0
31695,13:40:58,114.042397,22.596701,0,25
31695,13:41:58,114.036797,22.6001,0,33
31695,13:42:28,114.034897,22.601999,0,0
31695,13:42:58,114.034897,22.601999,0,0
31695,13:43:58,114.0299,22.607,0,11
31695,13:44:28,114.028999,22.6082,0,24
31695,13:44:58,114.027702,22.6112,0,12
31695,13:45:58,114.028099,22.6122,0,16
31695,13:46:28,114.026901,22.6131,0,0
31695,13:46:58,114.026901,22.613001,0,0
31695,13:47:40,114.026901,22.612499,0,0
31695,13:48:17,114.026901,22.612499,0,0
31695,13:48:58,114.027298,22.6127,0,3
31695,13:49:28,114.027298,22.6127,0,0
31695,13:49:58,114.027298,22.6127,0,0
31695,13:50:28,114.027298,22.6127,0,0
31695,13:51:28,114.027298,22.6127,0,0
31695,13:51:58,114.027298,22.6127,0,0
31695,13:52:28,114.027298,22.6127,0,0
31695,13:52:45,114.027298,22.6127,0,0
31695,13:53:29,114.027603,22.612801,0,0
31695,13:53:59,114.027603,22.612801,0,0
31695,13:54:29,114.027603,22.612801,0,0
31695,13:54:59,114.027603,22.612801,0,0
31695,13:55:30,114.027603,22.612801,0,0
31695,13:56:02,114.0271,22.6131,0,0
31695,13:57:00,114.0271,22.6131,0,0
31695,13:57:30,114.0271,22.6131,0,0
31695,13:58:25,114.0271,22.6131,0,11
31695,13:58:29,114.026802,22.611099,0,21
31695,13:59:29,114.023697,22.604601,0,22
31695,13:59:59,114.024803,22.6031,0,21
31695,14:00:59,114.0243,22.5966,0,33
31695,14:01:29,114.021599,22.5935,0,33
31695,14:01:59,114.016998,22.5919,0,28
31695,14:02:29,114.013199,22.591101,0,20
31695,14:02:59,114.011101,22.593399,0,20
31695,14:03:29,114.009804,22.590599,0,25
31695,14:03:50,114.009697,22.589001,0,0
31695,14:03:59,114.009697,22.589001,0,0
31695,14:04:59,114.009697,22.589001,0,0
31695,14:05:59,114.009697,22.589001,0,0
31695,14:06:29,114.009697,22.589001,0,0
31695,14:06:59,114.009697,22.589001,0,0
31695,14:07:30,114.012497,22.567101,0,31
31695,14:08:00,114.014099,22.562799,0,35
31695,14:08:30,114.017303,22.5599,0,32
31695,14:08:59,114.022598,22.5602,0,33
31695,14:10:59,114.0289,22.5569,0,0
31695,14:11:29,114.0289,22.5569,0,0
31695,14:12:29,114.032303,22.554199,0,27
31695,14:13:30,114.033798,22.5513,0,27
31695,14:14:00,114.034302,22.548901,0,0
31695,14:15:00,114.034302,22.548901,0,0
31695,14:15:30,114.034401,22.5485,0,11
31695,14:16:00,114.036301,22.548599,0,19
31695,14:17:30,114.039597,22.5494,0,0
31695,14:18:30,114.040398,22.5495,0,14
31695,14:20:00,114.043701,22.550501,0,0
31695,14:20:30,114.043701,22.550501,0,0
31695,14:22:00,114.044098,22.555799,0,3
31695,14:22:30,114.043404,22.557699,0,12
31695,14:23:00,114.0429,22.5585,0,24
31695,14:23:30,114.042198,22.560101,0,0
31695,14:24:00,114.042198,22.560101,0,0
31695,14:26:30,114.042503,22.563499,0,0
31695,14:27:00,114.041901,22.5644,0,12
31695,14:27:30,114.039703,22.5651,0,7
31695,14:30:00,114.0336,22.562599,0,15
31695,14:30:30,114.030602,22.5623,0,28
31695,14:31:30,114.021599,22.560301,0,38
31695,14:32:30,114.010399,22.558901,0,36
31695,14:33:00,114.005501,22.556801,0,32
31695,14:33:30,114.000801,22.555901,0,32
31695,14:34:00,113.995598,22.556299,0,37
31695,14:35:00,113.984497,22.558701,0,40
31695,14:35:30,113.978699,22.557501,0,41
31695,14:36:00,113.974098,22.5567,0,22
31695,14:36:30,113.970497,22.557699,0,22
31695,14:37:31,113.962601,22.5581,0,24
31695,14:38:01,113.962303,22.5597,0,0
31695,14:38:31,113.962303,22.5604,0,21
31695,14:39:01,113.9608,22.563601,0,20
31695,14:39:31,113.960403,22.5644,0,5
31695,14:40:01,113.958199,22.565201,0,13
31695,14:40:31,113.954903,22.566299,0,34
31695,14:42:31,113.9524,22.5711,0,9
31695,14:43:01,113.950401,22.5716,0,21
31695,14:44:31,113.9496,22.5763,0,14
31695,14:45:01,113.9496,22.5783,0,11
31695,14:46:01,113.949699,22.582001,0,21
31695,14:46:31,113.949699,22.5826,0,0
31695,14:47:31,113.949699,22.5826,0,0
31695,14:48:01,113.949699,22.582701,0,0
31695,14:49:02,113.949799,22.583799,0,2
31695,14:49:32,113.949898,22.5844,0,14
31695,14:50:02,113.949898,22.587,0,24
31695,14:50:32,113.9496,22.5912,0,29
31695,14:51:32,113.943001,22.595699,0,33
31695,14:52:32,113.935898,22.6015,0,37
31695,14:53:32,113.933601,22.6106,0,26
31695,14:54:32,113.934799,22.6206,0,35
31695,14:55:32,113.934601,22.625099,0,0
31695,14:56:02,113.934402,22.6257,0,17
31695,14:56:32,113.934097,22.628799,0,14
31695,14:57:02,113.932198,22.631599,0,35
31695,14:57:32,113.928703,22.6355,0,31
31695,14:58:02,113.928001,22.636299,0,0
31695,14:58:32,113.9263,22.6381,0,29
31695,14:59:02,113.923203,22.6416,0,42
31695,14:59:32,113.919098,22.646099,0,43
31695,15:01:32,113.919899,22.6621,0,32
31695,15:02:02,113.920303,22.6654,0,22
31695,15:02:32,113.920303,22.6689,0,29
31695,15:03:03,113.920303,22.669901,0,0
31695,15:03:33,113.920403,22.6709,0,14
31695,15:04:03,113.920998,22.673901,0,31
31695,15:05:03,113.921799,22.6791,0,21
31695,15:06:33,113.922096,22.6868,0,3
31695,15:07:03,113.920998,22.687799,0,26
31695,15:08:33,113.916603,22.6922,0,0
31695,15:09:03,113.916298,22.6929,0,20
31695,15:10:33,113.9114,22.707001,0,38
31695,15:11:03,113.906403,22.709299,0,24
31695,15:11:26,113.904404,22.7113,0,0
31695,15:11:32,113.904099,22.711599,0,18
31695,15:12:04,113.902298,22.7138,0,20
31695,15:12:34,113.902,22.7174,0,29
31695,15:13:03,113.902397,22.719999,0,0
31695,15:14:03,113.902397,22.721399,0,19
31695,15:15:03,113.902603,22.729401,0,24
31695,15:17:33,113.902397,22.739401,0,1
31695,15:18:03,113.902298,22.739901,0,7
31695,15:18:33,113.902,22.742201,0,27
31695,15:19:33,113.902397,22.749701,0,35
31695,15:20:33,113.902199,22.7568,0,17
31695,15:21:04,113.901497,22.758699,0,12
31695,15:23:04,113.903198,22.7596,0,0
31695,15:24:04,113.903099,22.759899,0,14
31695,15:24:34,113.902397,22.760401,0,7
31695,15:25:34,113.901001,22.760201,0,16
31695,15:26:04,113.900299,22.7609,0,24
31695,15:26:34,113.900597,22.76,0,0
31695,15:27:04,113.901398,22.757799,0,24
31695,15:27:34,113.902397,22.755301,0,25
31695,15:28:04,113.902901,22.751801,0,31
31695,15:28:34,113.901703,22.747499,0,29
31695,15:29:04,113.901802,22.743299,0,27
31695,15:29:34,113.9021,22.740499,0,0
31695,15:30:04,113.9021,22.740499,0,0
31695,15:33:04,113.902496,22.733601,0,7
31695,15:33:34,113.902603,22.7356,0,28
31695,15:34:04,113.902603,22.739201,0,12
31695,15:34:34,113.904404,22.7397,0,25
31695,15:36:04,113.9105,22.740299,0,17
31695,15:36:34,113.914703,22.740601,0,32
31695,15:37:04,113.919296,22.741301,0,24
31695,15:38:04,113.920998,22.7421,0,19
31695,15:38:34,113.924103,22.744699,0,27
31695,15:39:04,113.924599,22.7453,0,0
31695,15:40:04,113.9282,22.7507,0,31
31695,15:40:34,113.928802,22.751699,0,0
31695,15:41:04,113.928802,22.751699,0,0
31695,15:43:04,113.9217,22.754801,0,32
31695,15:45:04,113.927399,22.7435,0,44
31695,15:46:04,113.936897,22.733999,0,49
31695,15:46:34,113.941498,22.73,0,37
31695,15:48:34,113.956398,22.712999,0,33
31695,15:49:05,113.957001,22.709999,0,12
31695,15:49:35,113.9571,22.7096,0,0
31695,15:50:05,113.957199,22.708401,0,11
31695,15:50:35,113.957298,22.707199,0,7
31695,15:52:05,113.957901,22.704901,0,0
31695,15:52:35,113.958298,22.704,0,10
31695,15:54:05,113.959099,22.702299,0,0
31695,15:55:35,113.960098,22.7005,0,9
31695,15:56:05,113.960602,22.6996,0,12
31695,15:56:35,113.961197,22.6985,0,6
31695,15:57:35,113.962402,22.696501,0,5
31695,15:59:05,113.9636,22.694201,0,26
31695,16:00:35,113.973396,22.681101,0,30
31695,16:01:05,113.975899,22.6784,0,10
31695,16:01:35,113.977997,22.676001,0,29
31695,16:02:35,113.987801,22.670401,0,44
31695,16:03:05,113.991501,22.667601,0,18
31695,16:04:05,113.995499,22.664101,0,22
31695,16:05:36,113.9972,22.6625,0,0
31695,16:06:06,113.9972,22.6625,0,0
31695,16:06:36,113.998199,22.6616,0,18
31695,16:07:36,114.002502,22.6556,0,1
31695,16:08:36,114.005203,22.651899,0,23
31695,16:09:06,114.007401,22.648899,0,24
31695,16:10:06,114.007797,22.648199,0,0
31695,16:10:36,114.007797,22.648199,0,0
31695,16:11:06,114.007797,22.648199,0,0
31695,16:11:36,114.008598,22.6472,0,17
31695,16:12:36,114.013702,22.640499,0,40
31695,16:13:06,114.0158,22.639,0,0
31695,16:13:36,114.0158,22.639,0,0
31695,16:14:06,114.016502,22.639099,0,4
31695,16:14:36,114.016602,22.6399,0,5
31695,16:15:06,114.016701,22.641399,0,13
31695,16:15:36,114.017097,22.643101,0,14
31695,16:16:36,114.018402,22.6462,0,0
31695,16:17:06,114.018402,22.6462,0,0
31695,16:18:06,114.020798,22.646299,0,30
31695,16:18:36,114.022797,22.6464,0,0
31695,16:19:36,114.023598,22.6464,0,10
31695,16:20:06,114.023003,22.649799,0,24
31695,16:21:07,114.0215,22.652201,0,0
31695,16:22:07,114.023003,22.6539,0,18
31695,16:22:37,114.024498,22.6549,0,6
31695,16:23:07,114.024696,22.6551,0,0
31695,16:23:37,114.024696,22.6551,0,0
31695,16:24:07,114.024696,22.6551,0,0
31695,16:24:37,114.026398,22.653601,0,31
31695,16:25:07,114.027298,22.652599,0,0
31695,16:25:37,114.027496,22.652201,0,13
31695,16:26:07,114.029701,22.6502,0,10
31695,16:27:37,114.028198,22.645599,0,2
31695,16:28:07,114.028099,22.6455,0,0
31695,16:28:37,114.028099,22.6455,0,0
31695,16:29:07,114.028099,22.6455,0,0
31695,16:29:37,114.028099,22.6455,0,0
31695,16:30:37,114.026497,22.642,0,26
31695,16:31:07,114.0261,22.641199,0,0
31695,16:31:37,114.026001,22.641001,0,11
31695,16:32:07,114.025597,22.6401,0,0
31695,16:33:07,114.024399,22.636999,0,0
31695,16:33:37,114.024399,22.636999,0,0
31695,16:34:07,114.024399,22.636999,0,0
31695,16:34:37,114.024399,22.635599,0,23
31695,16:35:07,114.025101,22.632,0,20
31695,16:35:38,114.025497,22.630199,0,15
31695,16:36:08,114.026398,22.627701,0,14
31695,16:37:07,114.027496,22.6241,0,0
31695,16:38:07,114.027496,22.6241,0,0
31695,16:38:37,114.027496,22.6241,0,0
31695,16:39:08,114.027802,22.6229,0,14
31695,16:39:38,114.028,22.6222,0,0
31695,16:40:08,114.028,22.622,0,9
31695,16:40:38,114.029404,22.618799,0,28
31695,16:41:08,114.031898,22.6152,0,14
31695,16:41:38,114.031998,22.615101,0,0
31695,16:42:08,114.031998,22.615101,0,0
31695,16:42:41,114.031998,22.615101,0,0
31695,16:42:49,114.031998,22.615101,0,0
31695,16:43:08,114.032799,22.614201,0,28
31695,16:44:08,114.0383,22.6075,0,0
31695,16:44:38,114.0383,22.6075,0,0
31695,16:46:38,114.043098,22.6017,0,4
31695,16:47:08,114.043297,22.6008,0,0
31695,16:47:38,114.043297,22.6008,0,0
31695,16:48:08,114.043297,22.6008,0,0
31695,16:49:08,114.043297,22.6008,0,0
31695,16:50:38,114.043701,22.6003,0,4
31695,16:51:38,114.044899,22.597099,0,4
31695,16:52:38,114.048698,22.591801,0,32
31695,16:53:08,114.051498,22.588699,0,26
31695,16:53:38,114.0532,22.584801,0,32
31695,16:54:08,114.055,22.5807,0,32
31695,16:54:38,114.058197,22.5784,0,27
31695,16:55:38,114.067299,22.5739,0,28
31695,16:57:08,114.067398,22.566601,0,0
31695,16:57:38,114.067398,22.5655,0,24
31695,16:58:38,114.067596,22.5595,0,0
31695,16:59:38,114.067596,22.5595,0,0
31695,17:00:38,114.067703,22.553801,0,29
31695,17:01:08,114.067703,22.5506,0,25
31695,17:02:08,114.067802,22.545799,0,15
31695,17:03:39,114.0662,22.5385,0,11
31695,17:04:09,114.065201,22.538,0,15
31695,17:04:39,114.064003,22.5378,0,0
31695,17:05:09,114.064003,22.5378,0,0
31695,17:05:39,114.063599,22.537901,0,14
31695,17:06:09,114.062897,22.535601,0,25
31695,17:06:39,114.063004,22.5324,0,21
31695,17:07:09,114.063004,22.528799,0,21
31695,17:07:39,114.063103,22.5266,0,0
31695,17:09:32,114.063004,22.5242,0,0
31695,17:09:40,114.063004,22.5242,0,1
31695,17:10:10,114.062798,22.523399,0,0
31695,17:10:40,114.062798,22.523399,0,0
31695,17:11:09,114.062798,22.523399,0,0
31695,17:11:39,114.062599,22.5229,0,13
31695,17:12:09,114.061996,22.5222,0,4
31695,17:13:09,114.061897,22.5221,0,0
31695,17:13:39,114.061897,22.5221,0,0
31695,17:14:09,114.059898,22.520599,0,29
31695,17:14:39,114.055603,22.518801,0,32
31695,17:15:39,114.052101,22.518299,0,0
31695,17:16:39,114.050499,22.515699,0,35
31695,17:17:39,114.050697,22.511,0,21
31695,17:18:39,114.044197,22.5109,0,10
31695,17:20:09,114.041603,22.5119,0,20
31695,17:21:10,114.044601,22.5124,0,0
31695,17:22:40,114.052696,22.513,0,18
31695,17:23:10,114.055298,22.5138,0,6
31695,17:24:10,114.056099,22.5142,0,20
31695,17:25:40,114.062103,22.518299,0,0
31695,17:27:40,114.063202,22.5249,0,9
31695,17:28:10,114.063301,22.5259,0,12
31695,17:28:40,114.063202,22.5287,0,28
31695,17:29:40,114.063797,22.5315,0,9
31695,17:31:10,114.068001,22.5315,0,11
31695,17:31:40,114.069298,22.5308,0,18
31695,17:32:40,114.068199,22.5375,0,32
31695,17:34:10,114.068604,22.5445,0,5
31695,17:35:11,114.068604,22.5445,0,0
31695,17:36:11,114.0681,22.5457,0,12
31695,17:36:41,114.0681,22.547199,0,0
31695,17:37:41,114.0681,22.547199,0,0
31695,17:38:11,114.0681,22.547199,0,0
31695,17:38:41,114.0681,22.547199,0,0
31695,17:39:11,114.068497,22.547701,0,16
31695,17:40:11,114.0755,22.5471,0,22
31695,17:41:11,114.075798,22.547001,0,0
31695,17:41:41,114.075798,22.547001,0,0
31695,17:42:11,114.075897,22.547001,0,0
31695,17:42:41,114.077698,22.5471,0,6
31695,17:43:41,114.079002,22.5471,0,9
31695,17:44:11,114.080399,22.547001,0,9
31695,17:48:41,114.081398,22.547001,0,0
31695,17:50:11,114.081802,22.547001,0,2
31695,17:50:41,114.081802,22.547001,0,0
31695,17:51:23,114.0821,22.5471,0,0
31695,17:52:12,114.0821,22.5471,0,0
31695,17:52:42,114.0821,22.5471,0,0
31695,17:53:11,114.0821,22.5471,0,0
31695,17:53:41,114.0821,22.5471,0,0
31695,17:54:11,114.0821,22.5471,0,0
31695,17:54:41,114.0821,22.5471,0,0
31695,17:55:11,114.082901,22.5471,0,0
31695,17:56:11,114.083397,22.5471,0,7
31695,17:57:11,114.084099,22.546,0,4
31695,17:58:11,114.084099,22.545401,0,0
31695,17:58:41,114.084099,22.544701,0,0
31695,17:59:42,114.084099,22.544201,0,0
31695,18:00:12,114.084198,22.5436,0,8
31695,18:01:12,114.083801,22.5434,0,0
31695,18:01:42,114.083801,22.5434,0,0
31695,18:02:12,114.082703,22.5434,0,8
31695,18:02:42,114.082397,22.543301,0,0
31695,18:03:12,114.081299,22.543301,0,6
31695,18:04:12,114.0811,22.543301,0,0
31695,18:04:42,114.0811,22.543301,0,0
31695,18:05:12,114.0811,22.543301,0,0
31695,18:05:42,114.080902,22.543301,0,3
31695,18:06:12,114.0802,22.543301,0,9
31695,18:06:42,114.079399,22.543301,0,3
31695,18:07:12,114.078499,22.543301,0,13
31695,18:07:42,114.078003,22.543301,0,9
31695,18:08:42,114.07,22.542999,0,30
31695,18:09:42,114.061096,22.5429,0,32
31695,18:10:12,114.055801,22.5431,0,36
31695,18:10:42,114.051003,22.5427,0,25
31695,18:12:42,114.044701,22.542601,0,8
31695,18:13:12,114.041496,22.5425,0,29
31695,18:14:12,114.0373,22.542,0,2
31695,18:14:42,114.037102,22.542,0,0
31695,18:20:43,114.035103,22.543699,0,0
31695,18:21:43,114.0355,22.5425,0,9
31695,18:22:13,114.0355,22.542299,0,0
31695,18:22:43,114.0355,22.542299,0,0
31695,18:23:13,114.0355,22.542299,0,0
31695,18:23:43,114.0355,22.542299,0,0
31695,18:24:13,114.0355,22.542299,0,0
31695,18:24:38,114.035599,22.541901,0,0
31695,18:24:43,114.035599,22.541901,0,0
31695,18:24:45,114.035599,22.541901,0,11
31695,18:27:13,114.045097,22.542299,0,24
31695,18:28:13,114.0476,22.5418,0,0
31695,18:28:43,114.049301,22.541901,0,8
31695,18:29:13,114.052002,22.5424,0,29
31695,18:31:13,114.057999,22.5399,0,0
31695,18:31:43,114.057999,22.5397,0,8
31695,18:32:13,114.058098,22.541401,0,21
31695,18:32:43,114.058098,22.544701,0,18
31695,18:33:43,114.060402,22.5469,0,5
31695,18:34:13,114.062302,22.547501,0,4
31695,18:34:43,114.062599,22.547199,0,0
31695,18:35:14,114.062599,22.5467,0,18
31695,18:35:44,114.060699,22.5455,0,9
31695,18:36:14,114.060501,22.545601,0,0
31695,18:36:44,114.058403,22.545601,0,0
31695,18:37:14,114.058403,22.545601,0,0
31695,18:37:44,114.057899,22.5448,0,21
31695,18:37:55,114.057899,22.5436,0,0
31695,18:38:01,114.057999,22.5427,0,31
31695,18:38:45,114.057899,22.539801,0,9
31695,18:39:14,114.056,22.539499,0,7
31695,18:39:44,114.056,22.5383,0,3
31695,18:40:44,114.056,22.537701,0,8
31695,18:42:14,114.052002,22.5375,0,0
31695,18:43:14,114.048203,22.5375,0,0
31695,18:44:14,114.048203,22.5375,0,0
31695,18:44:44,114.047501,22.537399,0,19
31695,18:45:44,114.044502,22.5338,0,26
31695,18:47:14,114.0448,22.529499,0,9
31695,18:47:44,114.044998,22.5278,0,14
31695,18:49:14,114.043999,22.525101,0,0
31695,18:49:44,114.042999,22.523199,0,10
31695,18:50:14,114.042099,22.523199,0,13
31695,18:50:44,114.041298,22.5238,0,4
31695,18:51:14,114.041603,22.524599,0,0
31695,18:51:44,114.041702,22.525101,0,6
31695,18:52:14,114.041397,22.5259,0,0
31695,18:52:44,114.041199,22.526699,0,12
31695,18:53:14,114.040703,22.528099,0,14
31695,18:53:44,114.040497,22.528999,0,1
31695,18:54:44,114.040802,22.5299,0,13
31695,18:55:14,114.040901,22.530399,0,2
31695,18:56:14,114.042198,22.530899,0,15
31695,18:57:14,114.048798,22.5312,0,23
31695,18:57:44,114.053398,22.531401,0,31
31695,18:59:14,114.057098,22.531401,0,5
31695,18:59:44,114.059097,22.531401,0,21
31695,19:00:14,114.062599,22.531401,0,11
31695,19:00:44,114.063698,22.5315,0,4
31695,19:01:45,114.066704,22.5315,0,6
31695,19:02:15,114.0681,22.5315,0,5
31695,19:03:15,114.068199,22.5341,0,37
31695,19:04:15,114.069,22.5425,0,25
31695,19:05:15,114.069,22.543501,0,0
31695,19:06:15,114.069,22.543501,0,2
31695,19:06:45,114.068497,22.5445,0,11
31695,19:07:45,114.068001,22.545799,0,0
31695,19:08:15,114.068001,22.545799,0,0
31695,19:09:15,114.068001,22.5481,0,12
31695,19:10:15,114.067902,22.549999,0,0
31695,19:11:46,114.067902,22.549999,0,0
31695,19:12:16,114.067902,22.549999,0,0
31695,19:13:46,114.068001,22.552799,0,0
31695,19:14:16,114.067902,22.553699,0,1
31695,19:14:46,114.067902,22.554001,0,1
31695,19:15:16,114.067902,22.554199,0,0
31695,19:16:16,114.067902,22.5546,0,0
31695,19:16:46,114.067902,22.5555,0,5
31695,19:17:16,114.067902,22.556299,0,4
31695,19:17:46,114.067902,22.556499,0,0
31695,19:18:16,114.067902,22.5569,0,3
31695,19:18:46,114.067902,22.557301,0,3
31695,19:19:16,114.068398,22.558001,0,19
31695,19:19:46,114.071297,22.558001,0,0
31695,19:20:16,114.071503,22.558001,0,13
31695,19:20:46,114.075104,22.5581,0,26
31695,19:21:46,114.080002,22.556999,0,20
31695,19:22:16,114.077904,22.5539,0,9
31695,19:22:46,114.0774,22.5534,0,12
31695,19:23:16,114.075401,22.5516,0,25
31695,19:23:46,114.070602,22.5511,0,24
31695,19:24:16,114.068398,22.5511,0,12
31695,19:24:46,114.068398,22.5511,0,0
31695,19:25:16,114.068398,22.5511,0,0
31695,19:26:16,114.068398,22.5511,0,0
31695,19:27:16,114.063599,22.5515,0,0
31695,19:27:46,114.063599,22.5515,0,0
31695,19:28:16,114.063599,22.5515,0,0
31695,19:29:16,114.063499,22.5515,0,0
31695,19:29:46,114.063499,22.5515,0,0
31695,19:32:47,114.063301,22.5515,0,0
31695,19:34:47,114.062599,22.5515,0,19
31695,19:35:17,114.057899,22.5515,0,31
31695,19:35:47,114.052902,22.551399,0,31
31695,19:36:17,114.051697,22.5513,0,0
31695,19:36:47,114.0495,22.5511,0,30
31695,19:37:17,114.045097,22.550699,0,6
31695,19:38:17,114.044601,22.550699,0,0
31695,19:38:47,114.044601,22.550699,0,0
31695,19:39:17,114.044601,22.550699,0,0
31695,19:39:47,114.044601,22.550699,0,0
31695,19:40:47,114.044098,22.548,0,0
31695,19:41:17,114.043999,22.547199,0,10
31695,19:41:47,114.043701,22.5481,0,13
31695,19:43:17,114.043701,22.5473,0,15
31695,19:43:47,114.044296,22.544701,0,30
31695,19:44:47,114.044899,22.542299,0,26
31695,19:44:48,114.044998,22.542299,0,0
31695,19:44:56,114.046097,22.542299,0,26
31695,19:45:17,114.048103,22.5424,0,27
31695,19:45:47,114.052597,22.5424,0,29
31695,19:46:17,114.057503,22.5425,0,29
31695,19:47:17,114.062798,22.5406,0,12
31695,19:49:47,114.062897,22.5396,0,0
31695,19:50:17,114.062897,22.5396,0,0
31695,19:50:47,114.062897,22.5396,0,0
31695,19:51:47,114.064003,22.5387,0,7
31695,19:52:17,114.063499,22.5375,0,9
31695,19:53:18,114.062897,22.536699,0,20
31695,19:53:48,114.063103,22.5331,0,32
31695,19:54:18,114.063103,22.5292,0,28
31695,19:54:48,114.063103,22.5263,0,25
31695,19:55:18,114.062302,22.522499,0,25
31695,19:55:48,114.061302,22.5215,0,0
31695,19:56:18,114.061302,22.5215,0,0
31695,19:56:48,114.061302,22.5215,0,0
31695,19:57:18,114.059998,22.5207,0,26
31695,19:57:48,114.059303,22.520201,0,0
31695,19:58:18,114.058998,22.5201,0,4
31695,19:59:18,114.058601,22.520901,0,6
31695,19:59:48,114.058098,22.5208,0,0
31695,20:00:18,114.058098,22.5208,0,0
31695,20:00:48,114.058098,22.5208,0,0
31695,20:01:18,114.058098,22.5208,0,0
31695,20:01:48,114.0588,22.520901,0,3
31695,20:02:18,114.058998,22.521999,0,5
31695,20:02:48,114.0588,22.5228,0,5
31695,20:03:18,114.058601,22.5236,0,1
31695,20:04:18,114.058899,22.5236,0,0
31695,20:05:18,114.059196,22.5236,0,0
31695,20:05:48,114.059196,22.5236,0,0
31695,20:06:48,114.060097,22.524599,0,4
31695,20:08:48,114.058998,22.5289,0,16
31695,20:09:18,114.059097,22.531401,0,17
31695,20:10:48,114.069298,22.531401,0,15
31695,20:11:19,114.068298,22.532,0,21
31695,20:12:49,114.068001,22.5459,0,22
31695,20:14:19,114.068001,22.551701,0,4
31695,20:14:49,114.0681,22.5522,0,8
31695,20:15:49,114.068001,22.554701,0,2
31695,20:16:19,114.068001,22.555099,0,6
31695,20:16:49,114.067902,22.556801,0,1
31695,20:17:19,114.067902,22.5574,0,7
31695,20:17:49,114.069901,22.5581,0,26
31695,20:18:49,114.077904,22.5581,0,9
31695,20:19:19,114.081001,22.558201,0,25
31695,20:20:19,114.0858,22.564501,0,27
31695,20:20:49,114.088203,22.5665,0,16
31695,20:21:19,114.0914,22.5672,0,25
31695,20:22:49,114.095497,22.5683,0,19
31695,20:23:19,114.0989,22.569599,0,28
31695,20:24:19,114.103699,22.5702,0,0
31695,20:25:19,114.103897,22.5651,0,7
31695,20:25:49,114.103897,22.5651,0,0
31695,20:26:49,114.103897,22.5651,0,0
31695,20:27:49,114.104103,22.5618,0,0
31695,20:28:19,114.104103,22.5618,0,0
31695,20:28:49,114.104103,22.5618,0,0
31695,20:29:19,114.104103,22.5618,0,0
31695,20:30:49,114.106697,22.562201,0,0
31695,20:31:19,114.107002,22.5606,0,0
31695,20:31:49,114.107201,22.559099,0,21
31695,20:32:19,114.105797,22.5588,0,0
31695,20:33:20,114.105797,22.5588,0,0
31695,20:34:20,114.101898,22.558701,0,14
31695,20:34:50,114.099503,22.5585,0,0
31695,20:35:20,114.099503,22.5585,0,0
31695,20:35:50,114.099503,22.5585,0,0
31695,20:36:50,114.099503,22.555201,0,0
31695,20:37:50,114.096603,22.551901,0,27
31695,20:38:20,114.094101,22.551901,0,16
31695,20:39:20,114.091103,22.5534,0,8
31695,20:40:50,114.091003,22.557501,0,14
31695,20:41:20,114.091003,22.5578,0,0
31695,20:42:20,114.089897,22.5606,0,0
31695,20:42:50,114.089897,22.5606,0,0
31695,20:43:50,114.087997,22.5644,0,31
31695,20:44:20,114.089104,22.5667,0,26
31695,20:45:20,114.090698,22.5665,0,0
31695,20:45:50,114.090698,22.5662,0,0
31695,20:46:20,114.090797,22.565001,0,10
31695,20:46:50,114.090698,22.563999,0,12
31695,20:47:20,114.091103,22.562799,0,14
31695,20:47:50,114.091904,22.5618,0,18
31695,20:47:53,114.091797,22.561701,0,0
31695,20:48:00,114.091797,22.561701,0,3
31695,20:48:21,114.092796,22.561399,0,21
31695,20:48:51,114.094597,22.561001,0,16
31695,20:49:21,114.095001,22.559799,0,5
31695,20:50:51,114.097504,22.5599,0,8
31695,20:51:21,114.098198,22.5599,0,0
31695,20:52:51,114.096497,22.558599,0,27
31695,20:53:21,114.0914,22.558599,0,20
31695,20:54:21,114.089302,22.561701,0,19
31695,20:55:21,114.086601,22.5676,0,22
31695,20:56:21,114.081703,22.5723,0,31
31695,20:56:51,114.076897,22.5725,0,31
31695,20:57:51,114.068001,22.569201,0,34
31695,20:58:21,114.063301,22.568701,0,31
31695,20:58:51,114.062103,22.5702,0,0
31695,20:59:21,114.062103,22.5702,0,0
31695,20:59:51,114.062103,22.570299,0,4
31695,21:00:22,114.061897,22.5716,0,19
31695,21:00:52,114.061401,22.5735,0,13
31695,21:01:22,114.061203,22.5746,0,15
31695,21:01:52,114.058502,22.574301,0,12
31695,21:02:22,114.058701,22.575899,0,4
31695,21:03:22,114.058502,22.574301,0,0
31695,21:03:52,114.0588,22.5741,0,16
31695,21:04:22,114.060997,22.5735,0,15
31695,21:04:52,114.061501,22.571301,0,0
31695,21:05:52,114.061501,22.571301,0,0
31695,21:06:52,114.059898,22.567801,0,27
31695,21:07:52,114.052299,22.5653,0,21
31695,21:08:22,114.047699,22.5651,0,43
31695,21:09:22,114.034897,22.562599,0,45
31695,21:09:52,114.028503,22.5616,0,38
31695,21:10:52,114.017097,22.560301,0,40
31695,21:11:22,114.011299,22.5592,0,38
31695,21:11:52,114.006302,22.556999,0,34
31695,21:12:22,114.000801,22.555901,0,40
31695,21:13:22,113.989899,22.5588,0,39
31695,21:14:52,113.972603,22.5569,0,41
31695,21:15:22,113.9664,22.557699,0,43
31695,21:15:52,113.960503,22.5567,0,35
31695,21:16:22,113.955803,22.5567,0,32
31695,21:16:52,113.951897,22.556499,0,21
31695,21:17:22,113.952797,22.5567,0,16
31695,21:19:43,113.952103,22.538601,0,0
31695,21:20:53,113.949898,22.533001,0,32
31695,21:21:53,113.945702,22.5301,0,29
31695,21:22:23,113.941101,22.5301,0,16
31695,21:22:53,113.940804,22.528999,0,0
31695,21:23:23,113.940804,22.528999,0,0
31695,21:23:53,113.940903,22.5275,0,0
31695,21:24:23,113.941002,22.527399,0,8
31695,21:24:53,113.941002,22.530899,0,3
31695,21:25:23,113.940903,22.532101,0,10
31695,21:25:53,113.940903,22.5324,0,6
31695,21:26:23,113.940804,22.530199,0,1
31695,21:27:53,113.938904,22.5249,0,27
31695,21:28:53,113.931801,22.525,0,24
31695,21:30:23,113.922203,22.526501,0,0
31695,21:31:23,113.921501,22.526699,0,11
31695,21:31:53,113.921204,22.5268,0,0
31695,21:32:23,113.919998,22.5271,0,2
31695,21:32:53,113.919701,22.5271,0,2
31695,21:33:53,113.919701,22.5271,0,0
31695,21:34:23,113.9188,22.527599,0,13
31695,21:34:53,113.919502,22.5301,0,1
31695,21:35:23,113.919998,22.530399,0,6
31695,21:35:53,113.920799,22.530199,0,9
31695,21:36:23,113.922203,22.5298,0,13
31695,21:36:53,113.922798,22.5298,0,0
31695,21:37:23,113.924301,22.5292,0,13
31695,21:37:53,113.9235,22.5266,0,22
31695,21:38:23,113.926201,22.525,0,12
31695,21:38:53,113.928299,22.523701,0,23
31695,21:39:24,113.927597,22.5201,0,0
31695,21:39:54,113.927597,22.5201,0,0
31695,21:40:24,113.927597,22.519501,0,17
31695,21:40:54,113.927498,22.516899,0,15
31695,21:41:24,113.927498,22.514099,0,22
31695,21:42:24,113.927399,22.513201,0,8
31695,21:42:54,113.927399,22.5128,0,0
31695,21:44:24,113.927399,22.5128,0,0
31695,21:45:54,113.927803,22.5187,0,16
31695,21:47:24,113.930099,22.519199,0,0
31695,21:47:54,113.929604,22.5193,0,5
31695,21:48:54,113.929497,22.520901,0,2
31695,21:49:24,113.929802,22.5226,0,7
31695,21:50:24,113.929901,22.527201,0,25
31695,21:50:54,113.930199,22.5277,0,0
31695,21:51:24,113.929497,22.5282,0,11
31695,21:51:54,113.928001,22.5284,0,4
31695,21:52:24,113.927002,22.5285,0,7
31695,21:52:54,113.9254,22.5289,0,14
31695,21:53:25,113.924599,22.5305,0,17
31695,21:53:55,113.926003,22.533199,0,25
31695,21:54:25,113.926201,22.535601,0,27
31695,21:54:55,113.922897,22.5361,0,18
31695,21:55:25,113.922501,22.538601,0,8
31695,21:55:55,113.922501,22.538601,0,0
31695,21:56:25,113.921799,22.5389,0,17
31695,21:57:25,113.920998,22.5389,0,0
31695,21:57:55,113.921898,22.5389,0,0
31695,21:58:25,113.921898,22.5389,0,0
31695,21:59:25,113.922401,22.540701,0,0
31695,21:59:51,113.922302,22.542801,0,0
31695,21:59:55,113.922302,22.542801,0,0
31695,22:01:55,113.926598,22.5457,0,12
31695,22:02:25,113.927299,22.5464,0,7
31695,22:02:55,113.926498,22.544901,0,15
31695,22:03:25,113.926201,22.5441,0,9
31695,22:03:55,113.927101,22.544399,0,17
31695,22:04:55,113.930496,22.545601,0,19
31695,22:05:26,113.930901,22.5443,0,19
31695,22:06:56,113.930702,22.543301,0,0
31695,22:07:26,113.930702,22.543301,0,0
31695,22:07:56,113.930702,22.543301,0,0
31695,22:08:26,113.930702,22.543301,0,0
31695,22:08:56,113.929802,22.5429,0,13
31695,22:09:26,113.927101,22.5445,0,30
31695,22:10:56,113.935402,22.5492,0,38
31695,22:11:56,113.937103,22.549999,0,23
31695,22:12:26,113.937103,22.552401,0,0
31695,22:13:26,113.940201,22.552601,0,14
31695,22:13:56,113.9403,22.550301,0,7
31695,22:15:26,113.940498,22.5459,0,19
31695,22:15:34,113.940598,22.545,0,0
31695,22:15:57,113.940598,22.542299,0,13
31695,22:17:26,113.954903,22.5432,0,27
31695,22:17:56,113.959099,22.5432,0,0
31695,22:18:26,113.959099,22.5432,0,0
31695,22:18:56,113.960899,22.5429,0,24
31695,22:19:26,113.964401,22.541599,0,31
31695,22:19:56,113.968903,22.5399,0,35
31695,22:20:56,113.976097,22.5369,0,31
31695,22:21:57,113.982101,22.5362,0,18
31695,22:24:27,113.999702,22.535299,0,0
31695,22:24:57,114.002197,22.535801,0,15
31695,22:25:27,114.002899,22.5359,0,0
31695,22:25:57,114.002899,22.5359,0,0
31695,22:26:27,114.002998,22.537001,0,23
31695,22:26:57,114.002899,22.537701,0,0
31695,22:27:27,114.002899,22.537701,0,0
31695,22:28:27,114.002998,22.536501,0,0
31695,22:28:57,114.002998,22.536501,0,0
31695,22:29:57,114.0047,22.535999,0,25
31695,22:30:27,114.008102,22.536501,0,0
31695,22:31:27,114.014099,22.5375,0,15
31695,22:31:57,114.0158,22.5378,0,11
31695,22:32:27,114.018997,22.5387,0,24
31695,22:33:27,114.029099,22.5404,0,27
31695,22:33:57,114.031601,22.540701,0,17
31695,22:34:27,114.0345,22.541201,0,20
31695,22:34:57,114.038101,22.5418,0,27
31695,22:35:27,114.042,22.5422,0,23
31695,22:35:57,114.043999,22.540501,0,24
31695,22:36:27,114.044403,22.5364,0,45
31695,22:36:57,114.044601,22.5306,0,39
31695,22:37:28,114.044899,22.5271,0,13
31695,22:37:58,114.044601,22.5261,0,0
31695,22:38:28,114.044601,22.5261,0,0
31695,22:38:58,114.044601,22.5261,0,0
31695,22:39:28,114.044403,22.525801,0,5
31695,22:39:58,114.044899,22.5256,0,0
31695,22:40:28,114.045303,22.5257,0,6
31695,22:40:58,114.044998,22.5282,0,34
31695,22:41:28,114.044701,22.5331,0,20
31695,22:42:28,114.047501,22.5333,0,6
31695,22:44:58,114.0299,22.530399,0,32
31695,22:46:28,114.022598,22.534,0,16
31695,22:46:58,114.023102,22.535,0,11
31695,22:47:28,114.024399,22.5345,0,10
31695,22:47:58,114.025002,22.532801,0,16
31695,22:48:28,114.027,22.529301,0,37
31695,22:48:58,114.030098,22.527399,0,18
31695,22:49:28,114.030998,22.526899,0,0
31695,22:49:58,114.030602,22.527,0,10
31695,22:51:28,114.027199,22.525801,0,2
31695,22:51:58,114.027298,22.525499,0,0
31695,22:52:28,114.027199,22.5252,0,0
31695,22:53:29,114.027,22.525101,0,7
31695,22:54:29,114.027199,22.526501,0,5
31695,22:54:59,114.028198,22.5268,0,8
31695,22:56:29,114.032097,22.5264,0,6
31695,22:57:29,114.027496,22.5291,0,36
31695,22:57:59,114.023903,22.5319,0,33
31695,22:58:59,114.016502,22.531401,0,28
31695,22:59:29,114.011497,22.530199,0,35
31695,22:59:59,114.006302,22.5298,0,36
31695,23:00:59,113.994698,22.5278,0,39
31695,23:01:11,113.992996,22.5266,0,0
31695,23:01:18,113.992996,22.5266,0,31
31695,23:01:59,113.985703,22.523701,0,29
31695,23:02:59,113.974602,22.523001,0,35
31695,23:03:59,113.9617,22.5229,0,40
31695,23:05:03,113.948799,22.524099,0,0
31695,23:05:11,113.947197,22.5242,0,42
31695,23:05:29,113.943298,22.5245,0,40
31695,23:06:29,113.930099,22.5247,0,44
31695,23:06:59,113.923698,22.5259,0,38
31695,23:07:29,113.920502,22.526899,0,21
31695,23:07:43,113.919197,22.527201,0,0
31695,23:07:50,113.9188,22.5273,0,0
31695,23:08:00,113.9188,22.5273,0,0
31695,23:09:29,113.914597,22.5268,0,17
31695,23:09:55,113.913002,22.5264,0,19
31695,23:10:30,113.909798,22.5259,0,0
31695,23:11:00,113.909103,22.523399,0,23
31695,23:11:59,113.9077,22.521,0,28
31695,23:12:29,113.904404,22.5175,0,24
31695,23:12:59,113.902199,22.518,0,4
31695,23:14:00,113.901398,22.5187,0,0
31695,23:14:30,113.901398,22.5187,0,0
31695,23:15:30,113.901299,22.5187,0,5
31695,23:16:00,113.902199,22.517799,0,0
31695,23:17:00,113.902199,22.517799,0,0
31695,23:17:30,113.903397,22.516701,0,0
31695,23:18:30,113.903397,22.516701,0,0
31695,23:20:00,113.908203,22.514799,0,0
31695,23:20:30,113.909897,22.514999,0,27
31695,23:21:41,113.9133,22.5123,0,0
31695,23:22:11,113.915199,22.510599,0,3
31695,23:22:41,113.917999,22.508499,0,28
31695,23:23:11,113.918503,22.508101,0,0
31695,23:24:11,113.918602,22.508101,0,0
31695,23:25:11,113.920403,22.5126,0,14
31695,23:26:11,113.921204,22.5138,0,0
31695,23:27:11,113.921501,22.5144,0,0
31695,23:28:41,113.9217,22.5151,0,0
31695,23:29:11,113.921799,22.5152,0,0
31695,23:31:11,113.922096,22.516899,0,9
31695,23:32:11,113.922096,22.517401,0,0
31695,23:32:41,113.922302,22.5186,0,17
31695,23:33:42,113.924599,22.526199,0,34
31695,23:34:12,113.924896,22.5292,0,16
31695,23:35:12,113.924797,22.5294,0,9
31695,23:35:42,113.9245,22.530399,0,20
31695,23:36:12,113.926598,22.534401,0,40
31695,23:36:42,113.9272,22.5397,0,36
31695,23:37:12,113.928902,22.5425,0,32
31695,23:38:42,113.948196,22.5431,0,39
31695,23:39:12,113.954597,22.543301,0,40
31695,23:39:42,113.959297,22.5432,0,1
31695,23:40:12,113.960197,22.5431,0,26
31695,23:40:42,113.963097,22.542101,0,0
31695,23:42:13,113.971001,22.5392,0,0
31695,23:42:43,113.971298,22.539,0,19
31695,23:43:13,113.974701,22.5376,0,5
31695,23:44:13,113.971603,22.539801,0,9
31695,23:44:43,113.973297,22.5406,0,6
31695,23:45:13,113.974197,22.541,0,13
31695,23:45:43,113.976501,22.541,0,25
31695,23:46:13,113.978203,22.5425,0,22
31695,23:47:13,113.978699,22.5471,0,18
31695,23:47:43,113.981598,22.5464,0,21
31695,23:48:43,113.985001,22.544701,0,0
31695,23:49:43,113.986603,22.541599,0,22
31695,23:50:13,113.988297,22.5415,0,0
31695,23:52:13,113.9925,22.535801,0,0
31695,23:52:43,113.9925,22.535801,0,0
31695,23:53:13,113.992798,22.534201,0,30
31695,23:53:43,113.993301,22.5313,0,0
