29092,00:00:22,114.058784,22.529507,0,59
29092,00:01:22,114.058128,22.535133,0,0
29092,00:01:55,114.057671,22.535515,1,10
29092,00:02:22,114.055969,22.535389,1,13
29092,00:03:22,114.052307,22.531742,1,56
29092,00:04:22,114.04142,22.531134,1,76
29092,00:05:22,114.029404,22.530451,1,73
29092,00:05:38,114.052307,22.531742,1,0
29092,00:06:22,114.019562,22.532162,1,56
29092,00:07:22,114.012177,22.531372,1,38
29092,00:08:22,114.015953,22.53101,1,50
29092,00:09:22,114.019699,22.531607,1,0
29092,00:09:39,114.019852,22.531656,0,20
29092,00:10:22,114.02272,22.53162,0,24
29092,00:11:22,114.027725,22.530058,0,32
29092,00:12:22,114.024483,22.535692,0,53
29092,00:13:22,114.024857,22.539366,0,0
29092,00:14:22,114.02774,22.53863,0,31
29092,00:15:22,114.02507,22.536877,0,1
29092,00:15:46,114.024857,22.539366,0,0
29092,00:15:53,114.025024,22.536934,1,9
29092,00:16:16,114.02774,22.53863,0,0
29092,00:16:22,114.022957,22.536604,1,23
29092,00:17:22,114.022415,22.53513,1,0
29092,00:18:22,114.022751,22.533237,1,1
29092,00:19:22,114.021202,22.532316,1,1
29092,00:19:37,114.021179,22.532248,0,0
29092,00:20:22,114.019997,22.53303,0,28
29092,00:21:22,114.019722,22.534197,0,0
29092,00:22:01,114.021347,22.534756,1,9
29092,00:22:22,114.022163,22.534958,1,0
29092,00:23:22,114.021393,22.532377,1,46
29092,00:24:22,114.012955,22.530519,1,70
29092,00:25:22,114.002586,22.53023,1,70
29092,00:25:54,114.021393,22.532377,1,0
29092,00:26:22,113.992325,22.526163,1,66
29092,00:27:22,113.98188,22.523081,1,69
29092,00:28:22,113.970451,22.522886,1,74
29092,00:29:22,113.95903,22.522911,1,67
29092,00:30:22,113.948647,22.524073,1,64
29092,00:30:24,113.95903,22.522911,1,0
29092,00:31:22,113.937592,22.524593,1,74
29092,00:32:22,113.927689,22.525269,1,53
29092,00:33:22,113.924248,22.523865,1,67
29092,00:34:22,113.921959,22.517115,1,35
29092,00:35:01,113.921959,22.517115,1,0
29092,00:35:22,113.919075,22.508696,1,49
29092,00:36:22,113.918861,22.508154,1,0
29092,00:37:22,113.91787,22.502968,1,40
29092,00:38:22,113.920143,22.502392,1,5
29092,00:38:43,113.920158,22.502407,0,0
29092,00:39:22,113.92038,22.502438,0,18
29092,00:40:22,113.924187,22.502687,0,13
29092,00:41:22,113.927834,22.502871,0,2
29092,00:42:22,113.927315,22.507566,0,14
29092,00:43:22,113.927589,22.512363,0,0
29092,00:44:22,113.927666,22.516325,0,37
29092,00:45:10,113.927666,22.516325,0,0
29092,00:45:22,113.927719,22.517773,0,16
29092,00:45:32,113.927666,22.516325,0,0
29092,00:46:22,113.927773,22.519499,0,2
29092,00:47:22,113.929413,22.526125,0,58
29092,00:48:22,113.928795,22.528322,0,34
29092,00:49:22,113.924561,22.530622,0,49
29092,00:50:22,113.927101,22.538216,0,54
29092,00:51:22,113.927986,22.547295,0,45
29092,00:52:22,113.930962,22.549177,0,0
29092,00:53:22,113.930923,22.545931,0,14
29092,00:54:01,113.930824,22.544174,0,0
29092,00:54:22,113.930901,22.544172,0,0
29092,00:55:18,113.930901,22.544172,0,0
29092,00:55:22,113.931046,22.544188,0,0
29092,00:56:22,113.930801,22.544067,0,0
29092,00:57:22,113.930771,22.54398,0,0
29092,00:58:22,113.930969,22.544109,0,0
29092,00:59:22,113.930954,22.544161,0,0
29092,01:00:22,113.930916,22.544115,0,0
29092,01:00:40,113.930954,22.544161,0,0
29092,01:01:22,113.930824,22.544132,0,0
29092,01:02:22,113.930656,22.54414,0,0
29092,01:03:22,113.930634,22.544149,0,0
29092,01:04:22,113.930664,22.54417,0,0
29092,01:05:22,113.93074,22.544178,0,0
29092,01:05:27,113.930664,22.54417,0,0
29092,01:06:22,113.930832,22.544186,0,0
29092,01:07:22,113.930634,22.544189,0,0
29092,01:08:22,113.930717,22.544188,0,0
29092,01:09:22,113.930832,22.544218,0,0
29092,01:10:22,113.930779,22.544228,0,0
29092,01:11:22,113.930748,22.544254,0,0
29092,01:12:22,113.930847,22.544268,0,0
29092,01:13:22,113.930977,22.544304,0,0
29092,01:14:22,113.931,22.544329,0,0
29092,01:15:22,113.931091,22.544319,0,0
29092,01:15:35,113.931,22.544329,0,0
29092,01:15:49,113.931,22.544329,0,0
29092,01:16:22,113.931068,22.544334,0,0
29092,01:17:22,113.931114,22.544168,0,1
29092,01:18:22,113.930992,22.545677,0,4
29092,01:19:22,113.933418,22.545479,0,0
29092,01:20:22,113.936974,22.546053,0,1
29092,01:21:22,113.939507,22.546022,0,31
29092,01:22:22,113.940552,22.543768,0,41
29092,01:23:22,113.940895,22.542387,0,24
29092,01:24:22,113.948608,22.542948,0,14
29092,01:25:22,113.950249,22.543093,0,48
29092,01:25:43,113.948608,22.542948,0,0
29092,01:26:22,113.959137,22.543175,0,47
29092,01:27:22,113.962006,22.540005,0,32
29092,01:28:22,113.961914,22.537577,0,31
29092,01:29:22,113.962547,22.533672,0,32
29092,01:30:22,113.965904,22.532284,0,36
29092,01:30:58,113.962547,22.533672,0,0
29092,01:31:22,113.969376,22.531147,0,22
29092,01:32:22,113.973473,22.529636,0,23
29092,01:33:21,113.982262,22.529011,0,61
29092,01:34:21,113.98835,22.52997,0,0
29092,01:35:21,113.992142,22.530785,0,44
29092,01:35:52,113.98835,22.52997,0,0
29092,01:36:21,113.993179,22.533224,0,46
29092,01:37:21,113.998604,22.535,0,39
29092,01:38:21,114.005745,22.536303,0,54
29092,01:39:21,114.011673,22.537334,0,59
29092,01:40:21,114.015205,22.539742,0,35
29092,01:41:21,114.017448,22.543278,0,38
29092,01:42:21,114.024391,22.545248,0,53
29092,01:43:21,114.030273,22.545702,0,24
29092,01:44:21,114.032341,22.547134,0,2
29092,01:45:21,114.034355,22.547962,0,0
29092,01:46:00,114.032341,22.547134,0,0
29092,01:46:06,114.032341,22.547134,0,0
29092,01:46:21,114.039642,22.549442,0,5
29092,01:47:21,114.043938,22.550512,0,0
29092,01:48:21,114.04911,22.550938,0,41
29092,01:49:21,114.051056,22.549982,0,39
29092,01:50:21,114.05191,22.549446,0,29
29092,01:51:21,114.05481,22.549438,0,25
29092,01:52:21,114.056969,22.549488,0,27
29092,01:53:21,114.057961,22.55073,0,30
29092,01:54:21,114.062439,22.551296,0,0
29092,01:55:21,114.062386,22.551323,0,0
29092,01:56:08,114.062439,22.551296,0,0
29092,01:56:21,114.069336,22.550978,0,54
29092,01:57:21,114.075806,22.551434,0,1
29092,01:58:21,114.076218,22.55146,0,30
29092,01:59:21,114.080902,22.551678,0,13
29092,02:00:21,114.081245,22.551735,0,26
29092,02:01:14,114.081245,22.551735,0,0
29092,02:01:21,114.083862,22.549625,0,16
29092,02:02:21,114.081871,22.549244,0,1
29092,02:03:21,114.077919,22.548971,0,28
29092,02:03:45,114.077415,22.549072,0,0
29092,02:04:21,114.077454,22.549032,0,0
29092,02:05:21,114.077431,22.548986,0,0
29092,02:06:17,114.083862,22.549625,0,0
29092,02:06:21,114.077393,22.548977,0,0
29092,02:07:21,114.0774,22.548975,0,0
29092,02:08:21,114.077408,22.548979,0,0
29092,02:09:21,114.076591,22.549032,0,1
29092,02:10:21,114.075256,22.551533,0,42
29092,02:11:21,114.067947,22.552088,0,47
29092,02:12:21,114.067886,22.557779,1,0
29092,02:13:21,114.06768,22.565332,1,80
29092,02:14:21,114.066948,22.574949,1,64
29092,02:15:21,114.057175,22.578659,1,64
29092,02:16:21,114.052673,22.587486,1,70
29092,02:16:22,114.057175,22.578659,1,0
29092,02:16:26,114.057175,22.578659,1,0
29092,02:17:21,114.046539,22.595987,1,64
29092,02:18:21,114.043762,22.602695,1,62
29092,02:19:21,114.04129,22.604338,1,57
29092,02:20:21,114.040718,22.608524,1,0
29092,02:21:21,114.040787,22.609158,1,32
29092,02:21:52,114.040688,22.609755,0,0
29092,02:22:21,114.040657,22.609764,0,0
29092,02:23:21,114.039726,22.612356,0,27
29092,02:24:21,114.04068,22.615412,0,4
29092,02:24:42,114.040657,22.615435,0,0
29092,02:25:21,114.040627,22.6154,0,0
29092,02:26:21,114.040665,22.615475,0,0
29092,02:26:34,114.040627,22.6154,0,0
29092,02:27:21,114.040642,22.615452,0,0
29092,02:28:21,114.040634,22.615494,0,0
29092,02:29:21,114.040688,22.615475,0,0
29092,02:30:21,114.040665,22.615446,0,0
29092,02:31:21,114.04068,22.615402,0,0
29092,02:31:31,114.040665,22.615446,0,0
29092,02:32:21,114.040695,22.615408,0,0
29092,02:33:21,114.040695,22.615398,0,0
29092,02:34:21,114.040688,22.615414,0,0
29092,02:35:21,114.040726,22.615431,0,0
29092,02:36:21,114.04068,22.615427,0,0
29092,02:36:43,114.040726,22.615431,0,0
29092,02:37:21,114.040688,22.615419,0,0
29092,02:38:21,114.040688,22.615412,0,0
29092,02:39:21,114.040695,22.615408,0,0
29092,02:40:21,114.040695,22.615404,0,0
29092,02:41:21,114.040688,22.615417,0,0
29092,02:42:21,114.040688,22.615408,0,0
29092,02:43:21,114.04068,22.615396,0,0
29092,02:44:21,114.040695,22.615414,0,0
29092,02:45:21,114.040688,22.6154,0,0
29092,02:46:21,114.040703,22.615404,0,0
29092,02:46:39,114.040688,22.6154,0,0
29092,02:46:51,114.040688,22.6154,0,0
29092,02:47:21,114.04071,22.615423,0,0
29092,02:48:21,114.040688,22.615452,0,0
29092,02:49:21,114.040649,22.615454,0,0
29092,02:50:21,114.040688,22.615433,0,0
29092,02:51:21,114.040657,22.615452,0,0
29092,02:52:21,114.040672,22.6154,0,0
29092,02:53:21,114.040657,22.615393,0,0
29092,02:54:21,114.040665,22.615387,0,0
29092,02:55:21,114.04068,22.615404,0,0
29092,02:56:21,114.040657,22.615395,0,0
29092,02:56:34,114.040627,22.615446,1,6
29092,02:56:59,114.04068,22.615404,0,0
29092,02:57:21,114.039085,22.613493,1,40
29092,02:58:21,114.041275,22.608053,1,41
29092,02:59:21,114.043365,22.60129,1,40
29092,03:00:21,114.047363,22.593958,1,72
29092,03:01:21,114.053085,22.585608,1,76
29092,03:01:48,114.047363,22.593958,1,0
29092,03:02:21,114.059731,22.577642,1,55
29092,03:03:21,114.062218,22.568478,1,57
29092,03:04:21,114.0625,22.559311,1,71
29092,03:05:21,114.062553,22.551689,1,0
29092,03:06:21,114.062645,22.547712,1,0
29092,03:07:08,114.062553,22.551689,1,0
29092,03:07:21,114.061684,22.543388,1,27
29092,03:07:51,114.061378,22.543213,0,7
29092,03:08:21,114.06057,22.544283,0,31
29092,03:09:21,114.057999,22.546513,0,20
29092,03:10:21,114.057976,22.547565,0,28
29092,03:11:21,114.057877,22.549183,0,0
29092,03:12:21,114.058472,22.551189,0,33
29092,03:13:21,114.062782,22.553146,0,41
29092,03:14:21,114.065697,22.554592,0,26
29092,03:14:38,114.065987,22.554571,0,0
29092,03:15:21,114.065987,22.554567,0,0
29092,03:16:21,114.065971,22.554544,0,0
29092,03:16:56,114.065987,22.554567,0,0
29092,03:17:16,114.065987,22.554567,0,0
29092,03:17:21,114.065971,22.554571,0,0
29092,03:18:21,114.065933,22.554564,0,0
29092,03:19:21,114.06591,22.554596,0,0
29092,03:20:21,114.065926,22.554607,0,0
29092,03:21:21,114.065926,22.554565,0,0
29092,03:22:21,114.065987,22.554577,0,0
29092,03:23:21,114.065948,22.554585,0,0
29092,03:24:21,114.065895,22.554533,0,0
29092,03:25:21,114.065895,22.554504,0,0
29092,03:26:21,114.066002,22.554626,0,0
29092,03:27:21,114.065948,22.554623,0,0
29092,03:27:24,114.066002,22.554626,0,0
29092,03:28:21,114.065926,22.554567,0,0
29092,03:29:21,114.065933,22.554596,0,0
29092,03:30:21,114.065971,22.554598,0,0
29092,03:31:21,114.065964,22.554655,0,0
29092,03:32:04,114.065971,22.554598,0,0
29092,03:32:21,114.065964,22.554674,0,0
29092,03:33:21,114.06604,22.554714,0,0
29092,03:34:21,114.06601,22.55464,0,0
29092,03:35:21,114.065994,22.554613,0,0
29092,03:36:21,114.065987,22.554607,0,0
29092,03:37:21,114.066002,22.554577,0,0
29092,03:37:33,114.065987,22.554607,0,0
29092,03:38:21,114.065987,22.554607,0,0
29092,03:39:21,114.065948,22.554598,0,0
29092,03:40:21,114.06601,22.554571,0,0
29092,03:41:21,114.065994,22.554552,0,0
29092,03:42:21,114.065971,22.554586,0,0
29092,03:43:21,114.065979,22.554573,0,0
29092,03:44:21,114.065964,22.554569,0,0
29092,03:45:21,114.06601,22.554609,0,0
29092,03:46:21,114.066002,22.554544,0,0
29092,03:47:12,114.06601,22.554609,0,0
29092,03:47:21,114.06601,22.554579,0,0
29092,03:47:41,114.066002,22.554544,0,0
29092,03:48:21,114.06601,22.554567,0,0
29092,03:49:21,114.062614,22.556156,0,56
29092,03:50:21,114.062378,22.567476,0,71
29092,03:51:21,114.060692,22.576979,0,43
29092,03:52:21,114.056557,22.579048,0,58
29092,03:53:21,114.052811,22.587284,0,62
29092,03:54:21,114.047653,22.594378,0,32
29092,03:55:21,114.045288,22.599331,0,42
29092,03:56:03,114.044296,22.600719,0,0
29092,03:56:21,114.044289,22.600838,0,0
29092,03:57:21,114.044128,22.600758,0,0
29092,03:57:49,114.044289,22.600838,0,0
29092,03:58:21,114.044197,22.60071,0,0
29092,03:59:21,114.044029,22.600779,0,0
29092,04:01:21,114.043892,22.603678,0,51
29092,04:02:21,114.04068,22.605036,0,73
29092,04:03:21,114.035561,22.611256,0,0
29092,04:04:21,114.032677,22.614767,0,0
29092,04:05:21,114.030952,22.616827,0,40
29092,04:06:21,114.029068,22.621372,0,0
29092,04:07:21,114.028999,22.621687,0,0
29092,04:07:58,114.029068,22.621372,0,0
29092,04:08:21,114.028984,22.621708,0,5
29092,04:08:33,114.028961,22.621717,0,0
29092,04:09:21,114.028931,22.621717,0,0
29092,04:10:21,114.028969,22.621731,0,0
29092,04:11:21,114.028954,22.621719,0,0
29092,04:12:21,114.028976,22.62171,0,0
29092,04:13:21,114.028976,22.621677,0,0
29092,04:14:21,114.028976,22.621653,0,0
29092,04:15:21,114.028931,22.62162,0,0
29092,04:16:21,114.028908,22.621626,0,0
29092,04:17:21,114.028938,22.621628,0,0
29092,04:17:29,114.028931,22.62162,0,0
29092,04:18:06,114.028908,22.621626,0,0
29092,04:18:21,114.028915,22.621649,0,0
29092,04:19:21,114.028938,22.621677,0,0
29092,04:20:21,114.02877,22.621599,0,7
29092,04:21:21,114.030724,22.62409,0,1
29092,04:22:21,114.030418,22.625658,0,0
29092,04:22:22,114.030411,22.62565,0,0
29092,04:23:21,114.030327,22.625628,0,0
29092,04:24:21,114.030449,22.625713,0,0
29092,04:25:21,114.030502,22.625772,0,0
29092,04:26:21,114.030479,22.625774,0,0
29092,04:27:21,114.030579,22.62587,0,0
29092,04:28:15,114.030479,22.625774,0,0
29092,04:28:21,114.03038,22.625776,0,0
29092,04:29:21,114.030334,22.625683,0,0
29092,04:30:21,114.030373,22.625719,0,0
29092,04:31:21,114.030449,22.625769,0,0
29092,04:32:21,114.030457,22.625769,0,0
29092,04:32:38,114.030449,22.625769,0,0
29092,04:33:21,114.030457,22.625736,0,0
29092,04:34:21,114.030479,22.625755,0,0
29092,04:35:21,114.030479,22.625763,0,0
29092,04:36:21,114.03051,22.62574,0,0
29092,04:37:21,114.030426,22.625731,0,0
29092,04:38:21,114.030525,22.62575,0,0
29092,04:38:23,114.03051,22.62574,0,0
29092,04:39:21,114.030525,22.625751,0,0
29092,04:40:21,114.030518,22.625729,0,0
29092,04:41:21,114.030434,22.625807,0,22
29092,04:42:21,114.032661,22.624664,0,37
29092,04:43:21,114.035225,22.622021,0,4
29092,04:44:21,114.035225,22.622066,0,0
29092,04:45:21,114.035713,22.621914,0,0
29092,04:46:21,114.036659,22.621908,0,0
29092,04:47:21,114.037247,22.622154,0,6
29092,04:47:47,114.036659,22.621908,0,0
29092,04:48:21,114.037224,22.622341,0,3
29092,04:48:31,114.036659,22.621908,0,0
29092,04:48:47,114.037239,22.622114,0,0
29092,04:49:21,114.037201,22.621977,0,0
29092,04:50:21,114.037231,22.622,0,0
29092,04:51:21,114.037346,22.622114,0,0
29092,04:52:21,114.037323,22.622118,0,0
29092,04:53:21,114.037262,22.622053,0,0
29092,04:54:21,114.037277,22.622103,0,0
29092,04:55:21,114.037292,22.622023,0,0
29092,04:56:21,114.037254,22.62219,0,0
29092,04:57:21,114.036919,22.622063,0,9
29092,04:58:21,114.035751,22.622149,0,9
29092,04:58:40,114.036919,22.622063,0,0
29092,04:59:21,114.035271,22.622255,0,16
29092,05:00:21,114.034607,22.624214,0,12
29092,05:01:21,114.033516,22.624937,0,14
29092,05:02:20,114.031128,22.624283,0,23
29092,05:02:55,114.033516,22.624937,0,0
29092,05:03:20,114.03006,22.626804,0,25
29092,05:04:20,114.030106,22.629148,0,14
29092,05:05:21,114.031937,22.630367,0,1
29092,05:06:21,114.032089,22.630407,0,18
29092,05:07:21,114.032227,22.633877,0,4
29092,05:08:21,114.032211,22.634148,0,24
29092,05:08:48,114.032227,22.633877,0,0
29092,05:09:21,114.032227,22.639519,0,36
29092,05:10:21,114.033424,22.642824,0,0
29092,05:11:21,114.035255,22.64608,0,45
29092,05:12:21,114.039391,22.645927,0,29
29092,05:13:21,114.044914,22.643923,0,38
29092,05:14:21,114.045807,22.640015,0,26
29092,05:15:21,114.045822,22.638449,0,25
29092,05:16:21,114.050774,22.637573,0,35
29092,05:17:21,114.055534,22.636272,0,17
29092,05:18:03,114.050774,22.637573,0,0
29092,05:18:21,114.055176,22.640413,0,36
29092,05:18:56,114.055534,22.636272,0,0
29092,05:19:21,114.055809,22.642532,0,16
29092,05:20:21,114.05735,22.642756,0,11
29092,05:21:21,114.058189,22.64422,0,29
29092,05:22:21,114.061348,22.642113,0,31
29092,05:23:21,114.063736,22.639425,0,34
29092,05:24:21,114.065544,22.642138,0,0
29092,05:25:21,114.065536,22.642128,0,0
29092,05:25:54,114.065536,22.642147,0,0
29092,05:26:21,114.065582,22.642153,0,0
29092,05:27:21,114.065613,22.642153,0,0
29092,05:28:21,114.06562,22.642124,0,0
29092,05:29:05,114.065613,22.642153,0,0
29092,05:29:21,114.065605,22.642097,0,0
29092,05:30:21,114.065552,22.642136,0,0
29092,05:31:21,114.065559,22.642141,0,0
29092,05:32:21,114.065575,22.642147,0,0
29092,05:33:11,114.065559,22.642141,0,0
29092,05:33:21,114.065536,22.642143,0,0
29092,05:34:21,114.065529,22.642138,0,0
29092,05:35:21,114.065514,22.64216,0,0
29092,05:36:21,114.065491,22.642227,0,7
29092,05:37:21,114.064003,22.639841,0,31
29092,05:38:21,114.06292,22.638042,0,37
29092,05:39:13,114.064003,22.639841,0,0
29092,05:39:21,114.06514,22.633047,0,16
29092,05:40:21,114.067108,22.633076,0,3
29092,05:41:21,114.065437,22.633169,0,16
29092,05:42:21,114.062721,22.638893,0,23
29092,05:43:21,114.061386,22.644148,0,0
29092,05:44:21,114.061287,22.647091,0,55
29092,05:45:21,114.062454,22.654045,0,45
29092,05:46:21,114.064034,22.654818,0,2
29092,05:47:21,114.064339,22.654263,0,17
29092,05:48:20,114.064034,22.654818,0,0
29092,05:48:21,114.066185,22.653028,0,1
29092,05:49:21,114.064339,22.654263,0,0
29092,05:49:21,114.065849,22.65309,0,1
29092,05:49:23,114.065826,22.653103,1,7
29092,05:50:21,114.063408,22.655195,1,0
29092,05:51:21,114.062309,22.654133,1,47
29092,05:52:21,114.056953,22.654093,1,36
29092,05:53:21,114.056091,22.654076,1,24
29092,05:54:21,114.052483,22.65864,1,66
29092,05:55:21,114.048576,22.661144,1,28
29092,05:56:21,114.0495,22.654268,1,83
29092,05:57:21,114.047798,22.640804,1,92
29092,05:58:21,114.04277,22.62816,1,83
29092,05:59:21,114.044617,22.614313,1,89
29092,05:59:30,114.047798,22.640804,1,0
29092,06:00:21,114.044067,22.607958,1,0
29092,06:01:21,114.043655,22.603745,1,71
29092,06:02:21,114.045456,22.595993,1,62
29092,06:03:21,114.040771,22.592947,1,45
29092,06:03:28,114.043655,22.603745,1,0
29092,06:04:21,114.029434,22.594988,1,79
29092,06:05:21,114.017609,22.591997,1,76
29092,06:06:21,114.005653,22.590715,1,74
29092,06:07:21,113.994247,22.588566,1,70
29092,06:08:21,113.983101,22.586123,1,76
29092,06:09:21,113.971153,22.585545,1,70
29092,06:09:38,113.994247,22.588566,1,0
29092,06:11:21,113.965874,22.566471,1,68
29092,06:12:21,113.955963,22.564157,1,65
29092,06:13:21,113.952454,22.565695,1,59
29092,06:14:21,113.952599,22.558187,1,59
29092,06:15:21,113.945587,22.555384,1,68
29092,06:16:21,113.933754,22.55537,1,73
29092,06:17:21,113.921944,22.55558,1,78
29092,06:18:21,113.910881,22.552673,1,72
29092,06:18:36,113.933754,22.55537,1,0
29092,06:19:21,113.904442,22.544867,1,67
29092,06:19:46,113.921944,22.55558,1,0
29092,06:20:21,113.904549,22.535538,1,15
29092,06:21:21,113.904655,22.532066,1,61
29092,06:22:21,113.903519,22.530127,1,5
29092,06:23:17,113.903542,22.530321,0,0
29092,06:23:21,113.903549,22.530323,0,0
29092,06:24:21,113.903862,22.531492,0,15
29092,06:25:21,113.904755,22.529182,0,39
29092,06:26:21,113.906189,22.525679,0,0
29092,06:26:25,113.906181,22.525686,0,0
29092,06:27:21,113.906166,22.525686,0,0
29092,06:28:21,113.906158,22.525675,0,0
29092,06:28:54,113.906158,22.525675,0,0
29092,06:29:21,113.906158,22.525682,0,6
29092,06:30:21,113.90934,22.524826,0,30
29092,06:31:21,113.908699,22.522552,0,8
29092,06:32:21,113.905388,22.518522,0,33
29092,06:32:44,113.908699,22.522552,0,0
29092,06:33:21,113.90448,22.517418,0,32
29092,06:34:20,113.907486,22.520697,0,45
29092,06:35:20,113.909721,22.52524,0,23
29092,06:36:20,113.914391,22.526487,0,22
29092,06:37:20,113.914253,22.523497,0,2
29092,06:38:20,113.911659,22.519262,0,41
29092,06:39:02,113.911659,22.519262,0,0
29092,06:39:20,113.908371,22.515221,0,27
29092,06:40:20,113.906776,22.514967,0,38
29092,06:41:20,113.909348,22.514978,0,38
29092,06:42:20,113.913345,22.512306,0,0
29092,06:43:20,113.9151,22.510572,0,0
29092,06:44:20,113.918221,22.508135,0,12
29092,06:45:20,113.917656,22.505108,0,36
29092,06:46:20,113.915894,22.500757,0,34
29092,06:47:20,113.914238,22.497877,0,14
29092,06:47:52,113.915894,22.500757,0,0
29092,06:48:20,113.913536,22.499105,0,3
29092,06:49:10,113.913536,22.499105,0,0
29092,06:49:20,113.913406,22.49658,0,38
29092,06:50:20,113.913368,22.494265,0,0
29092,06:50:42,113.913239,22.494345,0,0
29092,06:51:20,113.913269,22.49436,0,0
29092,06:52:20,113.913269,22.494307,0,0
29092,06:53:20,113.913284,22.494352,0,0
29092,06:54:20,113.913292,22.494423,0,0
29092,06:55:20,113.913292,22.494394,0,0
29092,06:56:20,113.913246,22.494301,0,0
29092,06:57:20,113.913246,22.494308,0,0
29092,06:58:20,113.914444,22.495562,0,22
29092,06:59:19,113.914444,22.495562,0,0
29092,06:59:20,113.913887,22.497107,0,36
29092,07:00:20,113.91478,22.498268,0,19
29092,07:01:16,113.914879,22.498367,1,10
29092,07:01:20,113.91497,22.498531,1,21
29092,07:02:20,113.915855,22.500273,1,41
29092,07:03:00,113.915855,22.500273,1,0
29092,07:03:20,113.917046,22.503098,1,0
29092,07:04:20,113.917412,22.504087,1,46
29092,07:05:20,113.918571,22.50725,1,20
29092,07:06:20,113.92041,22.511934,1,38
29092,07:07:20,113.921921,22.516367,1,35
29092,07:08:20,113.922165,22.517395,1,1
29092,07:09:20,113.92234,22.518618,1,0
29092,07:09:27,113.922165,22.517395,1,0
29092,07:09:50,113.922638,22.519945,0,38
29092,07:10:20,113.923576,22.52207,0,26
29092,07:11:20,113.924606,22.52927,0,14
29092,07:12:20,113.927582,22.528421,0,16
29092,07:13:20,113.928551,22.525223,0,39
29092,07:14:20,113.924408,22.526003,0,36
29092,07:15:20,113.922905,22.520481,0,16
29092,07:16:20,113.920052,22.519459,0,13
29092,07:17:20,113.92128,22.52092,0,3
29092,07:18:08,113.921288,22.521017,1,1
29092,07:18:09,113.92128,22.52092,0,0
29092,07:18:20,113.921097,22.520744,1,11
29092,07:19:20,113.91819,22.520588,1,35
29092,07:19:35,113.921097,22.520744,1,0
29092,07:20:20,113.914917,22.518896,1,58
29092,07:21:20,113.909035,22.515047,1,16
29092,07:22:20,113.908928,22.515057,1,0
29092,07:23:20,113.904182,22.516216,1,22
29092,07:24:20,113.903915,22.516439,1,0
29092,07:25:20,113.903954,22.516382,1,0
29092,07:26:20,113.901146,22.514137,1,31
29092,07:27:20,113.897194,22.510569,1,37
29092,07:28:20,113.895668,22.509752,1,20
29092,07:29:20,113.894157,22.507843,1,15
29092,07:29:44,113.895668,22.509752,1,0
29092,07:30:20,113.891975,22.504337,1,0
29092,07:31:20,113.889465,22.500973,1,39
29092,07:32:20,113.886475,22.498018,1,19
29092,07:33:17,113.886475,22.498018,1,0
29092,07:33:20,113.885246,22.500092,1,0
29092,07:34:20,113.885139,22.500088,1,1
29092,07:35:20,113.885155,22.500177,1,14
29092,07:36:20,113.882874,22.503904,1,32
29092,07:37:20,113.882622,22.504286,1,0
29092,07:38:20,113.879745,22.50432,1,51
29092,07:39:18,113.877808,22.50358,0,17
29092,07:39:20,113.877998,22.503593,0,29
29092,07:39:52,113.879745,22.50432,1,0
29092,07:45:20,113.885506,22.4984,0,2
29092,07:46:20,113.885818,22.498035,0,5
29092,07:47:18,113.885735,22.497934,1,1
29092,07:47:20,113.88575,22.497946,1,2
29092,07:47:54,113.885712,22.497972,0,0
29092,07:48:20,113.885811,22.497793,0,3
29092,07:48:25,113.88575,22.497946,1,0
29092,07:49:20,113.885818,22.497797,0,1
29092,07:50:00,113.885811,22.497793,0,0
29092,07:50:20,113.885773,22.497755,0,1
29092,07:51:00,113.886826,22.498264,1,6
29092,07:51:20,113.887627,22.499336,1,37
29092,07:52:20,113.889481,22.501019,1,39
29092,07:53:20,113.891808,22.504297,1,14
29092,07:54:20,113.89093,22.507582,1,50
29092,07:55:20,113.89399,22.511827,1,31
29092,07:56:20,113.899864,22.51763,1,63
29092,07:57:20,113.904892,22.524305,1,21
29092,07:58:20,113.905045,22.526758,1,48
29092,07:59:20,113.904907,22.534481,1,23
29092,08:00:09,113.905045,22.526758,1,0
29092,08:00:20,113.904968,22.534683,1,0
29092,08:01:20,113.904884,22.53665,1,53
29092,08:02:20,113.904724,22.544395,1,27
29092,08:03:20,113.905518,22.548979,1,26
29092,08:03:34,113.904724,22.544395,1,0
29092,08:04:20,113.910263,22.552225,1,34
29092,08:05:20,113.913918,22.554247,1,36
29092,08:06:20,113.919922,22.555555,1,26
29092,08:07:20,113.92627,22.555212,1,47
29092,08:08:20,113.931625,22.555204,1,32
29092,08:09:20,113.93644,22.55541,1,40
29092,08:10:17,113.93644,22.55541,1,0
29092,08:10:20,113.944611,22.555143,1,64
29092,08:11:20,113.955521,22.556385,1,70
29092,08:12:20,113.966454,22.557503,1,67
29092,08:13:20,113.977966,22.557108,1,69
29092,08:14:20,113.989243,22.558846,1,68
29092,08:15:20,113.997467,22.555632,1,49
29092,08:16:20,114.002762,22.555733,1,44
29092,08:17:20,114.011719,22.559185,1,72
29092,08:18:20,114.02272,22.560318,1,63
29092,08:18:42,114.011719,22.559185,1,0
29092,08:19:20,114.033333,22.562241,1,58
29092,08:20:20,114.043175,22.564182,1,56
29092,08:20:25,114.02272,22.560318,1,0
29092,08:21:20,114.051987,22.564775,1,52
29092,08:22:20,114.059807,22.56708,1,59
29092,08:23:20,114.068268,22.568983,1,56
29092,08:24:20,114.075859,22.571875,1,55
29092,08:25:20,114.084198,22.570787,1,70
29092,08:26:19,114.09021,22.567106,1,56
29092,08:27:20,114.099487,22.570213,1,66
29092,08:28:19,114.10672,22.574457,1,19
29092,08:29:19,114.108231,22.575367,1,16
29092,08:30:19,114.111824,22.576305,1,34
29092,08:30:34,114.108231,22.575367,1,0
29092,08:31:19,114.11779,22.576355,1,35
29092,08:32:19,114.114944,22.580345,1,66
29092,08:33:19,114.112617,22.585318,1,33
29092,08:33:50,114.114944,22.580345,1,0
29092,08:34:19,114.109474,22.590714,1,63
29092,08:35:19,114.111755,22.597258,1,30
29092,08:36:19,114.115227,22.601807,1,4
29092,08:37:19,114.115219,22.601784,1,0
29092,08:38:19,114.116341,22.601233,1,0
29092,08:38:33,114.116341,22.601248,0,0
29092,08:38:47,114.116386,22.601215,1,10
29092,08:39:19,114.11689,22.600243,1,25
29092,08:40:19,114.11248,22.600451,1,0
29092,08:40:42,114.11689,22.600243,1,0
29092,08:41:19,114.112465,22.600492,1,0
29092,08:42:19,114.110435,22.596973,1,46
29092,08:43:19,114.107895,22.592783,1,0
29092,08:44:19,114.107986,22.59273,1,1
29092,08:45:19,114.107536,22.591635,1,31
29092,08:46:19,114.105316,22.589863,1,1
29092,08:47:19,114.104424,22.588877,1,6
29092,08:48:19,114.104218,22.588724,1,3
29092,08:48:59,114.104424,22.588877,1,0
29092,08:49:19,114.104164,22.588657,1,0
29092,08:50:19,114.103981,22.58857,1,0
29092,08:50:50,114.104164,22.588657,1,0
29092,08:51:19,114.103188,22.588226,1,6
29092,08:52:19,114.102364,22.587399,1,5
29092,08:53:19,114.101059,22.584473,1,13
29092,08:54:19,114.101105,22.582176,1,21
29092,08:55:19,114.100601,22.580675,1,44
29092,08:56:19,114.09903,22.577991,1,0
29092,08:57:19,114.09877,22.576317,1,26
29092,08:58:19,114.098862,22.572456,1,34
29092,08:59:19,114.099098,22.566771,1,34
29092,09:00:19,114.099236,22.560921,1,32
29092,09:00:59,114.099098,22.566771,1,0
29092,09:01:19,114.099091,22.559219,1,0
29092,09:02:19,114.099007,22.558678,1,25
29092,09:03:19,114.099327,22.55551,1,0
29092,09:04:07,114.099007,22.558678,1,0
29092,09:04:19,114.099396,22.553839,1,48
29092,09:05:19,114.099434,22.552927,1,0
29092,09:06:19,114.099586,22.551567,1,28
29092,09:07:19,114.099533,22.547598,1,0
29092,09:08:19,114.099442,22.547567,1,0
29092,09:09:19,114.099411,22.547562,1,0
29092,09:10:19,114.101158,22.546568,1,0
29092,09:10:41,114.10112,22.546349,0,12
29092,09:11:07,114.099411,22.547562,1,0
29092,09:11:19,114.099785,22.546259,0,4
29092,09:12:19,114.1007,22.547668,0,7
29092,09:12:45,114.10128,22.547745,1,4
29092,09:13:19,114.101357,22.547621,1,11
29092,09:14:19,114.100014,22.547527,1,0
29092,09:15:19,114.099991,22.547586,1,0
29092,09:16:19,114.098846,22.543592,1,41
29092,09:17:19,114.091232,22.543367,1,52
29092,09:18:19,114.089096,22.543385,1,0
29092,09:19:16,114.091232,22.543367,1,0
29092,09:19:19,114.088326,22.543339,1,1
29092,09:20:19,114.08699,22.543215,1,49
29092,09:21:16,114.088326,22.543339,1,0
29092,09:21:19,114.084206,22.544552,1,12
29092,09:22:19,114.08403,22.545542,1,0
29092,09:22:45,114.08403,22.546379,0,15
29092,09:23:19,114.084091,22.546675,0,9
29092,09:24:19,114.087669,22.547194,0,10
29092,09:25:19,114.087814,22.54722,0,1
29092,09:26:19,114.087776,22.549248,0,15
29092,09:27:19,114.087814,22.551502,0,0
29092,09:28:19,114.089691,22.551702,0,18
29092,09:29:19,114.091133,22.55298,0,0
29092,09:30:19,114.091072,22.555307,0,31
29092,09:31:19,114.091042,22.558098,0,0
29092,09:31:24,114.091133,22.55298,0,0
29092,09:32:19,114.091049,22.558098,0,0
29092,09:33:19,114.091072,22.558115,0,0
29092,09:34:19,114.090584,22.559511,0,31
29092,09:34:24,114.091049,22.558098,0,0
29092,09:35:19,114.090195,22.560192,0,1
29092,09:36:19,114.089928,22.560995,0,16
29092,09:37:19,114.094421,22.561487,0,4
29092,09:38:19,114.095177,22.561478,0,29
29092,09:39:19,114.095444,22.561552,0,9
29092,09:40:19,114.095116,22.561501,0,0
29092,09:41:19,114.095169,22.561527,0,0
29092,09:41:33,114.095116,22.561501,0,0
29092,09:42:19,114.094856,22.561697,0,0
29092,09:43:19,114.094795,22.561701,0,0
29092,09:44:19,114.094803,22.561699,0,0
29092,09:45:19,114.095009,22.561728,0,5
29092,09:46:19,114.095245,22.561443,0,2
29092,09:47:07,114.095329,22.561373,1,3
29092,09:47:19,114.095406,22.561457,1,7
29092,09:48:19,114.09494,22.561552,1,0
29092,09:49:19,114.090958,22.561462,1,20
29092,09:49:32,114.09494,22.561552,1,0
29092,09:50:19,114.089882,22.561108,1,4
29092,09:51:19,114.087463,22.566175,1,34
29092,09:51:41,114.089882,22.561108,1,0
29092,09:52:19,114.095009,22.568295,1,46
29092,09:53:19,114.102341,22.571941,1,50
29092,09:54:19,114.107903,22.575239,1,16
29092,09:55:19,114.111206,22.576307,1,27
29092,09:56:19,114.11689,22.576338,1,25
29092,09:57:19,114.116074,22.578119,1,54
29092,09:58:19,114.113411,22.584211,1,42
29092,09:59:19,114.109711,22.589863,1,51
29092,10:00:19,114.112007,22.597843,1,51
29092,10:01:19,114.117149,22.604523,1,58
29092,10:01:49,114.112007,22.597843,1,0
29092,10:02:19,114.124947,22.609335,1,50
29092,10:03:19,114.131523,22.614534,1,44
29092,10:04:19,114.134109,22.617584,1,50
29092,10:04:40,114.131523,22.614534,1,0
29092,10:05:19,114.138283,22.621702,1,38
29092,10:06:19,114.14222,22.622255,1,4
29092,10:07:19,114.144867,22.622753,1,42
29092,10:08:19,114.14267,22.622658,1,15
29092,10:08:32,114.141899,22.622631,0,28
29092,10:08:56,114.141113,22.622597,1,8
29092,10:09:19,114.139458,22.622442,1,37
29092,10:10:19,114.13636,22.624191,1,43
29092,10:11:19,114.13398,22.628437,1,0
29092,10:11:58,114.13636,22.624191,1,0
29092,10:12:19,114.132286,22.629883,1,0
29092,10:13:19,114.129021,22.632532,1,26
29092,10:14:19,114.128777,22.632744,1,0
29092,10:15:19,114.126297,22.635439,1,17
29092,10:16:19,114.125114,22.64113,1,46
29092,10:17:19,114.123459,22.642099,1,6
29092,10:18:19,114.12088,22.641518,1,60
29092,10:19:19,114.111092,22.642393,1,71
29092,10:19:49,114.12088,22.641518,1,0
29092,10:20:19,114.101776,22.635828,1,50
29092,10:21:19,114.1007,22.635086,1,3
29092,10:22:06,114.101776,22.635828,1,0
29092,10:22:19,114.100464,22.635015,1,0
29092,10:23:19,114.100243,22.634863,1,2
29092,10:24:19,114.095657,22.633242,1,69
29092,10:25:19,114.085136,22.629738,1,54
29092,10:26:19,114.079826,22.626217,1,60
29092,10:27:19,114.074715,22.617828,1,62
29092,10:28:19,114.06897,22.609495,1,36
29092,10:29:19,114.064995,22.607048,1,29
29092,10:30:19,114.059219,22.602631,1,52
29092,10:31:19,114.056854,22.596193,1,62
29092,10:32:15,114.059219,22.602631,1,0
29092,10:32:19,114.049461,22.592503,1,64
29092,10:33:19,114.039284,22.593271,1,54
29092,10:34:19,114.028023,22.594913,1,64
29092,10:34:57,114.039284,22.593271,1,0
29092,10:35:19,114.020813,22.593132,1,34
29092,10:36:19,114.017685,22.592159,1,21
29092,10:37:19,114.015228,22.591347,1,12
29092,10:38:19,114.013573,22.591063,1,6
29092,10:39:19,114.011833,22.592367,1,27
29092,10:40:19,114.009819,22.589779,1,42
29092,10:42:23,114.009819,22.589779,1,0
29092,10:45:19,114.014534,22.56176,1,56
29092,10:46:19,114.015465,22.55575,1,5
29092,10:47:19,114.015427,22.555773,1,0
29092,10:48:19,114.020973,22.555471,1,33
29092,10:49:19,114.021851,22.555387,1,22
29092,10:49:34,114.02256,22.555412,0,18
29092,10:50:05,114.020973,22.555471,1,0
29092,10:50:19,114.02552,22.55575,0,45
29092,10:51:19,114.031548,22.55492,0,58
29092,10:52:19,114.033531,22.552763,0,29
29092,10:52:32,114.02552,22.55575,0,0
29092,10:53:19,114.035469,22.551542,0,22
29092,10:54:19,114.035629,22.55291,0,20
29092,10:55:19,114.035561,22.55533,0,30
29092,10:56:19,114.03849,22.556156,0,18
29092,10:57:19,114.04332,22.556635,0,19
29092,10:58:12,114.043243,22.557997,1,8
29092,11:02:40,114.043243,22.557997,1,0
29092,11:04:19,114.062668,22.54796,1,24
29092,11:05:14,114.043243,22.557997,1,0
29092,11:05:19,114.062637,22.547871,1,0
29092,11:06:19,114.062859,22.541351,1,72
29092,11:07:19,114.062988,22.537827,1,0
29092,11:08:19,114.062981,22.537218,1,39
29092,11:09:19,114.063057,22.528202,1,34
29092,11:10:19,114.059952,22.527622,1,0
29092,11:11:19,114.059013,22.527685,1,23
29092,11:12:19,114.05661,22.52737,1,15
29092,11:12:48,114.059013,22.527685,1,0
29092,11:13:19,114.054932,22.527283,1,0
29092,11:13:56,114.055275,22.52729,0,15
29092,11:14:00,114.055458,22.527306,1,17
29092,11:14:19,114.056366,22.527334,1,23
29092,11:15:19,114.058372,22.52763,1,5
29092,11:16:19,114.059212,22.527403,1,23
29092,11:17:19,114.059593,22.526157,1,0
29092,11:18:19,114.060234,22.52396,1,0
29092,11:19:19,114.0616,22.520533,1,37
29092,11:20:19,114.062866,22.519447,1,0
29092,11:20:22,114.060234,22.52396,1,0
29092,11:21:19,114.064613,22.519007,1,0
29092,11:22:19,114.067009,22.519238,1,7
29092,11:22:57,114.064613,22.519007,1,0
29092,11:23:19,114.067268,22.519247,1,17
29092,11:23:28,114.067223,22.519806,0,31
29092,11:23:30,114.067223,22.519962,1,31
29092,11:24:19,114.064018,22.51951,1,19
29092,11:25:19,114.061424,22.520903,1,17
29092,11:26:19,114.063156,22.528025,1,54
29092,11:27:19,114.063965,22.531509,1,32
29092,11:28:19,114.069283,22.531645,1,19
29092,11:29:19,114.070992,22.531643,1,29
29092,11:30:19,114.073029,22.531605,1,10
29092,11:31:19,114.074005,22.531637,1,5
29092,11:32:19,114.075584,22.531668,1,6
29092,11:33:05,114.074005,22.531637,1,0
29092,11:33:19,114.07692,22.531792,1,5
29092,11:34:19,114.07785,22.532402,1,8
29092,11:35:19,114.078842,22.534187,1,14
29092,11:35:30,114.07692,22.531792,1,0
29092,11:36:19,114.080299,22.53652,1,43
29092,11:37:19,114.089928,22.537804,1,65
29092,11:38:19,114.099731,22.538071,1,61
29092,11:39:19,114.106316,22.536972,1,30
29092,11:40:19,114.113586,22.538265,1,53
29092,11:41:19,114.11776,22.537607,1,16
29092,11:42:19,114.1166,22.536173,1,40
29092,11:43:13,114.11776,22.537607,1,0
29092,11:43:19,114.114853,22.534851,1,0
29092,11:44:19,114.114868,22.534842,1,1
29092,11:45:18,114.114105,22.534601,0,0
29092,11:45:19,114.114105,22.534601,0,0
29092,11:46:19,114.113838,22.534323,0,1
29092,11:47:30,114.11615,22.535561,1,40
29092,11:48:30,114.118149,22.540211,1,45
29092,11:49:30,114.109833,22.537781,1,54
29092,11:50:30,114.100594,22.538273,1,66
29092,11:50:39,114.118149,22.540211,1,0
29092,11:51:30,114.090118,22.53796,1,64
29092,11:52:30,114.081169,22.537188,1,49
29092,11:53:22,114.090118,22.53796,1,0
29092,11:53:30,114.077141,22.53231,1,42
29092,11:54:30,114.068901,22.53179,1,63
29092,11:55:30,114.05825,22.531574,1,61
29092,11:56:30,114.048882,22.531448,1,58
29092,11:57:30,114.03875,22.530758,1,65
29092,11:58:30,114.028801,22.530487,1,56
29092,11:59:30,114.019585,22.532152,1,35
29092,12:00:30,114.011902,22.530293,1,66
29092,12:02:30,113.990242,22.525072,1,68
29092,12:03:30,113.979401,22.522995,1,70
29092,12:03:30,114.011902,22.530293,1,0
29092,12:04:30,113.967758,22.522947,1,71
29092,12:05:30,113.95639,22.523195,1,75
29092,12:05:47,113.979401,22.522995,1,0
29092,12:06:30,113.944542,22.524504,1,73
29092,12:07:30,113.933189,22.524757,1,63
29092,12:08:30,113.925301,22.525923,1,40
29092,12:09:30,113.925179,22.531769,1,47
29092,12:10:30,113.927094,22.535221,1,0
29092,12:11:30,113.923653,22.535521,1,0
29092,12:12:30,113.922691,22.535475,1,39
29092,12:13:30,113.920174,22.535473,1,0
29092,12:13:38,113.923653,22.535521,1,0
29092,12:14:30,113.920181,22.535469,1,0
29092,12:15:30,113.917732,22.535519,1,35
29092,12:17:30,113.914658,22.538094,1,0
29092,12:18:30,113.915016,22.538813,0,16
29092,12:19:30,113.916405,22.537107,0,9
29092,12:20:30,113.916306,22.535778,0,0
29092,12:20:55,113.917732,22.535519,1,0
29092,12:21:30,113.916306,22.535509,0,5
29092,12:22:30,113.91996,22.533978,0,28
29092,12:23:30,113.919952,22.53256,0,14
29092,12:23:47,113.917732,22.535519,1,0
29092,12:24:30,113.920097,22.532705,0,0
29092,12:25:30,113.920105,22.532696,0,0
29092,12:26:30,113.920151,22.532682,0,0
29092,12:27:22,113.920029,22.532633,1,4
29092,12:27:30,113.919922,22.532743,1,14
29092,12:28:30,113.92308,22.535349,1,33
29092,12:29:30,113.927246,22.537205,1,49
29092,12:30:30,113.927048,22.54421,1,60
29092,12:31:30,113.928841,22.552843,1,36
29092,12:32:30,113.935936,22.555008,1,50
29092,12:32:52,113.928841,22.552843,1,0
29092,12:33:30,113.938789,22.555754,1,42
29092,12:34:00,113.937981,22.555885,0,0
29092,12:34:30,113.937241,22.555862,0,35
29092,12:35:01,113.937981,22.555885,0,0
29092,12:35:30,113.935722,22.557287,0,37
29092,12:36:30,113.938324,22.557337,0,7
29092,12:38:20,113.939384,22.557104,0,0
29092,12:38:30,113.939369,22.557093,0,0
29092,12:39:30,113.939377,22.557096,0,0
29092,12:40:30,113.939377,22.55711,0,0
29092,12:41:30,113.939392,22.557117,0,0
29092,12:42:30,113.939392,22.557127,0,0
29092,12:43:00,113.939392,22.557117,0,0
29092,12:43:30,113.939392,22.557133,0,0
29092,12:44:30,113.939392,22.55714,0,0
29092,12:45:30,113.939362,22.557112,0,0
29092,12:46:30,113.93943,22.557135,0,0
29092,12:47:30,113.9394,22.557129,0,0
29092,12:48:30,113.939468,22.557142,0,0
29092,12:49:30,113.939476,22.557127,0,0
29092,12:50:10,113.939468,22.557142,0,0
29092,12:50:30,113.939468,22.557152,0,0
29092,12:51:30,113.939468,22.557142,0,0
29092,12:52:30,113.939461,22.557156,0,0
29092,12:53:09,113.939461,22.557156,0,0
29092,12:53:30,113.939461,22.557167,0,0
29092,12:54:30,113.939491,22.557173,0,0
29092,12:55:30,113.939812,22.557413,0,14
29092,12:56:30,113.940666,22.557371,0,4
29092,12:56:42,113.940704,22.557383,1,6
29092,12:57:30,113.942139,22.558577,1,25
29092,12:58:30,113.945869,22.558828,1,31
29092,12:59:30,113.952354,22.559671,1,26
29092,13:00:30,113.954094,22.554543,1,33
29092,13:01:30,113.960716,22.556391,1,57
29092,13:02:30,113.962257,22.559097,1,32
29092,13:03:17,113.962257,22.559097,1,0
29092,13:03:30,113.961838,22.559946,1,0
29092,13:03:42,113.96183,22.559942,0,0
29092,13:04:30,113.964256,22.559706,0,18
29092,13:05:18,113.964256,22.559706,0,0
29092,13:05:30,113.966904,22.562149,0,29
29092,13:06:30,113.970345,22.561516,0,18
29092,13:07:30,113.971245,22.561113,0,12
29092,13:08:30,113.974091,22.560148,0,21
29092,13:09:30,113.977486,22.559698,0,0
29092,13:10:30,113.978546,22.559759,0,4
29092,13:11:24,113.978691,22.559813,1,11
29092,13:11:30,113.978706,22.559561,1,20
29092,13:12:30,113.975624,22.556885,1,37
29092,13:13:26,113.975624,22.556885,1,0
29092,13:13:30,113.964531,22.557322,1,75
29092,13:14:30,113.952553,22.556332,1,69
29092,13:15:30,113.941345,22.555267,1,67
29092,13:16:30,113.930267,22.555258,1,74
29092,13:17:30,113.919075,22.555826,1,71
29092,13:18:30,113.909126,22.551794,1,74
29092,13:19:30,113.902885,22.546618,1,20
29092,13:20:26,113.902885,22.546618,1,0
29092,13:20:30,113.896393,22.552423,1,66
29092,13:21:31,113.889404,22.559256,1,63
29092,13:22:31,113.884453,22.564026,1,26
29092,13:23:31,113.880287,22.567999,1,60
29092,13:23:34,113.884453,22.564026,1,0
29092,13:24:31,113.878029,22.570662,1,0
29092,13:25:11,113.878319,22.570892,0,14
29092,13:25:31,113.878883,22.571386,0,18
29092,13:26:31,113.880722,22.572218,0,31
29092,13:27:31,113.883507,22.569532,0,36
29092,13:28:31,113.886032,22.567102,0,0
29092,13:28:51,113.886024,22.567072,1,9
29092,13:29:31,113.887848,22.565397,1,21
29092,13:30:31,113.88916,22.564125,1,0
29092,13:31:31,113.889191,22.564089,1,14
29092,13:33:31,113.898804,22.561386,1,56
29092,13:34:31,113.904106,22.55681,1,24
29092,13:35:31,113.905548,22.553461,1,30
29092,13:35:35,113.904106,22.55681,1,0
29092,13:36:31,113.908745,22.550083,1,45
29092,13:37:31,113.91449,22.554518,1,54
29092,13:38:31,113.924034,22.555235,1,63
29092,13:39:31,113.928818,22.554201,1,16
29092,13:40:31,113.929176,22.561102,1,55
29092,13:41:31,113.929123,22.568993,1,51
29092,13:42:31,113.933853,22.571327,1,12
29092,13:43:31,113.941833,22.571354,1,60
29092,13:43:51,113.933853,22.571327,1,0
29092,13:44:31,113.949654,22.571405,1,14
29092,13:45:31,113.949707,22.573732,1,57
29092,13:46:31,113.94944,22.579535,1,18
29092,13:47:31,113.949287,22.580633,1,15
29092,13:48:31,113.949005,22.579531,1,0
29092,13:49:31,113.949013,22.579542,1,0
29092,13:50:23,113.94886,22.578939,0,2
29092,13:50:31,113.948853,22.578938,0,0
29092,13:50:43,113.949013,22.579542,1,0
29092,13:50:47,113.948837,22.578943,1,1
29092,13:51:31,113.947731,22.57756,1,29
29092,13:52:31,113.948738,22.575693,1,23
29092,13:53:31,113.949059,22.575617,1,9
29092,13:53:59,113.948738,22.575693,1,0
29092,13:54:31,113.949478,22.580854,1,28
29092,13:55:31,113.949821,22.583017,1,0
29092,13:56:31,113.949905,22.583267,1,10
29092,13:57:31,113.953484,22.583523,1,29
29092,13:58:31,113.959892,22.584618,1,39
29092,13:59:31,113.968941,22.585157,1,61
29092,14:00:31,113.971771,22.586542,1,22
29092,14:01:31,113.977669,22.586781,1,1
29092,14:02:31,113.979233,22.587467,1,49
29092,14:03:31,113.983475,22.588728,1,33
29092,14:04:08,113.979233,22.587467,1,0
29092,14:04:31,113.986122,22.590904,1,19
29092,14:05:31,113.986404,22.590937,1,25
29092,14:05:45,113.986031,22.590637,0,23
29092,14:05:51,113.986122,22.590904,1,0
29092,14:06:31,113.983948,22.589035,0,33
29092,14:07:31,113.983185,22.588545,0,12
29092,14:08:30,113.9832,22.588312,0,6
29092,14:11:30,113.986229,22.565266,0,62
29092,14:12:30,113.980492,22.561363,0,33
29092,14:13:30,113.9786,22.562073,0,4
29092,14:14:00,113.978333,22.56196,1,4
29092,14:14:16,113.980492,22.561363,0,0
29092,14:14:30,113.979385,22.561512,1,21
29092,14:15:30,113.987183,22.559128,1,64
29092,14:16:30,113.992455,22.557432,1,4
29092,14:17:30,113.99469,22.556461,1,25
29092,14:18:30,113.998093,22.555628,1,18
29092,14:19:30,114.000313,22.555674,1,13
29092,14:20:30,114.003319,22.555843,1,13
29092,14:21:00,114.000313,22.555674,1,0
29092,14:21:30,114.00605,22.55682,1,14
29092,14:22:30,114.011536,22.558994,1,68
29092,14:23:30,114.013535,22.566462,1,44
29092,14:24:24,114.011536,22.558994,1,0
29092,14:27:30,114.010818,22.593815,1,67
29092,14:28:30,114.011833,22.603903,1,75
29092,14:29:30,114.008484,22.613382,1,69
29092,14:30:30,114.008713,22.621967,1,49
29092,14:31:30,114.010063,22.627398,1,57
29092,14:32:30,114.011253,22.62809,1,0
29092,14:33:30,114.012947,22.629108,1,45
29092,14:34:33,114.011253,22.62809,1,0
29092,14:35:30,114.020935,22.637409,1,1
29092,14:36:08,114.012947,22.629108,1,0
29092,14:36:30,114.021233,22.638483,1,26
29092,14:37:30,114.022804,22.641243,1,28
29092,14:43:30,114.027351,22.623941,1,0
29092,14:44:30,114.027321,22.623949,1,0
29092,14:44:41,114.027351,22.623941,1,0
29092,14:45:30,114.029907,22.617739,1,55
29092,14:46:30,114.031998,22.61516,1,3
29092,14:47:30,114.034958,22.610666,1,42
29092,14:48:30,114.032303,22.608871,1,11
29092,14:49:30,114.034004,22.606812,1,0
29092,14:50:30,114.034393,22.606466,1,4
29092,14:51:16,114.034004,22.606812,1,0
29092,14:51:30,114.035172,22.605883,1,36
29092,14:52:30,114.035255,22.601377,1,50
29092,14:53:30,114.03849,22.598227,1,45
29092,14:54:30,114.044327,22.595062,1,8
29092,14:54:49,114.035255,22.601377,1,0
29092,14:55:30,114.047501,22.591637,1,41
29092,14:56:30,114.051559,22.588537,1,35
29092,14:57:30,114.054184,22.582296,1,52
29092,14:58:30,114.055809,22.579458,1,18
29092,14:59:30,114.059143,22.578062,1,35
29092,15:00:30,114.061607,22.571526,1,64
29092,15:01:30,114.062164,22.568855,1,9
29092,15:02:30,114.062263,22.567787,1,10
29092,15:03:30,114.061462,22.567825,1,24
29092,15:04:30,114.066978,22.568882,1,41
29092,15:04:58,114.035255,22.601377,1,0
29092,15:05:30,114.073868,22.570627,1,57
29092,15:06:24,114.035255,22.601377,1,0
29092,15:06:30,114.082603,22.571842,1,34
29092,15:07:30,114.085587,22.568863,1,12
29092,15:08:30,114.088676,22.566814,1,42
29092,15:09:30,114.095459,22.568419,1,44
29092,15:10:30,114.099129,22.566755,1,32
29092,15:11:30,114.099174,22.562935,1,16
29092,15:12:30,114.09919,22.56262,1,0
29092,15:13:30,114.099205,22.562622,1,0
29092,15:14:30,114.099251,22.562082,1,0
29092,15:15:06,114.099205,22.562622,1,0
29092,15:15:30,114.099251,22.562094,1,0
29092,15:16:30,114.099281,22.56208,1,0
29092,15:17:30,114.101379,22.561563,1,13
29092,15:18:30,114.101479,22.561617,1,0
29092,15:19:30,114.103477,22.561579,1,11
29092,15:20:30,114.103897,22.5595,1,13
29092,15:21:30,114.102875,22.558756,1,0
29092,15:21:33,114.103477,22.561579,1,0
29092,15:21:43,114.102882,22.558748,0,0
29092,15:22:30,114.100639,22.558701,0,13
29092,15:23:30,114.100616,22.558689,0,0
29092,15:24:30,114.099709,22.558678,0,19
29092,15:25:14,114.100616,22.558689,0,0
29092,15:25:30,114.093254,22.558613,0,41
29092,15:26:30,114.08905,22.558598,0,13
29092,15:27:30,114.083839,22.558512,0,33
29092,15:28:30,114.081314,22.558859,0,9
29092,15:29:17,114.079926,22.558544,1,36
29092,15:29:30,114.078445,22.558428,1,44
29092,15:30:30,114.069962,22.558283,1,17
29092,15:31:30,114.069412,22.558266,1,21
29092,15:32:30,114.062569,22.558558,1,55
29092,15:33:30,114.062508,22.553764,1,50
29092,15:34:30,114.058289,22.551517,1,1
29092,15:35:23,114.062508,22.553764,1,0
29092,15:35:30,114.051666,22.55146,1,14
29092,15:36:30,114.045395,22.55085,1,28
29092,15:36:41,114.051666,22.55146,1,0
29092,15:37:30,114.044884,22.550791,1,0
29092,15:38:30,114.044907,22.550787,1,0
29092,15:39:30,114.044189,22.549648,1,47
29092,15:40:30,114.042519,22.542574,1,45
29092,15:41:30,114.036736,22.541975,1,39
29092,15:42:30,114.034615,22.541588,1,46
29092,15:43:30,114.024879,22.539873,1,44
29092,15:45:31,114.024879,22.539873,1,0
29092,15:47:29,114.012238,22.539091,0,0
29092,15:47:30,114.012238,22.539093,0,0
29092,15:48:30,114.013725,22.538645,0,0
29092,15:49:30,114.0159,22.540045,0,27
29092,15:50:30,114.018715,22.540653,0,12
29092,15:51:30,114.020554,22.540785,0,11
29092,15:51:50,114.0159,22.540045,0,0
29092,15:52:30,114.022507,22.541121,0,11
29092,15:53:30,114.022949,22.541723,0,9
29092,15:54:30,114.022896,22.542368,0,4
29092,15:55:30,114.022873,22.543102,0,5
29092,15:55:39,114.022896,22.542368,0,0
29092,15:56:30,114.022469,22.544397,0,31
29092,15:57:30,114.020096,22.549059,0,28
29092,15:58:30,114.015358,22.557552,0,69
29092,15:59:30,114.014656,22.561836,0,8
29092,16:00:30,114.014465,22.563169,0,12
29092,16:01:30,114.014091,22.564907,0,18
29092,16:02:30,114.012993,22.567539,0,34
29092,16:03:30,114.011971,22.570147,0,11
29092,16:05:48,114.011971,22.570147,0,0
29092,16:06:58,114.011971,22.570147,0,0
29092,16:08:30,114.019691,22.592487,0,52
29092,16:09:30,114.024033,22.596285,0,54
29092,16:10:30,114.024696,22.603727,0,33
29092,16:11:30,114.02729,22.605804,0,9
29092,16:12:30,114.029266,22.607103,0,0
29092,16:13:30,114.031174,22.608553,0,46
29092,16:14:30,114.030563,22.610516,0,11
29092,16:15:30,114.029732,22.612568,0,34
29092,16:15:56,114.011971,22.570147,0,0
29092,16:16:30,114.032173,22.614758,0,0
29092,16:17:30,114.032166,22.614767,0,0
29092,16:18:30,114.032211,22.614799,0,15
29092,16:19:30,114.036064,22.616999,0,0
29092,16:20:30,114.036041,22.617105,0,0
29092,16:21:30,114.036591,22.617397,0,0
29092,16:22:06,114.036041,22.617105,0,0
29092,16:22:30,114.036598,22.617399,0,0
29092,16:23:30,114.03688,22.61746,0,21
29092,16:24:30,114.035782,22.620007,0,5
29092,16:24:43,114.035797,22.619989,0,0
29092,16:25:30,114.035797,22.619997,0,0
29092,16:26:05,114.035797,22.619989,0,0
29092,16:26:30,114.036369,22.61861,0,0
29092,16:27:30,114.036255,22.617081,0,27
29092,16:28:30,114.033798,22.615812,0,7
29092,16:29:30,114.032478,22.615122,0,31
29092,16:30:30,114.029678,22.612829,0,0
29092,16:31:30,114.027321,22.613012,0,36
29092,16:32:30,114.027222,22.613443,0,7
29092,16:33:30,114.027519,22.61339,0,7
29092,16:36:30,114.026619,22.611067,1,4
29092,16:37:30,114.029358,22.607323,1,0
29092,16:38:30,114.033035,22.603579,1,66
29092,16:39:30,114.037216,22.59936,1,16
29092,16:40:30,114.038437,22.598173,1,49
29092,16:41:30,114.04425,22.594969,1,0
29092,16:42:30,114.04882,22.590708,1,58
29092,16:43:30,114.053268,22.584473,1,51
29092,16:44:30,114.058716,22.578293,1,52
29092,16:45:30,114.067108,22.574358,1,57
29092,16:46:21,114.058716,22.578293,1,0
29092,16:46:30,114.067505,22.568314,1,56
29092,16:47:30,114.067635,22.559635,1,16
29092,16:48:30,114.06765,22.559578,1,0
29092,16:49:30,114.067635,22.559587,1,0
29092,16:50:30,114.067757,22.556479,1,57
29092,16:51:30,114.067917,22.548845,1,40
29092,16:52:23,114.067757,22.556479,1,0
29092,16:52:30,114.069771,22.547791,1,0
29092,16:53:30,114.069778,22.546045,1,14
29092,16:54:30,114.071091,22.545082,1,16
29092,16:55:03,114.071274,22.544815,0,1
29092,16:55:30,114.071335,22.544792,0,1
29092,16:56:30,114.071274,22.544815,0,0
29092,16:56:30,114.071648,22.544062,0,0
29092,16:57:30,114.071754,22.543898,0,9
29092,16:58:15,114.071587,22.543188,1,9
29092,16:58:30,114.070404,22.543154,1,43
29092,16:59:30,114.062325,22.543051,1,64
29092,17:00:30,114.052612,22.542894,1,56
29092,17:01:30,114.047676,22.542635,1,0
29092,17:02:30,114.044846,22.54254,1,25
29092,17:03:30,114.038658,22.542185,1,40
29092,17:04:30,114.032715,22.541157,1,33
29092,17:06:30,114.024544,22.539845,1,57
29092,17:06:38,114.038658,22.542185,1,0
29092,17:07:30,114.017723,22.538797,1,37
29092,17:07:31,114.038658,22.542185,1,0
29092,17:08:30,114.013306,22.539839,1,40
29092,17:09:30,114.011147,22.545652,1,52
29092,17:10:21,114.009888,22.547995,0,0
29092,17:10:30,114.00988,22.547998,0,0
29092,17:10:43,114.009941,22.548061,1,14
29092,17:11:30,114.013069,22.549934,1,5
29092,17:12:30,114.013206,22.550087,1,22
29092,17:13:30,114.016953,22.544924,1,26
29092,17:14:30,114.017128,22.544399,1,17
29092,17:15:30,114.02034,22.543447,1,11
29092,17:16:30,114.020515,22.542618,1,9
29092,17:16:47,114.017128,22.544399,1,0
29092,17:17:30,114.02285,22.540892,1,49
29092,17:18:30,114.024452,22.534992,1,30
29092,17:22:40,114.024452,22.534992,1,0
29092,17:23:30,114.055962,22.531479,1,10
29092,17:24:30,114.062645,22.531612,1,15
29092,17:25:30,114.063995,22.531601,1,8
29092,17:26:30,114.06562,22.531626,1,16
29092,17:26:56,114.063995,22.531601,1,0
29092,17:28:30,114.068466,22.531658,1,8
29092,17:29:30,114.07048,22.531687,1,13
29092,17:30:30,114.074554,22.531679,1,17
29092,17:31:30,114.076302,22.531715,1,8
29092,17:33:03,114.077744,22.531973,1,12
29092,17:33:30,114.077614,22.532076,1,13
29092,17:34:30,114.078766,22.53397,1,15
29092,17:35:30,114.080643,22.536623,1,29
29092,17:36:30,114.083374,22.537197,1,20
29092,17:37:04,114.080643,22.536623,1,0
29092,17:37:30,114.087395,22.537567,1,29
29092,17:37:48,114.080643,22.536623,1,0
29092,17:38:30,114.091377,22.53788,1,14
29092,17:39:30,114.092285,22.537889,1,10
29092,17:40:29,114.094292,22.537851,1,8
29092,17:41:29,114.095657,22.537891,1,0
29092,17:42:29,114.096382,22.537901,1,13
29092,17:43:29,114.097832,22.537943,1,0
29092,17:44:29,114.098587,22.537975,1,8
29092,17:45:29,114.099274,22.537991,1,3
29092,17:46:29,114.100525,22.537785,1,15
29092,17:47:13,114.099274,22.537991,1,0
29092,17:49:29,114.106224,22.536905,1,46
29092,17:50:29,114.108749,22.537373,1,30
29092,17:51:29,114.111023,22.535648,1,0
29092,17:52:29,114.11158,22.532261,1,55
29092,17:52:56,114.108749,22.537373,1,0
29092,17:55:29,114.113991,22.537304,0,9
29092,17:56:29,114.113937,22.537653,0,3
29092,17:57:21,114.113991,22.537304,0,0
29092,17:57:29,114.113724,22.540077,0,19
29092,17:58:29,114.113762,22.542007,0,1
29092,17:59:29,114.113785,22.542772,0,19
29092,17:59:52,114.113808,22.542921,1,9
29092,18:00:29,114.113716,22.543619,1,0
29092,18:02:29,114.113693,22.544025,1,0
29092,18:03:29,114.113708,22.544016,1,0
29092,18:04:29,114.113739,22.544502,1,0
29092,18:05:29,114.113747,22.5445,1,0
29092,18:06:29,114.113747,22.544832,1,8
29092,18:07:29,114.113739,22.545378,1,0
29092,18:07:30,114.113747,22.5445,1,0
29092,18:08:05,114.113747,22.544832,1,0
29092,18:08:29,114.113747,22.545387,1,0
29092,18:09:29,114.113701,22.545401,1,0
29092,18:12:29,114.103729,22.544264,1,38
29092,18:13:29,114.101585,22.543865,1,2
29092,18:14:29,114.100502,22.543587,1,20
29092,18:21:29,114.081726,22.537422,1,18
29092,18:22:29,114.079575,22.536203,1,28
29092,18:23:13,114.081726,22.537422,1,0
29092,18:23:29,114.07663,22.532137,1,26
29092,18:24:29,114.070877,22.531958,1,29
29092,18:25:29,114.065971,22.531965,1,16
29092,18:26:29,114.061516,22.531904,1,49
29092,18:26:47,114.065971,22.531965,1,0
29092,18:28:29,114.058258,22.534647,1,0
29092,18:29:29,114.058159,22.535906,1,14
29092,18:32:29,114.05793,22.537146,1,22
29092,18:33:29,114.057236,22.537771,1,3
29092,18:34:29,114.057159,22.53726,1,1
29092,18:35:29,114.055763,22.538519,1,23
29092,18:36:29,114.056335,22.539328,1,0
29092,18:36:55,114.055763,22.538519,1,0
29092,18:37:22,114.056335,22.539328,1,0
29092,18:37:29,114.05687,22.539423,1,25
29092,18:38:29,114.056999,22.538088,1,7
29092,18:39:29,114.056602,22.537413,1,0
29092,18:40:29,114.056007,22.537521,1,0
29092,18:41:16,114.055901,22.537748,1,0
29092,18:41:29,114.055969,22.537786,1,0
29092,18:42:29,114.056099,22.537943,1,0
29092,18:43:29,114.055801,22.538652,1,1
29092,18:44:29,114.055916,22.537704,1,0
29092,18:45:29,114.055969,22.535929,1,0
29092,18:46:29,114.056046,22.535959,1,0
29092,18:47:04,114.055969,22.535929,1,0
29092,18:47:29,114.056114,22.534414,1,32
29092,18:48:29,114.061005,22.531395,1,30
29092,18:50:29,114.064903,22.53145,1,31
29092,18:51:29,114.06678,22.526533,1,57
29092,18:52:29,114.06675,22.522417,1,4
29092,18:52:30,114.06678,22.526533,1,0
29092,18:53:29,114.06813,22.522001,1,7
29092,18:54:29,114.068001,22.521362,1,25
29092,18:54:55,114.06813,22.521681,0,5
29092,18:55:29,114.066185,22.522665,0,36
29092,18:56:29,114.068443,22.523937,0,28
29092,18:57:12,114.066185,22.522665,0,0
29092,18:57:27,114.067902,22.52384,1,3
29092,18:57:29,114.067856,22.523844,1,12
29092,18:58:29,114.067871,22.527754,1,73
29092,18:59:29,114.069283,22.532112,1,14
29092,19:00:29,114.063965,22.531916,1,33
29092,19:01:29,114.057045,22.53179,1,45
29092,19:02:29,114.050087,22.532087,1,25
29092,19:03:29,114.04982,22.535355,1,8
29092,19:04:09,114.049377,22.535349,0,0
29092,19:04:29,114.049393,22.535318,0,0
29092,19:05:29,114.048286,22.535288,0,0
29092,19:06:29,114.048248,22.535339,0,0
29092,19:07:21,114.048248,22.535339,0,0
29092,19:07:29,114.047234,22.535357,0,36
29092,19:07:39,114.048248,22.535339,0,0
29092,19:08:29,114.046753,22.5373,0,33
29092,19:09:29,114.04731,22.537319,0,0
29092,19:10:47,114.048241,22.537333,1,6
29092,19:11:29,114.050537,22.537397,1,14
29092,19:14:29,114.058006,22.537582,1,0
29092,19:15:29,114.058029,22.537632,1,0
29092,19:16:29,114.058167,22.537676,1,16
29092,19:17:29,114.058167,22.537676,1,0
29092,19:18:29,114.063042,22.542458,1,44
29092,19:19:29,114.067795,22.542337,1,31
29092,19:20:29,114.0681,22.546127,1,0
29092,19:21:29,114.068085,22.54611,1,0
29092,19:22:29,114.068069,22.547964,1,18
29092,19:22:47,114.068085,22.54611,1,0
29092,19:23:29,114.068085,22.550552,1,20
29092,19:24:29,114.072006,22.551035,1,0
29092,19:25:29,114.072037,22.551048,1,0
29092,19:27:29,114.073265,22.551193,1,0
29092,19:27:38,114.072006,22.551035,1,0
29092,19:28:29,114.074249,22.551266,1,0
29092,19:29:29,114.074287,22.551235,1,0
29092,19:30:29,114.075775,22.551418,1,0
29092,19:31:29,114.075745,22.551405,1,0
29092,19:32:29,114.075729,22.551405,1,1
29092,19:33:29,114.080994,22.55168,1,1
29092,19:34:29,114.081261,22.551733,1,29
29092,19:35:29,114.086609,22.55183,1,19
29092,19:36:29,114.088387,22.554783,1,27
29092,19:37:01,114.088806,22.555115,0,0
29092,19:37:29,114.088837,22.555122,0,5
29092,19:37:46,114.088806,22.555115,0,0
29092,19:37:56,114.088806,22.555115,0,0
29092,19:38:29,114.090904,22.555656,0,39
29092,19:39:29,114.090927,22.554363,0,0
29092,19:40:29,114.090958,22.552427,0,39
29092,19:41:29,114.087761,22.551737,0,25
29092,19:41:59,114.086319,22.551716,1,4
29092,19:42:29,114.083672,22.551691,1,44
29092,19:43:29,114.081322,22.55179,1,29
29092,19:44:29,114.076851,22.55158,1,0
29092,19:45:29,114.076859,22.551571,1,0
29092,19:46:29,114.070641,22.551071,1,37
29092,19:46:53,114.070343,22.551132,0,0
29092,19:47:03,114.07032,22.551132,1,9
29092,19:47:29,114.068298,22.551098,1,27
29092,19:47:55,114.07032,22.551132,1,0
29092,19:48:29,114.067879,22.553509,1,0
29092,19:49:29,114.067863,22.554348,1,25
29092,19:50:29,114.067856,22.555885,1,0
29092,19:51:29,114.067848,22.555992,1,1
29092,19:52:29,114.06781,22.557756,1,0
29092,19:53:04,114.067848,22.555992,1,0
29092,19:53:29,114.067818,22.557737,1,0
29092,19:54:29,114.067764,22.559395,1,54
29092,19:55:29,114.067604,22.569363,1,53
29092,19:56:29,114.061607,22.568228,1,59
29092,19:57:29,114.053795,22.565365,1,54
29092,19:58:03,114.061607,22.568228,1,0
29092,19:58:29,114.046013,22.565468,1,10
29092,19:59:29,114.039787,22.565002,1,45
29092,20:00:29,114.03978,22.566162,1,13
29092,20:01:29,114.040688,22.566502,1,2
29092,20:02:29,114.040947,22.56665,1,5
29092,20:03:29,114.040855,22.567657,1,0
29092,20:04:29,114.040886,22.567747,1,0
29092,20:05:29,114.040604,22.568377,1,2
29092,20:06:29,114.040512,22.568766,1,11
29092,20:07:29,114.040253,22.56896,1,0
29092,20:08:12,114.040512,22.568766,1,0
29092,20:08:13,114.040512,22.568766,1,0
29092,20:08:29,114.040321,22.569347,1,0
29092,20:09:29,114.040184,22.569613,1,2
29092,20:10:29,114.04007,22.56975,1,0
29092,20:11:29,114.039261,22.571812,1,31
29092,20:12:13,114.038902,22.57226,0,0
29092,20:12:29,114.03891,22.572247,0,0
29092,20:13:29,114.038902,22.572247,0,0
29092,20:14:29,114.039703,22.571066,0,24
29092,20:15:29,114.040115,22.570013,0,0
29092,20:16:17,114.040138,22.569979,1,11
29092,20:16:29,114.03997,22.569805,1,16
29092,20:17:29,114.036499,22.568525,1,9
29092,20:18:20,114.036499,22.568525,1,0
29092,20:18:29,114.036003,22.568342,1,7
29092,20:19:29,114.035912,22.56831,1,0
29092,20:20:29,114.035545,22.568119,1,8
29092,20:21:29,114.035507,22.568092,1,0
29092,20:22:29,114.035652,22.567293,1,39
29092,20:23:21,114.035652,22.567293,1,0
29092,20:23:29,114.038857,22.564075,1,43
29092,20:24:29,114.031921,22.562532,1,42
29092,20:25:29,114.025017,22.561413,1,20
29092,20:26:29,114.024727,22.561777,1,36
29092,20:27:29,114.02887,22.556786,1,2
29092,20:28:29,114.02887,22.556786,1,0
29092,20:29:29,114.01815,22.555595,1,0
29092,20:29:35,114.018166,22.555599,0,0
29092,20:30:23,114.01693,22.554436,1,16
29092,20:30:30,114.016579,22.554438,1,27
29092,20:31:30,114.014923,22.559935,1,52
29092,20:32:30,114.014465,22.56307,1,0
29092,20:33:30,114.014221,22.564302,1,7
29092,20:34:30,114.013802,22.565662,1,9
29092,20:35:30,114.012375,22.56843,1,36
29092,20:39:30,114.010788,22.593294,1,63
29092,20:40:30,114.011909,22.602819,1,73
29092,20:41:30,114.009651,22.610687,1,56
29092,20:42:30,114.008438,22.618628,1,49
29092,20:43:30,114.008316,22.62599,1,29
29092,20:44:30,114.011139,22.628174,1,0
29092,20:45:30,114.011131,22.62818,1,0
29092,20:46:30,114.010147,22.630503,1,19
29092,20:47:30,114.006721,22.63699,1,34
29092,20:48:12,114.008583,22.638018,0,0
29092,20:48:30,114.008865,22.637934,0,18
29092,20:48:46,114.006721,22.63699,1,0
29092,20:49:30,114.011368,22.63439,0,27
29092,20:52:38,114.020813,22.631954,1,4
29092,20:53:30,114.021843,22.630774,1,0
29092,20:53:38,114.020813,22.631954,1,0
29092,20:54:30,114.023659,22.630774,1,46
29092,20:55:30,114.024513,22.63096,1,0
29092,20:56:30,114.025162,22.633545,1,65
29092,20:58:30,114.031921,22.634083,1,0
29092,20:58:54,114.025162,22.633545,1,0
29092,20:59:30,114.038017,22.63303,1,42
29092,21:00:30,114.040009,22.63287,1,49
29092,21:01:30,114.042641,22.632587,1,0
29092,21:02:30,114.042641,22.632593,1,0
29092,21:03:30,114.043495,22.634308,1,56
29092,21:04:30,114.045692,22.638315,1,0
29092,21:05:30,114.045715,22.638338,1,8
29092,21:06:30,114.046013,22.643694,1,33
29092,21:07:00,114.046112,22.644302,0,0
29092,21:07:30,114.046066,22.645266,0,8
29092,21:08:30,114.04229,22.644957,0,17
29092,21:08:47,114.046066,22.645266,0,0
29092,21:09:03,114.046066,22.645266,0,0
29092,21:09:30,114.040253,22.645683,0,0
29092,21:10:29,114.039627,22.644966,0,36
29092,21:11:29,114.038216,22.641808,0,18
29092,21:12:29,114.033867,22.642887,0,0
29092,21:13:29,114.033836,22.642822,0,0
29092,21:14:29,114.033211,22.642305,0,22
29092,21:14:59,114.032944,22.641407,1,9
29092,21:15:29,114.03199,22.639053,1,27
29092,21:16:29,114.031769,22.636288,1,6
29092,21:18:29,114.031944,22.634649,1,0
29092,21:19:12,114.031769,22.636288,1,0
29092,21:19:17,114.032135,22.633593,0,0
29092,21:19:29,114.032158,22.633423,0,5
29092,21:19:57,114.032265,22.632828,1,4
29092,21:20:29,114.032135,22.631662,1,1
29092,21:21:29,114.031914,22.630447,1,20
29092,21:22:29,114.029915,22.627434,1,7
29092,21:23:29,114.03064,22.625168,1,1
29092,21:23:56,114.029915,22.627434,1,0
29092,21:24:29,114.030823,22.624485,1,0
29092,21:25:29,114.030518,22.624134,1,28
29092,21:26:29,114.027122,22.623627,1,0
29092,21:26:39,114.027115,22.623638,0,0
29092,21:27:29,114.02475,22.62381,0,0
29092,21:28:29,114.024612,22.620527,0,66
29092,21:29:20,114.02475,22.62381,0,0
29092,21:29:29,114.026077,22.617146,0,14
29092,21:30:29,114.02858,22.612089,0,37
29092,21:39:05,114.02858,22.612089,0,0
29092,21:39:29,114.02858,22.612089,0,0
29092,21:53:29,114.022774,22.605564,1,69
29092,21:54:29,114.025398,22.597454,1,54
29092,21:55:29,114.017616,22.592087,1,80
29092,21:56:29,114.009979,22.592327,1,59
29092,21:59:29,114.013542,22.565037,1,72
29092,22:00:29,114.008461,22.558058,1,51
29092,22:01:29,113.998627,22.55588,1,63
29092,22:02:29,113.989326,22.558929,1,68
29092,22:03:29,113.978943,22.557493,1,71
29092,22:04:29,113.967499,22.557682,1,80
29092,22:05:29,113.955582,22.556572,1,74
29092,22:06:29,113.944344,22.555212,1,73
29092,22:07:29,113.932953,22.555529,1,68
29092,22:08:29,113.928497,22.554667,1,54
29092,22:09:22,113.932953,22.555529,1,0
29092,22:09:29,113.927277,22.546143,1,51
29092,22:09:54,113.928497,22.554667,1,0
29092,22:10:29,113.926994,22.538118,1,62
29092,22:11:29,113.924377,22.53026,1,49
29092,22:12:29,113.923782,22.522806,1,40
29092,22:13:29,113.923187,22.521223,1,17
29092,22:14:29,113.922783,22.520363,1,2
29092,22:15:29,113.922554,22.519922,1,21
29092,22:16:29,113.920158,22.519188,1,39
29092,22:17:29,113.9179,22.520758,1,0
29092,22:18:29,113.917419,22.521038,1,0
29092,22:19:29,113.914253,22.518469,1,16
29092,22:20:03,113.917419,22.521038,1,0
29092,22:20:29,113.910843,22.515409,1,46
29092,22:21:29,113.909111,22.515085,1,0
29092,22:22:29,113.907921,22.514957,1,0
29092,22:22:40,113.907944,22.514942,0,0
29092,22:23:26,113.907928,22.514839,1,10
29092,22:23:29,113.907814,22.514818,1,20
29092,22:24:29,113.905128,22.515818,1,0
29092,22:24:30,113.907944,22.514942,0,0
29092,22:25:29,113.905113,22.515808,1,0
29092,22:26:29,113.901421,22.518751,1,19
29092,22:27:29,113.904739,22.522223,1,0
29092,22:27:44,113.904732,22.522232,0,0
29092,22:28:29,113.904831,22.522268,0,15
29092,22:29:29,113.908333,22.522284,0,0
29092,22:30:11,113.904831,22.522268,0,0
29092,22:30:29,113.909355,22.524227,0,46
29092,22:31:29,113.909821,22.525713,0,3
29092,22:31:32,113.909904,22.525723,1,17
29092,22:32:29,113.914558,22.526613,1,22
29092,22:33:29,113.918098,22.526917,1,0
29092,22:34:29,113.918106,22.526968,1,0
29092,22:35:29,113.920822,22.526327,1,34
29092,22:36:29,113.927078,22.524738,1,49
29092,22:37:29,113.927666,22.52014,1,0
29092,22:38:29,113.927605,22.519455,1,37
29092,22:39:29,113.927544,22.515074,1,56
29092,22:39:39,113.927666,22.52014,1,0
29092,22:40:20,113.927605,22.519455,1,0
29092,22:40:29,113.927185,22.508327,1,1
29092,22:41:29,113.927345,22.506969,1,46
29092,22:42:29,113.92868,22.499678,1,67
29092,22:43:29,113.93145,22.498568,1,30
29092,22:44:02,113.931618,22.498671,0,0
29092,22:44:29,113.931755,22.498617,0,9
29092,22:45:29,113.932838,22.498892,0,0
29092,22:46:29,113.933266,22.499722,0,36
29092,22:47:29,113.932999,22.502163,0,0
29092,22:48:29,113.932968,22.502769,0,22
29092,22:49:29,113.935097,22.498795,0,40
29092,22:50:28,113.932968,22.502769,0,0
29092,22:50:29,113.936378,22.492907,0,15
29092,22:51:29,113.937683,22.491087,0,1
29092,22:52:29,113.937782,22.493677,0,26
29092,22:53:04,113.93734,22.495268,1,10
29092,22:53:29,113.938248,22.496353,1,31
29092,22:54:29,113.938957,22.502466,1,46
29092,22:54:47,113.938248,22.496353,1,0
29092,22:55:29,113.938881,22.507545,1,40
29092,22:56:29,113.944908,22.508003,1,56
29092,22:57:29,113.947159,22.511068,1,64
29092,22:58:29,113.94873,22.519873,1,51
29092,22:59:29,113.953529,22.523275,1,63
29092,23:00:29,113.965073,22.522661,1,73
29092,23:00:37,113.94873,22.519873,1,0
29092,23:01:29,113.976707,22.522717,1,64
29092,23:02:29,113.986954,22.523678,1,54
29092,23:03:29,113.996475,22.528725,1,69
29092,23:04:29,114.007347,22.529514,1,71
29092,23:05:29,114.017906,22.531639,1,52
29092,23:06:29,114.026512,22.530903,1,65
29092,23:07:29,114.033775,22.529436,1,24
29092,23:08:26,114.033302,22.527431,0,0
29092,23:08:29,114.033302,22.527433,0,0
29092,23:09:29,114.03257,22.526512,0,12
29092,23:09:55,114.033302,22.527433,0,0
29092,23:10:29,114.027397,22.529221,0,44
29092,23:10:45,114.033302,22.527433,0,0
29092,23:11:29,114.024857,22.534403,0,6
29092,23:12:29,114.024406,22.539352,0,0
29092,23:12:34,114.024475,22.539368,1,12
29092,23:13:29,114.030128,22.540289,1,40
29092,23:14:29,114.034943,22.541132,1,44
29092,23:15:29,114.03846,22.541693,1,50
29092,23:16:29,114.043983,22.540447,1,51
29092,23:17:29,114.04451,22.531124,1,65
29092,23:18:29,114.043968,22.527658,1,10
29092,23:19:29,114.042336,22.527361,1,14
29092,23:20:10,114.041656,22.527264,0,0
29092,23:20:29,114.041595,22.527348,0,1
29092,23:20:44,114.041504,22.527407,1,8
29092,23:20:54,114.042336,22.527361,1,0
29092,23:21:29,114.041214,22.528099,1,3
29092,23:22:29,114.040985,22.529087,1,8
29092,23:23:29,114.043114,22.530909,1,55
29092,23:24:29,114.04467,22.533077,1,39
29092,23:25:04,114.043114,22.530909,1,0
29092,23:25:29,114.047989,22.534407,1,34
29092,23:26:20,114.047997,22.535419,0,0
29092,23:26:29,114.047989,22.535419,0,0
29092,23:27:29,114.047966,22.53544,0,0
29092,23:27:48,114.047943,22.535503,1,12
29092,23:28:29,114.047897,22.537132,1,13
29092,23:29:29,114.044296,22.535067,1,47
29092,23:30:29,114.042961,22.531736,1,41
29092,23:31:02,114.044296,22.535067,1,0
29092,23:31:29,114.034294,22.530537,1,64
29092,23:32:29,114.025597,22.531364,1,73
29092,23:33:29,114.018166,22.531992,1,64
29092,23:34:29,114.01429,22.534666,1,41
29092,23:35:29,114.010628,22.539375,1,11
29092,23:36:29,114.005814,22.542986,1,83
29092,23:37:29,113.992142,22.547245,1,91
29092,23:38:29,113.97966,22.55439,1,92
29092,23:39:29,113.966873,22.560974,1,89
29092,23:40:12,113.97966,22.55439,1,0
29092,23:40:29,113.951477,22.56414,1,99
29092,23:41:11,113.966873,22.560974,1,0
29092,23:41:29,113.935158,22.565289,1,102
29092,23:42:29,113.921692,22.569424,1,62
29092,23:43:29,113.91658,22.572699,1,36
29092,23:44:29,113.912354,22.579397,1,91
29092,23:45:29,113.901794,22.590702,1,101
29092,23:46:29,113.89061,22.600012,1,98
29092,23:48:29,113.868401,22.621395,1,99
29092,23:49:29,113.85611,22.626078,1,56
29092,23:50:29,113.849884,22.627817,1,37
29092,23:51:19,113.85611,22.626078,1,0
29092,23:51:29,113.850296,22.627155,1,1
29092,23:52:29,113.84771,22.623226,1,68
29092,23:53:29,113.837784,22.620453,1,52
29092,23:55:21,113.837784,22.620453,1,0
