28497,00:02:31,113.920998,22.5264,0,14
28497,00:03:11,113.915901,22.5355,0,0
28497,00:03:31,113.932503,22.520901,0,0
28497,00:03:46,113.932297,22.5208,0,0
28497,00:08:22,113.929604,22.5263,0,33
28497,00:08:52,113.926804,22.5285,0,16
28497,00:09:22,113.927002,22.535299,0,0
28497,00:09:52,113.919701,22.535299,0,26
28497,00:14:38,113.914497,22.5355,0,0
28497,00:15:08,113.913803,22.5315,0,9
28497,00:15:38,113.916801,22.5312,0,12
28497,00:16:08,113.9189,22.530701,0,0
28497,00:20:29,113.9226,22.5303,0,8
28497,00:21:11,113.9189,22.530701,0,0
28497,00:21:29,113.932701,22.523001,0,21
28497,00:21:59,113.931801,22.520599,0,0
28497,00:27:11,113.931801,22.520599,0,0
28497,00:27:18,113.931801,22.520599,0,0
28497,00:27:34,113.931801,22.520599,0,0
28497,00:31:52,113.928703,22.5247,0,31
28497,00:32:52,113.925102,22.531799,0,32
28497,00:33:22,113.922897,22.5354,0,35
28497,00:37:08,113.914597,22.5355,0,0
28497,00:37:38,113.912102,22.5312,0,17
28497,00:38:38,113.914101,22.5354,0,0
28497,00:43:35,113.916199,22.5345,0,0
28497,00:43:36,113.916199,22.5345,0,0
28497,00:44:06,113.919998,22.535601,0,14
28497,00:44:36,113.920898,22.5389,0,30
28497,00:45:06,113.922302,22.5417,0,0
28497,00:49:35,113.922302,22.5389,0,12
28497,00:50:05,113.918701,22.5355,0,28
28497,00:50:30,113.916199,22.5347,0,0
28497,00:51:00,113.916199,22.5347,0,0
28497,00:55:21,113.916,22.531401,0,0
28497,00:55:51,113.920502,22.5303,0,14
28497,00:56:11,113.922302,22.5417,0,0
28497,00:56:21,113.923698,22.525999,0,17
28497,00:56:51,113.932602,22.522699,0,15
28497,00:57:09,113.932404,22.521,0,0
28497,01:01:33,113.931396,22.520901,0,1
28497,01:01:37,113.931297,22.520901,0,0
28497,01:02:07,113.936096,22.5242,0,36
28497,01:02:37,113.948898,22.5226,0,24
28497,01:03:07,113.947403,22.530001,0,23
28497,01:07:54,113.947899,22.5301,0,28
28497,01:08:24,113.952202,22.538401,0,33
28497,01:08:54,113.9533,22.554001,0,25
28497,01:09:24,113.964996,22.557301,0,43
28497,01:10:11,113.947403,22.530001,0,0
28497,01:13:45,113.982002,22.558001,0,43
28497,01:14:15,113.998703,22.5557,0,39
28497,01:15:15,114.035599,22.562599,0,37
28497,01:19:38,114.039597,22.560801,0,4
28497,01:20:59,114.039299,22.5602,0,0
28497,01:21:37,114.039398,22.5597,0,5
28497,01:25:29,114.038101,22.560101,0,12
28497,01:25:59,114.040497,22.556601,0,5
28497,01:31:10,114.040497,22.556601,0,0
28497,01:31:19,114.044197,22.548201,0,0
28497,01:31:49,114.044197,22.548201,0,0
28497,01:32:19,114.044197,22.548201,0,0
28497,01:36:36,114.045303,22.542299,0,0
28497,01:36:46,114.046204,22.5424,0,20
28497,01:36:51,114.047501,22.5418,0,16
28497,01:37:21,114.048401,22.538401,0,0
28497,01:37:51,114.048103,22.5382,0,0
28497,01:38:13,114.047699,22.5385,0,0
28497,01:44:01,114.051201,22.525801,0,0
28497,01:44:31,114.0532,22.525801,0,17
28497,01:45:01,114.0588,22.525801,0,12
28497,01:49:30,114.059303,22.527399,0,0
28497,01:50:30,114.056702,22.5299,0,1
28497,01:51:00,114.056999,22.5282,0,5
28497,01:55:17,114.056999,22.5275,0,0
28497,01:55:18,114.056999,22.5275,0,0
28497,01:55:48,114.058403,22.5277,0,0
28497,01:56:11,114.056999,22.5282,0,0
28497,01:56:18,114.059502,22.5315,0,28
28497,02:00:42,114.068298,22.532,0,35
28497,02:01:12,114.0681,22.5464,0,31
28497,02:01:42,114.068398,22.558001,0,22
28497,02:06:49,114.098,22.569599,0,46
28497,02:07:19,114.112999,22.5763,0,28
28497,02:07:49,114.114998,22.580601,0,35
28497,02:13:04,114.112999,22.5856,0,0
28497,02:13:11,114.114998,22.580601,0,0
28497,02:13:34,114.114899,22.5802,0,32
28497,02:14:04,114.117699,22.568199,0,20
28497,02:14:34,114.122902,22.556,0,38
28497,02:18:57,114.125999,22.547899,0,6
28497,02:19:27,114.1297,22.545401,0,9
28497,02:24:49,114.138397,22.5725,0,39
28497,02:25:11,114.1297,22.545401,0,0
28497,02:25:19,114.122002,22.5767,0,44
28497,02:25:49,114.1073,22.5755,0,12
28497,02:26:19,114.104103,22.580999,0,26
28497,02:31:48,114.101898,22.582399,0,0
28497,02:32:10,114.104103,22.580999,0,0
28497,02:32:18,114.101898,22.582399,0,0
28497,02:34:14,114.101898,22.582399,0,0
28497,02:35:14,114.101898,22.582399,0,0
28497,02:35:44,114.101898,22.582399,0,0
28497,02:36:14,114.101898,22.582399,0,0
28497,02:36:44,114.101898,22.582399,0,0
28497,02:37:14,114.101898,22.582399,0,0
28497,02:38:14,114.101898,22.582399,0,0
28497,02:38:44,114.101898,22.582399,0,0
28497,02:39:44,114.101898,22.582399,0,0
28497,02:40:14,114.101898,22.582399,0,0
28497,02:40:44,114.101898,22.582399,0,0
28497,02:41:14,114.101898,22.582399,0,0
28497,02:41:44,114.101898,22.582399,0,0
28497,02:42:14,114.101898,22.582399,0,0
28497,02:42:44,114.101898,22.582399,0,0
28497,02:43:14,114.101898,22.582399,0,0
28497,02:43:44,114.101898,22.582399,0,0
28497,02:44:14,114.101898,22.582399,0,0
28497,02:44:44,114.101898,22.582399,0,0
28497,02:45:14,114.101898,22.582399,0,0
28497,02:45:44,114.101898,22.582399,0,0
28497,02:47:14,114.101898,22.582399,0,0
28497,02:48:44,114.101898,22.582399,0,0
28497,02:50:14,114.101898,22.582399,0,0
28497,02:52:15,114.101898,22.582399,0,0
28497,02:52:45,114.101898,22.582399,0,0
28497,02:53:45,114.101898,22.582399,0,0
28497,02:54:15,114.101898,22.582399,0,0
28497,02:55:15,114.101898,22.582399,0,0
28497,02:55:45,114.101898,22.582399,0,0
28497,02:56:15,114.101898,22.582399,0,0
28497,02:56:45,114.101898,22.582399,0,0
28497,02:57:45,114.101898,22.582399,0,0
28497,02:58:15,114.101898,22.582399,0,0
28497,02:59:15,114.101898,22.582399,0,0
28497,03:00:15,114.101898,22.582399,0,0
28497,03:00:45,114.101898,22.582399,0,0
28497,03:01:45,114.101898,22.582399,0,0
28497,03:02:15,114.101898,22.582399,0,0
28497,03:02:45,114.101898,22.582399,0,0
28497,03:03:15,114.101898,22.582399,0,0
28497,03:03:45,114.101898,22.582399,0,0
28497,03:04:15,114.101898,22.582399,0,0
28497,03:04:45,114.101898,22.582399,0,0
28497,03:05:15,114.101898,22.582399,0,0
28497,03:05:45,114.101898,22.582399,0,0
28497,03:06:15,114.101898,22.582399,0,0
28497,03:06:45,114.101898,22.582399,0,0
28497,03:07:15,114.101898,22.582399,0,0
28497,03:08:15,114.101898,22.582399,0,0
28497,03:08:45,114.101898,22.582399,0,0
28497,03:09:45,114.101898,22.582399,0,0
28497,03:10:15,114.101898,22.582399,0,0
28497,03:10:45,114.101898,22.582399,0,0
28497,03:11:45,114.101898,22.582399,0,0
28497,03:12:15,114.101898,22.582399,0,0
28497,03:13:15,114.101898,22.582399,0,0
28497,03:15:45,114.101898,22.582399,0,0
28497,03:17:15,114.101898,22.582399,0,0
28497,03:17:45,114.101898,22.582399,0,0
28497,03:18:45,114.101898,22.582399,0,0
28497,03:19:15,114.101898,22.582399,0,0
28497,03:19:45,114.101898,22.582399,0,0
28497,03:20:45,114.101898,22.582399,0,0
28497,03:21:15,114.101898,22.582399,0,0
28497,03:21:45,114.101898,22.582399,0,0
28497,03:22:16,114.101898,22.582399,0,0
28497,03:22:46,114.101898,22.582399,0,0
28497,03:23:46,114.101898,22.582399,0,0
28497,03:24:16,114.101898,22.582399,0,0
28497,03:24:46,114.101898,22.582399,0,0
28497,03:26:16,114.101898,22.582399,0,0
28497,03:26:46,114.101898,22.582399,0,0
28497,03:27:46,114.101898,22.582399,0,0
28497,03:28:46,114.101898,22.582399,0,0
28497,03:29:16,114.101898,22.582399,0,0
28497,03:30:16,114.101898,22.582399,0,0
28497,03:30:46,114.101898,22.582399,0,0
28497,03:31:16,114.101898,22.582399,0,0
28497,03:31:46,114.101898,22.582399,0,0
28497,03:32:46,114.101898,22.582399,0,2
28497,03:33:16,114.101402,22.586201,0,5
28497,03:36:41,114.098602,22.5735,0,35
28497,03:37:11,114.0951,22.566299,0,17
28497,03:38:11,114.096298,22.5599,0,3
28497,03:42:32,114.098503,22.559999,0,0
28497,03:43:11,114.096298,22.5599,0,0
28497,03:43:32,114.094803,22.554501,0,0
28497,03:48:51,114.0998,22.5474,0,0
28497,03:48:57,114.0998,22.5474,0,0
28497,03:49:11,114.094803,22.554501,0,0
28497,03:49:27,114.101402,22.5478,0,0
28497,03:49:57,114.104897,22.5494,0,0
28497,03:54:16,114.104202,22.552999,0,17
28497,03:55:00,114.104401,22.5564,0,0
28497,03:55:10,114.104599,22.556601,0,7
28497,03:55:11,114.101402,22.5478,0,0
28497,03:55:40,114.106903,22.554001,0,16
28497,04:01:07,114.1157,22.557199,0,31
28497,04:01:37,114.121101,22.5576,0,11
28497,04:02:07,114.122299,22.556601,0,0
28497,04:05:10,114.104897,22.5494,0,0
28497,04:06:40,114.125603,22.552999,0,8
28497,04:07:10,114.122299,22.556601,0,0
28497,04:07:10,114.123497,22.5522,0,0
28497,04:07:18,114.123497,22.5522,0,0
28497,04:07:48,114.119499,22.552,0,8
28497,04:08:18,114.1194,22.555599,0,31
28497,04:12:42,114.1315,22.562,0,0
28497,04:18:11,114.1315,22.562,0,0
28497,04:18:35,114.134399,22.5655,0,5
28497,04:18:47,114.134399,22.5655,0,0
28497,04:19:47,114.1194,22.554899,0,24
28497,04:24:41,114.113602,22.5459,0,34
28497,04:25:11,114.1194,22.554899,0,0
28497,04:30:02,114.1017,22.5478,0,2
28497,04:30:11,114.113602,22.5459,0,0
28497,04:30:32,114.1008,22.547501,0,4
28497,04:31:02,114.101402,22.547701,0,0
28497,04:31:36,114.105003,22.549999,0,22
28497,04:35:21,114.103996,22.5536,0,19
28497,04:35:51,114.113197,22.558701,0,42
28497,04:36:21,114.124901,22.559,0,0
28497,04:36:51,114.133301,22.563499,0,36
28497,04:41:49,114.132004,22.562201,0,0
28497,04:49:14,114.1175,22.546499,0,4
28497,04:51:10,114.132004,22.562201,0,0
28497,04:54:08,114.119598,22.5443,0,0
28497,04:54:38,114.118698,22.5439,0,0
28497,04:55:08,114.118401,22.544001,0,0
28497,04:55:10,114.1175,22.546499,0,0
28497,04:55:22,114.118401,22.544001,0,0
28497,04:59:32,114.115196,22.544399,0,0
28497,05:01:25,114.105301,22.5509,0,22
28497,05:01:55,114.104103,22.556101,0,0
28497,05:06:51,114.105103,22.551399,0,19
28497,05:12:08,114.101402,22.5473,0,4
28497,05:12:38,114.101402,22.547701,0,0
28497,05:13:09,114.101402,22.547701,0,0
28497,05:18:57,114.121597,22.547199,0,39
28497,05:24:10,114.121597,22.547199,0,0
28497,05:25:23,114.157402,22.563999,0,0
28497,05:29:11,114.121597,22.547199,0,0
28497,05:29:45,114.161102,22.566799,0,0
28497,05:30:15,114.161903,22.566799,0,0
28497,05:30:45,114.161903,22.566799,0,0
28497,05:31:15,114.161903,22.566799,0,1
28497,05:36:33,114.156097,22.560101,0,26
28497,05:37:03,114.1418,22.5557,0,41
28497,05:37:10,114.161903,22.566799,0,0
28497,05:41:21,114.130096,22.552099,0,10
28497,05:42:01,114.126099,22.5481,0,0
28497,05:46:58,114.123497,22.5474,0,25
28497,05:53:20,114.120102,22.544399,0,0
28497,05:53:50,114.120102,22.544399,0,0
28497,05:53:59,114.120102,22.544399,0,0
28497,05:58:53,114.120003,22.5415,0,17
28497,05:59:10,114.120102,22.544399,0,0
28497,06:00:23,114.075699,22.5319,0,33
28497,06:05:04,114.067596,22.5287,0,13
28497,06:05:34,114.0625,22.5207,0,20
28497,06:06:04,114.062698,22.5189,0,0
28497,06:06:34,114.055702,22.514099,0,0
28497,06:11:10,114.048698,22.5109,0,8
28497,06:11:40,114.0476,22.5123,0,22
28497,06:11:59,114.053596,22.513399,0,2
28497,06:12:10,114.0625,22.5207,0,0
28497,06:12:29,114.060204,22.516899,0,37
28497,06:16:50,114.063004,22.5191,0,0
28497,06:17:20,114.063202,22.526899,0,26
28497,06:17:50,114.068001,22.5291,0,26
28497,06:18:20,114.068398,22.523701,0,0
28497,06:22:39,114.068199,22.533501,0,45
28497,06:23:39,114.068001,22.550501,0,0
28497,06:28:30,114.084,22.562099,0,45
28497,06:29:00,114.099899,22.5702,0,37
28497,06:33:50,114.101799,22.582399,0,0
28497,06:34:20,114.101799,22.582399,0,0
28497,06:34:50,114.101799,22.582399,0,0
28497,06:35:50,114.101799,22.582399,0,0
28497,06:36:20,114.101799,22.582399,0,0
28497,06:37:20,114.101799,22.582399,0,0
28497,06:37:50,114.101799,22.582399,0,0
28497,06:38:20,114.101799,22.582399,0,0
28497,06:38:50,114.101799,22.582399,0,0
28497,06:39:20,114.101799,22.582399,0,0
28497,06:40:20,114.101799,22.582399,0,0
28497,06:40:50,114.101799,22.582399,0,0
28497,06:41:20,114.101799,22.582399,0,0
28497,06:42:20,114.101799,22.582399,0,0
28497,06:42:50,114.101799,22.582399,0,0
28497,06:43:20,114.101799,22.582399,0,0
28497,06:43:51,114.101799,22.582399,0,0
28497,06:44:21,114.101799,22.582399,0,0
28497,06:45:21,114.101799,22.582399,0,0
28497,06:46:21,114.101799,22.582399,0,0
28497,06:46:51,114.101799,22.582399,0,0
28497,06:47:21,114.101799,22.582399,0,0
28497,06:47:51,114.101799,22.582399,0,0
28497,06:48:21,114.101799,22.582399,0,0
28497,06:48:51,114.101799,22.582399,0,0
28497,06:49:51,114.101799,22.582399,0,0
28497,06:50:21,114.101799,22.582399,0,0
28497,06:50:51,114.101799,22.582399,0,0
28497,06:52:21,114.101799,22.582399,0,0
28497,06:52:51,114.101799,22.5825,0,0
28497,06:53:21,114.101799,22.5825,0,0
28497,06:53:51,114.101799,22.5825,0,0
28497,06:54:21,114.101799,22.5825,0,0
28497,06:54:51,114.101799,22.5825,0,0
28497,06:55:22,114.101501,22.5825,0,0
28497,06:56:21,114.101601,22.5825,0,0
28497,06:58:21,114.101601,22.5825,0,0
28497,06:58:51,114.101601,22.5825,0,0
28497,06:59:21,114.101601,22.5825,0,0
28497,06:59:51,114.101601,22.5825,0,0
28497,07:00:21,114.101601,22.5825,0,0
28497,07:01:21,114.101601,22.5825,0,0
28497,07:01:51,114.101601,22.5825,0,0
28497,07:02:21,114.101601,22.5825,0,0
28497,07:04:21,114.101601,22.5823,0,0
28497,07:05:52,114.101601,22.5823,0,0
28497,07:06:22,114.101601,22.5823,0,0
28497,07:06:52,114.101601,22.5823,0,0
28497,07:07:22,114.101601,22.5823,0,0
28497,07:07:52,114.101601,22.5823,0,0
28497,07:09:22,114.101601,22.5823,0,0
28497,07:09:52,114.101601,22.5823,0,0
28497,07:11:53,114.101601,22.5823,0,0
28497,07:12:23,114.1017,22.5825,0,7
28497,07:12:53,114.1017,22.5825,0,0
28497,07:13:23,114.1017,22.5825,0,0
28497,07:14:23,114.101097,22.5849,0,25
28497,07:14:53,114.107697,22.5919,0,11
28497,07:15:23,114.111801,22.599899,0,13
28497,07:19:17,114.114197,22.5998,0,14
28497,07:20:17,114.133598,22.617001,0,31
28497,07:25:11,114.141197,22.622299,0,27
28497,07:26:11,114.153397,22.623699,0,8
28497,07:26:41,114.1558,22.621099,0,30
28497,07:32:10,114.1558,22.621099,0,0
28497,07:32:37,114.158501,22.6092,0,15
28497,07:36:58,114.148201,22.608999,0,23
28497,07:37:28,114.144699,22.609301,0,15
28497,07:38:37,114.149002,22.608601,0,14
28497,07:43:57,114.158096,22.5991,0,25
28497,07:44:11,114.149002,22.608601,0,0
28497,07:44:27,114.150803,22.593,0,26
28497,07:49:17,114.140099,22.5788,0,11
28497,07:50:10,114.150803,22.593,0,0
28497,07:54:36,114.136803,22.567699,0,0
28497,07:55:06,114.138802,22.5641,0,11
28497,07:55:36,114.137001,22.561399,0,11
28497,07:56:06,114.135101,22.558701,0,16
28497,08:00:22,114.134499,22.557699,0,0
28497,08:00:52,114.134499,22.557699,0,0
28497,08:01:22,114.134201,22.557301,0,0
28497,08:01:52,114.129204,22.555599,0,18
28497,08:06:41,114.125298,22.559,0,0
28497,08:07:11,114.129204,22.555599,0,0
28497,08:07:41,114.1194,22.5548,0,17
28497,08:12:02,114.117599,22.552099,0,7
28497,08:12:32,114.115601,22.5532,0,0
28497,08:13:02,114.114304,22.552799,0,12
28497,08:13:32,114.113197,22.549801,0,5
28497,08:13:38,114.112701,22.5495,0,0
28497,08:17:38,114.110199,22.547501,0,5
28497,08:18:08,114.110397,22.5417,0,11
28497,08:18:38,114.1091,22.5378,0,8
28497,08:19:08,114.103302,22.5382,0,15
28497,08:23:58,114.0839,22.5403,0,12
28497,08:24:23,114.103302,22.5382,0,0
28497,08:24:28,114.078102,22.5403,0,20
28497,08:24:58,114.074402,22.5396,0,0
28497,08:25:03,114.074203,22.5396,0,6
28497,08:29:28,114.067802,22.5387,0,35
28497,08:29:58,114.059502,22.5376,0,26
28497,08:30:11,114.074203,22.5396,0,0
28497,08:30:28,114.061302,22.5376,0,16
28497,08:35:23,114.0634,22.534,0,0
28497,08:35:53,114.063499,22.5348,0,0
28497,08:36:14,114.063499,22.5348,0,0
28497,08:36:44,114.063301,22.534901,0,0
28497,08:41:33,114.065201,22.537901,0,16
28497,08:42:03,114.068001,22.528999,0,28
28497,08:42:14,114.063301,22.534901,0,0
28497,08:46:52,114.0681,22.521799,0,0
28497,08:47:16,114.068001,22.528999,0,0
28497,08:47:22,114.066299,22.5242,0,11
28497,08:47:52,114.067902,22.5238,0,4
28497,08:52:39,114.068398,22.5315,0,25
28497,08:53:09,114.066597,22.5319,0,24
28497,08:53:39,114.058197,22.531799,0,36
28497,08:54:09,114.044296,22.531401,0,29
28497,08:58:59,114.018898,22.5319,0,21
28497,08:59:12,114.044296,22.531401,0,0
28497,08:59:29,114.007202,22.5298,0,28
28497,08:59:59,113.997597,22.529499,0,0
28497,09:04:18,113.995903,22.5289,0,0
28497,09:04:48,113.989098,22.5271,0,29
28497,09:06:14,113.9888,22.5292,0,23
28497,09:06:39,113.992897,22.530899,0,0
28497,09:07:09,113.992996,22.5338,0,33
28497,09:10:09,113.989899,22.5359,0,8
28497,09:10:54,113.986801,22.540001,0,0
28497,09:11:54,113.990799,22.5418,0,14
28497,09:11:57,113.991402,22.541901,0,0
28497,09:15:09,113.9916,22.541599,0,7
28497,09:15:42,113.992203,22.538099,0,22
28497,09:16:04,113.992699,22.534,0,10
28497,09:16:34,113.988899,22.5301,0,2
28497,09:17:04,113.977997,22.528299,0,10
28497,09:17:11,113.986801,22.540001,0,0
28497,09:20:51,113.9823,22.5282,0,0
28497,09:21:21,113.986504,22.5296,0,20
28497,09:22:21,113.992798,22.5361,0,28
28497,09:26:43,113.991402,22.5432,0,7
28497,09:27:13,113.987396,22.5415,0,6
28497,09:27:43,113.9823,22.545799,0,18
28497,09:28:08,113.9776,22.5459,0,0
28497,09:31:32,113.9786,22.544701,0,20
28497,09:31:35,113.978897,22.5439,0,22
28497,09:32:56,113.978699,22.539801,0,0
28497,09:33:26,113.986397,22.5387,0,19
28497,09:33:56,113.987297,22.5415,0,8
28497,09:34:26,113.992104,22.538799,0,30
28497,09:38:51,113.993202,22.5317,0,10
28497,09:39:21,113.993797,22.5277,0,27
28497,09:39:51,113.9963,22.5284,0,18
28497,09:40:21,114.010002,22.529699,0,37
28497,09:44:40,114.016899,22.5313,0,11
28497,09:45:10,114.029099,22.5303,0,15
28497,09:46:10,114.036797,22.530399,0,13
28497,09:50:30,114.042297,22.531,0,21
28497,09:51:00,114.050499,22.5313,0,5
28497,09:51:13,114.036797,22.530399,0,0
28497,09:51:16,114.052902,22.531401,0,0
28497,09:54:06,114.052902,22.531401,0,3
28497,09:54:09,114.0532,22.5354,0,9
28497,09:54:39,114.051598,22.5354,0,0
28497,09:56:03,114.049896,22.5352,0,0
28497,09:56:27,114.050301,22.5352,0,9
28497,09:56:27,114.050301,22.5352,0,10
28497,09:56:57,114.053101,22.535299,0,28
28497,09:57:27,114.057297,22.5354,0,0
28497,10:01:45,114.059097,22.528099,0,6
28497,10:02:15,114.0597,22.525499,0,11
28497,10:08:05,114.056,22.514299,0,0
28497,10:08:13,114.055199,22.5145,0,0
28497,10:08:13,114.050301,22.5352,0,0
28497,10:09:45,114.055199,22.5145,0,8
28497,10:10:03,114.055199,22.518299,0,9
28497,10:10:33,114.061798,22.5217,0,24
28497,10:13:48,114.063202,22.526199,0,0
28497,10:14:49,114.072502,22.5317,0,39
28497,10:19:34,114.101501,22.538099,0,38
28497,10:20:12,114.072502,22.5317,0,0
28497,10:20:34,114.113701,22.5383,0,24
28497,10:24:35,114.118202,22.540001,0,15
28497,10:25:06,114.119202,22.5404,0,0
28497,10:25:14,114.101501,22.538099,0,0
28497,10:25:36,114.120903,22.5413,0,17
28497,10:31:14,114.120903,22.5413,0,0
28497,10:32:37,114.114098,22.534599,0,2
28497,10:32:47,114.114197,22.5347,0,0
28497,10:32:59,114.114197,22.534201,0,0
28497,10:33:52,114.1147,22.533899,0,5
28497,10:34:07,114.114502,22.5338,0,4
28497,10:34:17,114.114197,22.535601,0,0
28497,10:37:03,114.113899,22.534599,0,0
28497,10:42:00,114.1138,22.534401,0,0
28497,10:42:06,114.113602,22.5345,0,0
28497,10:42:11,114.113899,22.534599,0,0
28497,10:43:03,114.114899,22.534901,0,11
28497,10:43:17,114.117699,22.5371,0,29
28497,10:44:17,114.098801,22.5383,0,40
28497,10:47:56,114.083298,22.5375,0,26
28497,10:48:26,114.073898,22.5319,0,33
28497,10:48:56,114.067497,22.532,0,11
28497,10:49:26,114.066002,22.5242,0,20
28497,10:49:34,114.068398,22.5238,0,1
28497,10:54:24,114.067703,22.524099,0,0
28497,10:54:54,114.068001,22.524099,0,0
28497,10:55:11,114.068398,22.5238,0,0
28497,10:55:24,114.068199,22.524,0,0
28497,10:59:41,114.068199,22.523899,0,0
28497,11:00:11,114.068001,22.523899,0,2
28497,11:01:05,114.067802,22.524,0,8
28497,11:05:22,114.068199,22.532801,0,33
28497,11:06:22,114.0681,22.549,0,29
28497,11:11:12,114.079002,22.5516,0,14
28497,11:11:42,114.081497,22.551701,0,0
28497,11:12:12,114.084,22.550699,0,10
28497,11:13:00,114.081703,22.5492,0,5
28497,11:17:21,114.076797,22.549101,0,0
28497,11:17:51,114.070702,22.5511,0,22
28497,11:18:12,114.081703,22.5492,0,0
28497,11:18:21,114.068199,22.5511,0,0
28497,11:18:51,114.066299,22.551201,0,32
28497,11:23:39,114.067398,22.558001,0,0
28497,11:24:09,114.068199,22.5581,0,25
28497,11:24:12,114.066299,22.551201,0,0
28497,11:24:39,114.0802,22.5581,0,18
28497,11:28:40,114.080498,22.5578,0,0
28497,11:29:10,114.076698,22.552601,0,8
28497,11:29:40,114.075401,22.547199,0,25
28497,11:30:10,114.068703,22.5478,0,0
28497,11:35:11,114.068703,22.5478,0,0
28497,11:35:16,114.0597,22.5455,0,4
28497,11:35:46,114.058296,22.5455,0,0
28497,11:38:11,114.080498,22.5578,0,0
28497,11:39:45,114.055496,22.545401,0,16
28497,11:40:15,114.051102,22.5411,0,33
28497,11:41:09,114.0494,22.541,0,4
28497,11:45:23,114.0578,22.542601,0,39
28497,11:45:53,114.0737,22.5429,0,26
28497,11:46:17,114.074501,22.542101,0,0
28497,11:46:47,114.0765,22.5401,0,19
28497,11:47:17,114.077698,22.536699,0,10
28497,11:51:40,114.0756,22.5338,0,0
28497,11:51:41,114.0756,22.5338,0,0
28497,11:53:24,114.0774,22.536699,0,5
28497,11:53:54,114.077698,22.539801,0,0
28497,11:58:23,114.090698,22.543301,0,0
28497,11:59:12,114.077698,22.539801,0,0
28497,12:03:16,114.099297,22.543501,0,0
28497,12:04:12,114.090698,22.543301,0,0
28497,12:06:30,114.101196,22.5473,0,0
28497,12:06:34,114.101601,22.548,0,14
28497,12:07:04,114.104103,22.549299,0,0
28497,12:09:42,114.101402,22.5473,0,5
28497,12:10:28,114.101196,22.5471,0,0
28497,12:15:18,114.105003,22.5494,0,9
28497,12:15:48,114.104797,22.552099,0,2
28497,12:16:12,114.101196,22.5471,0,0
28497,12:16:18,114.104103,22.5569,0,11
28497,12:21:08,114.106201,22.562201,0,0
28497,12:21:27,114.1063,22.562201,0,5
28497,12:21:57,114.107498,22.566799,0,12
28497,12:22:12,114.104103,22.5569,0,0
28497,12:22:27,114.107903,22.571301,0,13
28497,12:23:14,114.101196,22.5471,0,0
28497,12:27:58,114.107903,22.571501,0,20
28497,12:28:12,114.107903,22.571301,0,0
28497,12:28:35,114.095596,22.568701,0,40
28497,12:29:05,114.084702,22.5704,0,37
28497,12:29:13,114.107903,22.571301,0,0
28497,12:33:14,114.058701,22.566601,0,38
28497,12:33:44,114.040901,22.5637,0,42
28497,12:34:12,114.084702,22.5704,0,0
28497,12:34:14,114.023499,22.5606,0,33
28497,12:38:36,114.014099,22.564699,0,36
28497,12:39:36,114.011497,22.569799,0,0
28497,12:41:40,114.010399,22.5902,0,32
28497,12:42:08,114.001099,22.591,0,40
28497,12:44:28,113.984398,22.5863,0,44
28497,12:45:07,113.966103,22.5777,0,0
28497,12:50:11,113.966103,22.5777,0,0
28497,12:50:23,113.9496,22.5786,0,23
28497,12:51:23,113.954498,22.5931,0,29
28497,12:51:53,113.958,22.5961,0,0
28497,12:56:12,113.961998,22.5975,0,0
28497,12:56:50,113.960098,22.597601,0,0
28497,12:57:50,113.959297,22.592501,0,0
28497,13:02:49,113.962097,22.5853,0,24
28497,13:03:12,113.959297,22.592501,0,0
28497,13:03:19,113.966103,22.5851,0,15
28497,13:03:26,113.9664,22.5851,0,0
28497,13:03:56,113.9776,22.587099,0,29
28497,13:08:16,113.983498,22.583799,0,0
28497,13:08:46,113.983498,22.583799,0,0
28497,13:10:23,113.983498,22.583799,0,26
28497,13:14:38,114.025002,22.5222,0,56
28497,13:15:08,114.046898,22.513201,0,56
28497,13:15:38,114.058296,22.5159,0,0
28497,13:16:12,113.983498,22.583799,0,0
28497,13:19:58,114.064598,22.5221,0,20
28497,13:20:28,114.070297,22.5315,0,9
28497,13:20:58,114.079102,22.5347,0,19
28497,13:21:12,114.058296,22.5159,0,0
28497,13:21:28,114.090302,22.537901,0,33
28497,13:25:52,114.103798,22.5378,0,22
28497,13:27:22,114.112,22.542101,0,20
28497,13:33:11,114.112,22.542101,0,0
28497,13:33:13,114.115501,22.5443,0,0
28497,13:37:30,114.115501,22.5443,0,0
28497,13:37:33,114.115303,22.5443,0,10
28497,13:38:03,114.116096,22.5418,0,0
28497,13:39:03,114.102501,22.5383,0,24
28497,13:43:11,114.116096,22.5418,0,0
28497,13:43:56,114.0783,22.534,0,25
28497,13:44:12,114.102501,22.5383,0,0
28497,13:44:26,114.07,22.531799,0,32
28497,13:48:49,114.045998,22.532,0,22
28497,13:49:11,114.115303,22.5443,0,0
28497,13:49:49,114.0466,22.5408,0,2
28497,13:50:19,114.044403,22.541901,0,32
28497,13:54:42,114.044296,22.5499,0,0
28497,13:56:12,114.035698,22.5522,0,0
28497,14:01:13,114.035698,22.5522,0,0
28497,14:01:30,114.032402,22.5543,0,29
28497,14:06:19,114.025497,22.561701,0,8
28497,14:06:49,114.013802,22.560101,0,36
28497,14:07:19,114.003899,22.5562,0,25
28497,14:07:49,113.988297,22.559299,0,3
28497,14:11:59,113.987701,22.560499,0,0
28497,14:13:29,113.987701,22.560499,0,0
28497,14:14:42,113.987701,22.560499,0,0
28497,14:15:12,113.987701,22.560499,0,0
28497,14:15:42,113.987701,22.560499,0,0
28497,14:16:12,113.987701,22.560499,0,0
28497,14:17:04,113.987701,22.560499,0,0
28497,14:18:04,113.987602,22.560499,0,0
28497,14:18:34,113.987602,22.560499,0,0
28497,14:19:33,113.987602,22.560499,0,0
28497,14:21:33,113.987602,22.560499,0,0
28497,14:22:03,113.987602,22.560499,0,0
28497,14:22:33,113.987602,22.560499,0,0
28497,14:24:12,113.987602,22.560499,0,0
28497,14:24:42,113.987602,22.560499,0,0
28497,14:25:12,113.987602,22.560499,0,0
28497,14:27:42,113.987602,22.560499,0,0
28497,14:29:42,113.987602,22.560499,0,0
28497,14:30:12,113.987602,22.560499,0,0
28497,14:30:42,113.987602,22.560499,0,0
28497,14:31:12,113.987602,22.560499,0,0
28497,14:33:12,113.987602,22.560499,0,0
28497,14:33:42,113.987602,22.560499,0,0
28497,14:34:12,113.987602,22.560499,0,0
28497,14:34:42,113.987602,22.560499,0,0
28497,14:35:42,113.987602,22.560499,0,0
28497,14:36:12,113.987602,22.560499,0,0
28497,14:36:42,113.987602,22.560499,0,0
28497,14:37:42,113.987602,22.560499,0,0
28497,14:38:12,113.987602,22.560499,0,0
28497,14:38:42,113.987602,22.560499,0,0
28497,14:39:12,113.987602,22.560499,0,0
28497,14:40:01,113.987297,22.5609,0,0
28497,14:40:31,113.987297,22.5609,0,0
28497,14:41:31,113.987297,22.5609,0,0
28497,14:47:00,113.987297,22.5609,0,0
28497,14:47:11,113.987297,22.5609,0,0
28497,14:47:30,113.987297,22.5609,0,0
28497,14:51:50,113.987297,22.5609,0,0
28497,14:52:20,113.987297,22.5609,0,0
28497,14:52:50,113.987297,22.5609,0,0
28497,14:53:20,113.987297,22.5609,0,0
28497,14:53:51,113.987297,22.5609,0,0
28497,14:54:51,113.987297,22.5609,0,0
28497,14:55:51,113.987297,22.5609,0,0
28497,14:56:51,113.987297,22.5609,0,0
28497,14:57:21,113.987297,22.5609,0,0
28497,14:57:51,113.987297,22.5609,0,0
28497,14:59:21,113.987297,22.5609,0,0
28497,14:59:51,113.987297,22.5609,0,0
28497,15:00:51,113.987297,22.5609,0,0
28497,15:01:21,113.987297,22.5609,0,0
28497,15:02:21,113.987297,22.5609,0,0
28497,15:02:51,113.987297,22.5609,0,0
28497,15:03:21,113.987297,22.5609,0,0
28497,15:03:51,113.987297,22.5609,0,0
28497,15:04:51,113.987297,22.5609,0,0
28497,15:05:21,113.987297,22.5609,0,0
28497,15:06:51,113.987297,22.5609,0,0
28497,15:07:21,113.987297,22.5609,0,0
28497,15:08:51,113.987297,22.5609,0,0
28497,15:10:16,113.987297,22.5609,0,0
28497,15:10:46,113.987297,22.5609,0,0
28497,15:11:46,113.987297,22.5609,0,0
28497,15:12:20,113.987503,22.560499,0,8
28497,15:12:50,113.987602,22.560499,0,0
28497,15:13:20,113.987602,22.560499,0,0
28497,15:15:13,113.987602,22.560499,0,0
28497,15:15:43,113.987602,22.560499,0,0
28497,15:16:13,113.987602,22.560499,0,0
28497,15:16:43,113.987602,22.560499,0,0
28497,15:17:13,113.987602,22.560499,0,0
28497,15:17:43,113.987602,22.560499,0,0
28497,15:19:43,113.987602,22.560499,0,0
28497,15:22:43,113.987602,22.560499,0,0
28497,15:23:13,113.987602,22.560499,0,0
28497,15:24:13,113.987602,22.560499,0,0
28497,15:29:13,113.987602,22.560499,0,0
28497,15:29:43,113.987602,22.560499,0,0
28497,15:31:13,113.987602,22.560499,0,0
28497,15:31:43,113.987602,22.560499,0,0
28497,15:32:43,113.987602,22.560499,0,0
28497,15:34:13,113.987602,22.560499,0,0
28497,15:34:43,113.987602,22.560499,0,0
28497,15:35:13,113.987602,22.560499,0,0
28497,15:35:43,113.987602,22.560499,0,0
28497,15:36:43,113.987602,22.560499,0,0
28497,15:37:13,113.987602,22.560499,0,0
28497,15:38:13,113.987602,22.560499,0,0
28497,15:38:43,113.987602,22.560499,0,0
28497,15:39:14,113.987602,22.560499,0,0
28497,15:39:44,113.987602,22.560499,0,0
28497,15:40:44,113.987602,22.560499,0,0
28497,15:43:14,113.987602,22.560499,0,0
28497,15:44:14,113.987602,22.560499,0,0
28497,15:45:19,113.987602,22.560499,0,0
28497,15:45:49,113.987602,22.560499,0,0
28497,15:46:19,113.987602,22.560499,0,0
28497,15:47:19,113.987602,22.560499,0,0
28497,15:49:19,113.987602,22.560499,0,0
28497,15:51:20,113.987602,22.560499,0,0
28497,15:52:20,113.987602,22.560499,0,0
28497,15:54:50,113.987602,22.560499,0,0
28497,15:55:20,113.987602,22.560499,0,0
28497,15:56:50,113.987602,22.560499,0,0
28497,15:59:50,113.987602,22.560499,0,0
28497,16:00:20,113.987602,22.560499,0,0
28497,16:00:50,113.987602,22.560499,0,0
28497,16:01:51,113.987602,22.560499,0,0
28497,16:02:51,113.987602,22.560499,0,0
28497,16:03:51,113.987602,22.560499,0,0
28497,16:04:51,113.987602,22.560499,0,0
28497,16:05:21,113.987602,22.560499,0,0
28497,16:05:51,113.987602,22.560499,0,0
28497,16:07:21,113.987602,22.560499,0,0
28497,16:08:51,113.987602,22.560499,0,0
28497,16:09:21,113.987602,22.560499,0,0
28497,16:10:21,113.987602,22.560499,0,0
28497,16:10:51,113.987602,22.560499,0,0
28497,16:11:51,113.987602,22.560499,0,0
28497,16:12:21,113.987602,22.560499,0,0
28497,16:13:21,113.987602,22.560499,0,0
28497,16:13:51,113.987602,22.560499,0,0
28497,16:14:21,113.987602,22.560499,0,0
28497,16:14:51,113.987602,22.560499,0,0
28497,16:15:21,113.987602,22.560499,0,0
28497,16:15:51,113.987602,22.560499,0,0
28497,16:16:51,113.987602,22.560499,0,0
28497,16:19:31,113.987701,22.559401,0,15
28497,16:20:01,113.978996,22.5618,0,2
28497,16:20:31,113.982903,22.5543,0,4
28497,16:24:52,113.980103,22.5506,0,0
28497,16:25:22,113.985802,22.5455,0,0
28497,16:26:22,113.995903,22.545401,0,39
28497,16:30:25,114.006401,22.549101,0,0
28497,16:30:55,114.005699,22.548901,0,14
28497,16:31:18,114.002502,22.5471,0,0
28497,16:31:48,113.996101,22.5457,0,25
28497,16:37:10,114.0065,22.549101,0,0
28497,16:37:11,113.996101,22.5457,0,0
28497,16:37:40,114.007202,22.549801,0,0
28497,16:37:49,114.007301,22.5499,0,0
28497,16:42:21,114.009003,22.552401,0,11
28497,16:42:51,114.012001,22.5553,0,7
28497,16:43:12,114.007301,22.5499,0,0
28497,16:43:21,114.015198,22.555401,0,12
28497,16:48:10,114.028999,22.561199,0,30
28497,16:49:11,114.015198,22.555401,0,0
28497,16:51:11,114.007301,22.5499,0,0
28497,16:51:19,114.029999,22.562201,0,22
28497,16:54:19,114.0298,22.566401,0,16
28497,16:54:49,114.032997,22.5667,0,8
28497,16:55:19,114.037399,22.5658,0,26
28497,17:00:14,114.0392,22.5651,0,27
28497,17:00:44,114.044998,22.564699,0,26
28497,17:01:11,114.037399,22.5658,0,0
28497,17:01:14,114.048302,22.565001,0,7
28497,17:01:35,114.049698,22.564899,0,0
28497,17:06:00,114.052498,22.5648,0,8
28497,17:06:30,114.055901,22.5653,0,4
28497,17:07:00,114.059601,22.567101,0,26
28497,17:07:12,114.049698,22.564899,0,0
28497,17:12:11,114.059601,22.567101,0,0
28497,17:12:18,114.081497,22.5721,0,12
28497,17:12:48,114.085602,22.5686,0,25
28497,17:13:18,114.0895,22.561199,0,0
28497,17:17:36,114.090599,22.559099,0,0
28497,17:23:11,114.090599,22.559099,0,0
28497,17:23:24,114.1045,22.558599,0,5
28497,17:23:54,114.1157,22.5588,0,27
28497,17:29:12,114.1157,22.5588,0,0
28497,17:29:46,114.119102,22.554399,0,0
28497,17:30:46,114.119499,22.5609,0,16
28497,17:35:10,114.118103,22.566601,0,14
28497,17:35:40,114.117897,22.572901,0,0
28497,17:36:10,114.115501,22.579201,0,9
28497,17:36:11,114.119499,22.5609,0,0
28497,17:36:40,114.114197,22.583099,0,0
28497,17:42:02,114.114799,22.6015,0,24
28497,17:42:11,114.114197,22.583099,0,0
28497,17:42:11,114.116203,22.603399,0,0
28497,17:42:32,114.116203,22.603399,0,0
28497,17:42:35,114.116203,22.603399,0,0
28497,17:46:52,114.115799,22.604099,0,0
28497,17:46:59,114.115799,22.604099,0,0
28497,17:48:22,114.116402,22.603399,0,0
28497,17:48:52,114.117203,22.6045,0,0
28497,17:49:22,114.116798,22.6045,0,23
28497,17:52:41,114.112099,22.5982,0,31
28497,17:53:41,114.113297,22.585699,0,13
28497,17:53:55,114.112701,22.585501,0,0
28497,17:54:25,114.111397,22.587601,0,14
28497,17:59:38,114.113098,22.6029,0,20
28497,18:00:08,114.113403,22.6038,0,0
28497,18:00:11,114.111397,22.587601,0,0
28497,18:04:28,114.112503,22.6077,0,5
28497,18:04:58,114.112503,22.609301,0,0
28497,18:05:11,114.113403,22.6038,0,0
28497,18:05:27,114.112602,22.6084,0,0
28497,18:10:48,114.112198,22.601,0,6
28497,18:11:12,114.112602,22.6084,0,0
28497,18:11:18,114.117401,22.600201,0,6
28497,18:17:26,114.113197,22.604401,0,0
28497,18:22:07,114.113297,22.6033,0,21
28497,18:23:11,114.113197,22.604401,0,0
28497,18:23:37,114.116898,22.600201,0,0
28497,18:27:12,114.113297,22.6033,0,0
28497,18:28:04,114.115898,22.601801,0,0
28497,18:28:34,114.1166,22.603701,0,21
28497,18:29:00,114.117996,22.605301,0,11
28497,18:29:12,114.116898,22.600201,0,0
28497,18:33:54,114.122498,22.615801,0,30
28497,18:34:12,114.117996,22.605301,0,0
28497,18:34:54,114.121201,22.625401,0,0
28497,18:35:24,114.126503,22.6264,0,19
28497,18:40:43,114.130402,22.6287,0,27
28497,18:41:11,114.126503,22.6264,0,0
28497,18:45:32,114.1371,22.621599,0,0
28497,18:46:02,114.1371,22.621599,0,0
28497,18:46:12,114.130402,22.6287,0,0
28497,18:46:32,114.145302,22.622499,0,0
28497,18:51:53,114.155701,22.617901,0,0
28497,18:52:11,114.145302,22.622499,0,0
28497,18:52:23,114.156502,22.616301,0,0
28497,18:52:53,114.1576,22.613899,0,13
28497,18:57:14,114.159103,22.610201,0,6
28497,18:57:44,114.157997,22.612499,0,11
28497,18:58:05,114.1577,22.6131,0,7
28497,18:58:11,114.1576,22.613899,0,0
28497,18:58:35,114.156998,22.6092,0,35
28497,19:02:53,114.150101,22.6082,0,13
28497,19:03:53,114.139603,22.6092,0,15
28497,19:09:13,114.139603,22.6092,0,0
28497,19:09:43,114.134804,22.616899,0,0
28497,19:10:15,114.132896,22.6166,0,0
28497,19:14:38,114.124603,22.6143,0,38
28497,19:15:08,114.116501,22.621201,0,0
28497,19:15:38,114.114304,22.6215,0,21
28497,19:16:08,114.1073,22.6231,0,8
28497,19:20:58,114.104897,22.624599,0,2
28497,19:21:11,114.1073,22.6231,0,0
28497,19:21:58,114.101799,22.627001,0,2
28497,19:26:24,114.103401,22.623301,0,23
28497,19:26:54,114.105202,22.6192,0,17
28497,19:27:11,114.101799,22.627001,0,0
28497,19:27:53,114.107399,22.612301,0,0
28497,19:32:47,114.102699,22.608801,0,13
28497,19:33:11,114.107399,22.612301,0,0
28497,19:33:17,114.102097,22.6085,0,1
28497,19:33:47,114.100098,22.6075,0,15
28497,19:38:07,114.098198,22.601101,0,34
28497,19:38:17,114.098297,22.596399,0,0
28497,19:39:11,114.100098,22.6075,0,0
28497,19:39:36,114.098297,22.596399,0,33
28497,19:40:17,114.098999,22.571899,0,29
28497,19:40:47,114.087898,22.5667,0,18
28497,19:43:59,114.079002,22.5553,0,37
28497,19:44:59,114.075996,22.5487,0,12
28497,19:49:48,114.077599,22.5431,0,19
28497,19:50:12,114.075996,22.5487,0,0
28497,19:50:18,114.079102,22.5406,0,9
28497,19:56:11,114.079102,22.5406,0,0
28497,19:56:12,114.0681,22.5469,0,13
28497,20:01:06,114.068001,22.5497,0,12
28497,20:02:36,114.068001,22.554701,0,19
28497,20:06:50,114.0718,22.5581,0,33
28497,20:07:20,114.087097,22.5583,0,14
28497,20:13:03,114.088097,22.5627,0,0
28497,20:14:03,114.088097,22.5627,0,0
28497,20:14:33,114.088097,22.5627,0,0
28497,20:16:07,114.088097,22.5627,0,0
28497,20:17:07,114.088097,22.5627,0,0
28497,20:18:07,114.088097,22.5627,0,0
28497,20:18:37,114.088097,22.5627,0,0
28497,20:19:07,114.088097,22.5627,0,0
28497,20:20:37,114.088097,22.5627,0,0
28497,20:22:07,114.088097,22.5627,0,0
28497,20:22:37,114.088097,22.5627,0,0
28497,20:23:07,114.088097,22.5627,0,0
28497,20:24:07,114.088097,22.5627,0,0
28497,20:25:07,114.088097,22.5627,0,0
28497,20:25:37,114.088097,22.5627,0,0
28497,20:26:37,114.088097,22.5627,0,0
28497,20:29:37,114.088097,22.5627,0,0
28497,20:30:07,114.088097,22.5627,0,0
28497,20:30:37,114.088097,22.5627,0,0
28497,20:31:07,114.088097,22.5627,0,0
28497,20:31:37,114.088097,22.5627,0,0
28497,20:32:07,114.088097,22.5627,0,0
28497,20:32:37,114.088097,22.5627,0,0
28497,20:33:07,114.088097,22.5627,0,0
28497,20:34:07,114.088097,22.5627,0,0
28497,20:34:37,114.088097,22.5627,0,0
28497,20:35:07,114.088097,22.5627,0,0
28497,20:35:37,114.088097,22.5627,0,0
28497,20:36:07,114.088097,22.5627,0,0
28497,20:36:37,114.088097,22.5627,0,0
28497,20:37:07,114.088097,22.5627,0,0
28497,20:38:07,114.088097,22.5627,0,0
28497,20:38:37,114.088097,22.5627,0,0
28497,20:39:37,114.088097,22.5627,0,0
28497,20:40:07,114.088097,22.5627,0,0
28497,20:40:37,114.088097,22.5627,0,0
28497,20:42:37,114.088097,22.5627,0,0
28497,20:43:07,114.088097,22.5627,0,0
28497,20:45:08,114.088097,22.5627,0,0
28497,20:45:38,114.088097,22.5627,0,0
28497,20:47:08,114.088097,22.5627,0,0
28497,20:47:38,114.088097,22.5627,0,0
28497,20:48:08,114.088097,22.5627,0,0
28497,20:49:08,114.088097,22.5627,0,0
28497,20:49:38,114.088097,22.5627,0,0
28497,20:51:08,114.088097,22.5627,0,0
28497,20:51:38,114.088097,22.5627,0,0
28497,20:54:08,114.088097,22.5627,0,0
28497,20:55:08,114.088097,22.5627,0,0
28497,20:56:38,114.088097,22.5627,0,0
28497,20:57:38,114.088203,22.562599,0,0
28497,20:59:08,114.092201,22.561501,0,18
28497,21:02:38,114.088097,22.5627,0,0
28497,21:02:40,114.094704,22.559799,0,0
28497,21:03:03,114.094704,22.559601,0,5
28497,21:03:33,114.0896,22.561001,0,9
28497,21:04:03,114.085503,22.569401,0,21
28497,21:07:36,114.070801,22.5695,0,42
28497,21:08:06,114.052498,22.564899,0,40
28497,21:09:06,114.016197,22.560301,0,42
28497,21:13:42,113.999603,22.555901,0,40
28497,21:14:12,113.983597,22.5585,0,39
28497,21:14:12,114.016197,22.560301,0,0
28497,21:15:12,113.946198,22.5555,0,39
28497,21:19:36,113.929001,22.555201,0,43
28497,21:20:06,113.911201,22.5527,0,46
28497,21:20:12,113.946198,22.5555,0,0
28497,21:20:36,113.902,22.5471,0,30
28497,21:21:06,113.8899,22.558701,0,37
28497,21:25:29,113.887199,22.5613,0,0
28497,21:25:59,113.883797,22.564501,0,6
28497,21:26:11,113.8899,22.558701,0,0
28497,21:26:29,113.877403,22.570101,0,35
28497,21:26:59,113.875603,22.5718,0,0
28497,21:31:47,113.8638,22.580601,0,0
28497,21:32:11,113.875603,22.5718,0,0
28497,21:32:17,113.8638,22.580601,0,0
28497,21:32:47,113.859001,22.584801,0,20
28497,21:37:05,113.847603,22.5938,0,37
28497,21:37:35,113.842697,22.6028,0,36
28497,21:38:05,113.840698,22.606899,0,0
28497,21:38:35,113.838097,22.6122,0,0
28497,21:43:11,113.840698,22.606899,0,0
28497,21:43:25,113.831497,22.630199,0,0
28497,21:43:55,113.829597,22.6332,0,26
28497,21:44:25,113.829498,22.635,0,0
28497,21:49:21,113.828598,22.635799,0,5
28497,21:50:21,113.822403,22.642401,0,0
28497,21:50:51,113.822304,22.642,0,0
28497,21:50:52,113.822403,22.642,0,0
28497,21:55:22,113.830902,22.630699,0,0
28497,21:55:52,113.831703,22.630699,0,18
28497,21:56:11,113.822403,22.642,0,0
28497,22:01:12,113.831703,22.630699,0,0
28497,22:01:45,113.862701,22.601801,0,40
28497,22:04:11,113.822403,22.642,0,0
28497,22:07:38,113.903397,22.557699,0,25
28497,22:09:11,113.822403,22.642,0,0
28497,22:13:01,113.923599,22.555401,0,30
28497,22:13:11,113.903397,22.557699,0,0
28497,22:14:01,113.959999,22.556499,0,42
28497,22:18:56,113.993896,22.5569,0,35
28497,22:19:11,113.959999,22.556499,0,0
28497,22:19:26,114.009499,22.558399,0,42
28497,22:24:48,114.059402,22.5669,0,34
28497,22:25:11,114.009499,22.558399,0,0
28497,22:26:18,114.095596,22.5686,0,32
28497,22:30:11,114.059402,22.5669,0,0
28497,22:30:40,114.108498,22.5756,0,22
28497,22:31:10,114.113701,22.572001,0,37
28497,22:32:09,114.1119,22.558901,0,0
28497,22:36:00,114.1119,22.558901,0,23
28497,22:36:53,114.110199,22.547701,0,0
28497,22:42:11,114.110199,22.547701,0,0
28497,22:42:19,114.1082,22.5529,0,25
28497,22:43:21,114.115501,22.558201,0,0
28497,22:48:16,114.119003,22.559,0,33
28497,22:48:46,114.117996,22.566799,0,31
28497,22:48:50,114.117996,22.567801,0,0
28497,22:51:24,114.131203,22.577499,0,35
28497,22:54:17,114.138298,22.5751,0,0
28497,22:54:51,114.1381,22.580099,0,0
28497,23:00:58,114.123802,22.5793,0,0
28497,23:01:28,114.123299,22.5758,0,27
28497,23:01:35,114.124001,22.5739,0,0
28497,23:07:27,114.121803,22.567499,0,0
28497,23:12:25,114.124199,22.558701,0,29
28497,23:12:55,114.117401,22.5516,0,0
28497,23:13:25,114.116798,22.5483,0,0
28497,23:13:55,114.117302,22.5455,0,0
28497,23:18:15,114.117302,22.545401,0,0
28497,23:18:32,114.1175,22.5448,0,0
28497,23:19:02,114.117897,22.5441,0,0
28497,23:19:32,114.117599,22.5452,0,21
28497,23:25:11,114.117599,22.5452,0,0
28497,23:25:26,114.125702,22.5527,0,6
28497,23:31:11,114.125702,22.5527,0,0
28497,23:31:16,114.117699,22.551201,0,0
28497,23:31:42,114.1166,22.549,0,0
28497,23:35:23,114.116798,22.549,0,7
28497,23:35:25,114.116898,22.5488,0,0
28497,23:35:47,114.116898,22.5488,0,0
28497,23:36:17,114.117302,22.5467,0,0
28497,23:36:47,114.119904,22.541901,0,0
28497,23:41:37,114.131699,22.545099,0,34
28497,23:43:07,114.1381,22.544399,0,4
28497,23:47:59,114.144402,22.5443,0,18
28497,23:48:11,114.1381,22.544399,0,0
28497,23:48:31,114.138802,22.545401,0,6
28497,23:53:19,114.1418,22.5501,0,19
28497,23:59:36,114.116997,22.5448,0,0
