33517,00:00:20,114.061798,22.526201,0,0
33517,00:01:20,114.061829,22.526237,0,0
33517,00:02:20,114.061859,22.526249,0,0
33517,00:03:20,114.061844,22.526268,0,0
33517,00:04:20,114.061836,22.526283,0,0
33517,00:05:20,114.061813,22.526278,0,0
33517,00:06:05,114.061813,22.526278,0,0
33517,00:06:20,114.061867,22.526302,0,0
33517,00:07:20,114.061905,22.526278,0,0
33517,00:08:20,114.061897,22.526285,0,0
33517,00:09:20,114.061844,22.526297,0,0
33517,00:10:20,114.061806,22.526304,0,0
33517,00:11:20,114.061813,22.526333,0,0
33517,00:11:49,114.061813,22.526333,0,0
33517,00:12:20,114.061813,22.526321,0,0
33517,00:13:20,114.061829,22.526302,0,0
33517,00:14:20,114.061852,22.526306,0,0
33517,00:15:20,114.061859,22.526295,0,0
33517,00:16:20,114.061852,22.526297,0,0
33517,00:17:20,114.061829,22.526278,0,0
33517,00:17:33,114.061852,22.526297,0,0
33517,00:18:20,114.061806,22.526268,0,0
33517,00:19:20,114.061775,22.526299,0,0
33517,00:20:20,114.061829,22.5263,0,0
33517,00:21:20,114.061798,22.526293,0,0
33517,00:22:20,114.061775,22.526262,0,0
33517,00:23:18,114.061775,22.526262,0,0
33517,00:23:20,114.061745,22.526264,0,0
33517,00:24:20,114.061737,22.526236,0,0
33517,00:25:20,114.061729,22.526232,0,0
33517,00:26:20,114.061722,22.526217,0,0
33517,00:27:20,114.061745,22.526236,0,0
33517,00:28:20,114.061829,22.526264,0,0
33517,00:29:03,114.061829,22.526264,0,0
33517,00:29:20,114.061905,22.526342,0,0
33517,00:30:20,114.061905,22.526342,0,0
33517,00:31:20,114.061874,22.526346,0,0
33517,00:32:20,114.061836,22.526358,0,0
33517,00:34:20,114.061638,22.526142,0,0
33517,00:34:48,114.061638,22.526142,0,0
33517,00:35:20,114.061638,22.52615,0,0
33517,00:36:20,114.061684,22.526173,0,0
33517,00:37:20,114.061722,22.526182,0,0
33517,00:38:20,114.061737,22.526209,0,0
33517,00:39:20,114.061745,22.526241,0,0
33517,00:40:20,114.061691,22.526222,0,0
33517,00:40:34,114.061691,22.526222,0,0
33517,00:41:20,114.061623,22.526142,0,0
33517,00:42:20,114.061546,22.526115,0,0
33517,00:43:20,114.061546,22.5261,0,0
33517,00:44:20,114.061615,22.526161,0,0
33517,00:45:20,114.061638,22.526197,0,0
33517,00:46:19,114.061638,22.526197,0,0
33517,00:46:20,114.061623,22.526161,0,0
33517,00:47:20,114.061562,22.526196,0,0
33517,00:48:15,114.062866,22.525558,1,23
33517,00:48:20,114.06292,22.525198,1,35
33517,00:49:20,114.06266,22.522995,1,40
33517,00:51:20,114.062904,22.535217,1,0
33517,00:52:03,114.062904,22.535217,1,0
33517,00:52:20,114.062935,22.537428,1,22
33517,00:53:20,114.062828,22.546062,1,65
33517,00:54:21,114.06279,22.550512,1,36
33517,00:55:21,114.062668,22.555107,1,57
33517,00:56:21,114.062424,22.565475,1,67
33517,00:57:21,114.061005,22.574755,1,64
33517,00:57:47,114.061005,22.574755,1,0
33517,00:58:21,114.05909,22.578514,1,62
33517,00:59:21,114.053352,22.584867,1,60
33517,01:00:21,114.05098,22.592102,1,43
33517,01:01:21,114.057541,22.597891,1,71
33517,01:02:21,114.065559,22.606638,1,105
33517,01:03:21,114.07061,22.613522,1,45
33517,01:03:31,114.07061,22.613522,1,0
33517,01:04:21,114.067345,22.620338,1,64
33517,01:05:21,114.067024,22.62401,1,37
33517,01:06:21,114.067482,22.625919,1,14
33517,01:06:22,114.067436,22.625921,0,16
33517,01:07:21,114.06575,22.62994,0,7
33517,01:08:21,114.065437,22.631847,0,52
33517,01:09:15,114.065437,22.631847,0,0
33517,01:09:21,114.062828,22.638466,0,38
33517,01:09:56,114.061699,22.638914,1,13
33517,01:10:21,114.059593,22.63847,1,39
33517,01:11:21,114.05584,22.636143,1,15
33517,01:12:21,114.055473,22.630898,1,44
33517,01:13:21,114.055458,22.629065,1,36
33517,01:14:21,114.055534,22.625002,1,25
33517,01:15:01,114.055534,22.625002,1,0
33517,01:15:21,114.055702,22.618656,1,45
33517,01:16:21,114.054764,22.610765,1,59
33517,01:17:21,114.054161,22.608477,1,0
33517,01:18:21,114.049286,22.604483,1,50
33517,01:18:37,114.047447,22.604313,0,0
33517,01:19:21,114.047279,22.604305,0,19
33517,01:20:21,114.043396,22.602953,0,45
33517,01:20:45,114.043396,22.602953,0,0
33517,01:21:21,114.043266,22.600805,0,1
33517,01:21:23,114.043259,22.60079,0,0
33517,01:22:21,114.043236,22.600813,0,0
33517,01:23:21,114.043289,22.600859,0,0
33517,01:24:21,114.043205,22.600863,0,0
33517,01:25:21,114.043167,22.600849,0,0
33517,01:26:21,114.043106,22.60087,0,0
33517,01:26:30,114.043106,22.60087,0,0
33517,01:27:21,114.043365,22.600521,0,10
33517,01:28:21,114.046356,22.59568,0,55
33517,01:29:21,114.052643,22.587168,0,74
33517,01:30:21,114.058495,22.578241,0,56
33517,01:31:21,114.061432,22.571573,0,29
33517,01:32:14,114.061432,22.571573,0,0
33517,01:32:21,114.058495,22.57341,0,26
33517,01:33:21,114.05777,22.575958,0,42
33517,01:34:21,114.054062,22.574522,0,42
33517,01:35:21,114.054077,22.571369,0,10
33517,01:35:56,114.052467,22.571272,1,14
33517,01:36:21,114.049622,22.571247,1,34
33517,01:37:21,114.05352,22.571093,1,62
33517,01:37:59,114.05352,22.571093,1,0
33517,01:38:21,114.058197,22.571104,1,0
33517,01:39:21,114.058525,22.571207,1,24
33517,01:40:21,114.061409,22.572823,1,39
33517,01:41:21,114.061707,22.578278,1,52
33517,01:42:21,114.053551,22.583822,1,78
33517,01:43:21,114.047806,22.593323,1,56
33517,01:43:43,114.047806,22.593323,1,0
33517,01:44:21,114.04422,22.599808,1,46
33517,01:45:21,114.044785,22.609072,1,34
33517,01:46:21,114.044395,22.617861,1,100
33517,01:47:21,114.043785,22.632856,1,91
33517,01:48:21,114.049789,22.645977,1,92
33517,01:49:21,114.049377,22.660175,1,89
33517,01:49:27,114.049377,22.660175,1,0
33517,01:50:21,114.04866,22.674442,1,97
33517,01:51:21,114.053329,22.682487,1,68
33517,01:52:21,114.06321,22.677862,1,65
33517,01:53:21,114.075165,22.673882,1,88
33517,01:54:21,114.089241,22.666742,1,110
33517,01:55:13,114.089241,22.666742,1,0
33517,01:55:21,114.105782,22.66464,1,91
33517,01:56:21,114.120361,22.665005,1,88
33517,01:57:21,114.133263,22.661261,1,81
33517,01:59:21,114.144211,22.659178,1,0
33517,02:00:21,114.142548,22.660667,1,48
33517,02:00:57,114.142548,22.660667,1,0
33517,02:01:21,114.146706,22.669878,1,59
33517,02:02:21,114.146301,22.677998,1,11
33517,02:03:21,114.146324,22.669212,1,72
33517,02:04:21,114.141808,22.659445,1,66
33517,02:06:21,114.145721,22.660213,1,58
33517,02:06:41,114.145721,22.660213,1,0
33517,02:07:21,114.139366,22.661118,1,83
33517,02:08:21,114.124161,22.664442,1,109
33517,02:09:21,114.10759,22.66485,1,100
33517,02:10:21,114.09153,22.666349,1,106
33517,02:11:21,114.076576,22.673693,1,103
33517,02:12:21,114.061478,22.679337,1,97
33517,02:12:26,114.061478,22.679337,1,0
33517,02:13:21,114.04641,22.683546,1,98
33517,02:14:21,114.030869,22.68401,1,86
33517,02:15:21,114.030502,22.68157,1,0
33517,02:16:21,114.030647,22.681467,1,4
33517,02:17:21,114.031357,22.677856,1,53
33517,02:18:10,114.031357,22.677856,1,0
33517,02:18:21,114.026855,22.673105,1,0
33517,02:19:21,114.024597,22.671787,1,0
33517,02:19:34,114.024597,22.671803,0,0
33517,02:20:21,114.024612,22.67182,0,0
33517,02:21:21,114.023743,22.673212,0,6
33517,02:22:05,114.024445,22.671677,0,0
33517,02:23:21,114.024452,22.671673,0,0
33517,02:23:58,114.024452,22.671673,0,0
33517,02:25:21,114.024498,22.671673,0,0
33517,02:26:21,114.024445,22.671677,0,0
33517,02:27:21,114.02449,22.671553,0,15
33517,02:28:21,114.021042,22.668783,0,0
33517,02:29:21,114.017784,22.666565,0,48
33517,02:29:43,114.017784,22.666565,0,0
33517,02:30:21,114.015678,22.667257,0,43
33517,02:31:21,114.012054,22.664164,0,33
33517,02:32:21,114.011513,22.663668,0,4
33517,02:33:21,114.013474,22.661163,0,39
33517,02:34:21,114.01593,22.658443,0,34
33517,02:35:21,114.017426,22.656746,0,24
33517,02:35:27,114.017426,22.656746,0,0
33517,02:36:21,114.021408,22.657343,0,45
33517,02:37:21,114.024582,22.659523,0,4
33517,02:38:21,114.027351,22.661623,0,15
33517,02:40:21,114.024879,22.659975,0,8
33517,02:41:11,114.024879,22.659975,0,0
33517,02:41:21,114.022675,22.658379,0,0
33517,02:42:21,114.021423,22.657469,0,2
33517,02:43:21,114.021378,22.657461,0,0
33517,02:44:21,114.019958,22.656359,0,28
33517,02:45:21,114.018822,22.655584,0,0
33517,02:46:21,114.016716,22.657738,0,6
33517,02:46:55,114.016716,22.657738,0,0
33517,02:47:21,114.017242,22.656969,0,27
33517,02:48:21,114.018852,22.655046,0,10
33517,02:48:27,114.01886,22.655024,0,0
33517,02:49:21,114.018822,22.654993,0,0
33517,02:50:21,114.018822,22.655003,0,0
33517,02:51:21,114.018822,22.655022,0,0
33517,02:52:21,114.018806,22.654997,0,0
33517,02:52:40,114.018806,22.654997,0,0
33517,02:53:21,114.018814,22.655003,0,0
33517,02:54:21,114.018822,22.654982,0,0
33517,02:55:21,114.01886,22.654978,0,0
33517,02:56:21,114.018852,22.654978,0,0
33517,02:57:21,114.018822,22.654955,0,0
33517,02:58:21,114.018829,22.654945,0,0
33517,02:58:24,114.018829,22.654945,0,0
33517,02:59:21,114.018822,22.654966,0,0
33517,03:00:21,114.018822,22.654968,0,0
33517,03:01:21,114.018806,22.654947,0,0
33517,03:02:21,114.018814,22.654978,0,0
33517,03:03:21,114.018806,22.654968,0,0
33517,03:04:08,114.018806,22.654968,0,0
33517,03:04:21,114.018829,22.655003,0,0
33517,03:05:21,114.018822,22.655008,0,0
33517,03:06:21,114.018829,22.654989,0,0
33517,03:07:21,114.018845,22.655018,0,0
33517,03:08:21,114.018837,22.654993,0,0
33517,03:09:21,114.018867,22.65502,0,0
33517,03:09:51,114.018867,22.65502,0,0
33517,03:10:21,114.018845,22.655024,0,0
33517,03:11:21,114.019928,22.653864,0,24
33517,03:12:21,114.02285,22.64996,0,36
33517,03:13:21,114.023613,22.646589,0,0
33517,03:14:21,114.022499,22.642723,0,26
33517,03:15:21,114.021667,22.639996,0,22
33517,03:15:34,114.021667,22.639996,0,0
33517,03:16:21,114.021347,22.638987,0,0
33517,03:17:04,114.021027,22.637972,0,0
33517,03:17:21,114.02092,22.63765,0,0
33517,03:17:42,114.020538,22.636593,0,0
33517,03:18:21,114.020447,22.636381,0,0
33517,03:18:24,114.020447,22.636381,0,0
33517,03:19:17,114.019791,22.634722,0,0
33517,03:19:21,114.019714,22.634596,0,0
33517,03:20:21,114.019142,22.633787,0,7
33517,03:20:34,114.019127,22.633778,0,0
33517,03:21:18,114.019127,22.633778,0,0
33517,03:21:21,114.019135,22.633778,0,0
33517,03:22:21,114.01474,22.630407,0,55
33517,03:23:21,114.010445,22.62781,0,38
33517,03:24:06,114.008278,22.626488,0,0
33517,03:24:21,114.00824,22.626465,0,10
33517,03:25:21,114.008209,22.621315,0,45
33517,03:25:36,114.008224,22.619837,0,0
33517,03:26:21,114.008194,22.619268,0,0
33517,03:27:01,114.00824,22.626465,0,0
33517,03:27:21,114.008278,22.613546,0,64
33517,03:28:21,114.01136,22.602959,0,72
33517,03:29:21,114.010254,22.593939,0,61
33517,03:31:20,113.992935,22.58807,0,82
33517,03:31:40,113.989059,22.586927,1,64
33517,03:32:20,113.983215,22.586178,1,38
33517,03:32:46,113.983215,22.586178,1,0
33517,03:34:20,113.987434,22.566788,1,63
33517,03:35:20,113.983177,22.557835,1,67
33517,03:36:20,113.98278,22.554024,1,1
33517,03:37:20,113.979912,22.550316,1,0
33517,03:38:20,113.981911,22.547913,1,30
33517,03:38:30,113.979912,22.550316,1,0
33517,03:39:20,113.976631,22.548401,1,43
33517,03:40:20,113.973495,22.544577,1,36
33517,03:41:20,113.972023,22.540251,1,22
33517,03:42:20,113.972015,22.540182,1,31
33517,03:43:20,113.976677,22.54088,1,38
33517,03:44:14,113.976677,22.54088,1,0
33517,03:44:20,113.97905,22.539066,1,17
33517,03:45:20,113.980949,22.53693,1,14
33517,03:45:51,113.981125,22.537251,0,0
33517,03:46:20,113.981087,22.537277,0,0
33517,03:47:20,113.98233,22.537424,0,19
33517,03:48:20,113.984482,22.538643,0,27
33517,03:49:20,113.98661,22.540623,0,19
33517,03:49:58,113.98661,22.540623,0,0
33517,03:50:20,113.989616,22.541437,0,27
33517,03:51:20,113.992142,22.53956,0,42
33517,03:52:20,113.991798,22.543503,0,27
33517,03:53:20,113.998817,22.545927,0,54
33517,03:54:20,114.005455,22.547705,0,37
33517,03:55:20,114.010223,22.54681,0,50
33517,03:55:42,114.010223,22.54681,0,0
33517,03:56:20,114.01281,22.541203,0,37
33517,03:57:20,114.016098,22.539888,0,22
33517,03:58:20,114.018066,22.540602,0,27
33517,03:59:20,114.019669,22.544472,0,56
33517,04:00:20,114.028587,22.546297,0,56
33517,04:01:20,114.032608,22.545635,0,28
33517,04:01:26,114.032608,22.545635,0,0
33517,04:02:20,114.0355,22.542858,0,23
33517,04:03:20,114.039421,22.541977,0,17
33517,04:04:20,114.04837,22.542295,0,57
33517,04:04:53,114.048935,22.542288,1,10
33517,04:05:20,114.052353,22.542402,1,64
33517,04:06:20,114.05233,22.542778,1,58
33517,04:07:10,114.05233,22.542778,1,0
33517,04:07:20,114.043663,22.542681,1,22
33517,04:08:20,114.04438,22.538034,1,60
33517,04:09:20,114.044815,22.528824,1,60
33517,04:10:07,114.043945,22.525019,0,0
33517,04:10:20,114.043945,22.525019,0,0
33517,04:11:20,114.041939,22.521406,0,0
33517,04:12:20,114.041954,22.521406,0,0
33517,04:12:54,114.041954,22.521406,0,0
33517,04:13:20,114.04911,22.518295,0,61
33517,04:14:20,114.056358,22.518787,0,50
33517,04:15:20,114.060394,22.520594,0,27
33517,04:16:20,114.06324,22.524483,0,55
33517,04:16:51,114.063332,22.5259,0,0
33517,04:17:20,114.063324,22.525917,0,5
33517,04:17:35,114.063324,22.526056,0,0
33517,04:18:20,114.063332,22.526091,0,0
33517,04:18:42,114.063332,22.526091,0,0
33517,04:19:20,114.063126,22.525988,0,0
33517,04:20:20,114.063095,22.525995,0,0
33517,04:21:20,114.06308,22.526003,0,0
33517,04:22:20,114.063202,22.526045,0,0
33517,04:23:20,114.063271,22.526073,0,0
33517,04:24:20,114.063339,22.526093,0,0
33517,04:24:25,114.063339,22.526093,0,0
33517,04:25:20,114.063354,22.526112,0,0
33517,04:26:20,114.063362,22.526089,0,0
33517,04:27:20,114.063393,22.5261,0,0
33517,04:28:20,114.063362,22.526081,0,0
33517,04:29:20,114.063362,22.526073,0,0
33517,04:30:09,114.063362,22.526073,0,0
33517,04:30:20,114.063354,22.52606,0,0
33517,04:31:20,114.06337,22.526068,0,0
33517,04:32:20,114.06337,22.526072,0,0
33517,04:33:20,114.063354,22.526054,0,0
33517,04:34:20,114.06337,22.526073,0,0
33517,04:35:20,114.063362,22.52607,0,0
33517,04:35:53,114.063362,22.52607,0,0
33517,04:36:20,114.063347,22.526056,0,0
33517,04:37:20,114.063339,22.526058,0,0
33517,04:38:20,114.063347,22.526066,0,0
33517,04:39:20,114.063339,22.526068,0,0
33517,04:40:20,114.063354,22.526072,0,0
33517,04:41:20,114.06337,22.526056,0,0
33517,04:41:36,114.06337,22.526056,0,0
33517,04:42:20,114.063385,22.526072,0,0
33517,04:43:20,114.063332,22.526068,0,0
33517,04:44:20,114.063316,22.526056,0,0
33517,04:46:20,114.063316,22.526056,0,0
33517,04:47:20,114.063309,22.526052,0,0
33517,04:47:20,114.063316,22.526056,0,0
33517,04:48:20,114.063286,22.526035,0,0
33517,04:49:20,114.063316,22.526056,0,0
33517,04:50:20,114.063301,22.526045,0,0
33517,04:51:20,114.063301,22.526039,0,0
33517,04:52:20,114.063332,22.526052,0,0
33517,04:53:04,114.063332,22.526052,0,0
33517,04:53:20,114.063354,22.526037,0,0
33517,04:54:20,114.063309,22.526031,0,0
33517,04:55:20,114.063309,22.526045,0,0
33517,04:56:20,114.063301,22.526052,0,0
33517,04:57:20,114.063316,22.52606,0,0
33517,04:58:20,114.063316,22.52606,0,0
33517,04:58:47,114.063316,22.52606,0,0
33517,04:59:20,114.063316,22.526064,0,0
33517,05:00:20,114.063309,22.526047,0,0
33517,05:01:20,114.063332,22.526056,0,0
33517,05:03:20,114.063309,22.526047,0,0
33517,05:04:20,114.063332,22.526037,0,0
33517,05:04:31,114.063332,22.526037,0,0
33517,05:05:20,114.063339,22.526056,0,0
33517,05:06:20,114.063309,22.526049,0,0
33517,05:07:20,114.063278,22.526054,0,0
33517,05:08:20,114.063278,22.526052,0,0
33517,05:09:20,114.063293,22.526054,0,0
33517,05:10:15,114.063293,22.526054,0,0
33517,05:10:20,114.063324,22.526056,0,0
33517,05:10:33,114.063293,22.526068,1,7
33517,05:11:20,114.063477,22.531387,1,29
33517,05:12:20,114.067131,22.527208,1,70
33517,05:13:20,114.067535,22.522247,1,44
33517,05:14:20,114.068222,22.521761,1,0
33517,05:14:30,114.068222,22.521774,0,2
33517,05:15:20,114.065193,22.523542,0,33
33517,05:16:00,114.065193,22.523542,0,0
33517,05:16:20,114.068375,22.524183,0,18
33517,05:17:20,114.068314,22.531254,0,61
33517,05:18:20,114.065697,22.531937,0,51
33517,05:19:20,114.062958,22.530678,0,58
33517,05:20:20,114.062614,22.525993,0,18
33517,05:20:32,114.062393,22.526016,0,0
33517,05:21:20,114.06237,22.526037,0,0
33517,05:21:43,114.06237,22.526037,0,0
33517,05:22:20,114.062263,22.525991,0,0
33517,05:23:20,114.062294,22.526127,0,0
33517,05:24:20,114.062317,22.526222,0,0
33517,05:25:20,114.06234,22.526295,0,0
33517,05:26:20,114.06234,22.526178,0,0
33517,05:27:20,114.062347,22.526167,0,0
33517,05:27:26,114.062347,22.526167,0,0
33517,05:28:20,114.062355,22.526209,0,0
33517,05:29:20,114.062416,22.526173,0,0
33517,05:30:20,114.062431,22.526201,0,0
33517,05:31:20,114.062431,22.526194,0,0
33517,05:32:20,114.062439,22.526201,0,0
33517,05:33:10,114.062439,22.526201,0,0
33517,05:33:20,114.062431,22.526176,0,0
33517,05:34:20,114.062454,22.526138,0,0
33517,05:35:20,114.062553,22.526302,0,0
33517,05:36:20,114.062569,22.525972,0,28
33517,05:37:20,114.061745,22.521631,0,11
33517,05:38:20,114.063271,22.525753,0,0
33517,05:38:53,114.063271,22.525753,0,0
33517,05:39:10,114.063286,22.5259,0,0
33517,05:39:20,114.063286,22.52589,0,0
33517,05:40:20,114.063324,22.525883,0,0
33517,05:41:20,114.063332,22.525896,0,0
33517,05:42:20,114.063332,22.525906,0,0
33517,05:43:20,114.063324,22.525923,0,0
33517,05:44:20,114.063309,22.525917,0,0
33517,05:44:37,114.063309,22.525917,0,0
33517,05:45:20,114.063309,22.525913,0,0
33517,05:46:20,114.063309,22.525908,0,0
33517,05:47:20,114.063316,22.525906,0,0
33517,05:48:20,114.063484,22.52586,0,0
33517,05:49:20,114.063568,22.525829,0,0
33517,05:50:20,114.063538,22.525833,0,0
33517,05:50:21,114.063568,22.525829,0,0
33517,05:51:20,114.063477,22.525841,0,0
33517,05:52:20,114.063583,22.525799,0,0
33517,05:53:20,114.063484,22.525818,0,0
33517,05:54:20,114.063454,22.525827,0,0
33517,05:55:20,114.063515,22.525818,0,0
33517,05:56:05,114.063515,22.525818,0,0
33517,05:56:20,114.0634,22.525858,0,0
33517,05:57:20,114.063477,22.525835,0,0
33517,05:58:20,114.063576,22.525812,0,0
33517,05:59:20,114.063454,22.525858,0,0
33517,06:00:20,114.063454,22.525867,0,0
33517,06:01:20,114.063354,22.5259,0,0
33517,06:01:48,114.063354,22.5259,0,0
33517,06:02:20,114.063332,22.525909,0,0
33517,06:03:20,114.063339,22.525908,0,0
33517,06:04:20,114.063316,22.525908,0,0
33517,06:05:20,114.063339,22.525892,0,0
33517,06:06:20,114.063332,22.525944,0,7
33517,06:06:44,114.06337,22.525961,0,0
33517,06:07:20,114.063492,22.525867,0,0
33517,06:07:32,114.063492,22.525867,0,0
33517,06:08:20,114.063667,22.525824,0,0
33517,06:09:20,114.063438,22.525948,0,0
33517,06:11:20,114.063507,22.525965,0,0
33517,06:12:13,114.063461,22.525978,1,3
33517,06:12:20,114.06337,22.526241,1,23
33517,06:13:16,114.06337,22.526241,1,0
33517,06:13:20,114.064362,22.531517,1,43
33517,06:14:20,114.074684,22.531822,1,68
33517,06:15:20,114.081543,22.537132,1,66
33517,06:16:20,114.092636,22.538101,1,72
33517,06:17:20,114.103233,22.538008,1,39
33517,06:18:59,114.103233,22.538008,1,0
33517,06:19:20,114.110794,22.54388,1,64
33517,06:20:07,114.111336,22.547832,0,0
33517,06:20:20,114.111336,22.547863,0,0
33517,06:21:20,114.109886,22.545288,0,46
33517,06:22:20,114.108963,22.541462,0,22
33517,06:23:20,114.106354,22.54405,0,34
33517,06:24:20,114.109894,22.544142,0,1
33517,06:24:43,114.109894,22.544142,0,0
33517,06:25:20,114.110176,22.542126,0,0
33517,06:26:20,114.107491,22.541489,0,30
33517,06:27:20,114.105339,22.541088,0,17
33517,06:28:20,114.101158,22.541195,0,29
33517,06:29:20,114.099564,22.543287,0,0
33517,06:30:20,114.098564,22.543585,0,42
33517,06:30:29,114.098564,22.543585,0,0
33517,06:32:20,114.085342,22.54328,0,51
33517,06:33:20,114.078873,22.543119,0,51
33517,06:34:20,114.076263,22.543053,0,10
33517,06:35:10,114.077065,22.542315,0,0
33517,06:35:20,114.077057,22.542301,0,0
33517,06:36:13,114.077057,22.542301,0,0
33517,06:36:20,114.076736,22.54224,0,0
33517,06:37:20,114.076889,22.542309,0,0
33517,06:38:20,114.076988,22.542376,0,0
33517,06:39:20,114.076859,22.542582,0,0
33517,06:40:20,114.076553,22.542557,0,0
33517,06:41:20,114.076599,22.542562,0,0
33517,06:41:58,114.076599,22.542562,0,0
33517,06:42:20,114.076729,22.542604,0,0
33517,06:43:20,114.07682,22.542574,0,0
33517,06:44:20,114.077003,22.542578,0,1
33517,06:44:52,114.077072,22.542532,0,0
33517,06:45:20,114.077057,22.542526,0,0
33517,06:46:20,114.077049,22.542566,0,0
33517,06:47:20,114.077034,22.542545,0,0
33517,06:47:41,114.077034,22.542545,0,0
33517,06:48:20,114.077034,22.542513,0,0
33517,06:49:20,114.077049,22.542538,0,0
33517,06:50:20,114.077049,22.542526,0,0
33517,06:51:20,114.077042,22.542545,0,0
33517,06:52:20,114.077011,22.54249,0,0
33517,06:53:20,114.078552,22.542982,0,21
33517,06:53:25,114.078552,22.542982,0,0
33517,06:55:20,114.077766,22.540131,0,16
33517,06:56:20,114.073029,22.539022,0,38
33517,06:57:20,114.072327,22.538845,0,7
33517,06:58:20,114.072044,22.533775,0,61
33517,06:59:09,114.072044,22.533775,0,0
33517,06:59:20,114.066635,22.531927,0,46
33517,07:00:20,114.062958,22.531317,0,52
33517,07:01:20,114.060951,22.527714,0,32
33517,07:02:20,114.059982,22.527674,0,0
33517,07:03:20,114.059616,22.527534,0,0
33517,07:04:20,114.058746,22.527618,0,26
33517,07:04:53,114.058746,22.527618,0,0
33517,07:05:20,114.057037,22.527925,0,5
33517,07:06:20,114.057358,22.527868,0,0
33517,07:07:20,114.057365,22.52783,0,0
33517,07:07:25,114.057365,22.527822,0,0
33517,07:08:21,114.057327,22.5277,0,0
33517,07:09:21,114.057343,22.527721,0,0
33517,07:10:21,114.057358,22.527826,0,0
33517,07:10:37,114.057358,22.527826,0,0
33517,07:11:21,114.057396,22.527868,0,0
33517,07:12:21,114.057434,22.527882,0,0
33517,07:13:21,114.057388,22.527842,0,0
33517,07:14:21,114.057404,22.527847,0,0
33517,07:15:21,114.05732,22.527847,0,3
33517,07:16:21,114.057007,22.527178,0,11
33517,07:16:22,114.057007,22.527178,0,0
33517,07:17:21,114.057091,22.525976,0,5
33517,07:18:21,114.053734,22.525885,0,26
33517,07:19:20,114.051949,22.525772,0,0
33517,07:20:21,114.051498,22.525721,0,21
33517,07:21:20,114.048126,22.525663,0,25
33517,07:22:06,114.048126,22.525663,0,0
33517,07:22:20,114.045265,22.525755,0,13
33517,07:23:20,114.04483,22.530117,0,42
33517,07:24:20,114.044548,22.537552,0,54
33517,07:25:20,114.045113,22.542921,0,33
33517,07:26:20,114.037933,22.542109,0,48
33517,07:27:20,114.035263,22.544363,0,28
33517,07:27:51,114.035263,22.544363,0,0
33517,07:28:20,114.034698,22.547773,0,0
33517,07:29:20,114.034569,22.547907,0,0
33517,07:30:20,114.033745,22.552313,0,31
33517,07:31:20,114.036049,22.555553,0,27
33517,07:32:20,114.035286,22.555321,0,24
33517,07:33:20,114.034225,22.555796,0,0
33517,07:33:35,114.034225,22.555796,0,0
33517,07:34:13,114.033264,22.556692,1,16
33517,07:34:20,114.033569,22.556423,1,26
33517,07:35:20,114.036057,22.555681,1,36
33517,07:36:20,114.0401,22.556255,1,40
33517,07:37:20,114.043671,22.556513,1,14
33517,07:39:20,114.04425,22.544548,1,58
33517,07:39:20,114.044128,22.551172,1,0
33517,07:40:20,114.045059,22.542309,1,45
33517,07:41:20,114.047737,22.540606,1,0
33517,07:42:20,114.047775,22.540552,1,0
33517,07:43:20,114.047791,22.54051,1,0
33517,07:44:03,114.047852,22.540461,0,0
33517,07:44:20,114.047966,22.540293,0,6
33517,07:45:05,114.047966,22.540293,0,0
33517,07:45:20,114.048203,22.540157,0,1
33517,07:46:20,114.048241,22.539671,0,16
33517,07:47:20,114.044571,22.540194,0,42
33517,07:48:20,114.044022,22.542568,0,41
33517,07:49:20,114.037155,22.542055,0,41
33517,07:50:20,114.034981,22.545727,0,43
33517,07:50:49,114.034981,22.545727,0,0
33517,07:51:20,114.034241,22.549686,0,34
33517,07:52:20,114.033829,22.553627,0,25
33517,07:53:20,114.035881,22.555473,0,31
33517,07:54:20,114.035904,22.555777,0,0
33517,07:54:31,114.03569,22.555628,1,19
33517,07:55:20,114.03373,22.55188,1,45
33517,07:56:20,114.034416,22.548225,1,0
33517,07:56:33,114.03373,22.55188,1,0
33517,07:57:20,114.034401,22.548244,1,0
33517,07:58:20,114.03521,22.54402,1,48
33517,07:59:20,114.03241,22.541233,1,39
33517,08:00:20,114.026138,22.540142,1,49
33517,08:01:20,114.023117,22.540051,1,16
33517,08:02:17,114.023117,22.540051,1,0
33517,08:02:20,114.02459,22.53484,1,48
33517,08:03:20,114.026848,22.529358,1,0
33517,08:04:20,114.027054,22.529228,1,0
33517,08:05:20,114.027168,22.529158,1,0
33517,08:06:20,114.027267,22.529095,1,0
33517,08:07:20,114.027374,22.529028,1,0
33517,08:07:24,114.027374,22.529028,0,0
33517,08:08:01,114.027374,22.529028,0,0
33517,08:08:20,114.027603,22.528856,0,0
33517,08:09:20,114.027779,22.528755,0,1
33517,08:10:20,114.027908,22.528692,0,0
33517,08:11:20,114.027985,22.528679,0,0
33517,08:12:20,114.028107,22.52862,0,0
33517,08:13:20,114.028183,22.528582,0,0
33517,08:13:44,114.028183,22.528582,0,0
33517,08:14:20,114.028175,22.528547,0,0
33517,08:15:20,114.02829,22.528486,0,2
33517,08:16:20,114.02845,22.528395,0,0
33517,08:17:20,114.028473,22.528383,0,0
33517,08:18:20,114.028564,22.528334,0,3
33517,08:18:38,114.028633,22.528296,1,2
33517,08:19:20,114.028763,22.52821,1,0
33517,08:19:28,114.028763,22.52821,1,0
33517,08:20:20,114.029099,22.527973,1,0
33517,08:21:20,114.029289,22.527817,1,2
33517,08:22:20,114.029839,22.527573,1,4
33517,08:23:20,114.030571,22.527203,1,0
33517,08:24:20,114.031357,22.526785,1,10
33517,08:25:13,114.031357,22.526785,1,0
33517,08:25:20,114.03228,22.526257,1,0
33517,08:26:20,114.03228,22.526253,1,0
33517,08:27:20,114.032272,22.526249,1,0
33517,08:28:20,114.035728,22.524633,1,48
33517,08:30:20,114.037285,22.523741,1,7
33517,08:30:57,114.037285,22.523741,1,0
33517,08:31:20,114.04158,22.521265,1,0
33517,08:32:20,114.041595,22.521254,1,0
33517,08:33:20,114.041595,22.521267,1,0
33517,08:34:20,114.043571,22.524006,1,0
33517,08:35:20,114.044891,22.526783,1,31
33517,08:36:20,114.044579,22.532642,1,67
33517,08:36:41,114.044579,22.532642,1,0
33517,08:37:20,114.044502,22.543415,1,47
33517,08:38:20,114.042274,22.542557,1,42
33517,08:39:20,114.04213,22.543158,1,18
33517,08:39:48,114.042664,22.543238,0,12
33517,08:40:20,114.043144,22.54314,0,12
33517,08:41:20,114.039879,22.542446,0,10
33517,08:42:20,114.035858,22.541868,0,23
33517,08:42:25,114.035858,22.541868,0,0
33517,08:43:20,114.034782,22.547173,0,28
33517,08:44:20,114.034622,22.547724,0,0
33517,08:45:20,114.034615,22.54775,0,0
33517,08:46:33,114.033707,22.552603,1,15
33517,08:47:20,114.033516,22.553167,1,1
33517,08:48:13,114.033516,22.553167,1,0
33517,08:48:20,114.030197,22.556149,1,38
33517,08:49:20,114.029816,22.556984,1,23
33517,08:50:20,114.028336,22.559233,1,32
33517,08:51:20,114.028313,22.560345,1,22
33517,08:51:24,114.028549,22.560438,0,20
33517,08:52:20,114.028755,22.560595,0,0
33517,08:52:34,114.02877,22.560577,1,2
33517,08:53:20,114.028961,22.559628,1,17
33517,08:53:57,114.028961,22.559628,1,0
33517,08:54:20,114.029968,22.557199,1,27
33517,08:55:20,114.029724,22.556871,1,0
33517,08:56:20,114.031357,22.554993,1,63
33517,08:57:20,114.035049,22.551289,1,22
33517,08:58:20,114.036446,22.549429,1,28
33517,08:59:20,114.036163,22.548571,1,4
33517,08:59:41,114.036163,22.548571,1,0
33517,09:00:20,114.03981,22.548838,1,21
33517,09:01:20,114.039864,22.544695,1,1
33517,09:02:20,114.041962,22.544443,1,7
33517,09:02:43,114.043053,22.544342,0,1
33517,09:03:20,114.043312,22.544344,0,2
33517,09:04:20,114.041534,22.544443,0,16
33517,09:05:20,114.03849,22.54435,0,12
33517,09:05:24,114.03849,22.54435,0,0
33517,09:06:20,114.035049,22.545401,0,37
33517,09:07:20,114.034645,22.547365,0,0
33517,09:08:20,114.034515,22.547344,0,0
33517,09:09:20,114.034538,22.547728,0,20
33517,09:10:20,114.033882,22.551477,0,29
33517,09:11:09,114.033882,22.551477,0,0
33517,09:11:20,114.034683,22.554453,0,28
33517,09:12:20,114.038811,22.556177,0,31
33517,09:13:20,114.043533,22.556652,0,4
33517,09:14:20,114.043533,22.556648,0,0
33517,09:15:20,114.043556,22.55669,0,0
33517,09:16:20,114.047531,22.559797,0,50
33517,09:16:55,114.047531,22.559797,0,0
33517,09:17:20,114.048279,22.560661,0,51
33517,09:18:20,114.04525,22.558157,0,12
33517,09:18:23,114.045113,22.558037,1,21
33517,09:19:20,114.044243,22.557364,1,6
33517,09:21:20,114.039925,22.56439,1,29
33517,09:22:20,114.034828,22.562656,1,56
33517,09:22:40,114.034828,22.562656,1,0
33517,09:23:20,114.025185,22.560965,1,61
33517,09:24:20,114.015686,22.5602,1,68
33517,09:25:20,114.007988,22.55776,1,16
33517,09:26:20,114.005417,22.556652,1,9
33517,09:27:20,114.003426,22.555967,1,15
33517,09:28:20,114.00161,22.555883,1,12
33517,09:28:27,114.00161,22.555883,1,0
33517,09:29:20,113.99485,22.556585,1,64
33517,09:30:20,113.98542,22.558926,1,35
33517,09:31:20,113.979736,22.557739,1,20
33517,09:32:20,113.976654,22.557053,1,9
33517,09:33:20,113.973946,22.556639,1,26
33517,09:34:12,113.979736,22.557739,1,0
33517,09:34:20,113.971207,22.557207,1,10
33517,09:35:20,113.969231,22.557535,1,12
33517,09:36:20,113.966682,22.557585,1,23
33517,09:37:20,113.964127,22.557238,1,24
33517,09:38:20,113.960182,22.556629,1,48
33517,09:39:20,113.950836,22.556334,1,59
33517,09:39:58,113.950836,22.556334,1,0
33517,09:40:20,113.945885,22.555531,1,41
33517,09:41:20,113.941154,22.55562,1,5
33517,09:42:10,113.941132,22.557247,0,16
33517,09:42:20,113.941223,22.557262,0,0
33517,09:43:20,113.94207,22.557344,0,3
33517,09:44:20,113.939346,22.55739,0,36
33517,09:45:20,113.934479,22.557632,0,30
33517,09:45:43,113.934479,22.557632,0,0
33517,09:46:20,113.933907,22.559834,0,31
33517,09:47:20,113.93174,22.561913,0,34
33517,09:48:20,113.933937,22.564478,0,0
33517,09:48:30,113.933937,22.564478,0,0
33517,09:49:20,113.938019,22.564569,0,51
33517,09:50:20,113.943085,22.564247,0,47
33517,09:51:20,113.949409,22.563587,0,43
33517,09:51:29,113.949409,22.563587,0,0
33517,09:52:20,113.951942,22.563356,0,0
33517,09:53:20,113.95195,22.563311,0,0
33517,09:54:20,113.952339,22.566523,0,51
33517,09:55:20,113.951263,22.571301,0,29
33517,09:56:20,113.952065,22.571318,0,0
33517,09:57:14,113.952065,22.571318,0,0
33517,09:58:20,113.96106,22.570185,0,41
33517,09:58:58,113.96106,22.570185,0,0
33517,09:59:20,113.967659,22.568077,0,41
33517,10:00:20,113.97081,22.566229,0,32
33517,10:01:20,113.974564,22.564142,0,26
33517,10:02:20,113.9757,22.563242,0,0
33517,10:02:23,113.975708,22.56324,1,3
33517,10:03:01,113.975708,22.56324,1,0
33517,10:03:20,113.977249,22.562359,1,0
33517,10:04:20,113.980606,22.561184,1,41
33517,10:05:20,113.989708,22.558487,1,66
33517,10:06:20,113.998039,22.555653,1,53
33517,10:07:20,114.006714,22.557035,1,57
33517,10:08:20,114.014771,22.559355,1,40
33517,10:08:48,114.014771,22.559355,1,0
33517,10:09:20,114.017967,22.551764,1,54
33517,10:09:46,114.017967,22.551764,1,0
33517,10:10:20,114.02195,22.545773,1,35
33517,10:11:20,114.023346,22.539408,1,47
33517,10:12:20,114.024734,22.533361,1,42
33517,10:13:20,114.030502,22.530092,1,49
33517,10:14:20,114.036591,22.530376,1,6
33517,10:14:34,114.036591,22.530376,1,0
33517,10:15:20,114.037804,22.530478,1,2
33517,10:16:20,114.038734,22.530582,1,6
33517,10:17:20,114.039474,22.53068,1,0
33517,10:18:20,114.040459,22.530783,1,7
33517,10:19:20,114.042023,22.530951,1,14
33517,10:20:19,114.042023,22.530951,1,0
33517,10:20:20,114.04406,22.531141,1,10
33517,10:20:36,114.04406,22.531141,1,0
33517,10:21:20,114.045387,22.530542,1,10
33517,10:22:20,114.044846,22.533323,1,22
33517,10:23:06,114.045975,22.534145,0,0
33517,10:23:20,114.045952,22.534147,0,0
33517,10:23:54,114.045952,22.534348,1,14
33517,10:24:20,114.045036,22.53532,1,44
33517,10:25:20,114.045174,22.541901,1,39
33517,10:26:04,114.045174,22.541901,1,0
33517,10:26:20,114.055222,22.54211,1,71
33517,10:27:20,114.06546,22.542686,1,55
33517,10:28:20,114.073723,22.542938,1,42
33517,10:29:20,114.075584,22.542965,1,0
33517,10:30:20,114.07814,22.543051,1,43
33517,10:31:08,114.07814,22.543051,1,0
33517,10:31:20,114.086723,22.543213,1,35
33517,10:31:49,114.086723,22.543213,1,0
33517,10:32:20,114.09037,22.543261,1,19
33517,10:33:20,114.09774,22.543423,1,34
33517,10:34:20,114.098717,22.543428,1,0
33517,10:35:20,114.101242,22.543673,1,31
33517,10:36:20,114.10302,22.544189,1,25
33517,10:37:20,114.105293,22.546057,1,1
33517,10:37:33,114.105217,22.546007,0,7
33517,10:37:35,114.105293,22.546057,1,0
33517,10:38:20,114.105026,22.546,0,0
33517,10:39:20,114.105072,22.54599,0,0
33517,10:40:20,114.1035,22.545055,0,26
33517,10:41:50,114.1035,22.545055,0,0
33517,10:42:20,114.100464,22.547413,0,0
33517,10:42:28,114.100159,22.54743,1,24
33517,10:43:20,114.099884,22.547441,1,0
33517,10:43:21,114.100159,22.54743,1,0
33517,10:44:20,114.099678,22.547449,1,22
33517,10:45:20,114.09948,22.543745,1,0
33517,10:46:20,114.099487,22.543732,1,0
33517,10:47:20,114.099503,22.54158,1,0
33517,10:48:20,114.098854,22.541162,1,20
33517,10:49:07,114.098854,22.541162,1,0
33517,10:49:20,114.095879,22.54019,1,0
33517,10:50:20,114.095245,22.541317,1,17
33517,10:50:32,114.095062,22.541426,0,3
33517,10:51:20,114.091866,22.54151,0,16
33517,10:52:20,114.09166,22.541515,0,0
33517,10:52:44,114.09166,22.541515,0,0
33517,10:53:10,114.091385,22.541498,1,20
33517,10:54:20,114.0886,22.53775,1,30
33517,10:54:53,114.0886,22.53775,1,0
33517,10:55:20,114.080116,22.536556,1,44
33517,10:56:20,114.074623,22.53187,1,61
33517,10:57:20,114.064384,22.531742,1,76
33517,10:58:20,114.053741,22.531649,1,55
33517,10:59:20,114.046104,22.531651,1,39
33517,11:00:19,114.044434,22.530972,1,37
33517,11:00:39,114.044434,22.530972,1,0
33517,11:01:19,114.044479,22.526176,1,7
33517,11:02:19,114.04113,22.521692,1,30
33517,11:03:19,114.04113,22.521692,1,0
33517,11:04:19,114.0382,22.523382,1,0
33517,11:05:19,114.0382,22.523407,1,0
33517,11:06:19,114.036819,22.524134,1,32
33517,11:06:28,114.036819,22.524134,1,0
33517,11:07:19,114.032806,22.526142,1,0
33517,11:08:19,114.031342,22.524427,1,25
33517,11:08:49,114.030312,22.522509,0,4
33517,11:09:19,114.030304,22.522516,0,0
33517,11:10:19,114.030312,22.522549,0,0
33517,11:11:19,114.031052,22.523617,0,0
33517,11:12:12,114.031052,22.523617,0,0
33517,11:12:19,114.031715,22.524652,0,1
33517,11:12:27,114.031715,22.524658,1,3
33517,11:13:19,114.032127,22.526688,1,18
33517,11:14:04,114.032127,22.526688,1,0
33517,11:14:19,114.027489,22.529085,1,56
33517,11:14:25,114.027489,22.529085,1,0
33517,11:16:19,114.015121,22.531771,1,31
33517,11:17:19,114.013023,22.53624,1,30
33517,11:17:56,114.013023,22.53624,1,0
33517,11:18:19,114.0103,22.539707,1,0
33517,11:19:19,114.002106,22.544687,1,89
33517,11:20:19,113.987312,22.549341,1,95
33517,11:21:19,113.974983,22.557907,1,96
33517,11:22:19,113.960182,22.562483,1,98
33517,11:23:19,113.944603,22.56492,1,87
33517,11:23:40,113.944603,22.56492,1,0
33517,11:24:19,113.93116,22.56538,1,88
33517,11:25:19,113.921928,22.571663,1,60
33517,11:26:19,113.917763,22.573456,1,41
33517,11:27:19,113.910927,22.580811,1,72
33517,11:28:19,113.902817,22.589521,1,89
33517,11:29:19,113.892357,22.598715,1,85
33517,11:29:24,113.902817,22.589521,1,0
33517,11:30:19,113.882507,22.60738,1,86
33517,11:31:19,113.875984,22.616257,1,48
33517,11:32:19,113.866409,22.622065,1,93
33517,11:33:19,113.853088,22.627201,1,89
33517,11:34:19,113.842384,22.635803,1,86
33517,11:35:09,113.853088,22.627201,1,0
33517,11:35:19,113.834595,22.645693,1,67
33517,11:36:19,113.833275,22.649,1,0
33517,11:37:19,113.833359,22.649109,1,2
33517,11:38:19,113.828568,22.650166,1,51
33517,11:39:19,113.823792,22.652573,1,45
33517,11:40:19,113.822662,22.65979,1,61
33517,11:40:53,113.823792,22.652573,1,0
33517,11:41:19,113.823914,22.668467,1,46
33517,11:42:19,113.823883,22.675224,1,44
33517,11:43:19,113.823914,22.676628,1,16
33517,11:44:19,113.823341,22.677402,1,1
33517,11:45:19,113.823105,22.677303,1,3
33517,11:46:17,113.823105,22.677303,1,0
33517,11:46:19,113.821167,22.675789,1,43
33517,11:46:35,113.821167,22.675789,1,0
33517,11:46:37,113.821167,22.675789,1,0
33517,11:47:19,113.816666,22.672857,1,42
33517,11:48:19,113.811768,22.669617,1,32
33517,11:49:19,113.807732,22.667173,1,36
33517,11:50:19,113.801353,22.67136,1,53
33517,11:51:19,113.801102,22.673717,1,32
33517,11:52:19,113.801376,22.679926,1,47
33517,11:52:21,113.801102,22.673717,1,0
33517,11:53:19,113.803871,22.687506,1,54
33517,11:54:19,113.804649,22.68862,1,28
33517,11:55:19,113.809273,22.695984,1,63
33517,11:56:19,113.812698,22.702518,1,22
33517,11:57:19,113.813004,22.705528,1,39
33517,11:58:05,113.813004,22.705528,1,0
33517,11:58:19,113.810532,22.712683,1,61
33517,11:59:19,113.812721,22.716009,1,0
33517,11:59:20,113.812721,22.716007,0,0
33517,12:00:19,113.812729,22.716005,0,0
33517,12:01:19,113.814888,22.715277,0,40
33517,12:02:19,113.818771,22.713875,0,28
33517,12:03:19,113.820305,22.713625,0,0
33517,12:03:49,113.820305,22.713625,0,0
33517,12:04:19,113.823471,22.713221,0,21
33517,12:05:19,113.82711,22.712669,0,38
33517,12:06:19,113.828842,22.710798,0,46
33517,12:07:19,113.827599,22.705002,0,9
33517,12:07:40,113.823471,22.713221,0,0
33517,12:08:19,113.827553,22.704967,0,0
33517,12:09:19,113.827614,22.704678,0,30
33517,12:09:32,113.827614,22.704678,0,0
33517,12:10:19,113.827332,22.697861,0,58
33517,12:11:19,113.827492,22.690928,0,50
33517,12:12:19,113.82415,22.684162,0,51
33517,12:13:19,113.823547,22.676153,0,58
33517,12:14:19,113.823425,22.671278,0,47
33517,12:15:19,113.822968,22.663441,0,51
33517,12:15:19,113.823425,22.671278,0,0
33517,12:16:29,113.821785,22.657684,1,14
33517,12:17:19,113.824356,22.651693,1,66
33517,12:18:19,113.830711,22.644007,1,45
33517,12:18:24,113.824356,22.651693,1,0
33517,12:19:19,113.837418,22.636709,1,76
33517,12:20:19,113.842773,22.630424,1,46
33517,12:21:04,113.830711,22.644007,1,0
33517,12:21:19,113.845497,22.625456,1,37
33517,12:22:19,113.843567,22.621922,1,66
33517,12:23:19,113.832085,22.618353,1,83
33517,12:24:19,113.821686,22.613419,1,47
33517,12:25:19,113.815033,22.616224,1,71
33517,12:26:19,113.81295,22.625408,1,69
33517,12:26:50,113.815033,22.616224,1,0
33517,12:27:19,113.809464,22.627542,1,3
33517,12:27:47,113.809242,22.627441,0,0
33517,12:28:19,113.809242,22.62743,0,0
33517,12:29:10,113.809242,22.62743,0,0
33517,12:29:19,113.809036,22.627199,0,3
33517,12:29:33,113.809036,22.627199,0,0
33517,12:30:19,113.806053,22.624584,0,56
33517,12:31:19,113.808937,22.622814,0,56
33517,12:32:19,113.812378,22.623032,0,15
33517,12:32:35,113.808937,22.622814,0,0
33517,12:32:55,113.813347,22.623522,0,0
33517,12:33:18,113.813347,22.62352,0,0
33517,12:34:18,113.813332,22.623518,0,0
33517,12:35:18,113.813332,22.623518,0,0
33517,12:36:18,113.813332,22.623514,0,0
33517,12:37:18,113.813339,22.623522,0,0
33517,12:38:18,113.813332,22.623522,0,0
33517,12:38:21,113.813339,22.623522,0,0
33517,12:39:18,113.813332,22.623528,0,0
33517,12:40:00,113.813332,22.623528,0,0
33517,12:40:18,113.813332,22.623528,0,0
33517,12:41:18,113.813339,22.623533,0,0
33517,12:42:18,113.813347,22.623526,0,0
33517,12:43:18,113.813339,22.623528,0,0
33517,12:44:10,113.813339,22.623528,0,0
33517,12:44:18,113.813339,22.623529,0,0
33517,12:45:18,113.813354,22.623528,0,0
33517,12:46:18,113.813354,22.623531,0,0
33517,12:47:18,113.813347,22.623535,0,0
33517,12:48:18,113.813339,22.623531,0,0
33517,12:49:18,113.813347,22.623535,0,0
33517,12:49:56,113.813347,22.623535,0,0
33517,12:50:18,113.813354,22.623535,0,0
33517,12:50:35,113.813347,22.623535,0,0
33517,12:50:52,113.813354,22.623535,0,0
33517,12:51:18,113.813354,22.623535,0,0
33517,12:52:18,113.813347,22.623529,0,0
33517,12:53:18,113.813354,22.623531,0,0
33517,12:54:18,113.813354,22.623535,0,0
33517,12:55:18,113.813354,22.623531,0,0
33517,12:55:41,113.813354,22.623535,0,0
33517,12:56:18,113.813347,22.623528,0,0
33517,12:57:18,113.813354,22.623529,0,0
33517,12:58:18,113.81337,22.623537,0,0
33517,12:59:18,113.813377,22.623537,0,0
33517,13:00:18,113.813377,22.623535,0,0
33517,13:01:18,113.813362,22.623535,0,0
33517,13:01:20,113.813377,22.623535,0,0
33517,13:01:26,113.813377,22.623535,0,0
33517,13:02:18,113.813362,22.623533,0,0
33517,13:03:18,113.813362,22.623537,0,0
33517,13:04:18,113.813362,22.623545,0,0
33517,13:05:18,113.813362,22.623543,0,0
33517,13:06:18,113.813354,22.623543,0,0
33517,13:07:11,113.813354,22.623543,0,0
33517,13:07:18,113.813354,22.623537,0,0
33517,13:08:18,113.813354,22.623535,0,0
33517,13:09:18,113.813347,22.623537,0,0
33517,13:10:18,113.813354,22.623537,0,0
33517,13:11:18,113.81337,22.623531,0,0
33517,13:12:11,113.81337,22.623531,0,0
33517,13:12:18,113.81337,22.623537,0,0
33517,13:12:56,113.81337,22.623537,0,0
33517,13:13:18,113.81337,22.623537,0,0
33517,13:16:18,113.813362,22.623541,0,0
33517,13:17:18,113.813377,22.623545,0,0
33517,13:18:18,113.813377,22.623545,0,0
33517,13:18:41,113.813377,22.623545,0,0
33517,13:19:18,113.813385,22.623552,0,0
33517,13:20:18,113.813377,22.62355,0,0
33517,13:21:18,113.813385,22.623547,0,0
33517,13:22:18,113.813385,22.623543,0,0
33517,13:22:51,113.813385,22.623547,0,0
33517,13:23:06,113.813385,22.623543,0,0
33517,13:23:18,113.813385,22.623549,0,0
33517,13:24:18,113.813385,22.623552,0,0
33517,13:24:26,113.813385,22.623549,0,0
33517,13:25:18,113.813393,22.623552,0,0
33517,13:26:18,113.813385,22.623552,0,0
33517,13:27:17,113.813377,22.623552,0,0
33517,13:28:31,113.813408,22.623655,1,0
33517,13:29:31,113.813545,22.624073,1,0
33517,13:30:10,113.813377,22.623552,0,0
33517,13:30:31,113.813644,22.624372,1,1
33517,13:31:30,113.813423,22.625103,1,19
33517,13:32:31,113.812309,22.62714,0,0
33517,13:33:27,113.813377,22.623552,0,0
33517,13:33:31,113.812325,22.627157,0,0
33517,13:34:31,113.81234,22.627209,0,8
33517,13:35:30,113.810097,22.627588,0,0
33517,13:35:55,113.810097,22.627588,0,0
33517,13:36:30,113.809708,22.626972,0,16
33517,13:37:30,113.809959,22.626802,0,3
33517,13:38:21,113.810036,22.626703,1,4
33517,13:38:30,113.810158,22.626522,1,13
33517,13:39:30,113.807442,22.622227,1,45
33517,13:40:30,113.811897,22.614433,1,62
33517,13:41:30,113.818108,22.610149,1,49
33517,13:41:41,113.807442,22.622227,1,0
33517,13:42:30,113.82589,22.615208,1,62
33517,13:43:30,113.834396,22.618973,1,28
33517,13:44:14,113.834396,22.618973,1,0
33517,13:45:30,113.840073,22.607643,1,0
33517,13:46:30,113.840408,22.606951,1,31
33517,13:47:26,113.840408,22.606951,1,0
33517,13:47:30,113.843498,22.600508,1,18
33517,13:48:30,113.845352,22.596897,1,66
33517,13:49:30,113.851875,22.589403,1,67
33517,13:50:30,113.85778,22.585197,1,23
33517,13:51:30,113.862587,22.581383,1,0
33517,13:52:30,113.864494,22.579599,1,54
33517,13:53:11,113.864494,22.579599,1,0
33517,13:53:30,113.8685,22.576355,1,0
33517,13:54:30,113.86853,22.576323,1,12
33517,13:55:03,113.86853,22.576323,1,0
33517,13:55:30,113.874863,22.572067,1,27
33517,13:56:30,113.874939,22.571993,1,0
33517,13:57:30,113.874947,22.571993,1,0
33517,13:58:30,113.875343,22.571692,1,37
33517,13:58:56,113.875343,22.571692,1,0
33517,13:59:30,113.882904,22.565022,1,60
33517,14:00:30,113.889595,22.558588,1,53
33517,14:02:30,113.901329,22.547144,1,56
33517,14:03:30,113.904495,22.540833,1,42
33517,14:04:30,113.90461,22.53636,1,0
33517,14:04:41,113.90461,22.53636,1,0
33517,14:05:30,113.904678,22.53253,1,35
33517,14:06:30,113.904861,22.526983,1,28
33517,14:07:30,113.90538,22.525646,1,26
33517,14:08:30,113.909241,22.525738,1,0
33517,14:09:30,113.909584,22.525932,1,13
33517,14:10:28,113.909584,22.525932,1,0
33517,14:10:30,113.906471,22.526966,1,14
33517,14:11:11,113.905457,22.528257,0,0
33517,14:11:30,113.905457,22.528257,0,0
33517,14:12:30,113.905022,22.529619,0,23
33517,14:13:30,113.904999,22.531097,0,0
33517,14:14:30,113.90493,22.534372,0,48
33517,14:15:30,113.904884,22.542152,0,48
33517,14:16:12,113.904884,22.542152,0,0
33517,14:16:22,113.904884,22.542152,0,0
33517,14:16:30,113.90947,22.544422,0,0
33517,14:17:30,113.909477,22.544424,0,0
33517,14:18:19,113.909523,22.544434,1,13
33517,14:18:30,113.910355,22.544462,1,46
33517,14:19:30,113.915253,22.543325,1,0
33517,14:20:30,113.916809,22.5431,1,16
33517,14:21:30,113.917786,22.543034,1,0
33517,14:21:57,113.917786,22.543034,1,0
33517,14:22:30,113.917793,22.543037,1,0
33517,14:23:30,113.92057,22.542994,1,37
33517,14:24:30,113.928574,22.542557,1,67
33517,14:25:30,113.940247,22.542747,1,73
33517,14:26:30,113.948219,22.543108,1,5
33517,14:27:09,113.948219,22.543108,1,0
33517,14:27:30,113.954842,22.543242,1,49
33517,14:27:41,113.954842,22.543242,1,0
33517,14:28:30,113.961449,22.542637,1,51
33517,14:29:30,113.964119,22.541645,1,49
33517,14:30:30,113.969482,22.539505,1,0
33517,14:30:30,113.969482,22.539503,0,0
33517,14:31:30,113.970375,22.539217,0,11
33517,14:32:30,113.970482,22.53916,0,0
33517,14:33:25,113.970482,22.53916,0,0
33517,14:33:30,113.970482,22.539169,0,0
33517,14:33:51,113.970581,22.539162,1,15
33517,14:34:30,113.970955,22.539024,1,0
33517,14:35:30,113.975075,22.537277,1,23
33517,14:36:30,113.975868,22.536879,1,13
33517,14:37:30,113.981628,22.536169,1,0
33517,14:37:57,113.981628,22.536169,1,0
33517,14:38:30,113.986816,22.536205,1,66
33517,14:39:10,113.986816,22.536205,1,0
33517,14:39:30,113.998009,22.535038,1,68
33517,14:40:30,114.002686,22.535831,1,31
33517,14:41:30,114.009964,22.537163,1,57
33517,14:42:30,114.018005,22.538618,1,51
33517,14:43:30,114.026192,22.539783,1,56
33517,14:44:30,114.031204,22.540648,1,5
33517,14:44:57,114.031204,22.540648,1,0
33517,14:45:30,114.034103,22.541115,1,46
33517,14:46:30,114.043755,22.542267,1,40
33517,14:47:30,114.044426,22.544241,1,59
33517,14:48:30,114.044373,22.549664,1,8
33517,14:48:32,114.044426,22.544241,1,0
33517,14:48:48,114.044373,22.549664,1,0
33517,14:49:30,114.044357,22.549711,1,0
33517,14:50:30,114.044327,22.550625,1,29
33517,14:50:43,114.044327,22.550625,1,0
33517,14:51:30,114.043854,22.556765,1,30
33517,14:53:30,114.041283,22.566858,1,29
33517,14:54:30,114.0438,22.567554,1,22
33517,14:55:30,114.047569,22.567408,1,0
33517,14:56:27,114.047569,22.567408,1,0
33517,14:56:30,114.049652,22.567392,1,23
33517,14:57:30,114.050972,22.567291,1,8
33517,14:58:30,114.052399,22.567251,1,23
33517,14:59:17,114.052399,22.567251,1,0
33517,14:59:30,114.05368,22.567184,1,9
33517,14:59:38,114.05368,22.567184,1,0
33517,15:00:30,114.054161,22.570427,1,19
33517,15:01:30,114.054131,22.570658,1,0
33517,15:02:11,114.054131,22.570658,1,0
33517,15:02:30,114.055725,22.571413,1,24
33517,15:03:15,114.057129,22.571123,0,0
33517,15:03:30,114.057121,22.571129,0,0
33517,15:03:41,114.057297,22.571133,1,12
33517,15:04:30,114.05854,22.571402,1,28
33517,15:05:30,114.059135,22.576048,1,27
33517,15:06:30,114.064415,22.575602,1,15
33517,15:06:33,114.064461,22.575565,0,0
33517,15:07:30,114.064445,22.575506,1,0
33517,15:07:32,114.064445,22.575506,0,0
33517,15:07:55,114.064445,22.575506,0,0
33517,15:08:30,114.064415,22.57546,0,0
33517,15:09:56,114.063728,22.576056,1,3
33517,15:10:30,114.063919,22.575912,1,3
33517,15:11:30,114.064018,22.575895,1,0
33517,15:12:30,114.064598,22.575537,1,6
33517,15:13:30,114.067345,22.573425,1,42
33517,15:13:39,114.067345,22.573425,1,0
33517,15:14:30,114.067566,22.565441,1,71
33517,15:15:30,114.067551,22.561563,1,0
33517,15:16:30,114.067635,22.558884,1,0
33517,15:17:30,114.067619,22.558878,1,0
33517,15:18:30,114.067703,22.554316,1,37
33517,15:19:23,114.067619,22.558878,1,0
33517,15:19:30,114.067772,22.549536,1,19
33517,15:20:30,114.067841,22.544523,1,44
33517,15:21:30,114.068108,22.537613,1,34
33517,15:22:30,114.068176,22.529833,1,63
33517,15:23:30,114.065231,22.523058,1,15
33517,15:24:30,114.068085,22.521576,1,14
33517,15:24:31,114.0681,22.521597,0,7
33517,15:25:09,114.0681,22.521597,0,0
33517,15:25:30,114.066383,22.522625,0,44
33517,15:26:30,114.068298,22.52371,0,25
33517,15:27:29,114.067764,22.523937,1,16
33517,15:27:30,114.067764,22.523937,1,16
33517,15:28:30,114.068245,22.529486,1,60
33517,15:29:30,114.068863,22.532061,1,34
33517,15:30:30,114.062332,22.531942,1,59
33517,15:30:53,114.062332,22.531942,1,0
33517,15:31:30,114.053001,22.531742,1,55
33517,15:32:30,114.044991,22.531622,1,35
33517,15:33:30,114.04467,22.529697,1,41
33517,15:34:30,114.04451,22.526237,1,21
33517,15:35:30,114.041954,22.521654,1,10
33517,15:36:30,114.040833,22.519632,1,50
33517,15:36:38,114.040833,22.519632,1,0
33517,15:37:30,114.036491,22.517029,1,43
33517,15:38:30,114.031509,22.519476,1,55
33517,15:39:30,114.02919,22.520704,1,27
33517,15:40:30,114.024986,22.523113,1,0
33517,15:41:30,114.024963,22.523117,1,0
33517,15:42:14,114.024963,22.523117,1,0
33517,15:42:23,114.024963,22.523117,1,0
33517,15:42:30,114.023407,22.525007,1,25
33517,15:42:35,114.023407,22.525007,1,0
33517,15:43:30,114.024742,22.527096,1,0
33517,15:43:33,114.024742,22.527096,0,0
33517,15:44:08,114.024849,22.527231,1,1
33517,15:44:30,114.02478,22.527208,1,4
33517,15:45:30,114.025276,22.528362,1,25
33517,15:46:30,114.024529,22.530827,1,15
33517,15:47:30,114.024963,22.531237,1,34
33517,15:48:08,114.024963,22.531237,1,0
33517,15:48:30,114.031097,22.529991,1,44
33517,15:49:30,114.038414,22.530676,1,52
33517,15:50:30,114.049492,22.531458,1,73
33517,15:51:30,114.059708,22.531639,1,48
33517,15:52:30,114.066032,22.531708,1,10
33517,15:53:53,114.067406,22.53174,1,0
33517,15:54:30,114.068604,22.531773,1,11
33517,15:55:30,114.069397,22.531797,1,18
33517,15:56:30,114.07225,22.531843,1,0
33517,15:57:30,114.073753,22.531858,1,14
33517,15:58:30,114.075768,22.531893,1,9
33517,15:59:30,114.077263,22.532103,1,0
33517,15:59:36,114.077263,22.532103,1,0
33517,16:00:30,114.078217,22.533247,1,12
33517,16:01:30,114.079041,22.53476,1,21
33517,16:02:30,114.083885,22.537365,1,30
33517,16:03:30,114.08873,22.537477,1,33
33517,16:04:30,114.094994,22.537743,1,10
33517,16:04:35,114.094955,22.537661,0,5
33517,16:05:20,114.094955,22.537661,0,0
33517,16:05:30,114.09552,22.53791,0,31
33517,16:06:30,114.101776,22.538219,0,28
33517,16:07:28,114.099709,22.53931,1,9
33517,16:07:30,114.099701,22.539383,1,16
33517,16:08:30,114.09964,22.540783,1,0
33517,16:09:30,114.099632,22.540773,1,0
33517,16:10:30,114.099594,22.540777,1,0
33517,16:11:05,114.099594,22.540777,1,0
33517,16:11:30,114.099663,22.53826,1,40
33517,16:14:18,114.108826,22.53776,0,0
33517,16:14:21,114.099663,22.53826,1,0
33517,16:14:30,114.108826,22.537771,0,0
33517,16:14:42,114.108826,22.537771,0,0
33517,16:15:30,114.106056,22.537178,0,41
33517,16:16:30,114.100571,22.538538,0,41
33517,16:16:48,114.106056,22.537178,0,0
33517,16:17:30,114.101166,22.541166,0,34
33517,16:17:54,114.102013,22.541185,1,16
33517,16:18:30,114.102638,22.539122,1,19
33517,16:21:30,114.088287,22.53764,1,30
33517,16:22:30,114.084625,22.537533,1,19
33517,16:22:33,114.091499,22.538225,1,0
33517,16:23:30,114.081245,22.537266,1,15
33517,16:24:30,114.078957,22.535437,1,24
33517,16:25:09,114.078957,22.535437,1,0
33517,16:25:30,114.076828,22.532101,1,32
33517,16:26:30,114.071831,22.531868,1,39
33517,16:27:30,114.064445,22.531845,1,30
33517,16:28:18,114.064445,22.531845,1,0
33517,16:28:30,114.062828,22.532616,1,19
33517,16:29:30,114.062241,22.528023,1,29
33517,16:30:30,114.060349,22.527727,1,6
33517,16:31:30,114.059921,22.527664,1,0
33517,16:32:30,114.059387,22.527451,1,19
33517,16:33:30,114.056664,22.525778,1,31
33517,16:34:04,114.056664,22.525778,1,0
33517,16:34:30,114.051819,22.525881,1,9
33517,16:34:48,114.051537,22.52634,0,0
33517,16:35:30,114.051575,22.526344,0,0
33517,16:35:57,114.051552,22.526573,1,24
33517,16:36:09,114.051552,22.526573,1,0
33517,16:36:30,114.051537,22.528692,1,0
33517,16:37:30,114.055298,22.531328,1,55
33517,16:38:30,114.058983,22.528112,1,27
33517,16:39:30,114.059387,22.526495,1,24
33517,16:39:49,114.059387,22.526495,1,0
33517,16:40:30,114.059982,22.524557,1,38
33517,16:41:30,114.060318,22.523512,1,30
33517,16:42:24,114.059158,22.520279,0,0
33517,16:42:30,114.059151,22.520277,0,0
33517,16:43:30,114.059151,22.520262,0,0
33517,16:44:30,114.058937,22.521303,0,22
33517,16:45:30,114.058586,22.523758,0,10
33517,16:45:36,114.058586,22.523758,0,0
33517,16:46:01,114.058495,22.524504,1,5
33517,16:46:30,114.058586,22.524235,1,23
33517,16:47:30,114.058884,22.522558,1,7
33517,16:48:30,114.058968,22.520527,1,0
33517,16:49:30,114.058884,22.520336,1,18
33517,16:50:30,114.051529,22.518309,1,0
33517,16:51:21,114.051529,22.518309,1,0
33517,16:51:30,114.048637,22.518501,1,62
33517,16:52:30,114.042244,22.52109,1,0
33517,16:53:30,114.041153,22.521648,1,45
33517,16:54:30,114.038139,22.523472,1,0
33517,16:55:30,114.034698,22.52523,1,53
33517,16:56:30,114.032867,22.526308,1,0
33517,16:57:07,114.032867,22.526308,1,0
33517,16:57:20,114.032867,22.526308,1,0
33517,16:57:30,114.030754,22.527662,1,33
33517,16:57:36,114.030602,22.527767,0,0
33517,16:57:37,114.030754,22.527662,1,0
33517,16:58:30,114.027695,22.529634,0,37
33517,16:59:30,114.032791,22.529858,0,19
33517,17:00:30,114.037949,22.530371,0,31
33517,17:02:30,114.046455,22.531176,0,46
33517,17:02:52,114.046455,22.531176,0,0
33517,17:03:30,114.051262,22.529915,0,18
33517,17:04:30,114.051445,22.526188,0,0
33517,17:05:11,114.052116,22.525612,1,8
33517,17:05:30,114.053589,22.525652,1,33
33517,17:06:30,114.057983,22.525923,1,25
33517,17:07:30,114.060173,22.523392,1,43
33517,17:08:04,114.060173,22.523392,1,0
33517,17:08:30,114.06076,22.521481,1,0
33517,17:08:38,114.060173,22.523392,1,0
33517,17:09:30,114.060783,22.521463,1,0
33517,17:10:30,114.062302,22.522301,1,56
33517,17:11:30,114.063232,22.525452,1,0
33517,17:12:30,114.063232,22.526873,1,31
33517,17:13:30,114.063309,22.530144,1,24
33517,17:14:08,114.063316,22.530853,0,18
33517,17:14:25,114.063316,22.530853,0,0
33517,17:14:30,114.063416,22.531387,0,13
33517,17:15:30,114.064423,22.530428,0,19
33517,17:16:30,114.063202,22.531046,0,45
33517,17:17:30,114.063148,22.534004,0,0
33517,17:18:30,114.063164,22.536005,0,0
33517,17:18:39,114.063202,22.536102,1,13
33517,17:19:30,114.065742,22.538033,1,34
33517,17:20:11,114.065742,22.538033,1,0
33517,17:20:30,114.068085,22.535627,1,47
33517,17:21:30,114.068108,22.531918,1,15
33517,17:22:30,114.068108,22.531412,1,15
33517,17:23:29,114.06778,22.530647,1,14
33517,17:24:30,114.067093,22.531347,1,11
33517,17:25:29,114.070381,22.531603,1,4
33517,17:25:55,114.070381,22.531603,1,0
33517,17:26:29,114.072533,22.531656,1,17
33517,17:27:29,114.074989,22.531702,1,8
33517,17:28:29,114.076569,22.531765,1,6
33517,17:29:27,114.076569,22.531765,1,0
33517,17:29:29,114.078262,22.533108,1,17
33517,17:29:45,114.078262,22.533108,1,0
33517,17:30:29,114.07946,22.535372,1,12
33517,17:31:29,114.083252,22.537193,1,42
33517,17:31:39,114.083252,22.537193,1,0
33517,17:32:29,114.08918,22.537458,1,34
33517,17:33:29,114.093102,22.537872,1,0
33517,17:34:29,114.094193,22.537844,1,4
33517,17:35:29,114.095383,22.537907,1,13
33517,17:36:29,114.09639,22.537943,1,12
33517,17:37:23,114.09639,22.537943,1,0
33517,17:37:29,114.098091,22.537977,1,5
33517,17:38:30,114.099312,22.537964,1,5
33517,17:39:30,114.100349,22.537802,1,10
33517,17:40:13,114.100349,22.537802,1,0
33517,17:40:30,114.101334,22.53779,1,5
33517,17:41:30,114.102051,22.537983,1,14
33517,17:42:30,114.104851,22.537346,1,26
33517,17:43:06,114.106499,22.536404,0,2
33517,17:43:09,114.104851,22.537346,1,0
33517,17:43:30,114.106476,22.536406,0,0
33517,17:45:30,114.109634,22.537334,0,34
33517,17:46:30,114.108574,22.53768,0,31
33517,17:47:30,114.103378,22.53824,0,33
33517,17:48:30,114.097588,22.538326,0,41
33517,17:48:54,114.097588,22.538326,0,0
33517,17:50:30,114.086868,22.537701,0,0
33517,17:50:53,114.097588,22.538326,0,0
33517,17:51:30,114.082153,22.537527,1,15
33517,17:52:30,114.079292,22.535816,1,26
33517,17:53:17,114.078316,22.534592,0,0
33517,17:53:30,114.078316,22.53459,0,0
33517,17:54:30,114.078003,22.533819,0,13
33517,17:54:40,114.078003,22.533819,0,0
33517,17:55:30,114.076317,22.532087,0,29
33517,17:56:30,114.071503,22.532019,0,32
33517,17:57:30,114.065331,22.531954,0,40
33517,17:58:30,114.062904,22.532522,0,28
33517,17:59:30,114.062675,22.527969,0,20
33517,18:00:27,114.062675,22.527969,0,0
33517,18:00:30,114.060684,22.527653,0,0
33517,18:01:30,114.060394,22.527637,0,6
33517,18:02:30,114.06015,22.527645,0,0
33517,18:03:30,114.059906,22.527685,0,10
33517,18:03:59,114.059425,22.527752,0,0
33517,18:04:30,114.059433,22.527758,0,0
33517,18:05:30,114.059433,22.527763,0,0
33517,18:06:13,114.059433,22.527763,0,0
33517,18:06:30,114.059418,22.527761,0,0
33517,18:07:30,114.059402,22.52776,0,0
33517,18:08:30,114.059402,22.527752,0,0
33517,18:09:30,114.05941,22.527746,0,0
33517,18:10:30,114.059418,22.527742,0,0
33517,18:11:30,114.059425,22.527693,0,2
33517,18:11:59,114.059425,22.527693,0,0
33517,18:12:22,114.059425,22.527693,0,0
33517,18:13:30,114.060493,22.531404,0,6
33517,18:14:30,114.062416,22.531385,0,15
33517,18:20:54,114.063118,22.533937,1,9
33517,18:21:30,114.062996,22.534653,1,6
33517,18:22:30,114.062965,22.535282,1,0
33517,18:23:09,114.062965,22.535282,1,0
33517,18:23:30,114.062973,22.535288,1,0
33517,18:23:30,114.062965,22.535282,1,0
33517,18:24:30,114.062904,22.535465,1,6
33517,18:25:30,114.06308,22.528086,1,32
33517,18:26:30,114.063034,22.526278,1,28
33517,18:27:30,114.063057,22.525167,1,5
33517,18:28:30,114.06308,22.525122,1,0
33517,18:29:15,114.06308,22.525122,1,0
33517,18:29:30,114.063004,22.524137,1,0
33517,18:30:30,114.062981,22.524012,1,0
33517,18:31:30,114.062737,22.523279,1,8
33517,18:32:30,114.062531,22.522924,1,0
33517,18:33:30,114.062523,22.522869,1,3
33517,18:33:59,114.062523,22.522869,1,0
33517,18:34:30,114.061043,22.521427,1,17
33517,18:35:03,114.061043,22.521427,1,0
33517,18:35:30,114.060318,22.523619,1,6
33517,18:36:14,114.058998,22.523649,0,0
33517,18:36:30,114.058952,22.523598,0,3
33517,18:37:30,114.059952,22.523609,0,0
33517,18:38:21,114.06002,22.523632,1,10
33517,18:38:30,114.060326,22.523777,1,13
33517,18:39:30,114.059799,22.52549,1,14
33517,18:40:48,114.059387,22.527321,1,0
33517,18:41:30,114.058769,22.531364,1,16
33517,18:42:30,114.061302,22.531469,1,11
33517,18:43:30,114.063232,22.531487,1,12
33517,18:44:30,114.065964,22.531483,1,28
33517,18:44:33,114.063232,22.531487,1,0
33517,18:44:47,114.065964,22.531483,1,0
33517,18:45:30,114.068436,22.531483,1,21
33517,18:46:30,114.068268,22.53355,1,56
33517,18:46:34,114.068436,22.531483,1,0
33517,18:47:30,114.069298,22.538523,1,23
33517,18:48:30,114.071991,22.536512,1,46
33517,18:49:30,114.073494,22.535772,1,14
33517,18:50:28,114.07473,22.53483,0,0
33517,18:50:30,114.07473,22.534824,0,0
33517,18:51:30,114.075592,22.534224,0,1
33517,18:51:32,114.0756,22.534212,1,3
33517,18:52:19,114.0756,22.534212,1,0
33517,18:52:30,114.07431,22.532112,1,21
33517,18:53:30,114.072075,22.535404,1,41
33517,18:54:30,114.072037,22.538515,1,1
33517,18:55:30,114.072029,22.538517,1,0
33517,18:56:20,114.071991,22.541651,0,0
33517,18:56:30,114.071991,22.541655,0,0
33517,18:56:53,114.071892,22.541636,1,14
33517,18:57:30,114.071251,22.538767,1,36
33517,18:58:04,114.071251,22.538767,1,0
33517,18:58:30,114.064423,22.537786,1,15
33517,18:59:30,114.06115,22.537613,1,6
33517,19:00:30,114.058708,22.537598,1,0
33517,19:01:30,114.056862,22.537474,1,21
33517,19:02:30,114.055046,22.537487,1,27
33517,19:03:30,114.049995,22.537392,1,25
33517,19:03:49,114.058708,22.537598,1,0
33517,19:03:57,114.049477,22.537315,0,8
33517,19:04:30,114.048271,22.537354,0,30
33517,19:05:30,114.048019,22.539066,0,0
33517,19:06:30,114.047935,22.53933,0,0
33517,19:06:35,114.047958,22.539368,1,6
33517,19:07:30,114.050644,22.539557,1,0
33517,19:08:30,114.052925,22.539618,1,0
33517,19:09:30,114.052986,22.539595,1,0
33517,19:09:34,114.052925,22.539618,1,0
33517,19:10:30,114.053024,22.539545,1,0
33517,19:11:30,114.05336,22.539423,1,19
33517,19:12:30,114.053741,22.537411,1,29
33517,19:13:30,114.056076,22.537451,1,22
33517,19:14:30,114.05809,22.536341,1,0
33517,19:15:19,114.053741,22.537411,1,0
33517,19:15:30,114.058159,22.532475,1,49
33517,19:16:30,114.058807,22.529177,1,2
33517,19:16:54,114.058807,22.529177,1,0
33517,19:17:30,114.058975,22.528585,1,0
33517,19:18:30,114.059189,22.527805,1,9
33517,19:19:30,114.059258,22.527521,1,0
33517,19:20:30,114.059288,22.527395,1,0
33517,19:21:03,114.059189,22.527805,1,0
33517,19:21:30,114.059341,22.527178,1,0
33517,19:22:30,114.05941,22.526962,1,8
33517,19:23:30,114.059494,22.526602,1,0
33517,19:24:30,114.059624,22.525879,1,6
33517,19:25:30,114.059959,22.524687,1,0
33517,19:26:30,114.060638,22.522249,1,31
33517,19:26:46,114.060638,22.522249,1,0
33517,19:27:27,114.060638,22.522249,1,0
33517,19:27:30,114.059235,22.520226,1,0
33517,19:27:44,114.059235,22.520226,1,0
33517,19:28:30,114.058922,22.520094,1,0
33517,19:28:50,114.058914,22.5201,0,0
33517,19:29:30,114.059097,22.519938,0,9
33517,19:30:30,114.060776,22.520952,0,0
33517,19:31:30,114.060776,22.520948,0,0
33517,19:32:30,114.062195,22.522125,0,56
33517,19:32:30,114.060776,22.520948,0,0
33517,19:33:30,114.063164,22.529184,0,47
33517,19:34:09,114.063133,22.533913,1,12
33517,19:34:30,114.063126,22.534821,1,14
33517,19:35:30,114.06311,22.536432,1,9
33517,19:36:30,114.06105,22.537663,1,0
33517,19:37:30,114.058395,22.537622,1,33
33517,19:38:08,114.06105,22.537663,1,0
33517,19:38:15,114.06105,22.537663,1,0
33517,19:38:30,114.055939,22.537924,1,14
33517,19:38:39,114.055901,22.538177,0,1
33517,19:39:30,114.055893,22.538778,0,0
33517,19:39:44,114.055908,22.538801,1,2
33517,19:40:30,114.057899,22.539352,1,28
33517,19:41:30,114.057968,22.537855,1,0
33517,19:42:30,114.058006,22.531799,1,46
33517,19:43:30,114.06514,22.53153,1,43
33517,19:44:01,114.06514,22.53153,1,0
33517,19:44:30,114.072166,22.531752,1,20
33517,19:45:30,114.073814,22.531799,1,8
33517,19:46:30,114.075661,22.531828,1,9
33517,19:47:30,114.077782,22.532534,1,20
33517,19:48:30,114.078888,22.534508,1,16
33517,19:49:01,114.078888,22.534508,1,0
33517,19:49:30,114.080467,22.536705,1,14
33517,19:49:45,114.080467,22.536705,1,0
33517,19:50:30,114.081116,22.537041,1,8
33517,19:51:30,114.082367,22.537338,1,1
33517,19:52:30,114.084366,22.537348,1,13
33517,19:53:30,114.085335,22.537346,1,10
33517,19:54:30,114.086388,22.537378,1,19
33517,19:55:29,114.086388,22.537378,1,0
33517,19:55:30,114.08725,22.53739,1,0
33517,19:56:30,114.088203,22.537422,1,1
33517,19:57:30,114.091385,22.539087,1,58
33517,19:58:30,114.091232,22.541178,1,0
33517,19:59:30,114.091164,22.54224,1,30
33517,20:00:30,114.092209,22.543268,1,0
33517,20:01:13,114.092209,22.543268,1,0
33517,20:01:30,114.093765,22.543327,1,0
33517,20:02:30,114.095047,22.543364,1,18
33517,20:03:30,114.095413,22.543358,1,0
33517,20:04:30,114.095894,22.543379,1,24
33517,20:06:30,114.098045,22.543407,1,29
33517,20:06:56,114.097656,22.543404,1,0
33517,20:08:30,114.099686,22.543327,1,31
33517,20:10:18,114.099686,22.543327,1,0
33517,20:10:30,114.110153,22.545284,1,57
33517,20:11:30,114.115807,22.546228,1,1
33517,20:12:30,114.116554,22.548775,1,35
33517,20:12:40,114.116554,22.548775,1,0
33517,20:13:30,114.116661,22.54961,1,7
33517,20:14:30,114.117477,22.551126,1,2
33517,20:15:30,114.116646,22.551317,1,5
33517,20:16:30,114.115807,22.550903,1,7
33517,20:16:38,114.115654,22.550953,0,0
33517,20:17:30,114.115211,22.550926,0,1
33517,20:18:24,114.115211,22.550926,0,0
33517,20:18:30,114.115227,22.552794,0,31
33517,20:19:30,114.116852,22.551487,0,4
33517,20:19:32,114.116859,22.551476,1,6
33517,20:20:30,114.11956,22.555046,1,21
33517,20:21:07,114.11956,22.555046,1,0
33517,20:21:30,114.120575,22.558243,1,47
33517,20:23:30,114.117813,22.569147,1,46
33517,20:24:09,114.117813,22.569147,1,0
33517,20:24:30,114.118225,22.575827,1,47
33517,20:25:30,114.123543,22.576557,1,39
33517,20:26:26,114.126846,22.575924,0,0
33517,20:26:30,114.126869,22.575899,0,0
33517,20:27:30,114.126686,22.573862,0,12
33517,20:27:37,114.126572,22.573818,1,11
33517,20:28:30,114.124847,22.572689,1,0
33517,20:29:30,114.12249,22.571886,1,49
33517,20:29:53,114.12249,22.571886,1,0
33517,20:30:30,114.122337,22.570272,1,6
33517,20:31:30,114.116951,22.568668,1,32
33517,20:31:56,114.116951,22.568668,1,0
33517,20:32:30,114.116028,22.565994,1,53
33517,20:33:30,114.114944,22.5597,1,55
33517,20:34:30,114.111961,22.559677,1,34
33517,20:35:30,114.109673,22.554096,1,2
33517,20:35:38,114.109673,22.554096,1,0
33517,20:36:30,114.110229,22.548153,1,7
33517,20:37:30,114.110191,22.543159,1,36
33517,20:38:30,114.110252,22.54225,1,0
33517,20:39:30,114.111069,22.543262,1,29
33517,20:40:30,114.113411,22.545816,1,21
33517,20:41:11,114.113747,22.545094,0,0
33517,20:41:24,114.113747,22.545094,0,0
33517,20:41:30,114.113831,22.545168,0,6
33517,20:42:18,114.113029,22.545835,1,4
33517,20:42:30,114.112343,22.545753,1,30
33517,20:43:30,114.110474,22.547211,1,14
33517,20:44:30,114.110085,22.550808,1,43
33517,20:45:30,114.10994,22.55563,1,34
33517,20:46:30,114.111938,22.562616,1,56
33517,20:47:08,114.111938,22.562616,1,0
33517,20:47:30,114.11274,22.568962,1,55
33517,20:48:30,114.114059,22.574093,1,0
33517,20:49:30,114.113266,22.577106,1,26
33517,20:50:30,114.108658,22.57613,1,28
33517,20:51:29,114.102432,22.572351,0,2
33517,20:51:30,114.102417,22.572357,0,0
33517,20:52:30,114.10231,22.572369,0,0
33517,20:52:58,114.10231,22.572369,0,0
33517,20:53:17,114.10231,22.572369,0,0
33517,20:53:30,114.099075,22.571302,0,37
33517,20:53:36,114.099075,22.571302,0,0
33517,20:54:30,114.097237,22.566298,0,26
33517,20:55:30,114.094513,22.566027,0,25
33517,20:56:30,114.094559,22.561785,0,15
33517,20:57:30,114.09201,22.561512,0,37
33517,20:57:57,114.090805,22.561518,1,8
33517,20:58:30,114.089287,22.561865,1,27
33517,20:58:43,114.089287,22.561865,1,0
33517,20:59:30,114.087532,22.566278,1,15
33517,21:00:30,114.091949,22.567413,1,47
33517,21:01:30,114.097908,22.569326,1,57
33517,21:02:30,114.104172,22.57284,1,49
33517,21:03:30,114.107819,22.572676,1,0
33517,21:04:02,114.107819,22.572676,1,0
33517,21:04:28,114.107819,22.572676,1,0
33517,21:04:30,114.107758,22.571419,1,25
33517,21:05:21,114.107689,22.568476,0,0
33517,21:05:30,114.107658,22.568487,0,0
33517,21:06:20,114.107635,22.567865,1,1
33517,21:07:29,114.107536,22.566992,1,0
33517,21:08:29,114.107002,22.565357,1,51
33517,21:09:29,114.106483,22.558817,1,37
33517,21:10:12,114.106483,22.558817,1,0
33517,21:10:29,114.101997,22.558687,1,33
33517,21:11:29,114.095924,22.558601,1,52
33517,21:12:29,114.089569,22.561232,1,31
33517,21:13:29,114.086746,22.567238,1,56
33517,21:14:29,114.08152,22.572403,1,53
33517,21:14:53,114.08152,22.572403,1,0
33517,21:15:29,114.071892,22.569782,1,64
33517,21:15:57,114.071892,22.569782,1,0
33517,21:16:29,114.061089,22.567842,1,69
33517,21:17:29,114.050331,22.56501,1,77
33517,21:18:29,114.039436,22.563393,1,70
33517,21:19:29,114.02771,22.56146,1,69
33517,21:20:29,114.016846,22.560282,1,67
33517,21:21:29,114.007317,22.557524,1,61
33517,21:21:42,114.007317,22.557524,1,0
33517,21:22:29,113.996758,22.555941,1,64
33517,21:24:29,113.973907,22.556602,1,66
33517,21:25:29,113.962723,22.556929,1,70
33517,21:26:29,113.951111,22.556269,1,70
33517,21:27:27,113.951111,22.556269,1,0
33517,21:27:29,113.940559,22.555326,1,57
33517,21:28:29,113.929169,22.555239,1,77
33517,21:29:29,113.91835,22.555721,1,78
33517,21:30:29,113.907982,22.551205,1,75
33517,21:31:29,113.901711,22.547318,1,51
33517,21:32:29,113.894684,22.554127,1,69
33517,21:33:12,113.894684,22.554127,1,0
33517,21:33:29,113.890511,22.559061,1,11
33517,21:34:09,113.892052,22.560373,0,0
33517,21:34:29,113.892128,22.560385,0,0
33517,21:35:29,113.894974,22.558931,0,18
33517,21:35:42,113.895027,22.558882,1,10
33517,21:36:06,113.892128,22.560385,0,0
33517,21:36:29,113.897522,22.556915,1,23
33517,21:37:29,113.895058,22.554399,1,0
33517,21:38:29,113.896812,22.551525,1,60
33517,21:38:56,113.896812,22.551525,1,0
33517,21:39:29,113.904976,22.544558,1,64
33517,21:40:29,113.909966,22.54212,1,55
33517,21:41:29,113.910278,22.535551,1,0
33517,21:42:29,113.910278,22.535398,1,22
33517,21:43:29,113.910332,22.533743,1,0
33517,21:44:29,113.91037,22.533319,1,5
33517,21:44:41,113.91037,22.533319,1,0
33517,21:45:29,113.910294,22.531628,1,0
33517,21:46:29,113.910263,22.531622,1,0
33517,21:47:29,113.912643,22.53121,1,34
33517,21:48:29,113.913963,22.530268,1,46
33517,21:49:29,113.914467,22.527077,1,0
33517,21:50:27,113.914467,22.527077,1,0
33517,21:50:29,113.914276,22.523508,1,16
33517,21:51:29,113.913269,22.521273,1,49
33517,21:52:29,113.911583,22.519182,1,42
33517,21:53:21,113.908844,22.516462,0,0
33517,21:53:29,113.908821,22.516479,0,0
33517,21:54:29,113.908455,22.51515,0,0
33517,21:55:21,113.908722,22.514862,1,2
33517,21:55:29,113.909241,22.514952,1,39
33517,21:56:12,113.909241,22.514952,1,0
33517,21:56:29,113.911552,22.515596,1,45
33517,21:57:29,113.917381,22.520927,1,23
33517,21:57:49,113.917381,22.520927,1,0
33517,21:57:55,113.918716,22.520082,0,3
33517,21:58:29,113.919205,22.519842,0,37
33517,21:59:29,113.921799,22.517998,0,0
33517,22:00:29,113.921799,22.518013,0,0
33517,22:01:29,113.922737,22.519672,0,24
33517,22:01:57,113.922737,22.519672,0,0
33517,22:02:28,113.92347,22.521538,1,10
33517,22:02:29,113.92347,22.521538,1,10
33517,22:03:29,113.924507,22.525715,1,49
33517,22:04:29,113.926537,22.534258,1,61
33517,22:05:29,113.924973,22.531782,1,46
33517,22:06:29,113.923515,22.526756,1,46
33517,22:07:42,113.919914,22.527002,1,0
33517,22:08:17,113.923515,22.526756,1,0
33517,22:08:29,113.91877,22.527325,1,0
33517,22:08:39,113.91877,22.527325,1,0
33517,22:08:51,113.918762,22.527317,0,0
33517,22:09:29,113.91877,22.527323,0,0
33517,22:10:29,113.918526,22.527082,0,0
33517,22:11:29,113.918045,22.524782,0,1
33517,22:12:21,113.918907,22.526752,1,9
33517,22:12:29,113.919319,22.526655,1,25
33517,22:13:26,113.919319,22.526655,1,0
33517,22:13:29,113.925987,22.525034,1,45
33517,22:14:29,113.927628,22.520277,1,34
33517,22:15:29,113.927567,22.518145,1,0
33517,22:16:29,113.927567,22.518051,1,15
33517,22:17:29,113.930931,22.517128,1,24
33517,22:18:29,113.934494,22.517595,1,35
33517,22:19:00,113.930931,22.517128,1,0
33517,22:19:10,113.930931,22.517128,1,0
33517,22:19:26,113.934494,22.517595,1,0
33517,22:19:29,113.934685,22.518158,1,26
33517,22:20:29,113.935905,22.521639,1,0
33517,22:21:29,113.937614,22.525845,1,52
33517,22:22:29,113.931366,22.524961,1,69
33517,22:23:29,113.924995,22.526005,1,24
33517,22:24:29,113.925026,22.531639,1,37
33517,22:24:55,113.925026,22.531639,1,0
33517,22:25:29,113.927063,22.538376,1,50
33517,22:26:29,113.927048,22.543962,1,62
33517,22:27:29,113.928726,22.552486,1,66
33517,22:28:29,113.927078,22.555443,1,73
33517,22:29:29,113.917091,22.555662,1,81
33517,22:30:29,113.907951,22.551935,1,40
33517,22:30:41,113.907951,22.551935,1,0
33517,22:31:29,113.90461,22.556538,1,49
33517,22:32:29,113.897209,22.56274,1,66
33517,22:33:29,113.890602,22.569342,1,56
33517,22:34:29,113.882935,22.576563,1,72
33517,22:35:29,113.875519,22.583912,1,66
33517,22:36:26,113.875519,22.583912,1,0
33517,22:36:29,113.869629,22.590685,1,51
33517,22:37:29,113.864555,22.599154,1,64
33517,22:38:29,113.857506,22.608343,1,74
33517,22:39:29,113.855438,22.612974,1,41
33517,22:40:29,113.857338,22.614107,1,32
33517,22:40:30,113.855438,22.612974,1,0
33517,22:41:29,113.856285,22.617197,1,38
33517,22:41:51,113.855797,22.618811,0,0
33517,22:42:11,113.855797,22.618811,0,0
33517,22:42:29,113.855782,22.618822,0,0
33517,22:43:29,113.855789,22.618147,0,47
33517,22:44:29,113.856163,22.616886,0,0
33517,22:45:29,113.856171,22.616863,0,0
33517,22:46:29,113.85675,22.615345,0,47
33517,22:47:29,113.853836,22.614676,0,60
33517,22:47:55,113.85675,22.615345,0,0
33517,22:48:29,113.852409,22.618965,0,28
33517,22:49:29,113.85157,22.618105,0,43
33517,22:50:29,113.851715,22.614288,0,30
33517,22:51:15,113.851715,22.614288,0,0
33517,22:52:29,113.842949,22.611986,0,38
33517,22:53:29,113.837982,22.612549,0,48
33517,22:53:39,113.842949,22.611986,0,0
33517,22:54:29,113.83519,22.618555,0,0
33517,22:55:29,113.834969,22.618992,0,0
33517,22:56:29,113.834869,22.619202,0,20
33517,22:57:29,113.830742,22.617914,0,0
33517,22:58:29,113.826416,22.615812,0,85
33517,22:59:22,113.830742,22.617914,0,0
33517,22:59:29,113.816879,22.613379,0,71
33517,23:00:29,113.812172,22.622955,0,41
33517,23:01:29,113.813072,22.625727,0,29
33517,23:02:04,113.813072,22.625727,0,0
33517,23:02:29,113.810249,22.627632,0,3
33517,23:03:29,113.809654,22.627092,0,0
33517,23:04:14,113.809967,22.626656,1,4
33517,23:04:29,113.810043,22.626574,1,0
33517,23:05:08,113.810043,22.626574,1,0
33517,23:05:29,113.808426,22.624704,1,31
33517,23:06:29,113.809853,22.618168,1,83
33517,23:07:29,113.817398,22.609966,1,78
33517,23:08:29,113.826225,22.615408,1,62
33517,23:09:29,113.837914,22.620234,1,81
33517,23:10:29,113.849495,22.624268,1,61
33517,23:10:53,113.837914,22.620234,1,0
33517,23:11:29,113.854645,22.625698,1,64
33517,23:12:29,113.86673,22.621857,1,85
33517,23:12:39,113.854645,22.625698,1,0
33517,23:13:29,113.878242,22.613598,1,101
33517,23:14:29,113.888115,22.601624,1,104
33517,23:15:29,113.900558,22.591747,1,101
33517,23:16:29,113.911278,22.580244,1,95
33517,23:16:38,113.900558,22.591747,1,0
33517,23:17:29,113.919617,22.572016,1,60
33517,23:19:29,113.925865,22.565943,1,0
33517,23:20:29,113.927963,22.565422,1,45
33517,23:21:29,113.929123,22.565407,1,51
33517,23:22:23,113.929123,22.565407,1,0
33517,23:22:29,113.931389,22.571398,1,67
33517,23:23:24,113.931389,22.571398,1,0
33517,23:23:29,113.936394,22.571333,1,0
33517,23:24:29,113.94294,22.57135,1,69
33517,23:25:29,113.949654,22.571419,1,0
33517,23:26:29,113.949638,22.571407,1,0
33517,23:27:29,113.949608,22.577448,1,63
33517,23:28:08,113.949608,22.577448,1,0
33517,23:28:24,113.949867,22.583166,0,0
33517,23:28:29,113.949875,22.583158,0,0
33517,23:29:29,113.949966,22.583355,0,0
33517,23:29:33,113.949974,22.583363,1,4
33517,23:30:29,113.954979,22.583626,1,0
33517,23:31:29,113.956924,22.583855,1,60
33517,23:32:29,113.967407,22.585051,1,62
33517,23:33:29,113.971733,22.586666,1,8
33517,23:33:53,113.971733,22.586666,1,0
33517,23:34:29,113.977776,22.586838,1,13
33517,23:35:29,113.977959,22.589411,1,29
33517,23:36:29,113.981262,22.592138,1,15
33517,23:36:34,113.981255,22.592178,0,0
33517,23:37:29,113.981209,22.592373,0,0
33517,23:38:29,113.978401,22.589821,0,30
33517,23:39:29,113.977852,22.587208,0,32
33517,23:39:37,113.978401,22.589821,0,0
33517,23:40:29,113.983376,22.586042,0,58
33517,23:43:29,113.981255,22.5613,0,36
33517,23:44:29,113.978409,22.56208,0,0
33517,23:44:58,113.978409,22.56208,0,0
33517,23:45:20,113.978409,22.56208,0,0
33517,23:45:29,113.978165,22.561918,0,0
33517,23:46:03,113.978195,22.561907,1,9
33517,23:46:29,113.979027,22.560698,1,38
33517,23:47:29,113.974007,22.556641,1,83
33517,23:48:29,113.959961,22.556602,1,77
33517,23:49:29,113.946297,22.555504,1,90
33517,23:50:29,113.93351,22.555357,1,81
33517,23:51:04,113.93351,22.555357,1,0
33517,23:51:29,113.920456,22.555645,1,83
33517,23:52:29,113.909813,22.552258,1,43
33517,23:53:29,113.905731,22.555807,1,48
