31461,00:00:36,114.134399,22.618401,0,26
31461,00:01:35,114.1297,22.613001,0,26
31461,00:02:34,114.122902,22.6087,0,33
31461,00:03:33,114.117302,22.605101,0,9
31461,00:04:32,114.115196,22.6024,0,9
31461,00:05:31,114.117798,22.599701,0,18
31461,00:06:32,114.119499,22.5972,0,0
31461,00:07:30,114.120102,22.5931,0,21
31461,00:08:29,114.119698,22.591299,0,0
31461,00:09:28,114.119698,22.5916,0,2
31461,00:10:27,114.119499,22.5945,0,12
31461,00:11:26,114.1194,22.597799,0,0
31461,00:12:25,114.117699,22.599899,0,0
31461,00:13:23,114.115501,22.601999,0,0
31461,00:14:22,114.115501,22.602301,0,10
31461,00:15:21,114.120903,22.6071,0,28
31461,00:16:22,114.126404,22.610399,0,22
31461,00:17:21,114.133301,22.6166,0,32
31461,00:18:19,114.136902,22.6208,0,0
31461,00:19:18,114.139999,22.6222,0,13
31461,00:20:17,114.1446,22.622299,0,22
31461,00:21:16,114.153603,22.6245,0,37
31461,00:22:15,114.160103,22.632099,0,38
31461,00:23:14,114.1707,22.6362,0,24
31461,00:24:12,114.171501,22.636299,0,0
31461,00:25:11,114.176399,22.636999,0,0
31461,00:26:12,114.182297,22.639601,0,16
31461,00:27:11,114.182701,22.639799,0,10
31461,00:28:10,114.190804,22.643801,0,29
31461,00:29:08,114.193604,22.6444,0,0
31461,00:30:07,114.195396,22.644899,0,19
31461,00:31:06,114.201401,22.649,0,11
31461,00:32:06,114.201202,22.6502,0,0
31461,00:33:05,114.200996,22.649099,0,16
31461,00:34:04,114.200203,22.648399,0,0
31461,00:35:02,114.200203,22.648399,0,0
31461,00:36:01,114.195602,22.645201,0,27
31461,00:37:01,114.192802,22.644501,0,24
31461,00:38:00,114.186302,22.642,0,16
31461,00:38:59,114.182503,22.6401,0,2
31461,00:39:58,114.177299,22.6376,0,34
31461,00:40:56,114.1661,22.635401,0,38
31461,00:41:56,114.156998,22.629499,0,35
31461,00:42:55,114.152702,22.627001,0,14
31461,00:43:54,114.151001,22.636101,0,35
31461,00:44:53,114.147301,22.645399,0,33
31461,00:45:51,114.1492,22.6502,0,32
31461,00:46:51,114.154404,22.649099,0,19
31461,00:47:50,114.158897,22.651699,0,18
31461,00:48:49,114.1604,22.652599,0,0
31461,00:49:48,114.160004,22.652399,0,13
31461,00:50:46,114.1558,22.65,0,28
31461,00:51:47,114.153198,22.6504,0,0
31461,00:52:46,114.1521,22.6518,0,0
31461,00:53:45,114.146698,22.649,0,32
31461,00:54:44,114.145103,22.6481,0,5
31461,00:55:43,114.149696,22.642401,0,43
31461,00:56:42,114.151703,22.6304,0,43
31461,00:57:41,114.149597,22.623501,0,32
31461,00:58:40,114.139198,22.621799,0,32
31461,00:59:39,114.137604,22.6217,0,0
31461,01:00:38,114.132202,22.615999,0,36
31461,01:01:37,114.125298,22.6099,0,35
31461,01:02:35,114.117699,22.6054,0,4
31461,01:03:35,114.114403,22.601601,0,19
31461,01:04:34,114.112198,22.6005,0,0
31461,01:05:33,114.109901,22.598499,0,9
31461,01:06:32,114.108002,22.5986,0,0
31461,01:07:30,114.107597,22.598499,0,0
31461,01:08:31,114.107903,22.5986,0,4
31461,01:09:30,114.111099,22.5986,0,14
31461,01:10:29,114.112503,22.6005,0,15
31461,01:11:28,114.114799,22.601299,0,0
31461,01:12:27,114.121201,22.6073,0,36
31461,01:13:25,114.129799,22.611,0,31
31461,01:14:24,114.134003,22.610001,0,0
31461,01:15:23,114.137604,22.6094,0,14
31461,01:16:22,114.144798,22.6099,0,25
31461,01:17:08,114.143097,22.6096,0,0
31461,01:17:21,114.145103,22.6131,0,22
31461,01:18:07,114.143097,22.6096,0,0
31461,01:18:20,114.144997,22.614799,0,0
31461,01:19:06,114.143097,22.6096,0,0
31461,01:19:18,114.145302,22.614901,0,0
31461,01:20:17,114.145401,22.6143,0,6
31461,01:21:16,114.145302,22.611099,0,6
31461,01:22:18,114.145203,22.610001,0,0
31461,01:23:17,114.1427,22.609501,0,27
31461,01:24:15,114.135902,22.6098,0,0
31461,01:27:14,114.143097,22.6096,0,0
31461,01:28:14,114.143097,22.6096,0,0
31461,01:29:13,114.134102,22.618601,0,0
31461,01:29:14,114.143097,22.6096,0,0
31461,01:30:12,114.1334,22.617201,0,20
31461,01:31:10,114.129303,22.6129,0,13
31461,01:32:09,114.124001,22.6103,0,0
31461,01:33:08,114.120201,22.611099,0,1
31461,01:34:07,114.115196,22.6091,0,33
31461,01:34:14,114.143097,22.6096,0,0
31461,01:35:07,114.110703,22.608999,0,20
31461,01:36:06,114.112396,22.606199,0,11
31461,01:37:04,114.112602,22.6063,0,0
31461,01:38:03,114.112602,22.6063,0,0
31461,01:39:02,114.112602,22.6063,0,0
31461,01:40:02,114.112602,22.6063,0,0
31461,01:41:01,114.112602,22.6064,0,0
31461,01:41:59,114.112602,22.6064,0,0
31461,01:42:58,114.112602,22.6064,0,0
31461,01:43:57,114.112602,22.6064,0,0
31461,01:44:56,114.112602,22.6064,0,0
31461,01:45:56,114.112602,22.6064,0,0
31461,01:46:55,114.112503,22.606501,0,0
31461,01:47:53,114.112503,22.606501,0,0
31461,01:48:52,114.112503,22.606501,0,0
31461,01:49:51,114.112503,22.606501,0,0
31461,01:50:51,114.112602,22.6064,0,0
31461,01:51:50,114.112602,22.6064,0,0
31461,01:52:49,114.112602,22.6064,0,0
31461,01:53:47,114.112602,22.6064,0,0
31461,01:54:46,114.112602,22.6064,0,0
31461,01:55:47,114.112602,22.6064,0,0
31461,01:56:46,114.112602,22.6064,0,0
31461,01:57:45,114.112602,22.6064,0,0
31461,01:58:43,114.112602,22.6064,0,0
31461,01:59:42,114.112602,22.6064,0,0
31461,02:00:41,114.112602,22.6064,0,0
31461,02:01:40,114.112602,22.6064,0,0
31461,02:02:39,114.112602,22.6064,0,0
31461,02:03:38,114.112602,22.6063,0,0
31461,02:04:36,114.112602,22.6063,0,0
31461,02:05:37,114.112602,22.6063,0,0
31461,02:06:36,114.112503,22.6063,0,0
31461,02:07:35,114.112503,22.6064,0,0
31461,02:08:34,114.112503,22.6064,0,0
31461,02:09:32,114.112602,22.6063,0,0
31461,02:10:31,114.112602,22.6063,0,0
31461,02:11:30,114.112602,22.6063,0,0
31461,02:12:29,114.112602,22.6063,0,0
31461,02:13:28,114.112602,22.6063,0,0
31461,02:14:27,114.112602,22.6063,0,0
31461,02:15:25,114.112602,22.6063,0,0
31461,02:16:26,114.112602,22.6063,0,0
31461,02:17:25,114.112602,22.6063,0,0
31461,02:18:24,114.112602,22.6063,0,0
31461,02:19:23,114.112602,22.6063,0,0
31461,02:20:21,114.112602,22.6063,0,0
31461,02:21:21,114.112602,22.6063,0,0
31461,02:22:20,114.112602,22.6063,0,0
31461,02:23:19,114.112602,22.6063,0,0
31461,02:24:18,114.112602,22.6063,0,0
31461,02:25:17,114.112602,22.6063,0,0
31461,02:26:16,114.112602,22.6063,0,0
31461,02:27:15,114.112602,22.6063,0,0
31461,02:28:14,114.112602,22.6063,0,0
31461,02:29:13,114.112602,22.6063,0,0
31461,02:30:12,114.112602,22.6063,0,0
31461,02:31:12,114.112602,22.6063,0,0
31461,02:32:11,114.112602,22.6063,0,0
31461,02:33:10,114.112602,22.6063,0,0
31461,02:34:09,114.112701,22.605499,0,14
31461,02:35:08,114.112297,22.6035,0,8
31461,02:36:07,114.111702,22.6024,0,0
31461,02:37:05,114.111198,22.6014,0,4
31461,02:38:04,114.112,22.602501,0,4
31461,02:39:03,114.112396,22.603399,0,0
31461,02:40:02,114.112801,22.602501,0,8
31461,02:41:01,114.111702,22.6017,0,0
31461,02:42:01,114.112297,22.6024,0,0
31461,02:43:00,114.112999,22.604401,0,16
31461,02:43:59,114.110298,22.609501,0,16
31461,02:44:58,114.107002,22.6136,0,36
31461,02:45:57,114.105003,22.620001,0,0
31461,02:46:57,114.103699,22.623199,0,32
31461,02:47:55,114.101501,22.626499,0,0
31461,02:48:54,114.099098,22.629499,0,35
31461,02:49:53,114.087997,22.630699,0,41
31461,02:50:52,114.077003,22.6292,0,29
31461,02:51:52,114.075104,22.6294,0,0
31461,02:52:51,114.0672,22.630501,0,42
31461,02:53:49,114.065002,22.630301,0,26
31461,02:54:48,114.052597,22.630301,0,45
31461,02:56:47,114.045898,22.6408,0,21
31461,02:57:46,114.046097,22.6448,0,25
31461,02:58:44,114.048599,22.6453,0,14
31461,02:59:43,114.049004,22.646299,0,10
31461,03:00:42,114.046997,22.6453,0,10
31461,03:01:42,114.045197,22.6493,0,27
31461,03:02:41,114.0383,22.6525,0,13
31461,03:03:40,114.0327,22.657301,0,30
31461,03:04:38,114.027,22.6625,0,19
31461,03:05:37,114.026604,22.6618,0,0
31461,03:06:37,114.026604,22.6618,0,0
31461,03:07:37,114.026604,22.6618,0,0
31461,03:08:36,114.026604,22.6618,0,0
31461,03:09:35,114.026497,22.6618,0,3
31461,03:10:33,114.026398,22.661501,0,0
31461,03:11:32,114.026001,22.6609,0,20
31461,03:12:31,114.023003,22.6586,0,14
31461,03:13:30,114.023697,22.6591,0,23
31461,03:14:29,114.030197,22.664499,0,0
31461,03:15:27,114.031303,22.666201,0,0
31461,03:16:26,114.034302,22.6682,0,23
31461,03:17:27,114.037598,22.6633,0,9
31461,03:18:26,114.038399,22.657499,0,21
31461,03:19:25,114.038696,22.6527,0,16
31461,03:20:24,114.044701,22.6497,0,34
31461,03:21:22,114.045898,22.6434,0,15
31461,03:22:22,114.045898,22.6408,0,14
31461,03:23:21,114.0467,22.6383,0,25
31461,03:24:20,114.050797,22.6355,0,26
31461,03:25:19,114.048401,22.6329,0,0
31461,03:26:17,114.048203,22.632799,0,0
31461,03:27:17,114.050903,22.6334,0,17
31461,03:28:16,114.054199,22.6329,0,11
31461,03:29:15,114.055397,22.635401,0,9
31461,03:30:14,114.058197,22.637699,0,4
31461,03:31:13,114.060204,22.6387,0,15
31461,03:32:12,114.0625,22.639099,0,7
31461,03:33:11,114.064598,22.6415,0,16
31461,03:34:10,114.068901,22.6444,0,20
31461,03:35:09,114.075699,22.645201,0,17
31461,03:36:08,114.079498,22.6432,0,20
31461,03:37:07,114.086098,22.639601,0,31
31461,03:38:06,114.0942,22.6373,0,29
31461,03:39:05,114.096802,22.632099,0,13
31461,03:40:04,114.099297,22.6292,0,24
31461,03:41:03,114.101501,22.6259,0,18
31461,03:42:02,114.104202,22.622601,0,0
31461,03:43:00,114.104301,22.6222,0,0
31461,03:43:59,114.104301,22.6222,0,0
31461,03:45:00,114.104301,22.6222,0,0
31461,03:45:59,114.1045,22.622,0,15
31461,03:46:58,114.105904,22.6159,0,0
31461,03:47:56,114.108002,22.6113,0,0
31461,03:48:55,114.111504,22.6078,0,27
31461,03:49:56,114.113197,22.604799,0,16
31461,03:50:55,114.112099,22.600901,0,0
31461,03:51:54,114.112999,22.599899,0,9
31461,03:52:53,114.109497,22.59,0,37
31461,03:53:51,114.111,22.5877,0,0
31461,03:54:50,114.110802,22.587999,0,14
31461,03:55:49,114.111603,22.596901,0,18
31461,03:56:48,114.114502,22.600599,0,15
31461,03:57:48,114.111298,22.600401,0,0
31461,03:58:47,114.111702,22.6021,0,5
31461,03:59:45,114.112,22.6035,0,0
31461,04:00:44,114.112,22.6035,0,0
31461,04:01:43,114.111801,22.6035,0,0
31461,04:02:43,114.111801,22.6035,0,0
31461,04:03:42,114.112099,22.603701,0,0
31461,04:04:40,114.1119,22.6036,0,0
31461,04:05:39,114.112297,22.603701,0,0
31461,04:06:38,114.112602,22.6038,0,0
31461,04:07:38,114.112602,22.6038,0,0
31461,04:08:37,114.112602,22.6038,0,0
31461,04:09:36,114.112396,22.603901,0,0
31461,04:10:34,114.112396,22.603901,0,0
31461,04:11:33,114.112396,22.604,0,0
31461,04:12:32,114.112396,22.604,0,0
31461,04:13:32,114.112396,22.603901,0,0
31461,04:14:31,114.112198,22.6036,0,0
31461,04:15:30,114.1119,22.6035,0,0
31461,04:16:28,114.1119,22.6035,0,0
31461,04:17:27,114.112297,22.603701,0,0
31461,04:18:28,114.112297,22.603701,0,0
31461,04:19:27,114.112297,22.603701,0,0
31461,04:20:26,114.112297,22.603701,0,0
31461,04:21:25,114.112297,22.603701,0,0
31461,04:22:23,114.112297,22.603701,0,0
31461,04:23:22,114.112297,22.603701,0,0
31461,04:24:21,114.112297,22.603701,0,0
31461,04:25:20,114.112198,22.603901,0,0
31461,04:26:19,114.112396,22.604,0,0
31461,04:27:17,114.112396,22.603901,0,0
31461,04:28:18,114.112396,22.603901,0,0
31461,04:29:17,114.112396,22.603901,0,0
31461,04:30:16,114.111702,22.603001,0,0
31461,04:31:15,114.112,22.6036,0,3
31461,04:32:14,114.112198,22.6038,0,0
31461,04:33:13,114.111702,22.6031,0,0
31461,04:34:12,114.112,22.6036,0,0
31461,04:35:11,114.111702,22.603399,0,0
31461,04:36:10,114.111702,22.6035,0,0
31461,04:37:09,114.112297,22.603901,0,0
31461,04:38:08,114.1119,22.603701,0,0
31461,04:39:07,114.112198,22.603901,0,12
31461,04:40:06,114.1129,22.605,0,18
31461,04:41:05,114.108803,22.6108,0,9
31461,04:42:04,114.106102,22.6161,0,27
31461,04:43:03,114.105499,22.6173,0,0
31461,04:44:02,114.102097,22.617201,0,15
31461,04:45:01,114.101898,22.616899,0,0
31461,04:46:00,114.104401,22.6175,0,0
31461,04:47:00,114.105904,22.615801,0,4
31461,04:47:59,114.108704,22.6108,0,26
31461,04:48:57,114.115997,22.6096,0,31
31461,04:49:56,114.118797,22.610701,0,8
31461,04:50:55,114.118698,22.6105,0,10
31461,04:51:55,114.112503,22.609501,0,30
31461,04:52:54,114.110001,22.6099,0,19
31461,04:53:52,114.106102,22.6161,0,16
31461,04:54:51,114.106003,22.6164,0,0
31461,04:55:50,114.106003,22.616501,0,0
31461,04:56:49,114.106003,22.616501,0,0
31461,04:57:49,114.106003,22.616501,0,0
31461,04:58:48,114.106003,22.616501,0,0
31461,04:59:46,114.106003,22.616501,0,0
31461,05:00:45,114.106003,22.6164,0,0
31461,05:01:44,114.105904,22.6164,0,0
31461,05:02:44,114.105904,22.6164,0,0
31461,05:03:43,114.105904,22.615801,0,0
31461,05:04:42,114.104103,22.6141,0,0
31461,05:05:40,114.103699,22.614,0,0
31461,05:06:39,114.103302,22.614201,0,7
31461,05:07:40,114.101799,22.6143,0,0
31461,05:08:39,114.1017,22.6143,0,0
31461,05:09:38,114.1017,22.6143,0,0
31461,05:10:37,114.1017,22.6143,0,0
31461,05:11:35,114.1017,22.6143,0,0
31461,05:12:35,114.1017,22.6143,0,0
31461,05:13:34,114.1017,22.6143,0,0
31461,05:14:33,114.1017,22.6143,0,0
31461,05:15:32,114.1017,22.6143,0,0
31461,05:16:31,114.1017,22.6143,0,0
31461,05:17:30,114.1017,22.6143,0,0
31461,05:18:29,114.1017,22.6143,0,0
31461,05:19:28,114.1017,22.6143,0,0
31461,05:20:27,114.101799,22.6143,0,0
31461,05:21:26,114.101799,22.6143,0,0
31461,05:22:25,114.1017,22.6143,0,0
31461,05:23:24,114.1017,22.6143,0,0
31461,05:24:23,114.1017,22.6143,0,0
31461,05:25:22,114.1017,22.6143,0,0
31461,05:26:21,114.1017,22.6143,0,0
31461,05:27:20,114.1017,22.6143,0,0
31461,05:28:19,114.1017,22.6143,0,0
31461,05:29:18,114.1017,22.6143,0,0
31461,05:30:17,114.1017,22.6143,0,0
31461,05:31:16,114.1017,22.6143,0,0
31461,05:32:15,114.1017,22.6143,0,0
31461,05:33:15,114.1017,22.6143,0,0
31461,05:34:14,114.1017,22.6143,0,0
31461,05:35:13,114.1017,22.6143,0,0
31461,05:36:12,114.1017,22.6143,0,0
31461,05:37:11,114.1017,22.6143,0,0
31461,05:38:10,114.1017,22.6143,0,0
31461,05:39:08,114.1017,22.6143,0,0
31461,05:40:07,114.1017,22.6143,0,0
31461,05:41:06,114.1017,22.6143,0,0
31461,05:42:05,114.1017,22.6143,0,0
31461,05:43:06,114.1017,22.6143,0,0
31461,05:44:05,114.1017,22.6143,0,0
31461,05:45:03,114.1017,22.6143,0,0
31461,05:46:02,114.1017,22.6143,0,0
31461,05:47:01,114.1017,22.6143,0,0
31461,05:48:01,114.1017,22.6143,0,0
31461,05:49:00,114.1017,22.6143,0,0
31461,05:49:58,114.1017,22.6143,0,0
31461,05:50:57,114.1017,22.6143,0,0
31461,05:51:56,114.1017,22.6143,0,0
31461,05:52:55,114.1017,22.6143,0,0
31461,05:53:55,114.1017,22.6143,0,0
31461,05:54:54,114.1017,22.6143,0,0
31461,05:55:52,114.1017,22.6143,0,0
31461,05:56:51,114.1017,22.6143,0,0
31461,05:57:50,114.1017,22.6143,0,0
31461,05:58:50,114.101799,22.614,0,0
31461,05:59:49,114.1017,22.6143,0,0
31461,06:00:47,114.1017,22.6143,0,0
31461,06:01:46,114.101799,22.6143,0,0
31461,06:02:45,114.101799,22.6143,0,0
31461,06:03:45,114.101799,22.6143,0,0
31461,06:04:44,114.101799,22.6143,0,0
31461,06:05:43,114.1017,22.6143,0,0
31461,06:06:41,114.1017,22.6143,0,0
31461,06:07:40,114.1017,22.6143,0,0
31461,06:08:41,114.101799,22.614401,0,0
31461,06:09:40,114.101799,22.614401,0,0
31461,06:10:39,114.101799,22.614401,0,0
31461,06:11:38,114.101799,22.614401,0,0
31461,06:12:36,114.101799,22.614401,0,0
31461,06:13:35,114.101799,22.6143,0,0
31461,06:14:34,114.101799,22.6143,0,0
31461,06:15:33,114.101799,22.6143,0,0
31461,06:16:32,114.101799,22.6143,0,0
31461,06:17:30,114.101799,22.6143,0,0
31461,06:18:31,114.101799,22.6143,0,0
31461,06:20:29,114.1017,22.6143,0,0
31461,06:21:28,114.1017,22.6143,0,0
31461,06:22:27,114.1017,22.6143,0,0
31461,06:23:25,114.1017,22.6143,0,0
31461,06:24:25,114.1017,22.6143,0,0
31461,06:25:24,114.1017,22.6143,0,0
31461,06:26:23,114.1017,22.6143,0,0
31461,06:27:22,114.1017,22.6143,0,0
31461,06:28:20,114.1017,22.6143,0,0
31461,06:29:20,114.1017,22.6143,0,0
31461,06:30:19,114.1017,22.6143,0,0
31461,06:31:18,114.1017,22.6143,0,0
31461,06:32:17,114.1017,22.6143,0,0
31461,06:33:16,114.1017,22.6143,0,0
31461,06:34:15,114.1017,22.6143,0,0
31461,06:35:14,114.1017,22.6143,0,0
31461,06:36:13,114.1017,22.6143,0,0
31461,06:37:12,114.1017,22.6143,0,0
31461,06:38:11,114.1017,22.6143,0,0
31461,06:39:11,114.1017,22.6143,0,0
31461,06:40:09,114.1017,22.6143,0,0
31461,06:41:08,114.101799,22.6143,0,0
31461,06:42:07,114.1017,22.614201,0,0
31461,06:43:06,114.1017,22.614201,0,0
31461,06:44:06,114.101799,22.614401,0,0
31461,06:45:04,114.101799,22.614401,0,0
31461,06:46:03,114.101799,22.614401,0,0
31461,06:47:02,114.101799,22.614401,0,0
31461,06:48:01,114.101799,22.614401,0,0
31461,06:49:01,114.101799,22.614401,0,0
31461,06:50:00,114.101799,22.614401,0,0
31461,06:50:58,114.101799,22.6143,0,0
31461,06:51:57,114.101799,22.6143,0,0
31461,06:52:56,114.101601,22.614401,0,0
31461,06:53:55,114.101601,22.614401,0,0
31461,06:54:56,114.101601,22.614401,0,0
31461,06:55:55,114.101601,22.614401,0,0
31461,06:56:53,114.101601,22.614401,0,0
31461,06:57:52,114.101601,22.614401,0,0
31461,06:58:51,114.101601,22.614401,0,0
31461,06:59:51,114.101601,22.614401,0,0
31461,07:00:50,114.101601,22.614401,0,0
31461,07:01:48,114.101601,22.614401,0,0
31461,07:02:47,114.101601,22.614401,0,0
31461,07:03:46,114.101601,22.614401,0,0
31461,07:04:46,114.101601,22.614401,0,0
31461,07:05:45,114.101601,22.614401,0,0
31461,07:06:44,114.101601,22.614401,0,0
31461,07:07:42,114.101601,22.614401,0,0
31461,07:08:41,114.101601,22.6143,0,0
31461,07:09:41,114.101601,22.6143,0,0
31461,07:10:40,114.1017,22.6143,0,0
31461,07:11:39,114.1017,22.6143,0,0
31461,07:12:37,114.1017,22.6141,0,0
31461,07:13:36,114.1017,22.6143,0,0
31461,07:14:36,114.101601,22.6145,0,0
31461,07:15:35,114.1017,22.614401,0,0
31461,07:16:34,114.1017,22.614401,0,0
31461,07:17:33,114.1017,22.614401,0,0
31461,07:18:31,114.1017,22.614401,0,0
31461,07:19:30,114.1017,22.614401,0,0
31461,07:20:30,114.1017,22.6143,0,0
31461,07:21:29,114.1017,22.6143,0,0
31461,07:22:28,114.1017,22.6143,0,0
31461,07:23:27,114.1017,22.6143,0,0
31461,07:24:25,114.101799,22.614401,0,0
31461,07:25:25,114.101799,22.614401,0,0
31461,07:26:24,114.101799,22.6143,0,0
31461,07:27:23,114.101799,22.6143,0,0
31461,07:28:22,114.1017,22.614401,0,0
31461,07:29:20,114.1017,22.614401,0,0
31461,07:30:21,114.101799,22.6143,0,0
31461,07:31:20,114.101799,22.6143,0,0
31461,07:32:19,114.101799,22.6143,0,0
31461,07:33:18,114.101501,22.614599,0,0
31461,07:34:17,114.101601,22.6145,0,0
31461,07:35:16,114.1017,22.6143,0,0
31461,07:36:15,114.1017,22.6143,0,0
31461,07:37:14,114.101601,22.6145,0,0
31461,07:38:13,114.1017,22.614401,0,0
31461,07:39:12,114.1017,22.614401,0,0
31461,07:40:11,114.1017,22.614401,0,0
31461,07:41:10,114.1017,22.614401,0,0
31461,07:42:09,114.1017,22.614401,0,0
31461,07:43:08,114.101601,22.6145,0,0
31461,07:44:07,114.1017,22.614401,0,0
31461,07:45:07,114.1017,22.614401,0,0
31461,07:46:05,114.1017,22.614401,0,0
31461,07:47:04,114.1017,22.614401,0,0
31461,07:48:03,114.1017,22.614401,0,0
31461,07:49:02,114.1017,22.614401,0,0
31461,07:50:01,114.1017,22.614401,0,0
31461,07:51:00,114.1017,22.614401,0,0
31461,07:51:59,114.101501,22.6145,0,0
31461,07:52:58,114.1017,22.614401,0,0
31461,07:53:57,114.1017,22.614401,0,0
31461,07:54:56,114.1017,22.6143,0,0
31461,07:55:57,114.101799,22.6143,0,0
31461,07:56:55,114.101799,22.6143,0,0
31461,07:57:54,114.101799,22.6143,0,0
31461,07:58:53,114.101799,22.6143,0,0
31461,07:59:52,114.101799,22.6143,0,0
31461,08:00:51,114.101799,22.6143,0,0
31461,08:01:50,114.101799,22.6143,0,0
31461,08:02:48,114.101799,22.6143,0,0
31461,08:03:47,114.101799,22.6143,0,0
31461,08:04:46,114.102303,22.614599,0,2
31461,08:05:47,114.103699,22.614201,0,5
31461,08:06:46,114.104698,22.614901,0,6
31461,08:07:44,114.106796,22.6141,0,22
31461,08:08:43,114.107201,22.612301,0,8
31461,08:09:42,114.107803,22.6115,0,0
31461,08:10:42,114.1082,22.611099,0,15
31461,08:11:41,114.111298,22.608,0,12
31461,08:12:40,114.112801,22.6054,0,0
31461,08:13:38,114.112503,22.6038,0,6
31461,08:14:37,114.111298,22.601601,0,8
31461,08:15:37,114.112099,22.6024,0,1
31461,08:16:36,114.112701,22.6042,0,0
31461,08:17:35,114.1129,22.6049,0,11
31461,08:18:33,114.111801,22.607201,0,0
31461,08:19:32,114.113297,22.609501,0,26
31461,08:20:31,114.120003,22.6112,0,0
31461,08:21:31,114.121498,22.6096,0,5
31461,08:22:30,114.120201,22.6112,0,0
31461,08:23:29,114.120201,22.6112,0,0
31461,08:24:27,114.116997,22.6099,0,36
31461,08:25:26,114.108902,22.6105,0,7
31461,08:26:26,114.107498,22.6115,0,20
31461,08:27:25,114.105904,22.615101,0,6
31461,08:28:24,114.106499,22.614901,0,17
31461,08:29:23,114.107597,22.6117,0,0
31461,08:30:21,114.109703,22.610001,0,8
31461,08:31:22,114.1157,22.6098,0,32
31461,08:32:21,114.120102,22.611099,0,5
31461,08:33:20,114.121101,22.6075,0,26
31461,08:34:19,114.117798,22.604799,0,5
31461,08:35:17,114.118896,22.6059,0,0
31461,08:36:16,114.118896,22.6061,0,0
31461,08:37:15,114.123901,22.608801,0,33
31461,08:38:15,114.131302,22.614201,0,10
31461,08:39:14,114.131699,22.6147,0,3
31461,08:40:13,114.133202,22.615801,0,3
31461,08:41:11,114.134003,22.614799,0,5
31461,08:42:10,114.135597,22.614401,0,3
31461,08:43:10,114.135101,22.6173,0,1
31461,08:44:09,114.133499,22.6173,0,9
31461,08:45:08,114.126701,22.6106,0,34
31461,08:46:06,114.117203,22.6047,0,28
31461,08:47:05,114.111298,22.5965,0,29
31461,08:48:06,114.110603,22.587999,0,17
31461,08:49:05,114.111,22.5877,0,0
31461,08:50:04,114.109497,22.591499,0,26
31461,08:51:03,114.1119,22.5973,0,8
31461,08:52:01,114.113098,22.599501,0,26
31461,08:53:00,114.118896,22.606199,0,32
31461,08:53:59,114.126404,22.6101,0,24
31461,08:54:58,114.130699,22.610701,0,0
31461,08:55:57,114.130699,22.610701,0,0
31461,08:56:55,114.135002,22.6099,0,26
31461,08:57:54,114.138199,22.6082,0,0
31461,08:58:55,114.138199,22.605101,0,12
31461,08:59:54,114.138,22.603701,0,0
31461,09:00:53,114.137703,22.6052,0,11
31461,09:01:52,114.137901,22.6087,0,12
31461,09:02:50,114.1353,22.609501,0,0
31461,09:03:50,114.132599,22.6105,0,13
31461,09:04:49,114.127602,22.6124,0,30
31461,09:05:48,114.121399,22.6171,0,33
31461,09:06:47,114.1157,22.6213,0,6
31461,09:07:45,114.112198,22.6215,0,16
31461,09:08:45,114.107201,22.622999,0,0
31461,09:09:44,114.102402,22.626301,0,33
31461,09:10:43,114.096298,22.631701,0,34
31461,09:11:42,114.088402,22.6308,0,30
31461,09:12:41,114.082703,22.629601,0,11
31461,09:13:40,114.0774,22.629101,0,22
31461,09:14:39,114.075699,22.629499,0,0
31461,09:15:38,114.074303,22.6297,0,12
31461,09:16:37,114.07,22.6306,0,0
31461,09:17:36,114.069504,22.630501,0,10
31461,09:18:36,114.067001,22.630501,0,0
31461,09:19:34,114.065498,22.6313,0,0
31461,09:20:33,114.064903,22.632799,0,7
31461,09:21:32,114.062401,22.638901,0,13
31461,09:22:31,114.061096,22.643801,0,0
31461,09:23:30,114.061302,22.6448,0,21
31461,09:24:31,114.061302,22.648701,0,0
31461,09:25:29,114.061302,22.648701,0,0
31461,09:26:28,114.061897,22.6528,0,0
31461,09:27:27,114.059097,22.653799,0,17
31461,09:28:26,114.056099,22.6574,0,23
31461,09:29:25,114.055901,22.660801,0,0
31461,09:30:23,114.052803,22.6611,0,18
31461,09:31:22,114.052696,22.6642,0,11
31461,09:32:21,114.054001,22.6667,0,0
31461,09:33:20,114.0541,22.6668,0,16
31461,09:34:21,114.052696,22.665001,0,0
31461,09:35:20,114.052498,22.6639,0,0
31461,09:36:18,114.052299,22.661699,0,1
31461,09:37:17,114.054497,22.6611,0,28
31461,09:38:16,114.055603,22.6611,0,0
31461,09:39:15,114.056801,22.6635,0,16
31461,09:40:14,114.058998,22.6623,0,12
31461,09:41:13,114.062302,22.661301,0,8
31461,09:42:11,114.066399,22.6607,0,15
31461,09:43:10,114.064201,22.6572,0,0
31461,09:44:11,114.062798,22.655001,0,16
31461,09:45:10,114.057404,22.6541,0,26
31461,09:46:09,114.056,22.6605,0,25
31461,09:47:07,114.056,22.6619,0,21
31461,09:48:06,114.056999,22.6637,0,0
31461,09:49:06,114.057404,22.665501,0,14
31461,09:50:05,114.060699,22.6682,0,2
31461,09:51:04,114.060501,22.6679,0,10
31461,09:52:02,114.0569,22.6647,0,5
31461,09:53:01,114.0578,22.663401,0,9
31461,09:54:00,114.060799,22.6614,0,17
31461,09:55:00,114.066299,22.660801,0,21
31461,09:55:59,114.0634,22.656,0,13
31461,09:56:58,114.061302,22.650801,0,26
31461,09:57:56,114.061203,22.6448,0,17
31461,09:58:55,114.062401,22.6394,0,20
31461,09:59:56,114.062401,22.639099,0,0
31461,10:00:55,114.062599,22.639,0,10
31461,10:01:54,114.064697,22.633699,0,21
31461,10:02:53,114.065399,22.6311,0,8
31461,10:03:51,114.069603,22.630301,0,32
31461,10:04:50,114.074203,22.6294,0,0
31461,10:05:49,114.078903,22.628599,0,20
31461,10:06:48,114.081299,22.6283,0,0
31461,10:07:47,114.082603,22.628599,0,7
31461,10:08:46,114.082703,22.628599,0,0
31461,10:09:46,114.082603,22.6285,0,0
31461,10:10:45,114.082603,22.6285,0,0
31461,10:11:44,114.082603,22.6285,0,0
31461,10:12:43,114.082603,22.6285,0,0
31461,10:13:42,114.082603,22.6285,0,0
31461,10:14:40,114.082603,22.6285,0,0
31461,10:15:39,114.082497,22.628599,0,0
31461,10:16:38,114.082497,22.628599,0,0
31461,10:17:37,114.082497,22.628599,0,0
31461,10:18:36,114.082298,22.628201,0,0
31461,10:19:37,114.088402,22.6297,0,32
31461,10:20:35,114.097504,22.6308,0,30
31461,10:21:34,114.100998,22.627199,0,0
31461,10:22:33,114.100998,22.627199,0,0
31461,10:23:32,114.101601,22.6257,0,16
31461,10:24:31,114.103897,22.622801,0,0
31461,10:25:31,114.104698,22.620899,0,11
31461,10:26:29,114.105499,22.617399,0,0
31461,10:27:28,114.105904,22.615999,0,0
31461,10:28:27,114.105904,22.615999,0,0
31461,10:29:26,114.107399,22.6119,0,5
31461,10:30:26,114.108597,22.610901,0,0
31461,10:31:24,114.108902,22.6106,0,0
31461,10:32:23,114.1092,22.610399,0,4
31461,10:33:22,114.110199,22.6096,0,11
31461,10:34:21,114.111099,22.608299,0,3
31461,10:35:22,114.112602,22.608,0,7
31461,10:36:20,114.112602,22.6084,0,6
31461,10:37:19,114.110901,22.6094,0,17
31461,10:38:18,114.118202,22.610201,0,12
31461,10:39:17,114.119797,22.611099,0,0
31461,10:40:16,114.121902,22.6096,0,9
31461,10:41:15,114.124199,22.612,0,18
31461,10:42:13,114.126701,22.613001,0,30
31461,10:43:12,114.129997,22.611,0,0
31461,10:44:11,114.130501,22.6092,0,8
31461,10:45:12,114.130402,22.607,0,0
31461,10:46:11,114.130402,22.607,0,10
31461,10:47:10,114.1306,22.6096,0,9
31461,10:48:08,114.130798,22.610201,0,0
31461,10:49:07,114.128197,22.6122,0,18
31461,10:50:06,114.124603,22.609301,0,26
31461,10:51:06,114.120697,22.610701,0,19
31461,10:52:05,114.120003,22.6117,0,0
31461,10:53:03,114.117699,22.6105,0,3
31461,10:54:02,114.117897,22.610399,0,5
31461,10:55:01,114.117104,22.6096,0,0
31461,10:56:01,114.119102,22.610701,0,4
31461,10:57:00,114.121101,22.6124,0,23
31461,10:57:58,114.122803,22.6134,0,16
31461,10:58:57,114.125702,22.615499,0,5
31461,10:59:56,114.124298,22.6141,0,20
31461,11:00:56,114.129601,22.6124,0,30
31461,11:01:55,114.1334,22.6171,0,0
31461,11:02:54,114.133797,22.6173,0,9
31461,11:03:52,114.137001,22.620501,0,0
31461,11:04:51,114.136101,22.6248,0,21
31461,11:05:51,114.139198,22.6273,0,0
31461,11:07:51,114.146202,22.6315,0,3
31461,11:08:50,114.147598,22.632,0,15
31461,11:09:49,114.147903,22.6292,0,10
31461,11:10:48,114.147202,22.6273,0,0
31461,11:11:47,114.1465,22.626801,0,11
31461,11:12:47,114.147697,22.6236,0,9
31461,11:13:46,114.148003,22.623899,0,11
31461,11:14:45,114.146698,22.623199,0,10
31461,11:15:44,114.145401,22.6229,0,18
31461,11:16:43,114.139999,22.622601,0,26
31461,11:17:42,114.139,22.6224,0,0
31461,11:18:41,114.137199,22.622,0,19
31461,11:19:40,114.1334,22.628799,0,30
31461,11:20:39,114.128098,22.633301,0,18
31461,11:21:38,114.125099,22.640699,0,34
31461,11:22:37,114.121803,22.646799,0,12
31461,11:23:37,114.120598,22.648001,0,20
31461,11:24:35,114.120399,22.6511,0,26
31461,11:25:34,114.121696,22.6539,0,0
31461,11:26:33,114.122002,22.656401,0,30
31461,11:27:32,114.118896,22.6646,0,34
31461,11:28:33,114.118202,22.665701,0,9
31461,11:29:32,114.117401,22.671801,0,0
31461,11:30:30,114.117302,22.676001,0,23
31461,11:31:29,114.120697,22.6789,0,24
31461,11:32:28,114.1231,22.68,0,0
31461,11:33:27,114.122597,22.679899,0,6
31461,11:34:26,114.119698,22.679001,0,15
31461,11:35:24,114.117302,22.6759,0,23
31461,11:36:23,114.117302,22.6733,0,0
31461,11:37:22,114.117203,22.6712,0,0
31461,11:38:22,114.117203,22.6703,0,17
31461,11:39:21,114.114799,22.667801,0,15
31461,11:40:20,114.108704,22.665001,0,33
31461,11:41:18,114.097702,22.665199,0,43
31461,11:42:17,114.0867,22.6677,0,39
31461,11:43:17,114.077301,22.6735,0,38
31461,11:44:16,114.066399,22.676201,0,37
31461,11:45:15,114.058296,22.681299,0,38
31461,11:46:13,114.050499,22.684999,0,32
31461,11:47:12,114.048103,22.679701,0,40
31461,11:48:11,114.048897,22.6674,0,49
31461,11:49:11,114.0495,22.6551,0,43
31461,11:50:10,114.049103,22.6437,0,46
31461,11:51:08,114.043701,22.6332,0,40
31461,11:52:07,114.043098,22.6229,0,29
31461,11:53:06,114.045799,22.6208,0,0
31461,11:54:06,114.0467,22.621201,0,22
31461,11:55:05,114.039398,22.618601,0,21
31461,11:56:04,114.036102,22.616899,0,14
31461,11:57:02,114.031799,22.614599,0,25
31461,11:58:01,114.029602,22.6127,0,0
31461,11:59:02,114.027802,22.6126,0,18
31461,12:00:01,114.0271,22.612499,0,3
31461,12:01:00,114.027496,22.615801,0,0
31461,12:01:59,114.028397,22.611601,0,0
31461,12:02:58,114.032097,22.614599,0,5
31461,12:03:57,114.032097,22.614599,0,0
31461,12:04:56,114.034599,22.6161,0,3
31461,12:05:55,114.035103,22.616501,0,10
31461,12:06:54,114.036697,22.617201,0,0
31461,12:07:52,114.038101,22.617901,0,17
31461,12:08:51,114.042999,22.6203,0,24
31461,12:09:50,114.049896,22.6222,0,18
31461,12:10:49,114.051804,22.625299,0,2
31461,12:11:49,114.053703,22.625401,0,0
31461,12:12:48,114.053703,22.625401,0,0
31461,12:13:46,114.053703,22.625401,0,0
31461,12:14:45,114.053703,22.625401,0,0
31461,12:15:44,114.053703,22.625401,0,0
31461,12:16:45,114.053703,22.625401,0,0
31461,12:17:44,114.053703,22.625401,0,0
31461,12:18:42,114.053703,22.625401,0,0
31461,12:19:41,114.053802,22.625,0,0
31461,12:20:40,114.053802,22.625,0,0
31461,12:21:39,114.053802,22.625,0,0
31461,12:22:38,114.053802,22.625,0,0
31461,12:23:37,114.053802,22.625,0,0
31461,12:24:35,114.053802,22.625,0,0
31461,12:25:34,114.053802,22.625,0,0
31461,12:26:33,114.053802,22.625,0,0
31461,12:27:34,114.053802,22.625,0,0
31461,12:28:33,114.053802,22.625,0,0
31461,12:29:31,114.053802,22.625,0,0
31461,12:30:30,114.053802,22.625,0,0
31461,12:31:29,114.053802,22.625,0,0
31461,12:33:28,114.053802,22.625,0,0
31461,12:34:27,114.053802,22.625,0,0
31461,12:35:25,114.053802,22.625,0,0
31461,12:36:24,114.055603,22.626801,0,16
31461,12:37:24,114.055496,22.6292,0,0
31461,12:38:23,114.051498,22.6306,0,28
31461,12:39:22,114.043404,22.632799,0,9
31461,12:40:20,114.0457,22.639601,0,20
31461,12:41:19,114.0457,22.6409,0,0
31461,12:42:20,114.0457,22.6385,0,7
31461,12:43:19,114.052002,22.636999,0,26
31461,12:44:18,114.055603,22.636101,0,3
31461,12:45:17,114.057404,22.6371,0,0
31461,12:46:15,114.058098,22.637501,0,5
31461,12:47:14,114.060699,22.6387,0,18
31461,12:48:13,114.062897,22.638399,0,19
31461,12:49:12,114.064796,22.633499,0,0
31461,12:50:11,114.067398,22.630301,0,30
31461,12:51:09,114.074402,22.629499,0,0
31461,12:52:08,114.0756,22.629299,0,24
31461,12:53:09,114.0812,22.6283,0,0
31461,12:54:08,114.089798,22.630501,0,41
31461,12:55:07,114.099998,22.628401,0,39
31461,12:56:06,114.1054,22.6241,0,5
31461,12:57:04,114.111099,22.6217,0,28
31461,12:58:04,114.114799,22.6213,0,12
31461,12:59:03,114.1213,22.617201,0,37
31461,13:00:02,114.129601,22.611099,0,19
31461,13:01:01,114.130699,22.610399,0,12
31461,13:01:59,114.130501,22.608601,0,8
31461,13:02:59,114.130501,22.607599,0,0
31461,13:03:58,114.130302,22.6085,0,10
31461,13:04:57,114.130798,22.6105,0,9
31461,13:05:56,114.136299,22.609501,0,23
31461,13:06:55,114.144096,22.609699,0,28
31461,13:07:55,114.145401,22.6098,0,14
31461,13:08:54,114.149902,22.6078,0,7
31461,13:09:53,114.149597,22.607,0,0
31461,13:10:52,114.150002,22.607901,0,0
31461,13:11:51,114.150002,22.607901,0,0
31461,13:12:50,114.148804,22.608801,0,19
31461,13:13:48,114.145302,22.611099,0,14
31461,13:14:47,114.144501,22.6138,0,7
31461,13:15:46,114.141701,22.6136,0,8
31461,13:16:45,114.141098,22.613899,0,0
31461,13:17:44,114.139801,22.6147,0,10
31461,13:18:44,114.140503,22.617201,0,12
31461,13:19:43,114.141602,22.6194,0,5
31461,13:20:42,114.140503,22.6215,0,7
31461,13:21:41,114.141899,22.622101,0,0
31461,13:22:40,114.143501,22.6222,0,21
31461,13:23:39,114.1427,22.622601,0,0
31461,13:24:37,114.141296,22.622601,0,0
31461,13:25:36,114.139397,22.6224,0,3
31461,13:26:35,114.139297,22.6224,0,0
31461,13:27:34,114.137703,22.621799,0,16
31461,13:28:35,114.133797,22.6285,0,23
31461,13:29:33,114.133598,22.6287,0,0
31461,13:30:32,114.134697,22.627501,0,23
31461,13:31:31,114.133102,22.625401,0,0
31461,13:32:30,114.135902,22.6248,0,26
31461,13:33:29,114.135902,22.620199,0,12
31461,13:34:28,114.131599,22.615,0,37
31461,13:35:26,114.125,22.609699,0,14
31461,13:36:25,114.118797,22.6064,0,16
31461,13:37:24,114.116302,22.6038,0,16
31461,13:38:25,114.115402,22.6029,0,0
31461,13:39:24,114.113098,22.6003,0,0
31461,13:40:22,114.112701,22.600401,0,0
31461,13:41:21,114.112396,22.6005,0,4
31461,13:42:20,114.1119,22.602501,0,12
31461,13:43:20,114.112503,22.6033,0,6
31461,13:44:19,114.112602,22.601601,0,0
31461,13:45:18,114.112602,22.601601,0,0
31461,13:46:16,114.112801,22.600901,0,8
31461,13:47:15,114.116798,22.6007,0,10
31461,13:48:14,114.117203,22.602699,0,9
31461,13:49:13,114.119797,22.603001,0,12
31461,13:50:12,114.119797,22.602301,0,0
31461,13:51:10,114.119797,22.602301,0,0
31461,13:52:11,114.119797,22.602301,0,0
31461,13:53:10,114.119698,22.603201,0,0
31461,13:54:09,114.118599,22.603399,0,10
31461,13:55:08,114.116203,22.6017,0,0
31461,13:56:07,114.116203,22.6017,0,0
31461,13:57:06,114.114197,22.6014,0,19
31461,13:58:05,114.113098,22.6003,0,0
31461,13:59:04,114.113503,22.6036,0,0
31461,14:00:03,114.113197,22.6042,0,11
31461,14:01:02,114.112099,22.6066,0,6
31461,14:02:01,114.110603,22.6087,0,0
31461,14:03:00,114.110397,22.6089,0,11
31461,14:03:59,114.1092,22.610399,0,0
31461,14:04:58,114.108498,22.610901,0,0
31461,14:05:57,114.108498,22.610901,0,0
31461,14:06:58,114.108101,22.6108,0,8
31461,14:07:56,114.105797,22.609699,0,0
31461,14:08:55,114.106499,22.610001,0,13
31461,14:09:54,114.107803,22.610901,0,0
31461,14:10:53,114.109901,22.6098,0,0
31461,14:11:52,114.1119,22.6096,0,24
31461,14:12:51,114.119499,22.611,0,17
31461,14:13:49,114.119904,22.6112,0,0
31461,14:14:48,114.120003,22.611401,0,10
31461,14:15:47,114.124802,22.613899,0,20
31461,14:16:46,114.130501,22.610901,0,8
31461,14:17:47,114.134003,22.6101,0,0
31461,14:18:45,114.134903,22.6099,0,20
31461,14:19:44,114.137802,22.6092,0,0
31461,14:20:43,114.138199,22.608999,0,7
31461,14:21:42,114.1381,22.6054,0,8
31461,14:22:42,114.137901,22.6038,0,0
31461,14:23:41,114.137901,22.6036,0,0
31461,14:24:39,114.137901,22.6043,0,0
31461,14:25:38,114.137901,22.6075,0,16
31461,14:26:37,114.1381,22.608801,0,0
31461,14:27:36,114.1381,22.608801,0,0
31461,14:28:36,114.135803,22.609699,0,10
31461,14:29:35,114.130402,22.611,0,17
31461,14:30:33,114.123901,22.614599,0,25
31461,14:31:32,114.118599,22.620199,0,23
31461,14:32:31,114.115402,22.6213,0,11
31461,14:33:31,114.111702,22.621599,0,16
31461,14:34:30,114.109299,22.622,0,0
31461,14:35:28,114.108101,22.622499,0,16
31461,14:36:27,114.107201,22.6231,0,0
31461,14:37:26,114.106796,22.623301,0,10
31461,14:38:25,114.101501,22.6271,0,27
31461,14:39:26,114.0961,22.631701,0,28
31461,14:40:25,114.086899,22.6306,0,38
31461,14:41:23,114.081802,22.629101,0,12
31461,14:42:22,114.081398,22.6287,0,0
31461,14:43:21,114.086998,22.628799,0,34
31461,14:44:21,114.096901,22.631201,0,35
31461,14:45:20,114.099899,22.6285,0,17
31461,14:46:18,114.105301,22.6241,0,13
31461,14:47:17,114.110298,22.621799,0,10
31461,14:48:16,114.112801,22.6215,0,4
31461,14:49:16,114.114899,22.621201,0,18
31461,14:50:15,114.1157,22.617201,0,19
31461,14:51:14,114.115501,22.614,0,3
31461,14:52:12,114.1157,22.612801,0,12
31461,14:53:11,114.115601,22.6103,0,8
31461,14:54:10,114.115799,22.6066,0,0
31461,14:55:09,114.116997,22.605301,0,0
31461,14:56:08,114.117897,22.6052,0,10
31461,14:57:07,114.123199,22.607901,0,6
31461,14:58:05,114.124298,22.6073,0,0
31461,14:59:06,114.124496,22.6073,0,0
31461,15:00:05,114.124603,22.6073,0,0
31461,15:01:04,114.124603,22.6073,0,0
31461,15:02:03,114.126198,22.608299,0,4
31461,15:03:02,114.128197,22.6092,0,10
31461,15:04:02,114.130501,22.6098,0,11
31461,15:05:01,114.130699,22.610399,0,0
31461,15:06:00,114.130501,22.610399,0,0
31461,15:06:59,114.135399,22.609699,0,22
31461,15:07:58,114.137703,22.6092,0,7
31461,15:08:56,114.1381,22.607,0,19
31461,15:09:55,114.137802,22.6042,0,0
31461,15:10:54,114.135399,22.603701,0,11
31461,15:11:53,114.133301,22.6019,0,7
31461,15:12:52,114.132401,22.5987,0,18
31461,15:13:51,114.128403,22.6,0,16
31461,15:14:51,114.126297,22.6038,0,10
31461,15:15:50,114.1278,22.604799,0,10
31461,15:16:49,114.124901,22.606701,0,9
31461,15:17:48,114.123497,22.6077,0,3
31461,15:18:47,114.124199,22.608801,0,18
31461,15:19:44,114.128502,22.6115,0,21
31461,15:20:43,114.125397,22.6138,0,19
31461,15:21:42,114.119598,22.6194,0,29
31461,15:22:41,114.114899,22.6213,0,15
31461,15:23:40,114.110001,22.621799,0,24
31461,15:24:42,114.107201,22.6231,0,0
31461,15:25:40,114.106598,22.6234,0,11
31461,15:26:39,114.102097,22.626699,0,12
31461,15:27:38,114.101898,22.627001,0,0
31461,15:28:37,114.101601,22.6271,0,9
31461,15:29:37,114.102203,22.6245,0,0
31461,15:30:36,114.101303,22.6238,0,6
31461,15:31:34,114.1008,22.622499,0,4
31461,15:32:33,114.1008,22.622101,0,0
31461,15:33:32,114.1008,22.622101,0,0
31461,15:34:32,114.1008,22.622101,0,0
31461,15:35:31,114.101501,22.622,0,9
31461,15:36:29,114.103104,22.622,0,5
31461,15:37:28,114.104698,22.621099,0,19
31461,15:38:27,114.105202,22.617399,0,7
31461,15:39:26,114.102501,22.6173,0,6
31461,15:40:27,114.101997,22.617201,0,0
31461,15:41:26,114.103897,22.6175,0,3
31461,15:42:24,114.105103,22.6173,0,3
31461,15:43:23,114.105698,22.6166,0,0
31461,15:44:22,114.106003,22.6157,0,15
31461,15:45:21,114.107697,22.611601,0,1
31461,15:46:20,114.1082,22.611099,0,13
31461,15:47:18,114.1101,22.6099,0,0
31461,15:48:17,114.117203,22.6099,0,39
31461,15:49:16,114.119301,22.610901,0,5
31461,15:50:17,114.1194,22.611,0,0
31461,15:51:16,114.121101,22.6122,0,23
31461,15:52:15,114.122498,22.6131,0,0
31461,15:53:13,114.121803,22.6127,0,17
31461,15:54:12,114.120201,22.6117,0,8
31461,15:55:12,114.119202,22.6122,0,3
31461,15:56:11,114.119797,22.6117,0,0
31461,15:57:10,114.119797,22.6117,0,0
31461,15:58:08,114.123703,22.613899,0,23
31461,15:59:07,114.127602,22.617001,0,18
31461,16:00:07,114.129997,22.619801,0,0
31461,16:01:06,114.133698,22.623699,0,31
31461,16:02:05,114.137001,22.621799,0,0
31461,16:03:04,114.137703,22.6206,0,0
31461,16:04:02,114.139,22.6194,0,7
31461,16:05:01,114.138603,22.6187,0,0
31461,16:07:01,114.137703,22.620899,0,9
31461,16:08:00,114.137604,22.621099,0,0
31461,16:08:58,114.136597,22.621,0,24
31461,16:09:57,114.132599,22.616699,0,17
31461,16:10:56,114.127899,22.611601,0,24
31461,16:11:55,114.124298,22.609301,0,0
31461,16:12:54,114.118599,22.6063,0,19
31461,16:13:53,114.117302,22.6049,0,0
31461,16:14:51,114.116898,22.6045,0,0
31461,16:15:51,114.114403,22.601601,0,18
31461,16:16:50,114.113403,22.6005,0,0
31461,16:17:49,114.112396,22.601801,0,18
31461,16:18:48,114.112701,22.6059,0,4
31461,16:19:47,114.112701,22.606001,0,6
31461,16:20:46,114.111504,22.6078,0,0
31461,16:21:45,114.111198,22.6084,0,11
31461,16:22:44,114.1138,22.609501,0,23
31461,16:23:43,114.1194,22.611,0,0
31461,16:24:42,114.119598,22.6113,0,7
31461,16:25:43,114.1222,22.613001,0,0
31461,16:26:41,114.123901,22.614,0,21
31461,16:27:40,114.129402,22.6113,0,0
31461,16:28:39,114.130798,22.6106,0,12
31461,16:29:38,114.130302,22.6082,0,7
31461,16:30:37,114.130402,22.607599,0,0
31461,16:31:35,114.130302,22.609501,0,0
31461,16:32:34,114.130699,22.610399,0,0
31461,16:33:33,114.128403,22.612,0,24
31461,16:34:32,114.127197,22.6113,0,0
31461,16:35:31,114.125198,22.6098,0,15
31461,16:36:32,114.118599,22.6063,0,28
31461,16:37:30,114.117699,22.605,0,13
31461,16:38:29,114.116402,22.604,0,0
31461,16:39:28,114.116096,22.603701,0,4
31461,16:40:27,114.115402,22.6024,0,5
31461,16:41:28,114.117798,22.6045,0,4
31461,16:42:26,114.122597,22.608,0,32
31461,16:43:25,114.127602,22.6108,0,24
31461,16:44:24,114.125801,22.613701,0,22
31461,16:45:23,114.119102,22.620001,0,34
31461,16:46:22,114.116302,22.621201,0,0
31461,16:47:21,114.114502,22.621401,0,12
31461,16:48:19,114.107903,22.6227,0,27
31461,16:49:18,114.103996,22.6252,0,23
31461,16:50:17,114.096001,22.6318,0,30
31461,16:51:18,114.087097,22.630699,0,35
31461,16:52:17,114.081398,22.628901,0,2
31461,16:53:15,114.083,22.628,0,26
31461,16:54:14,114.091301,22.631399,0,31
31461,16:55:13,114.096001,22.6315,0,0
31461,16:56:12,114.096497,22.631399,0,12
31461,16:57:11,114.099403,22.628901,0,8
31461,16:58:09,114.100998,22.627701,0,11
31461,16:59:08,114.0952,22.6322,0,32
31461,17:00:07,114.087097,22.6306,0,27
31461,17:01:08,114.081802,22.6292,0,10
31461,17:02:06,114.075897,22.6294,0,7
31461,17:03:05,114.070297,22.630301,0,26
31461,17:04:03,114.0672,22.630501,0,0
31461,17:05:02,114.0672,22.630501,0,0
31461,17:06:01,114.065102,22.6304,0,18
31461,17:07:02,114.0588,22.629601,0,27
31461,17:08:01,114.049103,22.631201,0,30
31461,17:08:59,114.042999,22.632601,0,23
31461,17:09:58,114.039703,22.632999,0,0
31461,17:10:57,114.039703,22.632999,0,0
31461,17:11:57,114.033096,22.634001,0,17
31461,17:12:56,114.032799,22.6341,0,0
31461,17:13:55,114.032303,22.632601,0,8
31461,17:14:53,114.027298,22.631599,0,23
31461,17:15:52,114.026497,22.630899,0,0
31461,17:16:53,114.028198,22.631701,0,15
31461,17:17:52,114.031998,22.632,0,5
31461,17:18:51,114.032402,22.630899,0,0
31461,17:19:49,114.032402,22.6306,0,12
31461,17:20:48,114.033997,22.6273,0,3
31461,17:21:47,114.034103,22.625799,0,0
31461,17:22:46,114.0345,22.624599,0,23
31461,17:23:45,114.035698,22.6208,0,0
31461,17:24:44,114.036301,22.618999,0,16
31461,17:25:42,114.035599,22.616699,0,11
31461,17:26:43,114.036903,22.617201,0,6
31461,17:27:42,114.038498,22.6147,0,0
31461,17:28:41,114.039803,22.6124,0,17
31461,17:29:40,114.040497,22.608601,0,13
31461,17:30:38,114.040703,22.6092,0,10
31461,17:31:38,114.039497,22.6124,0,12
31461,17:32:37,114.038803,22.613899,0,0
31461,17:33:36,114.038597,22.613899,0,0
31461,17:34:35,114.037102,22.616899,0,0
31461,17:35:34,114.035301,22.621901,0,20
31461,17:36:32,114.034302,22.625,0,9
31461,17:37:32,114.033401,22.627899,0,6
31461,17:38:31,114.032204,22.6297,0,0
31461,17:39:30,114.031998,22.6308,0,13
31461,17:40:29,114.032204,22.6334,0,0
31461,17:41:28,114.032097,22.633801,0,11
31461,17:42:27,114.031898,22.638599,0,23
31461,17:43:26,114.033401,22.6423,0,6
31461,17:44:25,114.034401,22.642599,0,5
31461,17:45:24,114.038002,22.641701,0,0
31461,17:46:23,114.038002,22.641701,0,0
31461,17:47:22,114.038399,22.6422,0,0
31461,17:48:21,114.038399,22.642,0,6
31461,17:49:20,114.037903,22.6408,0,20
31461,17:50:19,114.0383,22.638,0,16
31461,17:51:18,114.039398,22.634001,0,17
31461,17:52:19,114.039597,22.6336,0,0
31461,17:53:17,114.040497,22.632799,0,25
31461,17:54:16,114.0429,22.632401,0,14
31461,17:55:14,114.046097,22.6301,0,1
31461,17:56:13,114.045601,22.6294,0,2
31461,17:57:12,114.043503,22.631201,0,32
31461,17:58:11,114.047997,22.640699,0,41
31461,17:59:09,114.049896,22.6507,0,33
31461,18:00:10,114.049698,22.6597,0,5
31461,18:01:09,114.050201,22.661301,0,14
31461,18:02:08,114.051102,22.661301,0,0
31461,18:03:07,114.051102,22.661301,0,0
31461,18:04:05,114.051102,22.661301,0,0
31461,18:05:04,114.052498,22.662901,0,1
31461,18:06:03,114.052696,22.663099,0,14
31461,18:07:02,114.053902,22.666201,0,12
31461,18:08:01,114.054497,22.6668,0,0
31461,18:09:00,114.054703,22.667101,0,3
31461,18:10:00,114.053497,22.6681,0,11
31461,18:10:59,114.048401,22.670601,0,9
31461,18:11:58,114.046799,22.672501,0,26
31461,18:12:57,114.0439,22.674801,0,0
31461,18:13:56,114.040901,22.674601,0,0
31461,18:14:54,114.040901,22.674601,0,0
31461,18:20:49,114.033096,22.6607,0,24
31461,18:21:48,114.030998,22.6595,0,0
31461,18:22:47,114.030197,22.6591,0,9
31461,18:23:46,114.028603,22.6584,0,0
31461,18:24:45,114.028603,22.658199,0,0
31461,18:25:46,114.026703,22.656601,0,0
31461,18:26:44,114.025398,22.6556,0,0
31461,18:27:43,114.025398,22.6556,0,0
31461,18:28:42,114.024597,22.655001,0,14
31461,18:29:41,114.022697,22.653601,0,0
31461,18:30:41,114.022697,22.653601,0,0
31461,18:31:39,114.021599,22.6528,0,0
31461,18:32:38,114.021599,22.6528,0,0
31461,18:33:37,114.021599,22.6528,0,0
31461,18:34:36,114.019997,22.651501,0,3
31461,18:35:36,114.019402,22.6511,0,0
31461,18:36:35,114.019203,22.6509,0,0
31461,18:37:33,114.0187,22.6507,0,2
31461,18:38:32,114.017197,22.6527,0,10
31461,18:39:31,114.017502,22.6541,0,15
31461,18:40:32,114.018204,22.654499,0,0
31461,18:41:31,114.017403,22.6546,0,0
31461,18:42:30,114.015602,22.6532,0,22
31461,18:43:28,114.010803,22.6499,0,15
31461,18:44:27,114.007301,22.6474,0,8
31461,18:45:26,114.003799,22.645399,0,20
31461,18:46:25,114.0,22.6432,0,0
31461,18:47:24,113.998703,22.6425,0,0
31461,18:49:21,113.998596,22.6425,0,0
31461,18:50:20,113.998703,22.6425,0,0
31461,18:51:21,113.998596,22.6425,0,3
31461,18:52:20,114.000702,22.643499,0,12
31461,18:53:19,114.004601,22.6458,0,12
31461,18:54:17,114.005501,22.6465,0,0
31461,18:55:16,114.005699,22.6464,0,7
31461,18:56:15,114.007004,22.6469,0,0
31461,18:57:14,114.007896,22.6474,0,4
31461,18:58:13,114.007896,22.6474,0,0
31461,18:59:12,114.007896,22.6474,0,0
31461,19:00:10,114.009201,22.6485,0,16
31461,19:01:11,114.010696,22.6497,0,13
31461,19:02:10,114.0149,22.6525,0,20
31461,19:03:09,114.017601,22.652201,0,17
31461,19:04:08,114.019096,22.6502,0,7
31461,19:05:06,114.019501,22.649799,0,6
31461,19:06:06,114.018799,22.647301,0,0
31461,19:07:05,114.020302,22.6462,0,15
31461,19:08:04,114.023102,22.644699,0,20
31461,19:09:03,114.0224,22.642099,0,0
31461,19:10:02,114.023499,22.6457,0,0
31461,19:11:00,114.023499,22.6457,0,0
31461,19:12:00,114.023499,22.6457,0,0
31461,19:12:59,114.023697,22.6464,0,8
31461,19:13:58,114.022202,22.6511,0,18
31461,19:14:57,114.021599,22.652,0,5
31461,19:15:55,114.018898,22.6551,0,8
31461,19:16:56,114.021797,22.6576,0,0
31461,19:18:54,114.021599,22.6576,0,0
31461,19:19:53,114.021599,22.6576,0,0
31461,19:20:52,114.021599,22.6576,0,0
31461,19:21:50,114.021599,22.6576,0,0
31461,19:22:49,114.021202,22.658001,0,0
31461,19:23:48,114.021004,22.6572,0,3
31461,19:24:47,114.019897,22.656099,0,5
31461,19:25:46,114.018898,22.6558,0,8
31461,19:26:46,114.0177,22.6567,0,5
31461,19:27:45,114.0177,22.656601,0,4
31461,19:28:44,114.018303,22.656,0,0
31461,19:29:43,114.020302,22.656601,0,26
31461,19:30:42,114.022202,22.657801,0,0
31461,19:31:41,114.022202,22.657801,0,0
31461,19:32:39,114.024696,22.6597,0,16
31461,19:33:38,114.028999,22.6604,0,23
31461,19:34:37,114.030296,22.659401,0,10
31461,19:35:36,114.033401,22.6609,0,0
31461,19:36:37,114.037003,22.6584,0,4
31461,19:37:35,114.0383,22.657499,0,0
31461,19:38:34,114.038902,22.657,0,0
31461,19:39:33,114.040298,22.6558,0,12
31461,19:40:32,114.038597,22.6525,0,0
31461,19:41:31,114.038101,22.6516,0,15
31461,19:42:31,114.036003,22.647699,0,0
31461,19:43:29,114.0354,22.6464,0,22
31461,19:44:28,114.0336,22.643299,0,0
31461,19:45:27,114.0336,22.643299,0,0
31461,19:46:26,114.032997,22.641399,0,25
31461,19:47:26,114.031799,22.6373,0,0
31461,19:48:24,114.031799,22.6366,0,0
31461,19:49:23,114.031998,22.635201,0,0
31461,19:50:22,114.031998,22.635201,0,0
31461,19:51:21,114.032204,22.6341,0,5
31461,19:52:22,114.032204,22.6315,0,6
31461,19:53:21,114.031502,22.6304,0,14
31461,19:54:18,114.030197,22.6292,0,10
31461,19:55:17,114.030098,22.6271,0,6
31461,19:56:16,114.028603,22.6255,0,0
31461,19:57:15,114.029099,22.625799,0,6
31461,19:58:14,114.030701,22.625,0,13
31461,20:00:03,114.031601,22.624901,0,0
31461,20:01:02,114.025902,22.623699,0,24
31461,20:02:01,114.024399,22.6217,0,23
31461,20:03:00,114.022697,22.620001,0,0
31461,20:03:59,114.022598,22.6199,0,0
31461,20:04:57,114.022003,22.620199,0,7
31461,20:05:56,114.019699,22.6201,0,7
31461,20:06:56,114.019501,22.619301,0,4
31461,20:07:55,114.0205,22.618601,0,0
31461,20:08:54,114.021599,22.6187,0,0
31461,20:09:53,114.022797,22.6196,0,4
31461,20:10:51,114.0243,22.621,0,7
31461,20:11:50,114.026604,22.6164,0,17
31461,20:12:49,114.027199,22.615601,0,0
31461,20:13:48,114.029099,22.6129,0,20
31461,20:14:49,114.031502,22.6141,0,0
31461,20:15:48,114.0317,22.6143,0,4
31461,20:16:46,114.031898,22.6145,0,0
31461,20:17:45,114.031898,22.6145,0,0
31461,20:18:44,114.032204,22.6152,0,12
31461,20:19:44,114.0289,22.620199,0,31
31461,20:20:43,114.028099,22.622801,0,0
31461,20:21:42,114.026703,22.6273,0,32
31461,20:22:40,114.024597,22.633699,0,16
31461,20:23:39,114.024597,22.635401,0,0
31461,20:24:39,114.024696,22.635599,0,6
31461,20:25:38,114.0215,22.637199,0,0
31461,20:26:37,114.021301,22.6374,0,0
31461,20:27:35,114.020203,22.637699,0,25
31461,20:28:34,114.016602,22.6392,0,0
31461,20:29:33,114.0168,22.6411,0,9
31461,20:30:33,114.0168,22.6416,0,0
31461,20:31:32,114.016701,22.642,0,3
31461,20:32:31,114.016899,22.6427,0,0
31461,20:33:29,114.016701,22.643101,0,0
31461,20:34:28,114.016098,22.6429,0,0
31461,20:35:28,114.015404,22.6437,0,4
31461,20:36:27,114.015701,22.6434,0,0
31461,20:37:26,114.015503,22.6436,0,0
31461,20:38:24,114.015701,22.6436,0,0
31461,20:39:23,114.015701,22.6436,0,0
31461,20:40:24,114.0158,22.6434,0,0
31461,20:41:23,114.0158,22.6434,0,0
31461,20:42:22,114.0159,22.643299,0,0
31461,20:43:21,114.0159,22.643299,0,0
31461,20:44:19,114.0159,22.643299,0,0
31461,20:45:18,114.016098,22.643499,0,0
31461,20:46:17,114.016098,22.6437,0,0
31461,20:47:16,114.015999,22.6436,0,0
31461,20:48:15,114.015999,22.6436,0,0
31461,20:49:14,114.015999,22.643299,0,0
31461,20:50:14,114.017097,22.642799,0,10
31461,20:51:13,114.015602,22.6436,0,8
31461,20:52:12,114.012497,22.647301,0,27
31461,20:53:11,114.0131,22.6513,0,0
31461,20:54:10,114.013199,22.651899,0,15
31461,20:55:08,114.010597,22.6574,0,27
31461,20:56:07,114.008202,22.6609,0,13
31461,20:57:06,114.010902,22.6632,0,13
31461,20:58:05,114.014397,22.665701,0,15
31461,20:59:04,114.016197,22.6661,0,0
31461,21:00:03,114.017799,22.6667,0,22
31461,21:01:03,114.019798,22.6679,0,20
31461,21:02:02,114.023201,22.6667,0,14
31461,21:03:01,114.023804,22.6661,0,0
31461,21:04:00,114.024597,22.6653,0,17
31461,21:04:59,114.026604,22.6619,0,6
31461,21:05:59,114.026604,22.6618,0,0
31461,21:06:57,114.026604,22.6618,0,0
31461,21:07:56,114.026604,22.6618,0,0
31461,21:08:55,114.026497,22.6619,0,0
31461,21:09:54,114.026299,22.6614,0,0
31461,21:10:54,114.026299,22.6614,0,0
31461,21:11:52,114.026299,22.6614,0,0
31461,21:12:51,114.026299,22.660999,0,5
31461,21:13:50,114.024696,22.659901,0,0
31461,21:14:49,114.026703,22.6609,0,4
31461,21:15:49,114.027901,22.6614,0,10
31461,21:16:48,114.028801,22.6607,0,0
31461,21:17:46,114.030296,22.6593,0,0
31461,21:18:45,114.027496,22.6572,0,7
31461,21:19:44,114.025497,22.655701,0,5
31461,21:20:44,114.022301,22.653299,0,5
31461,21:21:43,114.021599,22.6527,0,0
31461,21:22:42,114.021599,22.6527,0,0
31461,21:23:40,114.020103,22.651501,0,11
31461,21:24:39,114.019203,22.6509,0,0
31461,21:25:40,114.017303,22.6495,0,3
31461,21:26:39,114.016403,22.648701,0,0
31461,21:27:38,114.018204,22.646601,0,11
31461,21:28:37,114.018501,22.6464,0,5
31461,21:29:35,114.017303,22.6429,0,12
31461,21:30:34,114.018402,22.6425,0,17
31461,21:31:34,114.022903,22.641199,0,9
31461,21:32:33,114.025497,22.6401,0,16
31461,21:33:32,114.024498,22.6367,0,0
31461,21:34:31,114.025803,22.635799,0,25
31461,21:35:29,114.032097,22.633801,0,0
31461,21:36:29,114.0326,22.6339,0,14
31461,21:37:28,114.038597,22.6329,0,0
31461,21:38:27,114.040001,22.632799,0,14
31461,21:39:26,114.0467,22.631599,0,29
31461,21:40:25,114.053497,22.629999,0,27
31461,21:41:24,114.061096,22.629499,0,1
31461,21:42:23,114.063301,22.629801,0,23
31461,21:43:22,114.065002,22.629999,0,11
31461,21:44:21,114.066704,22.630199,0,0
31461,21:45:20,114.073601,22.629499,0,23
31461,21:46:19,114.074203,22.6294,0,0
31461,21:47:18,114.075897,22.629101,0,10
31461,21:48:17,114.080704,22.628201,0,26
31461,21:49:16,114.088898,22.629801,0,32
31461,21:50:15,114.097801,22.6306,0,25
31461,21:51:14,114.0989,22.629499,0,0
31461,21:52:13,114.100502,22.627501,0,9
31461,21:53:12,114.102203,22.624599,0,13
31461,21:54:11,114.104202,22.6224,0,8
31461,21:55:10,114.104599,22.621599,0,0
31461,21:56:08,114.105698,22.616899,0,17
31461,21:57:08,114.106201,22.615499,0,9
31461,21:58:07,114.108101,22.6159,0,6
31461,21:59:06,114.109398,22.615601,0,0
31461,22:00:05,114.108597,22.6157,0,10
31461,22:01:04,114.106499,22.615601,0,0
31461,22:02:04,114.107101,22.6129,0,11
31461,22:03:03,114.107201,22.6105,0,10
31461,22:04:02,114.1045,22.6091,0,12
31461,22:05:01,114.101196,22.608299,0,9
31461,22:06:00,114.098602,22.608801,0,4
31461,22:07:00,114.097099,22.6094,0,4
31461,22:07:58,114.095802,22.6103,0,12
31461,22:08:57,114.094704,22.6115,0,7
31461,22:09:56,114.096199,22.6096,0,10
31461,22:10:55,114.098297,22.608999,0,10
31461,22:11:55,114.099403,22.6085,0,0
31461,22:12:53,114.101196,22.6084,0,0
31461,22:13:52,114.101898,22.6085,0,5
31461,22:14:51,114.1045,22.609301,0,0
31461,22:15:50,114.106697,22.610201,0,16
31461,22:16:50,114.109802,22.6099,0,11
31461,22:17:49,114.112503,22.609699,0,24
31461,22:18:47,114.118797,22.6106,0,0
31461,22:19:46,114.119698,22.6113,0,0
31461,22:20:45,114.119698,22.6113,0,0
31461,22:21:45,114.123001,22.6134,0,15
31461,22:22:44,114.128799,22.6115,0,22
31461,22:23:43,114.130402,22.611,0,0
31461,22:24:41,114.133598,22.6101,0,0
31461,22:25:40,114.1343,22.610001,0,9
31461,22:26:39,114.137901,22.6092,0,0
31461,22:27:39,114.1381,22.6091,0,11
31461,22:28:38,114.141701,22.6078,0,6
31461,22:29:36,114.143997,22.606001,0,2
31461,22:30:35,114.143997,22.606199,0,4
31461,22:31:34,114.141502,22.6078,0,6
31461,22:32:34,114.142799,22.609501,0,31
31461,22:33:33,114.147003,22.6096,0,16
31461,22:34:32,114.152298,22.6077,0,23
31461,22:35:30,114.158798,22.6094,0,10
31461,22:36:29,114.158096,22.612301,0,0
31461,22:37:30,114.1577,22.6134,0,4
31461,22:38:29,114.158699,22.611,0,3
31461,22:39:28,114.158997,22.6103,0,0
31461,22:40:27,114.158699,22.611099,0,8
31461,22:41:25,114.1577,22.6131,0,12
31461,22:42:25,114.158997,22.6101,0,3
31461,22:43:23,114.1549,22.608999,0,11
31461,22:44:22,114.150101,22.608299,0,15
31461,22:45:21,114.145699,22.6098,0,0
31461,22:46:19,114.138702,22.6092,0,7
31461,22:47:18,114.138199,22.6091,0,8
31461,22:48:19,114.1353,22.6098,0,6
31461,22:49:18,114.134903,22.6098,0,0
31461,22:50:17,114.132202,22.610399,0,26
31461,22:51:15,114.128403,22.6129,0,18
31461,22:52:14,114.121696,22.6078,0,42
31461,22:53:15,114.113701,22.600599,0,31
31461,22:54:14,114.1119,22.5977,0,12
31461,22:55:13,114.109299,22.5903,0,30
31461,22:56:12,114.109901,22.5896,0,28
31461,22:57:10,114.110901,22.5954,0,9
31461,22:58:09,114.111504,22.5968,0,7
31461,22:59:08,114.114502,22.6014,0,35
31461,23:00:07,114.121902,22.608,0,34
31461,23:01:06,114.129601,22.6127,0,35
31461,23:02:05,114.133698,22.6168,0,1
31461,23:03:03,114.137001,22.621,0,10
31461,23:04:04,114.140198,22.622299,0,34
31461,23:05:03,114.151802,22.623699,0,0
31461,23:06:02,114.159302,22.6315,0,38
31461,23:07:01,114.1698,22.636101,0,31
31461,23:07:59,114.176201,22.6369,0,16
31461,23:08:58,114.182503,22.6397,0,18
31461,23:09:58,114.189598,22.643499,0,28
31461,23:10:57,114.1875,22.6441,0,26
31461,23:11:56,114.183998,22.6485,0,0
31461,23:12:55,114.182602,22.650299,0,0
31461,23:13:53,114.181503,22.6513,0,3
31461,23:14:52,114.179703,22.650101,0,3
31461,23:15:53,114.179199,22.6502,0,9
31461,23:16:52,114.180397,22.6521,0,10
31461,23:17:51,114.182602,22.6504,0,0
31461,23:18:49,114.183502,22.6492,0,4
31461,23:19:48,114.186996,22.644699,0,26
31461,23:20:47,114.183899,22.640699,0,14
31461,23:21:46,114.178703,22.637899,0,31
31461,23:22:45,114.175201,22.6371,0,32
31461,23:23:44,114.165497,22.6346,0,37
31461,23:24:42,114.156898,22.6294,0,30
31461,23:25:43,114.148003,22.6231,0,40
31461,23:26:41,114.138496,22.621799,0,9
31461,23:27:40,114.135902,22.620199,0,24
31461,23:28:39,114.134003,22.618099,0,0
31461,23:29:38,114.133598,22.6178,0,0
31461,23:30:36,114.132202,22.615999,0,37
31461,23:31:37,114.1278,22.6129,0,20
31461,23:32:36,114.1222,22.6161,0,33
31461,23:33:35,114.1157,22.6213,0,11
31461,23:34:34,114.108803,22.6222,0,18
31461,23:35:32,114.101097,22.627501,0,41
31461,23:36:32,114.091904,22.632401,0,39
31461,23:37:31,114.081802,22.629,0,12
31461,23:38:30,114.075203,22.6294,0,3
31461,23:39:29,114.075104,22.6294,0,0
31461,23:40:28,114.066101,22.630301,0,10
31461,23:41:27,114.064598,22.6301,0,28
31461,23:42:26,114.051697,22.6304,0,45
31461,23:43:25,114.039299,22.632999,0,28
31461,23:44:24,114.0327,22.6341,0,0
31461,23:45:23,114.0242,22.6364,0,48
31461,23:46:22,114.016701,22.638599,0,8
31461,23:47:22,114.013603,22.6367,0,24
31461,23:48:21,114.013,22.636999,0,4
31461,23:49:20,114.0159,22.636999,0,14
31461,23:50:19,114.016502,22.638399,0,0
31461,23:51:18,114.020401,22.6373,0,16
31461,23:52:16,114.024002,22.636299,0,0
31461,23:53:15,114.026497,22.6357,0,24
