35853,00:00:30,114.111504,22.5874,0,25
35853,00:01:30,114.110298,22.5944,0,35
35853,00:02:00,114.112503,22.5987,0,36
35853,00:02:30,114.1157,22.6028,0,32
35853,00:03:00,114.118896,22.606199,0,32
35853,00:03:30,114.123001,22.608101,0,24
35853,00:04:00,114.126198,22.610001,0,23
35853,00:04:29,114.128998,22.6113,0,20
35853,00:04:59,114.130402,22.6108,0,0
35853,00:05:29,114.132401,22.610399,0,21
35853,00:05:59,114.134697,22.6099,0,15
35853,00:06:29,114.137497,22.609301,0,1
35853,00:06:59,114.137802,22.6092,0,0
35853,00:07:29,114.137802,22.6092,0,0
35853,00:07:59,114.137802,22.6092,0,0
35853,00:08:29,114.138298,22.6096,0,8
35853,00:09:01,114.138397,22.610001,0,8
35853,00:09:31,114.138702,22.611099,0,6
35853,00:10:31,114.139702,22.6136,0,0
35853,00:11:01,114.140297,22.614901,0,0
35853,00:11:56,114.1409,22.615101,0,0
35853,00:12:26,114.140602,22.614799,0,0
35853,00:12:55,114.139801,22.6136,0,0
35853,00:13:25,114.139503,22.612499,0,9
35853,00:13:55,114.139297,22.612,0,0
35853,00:14:25,114.139297,22.612,0,0
35853,00:14:54,114.138199,22.609699,0,5
35853,00:15:24,114.138802,22.6091,0,19
35853,00:15:54,114.142403,22.609501,0,30
35853,00:16:54,114.145897,22.609699,0,14
35853,00:17:24,114.148499,22.6089,0,16
35853,00:17:54,114.149696,22.608299,0,0
35853,00:18:24,114.149696,22.608299,0,0
35853,00:18:53,114.149902,22.608,0,0
35853,00:19:23,114.149902,22.608,0,0
35853,00:20:55,114.155098,22.6089,0,0
35853,00:21:02,114.155296,22.6089,0,8
35853,00:22:01,114.1595,22.607401,0,22
35853,00:22:31,114.160797,22.604,0,29
35853,00:23:31,114.1558,22.597099,0,28
35853,00:25:33,114.145203,22.5851,0,27
35853,00:26:03,114.141502,22.583,0,28
35853,00:26:33,114.140404,22.579,0,19
35853,00:27:02,114.139297,22.576099,0,29
35853,00:27:32,114.139,22.575399,0,0
35853,00:28:02,114.139,22.575399,0,0
35853,00:28:32,114.138397,22.5737,0,37
35853,00:30:02,114.136398,22.5674,0,7
35853,00:31:32,114.129898,22.559099,0,29
35853,00:32:02,114.127899,22.556999,0,17
35853,00:32:31,114.126801,22.558001,0,4
35853,00:33:32,114.128098,22.557899,0,0
35853,00:34:01,114.128304,22.557899,0,3
35853,00:34:31,114.127701,22.557501,0,0
35853,00:35:03,114.127899,22.5576,0,3
35853,00:35:33,114.127098,22.558201,0,5
35853,00:36:33,114.127502,22.555201,0,6
35853,00:37:03,114.127602,22.5553,0,0
35853,00:38:02,114.127602,22.5553,0,0
35853,00:39:32,114.127602,22.5553,0,0
35853,00:40:02,114.127701,22.5555,0,0
35853,00:40:32,114.127701,22.5555,0,0
35853,00:40:57,114.1278,22.555599,0,5
35853,00:41:27,114.128197,22.5564,0,0
35853,00:41:57,114.128304,22.556499,0,0
35853,00:42:57,114.125397,22.558901,0,0
35853,00:43:56,114.125397,22.558901,0,0
35853,00:44:26,114.124001,22.558599,0,34
35853,00:44:56,114.120796,22.5583,0,23
35853,00:45:28,114.117599,22.558901,0,31
35853,00:45:58,114.110703,22.5588,0,44
35853,00:46:28,114.104599,22.558701,0,23
35853,00:46:58,114.102501,22.558701,0,36
35853,00:47:28,114.099503,22.558599,0,0
35853,00:48:28,114.095001,22.559799,0,11
35853,00:49:27,114.096001,22.559799,0,0
35853,00:49:28,114.096001,22.559799,0,0
35853,00:50:47,114.095901,22.559999,0,0
35853,00:51:17,114.097504,22.559999,0,17
35853,00:51:47,114.099197,22.5592,0,20
35853,00:52:16,114.099098,22.5588,0,0
35853,00:54:16,114.1007,22.570601,0,38
35853,00:54:46,114.1026,22.5718,0,0
35853,00:55:48,114.103203,22.5697,0,24
35853,00:56:18,114.101601,22.5669,0,24
35853,00:56:48,114.101601,22.565001,0,0
35853,00:57:18,114.101303,22.5632,0,12
35853,00:58:47,114.095299,22.566299,0,19
35853,00:59:17,114.0923,22.566099,0,16
35853,00:59:47,114.090401,22.566799,0,5
35853,01:00:17,114.093498,22.567699,0,0
35853,01:01:18,114.1045,22.573,0,42
35853,01:01:48,114.1073,22.5734,0,10
35853,01:02:18,114.107803,22.5714,0,14
35853,01:03:17,114.108002,22.5707,0,10
35853,01:03:47,114.108002,22.572001,0,0
35853,01:04:17,114.108002,22.5723,0,15
35853,01:04:47,114.107803,22.575001,0,29
35853,01:05:17,114.112099,22.5763,0,34
35853,01:05:47,114.116898,22.5763,0,22
35853,01:06:17,114.117302,22.5758,0,25
35853,01:08:17,114.109596,22.592699,0,42
35853,01:08:46,114.111198,22.5961,0,16
35853,01:09:46,114.112999,22.595301,0,5
35853,01:10:16,114.113602,22.594601,0,7
35853,01:10:51,114.113899,22.594299,0,0
35853,01:11:23,114.114304,22.593901,0,1
35853,01:12:23,114.113297,22.594801,0,12
35853,01:12:53,114.112701,22.595301,0,0
35853,01:13:23,114.112099,22.596001,0,6
35853,01:13:53,114.111603,22.596701,0,7
35853,01:14:53,114.114601,22.601299,0,29
35853,01:15:23,114.113197,22.6,0,29
35853,01:15:53,114.111801,22.5977,0,6
35853,01:16:23,114.111801,22.5977,0,0
35853,01:16:53,114.111801,22.5977,0,0
35853,01:18:22,114.111801,22.5977,0,0
35853,01:18:52,114.111801,22.5977,0,0
35853,01:19:22,114.111801,22.5977,0,0
35853,01:19:52,114.111801,22.5977,0,0
35853,01:20:22,114.111801,22.5977,0,0
35853,01:20:52,114.111801,22.5977,0,0
35853,01:21:24,114.110497,22.594999,0,34
35853,01:23:53,114.117798,22.574301,0,35
35853,01:24:23,114.117699,22.5695,0,27
35853,01:25:16,114.118599,22.563,0,14
35853,01:25:46,114.120003,22.5585,0,33
35853,01:26:17,114.124199,22.554501,0,22
35853,01:26:47,114.125198,22.552601,0,7
35853,01:27:47,114.123802,22.552299,0,1
35853,01:28:16,114.122902,22.552,0,10
35853,01:28:46,114.122299,22.551399,0,0
35853,01:29:16,114.122398,22.5513,0,0
35853,01:29:46,114.122398,22.5511,0,0
35853,01:29:56,114.122398,22.5511,0,0
35853,01:30:26,114.122398,22.551001,0,0
35853,01:30:55,114.122398,22.551001,0,0
35853,01:31:56,114.122498,22.5504,0,0
35853,01:32:26,114.122704,22.549299,0,7
35853,01:32:56,114.122498,22.546801,0,41
35853,01:33:26,114.122002,22.5467,0,0
35853,01:33:56,114.117996,22.5464,0,0
35853,01:34:27,114.117104,22.5457,0,14
35853,01:36:56,114.113297,22.5424,0,8
35853,01:37:56,114.113701,22.545401,0,12
35853,01:38:26,114.113899,22.5452,0,2
35853,01:39:56,114.105003,22.544399,0,26
35853,01:41:26,114.099602,22.5436,0,15
35853,01:43:55,114.086403,22.5432,0,40
35853,01:44:25,114.084099,22.5429,0,14
35853,01:44:26,114.084,22.5429,0,16
35853,01:45:28,114.075302,22.542999,0,31
35853,01:48:27,114.043602,22.543301,0,24
35853,01:49:58,114.044701,22.5298,0,36
35853,01:50:28,114.044502,22.525999,0,0
35853,01:50:58,114.043198,22.5235,0,26
35853,01:51:28,114.040901,22.523199,0,20
35853,01:51:58,114.039101,22.5242,0,0
35853,01:52:16,114.039101,22.5242,0,0
35853,01:53:46,114.041901,22.5228,0,0
35853,01:54:45,114.043999,22.524099,0,7
35853,01:55:15,114.0457,22.523899,0,10
35853,01:55:55,114.0467,22.5245,0,0
35853,01:57:25,114.0467,22.5245,0,0
35853,01:57:55,114.046402,22.524599,0,0
35853,01:58:24,114.0466,22.524599,0,1
35853,01:59:24,114.0467,22.524599,0,1
35853,01:59:54,114.046799,22.5247,0,0
35853,02:00:55,114.046799,22.524599,0,0
35853,02:01:55,114.0466,22.524599,0,0
35853,02:02:25,114.0467,22.5245,0,0
35853,02:02:55,114.0467,22.5245,0,0
35853,02:03:25,114.0467,22.524599,0,0
35853,02:03:54,114.046799,22.5245,0,3
35853,02:04:24,114.045403,22.523899,0,2
35853,02:04:54,114.044601,22.5235,0,9
35853,02:05:24,114.0439,22.524099,0,4
35853,02:05:56,114.044403,22.525299,0,14
35853,02:06:26,114.044601,22.5257,0,15
35853,02:06:56,114.043198,22.524799,0,11
35853,02:07:26,114.042198,22.524401,0,0
35853,02:07:56,114.041603,22.5249,0,7
35853,02:08:26,114.041397,22.5259,0,0
35853,02:09:55,114.041397,22.525801,0,0
35853,02:10:25,114.041397,22.525801,0,0
35853,02:10:56,114.041397,22.525801,0,6
35853,02:11:26,114.041801,22.5249,0,6
35853,02:12:26,114.042999,22.5247,0,0
35853,02:12:56,114.043098,22.5243,0,0
35853,02:13:26,114.043098,22.524401,0,0
35853,02:13:56,114.042801,22.5249,0,0
35853,02:14:26,114.042801,22.5249,0,0
35853,02:14:55,114.042801,22.5249,0,0
35853,02:15:25,114.042801,22.5249,0,0
35853,02:15:56,114.043297,22.524799,0,12
35853,02:16:56,114.042801,22.522499,0,20
35853,02:17:26,114.044296,22.5252,0,14
35853,02:18:26,114.044899,22.526501,0,27
35853,02:18:56,114.044998,22.530399,0,14
35853,02:19:26,114.047401,22.5312,0,21
35853,02:19:56,114.0513,22.531401,0,27
35853,02:21:26,114.064697,22.531601,0,32
35853,02:21:56,114.069603,22.5317,0,32
35853,02:22:26,114.074203,22.531799,0,33
35853,02:22:56,114.078201,22.5331,0,29
35853,02:23:56,114.085297,22.5373,0,36
35853,02:24:26,114.090599,22.537901,0,33
35853,02:24:56,114.095596,22.538,0,31
35853,02:25:55,114.101196,22.5385,0,17
35853,02:26:26,114.097397,22.5383,0,32
35853,02:26:56,114.095398,22.5394,0,18
35853,02:27:26,114.095299,22.540001,0,0
35853,02:27:56,114.095497,22.540199,0,5
35853,02:28:26,114.095802,22.5403,0,0
35853,02:30:56,114.095497,22.5406,0,10
35853,02:31:56,114.093201,22.543501,0,11
35853,02:32:26,114.092201,22.544701,0,10
35853,02:32:56,114.0896,22.547899,0,24
35853,02:33:26,114.085503,22.5527,0,37
35853,02:34:26,114.095901,22.5401,0,0
35853,02:34:56,114.095901,22.5401,0,0
35853,02:35:26,114.095802,22.540199,0,0
35853,02:36:27,114.097397,22.5385,0,8
35853,02:36:56,114.096001,22.5401,0,9
35853,02:37:26,114.094498,22.5422,0,0
35853,02:38:26,114.094498,22.5422,0,0
35853,02:39:56,114.094498,22.5422,0,0
35853,02:40:26,114.094498,22.5422,0,0
35853,02:41:27,114.096298,22.5396,0,0
35853,02:41:57,114.096497,22.5394,0,0
35853,02:42:27,114.096497,22.5394,0,0
35853,02:42:56,114.096497,22.539499,0,0
35853,02:43:26,114.096298,22.5396,0,0
35853,02:43:56,114.096199,22.5397,0,0
35853,02:44:56,114.095901,22.5401,0,0
35853,02:45:26,114.095901,22.540199,0,1
35853,02:45:58,114.095901,22.5401,0,0
35853,02:46:58,114.095703,22.540199,0,0
35853,02:48:27,114.096001,22.540001,0,0
35853,02:48:57,114.096001,22.540001,0,0
35853,02:49:27,114.095703,22.5403,0,0
35853,02:49:57,114.095703,22.5403,0,0
35853,02:50:27,114.095703,22.5403,0,0
35853,02:50:57,114.095703,22.5403,0,0
35853,02:51:27,114.095703,22.5403,0,0
35853,02:51:57,114.095901,22.5401,0,0
35853,02:52:27,114.095901,22.5401,0,0
35853,02:52:57,114.095901,22.5401,0,0
35853,02:53:27,114.095901,22.5401,0,0
35853,02:53:56,114.095703,22.540199,0,0
35853,02:54:26,114.095703,22.540199,0,0
35853,02:55:26,114.095703,22.540199,0,0
35853,02:55:58,114.095703,22.540199,0,0
35853,02:56:28,114.095703,22.540199,0,0
35853,02:56:58,114.095703,22.540199,0,0
35853,02:57:28,114.095802,22.5401,0,0
35853,02:58:28,114.096001,22.540001,0,0
35853,02:59:57,114.095901,22.540001,0,0
35853,03:00:27,114.095703,22.540199,0,0
35853,03:01:27,114.095703,22.540199,0,0
35853,03:01:57,114.094803,22.540899,0,9
35853,03:02:57,114.094597,22.5411,0,0
35853,03:04:56,114.094597,22.5411,0,0
35853,03:05:26,114.094597,22.5411,0,0
35853,03:05:56,114.094597,22.5411,0,0
35853,03:06:27,114.094597,22.5411,0,0
35853,03:06:57,114.094597,22.5411,0,0
35853,03:07:58,114.0961,22.540001,0,0
35853,03:08:28,114.095398,22.5404,0,0
35853,03:08:58,114.096199,22.540001,0,2
35853,03:09:28,114.095497,22.5404,0,8
35853,03:09:58,114.096397,22.539801,0,0
35853,03:11:57,114.097603,22.539,0,0
35853,03:12:57,114.097603,22.539,0,0
35853,03:13:27,114.097603,22.539,0,0
35853,03:13:57,114.097603,22.539,0,0
35853,03:14:57,114.097603,22.539,0,0
35853,03:15:59,114.095802,22.540199,0,0
35853,03:17:58,114.095802,22.540199,0,0
35853,03:18:28,114.095802,22.540199,0,0
35853,03:18:58,114.095802,22.540199,0,0
35853,03:19:28,114.095901,22.5401,0,4
35853,03:19:58,114.0961,22.540001,0,0
35853,03:20:59,114.096001,22.540001,0,0
35853,03:21:28,114.096001,22.540001,0,0
35853,03:21:58,114.095703,22.5401,0,0
35853,03:22:28,114.095703,22.5401,0,0
35853,03:23:28,114.095703,22.540199,0,0
35853,03:24:58,114.095497,22.5404,0,0
35853,03:25:59,114.095497,22.5403,0,0
35853,03:26:29,114.0952,22.5406,0,0
35853,03:26:59,114.095398,22.5403,0,0
35853,03:27:28,114.095398,22.5403,0,0
35853,03:27:58,114.095398,22.5403,0,0
35853,03:28:28,114.095398,22.5403,0,0
35853,03:28:58,114.095398,22.5403,0,0
35853,03:29:28,114.095398,22.5403,0,0
35853,03:30:29,114.095703,22.540199,0,0
35853,03:30:59,114.095703,22.540199,0,0
35853,03:31:29,114.095802,22.540199,0,0
35853,03:31:59,114.095802,22.540199,0,0
35853,03:32:58,114.095802,22.5404,0,0
35853,03:33:28,114.095802,22.5404,0,0
35853,03:33:58,114.095703,22.539801,0,2
35853,03:34:28,114.095703,22.539801,0,0
35853,03:34:58,114.095596,22.5401,0,0
35853,03:35:30,114.095596,22.5401,0,0
35853,03:35:59,114.095596,22.5401,0,0
35853,03:36:29,114.095802,22.539801,0,0
35853,03:36:59,114.095802,22.539801,0,0
35853,03:38:58,114.095703,22.540199,0,0
35853,03:39:28,114.095703,22.540199,0,0
35853,03:40:59,114.095703,22.540199,0,0
35853,03:41:29,114.095703,22.540199,0,0
35853,03:41:59,114.095703,22.540199,0,0
35853,03:42:29,114.095703,22.540199,0,0
35853,03:42:59,114.095703,22.540199,0,0
35853,03:43:29,114.095703,22.540199,0,0
35853,03:44:58,114.095703,22.540199,0,0
35853,03:46:30,114.095703,22.540001,0,0
35853,03:47:00,114.095703,22.5403,0,0
35853,03:48:00,114.095703,22.5403,0,0
35853,03:49:59,114.095703,22.5403,0,0
35853,03:50:29,114.095703,22.5403,0,0
35853,03:51:00,114.095703,22.5403,0,0
35853,03:51:30,114.095703,22.5403,0,0
35853,03:52:00,114.095703,22.5403,0,0
35853,03:52:30,114.095703,22.5403,0,0
35853,03:53:00,114.095703,22.5403,0,0
35853,03:53:30,114.095703,22.5403,0,0
35853,03:54:00,114.095703,22.5403,0,0
35853,03:54:30,114.095703,22.5403,0,0
35853,03:55:00,114.095703,22.5403,0,0
35853,03:55:29,114.095703,22.5403,0,0
35853,03:56:00,114.095703,22.5403,0,0
35853,03:57:00,114.095497,22.539301,0,8
35853,03:57:30,114.094902,22.538401,0,3
35853,03:58:00,114.094299,22.538401,0,0
35853,03:58:26,114.094101,22.5383,0,6
35853,03:58:56,114.091499,22.538401,0,19
35853,03:59:26,114.087898,22.5376,0,21
35853,03:59:56,114.084099,22.5375,0,23
35853,04:00:26,114.080498,22.5369,0,24
35853,04:00:56,114.078102,22.5338,0,26
35853,04:01:56,114.071503,22.5319,0,26
35853,04:03:26,114.060898,22.531601,0,21
35853,04:03:56,114.056801,22.531799,0,21
35853,04:04:26,114.053001,22.5317,0,27
35853,04:04:42,114.050598,22.5317,0,32
35853,04:05:41,114.041496,22.5313,0,35
35853,04:06:42,114.029503,22.5305,0,37
35853,04:07:12,114.024101,22.531799,0,34
35853,04:07:42,114.018898,22.532,0,38
35853,04:08:12,114.013298,22.5306,0,39
35853,04:09:11,114.002602,22.530199,0,34
35853,04:09:41,113.9972,22.529301,0,39
35853,04:10:41,113.987999,22.5243,0,35
35853,04:11:13,113.983101,22.5233,0,32
35853,04:11:43,113.978104,22.5235,0,24
35853,04:12:13,113.977699,22.525299,0,21
35853,04:13:43,113.978996,22.522301,0,0
35853,04:14:13,113.978996,22.522301,0,0
35853,04:14:42,113.978996,22.522301,0,0
35853,04:15:12,113.978996,22.522301,0,0
35853,04:15:42,113.978996,22.522301,0,0
35853,04:16:42,113.978996,22.522301,0,0
35853,04:17:12,113.978996,22.522301,0,0
35853,04:17:42,113.978996,22.522301,0,0
35853,04:18:12,113.978996,22.522301,0,0
35853,04:19:12,113.978996,22.522301,0,0
35853,04:19:42,113.978996,22.522301,0,0
35853,04:20:11,113.978996,22.522301,0,0
35853,04:20:41,113.978996,22.522301,0,0
35853,04:21:11,113.978996,22.522301,0,0
35853,04:21:43,113.978996,22.522301,0,0
35853,04:22:13,113.978996,22.522301,0,0
35853,04:23:13,113.978996,22.522301,0,0
35853,04:23:43,113.978996,22.522301,0,0
35853,04:24:43,113.978996,22.522301,0,0
35853,04:25:42,113.978996,22.522301,0,0
35853,04:26:12,113.978996,22.522301,0,0
35853,04:28:42,113.978996,22.522301,0,0
35853,04:29:12,113.978996,22.522301,0,0
35853,04:30:12,113.978996,22.522301,0,0
35853,04:30:42,113.978996,22.522301,0,0
35853,04:33:43,113.978996,22.522301,0,0
35853,04:34:13,113.978996,22.522301,0,0
35853,04:34:43,113.978996,22.522301,0,0
35853,04:35:43,113.978996,22.522301,0,0
35853,04:36:13,113.978996,22.522301,0,0
35853,04:36:43,113.978996,22.522301,0,0
35853,04:37:13,113.978996,22.522301,0,0
35853,04:37:43,113.978996,22.522301,0,0
35853,04:38:13,113.978996,22.522301,0,0
35853,04:38:43,113.978996,22.522301,0,0
35853,04:40:13,113.978996,22.522301,0,0
35853,04:40:43,113.978996,22.522301,0,0
35853,04:41:44,113.978996,22.522301,0,0
35853,04:42:13,113.978996,22.522301,0,0
35853,04:43:13,113.978996,22.522301,0,0
35853,04:43:43,113.978996,22.522301,0,0
35853,04:44:13,113.978996,22.522301,0,0
35853,04:44:43,113.978996,22.522301,0,0
35853,04:45:13,113.978996,22.522301,0,0
35853,04:46:13,113.978996,22.522301,0,0
35853,04:47:15,113.978996,22.522301,0,0
35853,04:47:44,113.978996,22.522301,0,0
35853,04:48:14,113.978996,22.522301,0,0
35853,04:50:14,113.978996,22.522301,0,0
35853,04:51:44,113.978996,22.522301,0,0
35853,04:52:14,113.978996,22.522301,0,0
35853,04:52:44,113.978996,22.522301,0,0
35853,04:53:13,113.978996,22.522301,0,0
35853,04:54:13,113.978996,22.522301,0,0
35853,04:54:43,113.978996,22.522301,0,0
35853,04:55:13,113.978996,22.522301,0,0
35853,04:55:43,113.978996,22.522301,0,0
35853,04:56:43,113.978996,22.522301,0,0
35853,04:57:45,113.978996,22.522301,0,0
35853,04:58:15,113.978996,22.522301,0,0
35853,04:59:14,113.978996,22.522301,0,0
35853,04:59:44,113.978996,22.522301,0,0
35853,05:00:14,113.978996,22.522301,0,0
35853,05:01:14,113.978996,22.522301,0,0
35853,05:01:44,113.978996,22.522301,0,0
35853,05:02:14,113.978996,22.522301,0,0
35853,05:03:14,113.978996,22.522301,0,0
35853,05:04:43,113.978996,22.522301,0,0
35853,05:05:13,113.978996,22.522301,0,0
35853,05:05:43,113.978996,22.522301,0,0
35853,05:07:15,113.978996,22.522301,0,0
35853,05:07:45,113.978996,22.522301,0,0
35853,05:08:15,113.978996,22.522301,0,0
35853,05:08:45,113.978996,22.522301,0,0
35853,05:09:15,113.978996,22.522301,0,0
35853,05:10:14,113.978996,22.522301,0,0
35853,05:11:14,113.978996,22.522301,0,0
35853,05:11:44,113.978996,22.522301,0,0
35853,05:12:15,113.978996,22.522301,0,0
35853,05:12:45,113.978996,22.522301,0,0
35853,05:13:15,113.978996,22.522301,0,0
35853,05:14:15,113.979103,22.522301,0,4
35853,05:15:15,113.984703,22.5233,0,32
35853,05:15:45,113.989304,22.5245,0,32
35853,05:16:14,113.993401,22.5268,0,32
35853,05:17:14,114.001198,22.530001,0,25
35853,05:17:44,114.006302,22.5296,0,36
35853,05:18:44,114.016098,22.531099,0,31
35853,05:19:14,114.020203,22.532101,0,31
35853,05:20:44,114.030502,22.527201,0,22
35853,05:21:43,114.032303,22.5263,0,0
35853,05:22:13,114.032799,22.525999,0,22
35853,05:23:45,114.041,22.519899,0,28
35853,05:24:45,114.040604,22.5184,0,8
35853,05:25:15,114.040802,22.5182,0,0
35853,05:26:15,114.040901,22.518101,0,3
35853,05:26:45,114.041,22.518,0,0
35853,05:28:15,114.041,22.518,0,0
35853,05:29:45,114.041,22.518,0,0
35853,05:30:15,114.041,22.518,0,0
35853,05:32:15,114.041,22.518,0,0
35853,05:32:46,114.041,22.518,0,0
35853,05:34:16,114.041,22.518,0,0
35853,05:34:46,114.041,22.518,0,0
35853,05:35:16,114.041,22.5179,0,0
35853,05:35:46,114.041,22.5179,0,0
35853,05:36:16,114.041,22.5179,0,0
35853,05:36:46,114.041,22.5179,0,0
35853,05:37:16,114.041,22.5179,0,0
35853,05:38:45,114.041,22.5179,0,0
35853,05:39:15,114.041,22.5179,0,0
35853,05:39:45,114.041,22.5179,0,0
35853,05:40:45,114.041,22.5179,0,0
35853,05:41:15,114.041,22.5179,0,0
35853,05:41:45,114.041,22.5179,0,0
35853,05:42:45,114.041,22.5179,0,0
35853,05:43:17,114.041,22.5179,0,0
35853,05:43:46,114.041,22.518,0,4
35853,05:44:16,114.041496,22.5179,0,0
35853,05:45:46,114.041801,22.5177,0,0
35853,05:47:16,114.041801,22.5177,0,0
35853,05:47:46,114.041801,22.5177,0,0
35853,05:48:46,114.041801,22.5177,0,0
35853,05:51:45,114.042297,22.5207,0,21
35853,05:52:45,114.051598,22.518101,0,27
35853,05:53:17,114.054398,22.518299,0,0
35853,05:53:47,114.054703,22.518299,0,0
35853,05:54:17,114.054703,22.518299,0,0
35853,05:54:47,114.054703,22.518299,0,0
35853,05:55:16,114.054703,22.518299,0,0
35853,05:55:46,114.054703,22.518299,0,0
35853,05:56:46,114.054901,22.518101,0,0
35853,05:57:16,114.054901,22.518101,0,0
35853,05:57:46,114.054901,22.518101,0,0
35853,05:58:17,114.054901,22.518101,0,0
35853,05:58:47,114.054901,22.518101,0,0
35853,05:59:17,114.054901,22.518101,0,0
35853,06:00:17,114.054901,22.518101,0,0
35853,06:00:46,114.054901,22.518101,0,0
35853,06:01:16,114.054901,22.518101,0,0
35853,06:02:16,114.054901,22.518101,0,0
35853,06:03:17,114.054901,22.518101,0,0
35853,06:03:47,114.054901,22.518101,0,0
35853,06:04:47,114.055,22.518101,0,0
35853,06:05:17,114.055099,22.5182,0,0
35853,06:05:46,114.055099,22.5182,0,0
35853,06:06:16,114.055199,22.518299,0,6
35853,06:07:16,114.054802,22.515301,0,18
35853,06:08:18,114.050499,22.5159,0,0
35853,06:08:48,114.050697,22.516399,0,12
35853,06:09:48,114.050903,22.5179,0,0
35853,06:11:18,114.051201,22.5208,0,15
35853,06:11:47,114.051201,22.521,0,0
35853,06:12:17,114.0513,22.5207,0,3
35853,06:13:17,114.0513,22.5207,0,0
35853,06:13:47,114.0513,22.5207,0,0
35853,06:14:17,114.0513,22.5207,0,0
35853,06:15:47,114.0513,22.5207,0,0
35853,06:16:17,114.0513,22.5207,0,0
35853,06:17:16,114.0513,22.5207,0,0
35853,06:17:46,114.0513,22.5207,0,0
35853,06:18:16,114.0513,22.5207,0,0
35853,06:18:48,114.0513,22.5207,0,0
35853,06:19:18,114.0513,22.5207,0,0
35853,06:21:18,114.0513,22.5207,0,0
35853,06:21:48,114.0513,22.5207,0,0
35853,06:22:47,114.0513,22.5207,0,0
35853,06:24:17,114.0513,22.5207,0,0
35853,06:24:47,114.0513,22.5207,0,0
35853,06:25:17,114.0513,22.5207,0,0
35853,06:25:47,114.0513,22.5207,0,0
35853,06:26:17,114.0513,22.5207,0,0
35853,06:26:47,114.0513,22.5207,0,0
35853,06:27:17,114.0513,22.5207,0,0
35853,06:27:47,114.0513,22.5207,0,0
35853,06:28:16,114.0513,22.5207,0,0
35853,06:28:48,114.0513,22.5207,0,0
35853,06:29:48,114.0513,22.5207,0,0
35853,06:32:18,114.0513,22.5207,0,0
35853,06:32:48,114.0513,22.5207,0,0
35853,06:33:18,114.0513,22.5207,0,0
35853,06:33:48,114.0513,22.5207,0,0
35853,06:34:47,114.0513,22.5207,0,0
35853,06:35:17,114.0513,22.5207,0,0
35853,06:35:47,114.0513,22.5207,0,0
35853,06:36:17,114.0513,22.5207,0,0
35853,06:38:17,114.0513,22.5207,0,0
35853,06:38:49,114.0513,22.5207,0,0
35853,06:39:19,114.0513,22.5207,0,0
35853,06:39:48,114.0513,22.5207,0,0
35853,06:40:48,114.0513,22.5207,0,0
35853,06:41:18,114.0513,22.5207,0,0
35853,06:43:48,114.0513,22.5207,0,0
35853,06:44:19,114.0513,22.5207,0,0
35853,06:44:49,114.0513,22.5207,0,0
35853,06:45:18,114.0513,22.5207,0,0
35853,06:46:48,114.0513,22.5207,0,0
35853,06:47:18,114.0513,22.5207,0,0
35853,06:48:18,114.0513,22.5207,0,0
35853,06:48:48,114.0513,22.5207,0,0
35853,06:49:19,114.0513,22.5207,0,0
35853,06:49:49,114.0513,22.5208,0,6
35853,06:51:18,114.051102,22.521799,0,20
35853,06:52:18,114.048698,22.521099,0,5
35853,06:52:48,114.047302,22.5212,0,5
35853,06:53:48,114.045197,22.5219,0,2
35853,06:54:20,114.045097,22.521799,0,0
35853,06:55:20,114.044098,22.5207,0,4
35853,06:56:20,114.043701,22.521,0,0
35853,06:56:49,114.0438,22.521299,0,0
35853,06:57:04,114.0438,22.521299,0,0
35853,06:57:33,114.0438,22.521299,0,0
35853,06:58:33,114.0438,22.521299,0,0
35853,06:59:03,114.0438,22.521,0,0
35853,06:59:33,114.0438,22.521,0,0
35853,07:00:03,114.0438,22.521,0,0
35853,07:00:33,114.0438,22.521,0,0
35853,07:01:33,114.043602,22.5208,0,0
35853,07:02:03,114.043602,22.5208,0,0
35853,07:02:32,114.043602,22.5208,0,0
35853,07:03:32,114.043602,22.5208,0,0
35853,07:04:02,114.043602,22.5208,0,0
35853,07:05:04,114.043602,22.5208,0,0
35853,07:05:34,114.043602,22.5208,0,0
35853,07:06:04,114.043602,22.5208,0,0
35853,07:06:34,114.043602,22.5208,0,0
35853,07:07:34,114.043602,22.5208,0,0
35853,07:08:03,114.043602,22.5208,0,0
35853,07:08:33,114.043602,22.5208,0,0
35853,07:09:03,114.043602,22.5208,0,0
35853,07:09:34,114.043602,22.5208,0,0
35853,07:10:04,114.043602,22.5208,0,0
35853,07:10:34,114.043602,22.5208,0,0
35853,07:11:04,114.043602,22.5208,0,0
35853,07:11:34,114.043602,22.5208,0,0
35853,07:12:04,114.043602,22.5208,0,0
35853,07:13:04,114.043602,22.5208,0,0
35853,07:13:33,114.043602,22.5208,0,0
35853,07:14:34,114.043602,22.5208,0,0
35853,07:15:34,114.043602,22.5208,0,0
35853,07:16:04,114.043602,22.5208,0,0
35853,07:16:34,114.043602,22.5208,0,0
35853,07:17:04,114.043602,22.5208,0,0
35853,07:18:04,114.043602,22.5208,0,0
35853,07:19:03,114.043602,22.5208,0,0
35853,07:19:34,114.043602,22.5208,0,0
35853,07:20:04,114.043602,22.5208,0,0
35853,07:20:34,114.043602,22.5208,0,0
35853,07:22:04,114.043602,22.5208,0,0
35853,07:22:34,114.043602,22.5208,0,0
35853,07:23:04,114.043602,22.5208,0,0
35853,07:23:34,114.043602,22.5208,0,0
35853,07:24:04,114.043602,22.5208,0,0
35853,07:24:34,114.043602,22.5208,0,0
35853,07:25:04,114.043602,22.5208,0,0
35853,07:25:34,114.043602,22.5208,0,0
35853,07:26:04,114.043602,22.5208,0,0
35853,07:26:34,114.043602,22.5208,0,0
35853,07:28:04,114.043602,22.5208,0,0
35853,07:28:34,114.043602,22.5208,0,0
35853,07:29:04,114.043602,22.5208,0,0
35853,07:30:05,114.043602,22.5208,0,0
35853,07:31:04,114.043602,22.5208,0,0
35853,07:31:34,114.043602,22.5208,0,0
35853,07:32:04,114.043602,22.5208,0,0
35853,07:32:34,114.043602,22.5208,0,0
35853,07:33:04,114.043602,22.5208,0,0
35853,07:33:34,114.043602,22.5208,0,0
35853,07:34:04,114.043602,22.5208,0,0
35853,07:35:35,114.043602,22.5208,0,0
35853,07:36:04,114.043602,22.5208,0,0
35853,07:38:04,114.043602,22.5208,0,0
35853,07:39:04,114.043602,22.5208,0,0
35853,07:39:34,114.043602,22.5208,0,0
35853,07:40:36,114.043602,22.5208,0,0
35853,07:41:06,114.043602,22.5208,0,0
35853,07:41:36,114.043602,22.5208,0,0
35853,07:42:05,114.043602,22.5208,0,0
35853,07:42:35,114.043602,22.5208,0,0
35853,07:43:35,114.043503,22.521,0,0
35853,07:44:05,114.043503,22.521,0,0
35853,07:44:35,114.043503,22.521,0,0
35853,07:45:05,114.043503,22.521,0,0
35853,07:46:36,114.043503,22.520901,0,0
35853,07:48:05,114.043404,22.521099,0,2
35853,07:48:35,114.043503,22.521,0,0
35853,07:49:35,114.043404,22.521099,0,0
35853,07:50:05,114.043503,22.520901,0,1
35853,07:50:35,114.043297,22.5212,0,0
35853,07:51:05,114.043404,22.521099,0,0
35853,07:52:06,114.043503,22.521,0,2
35853,07:53:05,114.043503,22.521,0,1
35853,07:54:05,114.042801,22.521601,0,0
35853,07:55:35,114.042801,22.521601,0,0
35853,07:56:05,114.042801,22.521601,0,0
35853,07:57:06,114.043701,22.5208,0,0
35853,07:57:36,114.043701,22.5208,0,0
35853,07:58:06,114.043602,22.5208,0,0
35853,07:58:35,114.043701,22.5208,0,0
35853,08:01:36,114.043602,22.5208,0,0
35853,08:02:06,114.043602,22.5208,0,0
35853,08:02:36,114.043602,22.5208,0,0
35853,08:04:05,114.044296,22.520201,0,5
35853,08:04:35,114.0438,22.5207,0,5
35853,08:05:05,114.044296,22.520201,0,0
35853,08:07:06,114.043701,22.5208,0,0
35853,08:12:13,114.043701,22.5208,0,0
35853,08:18:12,114.043701,22.5208,0,0
35853,08:23:12,114.043701,22.5208,0,0
35853,08:29:11,114.043701,22.5208,0,0
35853,08:29:14,114.063004,22.5373,0,12
35853,08:29:44,114.064102,22.537399,0,13
35853,08:30:44,114.065598,22.538,0,0
35853,08:36:11,114.065598,22.538,0,0
35853,08:41:14,114.065598,22.538,0,0
35853,08:47:13,114.065598,22.538,0,0
35853,08:53:11,114.065598,22.538,0,0
35853,08:58:11,114.065598,22.538,0,0
35853,09:00:43,114.095001,22.537901,0,32
35853,09:01:13,114.0998,22.537901,0,14
35853,09:02:13,114.104698,22.5375,0,18
35853,09:02:43,114.107002,22.5397,0,6
35853,09:03:14,114.106598,22.540199,0,0
35853,09:03:44,114.106796,22.5406,0,10
35853,09:05:13,114.105797,22.5434,0,13
35853,09:05:43,114.106697,22.5446,0,14
35853,09:06:13,114.109001,22.545099,0,10
35853,09:06:43,114.109299,22.5452,0,0
35853,09:06:46,114.109299,22.5452,0,0
35853,09:07:15,114.109901,22.545099,0,14
35853,09:07:45,114.110199,22.5429,0,16
35853,09:08:16,114.110298,22.541901,0,9
35853,09:08:46,114.109596,22.541599,0,0
35853,09:09:55,114.109398,22.540701,0,0
35853,09:10:24,114.107201,22.5413,0,8
35853,09:11:54,114.107101,22.5413,0,0
35853,09:12:24,114.106796,22.540501,0,21
35853,09:12:54,114.105499,22.5383,0,11
35853,09:13:25,114.102898,22.5383,0,23
35853,09:13:55,114.098,22.5382,0,35
35853,09:14:25,114.092499,22.5382,0,36
35853,09:14:55,114.087799,22.5376,0,30
35853,09:15:55,114.079903,22.5364,0,20
35853,09:16:54,114.0783,22.5347,0,3
35853,09:16:56,114.0783,22.5347,0,4
35853,09:17:26,114.077202,22.535601,0,5
35853,09:18:28,114.077301,22.5368,0,5
35853,09:18:57,114.0774,22.538099,0,9
35853,09:19:27,114.077499,22.538799,0,5
35853,09:19:57,114.077599,22.540001,0,8
35853,09:20:27,114.079498,22.5403,0,7
35853,09:20:57,114.080803,22.540501,0,8
35853,09:21:27,114.081703,22.540701,0,10
35853,09:21:57,114.083603,22.540701,0,3
35853,09:23:27,114.085602,22.5408,0,12
35853,09:23:49,114.085999,22.540701,0,6
35853,09:24:18,114.086899,22.5408,0,6
35853,09:25:18,114.088898,22.5415,0,14
35853,09:25:48,114.089996,22.5415,0,0
35853,09:26:48,114.091301,22.541401,0,0
35853,09:27:17,114.091202,22.5413,0,3
35853,09:27:47,114.090897,22.541201,0,0
35853,09:28:17,114.090897,22.541201,0,0
35853,09:28:49,114.091301,22.541,0,12
35853,09:29:49,114.097298,22.538,0,37
35853,09:30:19,114.102699,22.538099,0,32
35853,09:31:19,114.108597,22.5373,0,0
35853,09:31:49,114.108597,22.5373,0,0
35853,09:32:19,114.110397,22.5375,0,12
35853,09:32:48,114.111,22.535801,0,22
35853,09:33:18,114.111198,22.533001,0,21
35853,09:33:48,114.113297,22.5317,0,15
35853,09:34:18,114.113899,22.531799,0,0
35853,09:34:48,114.114098,22.531601,0,5
35853,09:35:38,114.114197,22.531401,0,0
35853,09:36:09,114.114998,22.5331,0,0
35853,09:36:39,114.116302,22.535601,0,22
35853,09:37:09,114.117302,22.5366,0,0
35853,09:38:09,114.1175,22.5369,0,0
35853,09:38:22,114.117302,22.5368,0,6
35853,09:39:22,114.117699,22.539801,0,25
35853,09:39:52,114.114197,22.5387,0,25
35853,09:40:51,114.105003,22.5376,0,25
35853,09:41:52,114.096802,22.5382,0,32
35853,09:42:22,114.091797,22.5382,0,34
35853,09:43:52,114.081497,22.539499,0,18
35853,09:44:22,114.081497,22.5397,0,0
35853,09:45:22,114.081497,22.540501,0,0
35853,09:45:52,114.081497,22.540501,0,0
35853,09:46:24,114.081497,22.540501,0,0
35853,09:47:23,114.079697,22.5404,0,21
35853,09:47:53,114.078903,22.5408,0,10
35853,09:48:23,114.078796,22.5415,0,0
35853,09:48:43,114.078796,22.5415,0,0
35853,09:49:13,114.079002,22.541599,0,3
35853,09:50:13,114.080399,22.542999,0,10
35853,09:50:43,114.083603,22.5432,0,25
35853,09:51:58,114.088699,22.542601,0,10
35853,09:52:27,114.087601,22.5411,0,15
35853,09:52:57,114.085503,22.540701,0,12
35853,09:53:27,114.084503,22.5408,0,0
35853,09:54:27,114.082001,22.540701,0,0
35853,09:55:27,114.0812,22.540701,0,20
35853,09:55:57,114.079102,22.5404,0,0
35853,09:57:28,114.076698,22.5397,0,14
35853,09:58:10,114.076103,22.5401,0,0
35853,09:58:40,114.074203,22.5396,0,18
35853,09:59:10,114.072304,22.538799,0,0
35853,09:59:40,114.072304,22.538799,0,0
35853,10:02:40,114.072098,22.537001,0,0
35853,10:03:10,114.072098,22.537001,0,0
35853,10:03:40,114.072098,22.537001,0,0
35853,10:04:10,114.072098,22.537001,0,0
35853,10:05:34,114.073997,22.539499,0,4
35853,10:06:03,114.0756,22.5401,0,0
35853,10:06:34,114.075996,22.5404,0,7
35853,10:07:34,114.076202,22.542601,0,0
35853,10:08:34,114.076202,22.542801,0,11
35853,10:09:04,114.076302,22.545,0,11
35853,10:09:34,114.077904,22.5453,0,12
35853,10:10:21,114.079498,22.5452,0,5
35853,10:12:15,114.080498,22.544399,0,5
35853,10:12:45,114.080399,22.543301,0,4
35853,10:13:45,114.077202,22.5431,0,0
35853,10:14:15,114.077003,22.5432,0,9
35853,10:14:45,114.074097,22.5431,0,24
35853,10:15:15,114.070702,22.5432,0,15
35853,10:16:15,114.068001,22.541,0,30
35853,10:16:45,114.0681,22.5361,0,35
35853,10:17:15,114.068199,22.530899,0,32
35853,10:18:45,114.058701,22.5168,0,24
35853,10:19:15,114.056999,22.515699,0,28
35853,10:19:45,114.051598,22.5138,0,49
35853,10:20:15,114.0438,22.5135,0,52
35853,10:21:44,114.024597,22.522499,0,48
35853,10:22:46,114.014603,22.531401,0,41
35853,10:23:16,114.012001,22.537201,0,46
35853,10:23:46,114.007301,22.542,0,45
35853,10:24:16,114.002403,22.5446,0,40
35853,10:24:46,113.996201,22.546101,0,44
35853,10:25:16,113.989304,22.548401,0,48
35853,10:26:16,113.977203,22.556499,0,53
35853,10:26:46,113.970001,22.5602,0,56
35853,10:27:16,113.962601,22.561899,0,52
35853,10:27:46,113.955101,22.563601,0,50
35853,10:28:46,113.940201,22.565201,0,52
35853,10:29:16,113.932503,22.565399,0,48
35853,10:29:46,113.9254,22.5669,0,50
35853,10:30:16,113.920799,22.5704,0,33
35853,10:30:46,113.917603,22.572599,0,29
35853,10:31:16,113.917198,22.573099,0,26
35853,10:31:46,113.915901,22.575701,0,36
35853,10:32:17,113.912201,22.5795,0,38
35853,10:32:46,113.907898,22.584101,0,48
35853,10:33:16,113.903503,22.5888,0,49
35853,10:34:16,113.892899,22.5984,0,45
35853,10:34:46,113.887497,22.602301,0,47
35853,10:35:46,113.8797,22.6117,0,36
35853,10:36:16,113.876503,22.6159,0,38
35853,10:37:17,113.867996,22.6215,0,33
35853,10:37:47,113.862999,22.6234,0,40
35853,10:38:16,113.8573,22.625601,0,40
35853,10:38:46,113.852898,22.628799,0,34
35853,10:39:16,113.849998,22.6278,0,23
35853,10:40:46,113.849602,22.624599,0,26
35853,10:41:16,113.845299,22.622299,0,38
35853,10:41:46,113.839699,22.6208,0,32
35853,10:42:46,113.829201,22.617001,0,30
35853,10:43:45,113.819504,22.6124,0,31
35853,10:44:45,113.8134,22.619301,0,37
35853,10:46:17,113.809502,22.627501,0,2
35853,10:46:47,113.808998,22.6271,0,3
35853,10:47:17,113.807899,22.6266,0,13
35853,10:47:45,113.807503,22.626499,0,0
35853,10:48:45,113.806,22.6257,0,26
35853,10:49:15,113.807602,22.621799,0,31
35853,10:50:45,113.811996,22.6231,0,18
35853,10:51:15,113.813103,22.623301,0,8
35853,10:51:45,113.813202,22.6236,0,0
35853,10:52:15,113.813202,22.6236,0,0
35853,10:52:45,113.813202,22.6236,0,0
35853,10:53:15,113.813202,22.6236,0,0
35853,10:53:45,113.813202,22.6236,0,0
35853,10:54:45,113.813202,22.6236,0,0
35853,10:55:45,113.813202,22.6236,0,0
35853,10:56:15,113.813202,22.6236,0,0
35853,10:58:15,113.813202,22.6236,0,0
35853,10:58:45,113.813202,22.6236,0,0
35853,10:59:45,113.813202,22.6236,0,0
35853,11:00:16,113.813202,22.6236,0,0
35853,11:00:45,113.813202,22.6236,0,0
35853,11:01:15,113.813202,22.6236,0,0
35853,11:01:45,113.813202,22.6236,0,0
35853,11:02:15,113.813202,22.6236,0,0
35853,11:02:45,113.813202,22.6236,0,0
35853,11:03:15,113.813202,22.6236,0,0
35853,11:04:45,113.813202,22.6236,0,0
35853,11:05:16,113.813202,22.6236,0,0
35853,11:05:46,113.813202,22.6236,0,0
35853,11:06:15,113.813202,22.6236,0,0
35853,11:07:15,113.813202,22.6236,0,0
35853,11:07:45,113.813202,22.6236,0,0
35853,11:08:15,113.813202,22.6236,0,0
35853,11:08:45,113.813202,22.6236,0,0
35853,11:09:15,113.813202,22.6236,0,0
35853,11:10:16,113.813202,22.6236,0,0
35853,11:10:46,113.813202,22.6236,0,0
35853,11:11:16,113.813202,22.6236,0,0
35853,11:12:15,113.813202,22.6236,0,0
35853,11:12:45,113.813202,22.6236,0,0
35853,11:13:15,113.813202,22.6236,0,0
35853,11:13:45,113.813202,22.6236,0,0
35853,11:14:15,113.813202,22.6236,0,0
35853,11:14:45,113.813202,22.6236,0,0
35853,11:16:46,113.813202,22.6236,0,0
35853,11:17:15,113.813202,22.6236,0,0
35853,11:17:45,113.813202,22.6236,0,0
35853,11:18:45,113.813202,22.6236,0,0
35853,11:19:15,113.813202,22.6236,0,0
35853,11:19:45,113.813202,22.6236,0,0
35853,11:20:15,113.813202,22.6236,0,0
35853,11:20:47,113.813202,22.6236,0,0
35853,11:21:17,113.813202,22.6236,0,0
35853,11:21:47,113.813202,22.6236,0,0
35853,11:22:17,113.813202,22.6236,0,0
35853,11:22:46,113.813202,22.6236,0,0
35853,11:23:16,113.813202,22.6236,0,0
35853,11:23:46,113.813202,22.6236,0,0
35853,11:24:16,113.813202,22.6236,0,0
35853,11:24:46,113.813202,22.6236,0,0
35853,11:25:16,113.813202,22.6236,0,0
35853,11:25:46,113.813202,22.6236,0,0
35853,11:26:16,113.813202,22.6236,0,0
35853,11:26:46,113.813202,22.6236,0,0
35853,11:27:16,113.813202,22.6236,0,0
35853,11:27:45,113.813202,22.6236,0,0
35853,11:28:15,113.813202,22.6236,0,0
35853,11:28:45,113.813202,22.6236,0,0
35853,11:29:15,113.813202,22.623699,0,4
35853,11:29:45,113.813301,22.6238,0,0
35853,11:31:17,113.8134,22.6241,0,0
35853,11:31:47,113.8134,22.6241,0,0
35853,11:32:17,113.8134,22.6241,0,0
35853,11:32:47,113.8134,22.6241,0,0
35853,11:33:16,113.8134,22.6241,0,0
35853,11:33:46,113.8134,22.6241,0,0
35853,11:34:16,113.813499,22.624399,0,3
35853,11:34:46,113.813499,22.624399,0,0
35853,11:35:16,113.813499,22.624399,0,0
35853,11:35:47,113.813599,22.624599,0,5
35853,11:36:17,113.813103,22.625799,0,1
35853,11:37:17,113.813103,22.625799,0,0
35853,11:38:17,113.813103,22.625799,0,0
35853,11:39:16,113.813103,22.625799,0,0
35853,11:39:46,113.813004,22.6259,0,9
35853,11:40:16,113.812202,22.6273,0,15
35853,11:40:47,113.8116,22.628099,0,0
35853,11:41:17,113.8116,22.628099,0,0
35853,11:41:47,113.8116,22.628099,0,0
35853,11:42:47,113.809799,22.6269,0,3
35853,11:43:17,113.809799,22.6269,0,0
35853,11:45:16,113.809998,22.626499,0,0
35853,11:45:31,113.809998,22.626499,0,0
35853,11:46:31,113.807098,22.6227,0,27
35853,11:47:31,113.811996,22.614201,0,35
35853,11:49:31,113.8284,22.6164,0,41
35853,11:51:00,113.844902,22.622101,0,36
35853,11:51:31,113.849602,22.624399,0,37
35853,11:52:01,113.851898,22.625401,0,10
35853,11:52:31,113.855499,22.625601,0,33
35853,11:53:01,113.861,22.623899,0,42
35853,11:53:31,113.866699,22.621799,0,39
35853,11:54:31,113.876801,22.6152,0,46
35853,11:55:01,113.880898,22.6096,0,48
35853,11:55:31,113.884903,22.6043,0,48
35853,11:56:01,113.8908,22.599701,0,50
35853,11:56:32,113.8965,22.5954,0,47
35853,11:58:02,113.910797,22.580799,0,44
35853,11:59:02,113.917,22.5741,0,14
35853,11:59:32,113.919197,22.572201,0,21
35853,12:00:02,113.9217,22.569799,0,26
35853,12:00:32,113.925003,22.567101,0,36
35853,12:01:02,113.930901,22.5653,0,46
35853,12:01:46,113.934601,22.565201,0,0
35853,12:04:24,113.978699,22.555099,0,50
35853,12:05:24,113.990997,22.5476,0,49
35853,12:05:54,113.997902,22.545601,0,49
35853,12:06:24,114.005203,22.5432,0,51
35853,12:07:23,114.014198,22.532,0,51
35853,12:07:53,114.0186,22.525999,0,53
35853,12:08:53,114.031898,22.5184,0,52
35853,12:10:23,114.052498,22.513901,0,48
35853,12:10:53,114.0578,22.5161,0,16
35853,12:11:23,114.058098,22.516199,0,0
35853,12:11:53,114.058098,22.5163,0,4
35853,12:12:24,114.058197,22.5163,0,0
35853,12:12:54,114.059898,22.5175,0,32
35853,12:15:24,114.069702,22.531099,0,6
35853,12:15:54,114.071098,22.531601,0,10
35853,12:16:24,114.072502,22.5317,0,9
35853,12:16:54,114.074402,22.531601,0,8
35853,12:17:24,114.075203,22.5317,0,2
35853,12:17:53,114.0765,22.5317,0,5
35853,12:19:53,114.079201,22.5348,0,6
35853,12:20:23,114.079697,22.5359,0,15
35853,12:20:53,114.082901,22.5373,0,29
35853,12:21:23,114.087196,22.537399,0,24
35853,12:21:53,114.091797,22.538099,0,30
35853,12:22:25,114.096497,22.538099,0,35
35853,12:23:24,114.103897,22.538,0,3
35853,12:24:24,114.1054,22.5373,0,3
35853,12:24:54,114.106598,22.5369,0,7
35853,12:25:24,114.1091,22.5376,0,18
35853,12:25:54,114.112,22.538,0,24
35853,12:27:24,114.118301,22.5399,0,0
35853,12:27:55,114.118301,22.5399,0,0
35853,12:28:25,114.118301,22.5399,0,0
35853,12:29:24,114.118797,22.542801,0,35
35853,12:30:24,114.116699,22.548401,0,14
35853,12:31:24,114.116898,22.549999,0,0
35853,12:31:54,114.117203,22.550501,0,0
35853,12:32:24,114.118103,22.5525,0,15
35853,12:32:54,114.1194,22.554701,0,15
35853,12:33:24,114.120102,22.5555,0,7
35853,12:34:55,114.123398,22.554199,0,0
35853,12:35:25,114.123398,22.554199,0,0
35853,12:35:55,114.123398,22.5541,0,4
35853,12:36:55,114.125198,22.5541,0,4
35853,12:37:25,114.125603,22.552799,0,13
35853,12:37:55,114.125702,22.550699,0,0
35853,12:38:06,114.125801,22.550699,0,6
35853,12:39:06,114.125801,22.5459,0,11
35853,12:39:35,114.125801,22.5457,0,0
35853,12:40:05,114.125801,22.5457,0,0
35853,12:41:05,114.125397,22.542101,0,20
35853,12:43:36,114.104401,22.537901,0,31
35853,12:44:36,114.0942,22.538099,0,34
35853,12:45:05,114.088799,22.5376,0,34
35853,12:46:35,114.077797,22.533199,0,26
35853,12:47:35,114.069603,22.531799,0,32
35853,12:48:06,114.065201,22.5319,0,25
35853,12:48:36,114.061897,22.5324,0,23
35853,12:49:06,114.063004,22.5303,0,32
35853,12:49:36,114.063103,22.5273,0,19
35853,12:50:05,114.063004,22.524099,0,26
35853,12:50:35,114.061699,22.5217,0,0
35853,12:51:05,114.061401,22.5215,0,10
35853,12:52:05,114.062798,22.5194,0,0
35853,12:52:35,114.062897,22.519199,0,8
35853,12:54:03,114.062599,22.517599,0,0
35853,12:55:32,114.062798,22.517599,0,0
35853,12:56:02,114.062798,22.517799,0,7
35853,12:56:32,114.063301,22.518801,0,0
35853,12:57:02,114.062302,22.5201,0,19
35853,12:57:32,114.061996,22.521799,0,23
35853,12:58:03,114.063301,22.525101,0,18
35853,12:58:33,114.063301,22.5256,0,0
35853,12:59:03,114.063301,22.5256,0,0
35853,12:59:33,114.063301,22.5261,0,0
35853,13:00:33,114.063301,22.5261,0,0
35853,13:01:03,114.063301,22.5261,0,0
35853,13:03:03,114.063103,22.525999,0,0
35853,13:03:33,114.063103,22.525999,0,0
35853,13:04:03,114.063103,22.525999,0,0
35853,13:04:33,114.063103,22.525999,0,0
35853,13:06:03,114.063103,22.525999,0,0
35853,13:06:33,114.063103,22.525999,0,0
35853,13:07:33,114.063103,22.525999,0,0
35853,13:08:34,114.063103,22.525999,0,0
35853,13:10:03,114.063103,22.525999,0,0
35853,13:13:03,114.063301,22.529699,0,0
35853,13:13:20,114.063301,22.5298,0,4
35853,13:13:50,114.063904,22.531401,0,14
35853,13:14:20,114.067596,22.5315,0,29
35853,13:14:50,114.0718,22.5315,0,13
35853,13:15:20,114.072098,22.5301,0,4
35853,13:15:50,114.072098,22.5291,0,0
35853,13:16:20,114.071999,22.5287,0,7
35853,13:16:50,114.071701,22.528,0,0
35853,13:17:28,114.071602,22.5275,0,0
35853,13:17:58,114.071404,22.526899,0,5
35853,13:18:58,114.070297,22.5263,0,14
35853,13:21:27,114.077599,22.5319,0,2
35853,13:21:57,114.077904,22.5319,0,0
35853,13:22:07,114.077797,22.5319,0,8
35853,13:22:36,114.078903,22.534201,0,20
35853,13:23:38,114.081802,22.5376,0,17
35853,13:26:07,114.081497,22.540501,0,0
35853,13:26:37,114.081596,22.5408,0,6
35853,13:27:07,114.081703,22.542601,0,17
35853,13:27:37,114.083702,22.5432,0,16
35853,13:28:07,114.084297,22.5431,0,0
35853,13:29:27,114.087799,22.543301,0,0
35853,13:29:57,114.088799,22.543301,0,24
35853,13:30:57,114.091301,22.5438,0,18
35853,13:31:56,114.091202,22.5469,0,0
35853,13:32:56,114.091103,22.549299,0,30
35853,13:33:26,114.091103,22.5516,0,0
35853,13:33:58,114.091103,22.5516,0,0
35853,13:34:28,114.091103,22.5516,0,0
35853,13:34:58,114.091202,22.5516,0,3
35853,13:35:28,114.091103,22.553499,0,7
35853,13:35:58,114.091003,22.5564,0,27
35853,13:36:28,114.090698,22.559,0,13
35853,13:38:27,114.0896,22.5611,0,12
35853,13:38:59,114.088203,22.563801,0,25
35853,13:39:29,114.0868,22.566999,0,22
35853,13:39:59,114.085098,22.57,0,20
35853,13:40:10,114.091103,22.5516,0,0
35853,13:40:48,114.084099,22.571199,0,0
35853,13:41:18,114.083099,22.571899,0,10
35853,13:41:48,114.0811,22.572599,0,19
35853,13:42:18,114.079903,22.5735,0,11
35853,13:42:47,114.082703,22.5735,0,21
35853,13:43:17,114.082603,22.5718,0,18
35853,13:43:47,114.0812,22.5718,0,7
35853,13:44:47,114.085098,22.569401,0,22
35853,13:45:17,114.086098,22.566401,0,26
35853,13:45:47,114.084503,22.5632,0,24
35853,13:46:17,114.082901,22.561001,0,15
35853,13:46:47,114.081596,22.559299,0,16
35853,13:47:17,114.080597,22.558599,0,19
35853,13:47:47,114.077202,22.5583,0,23
35853,13:49:06,114.069099,22.558201,0,7
35853,13:49:36,114.068001,22.5581,0,0
35853,13:50:06,114.068001,22.5581,0,0
35853,13:50:36,114.068001,22.5581,0,0
35853,13:51:05,114.068001,22.5581,0,0
35853,13:52:05,114.067703,22.5541,0,42
35853,13:52:35,114.067703,22.5495,0,29
35853,13:53:05,114.067902,22.545799,0,28
35853,13:53:35,114.067802,22.541599,0,36
35853,13:54:05,114.0681,22.5364,0,29
35853,13:54:35,114.0681,22.5315,0,31
35853,13:55:35,114.070396,22.531601,0,26
35853,13:56:05,114.074501,22.5317,0,22
35853,13:57:04,114.079102,22.534901,0,12
35853,13:57:34,114.080803,22.5368,0,28
35853,13:58:04,114.085602,22.5373,0,29
35853,13:58:34,114.090599,22.538,0,35
35853,13:59:04,114.096497,22.538,0,38
35853,13:59:36,114.101799,22.538099,0,30
35853,14:00:36,114.106796,22.540001,0,25
35853,14:01:06,114.106598,22.541,0,0
35853,14:01:36,114.106598,22.541,0,0
35853,14:02:05,114.106201,22.541401,0,0
35853,14:02:35,114.105598,22.5413,0,9
35853,14:02:39,114.105499,22.5413,0,8
35853,14:03:08,114.105103,22.5411,0,4
35853,14:03:38,114.106003,22.541201,0,0
35853,14:04:17,114.105904,22.5413,0,0
35853,14:04:46,114.106003,22.5413,0,0
35853,14:07:16,114.106201,22.544399,0,10
35853,14:07:46,114.103897,22.5443,0,26
35853,14:09:16,114.099503,22.5471,0,0
35853,14:12:17,114.099403,22.5548,0,0
35853,14:12:47,114.099403,22.5548,0,0
35853,14:13:17,114.099403,22.5564,0,14
35853,14:14:17,114.099403,22.557199,0,0
35853,14:14:48,114.099403,22.557199,0,0
35853,14:15:18,114.099403,22.557199,0,0
35853,14:16:17,114.099297,22.5602,0,10
35853,14:16:47,114.099297,22.560699,0,8
35853,14:17:47,114.099197,22.565901,0,18
35853,14:18:17,114.099197,22.568199,0,29
35853,14:19:17,114.098999,22.5758,0,20
35853,14:19:48,114.099197,22.577,0,0
35853,14:20:18,114.0989,22.5781,0,15
35853,14:22:17,114.098,22.5788,0,6
35853,14:23:17,114.097603,22.5784,0,0
35853,14:23:47,114.098099,22.578501,0,6
35853,14:24:58,114.098396,22.5798,0,0
35853,14:27:03,114.098602,22.577801,0,4
35853,14:27:33,114.098701,22.5777,0,0
35853,14:28:03,114.098701,22.5777,0,0
35853,14:28:33,114.098701,22.5777,0,0
35853,14:29:03,114.099503,22.5783,0,20
35853,14:29:33,114.1008,22.581301,0,11
35853,14:30:03,114.101196,22.5842,0,22
35853,14:30:32,114.101402,22.585899,0,14
35853,14:31:02,114.103798,22.5884,0,29
35853,14:33:02,114.107697,22.592501,0,14
35853,14:34:02,114.110397,22.596901,0,17
35853,14:35:03,114.111504,22.599199,0,8
35853,14:36:02,114.111801,22.599899,0,0
35853,14:36:32,114.111801,22.599899,0,0
35853,14:37:02,114.111801,22.600401,0,8
35853,14:38:32,114.112396,22.6028,0,5
35853,14:39:31,114.112602,22.6031,0,0
35853,14:40:02,114.112503,22.603399,0,0
35853,14:41:25,114.112503,22.601299,0,7
35853,14:41:55,114.112198,22.601,0,0
35853,14:42:25,114.112198,22.601,0,0
35853,14:43:54,114.112198,22.601,0,4
35853,14:44:24,114.111298,22.599199,0,20
35853,14:44:54,114.109901,22.5958,0,32
35853,14:45:26,114.107903,22.5928,0,9
35853,14:45:56,114.107903,22.5928,0,0
35853,14:46:26,114.107903,22.5928,0,0
35853,14:47:56,114.104202,22.588699,0,27
35853,14:48:26,114.1017,22.5865,0,19
35853,14:48:55,114.101303,22.5835,0,25
35853,14:49:25,114.100998,22.582001,0,0
35853,14:50:26,114.099403,22.578899,0,18
35853,14:50:56,114.098602,22.575399,0,20
35853,14:51:56,114.098701,22.570499,0,14
35853,14:52:56,114.094902,22.5688,0,12
35853,14:53:26,114.092903,22.5681,0,21
35853,14:53:56,114.0905,22.567499,0,12
35853,14:54:25,114.087997,22.566799,0,23
35853,14:54:55,114.085098,22.5639,0,28
35853,14:55:26,114.082703,22.5604,0,35
35853,14:56:26,114.078201,22.5543,0,0
35853,14:57:56,114.076897,22.552799,0,6
35853,14:58:56,114.076302,22.552099,0,0
35853,14:59:56,114.076302,22.552099,0,0
35853,15:00:27,114.076302,22.552099,0,0
35853,15:00:57,114.075897,22.551001,0,17
35853,15:01:27,114.075996,22.549801,0,0
35853,15:01:57,114.075996,22.549801,0,0
35853,15:04:27,114.076202,22.5471,0,8
35853,15:04:57,114.076797,22.5471,0,10
35853,15:05:27,114.078003,22.5471,0,2
35853,15:05:56,114.079002,22.5471,0,0
35853,15:06:17,114.079002,22.5471,0,0
35853,15:06:47,114.079697,22.5471,0,5
35853,15:07:17,114.080902,22.5466,0,0
35853,15:07:47,114.080704,22.5464,0,0
35853,15:08:17,114.080597,22.546499,0,0
35853,15:08:47,114.080704,22.5466,0,0
35853,15:09:16,114.080597,22.5466,0,0
35853,15:09:46,114.080399,22.546301,0,0
35853,15:10:49,114.080299,22.546301,0,0
35853,15:11:19,114.0802,22.5462,0,0
35853,15:11:49,114.0802,22.5462,0,0
35853,15:13:19,114.0802,22.546101,0,0
35853,15:13:49,114.080299,22.5462,0,0
35853,15:14:18,114.0802,22.546,0,5
35853,15:14:48,114.080101,22.5457,0,0
35853,15:15:18,114.079903,22.5459,0,2
35853,15:15:48,114.080002,22.545799,0,0
35853,15:16:18,114.080002,22.5455,0,1
35853,15:18:48,114.078003,22.5432,0,4
35853,15:19:18,114.077904,22.5432,0,0
35853,15:19:47,114.077797,22.543501,0,8
35853,15:20:49,114.072098,22.5431,0,0
35853,15:21:48,114.071999,22.5431,0,5
35853,15:22:18,114.069504,22.5434,0,25
35853,15:22:47,114.068001,22.546499,0,23
35853,15:23:17,114.068001,22.5473,0,0
35853,15:25:17,114.067001,22.547701,0,13
35853,15:26:15,114.064903,22.547701,0,18
35853,15:26:27,114.064697,22.5476,0,10
35853,15:26:57,114.062798,22.548901,0,30
35853,15:27:27,114.062798,22.5511,0,0
35853,15:27:56,114.062798,22.5511,0,0
35853,15:29:26,114.062798,22.5511,0,0
35853,15:30:26,114.058296,22.5515,0,25
35853,15:31:58,114.046097,22.5509,0,27
35853,15:32:28,114.044899,22.5508,0,0
35853,15:32:58,114.042999,22.5504,0,21
35853,15:34:27,114.040298,22.5497,0,0
35853,15:34:57,114.038101,22.5492,0,25
35853,15:35:27,114.037102,22.549,0,0
35853,15:36:03,114.0364,22.549299,0,5
35853,15:36:33,114.036003,22.5511,0,13
35853,15:37:03,114.035599,22.552799,0,19
35853,15:37:33,114.035599,22.555201,0,20
35853,15:38:03,114.0383,22.5562,0,11
35853,15:38:33,114.039803,22.556299,0,24
35853,15:39:02,114.043198,22.5567,0,6
35853,15:40:02,114.043297,22.5567,0,0
35853,15:40:32,114.043503,22.5567,0,4
35853,15:41:03,114.042801,22.558701,0,31
35853,15:43:03,114.036003,22.5669,0,0
35853,15:43:13,114.036003,22.5669,0,0
35853,15:43:35,114.035896,22.566999,0,8
35853,15:44:34,114.033501,22.566999,0,11
35853,15:46:04,114.029602,22.565901,0,0
35853,15:48:28,114.0299,22.5662,0,15
35853,15:48:58,114.030197,22.5651,0,16
35853,15:50:58,114.029503,22.5655,0,16
35853,15:51:28,114.030502,22.5674,0,4
35853,15:53:41,114.033501,22.5669,0,13
35853,15:54:11,114.035698,22.5672,0,18
35853,15:54:41,114.036903,22.565701,0,17
35853,15:55:11,114.039597,22.564199,0,28
35853,15:55:40,114.041801,22.5602,0,34
35853,15:56:42,114.043198,22.5576,0,0
35853,15:57:12,114.043602,22.5569,0,15
35853,15:57:42,114.044098,22.5534,0,29
35853,15:59:12,114.044197,22.551201,0,0
35853,15:59:42,114.044197,22.551201,0,0
35853,16:00:12,114.044899,22.5506,0,18
35853,16:01:12,114.050903,22.5509,0,10
35853,16:01:41,114.051003,22.5501,0,14
35853,16:02:31,114.051201,22.548,0,13
35853,16:03:47,114.047699,22.5457,0,0
35853,16:04:47,114.050903,22.5453,0,0
35853,16:05:17,114.051102,22.5453,0,0
35853,16:05:47,114.051102,22.545401,0,7
35853,16:06:17,114.051201,22.5425,0,31
35853,16:06:48,114.051399,22.5396,0,12
35853,16:07:18,114.053101,22.539499,0,0
35853,16:08:18,114.053101,22.539499,0,0
35853,16:08:48,114.053299,22.538099,0,10
35853,16:09:18,114.053299,22.5378,0,0
35853,16:10:18,114.052696,22.5357,0,4
35853,16:10:57,114.052299,22.5352,0,7
35853,16:11:57,114.055,22.537399,0,22
35853,16:12:27,114.056396,22.537399,0,0
35853,16:12:29,114.056602,22.5375,0,8
35853,16:13:29,114.057899,22.5376,0,0
35853,16:13:59,114.057999,22.537901,0,0
35853,16:14:29,114.058197,22.538,0,8
35853,16:14:58,114.058296,22.539101,0,11
35853,16:17:29,114.059898,22.5408,0,0
35853,16:18:42,114.0597,22.542,0,0
35853,16:22:11,114.062698,22.5369,0,21
35853,16:23:11,114.062897,22.5359,0,9
35853,16:23:41,114.063004,22.5338,0,13
35853,16:24:12,114.063004,22.5303,0,30
35853,16:24:42,114.063004,22.527599,0,12
35853,16:25:12,114.063004,22.525999,0,12
35853,16:25:41,114.062897,22.5238,0,24
35853,16:26:41,114.061501,22.520599,0,12
35853,16:27:11,114.062798,22.518999,0,10
35853,16:27:41,114.062103,22.5184,0,15
35853,16:28:11,114.060204,22.517,0,21
35853,16:28:41,114.057297,22.5151,0,21
35853,16:29:12,114.055603,22.514099,0,15
35853,16:29:42,114.052399,22.5131,0,13
35853,16:30:12,114.049698,22.5126,0,25
35853,16:30:42,114.048698,22.511499,0,12
35853,16:31:59,114.044601,22.5109,0,0
35853,16:32:40,114.042397,22.5112,0,21
35853,16:34:11,114.044403,22.512501,0,0
35853,16:34:41,114.045799,22.5123,0,23
35853,16:35:11,114.048897,22.512501,0,21
35853,16:35:41,114.050697,22.5126,0,20
35853,16:36:11,114.053596,22.5133,0,20
35853,16:36:41,114.055099,22.5138,0,0
35853,16:37:40,114.0578,22.515301,0,25
35853,16:38:10,114.0606,22.5173,0,21
35853,16:38:40,114.062599,22.518801,0,8
35853,16:40:11,114.062202,22.5222,0,28
35853,16:40:41,114.063202,22.5261,0,19
35853,16:41:41,114.063202,22.5308,0,6
35853,16:42:10,114.0634,22.5313,0,4
35853,16:42:40,114.064796,22.5315,0,12
35853,16:43:10,114.067398,22.531601,0,14
35853,16:43:40,114.0681,22.531601,0,0
35853,16:44:11,114.069702,22.5317,0,8
35853,16:44:40,114.070702,22.5317,0,9
35853,16:45:10,114.071602,22.5317,0,7
35853,16:45:40,114.072197,22.5317,0,6
35853,16:47:40,114.077599,22.5322,0,6
35853,16:49:09,114.079102,22.5354,0,6
35853,16:49:42,114.080399,22.5366,0,6
35853,16:50:12,114.082298,22.537201,0,15
35853,16:50:42,114.085197,22.5373,0,15
35853,16:51:42,114.091103,22.538099,0,23
35853,16:52:42,114.091301,22.5411,0,0
35853,16:54:11,114.091301,22.5411,0,0
35853,16:54:42,114.091202,22.542999,0,0
35853,16:55:12,114.091202,22.542999,0,0
35853,16:55:42,114.091202,22.542999,0,0
35853,16:56:12,114.091202,22.542999,0,0
35853,17:01:12,114.087898,22.5448,0,10
35853,17:01:42,114.087997,22.545099,0,0
35853,17:02:12,114.087997,22.546301,0,14
35853,17:02:42,114.088097,22.5469,0,0
35853,17:03:12,114.087997,22.547199,0,9
35853,17:04:16,114.089203,22.5469,0,0
35853,17:04:47,114.089897,22.5467,0,0
35853,17:05:16,114.090599,22.5473,0,6
35853,17:06:16,114.091103,22.550501,0,2
35853,17:06:45,114.091103,22.550501,0,0
35853,17:07:45,114.091103,22.551001,0,9
35853,17:08:15,114.091202,22.5527,0,10
35853,17:11:46,114.090897,22.5567,0,18
35853,17:12:15,114.090202,22.556299,0,0
35853,17:12:45,114.088997,22.5553,0,13
35853,17:13:15,114.087997,22.554399,0,1
35853,17:13:37,114.087997,22.554399,0,0
35853,17:14:07,114.087997,22.554399,0,0
35853,17:14:37,114.086998,22.5532,0,8
35853,17:15:08,114.0868,22.553101,0,0
35853,17:15:11,114.0868,22.553101,0,0
35853,17:15:41,114.085403,22.553801,0,6
35853,17:16:11,114.085403,22.5539,0,0
35853,17:16:41,114.084602,22.5548,0,8
35853,17:17:11,114.084503,22.555901,0,12
35853,17:17:40,114.081596,22.556101,0,10
35853,17:18:40,114.081398,22.5576,0,3
35853,17:19:10,114.081902,22.5585,0,15
35853,17:19:40,114.083099,22.560499,0,18
35853,17:20:10,114.083603,22.561501,0,10
35853,17:21:10,114.084999,22.563499,0,0
35853,17:22:10,114.085602,22.564501,0,3
35853,17:22:40,114.0858,22.564699,0,0
35853,17:23:39,114.086197,22.5653,0,5
35853,17:24:09,114.086601,22.565901,0,6
35853,17:24:39,114.086899,22.566401,0,0
35853,17:25:11,114.0868,22.566999,0,4
35853,17:25:41,114.086601,22.5674,0,0
35853,17:27:11,114.085701,22.569099,0,6
35853,17:28:11,114.084198,22.570999,0,11
35853,17:28:41,114.083298,22.5718,0,4
35853,17:29:40,114.083504,22.5737,0,2
35853,17:30:10,114.083099,22.5748,0,8
35853,17:31:11,114.079903,22.5797,0,23
35853,17:31:41,114.078499,22.5828,0,18
35853,17:32:40,114.075798,22.5856,0,0
35853,17:33:10,114.073601,22.5849,0,15
35853,17:34:09,114.071098,22.587299,0,10
35853,17:34:39,114.070602,22.586901,0,13
35853,17:35:09,114.070198,22.587601,0,0
35853,17:35:33,114.070198,22.587601,0,0
35853,17:36:03,114.070503,22.5875,0,10
35853,17:36:33,114.071404,22.5867,0,10
35853,17:37:02,114.071701,22.586399,0,15
35853,17:37:32,114.0718,22.5858,0,9
35853,17:38:05,114.073601,22.584999,0,5
35853,17:38:35,114.072601,22.584,0,12
35853,17:39:05,114.073799,22.5839,0,15
35853,17:39:35,114.0755,22.583099,0,13
35853,17:41:05,114.078003,22.5791,0,13
35853,17:41:35,114.080101,22.5791,0,15
35853,17:43:04,114.083099,22.573,0,24
35853,17:43:34,114.081299,22.571699,0,14
35853,17:44:04,114.082497,22.5718,0,7
35853,17:44:34,114.084099,22.5707,0,4
35853,17:45:34,114.085403,22.569,0,15
35853,17:47:00,114.082901,22.5609,0,29
35853,17:47:30,114.081497,22.559,0,4
35853,17:47:59,114.080498,22.557301,0,5
35853,17:49:01,114.082802,22.5581,0,12
35853,17:50:31,114.085899,22.558201,0,0
35853,17:51:31,114.0868,22.5583,0,9
35853,17:52:01,114.088997,22.5583,0,4
35853,17:53:31,114.089104,22.5583,0,0
35853,17:54:01,114.089401,22.5583,0,4
35853,17:55:31,114.096199,22.5585,0,3
35853,17:56:01,114.098198,22.558399,0,18
35853,17:57:01,114.099297,22.555599,0,5
35853,17:57:31,114.099297,22.555401,0,0
35853,17:58:01,114.099297,22.555401,0,0
35853,17:58:32,114.099297,22.555401,0,0
35853,17:59:02,114.099297,22.555401,0,0
35853,17:59:31,114.099297,22.555401,0,0
35853,18:00:01,114.099297,22.555401,0,0
35853,18:01:31,114.099403,22.5553,0,0
35853,18:02:01,114.099297,22.5553,0,0
35853,18:03:01,114.099403,22.5525,0,0
35853,18:03:32,114.099403,22.5525,0,0
35853,18:05:02,114.099503,22.550301,0,21
35853,18:05:31,114.099503,22.548,0,0
35853,18:06:01,114.099503,22.548,0,0
35853,18:06:31,114.099403,22.548,0,0
35853,18:07:01,114.099503,22.547501,0,5
35853,18:07:31,114.100304,22.547501,0,10
35853,18:08:17,114.100899,22.547501,0,0
35853,18:08:36,114.100899,22.5476,0,4
35853,18:09:06,114.0998,22.547501,0,0
35853,18:09:36,114.099602,22.547501,0,0
35853,18:10:06,114.099503,22.5478,0,0
35853,18:10:35,114.099297,22.545799,0,23
35853,18:11:05,114.099297,22.5452,0,0
35853,18:12:35,114.0961,22.5436,0,8
35853,18:20:35,114.091797,22.543501,0,0
35853,18:21:05,114.091797,22.543501,0,0
35853,18:22:04,114.091797,22.543501,0,0
35853,18:23:34,114.089996,22.5434,0,0
35853,18:24:06,114.089996,22.5434,0,0
35853,18:24:36,114.089996,22.5434,0,0
35853,18:25:07,114.089897,22.5434,0,0
35853,18:25:37,114.089798,22.5434,0,0
35853,18:26:07,114.089798,22.5434,0,0
35853,18:27:07,114.089203,22.5434,0,0
35853,18:27:36,114.089203,22.5434,0,0
35853,18:28:36,114.088501,22.5434,0,0
35853,18:29:36,114.087402,22.543301,0,2
35853,18:30:06,114.087196,22.543301,0,3
35853,18:30:36,114.086502,22.543301,0,0
35853,18:31:06,114.086098,22.543301,0,3
35853,18:31:36,114.086098,22.543301,0,0
35853,18:33:05,114.085899,22.5431,0,0
35853,18:33:35,114.085899,22.5431,0,0
35853,18:35:07,114.085602,22.5429,0,0
35853,18:35:37,114.085197,22.5429,0,0
35853,18:36:37,114.084297,22.5436,0,3
35853,18:37:07,114.084297,22.542999,0,2
35853,18:37:37,114.083603,22.5432,0,3
35853,18:38:06,114.083099,22.5432,0,0
35853,18:38:22,114.082901,22.543301,0,1
35853,18:40:53,114.081001,22.5432,0,0
35853,18:41:53,114.081001,22.5432,0,0
35853,18:43:22,114.074303,22.5431,0,15
35853,18:43:52,114.071999,22.5432,0,12
35853,18:45:21,114.071404,22.5446,0,0
35853,18:45:27,114.071404,22.5446,0,0
35853,18:45:57,114.0718,22.5441,0,0
35853,18:46:26,114.071701,22.5441,0,0
35853,18:46:56,114.0718,22.5439,0,9
35853,18:47:26,114.070503,22.5431,0,23
35853,18:47:56,114.067398,22.5431,0,22
35853,18:48:26,114.063904,22.5429,0,27
35853,18:48:56,114.059196,22.542801,0,35
35853,18:49:28,114.0541,22.5431,0,30
35853,18:49:58,114.054901,22.542101,0,32
35853,18:50:28,114.057701,22.542101,0,16
35853,18:51:28,114.056,22.5394,0,6
35853,18:52:27,114.0541,22.5376,0,0
35853,18:52:57,114.053398,22.537701,0,11
35853,18:53:27,114.050697,22.5375,0,15
35853,18:54:27,114.048302,22.5375,0,0
35853,18:54:57,114.048302,22.5375,0,0
35853,18:55:27,114.048302,22.5375,0,0
35853,18:55:57,114.048103,22.537399,0,0
35853,18:56:21,114.048302,22.5373,0,3
35853,18:56:51,114.0495,22.5373,0,3
35853,18:57:08,114.049599,22.5373,0,4
35853,18:57:37,114.050301,22.535999,0,13
35853,18:58:37,114.052002,22.535299,0,21
35853,18:59:39,114.057404,22.535299,0,9
35853,19:00:09,114.057503,22.535299,0,0
35853,19:00:39,114.057503,22.535299,0,0
35853,19:01:09,114.057999,22.535101,0,6
35853,19:01:39,114.058197,22.5319,0,29
35853,19:02:09,114.058403,22.5308,0,0
35853,19:02:39,114.058502,22.5301,0,5
35853,19:03:08,114.058601,22.529699,0,0
35853,19:03:38,114.0588,22.5291,0,0
35853,19:04:08,114.058998,22.5287,0,4
35853,19:04:38,114.059303,22.527201,0,8
35853,19:05:08,114.059502,22.526899,0,7
35853,19:05:38,114.059601,22.526199,0,4
35853,19:06:08,114.059402,22.5259,0,0
35853,19:07:08,114.058502,22.525801,0,0
35853,19:07:38,114.058098,22.5259,0,0
35853,19:10:10,114.0522,22.525801,0,7
35853,19:10:10,114.058601,22.529699,0,0
35853,19:10:40,114.050797,22.525801,0,9
35853,19:11:09,114.050003,22.525801,0,9
35853,19:13:09,114.044601,22.5257,0,5
35853,19:13:39,114.042999,22.523001,0,26
35853,19:14:09,114.042801,22.5224,0,15
35853,19:14:39,114.0429,22.5226,0,0
35853,19:15:10,114.042999,22.5229,0,0
35853,19:16:13,114.0438,22.5242,0,4
35853,19:16:43,114.044197,22.525101,0,0
35853,19:17:13,114.044701,22.525999,0,16
35853,19:17:43,114.044998,22.5291,0,27
35853,19:18:43,114.045403,22.531601,0,10
35853,19:19:12,114.044197,22.5315,0,9
35853,19:20:13,114.041,22.5312,0,10
35853,19:20:43,114.039497,22.531,0,11
35853,19:21:13,114.037903,22.5308,0,8
35853,19:22:13,114.035896,22.5306,0,7
35853,19:22:43,114.035004,22.5305,0,3
35853,19:23:13,114.034401,22.530399,0,5
35853,19:23:43,114.0336,22.5303,0,2
35853,19:24:13,114.032997,22.5303,0,4
35853,19:24:42,114.032799,22.5303,0,0
35853,19:25:44,114.031403,22.5303,0,8
35853,19:27:14,114.028198,22.530701,0,13
35853,19:27:44,114.024902,22.531601,0,27
35853,19:28:14,114.021103,22.532301,0,17
35853,19:28:44,114.018303,22.5319,0,17
35853,19:29:14,114.015503,22.5312,0,24
35853,19:29:44,114.012001,22.530701,0,23
35853,19:30:14,114.012802,22.5296,0,21
35853,19:30:43,114.013603,22.530399,0,14
35853,19:32:13,114.017601,22.5312,0,18
35853,19:32:43,114.020203,22.5317,0,13
35853,19:33:13,114.020599,22.531799,0,0
35853,19:33:37,114.020599,22.532101,0,0
35853,19:34:06,114.0205,22.532301,0,0
35853,19:35:08,114.021599,22.5319,0,8
35853,19:35:38,114.023499,22.5315,0,5
35853,19:36:08,114.025398,22.531099,0,19
35853,19:37:08,114.032501,22.5299,0,16
35853,19:38:08,114.038002,22.530399,0,18
35853,19:38:38,114.041,22.5308,0,13
35853,19:39:07,114.043701,22.531099,0,23
35853,19:39:37,114.0476,22.5312,0,25
35853,19:40:37,114.055199,22.531401,0,27
35853,19:41:07,114.059196,22.531401,0,24
35853,19:42:07,114.064499,22.5315,0,10
35853,19:42:37,114.066803,22.530899,0,21
35853,19:43:07,114.067497,22.528099,0,26
35853,19:43:37,114.065903,22.525,0,19
35853,19:44:07,114.065498,22.5242,0,0
35853,19:44:36,114.065201,22.5238,0,15
35853,19:45:06,114.064598,22.5228,0,14
35853,19:45:38,114.064301,22.5224,0,8
35853,19:46:08,114.062897,22.5205,0,15
35853,19:47:08,114.066299,22.523899,0,8
35853,19:47:38,114.066399,22.523899,0,0
35853,19:49:08,114.067902,22.5238,0,0
35853,19:49:31,114.067802,22.523899,0,0
35853,19:50:00,114.0672,22.5249,0,15
35853,19:50:31,114.0681,22.5285,0,29
35853,19:52:01,114.067703,22.541901,0,28
35853,19:53:31,114.063004,22.545099,0,23
35853,19:54:01,114.063202,22.547899,0,17
35853,19:54:31,114.064598,22.547501,0,0
35853,19:54:40,114.064598,22.547501,0,0
35853,19:54:49,114.064598,22.547501,0,0
35853,19:55:49,114.067802,22.5473,0,14
35853,19:56:49,114.0681,22.542601,0,16
35853,19:57:19,114.071602,22.5429,0,16
35853,19:57:49,114.073502,22.5429,0,0
35853,19:58:19,114.073502,22.5429,0,0
35853,19:58:49,114.074501,22.542999,0,5
35853,19:59:19,114.074898,22.542999,0,0
35853,20:00:19,114.0756,22.542999,0,11
35853,20:00:51,114.0774,22.5431,0,12
35853,20:01:50,114.0811,22.542999,0,15
35853,20:02:20,114.081596,22.541,0,2
35853,20:02:50,114.081596,22.541,0,0
35853,20:03:20,114.081596,22.541,0,0
35853,20:03:50,114.081596,22.541,0,0
35853,20:04:20,114.081802,22.540701,0,7
35853,20:04:50,114.081703,22.5385,0,21
35853,20:05:20,114.079903,22.536501,0,16
35853,20:05:50,114.078499,22.534599,0,9
35853,20:06:20,114.078499,22.534401,0,0
35853,20:07:07,114.078003,22.5348,0,5
35853,20:07:46,114.077103,22.5355,0,0
35853,20:08:16,114.0774,22.536301,0,8
35853,20:08:46,114.0774,22.5375,0,0
35853,20:09:45,114.0784,22.5389,0,11
35853,20:10:15,114.079498,22.5389,0,0
35853,20:10:47,114.0811,22.539101,0,9
35853,20:11:17,114.081703,22.5376,0,21
35853,20:11:47,114.081703,22.5371,0,14
35853,20:14:17,114.0868,22.5373,0,3
35853,20:14:47,114.087898,22.537399,0,11
35853,20:15:46,114.089897,22.5378,0,6
35853,20:16:16,114.091103,22.538,0,7
35853,20:16:46,114.091797,22.5382,0,3
35853,20:17:16,114.092697,22.538099,0,4
35853,20:18:16,114.0942,22.538,0,4
35853,20:18:46,114.0951,22.538,0,0
35853,20:19:46,114.096802,22.538099,0,4
35853,20:20:15,114.097397,22.538099,0,3
35853,20:20:45,114.097397,22.538099,0,0
35853,20:22:17,114.098297,22.538099,0,0
35853,20:23:17,114.099197,22.538099,0,0
35853,20:25:17,114.1017,22.538099,0,0
35853,20:25:46,114.1017,22.538099,0,0
35853,20:26:47,114.102303,22.538099,0,4
35853,20:27:47,114.1026,22.538099,0,5
35853,20:29:17,114.103897,22.538,0,5
35853,20:29:47,114.104401,22.5378,0,3
35853,20:31:17,114.1054,22.5373,0,6
35853,20:31:47,114.106201,22.537001,0,8
35853,20:32:17,114.107498,22.537201,0,8
35853,20:32:47,114.108101,22.537201,0,0
35853,20:33:47,114.110497,22.5378,0,10
35853,20:34:17,114.111702,22.538,0,0
35853,20:35:17,114.113403,22.5383,0,4
35853,20:35:47,114.113998,22.538401,0,7
35853,20:36:48,114.114899,22.5389,0,3
35853,20:37:18,114.115501,22.539101,0,5
35853,20:38:18,114.116501,22.5397,0,2
35853,20:38:48,114.116997,22.539301,0,4
35853,20:39:18,114.1175,22.538601,0,8
35853,20:40:18,114.118401,22.5376,0,10
35853,20:40:48,114.119301,22.538,0,5
35853,20:41:18,114.120003,22.538401,0,0
35853,20:41:48,114.1203,22.5387,0,4
35853,20:42:18,114.121002,22.539301,0,5
35853,20:43:47,114.124199,22.5411,0,15
35853,20:45:17,114.131599,22.5452,0,24
35853,20:46:49,114.139198,22.554001,0,22
35853,20:47:49,114.143799,22.5548,0,19
35853,20:48:18,114.1436,22.553801,0,0
35853,20:48:56,114.1436,22.553801,0,0
35853,20:50:26,114.143303,22.5513,0,8
35853,20:51:26,114.143097,22.550301,0,4
35853,20:51:56,114.142197,22.5502,0,6
35853,20:52:56,114.141502,22.5501,0,1
35853,20:53:55,114.1399,22.5499,0,11
35853,20:54:25,114.1371,22.5497,0,26
35853,20:55:25,114.1306,22.5487,0,22
35853,20:55:55,114.127899,22.5481,0,24
35853,20:56:25,114.124702,22.547701,0,9
35853,20:56:51,114.124702,22.5474,0,0
35853,20:57:21,114.123596,22.5476,0,7
35853,20:57:51,114.121002,22.547199,0,25
35853,20:58:21,114.117599,22.5462,0,15
35853,20:58:51,114.116997,22.5473,0,1
35853,20:59:21,114.117401,22.547501,0,0
35853,20:59:50,114.117203,22.547899,0,17
35853,21:00:20,114.116798,22.549999,0,12
35853,21:01:20,114.1185,22.553499,0,9
35853,21:02:20,114.118698,22.554501,0,15
35853,21:03:20,114.124702,22.5588,0,23
35853,21:03:50,114.125099,22.559,0,0
35853,21:04:20,114.125099,22.559,0,0
35853,21:04:50,114.125702,22.559401,0,23
35853,21:05:19,114.128502,22.561001,0,27
35853,21:05:49,114.1315,22.562,0,4
35853,21:07:21,114.131599,22.562,0,10
35853,21:07:51,114.133598,22.563999,0,28
35853,21:08:51,114.136002,22.566799,0,0
35853,21:09:21,114.136002,22.566799,0,0
35853,21:09:51,114.136101,22.566799,0,3
35853,21:11:50,114.138199,22.572901,0,0
35853,21:12:51,114.138199,22.573601,0,8
35853,21:13:21,114.138702,22.574301,0,0
35853,21:14:51,114.139198,22.5756,0,21
35853,21:15:21,114.140198,22.578501,0,26
35853,21:15:51,114.1408,22.580299,0,0
35853,21:16:20,114.1408,22.580299,0,0
35853,21:16:50,114.1408,22.580299,0,0
35853,21:17:21,114.146797,22.5945,0,33
35853,21:17:51,114.147598,22.5963,0,0
35853,21:18:21,114.1511,22.602501,0,29
35853,21:18:51,114.152199,22.604099,0,0
35853,21:19:21,114.155998,22.6094,0,22
35853,21:20:51,114.150101,22.6082,0,3
35853,21:21:21,114.1502,22.6087,0,5
35853,21:21:50,114.149902,22.6092,0,0
35853,21:22:15,114.149803,22.6092,0,0
35853,21:22:20,114.1492,22.609699,0,1
35853,21:22:50,114.149399,22.610399,0,5
35853,21:23:20,114.149498,22.610901,0,2
35853,21:23:46,114.149498,22.610901,0,0
35853,21:24:18,114.1493,22.611099,0,0
35853,21:24:48,114.149498,22.611,0,7
35853,21:25:18,114.149498,22.610399,0,8
35853,21:29:33,114.155197,22.6089,0,0
35853,21:30:03,114.155197,22.6089,0,0
35853,21:30:33,114.155197,22.6089,0,0
35853,21:31:03,114.156799,22.608999,0,26
35853,21:32:03,114.159401,22.607401,0,2
35853,21:32:23,114.159401,22.607401,0,3
35853,21:33:23,114.160103,22.601801,0,29
35853,21:33:52,114.157303,22.598301,0,30
35853,21:34:22,114.1549,22.596901,0,22
35853,21:34:52,114.152298,22.5956,0,23
35853,21:35:22,114.150703,22.592699,0,20
35853,21:35:52,114.150398,22.5902,0,18
35853,21:36:52,114.145103,22.584999,0,12
35853,21:37:22,114.142197,22.583799,0,20
35853,21:37:52,114.141197,22.580999,0,24
35853,21:38:22,114.139999,22.5784,0,17
35853,21:38:52,114.139198,22.5758,0,12
35853,21:39:23,114.139099,22.5758,0,0
35853,21:39:53,114.139099,22.5758,0,0
35853,21:40:53,114.1381,22.5728,0,32
35853,21:41:23,114.137901,22.5697,0,0
35853,21:41:53,114.137497,22.568501,0,15
35853,21:42:23,114.136597,22.567499,0,0
35853,21:42:53,114.1362,22.567101,0,16
35853,21:44:49,114.127602,22.5606,0,25
35853,21:45:19,114.124901,22.559099,0,14
35853,21:45:49,114.122101,22.557501,0,25
35853,21:46:49,114.118301,22.553101,0,16
35853,21:47:15,114.118202,22.5529,0,0
35853,21:47:44,114.117996,22.552099,0,4
35853,21:48:14,114.117401,22.5509,0,15
35853,21:48:44,114.1166,22.550501,0,0
35853,21:49:47,114.1166,22.548599,0,8
35853,21:50:17,114.1166,22.548401,0,0
35853,21:50:45,114.1166,22.548401,0,4
35853,21:51:14,114.116997,22.546801,0,0
35853,21:51:44,114.117104,22.546499,0,15
35853,21:52:14,114.1175,22.544399,0,7
35853,21:52:44,114.117302,22.5438,0,0
35853,21:53:14,114.116997,22.5438,0,0
35853,21:53:44,114.117104,22.5438,0,0
35853,21:54:14,114.117104,22.5438,0,0
35853,21:55:18,114.116898,22.5462,0,8
35853,21:55:48,114.116898,22.5462,0,0
35853,21:56:17,114.116898,22.547199,0,20
35853,21:56:47,114.115997,22.5492,0,10
35853,21:57:17,114.116302,22.549999,0,8
35853,21:57:47,114.116699,22.550501,0,4
35853,21:58:47,114.116898,22.5509,0,8
35853,21:59:17,114.117699,22.551001,0,0
35853,21:59:47,114.1175,22.5513,0,7
35853,22:01:46,114.121101,22.556801,0,22
35853,22:02:46,114.119003,22.5623,0,28
35853,22:04:17,114.117897,22.572201,0,32
35853,22:04:47,114.1175,22.5755,0,22
35853,22:05:17,114.116096,22.5781,0,20
35853,22:05:47,114.115501,22.5795,0,3
35853,22:06:17,114.115997,22.579901,0,10
35853,22:06:46,114.117798,22.580099,0,4
35853,22:07:16,114.118202,22.5802,0,0
35853,22:07:46,114.119102,22.579399,0,6
35853,22:08:16,114.1194,22.5795,0,7
35853,22:08:46,114.1203,22.579,0,2
35853,22:10:18,114.1241,22.579399,0,14
35853,22:11:18,114.127998,22.579599,0,0
35853,22:11:25,114.127998,22.579599,0,0
35853,22:11:54,114.128098,22.579599,0,0
35853,22:12:24,114.126999,22.579599,0,12
35853,22:13:34,114.123199,22.5791,0,0
35853,22:14:35,114.123001,22.5793,0,0
35853,22:15:04,114.122101,22.5793,0,12
35853,22:16:34,114.116096,22.58,0,12
35853,22:17:59,114.1166,22.5784,0,0
35853,22:18:59,114.116699,22.578501,0,0
35853,22:19:30,114.1166,22.578501,0,4
35853,22:20:00,114.115601,22.5797,0,8
35853,22:20:29,114.114799,22.580799,0,22
35853,22:20:59,114.113197,22.584499,0,26
35853,22:23:59,114.116997,22.5676,0,0
35853,22:24:30,114.114899,22.564501,0,27
35853,22:25:00,114.114601,22.561001,0,29
35853,22:26:29,114.115303,22.5543,0,0
35853,22:26:59,114.115196,22.5539,0,11
35853,22:27:29,114.113899,22.552,0,12
35853,22:27:48,114.113899,22.5516,0,3
35853,22:29:49,114.110901,22.5478,0,0
35853,22:31:18,114.110603,22.5478,0,0
35853,22:31:48,114.110603,22.5478,0,0
35853,22:33:48,114.109802,22.554199,0,11
35853,22:35:20,114.112198,22.5648,0,38
35853,22:35:50,114.112503,22.566799,0,8
35853,22:36:20,114.113503,22.5704,0,34
35853,22:37:20,114.114197,22.577801,0,0
35853,22:38:19,114.109802,22.576599,0,15
35853,22:38:49,114.1064,22.574699,0,33
35853,22:39:19,114.102898,22.572701,0,24
35853,22:39:49,114.099403,22.570499,0,38
35853,22:40:49,114.091599,22.567801,0,36
35853,22:41:19,114.087303,22.5669,0,26
35853,22:42:19,114.079597,22.572701,0,33
35853,22:42:49,114.0746,22.571301,0,36
35853,22:43:49,114.063904,22.5686,0,34
35853,22:44:19,114.058296,22.5665,0,39
35853,22:44:49,114.052299,22.565001,0,43
35853,22:45:19,114.045898,22.5651,0,41
35853,22:47:50,114.023697,22.561501,0,18
35853,22:48:20,114.024696,22.5618,0,24
35853,22:48:50,114.0271,22.5583,0,28
35853,22:49:20,114.027199,22.5583,0,24
35853,22:49:50,114.025398,22.560301,0,7
35853,22:50:34,114.025597,22.560499,0,4
35853,22:51:34,114.033302,22.562201,0,36
35853,22:52:04,114.037598,22.562901,0,34
35853,22:52:34,114.041199,22.561199,0,35
35853,22:53:04,114.043701,22.556499,0,29
35853,22:53:33,114.044098,22.552999,0,16
35853,22:54:33,114.044098,22.5527,0,0
35853,22:55:03,114.044098,22.552601,0,9
35853,22:55:33,114.044098,22.552099,0,0
35853,22:56:03,114.044098,22.552099,0,0
35853,22:57:33,114.044098,22.5515,0,0
35853,22:58:05,114.044098,22.5515,0,0
35853,22:58:35,114.044098,22.5508,0,21
35853,22:59:04,114.044197,22.5471,0,28
35853,22:59:34,114.044296,22.542299,0,37
35853,23:00:34,114.044296,22.5373,0,25
35853,23:01:04,114.047401,22.5373,0,0
35853,23:02:04,114.047897,22.5373,0,5
35853,23:02:06,114.047997,22.5373,0,5
35853,23:02:25,114.048103,22.537399,0,0
35853,23:02:55,114.050201,22.537399,0,27
35853,23:03:55,114.050102,22.537399,0,27
35853,23:04:24,114.048103,22.5371,0,1
35853,23:04:54,114.048103,22.537201,0,0
35853,23:05:24,114.047699,22.5375,0,14
35853,23:05:54,114.0438,22.537399,0,23
35853,23:07:24,114.043404,22.530899,0,11
35853,23:07:56,114.0457,22.5312,0,20
35853,23:08:25,114.0504,22.5312,0,31
35853,23:09:25,114.0569,22.5313,0,33
35853,23:10:24,114.0672,22.531601,0,32
35853,23:11:24,114.077904,22.532499,0,30
35853,23:11:54,114.079597,22.5357,0,18
35853,23:12:24,114.083199,22.5373,0,32
35853,23:12:54,114.088203,22.5375,0,34
35853,23:13:26,114.0942,22.538,0,43
35853,23:13:56,114.099403,22.538099,0,34
35853,23:14:56,114.1092,22.5376,0,38
35853,23:15:25,114.114601,22.5387,0,31
35853,23:15:55,114.118103,22.537701,0,25
35853,23:16:25,114.122101,22.539801,0,33
35853,23:16:55,114.126602,22.542601,0,38
35853,23:17:25,114.132103,22.545401,0,47
35853,23:17:55,114.136101,22.549299,0,38
35853,23:18:57,114.140297,22.558599,0,34
35853,23:19:27,114.139801,22.563601,0,38
35853,23:20:27,114.138496,22.5735,0,38
35853,23:22:26,114.1306,22.5793,0,0
35853,23:22:56,114.1306,22.5797,0,14
35853,23:24:02,114.130402,22.5837,0,0
35853,23:24:32,114.130402,22.5837,0,0
35853,23:25:02,114.130402,22.583799,0,0
35853,23:25:32,114.130501,22.5821,0,19
35853,23:26:02,114.1306,22.58,0,0
35853,23:26:32,114.130402,22.580099,0,0
35853,23:27:01,114.131699,22.5798,0,22
35853,23:27:31,114.134598,22.579201,0,17
35853,23:28:01,114.135696,22.579201,0,0
35853,23:28:33,114.136703,22.580099,0,16
35853,23:29:33,114.137001,22.5805,0,0
35853,23:30:33,114.1399,22.5783,0,21
35853,23:31:33,114.139,22.575399,0,0
35853,23:32:03,114.139,22.575399,0,0
35853,23:33:02,114.137901,22.5695,0,24
35853,23:33:32,114.137199,22.5683,0,4
35853,23:34:02,114.136597,22.5676,0,0
35853,23:34:32,114.136002,22.5667,0,12
35853,23:35:32,114.135101,22.5658,0,0
35853,23:36:02,114.134804,22.5655,0,0
35853,23:36:32,114.134804,22.5655,0,0
35853,23:37:02,114.134804,22.5655,0,0
35853,23:37:49,114.134102,22.5646,0,24
35853,23:38:19,114.132202,22.5623,0,0
35853,23:38:50,114.133499,22.5602,0,30
35853,23:39:50,114.134903,22.558701,0,0
35853,23:40:20,114.136703,22.556801,0,26
35853,23:40:50,114.140999,22.555799,0,32
35853,23:41:20,114.144699,22.5553,0,12
35853,23:43:31,114.151398,22.553499,0,11
35853,23:44:00,114.151398,22.5534,0,0
35853,23:44:30,114.151398,22.5534,0,0
35853,23:45:30,114.149399,22.5501,0,28
35853,23:47:30,114.140404,22.543301,0,29
35853,23:48:00,114.138298,22.544001,0,0
35853,23:49:31,114.142601,22.549801,0,0
35853,23:50:31,114.141403,22.5502,0,7
35853,23:51:01,114.138901,22.549601,0,24
35853,23:51:31,114.133797,22.549299,0,32
35853,23:53:01,114.125298,22.547501,0,23
35853,23:53:08,114.126198,22.5483,0,0
35853,23:53:37,114.125999,22.549101,0,0
