31430,00:01:28,114.027199,22.6157,0,22
31430,00:01:59,114.027901,22.6143,0,7
31430,00:04:59,114.027298,22.610701,0,12
31430,00:05:29,114.028999,22.612301,0,11
31430,00:05:59,114.026001,22.6105,0,59
31430,00:06:59,114.021797,22.6098,0,11
31430,00:09:09,114.0196,22.612101,1,38
31430,00:09:39,114.021004,22.6136,1,48
31430,00:10:09,114.024399,22.615601,1,50
31430,00:10:39,114.026703,22.616899,1,29
31430,00:11:09,114.029701,22.618,1,31
31430,00:11:39,114.032097,22.6152,1,24
31430,00:13:10,114.032501,22.615,1,20
31430,00:14:09,114.036697,22.617201,0,18
31430,00:14:39,114.039497,22.618601,0,46
31430,00:15:09,114.042503,22.6201,0,40
31430,00:15:39,114.0466,22.621201,0,55
31430,00:16:10,114.050301,22.622299,0,9
31430,00:16:40,114.050301,22.6241,0,44
31430,00:17:10,114.050903,22.625299,0,11
31430,00:17:40,114.051903,22.625401,0,9
31430,00:18:10,114.053001,22.625401,0,16
31430,00:18:40,114.054703,22.625099,0,33
31430,00:20:40,114.055702,22.627399,0,55
31430,00:21:10,114.056702,22.629299,0,40
31430,00:21:40,114.060699,22.6294,0,46
31430,00:22:11,114.064903,22.629999,0,29
31430,00:22:41,114.067299,22.630301,0,50
31430,00:23:11,114.0718,22.6299,0,48
31430,00:24:41,114.0746,22.6294,0,20
31430,00:25:11,114.078102,22.628799,0,53
31430,00:25:41,114.082397,22.628099,0,46
31430,00:26:11,114.0858,22.629601,0,46
31430,00:26:42,114.090599,22.6313,0,72
31430,00:27:12,114.096603,22.633499,0,68
31430,00:27:42,114.099899,22.634701,0,7
31430,00:28:12,114.100403,22.634899,0,25
31430,00:28:42,114.103798,22.6371,0,72
31430,00:29:12,114.109299,22.641199,0,88
31430,00:29:41,114.116203,22.642799,0,92
31430,00:30:12,114.123596,22.639999,0,96
31430,00:30:42,114.130402,22.6371,0,94
31430,00:31:12,114.137703,22.636101,0,88
31430,00:31:42,114.143402,22.6395,0,85
31430,00:32:12,114.149399,22.6432,0,87
31430,00:32:42,114.155502,22.646099,0,85
31430,00:33:12,114.1623,22.647301,0,87
31430,00:33:42,114.169502,22.6493,0,92
31430,00:35:13,114.189697,22.6602,0,96
31430,00:35:43,114.196602,22.663401,0,98
31430,00:36:13,114.202499,22.6661,0,53
31430,00:37:13,114.208,22.6654,0,66
31430,00:37:43,114.213898,22.6647,0,81
31430,00:38:14,114.221199,22.664301,0,83
31430,00:38:44,114.227997,22.6646,0,87
31430,00:39:14,114.235001,22.664801,0,87
31430,00:39:44,114.241302,22.663601,0,51
31430,00:40:14,114.242897,22.663099,0,20
31430,00:40:44,114.246002,22.662001,0,50
31430,00:41:14,114.2509,22.6619,0,70
31430,00:41:44,114.256897,22.6625,0,72
31430,00:42:15,114.263397,22.6646,0,79
31430,00:42:45,114.270401,22.6644,0,72
31430,00:43:45,114.274803,22.663401,0,72
31430,00:44:15,114.280899,22.6616,0,79
31430,00:44:45,114.286598,22.6616,0,29
31430,00:45:45,114.288597,22.662901,0,62
31430,00:46:15,114.292397,22.667999,0,83
31430,00:46:46,114.296799,22.670601,0,18
31430,00:47:16,114.299004,22.672001,0,62
31430,00:47:46,114.305199,22.674101,0,87
31430,00:48:16,114.311302,22.6759,0,57
31430,00:48:46,114.315102,22.677401,0,44
31430,00:49:47,114.315903,22.6777,0,29
31430,00:50:17,114.320503,22.679701,0,74
31430,00:51:17,114.325203,22.681499,0,61
31430,00:51:47,114.330704,22.683901,0,75
31430,00:52:17,114.333702,22.6866,0,48
31430,00:52:47,114.3367,22.690001,0,55
31430,00:53:17,114.338203,22.6931,0,24
31430,00:54:48,114.3395,22.695299,0,37
31430,00:55:18,114.341103,22.6982,0,50
31430,00:55:48,114.343201,22.702,0,59
31430,00:57:18,114.3442,22.704,0,14
31430,00:57:48,114.345901,22.7071,0,51
31430,00:58:48,114.347504,22.712099,0,55
31430,00:59:18,114.348999,22.716801,0,64
31430,01:00:48,114.350899,22.7195,0,14
31430,01:01:18,114.353798,22.722,0,61
31430,01:01:48,114.357697,22.724899,0,62
31430,01:02:19,114.361504,22.7276,0,53
31430,01:02:49,114.365601,22.7293,0,59
31430,01:03:19,114.3685,22.7321,0,51
31430,01:03:49,114.3703,22.7337,0,14
31430,01:04:19,114.374001,22.735901,0,55
31430,01:04:49,114.377403,22.738001,0,55
31430,01:05:19,114.381798,22.7407,0,55
31430,01:05:50,114.383598,22.741699,0,11
31430,01:06:20,114.387001,22.7437,0,61
31430,01:06:50,114.391701,22.746099,0,66
31430,01:07:50,114.396004,22.748301,0,51
31430,01:08:20,114.399399,22.750099,0,38
31430,01:08:50,114.403702,22.7523,0,66
31430,01:09:20,114.408501,22.7549,0,31
31430,01:09:50,114.411499,22.755699,0,53
31430,01:10:20,114.412399,22.7586,0,70
31430,01:10:51,114.412498,22.764099,0,40
31430,01:11:21,114.416199,22.7654,0,57
31430,01:11:51,114.419701,22.7663,0,55
31430,01:12:21,114.422699,22.7693,0,48
31430,01:12:51,114.425499,22.7735,0,70
31430,01:13:51,114.4347,22.777599,0,40
31430,01:14:21,114.438797,22.7782,0,57
31430,01:14:51,114.4422,22.7785,0,29
31430,01:16:52,114.446999,22.7831,0,48
31430,01:17:52,114.450996,22.785999,0,31
31430,01:18:22,114.453796,22.786699,0,25
31430,01:20:22,114.456398,22.787201,0,7
31430,01:20:53,114.457901,22.788,0,14
31430,01:21:23,114.459,22.789499,0,20
31430,01:21:53,114.460503,22.790701,0,22
31430,01:22:23,114.462601,22.7918,0,27
31430,01:22:53,114.462196,22.7917,0,40
31430,01:23:23,114.459198,22.7901,0,31
31430,01:23:53,114.457703,22.7887,0,20
31430,01:30:25,114.4561,22.787201,0,27
31430,01:30:55,114.4534,22.7868,0,37
31430,01:31:25,114.449997,22.7855,0,27
31430,01:31:55,114.447098,22.7833,0,46
31430,01:32:56,114.445801,22.781401,0,9
31430,01:33:26,114.444099,22.7792,0,40
31430,01:33:56,114.440498,22.7784,0,48
31430,01:34:26,114.436501,22.778,0,48
31430,01:34:56,114.432602,22.7768,0,50
31430,01:35:26,114.428299,22.7752,0,57
31430,01:35:56,114.424896,22.7729,0,53
31430,01:36:26,114.422699,22.7696,0,44
31430,01:36:57,114.420097,22.766701,0,59
31430,01:37:27,114.414703,22.7652,0,68
31430,01:37:57,114.4105,22.764099,0,50
31430,01:38:27,114.408401,22.7637,0,20
31430,01:38:57,114.406097,22.7626,0,40
31430,01:39:27,114.402603,22.7609,0,48
31430,01:39:57,114.401299,22.7605,0,33
31430,01:40:27,114.397499,22.759399,0,5
31430,01:41:28,114.396004,22.7589,0,46
31430,01:41:58,114.391602,22.7577,0,66
31430,01:42:58,114.382599,22.754601,0,66
31430,01:43:28,114.377403,22.753901,0,55
31430,01:43:58,114.372803,22.753201,0,25
31430,01:44:28,114.371002,22.750999,0,61
31430,01:44:59,114.367599,22.7486,0,62
31430,01:45:59,114.364403,22.7474,0,20
31430,01:46:59,114.357697,22.7423,0,68
31430,01:47:29,114.354401,22.738199,0,70
31430,01:48:00,114.3536,22.7353,0,14
31430,01:48:30,114.353302,22.732,0,59
31430,01:49:30,114.352402,22.728201,0,42
31430,01:50:00,114.351196,22.724001,0,66
31430,01:51:00,114.348297,22.715799,0,61
31430,01:51:30,114.347,22.711201,0,18
31430,01:55:01,114.340698,22.697701,0,66
31430,01:55:31,114.338501,22.6943,0,33
31430,01:56:01,114.335197,22.696199,0,61
31430,01:57:02,114.330101,22.6996,0,66
31430,01:57:32,114.325401,22.7015,0,55
31430,01:58:02,114.321999,22.7029,0,46
31430,02:02:03,114.295502,22.7227,0,57
31430,02:02:33,114.291496,22.724501,0,46
31430,02:03:03,114.290199,22.725,0,38
31430,02:03:33,114.285896,22.726999,0,61
31430,02:05:04,114.285301,22.726801,0,11
31430,02:05:34,114.285896,22.726101,0,31
31430,02:06:04,114.2855,22.723101,0,37
31430,02:06:34,114.283798,22.7222,0,44
31430,02:07:34,114.282303,22.720699,0,24
31430,02:09:05,114.2826,22.721399,0,27
31430,02:52:06,114.195297,22.7257,0,46
31430,02:52:36,114.191399,22.725901,0,57
31430,02:53:06,114.186501,22.724001,0,48
31430,02:53:37,114.182198,22.722799,0,53
31430,02:54:07,114.178101,22.7208,0,48
31430,02:55:07,114.176399,22.7204,0,14
31430,02:55:37,114.172699,22.7194,0,53
31430,02:56:07,114.168297,22.7187,0,22
31430,02:56:37,114.165802,22.7185,0,51
31430,02:57:07,114.161301,22.717501,0,44
31430,02:58:38,114.158501,22.7166,0,53
31430,02:59:08,114.153999,22.715401,0,57
31430,03:00:08,114.143898,22.715599,0,51
31430,03:00:38,114.1399,22.7167,0,51
31430,03:01:39,114.137604,22.716299,0,11
31430,03:02:09,114.135399,22.7145,0,48
31430,03:02:39,114.132301,22.711201,0,59
31430,03:03:09,114.128998,22.7078,0,46
31430,03:03:39,114.126503,22.7048,0,55
31430,03:04:09,114.123299,22.701099,0,61
31430,03:04:39,114.121002,22.698601,0,22
31430,03:06:10,114.115501,22.697001,0,38
31430,03:06:40,114.111702,22.697399,0,46
31430,03:07:10,114.1082,22.698,0,11
31430,03:08:41,114.106102,22.6985,0,40
31430,03:09:11,114.102402,22.699499,0,59
31430,03:09:41,114.098099,22.7008,0,53
31430,03:10:11,114.094299,22.7022,0,50
31430,03:10:41,114.090401,22.701599,0,44
31430,03:11:11,114.088097,22.7019,0,5
31430,03:12:11,114.086899,22.700399,0,48
31430,03:12:42,114.0839,22.6975,0,48
31430,03:13:12,114.080002,22.6961,0,55
31430,03:13:42,114.075104,22.694401,0,64
31430,03:14:42,114.072502,22.692101,0,25
31430,03:15:12,114.072304,22.689899,0,29
31430,03:15:42,114.0728,22.6875,0,16
31430,03:16:12,114.072502,22.687099,0,25
31430,03:16:43,114.069397,22.686199,0,35
31430,03:17:10,114.090401,22.701599,0,0
31430,03:17:13,114.0681,22.6852,0,33
31430,03:17:43,114.066498,22.683701,0,31
31430,03:18:13,114.064903,22.6821,0,18
31430,03:18:43,114.0644,22.680099,0,40
31430,03:19:13,114.063301,22.676201,0,62
31430,03:19:43,114.060097,22.6731,0,53
31430,03:20:13,114.056801,22.6698,0,57
31430,03:20:43,114.054497,22.6675,0,18
31430,03:21:13,114.0513,22.6688,0,51
31430,03:21:43,114.048203,22.670799,0,37
31430,03:22:14,114.0457,22.673901,0,51
31430,03:22:44,114.043404,22.674801,0,31
31430,03:23:14,114.039902,22.674601,0,37
31430,03:23:44,114.0383,22.6707,0,61
31430,03:24:43,114.036797,22.6672,1,33
31430,03:25:13,114.033302,22.6686,1,40
31430,03:25:44,114.0317,22.669201,1,44
31430,03:26:14,114.0289,22.669399,1,48
31430,03:27:14,114.026001,22.6672,1,48
31430,03:27:44,114.023201,22.666599,1,44
31430,03:28:14,114.020599,22.668501,1,37
31430,03:28:44,114.018303,22.666901,1,46
31430,03:29:15,114.015701,22.6674,1,38
31430,03:29:45,114.013298,22.6709,1,51
31430,03:30:15,114.010902,22.6738,1,40
31430,03:30:45,114.008301,22.6758,1,50
31430,03:31:15,114.005997,22.6768,1,33
31430,03:31:45,114.003799,22.675301,1,29
31430,03:32:16,114.001801,22.676201,1,38
31430,03:32:46,114.001198,22.678301,1,20
31430,03:34:16,113.999298,22.6803,1,51
31430,03:34:46,113.999603,22.681999,1,31
31430,03:35:17,114.001801,22.682501,1,16
31430,03:35:47,114.000397,22.684299,1,38
31430,03:36:17,113.998596,22.686199,1,12
31430,03:38:21,113.9972,22.684601,0,55
31430,03:38:52,113.9981,22.6819,0,7
31430,03:39:51,114.000999,22.678499,0,3
31430,03:40:22,114.001701,22.6768,0,33
31430,03:40:52,114.002296,22.6754,0,35
31430,03:41:52,114.007401,22.6768,0,25
31430,03:42:21,114.009499,22.6745,0,38
31430,03:42:51,114.012001,22.672899,0,37
31430,03:43:51,114.014198,22.6698,0,40
31430,03:44:22,114.013702,22.670401,0,12
31430,03:44:52,114.015297,22.6679,0,53
31430,03:46:22,114.016899,22.665501,0,33
31430,03:46:52,114.0186,22.663,0,38
31430,03:47:53,114.021004,22.66,0,50
31430,03:48:23,114.023399,22.658701,0,29
31430,04:12:28,114.025398,22.66,0,51
31430,04:12:58,114.028297,22.6611,0,48
31430,04:13:28,114.0298,22.658899,0,37
31430,04:13:58,114.028702,22.6581,0,3
31430,04:14:28,114.026901,22.656799,0,29
31430,04:43:06,114.021896,22.640699,0,42
31430,04:43:37,114.0224,22.6422,0,44
31430,04:44:07,114.023697,22.646099,0,29
31430,04:45:37,114.023102,22.6495,0,64
31430,04:46:07,114.021698,22.652901,0,38
31430,04:46:37,114.025101,22.655399,0,53
31430,04:47:07,114.029099,22.6583,0,51
31430,04:47:37,114.030502,22.659401,0,31
31430,04:48:07,114.0336,22.660999,0,11
31430,04:48:37,114.0373,22.663099,0,53
31430,04:49:07,114.037201,22.666401,0,66
31430,04:49:37,114.0382,22.67,0,1
31430,04:50:08,114.035698,22.671101,0,61
31430,04:50:38,114.034798,22.6738,0,53
31430,04:51:08,114.034798,22.6763,0,46
31430,04:51:38,114.031601,22.6784,0,40
31430,04:52:08,114.033798,22.6831,0,77
31430,04:52:38,114.035202,22.6891,0,79
31430,04:53:08,114.035797,22.694099,0,27
31430,04:53:39,114.035599,22.695499,0,31
31430,04:54:09,114.035599,22.6985,0,46
31430,04:54:39,114.036697,22.702801,0,72
31430,04:55:09,114.038498,22.7059,0,46
31430,04:55:39,114.036697,22.706301,0,50
31430,04:56:09,114.032799,22.7089,0,62
31430,04:56:40,114.031197,22.712601,0,42
31430,04:57:10,114.033501,22.7145,0,48
31430,04:57:40,114.032097,22.716499,0,57
31430,04:58:10,114.027496,22.718399,0,66
31430,04:58:40,114.023697,22.720501,0,57
31430,04:59:10,114.021202,22.7208,0,38
31430,04:59:40,114.019203,22.7202,0,44
31430,05:00:11,114.017197,22.7201,0,7
31430,05:00:41,114.016502,22.7204,0,5
31430,05:01:41,114.016602,22.7216,0,9
31430,05:02:11,114.017899,22.7225,0,25
31430,05:02:41,114.020103,22.722601,0,20
31430,05:03:11,114.022102,22.7232,0,9
31430,05:03:42,114.022102,22.722799,0,25
31430,05:04:12,114.024399,22.7199,0,53
31430,05:05:12,114.027802,22.718201,0,7
31430,05:05:42,114.031197,22.716801,0,57
31430,05:06:12,114.034203,22.714701,0,25
31430,05:07:42,114.037804,22.7152,0,29
31430,05:08:12,114.040298,22.716,0,20
31430,05:09:12,114.0429,22.715401,0,38
31430,05:10:12,114.0495,22.717699,0,55
31430,05:10:42,114.053703,22.721399,0,77
31430,05:11:12,114.057701,22.7237,0,38
31430,05:12:12,114.058701,22.7236,0,14
31430,05:12:43,114.055801,22.723301,0,27
31430,05:13:43,114.054398,22.722099,0,53
31430,05:14:13,114.050797,22.718901,0,64
31430,05:14:43,114.047203,22.7169,0,62
31430,05:15:13,114.043198,22.715599,0,29
31430,05:15:43,114.0411,22.715,0,18
31430,05:16:13,114.039398,22.713301,0,40
31430,05:16:43,114.038498,22.7101,0,50
31430,05:17:14,114.037598,22.7066,0,40
31430,05:17:44,114.036598,22.7027,0,53
31430,05:18:14,114.0354,22.698,0,66
31430,05:18:44,114.035599,22.694401,0,40
31430,05:19:13,114.035301,22.690399,0,62
31430,05:19:43,114.034203,22.685499,0,66
31430,05:20:13,114.0327,22.680599,0,70
31430,05:20:44,114.031197,22.677,0,51
31430,05:21:14,114.027802,22.673901,0,62
31430,05:21:44,114.025101,22.671801,0,46
31430,05:22:14,114.024101,22.671101,0,1
31430,05:22:44,114.021599,22.6693,0,46
31430,05:23:14,114.020203,22.6682,0,38
31430,05:23:44,114.0168,22.666201,0,27
31430,05:24:44,114.016502,22.666,0,16
31430,05:25:14,114.017998,22.663799,0,40
31430,05:25:45,114.019699,22.6614,0,55
31430,05:26:14,114.022102,22.658501,0,37
31430,05:26:44,114.020302,22.6567,0,48
31430,05:27:14,114.017998,22.656099,0,40
31430,05:27:45,114.015999,22.6584,0,40
31430,05:28:15,114.015404,22.658899,0,40
31430,05:28:45,114.017502,22.6565,0,31
31430,05:29:15,114.017998,22.6549,0,16
31430,05:29:45,114.016197,22.653799,0,12
31430,05:30:15,114.017403,22.652201,0,27
31430,05:30:45,114.018501,22.6506,0,3
31430,05:32:15,114.018997,22.6479,0,48
31430,05:32:45,114.0186,22.646601,0,16
31430,05:33:15,114.022102,22.646299,0,59
31430,05:33:45,114.023003,22.6444,0,51
31430,05:34:15,114.022102,22.641199,0,31
31430,05:34:45,114.021103,22.6383,0,46
31430,05:36:15,114.020401,22.6359,0,46
31430,05:36:45,114.019402,22.633101,0,37
31430,05:37:15,114.022003,22.6304,0,35
31430,05:37:46,114.023804,22.6266,0,46
31430,05:39:16,114.0243,22.622299,0,48
31430,05:40:16,114.025299,22.618299,0,59
31430,05:40:46,114.026199,22.616899,0,22
31430,05:41:12,114.027901,22.6145,0,37
31430,05:43:16,114.026199,22.6115,0,37
31430,05:43:46,114.027397,22.6108,0,24
31430,05:48:18,114.025803,22.629999,0,25
31430,05:49:18,114.025902,22.6308,0,3
31430,05:49:48,114.026001,22.628901,0,46
31430,05:50:18,114.027199,22.625,0,57
31430,05:51:19,114.027397,22.624701,0,50
31430,05:51:49,114.026497,22.628099,0,37
31430,05:54:50,114.026398,22.6285,0,3
31430,05:55:27,114.027298,22.628799,1,1
31430,05:56:57,114.025902,22.629499,1,46
31430,05:57:58,114.0271,22.6252,1,57
31430,05:59:28,114.028099,22.621901,1,51
31430,05:59:58,114.029099,22.6182,1,35
31430,06:01:59,114.020203,22.6134,1,87
31430,06:02:29,114.014297,22.6098,1,79
31430,06:02:59,114.0103,22.6059,1,62
31430,06:04:00,114.0131,22.6036,1,55
31430,06:04:30,114.010696,22.608299,1,85
31430,06:05:00,114.008202,22.614599,1,83
31430,06:05:30,114.008499,22.620899,1,85
31430,06:06:00,114.007401,22.6273,1,85
31430,06:07:01,113.999702,22.6381,1,83
31430,06:08:01,113.9963,22.6506,1,85
31430,06:08:31,113.992302,22.655701,1,83
31430,06:09:01,113.988297,22.660999,1,88
31430,06:09:31,113.9832,22.6658,1,90
31430,06:10:02,113.9814,22.6719,1,88
31430,06:10:32,113.977402,22.677099,1,77
31430,06:11:02,113.973198,22.681499,1,87
31430,06:11:32,113.969002,22.687,1,79
31430,06:12:02,113.967499,22.6912,1,46
31430,06:12:32,113.9655,22.688499,1,29
31430,06:13:02,113.965698,22.687901,1,20
31430,06:13:33,113.962601,22.6852,1,87
31430,06:14:03,113.9552,22.683001,1,96
31430,06:15:33,113.935097,22.671101,1,90
31430,06:16:03,113.9291,22.6672,1,96
31430,06:20:05,113.866898,22.6544,1,96
31430,06:21:05,113.860397,22.640499,1,90
31430,06:21:35,113.858704,22.636801,1,14
31430,06:22:36,113.858597,22.6366,1,7
31430,06:23:06,113.858498,22.636499,1,1
31430,06:23:36,113.858498,22.6364,1,5
31430,06:24:06,113.857697,22.634899,1,51
31430,06:24:36,113.853996,22.630501,1,62
31430,06:25:06,113.849503,22.628901,1,59
31430,06:25:37,113.849899,22.6248,1,50
31430,06:26:07,113.845299,22.622299,1,74
31430,06:26:37,113.839302,22.620701,1,83
31430,06:27:07,113.832603,22.618601,1,90
31430,06:27:37,113.826103,22.615499,1,88
31430,06:28:07,113.820602,22.6129,1,61
31430,06:28:37,113.816704,22.6134,1,62
31430,06:29:08,113.813904,22.6182,1,74
31430,06:29:38,113.811897,22.622801,1,59
31430,06:30:08,113.812103,22.627001,1,59
31430,06:30:38,113.8097,22.627501,1,33
31430,06:31:08,113.807701,22.6266,1,22
31430,06:32:52,113.806297,22.624399,0,50
31430,06:33:22,113.8088,22.6201,0,75
31430,06:33:52,113.811798,22.614599,0,81
31430,06:34:52,113.819,22.6112,0,66
31430,06:35:22,113.823502,22.6141,0,66
31430,06:35:52,113.828102,22.616301,0,68
31430,06:36:52,113.8396,22.6206,0,75
31430,06:37:22,113.845497,22.6222,0,75
31430,06:37:52,113.850197,22.6245,0,46
31430,06:38:53,113.854202,22.6257,0,24
31430,06:39:23,113.855499,22.6266,0,31
31430,06:39:50,113.857597,22.625401,0,20
31430,06:41:23,113.8564,22.622299,0,66
31430,06:41:53,113.858498,22.627001,0,66
31430,06:42:54,113.859596,22.632,0,22
31430,06:43:24,113.860298,22.635799,0,55
31430,06:44:54,113.859901,22.6402,0,77
31430,06:45:54,113.860001,22.6472,0,68
31430,06:46:54,113.859802,22.6523,0,18
31430,06:47:24,113.858704,22.6563,0,64
31430,06:48:55,113.862999,22.664801,0,3
31430,06:49:25,113.8647,22.667299,0,61
31430,06:49:55,113.869301,22.669399,0,81
31430,06:50:25,113.875099,22.6703,0,37
31430,06:50:55,113.877403,22.670601,0,48
31430,06:51:25,113.882103,22.6714,0,70
31430,06:52:52,113.889503,22.6747,0,72
31430,06:53:26,113.8946,22.674601,0,59
31430,06:53:56,113.900597,22.673,0,70
31430,06:54:56,113.911903,22.6752,0,75
31430,06:55:26,113.915398,22.674801,0,48
31430,06:55:56,113.920197,22.6733,0,66
31430,06:58:27,113.926102,22.6786,0,38
31430,06:59:27,113.924599,22.6756,0,46
31430,07:00:18,113.922096,22.6731,1,16
31430,07:00:48,113.920998,22.6717,1,20
31430,07:01:18,113.920197,22.6684,1,68
31430,07:02:19,113.917297,22.6576,1,83
31430,07:03:19,113.912804,22.6562,1,53
31430,07:04:19,113.911697,22.6639,1,35
31430,07:04:49,113.912201,22.666401,1,29
31430,07:05:50,113.9123,22.6674,1,37
31430,07:06:20,113.911598,22.6635,1,62
31430,07:06:50,113.911301,22.660101,1,53
31430,07:07:20,113.912399,22.656799,1,50
31430,07:07:50,113.914803,22.653799,1,31
31430,07:08:10,113.924599,22.6756,0,0
31430,07:09:21,113.9161,22.6553,1,51
31430,07:11:22,113.920303,22.6682,1,42
31430,07:13:52,113.920197,22.668699,1,62
31430,07:14:22,113.920303,22.6637,1,59
31430,07:14:53,113.916603,22.661501,1,53
31430,07:15:53,113.914703,22.6574,1,48
31430,07:16:23,113.919197,22.659401,1,81
31430,07:16:53,113.9254,22.663,1,94
31430,07:17:23,113.930603,22.6684,1,94
31430,07:18:24,113.944,22.676001,1,83
31430,07:19:54,113.965599,22.685699,1,88
31430,07:20:24,113.967201,22.685499,1,57
31430,07:21:55,113.966003,22.688101,1,5
31430,07:22:25,113.966003,22.6882,1,1
31430,07:22:55,113.965698,22.689199,1,37
31430,07:23:55,113.972603,22.682301,1,81
31430,07:24:26,113.976997,22.6775,1,87
31430,07:24:56,113.981201,22.6719,1,75
31430,07:25:56,113.986198,22.6625,1,74
31430,07:26:26,113.990402,22.658701,1,64
31430,07:26:56,113.993202,22.6544,1,64
31430,07:27:57,113.9991,22.6437,1,77
31430,07:28:27,113.999702,22.6381,1,70
31430,07:28:57,114.003098,22.633301,1,77
31430,07:29:27,114.006599,22.628401,1,77
31430,07:29:57,114.0084,22.6222,1,92
31430,07:30:28,114.008102,22.615801,1,83
31430,07:30:58,114.009697,22.6099,1,72
31430,07:31:58,114.010803,22.6024,1,31
31430,07:32:28,114.009598,22.604601,1,51
31430,07:32:58,114.013,22.607599,1,62
31430,07:33:29,114.015999,22.611601,1,48
31430,07:34:29,114.019203,22.612101,1,44
31430,07:34:59,114.021797,22.6101,1,16
31430,07:38:37,114.021797,22.610201,0,7
31430,07:39:07,114.020103,22.6117,0,48
31430,07:39:37,114.020401,22.6133,0,44
31430,07:40:07,114.024696,22.615801,0,61
31430,07:41:37,114.0261,22.617399,0,40
31430,07:42:06,114.025002,22.6206,0,18
31430,07:48:38,114.016197,22.635599,0,53
31430,07:49:08,114.016197,22.637699,0,33
31430,07:51:09,114.016403,22.6383,0,16
31430,07:51:39,114.017197,22.6388,0,20
31430,07:52:09,114.0177,22.6387,0,3
31430,08:36:21,114.017502,22.6387,0,9
31430,08:36:50,114.016701,22.639,0,11
31430,08:38:50,114.016502,22.639,0,22
31430,08:39:20,114.014297,22.6402,0,42
31430,08:39:51,114.011597,22.6434,0,57
31430,08:46:52,113.996201,22.663799,0,38
31430,08:47:22,113.994499,22.665899,0,31
31430,08:47:52,113.996597,22.668699,0,51
31430,08:50:52,113.9963,22.6705,0,25
31430,08:51:22,113.995598,22.6712,0,20
31430,08:51:52,113.994003,22.673201,0,20
31430,08:52:22,113.993797,22.6737,0,11
31430,08:52:52,113.995499,22.6751,0,40
31430,08:53:22,113.997002,22.676701,0,35
31430,08:54:22,113.996101,22.6782,0,14
31430,08:54:52,113.995796,22.68,0,20
31430,08:55:42,113.997902,22.681499,1,20
31430,08:56:12,113.999702,22.679899,1,42
31430,08:58:13,114.001404,22.678101,1,20
31430,08:58:43,114.001801,22.6766,1,3
31430,08:59:13,114.001801,22.6759,1,1
31430,08:59:43,114.002602,22.6754,1,20
31430,09:00:13,114.004402,22.675699,1,25
31430,09:00:43,114.006203,22.676901,1,42
31430,09:01:14,114.008202,22.6759,1,33
31430,09:01:44,114.010803,22.6738,1,37
31430,09:02:14,114.012703,22.672001,1,35
31430,09:02:44,114.014099,22.6698,1,29
31430,09:03:14,114.014999,22.6684,1,31
31430,09:04:14,114.019402,22.6674,1,51
31430,09:04:45,114.021103,22.668501,1,16
31430,09:07:02,114.023499,22.666401,0,14
31430,09:07:32,114.024696,22.6651,0,38
31430,09:08:02,114.026199,22.6633,0,38
31430,09:08:32,114.026802,22.662001,0,3
31430,09:21:35,114.026398,22.6614,0,11
31430,09:22:04,114.026299,22.6611,0,7
31430,09:22:34,114.025002,22.6598,0,14
31430,09:23:05,114.026299,22.660601,0,25
31430,09:24:05,114.028503,22.6609,0,16
31430,09:25:35,114.030296,22.6593,0,16
31430,09:26:05,114.028801,22.6581,0,16
31430,09:26:36,114.026901,22.6567,0,25
31430,09:28:36,114.025101,22.6549,0,11
31430,09:29:32,114.026901,22.652901,1,38
31430,09:30:32,114.026802,22.653099,1,40
31430,09:31:32,114.026497,22.6565,1,12
31430,09:32:02,114.028099,22.6576,1,27
31430,09:34:03,114.026703,22.6628,1,24
31430,09:34:33,114.025002,22.6647,1,24
31430,09:36:04,114.023804,22.6661,1,14
31430,09:36:34,114.023201,22.666599,1,3
31430,09:37:04,114.022499,22.667299,1,24
31430,09:38:04,114.0215,22.6681,1,18
31430,09:38:34,114.020699,22.6696,1,35
31430,09:39:05,114.021797,22.671801,1,16
31430,09:39:35,114.022202,22.673201,1,12
31430,09:40:05,114.022797,22.6738,1,3
31430,09:41:24,114.022903,22.6738,1,5
31430,09:44:24,114.024803,22.671301,1,29
31430,09:44:55,114.026703,22.669001,1,38
31430,09:45:25,114.025497,22.6668,1,48
31430,09:46:25,114.024696,22.666201,1,5
31430,09:46:55,114.024399,22.6654,1,33
31430,09:47:25,114.026604,22.662901,1,44
31430,09:50:38,114.026703,22.660999,0,37
31430,09:51:08,114.028503,22.6609,0,24
31430,09:53:08,114.030602,22.658899,0,27
31430,09:54:24,114.033096,22.656799,1,27
31430,09:54:54,114.035103,22.655199,1,29
31430,09:56:55,114.0364,22.6562,1,50
31430,09:58:25,114.037498,22.658701,1,38
31430,09:58:55,114.038101,22.662701,1,61
31430,09:59:25,114.0373,22.6672,1,59
31430,10:00:26,114.038101,22.669701,1,5
31430,10:00:56,114.037598,22.670401,1,7
31430,10:01:55,114.037498,22.670401,0,12
31430,10:02:25,114.035202,22.6714,0,31
31430,10:03:43,114.034103,22.671801,1,14
31430,10:04:13,114.0327,22.6695,1,42
31430,10:05:44,114.033401,22.668501,1,40
31430,10:06:14,114.036201,22.6674,1,44
31430,10:06:44,114.037399,22.664801,1,38
31430,10:07:14,114.038002,22.6628,1,40
31430,10:07:44,114.037399,22.659,1,18
31430,10:08:45,114.037003,22.6579,1,42
31430,10:10:15,114.035202,22.6535,1,50
31430,10:10:45,114.032997,22.650101,1,33
31430,10:13:16,114.031998,22.6488,1,16
31430,10:13:46,114.029602,22.646601,1,51
31430,10:14:46,114.028198,22.644699,1,35
31430,10:15:17,114.029602,22.643,1,33
31430,10:17:14,114.030602,22.643801,0,44
31430,10:17:44,114.033302,22.642599,0,25
31430,10:18:14,114.032303,22.6401,0,35
31430,10:18:44,114.0317,22.6371,0,22
31430,10:19:22,114.031898,22.634899,1,33
31430,10:19:53,114.029198,22.635201,1,55
31430,10:20:23,114.025101,22.636299,1,12
31430,10:20:53,114.025002,22.636299,1,14
31430,10:21:23,114.024597,22.6353,1,48
31430,10:21:53,114.025398,22.6308,1,62
31430,10:22:23,114.026901,22.625999,1,62
31430,10:24:54,114.028,22.6222,1,51
31430,10:25:24,114.0298,22.617901,1,61
31430,10:25:54,114.031898,22.6147,1,31
31430,10:27:25,114.028198,22.612101,1,20
31430,10:33:04,114.028,22.6115,0,33
31430,10:34:34,114.030701,22.6134,0,42
31430,10:35:34,114.0326,22.615,0,22
31430,10:37:02,114.035004,22.616301,1,33
31430,10:37:32,114.037102,22.617001,1,25
31430,10:38:02,114.0383,22.614901,1,35
31430,10:40:33,114.038696,22.6145,1,24
31430,10:41:03,114.040802,22.6154,1,9
31430,10:41:33,114.041199,22.6154,1,11
31430,10:43:04,114.042297,22.615299,1,1
31430,10:43:34,114.041397,22.615299,1,22
31430,10:45:56,114.040802,22.616301,1,33
31430,10:46:26,114.040802,22.618401,1,16
31430,10:46:56,114.040802,22.6187,1,11
31430,10:48:27,114.0411,22.6194,1,22
31430,10:48:54,114.043701,22.6203,1,48
31430,10:49:27,114.048103,22.621599,1,46
31430,10:49:57,114.048897,22.621599,1,3
31430,10:50:48,114.045502,22.620899,0,55
31430,10:51:18,114.041397,22.619699,0,35
31430,10:52:18,114.038902,22.618401,0,48
31430,10:52:48,114.036903,22.617901,0,33
31430,10:53:19,114.036003,22.620001,0,27
31430,10:55:19,114.0345,22.625099,0,25
31430,10:55:49,114.033997,22.626301,0,22
31430,10:56:20,114.033897,22.626801,0,7
31430,10:56:50,114.0336,22.6276,0,33
31430,10:57:50,114.0326,22.629801,0,14
31430,10:58:50,114.032204,22.6311,0,3
31430,11:02:00,114.031403,22.634501,1,33
31430,11:02:30,114.027496,22.6357,1,57
31430,11:03:01,114.024803,22.6373,1,37
31430,11:03:31,114.026199,22.6411,1,55
31430,11:06:01,114.027496,22.645,1,22
31430,11:06:32,114.026299,22.645599,1,1
31430,11:07:32,114.025597,22.6457,1,27
31430,11:10:09,114.023201,22.645201,0,33
31430,11:10:39,114.022499,22.642799,0,27
31430,11:12:09,114.021797,22.640699,0,31
31430,11:12:39,114.021301,22.6392,0,31
31430,11:15:10,114.020599,22.636999,0,35
31430,11:15:40,114.019997,22.635201,0,12
31430,11:16:40,114.019203,22.633699,0,11
31430,11:23:31,114.026398,22.635599,1,46
31430,11:24:01,114.030899,22.634399,1,46
31430,11:26:02,114.031998,22.6341,1,25
31430,11:26:32,114.035301,22.6334,1,50
31430,11:28:32,114.041397,22.632601,1,38
31430,11:29:03,114.0448,22.632,1,18
31430,11:29:33,114.045998,22.6299,1,35
31430,11:30:03,114.045097,22.628599,1,29
31430,11:30:33,114.043297,22.630199,1,53
31430,11:31:03,114.044502,22.634899,1,72
31430,11:31:33,114.047501,22.639999,1,77
31430,11:32:04,114.049698,22.6455,1,70
31430,11:32:34,114.049797,22.651199,1,81
31430,11:33:04,114.0494,22.657801,1,88
31430,11:33:34,114.049103,22.6644,1,85
31430,11:34:04,114.048798,22.6709,1,85
31430,11:34:34,114.0485,22.677099,1,75
31430,11:35:05,114.048599,22.683001,1,77
31430,11:35:35,114.049301,22.689301,1,87
31430,11:36:05,114.050301,22.695601,1,83
31430,11:36:35,114.0495,22.702,1,87
31430,11:37:05,114.047401,22.7082,1,85
31430,11:38:05,114.042099,22.719601,1,79
31430,11:42:07,114.040199,22.729401,1,25
31430,11:42:37,114.039902,22.7314,1,25
31430,11:43:07,114.040001,22.7334,1,31
31430,11:43:37,114.038902,22.7316,1,35
31430,11:45:08,114.038399,22.731199,1,7
31430,11:45:38,114.037598,22.7306,1,18
31430,11:48:09,114.028503,22.740101,1,35
31430,11:48:39,114.026901,22.743601,1,48
31430,11:49:09,114.027802,22.747299,1,53
31430,11:50:09,114.029297,22.7491,1,3
31430,11:50:39,114.028503,22.749201,1,40
31430,11:51:10,114.025101,22.749001,1,14
31430,11:53:14,114.025101,22.749201,0,16
31430,11:54:15,114.021202,22.749901,0,33
31430,11:54:45,114.018501,22.7493,0,31
31430,11:55:15,114.016197,22.7484,0,25
31430,11:55:45,114.014603,22.7477,0,27
31430,11:56:45,114.014099,22.746599,0,22
31430,11:57:15,114.014397,22.745501,0,3
31430,11:58:15,114.014702,22.7451,0,5
31430,11:58:46,114.015404,22.743999,0,12
31430,11:59:16,114.016197,22.742901,0,16
31430,11:59:46,114.016998,22.741199,0,25
31430,12:00:15,114.017197,22.7395,0,7
31430,12:00:45,114.017303,22.7386,0,20
31430,12:02:16,114.019897,22.735201,0,24
31430,12:02:46,114.021103,22.7339,0,16
31430,12:03:16,114.0214,22.732901,0,7
31430,12:03:46,114.021301,22.7321,0,12
31430,12:06:47,114.0214,22.730101,0,29
31430,12:07:17,114.021202,22.726999,0,38
31430,12:08:17,114.022102,22.722799,0,29
31430,12:08:47,114.023201,22.721001,0,1
31430,12:09:48,114.024498,22.7199,0,20
31430,12:10:18,114.026604,22.718901,0,11
31430,12:10:48,114.029099,22.717699,0,42
31430,12:11:18,114.031799,22.7166,0,40
31430,12:11:48,114.033897,22.715,0,25
31430,12:16:19,114.0364,22.712,0,38
31430,12:16:49,114.037804,22.710501,0,9
31430,12:17:19,114.0382,22.7089,0,42
31430,12:19:20,114.0373,22.7055,0,40
31430,12:19:50,114.036903,22.703699,0,14
31430,12:20:20,114.036201,22.701,0,48
31430,12:20:50,114.035301,22.697701,0,38
31430,12:21:51,114.035599,22.6952,1,29
31430,12:23:52,114.035797,22.6924,1,46
31430,12:24:22,114.034897,22.688299,1,55
31430,12:24:50,114.033897,22.684,1,61
31430,12:25:23,114.032204,22.6798,1,55
31430,12:26:23,114.034698,22.6763,1,31
31430,12:26:53,114.035202,22.674801,1,37
31430,12:27:23,114.034103,22.6726,1,11
31430,12:27:53,114.033401,22.671,1,16
31430,12:28:24,114.0327,22.6696,1,3
31430,12:28:54,114.032204,22.6686,1,31
31430,12:30:19,114.031303,22.6667,0,25
31430,12:31:20,114.030098,22.6644,0,31
31430,12:31:49,114.028503,22.6626,0,42
31430,12:32:20,114.025398,22.660299,0,48
31430,12:32:50,114.0233,22.658701,0,12
31430,12:33:20,114.0233,22.658501,0,11
31430,12:33:50,114.023697,22.6588,0,35
31430,12:34:20,114.024399,22.658701,0,1
31430,12:35:50,114.024597,22.658899,0,1
31430,12:57:24,114.024696,22.6588,0,1
31430,13:04:55,114.024498,22.658501,0,5
31430,13:05:25,114.0243,22.6588,0,7
31430,13:05:54,114.024902,22.6598,0,25
31430,13:08:04,114.027298,22.661699,1,22
31430,13:08:34,114.024902,22.660101,1,7
31430,13:09:04,114.024696,22.66,1,14
31430,13:09:34,114.022301,22.658199,1,35
31430,13:10:04,114.0196,22.6562,1,48
31430,13:10:34,114.016998,22.654301,1,29
31430,13:11:04,114.016899,22.654301,1,3
31430,13:11:35,114.016403,22.653601,1,16
31430,13:12:49,114.017899,22.651899,0,14
31430,13:13:34,114.018402,22.651199,1,11
31430,13:14:04,114.017502,22.6495,1,33
31430,13:14:34,114.015701,22.6486,1,25
31430,13:15:05,114.013702,22.651199,1,14
31430,13:16:05,114.013,22.6525,1,29
31430,13:16:35,114.012604,22.654699,1,35
31430,13:17:05,114.0121,22.6553,1,14
31430,13:17:35,114.011398,22.656799,1,14
31430,13:18:36,114.011703,22.6574,1,11
31430,13:21:00,114.011703,22.656799,0,7
31430,13:21:30,114.010498,22.657801,0,35
31430,13:22:00,114.011101,22.6588,0,24
31430,13:22:30,114.012703,22.658701,0,20
31430,13:23:01,114.013603,22.657499,0,18
31430,13:23:31,114.014801,22.6569,0,20
31430,13:24:48,114.014603,22.6567,1,9
31430,13:25:19,114.013496,22.6576,1,20
31430,13:26:19,114.010101,22.6581,1,18
31430,13:27:19,114.008003,22.660601,1,3
31430,13:30:20,114.004097,22.6612,1,1
31430,13:30:50,114.002899,22.661301,1,33
31430,13:31:20,114.000504,22.661699,1,31
31430,13:32:21,113.996002,22.6639,1,50
31430,13:32:51,113.993202,22.6663,1,48
31430,13:33:21,113.989601,22.669399,1,62
31430,13:33:51,113.986198,22.6716,1,42
31430,13:34:21,113.986198,22.6738,1,51
31430,13:34:52,113.987999,22.676001,1,7
31430,13:36:22,113.988297,22.6763,1,25
31430,13:36:52,113.989998,22.677,1,18
31430,13:37:22,113.992401,22.6779,1,40
31430,13:38:53,113.995399,22.679701,1,31
31430,13:39:23,113.997704,22.681499,1,37
31430,13:40:23,113.997902,22.682899,1,38
31430,13:40:53,113.997101,22.6854,1,9
31430,13:42:16,113.996803,22.6861,0,11
31430,13:42:46,113.997101,22.685101,0,5
31430,13:43:46,113.997101,22.684999,0,11
31430,13:44:16,113.997704,22.683399,0,29
31430,13:46:01,113.998199,22.681601,1,27
31430,13:46:32,113.998596,22.681,1,27
31430,13:47:02,114.0,22.6796,1,3
31430,13:47:32,114.001297,22.678101,1,27
31430,13:48:02,114.001701,22.6756,1,20
31430,13:48:32,114.0037,22.675301,1,31
31430,13:49:02,114.005798,22.676701,1,38
31430,13:49:33,114.008102,22.676001,1,44
31430,13:50:03,114.011002,22.6738,1,46
31430,13:50:33,114.0131,22.671301,1,18
31430,13:51:33,114.014801,22.668699,1,22
31430,13:53:04,114.016197,22.666401,1,7
31430,13:53:34,114.017097,22.665199,1,24
31430,13:54:04,114.018303,22.663401,1,25
31430,13:55:04,114.020401,22.660601,1,22
31430,13:55:34,114.021896,22.658899,1,20
31430,13:56:05,114.0215,22.657499,1,40
31430,13:56:35,114.019203,22.6558,1,9
31430,13:57:05,114.017799,22.6549,1,18
31430,13:58:05,114.0177,22.6546,1,7
31430,14:00:26,114.016502,22.653999,0,5
31430,14:01:26,114.0177,22.651899,0,20
31430,14:01:56,114.018501,22.650499,0,12
31430,14:02:56,114.0159,22.648399,0,9
31430,14:03:27,114.013603,22.6467,0,38
31430,14:04:27,114.013298,22.6462,0,20
31430,14:04:57,114.014702,22.6444,0,29
31430,14:05:27,114.016403,22.643,0,18
31430,14:05:57,114.016701,22.642799,0,22
31430,14:06:27,114.019096,22.6422,0,24
31430,14:06:57,114.021202,22.6416,0,27
31430,14:07:28,114.021599,22.6399,0,35
31430,14:08:27,114.021202,22.6388,1,12
31430,14:10:28,114.020699,22.637699,1,29
31430,14:10:58,114.016998,22.638599,1,48
31430,14:11:28,114.013901,22.640499,1,51
31430,14:17:30,113.998199,22.6619,1,18
31430,14:18:00,113.996101,22.663799,1,44
31430,14:19:01,113.996597,22.6686,1,40
31430,14:20:01,113.997299,22.669701,1,5
31430,14:20:31,113.9981,22.670799,1,22
31430,14:21:01,113.9991,22.672501,1,25
31430,14:21:31,113.998199,22.6744,1,27
31430,14:22:02,113.997498,22.6758,1,14
31430,14:22:32,113.9972,22.6761,1,27
31430,14:23:02,113.995499,22.6791,1,46
31430,14:23:32,113.996902,22.681,1,31
31430,14:25:03,114.001701,22.6826,1,11
31430,14:25:33,114.001099,22.683599,1,11
31430,14:26:03,113.999298,22.684999,1,29
31430,14:26:33,113.998802,22.687401,1,33
31430,14:27:03,113.998497,22.688601,1,24
31430,14:27:33,113.9972,22.691,1,20
31430,14:28:04,113.996803,22.692301,1,9
31430,14:29:04,113.995903,22.6938,1,18
31430,14:30:17,113.995399,22.695499,0,25
31430,14:31:17,113.993401,22.697599,0,29
31430,14:32:15,113.992203,22.697001,1,1
31430,14:33:45,113.992996,22.6936,1,11
31430,14:34:15,113.990402,22.693199,1,46
31430,14:35:46,113.986801,22.692499,1,27
31430,14:36:16,113.9869,22.689699,1,46
31430,14:36:46,113.988297,22.686501,1,38
31430,14:37:46,113.988998,22.684799,1,31
31430,14:38:17,113.990303,22.681999,1,35
31430,14:39:17,113.992699,22.6761,1,44
31430,14:39:47,113.993698,22.673401,1,35
31430,14:40:17,113.994301,22.6721,1,35
31430,14:41:17,113.996902,22.6696,1,25
31430,14:42:04,113.999603,22.667299,0,27
31430,14:42:35,113.999802,22.6653,0,37
31430,14:43:05,113.9991,22.6628,0,37
31430,14:45:35,113.997902,22.6618,0,31
31430,14:46:35,113.9991,22.659201,0,1
31430,14:47:35,113.999199,22.659401,0,12
31430,14:48:05,114.000504,22.6584,0,42
31430,14:48:52,114.001701,22.6546,1,27
31430,14:50:23,114.001198,22.6544,1,12
31430,14:51:23,114.0019,22.6546,1,29
31430,14:51:53,114.004097,22.6534,1,48
31430,14:52:23,114.006897,22.6497,1,64
31430,14:54:54,114.008202,22.647699,1,27
31430,14:55:24,114.009903,22.645399,1,44
31430,14:55:54,114.012299,22.642,1,59
31430,14:56:24,114.015503,22.639099,1,14
31430,14:57:25,114.0177,22.638201,1,53
31430,14:57:55,114.021896,22.636999,1,61
31430,14:58:25,114.027298,22.6355,1,70
31430,14:59:25,114.030296,22.634701,1,27
31430,15:02:26,114.032402,22.6341,1,31
31430,15:02:56,114.036201,22.633301,1,48
31430,15:03:27,114.038399,22.633101,1,3
31430,15:04:27,114.038803,22.632999,1,25
31430,15:04:57,114.041496,22.6327,1,31
31430,15:07:58,114.043503,22.6341,1,38
31430,15:08:28,114.044601,22.6367,1,12
31430,15:08:58,114.0448,22.6371,1,3
31430,15:09:59,114.045097,22.637501,1,24
31430,15:12:29,114.045799,22.639299,1,35
31430,15:13:00,114.045898,22.642,1,31
31430,15:14:00,114.045799,22.641899,1,3
31430,15:15:07,114.045898,22.642,0,14
31430,15:15:37,114.045898,22.6425,0,5
31430,15:16:07,114.045799,22.643801,0,29
31430,15:16:37,114.042397,22.645,0,38
31430,15:17:25,114.040398,22.6457,1,1
31430,15:17:56,114.037903,22.646601,1,46
31430,15:18:26,114.036499,22.6472,1,14
31430,15:18:56,114.034401,22.6479,1,35
31430,15:21:57,114.031601,22.649,1,31
31430,15:22:27,114.030403,22.6499,1,1
31430,15:23:27,114.028099,22.651699,1,35
31430,15:23:57,114.025703,22.654499,1,44
31430,15:24:27,114.0243,22.656099,1,29
31430,15:24:58,114.023399,22.6572,1,24
31430,15:26:28,114.023003,22.6577,1,12
31430,15:26:58,114.021599,22.6577,1,37
31430,15:27:28,114.018997,22.655701,1,16
31430,15:29:29,114.018501,22.6555,1,22
31430,15:31:25,114.016502,22.653999,0,20
31430,15:32:25,114.014603,22.6525,0,3
31430,15:32:56,114.013802,22.652201,0,25
31430,15:34:26,114.013397,22.651699,0,16
31430,15:35:26,114.015602,22.6486,0,22
31430,15:35:56,114.014801,22.647499,0,27
31430,15:36:26,114.013397,22.646,0,35
31430,15:38:26,114.016899,22.6427,0,25
31430,15:38:56,114.0168,22.6408,0,22
31430,15:39:26,114.016602,22.639799,0,18
31430,15:40:26,114.016403,22.6394,0,14
31430,15:40:56,114.018097,22.637899,0,50
31430,15:41:26,114.0205,22.6364,0,35
31430,15:41:57,114.019203,22.633699,0,3
31430,15:43:27,114.019997,22.6327,0,38
31430,15:47:57,114.0252,22.618601,0,42
31430,15:48:27,114.025299,22.616301,0,42
31430,15:48:58,114.0214,22.614,0,66
31430,15:49:28,114.018303,22.6127,0,11
31430,15:49:58,114.020599,22.6112,0,44
31430,15:50:58,114.021698,22.6101,0,5
31430,15:51:27,114.023003,22.610399,0,22
31430,15:55:24,114.021896,22.609501,1,37
31430,15:56:24,114.024399,22.609301,1,51
31430,15:56:55,114.028503,22.611799,1,50
31430,15:57:25,114.029503,22.612499,1,37
31430,15:58:25,114.031502,22.6161,1,46
31430,15:58:55,114.029198,22.619499,1,51
31430,15:59:25,114.028099,22.622601,1,1
31430,16:00:26,114.027802,22.623501,1,33
31430,16:00:56,114.026802,22.626699,1,48
31430,16:01:26,114.025703,22.6304,1,50
31430,16:01:56,114.025002,22.634001,1,46
31430,16:02:26,114.025597,22.6359,1,40
31430,16:05:27,114.031998,22.6343,1,16
31430,16:05:57,114.031799,22.636299,1,3
31430,16:10:34,114.032097,22.634899,1,1
31430,16:11:04,114.032303,22.632999,1,37
31430,16:12:04,114.031998,22.630899,1,9
31430,16:12:34,114.031601,22.630301,1,18
31430,16:13:05,114.030197,22.629299,1,27
31430,16:13:35,114.0299,22.627501,1,7
31430,16:14:35,114.0308,22.6245,1,16
31430,16:16:05,114.030296,22.624001,1,14
31430,16:17:07,114.027901,22.623501,0,20
31430,16:17:37,114.028503,22.620701,0,50
31430,16:18:07,114.030197,22.6173,0,46
31430,16:18:38,114.031502,22.614401,0,40
31430,16:20:08,114.0289,22.612301,0,7
31430,16:20:38,114.027397,22.6129,0,35
31430,16:23:27,114.026299,22.610701,1,42
31430,16:23:57,114.023102,22.6089,1,22
31430,16:24:27,114.022797,22.6087,1,14
31430,16:25:28,114.0289,22.612,1,22
31430,16:25:58,114.030296,22.6131,1,44
31430,16:26:28,114.032799,22.6143,1,37
31430,16:26:58,114.035599,22.610901,1,61
31430,16:27:28,114.038002,22.608101,1,7
31430,16:27:58,114.038498,22.6075,1,18
31430,16:29:44,114.036201,22.6105,0,70
31430,16:30:14,114.033096,22.6141,0,46
31430,16:31:14,114.0326,22.6147,0,14
31430,16:31:44,114.030502,22.6134,0,51
31430,16:33:15,114.025101,22.6101,0,62
31430,16:33:45,114.022301,22.6091,0,12
31430,16:34:15,114.022102,22.6098,0,25
31430,16:38:46,114.021301,22.6105,0,29
31430,16:39:16,114.019096,22.612801,0,29
31430,16:39:46,114.022301,22.6145,0,61
31430,16:40:16,114.0261,22.616699,0,24
31430,16:41:47,114.026001,22.617701,0,40
31430,16:42:17,114.024696,22.6213,0,46
31430,16:42:47,114.024597,22.623699,0,31
31430,16:43:38,114.027298,22.625299,1,53
31430,16:44:08,114.026001,22.6297,1,53
31430,16:45:08,114.025299,22.6327,1,50
31430,16:45:39,114.024902,22.6359,1,20
31430,16:46:09,114.028198,22.635201,1,55
31430,16:50:40,114.038902,22.633101,1,25
31430,16:51:10,114.041801,22.6327,1,27
31430,16:54:11,114.042999,22.6327,1,14
31430,16:54:41,114.0439,22.6353,1,42
31430,16:55:11,114.045097,22.6374,1,20
31430,16:55:39,114.046204,22.638399,1,27
31430,16:56:12,114.049896,22.6378,1,44
31430,16:56:42,114.053101,22.636499,1,46
31430,17:02:39,114.055397,22.6355,0,29
31430,17:04:39,114.055496,22.6334,0,5
31430,17:05:09,114.055603,22.635099,1,22
31430,17:07:10,114.055496,22.637501,1,46
31430,17:08:10,114.054901,22.6444,1,25
31430,17:12:42,114.061302,22.645201,1,38
31430,17:13:12,114.061302,22.648899,1,50
31430,17:13:42,114.061897,22.652399,1,20
31430,17:14:42,114.062401,22.653799,1,37
31430,17:16:24,114.063698,22.656099,0,35
31430,17:17:24,114.064903,22.657499,0,14
31430,17:17:54,114.066803,22.6597,0,31
31430,17:19:54,114.0662,22.6609,0,37
31430,17:20:24,114.063599,22.661301,0,38
31430,17:21:24,114.0597,22.661699,0,12
31430,17:21:54,114.059402,22.6619,0,3
31430,17:22:27,114.0578,22.663401,1,33
31430,17:22:57,114.056503,22.6649,1,16
31430,17:24:28,114.055199,22.6665,1,1
31430,17:24:58,114.054199,22.6677,1,38
31430,17:25:28,114.051201,22.6689,1,51
31430,17:25:58,114.048302,22.670601,1,14
31430,17:26:28,114.046799,22.6726,1,46
31430,17:26:58,114.043999,22.674801,1,29
31430,17:27:28,114.041298,22.674601,1,25
31430,17:27:59,114.040703,22.674601,1,24
31430,17:28:29,114.0392,22.673,1,40
31430,17:29:29,114.0383,22.6707,1,16
31430,17:32:06,114.037697,22.664101,1,31
31430,17:32:36,114.038101,22.662901,1,44
31430,17:33:06,114.037598,22.659,1,35
31430,17:33:36,114.0373,22.658199,1,22
31430,17:34:07,114.0392,22.657,1,16
31430,17:34:37,114.040497,22.656099,1,11
31430,17:35:07,114.039001,22.6532,1,38
31430,17:35:37,114.039299,22.651899,1,35
31430,17:36:07,114.042099,22.650801,1,20
31430,17:37:38,114.042603,22.6507,1,29
31430,17:38:08,114.045403,22.649,1,40
31430,17:38:38,114.046097,22.6458,1,27
31430,17:39:38,114.046097,22.6446,1,38
31430,17:40:09,114.045998,22.642799,1,20
31430,17:40:39,114.045898,22.641199,1,20
31430,17:41:09,114.045898,22.640301,1,9
31430,17:43:31,114.044701,22.6387,0,33
31430,17:44:31,114.039597,22.6411,0,33
31430,17:45:02,114.038498,22.6416,0,16
31430,17:45:32,114.038902,22.6434,0,25
31430,17:46:56,114.038597,22.6464,1,44
31430,17:48:26,114.036102,22.647301,1,20
31430,17:48:56,114.034698,22.6451,1,29
31430,17:49:26,114.033897,22.643801,1,14
31430,17:49:57,114.033401,22.6427,1,11
31430,17:50:27,114.033203,22.6416,1,31
31430,17:50:57,114.032799,22.6408,1,14
31430,17:51:27,114.031998,22.6383,1,44
31430,17:51:57,114.031998,22.635799,1,25
31430,17:54:28,114.032097,22.634399,1,7
31430,17:54:58,114.032204,22.634001,1,3
31430,17:55:28,114.032303,22.632099,1,20
31430,17:56:29,114.032204,22.630501,1,25
31430,17:56:59,114.033302,22.628401,1,37
31430,17:57:29,114.033897,22.626699,1,25
31430,17:57:59,114.034302,22.6259,1,1
31430,17:59:30,114.0345,22.6252,1,29
31430,18:00:00,114.0354,22.622601,1,29
31430,18:00:30,114.035797,22.621,1,20
31430,18:01:00,114.0364,22.6189,1,40
31430,18:01:30,114.038399,22.618099,1,48
31430,18:03:01,114.0401,22.6189,1,18
31430,18:03:31,114.040802,22.617901,1,11
31430,18:04:01,114.040703,22.615499,1,11
31430,18:06:02,114.039398,22.614799,1,29
31430,18:06:32,114.0383,22.613899,1,9
31430,18:07:02,114.037498,22.6129,1,18
31430,18:07:33,114.036301,22.6119,1,18
31430,18:08:03,114.034798,22.6122,1,44
31430,18:08:33,114.033302,22.614,1,3
31430,18:11:34,114.0317,22.614599,1,38
31430,18:12:04,114.029297,22.6129,1,24
31430,18:12:34,114.027802,22.614901,1,44
31430,18:14:05,114.025902,22.617701,1,44
31430,18:23:07,114.020699,22.6364,1,9
31430,18:23:38,114.020401,22.6376,1,29
31430,18:24:08,114.017303,22.6385,1,24
31430,18:26:08,114.016502,22.638901,1,1
31430,18:26:39,114.017502,22.6387,1,12
31430,18:54:22,114.016701,22.639099,0,9
31430,18:54:52,114.016602,22.639099,0,1
31430,18:55:22,114.0168,22.6385,0,29
31430,18:55:52,114.019501,22.6376,0,24
31430,18:56:53,114.020203,22.6374,0,20
31430,18:57:23,114.021202,22.6381,0,9
31430,18:58:40,114.0214,22.639099,1,12
31430,18:59:10,114.022003,22.641001,1,31
31430,18:59:40,114.0224,22.642099,1,7
31430,19:00:10,114.022499,22.642599,1,3
31430,19:00:41,114.022797,22.6434,1,25
31430,19:01:11,114.023499,22.6455,1,12
31430,19:02:11,114.023697,22.6462,1,18
31430,19:02:41,114.023499,22.6478,1,27
31430,19:03:11,114.022903,22.65,1,25
31430,19:03:41,114.022499,22.6507,1,7
31430,19:05:12,114.021301,22.652399,1,22
31430,19:05:42,114.020798,22.653601,1,20
31430,19:06:12,114.021797,22.6544,1,3
31430,19:07:30,114.022598,22.655001,0,22
31430,19:08:00,114.021797,22.654301,0,11
31430,19:08:30,114.020897,22.653601,0,7
31430,19:09:00,114.020401,22.6535,0,5
31430,19:09:30,114.018997,22.6551,0,20
31430,19:10:01,114.018204,22.656,0,9
31430,19:10:31,114.017502,22.656401,0,1
31430,19:12:28,114.0168,22.657301,1,12
31430,19:13:29,114.0158,22.658501,1,16
31430,19:14:59,114.012901,22.6619,1,22
31430,19:15:29,114.011497,22.663601,1,22
31430,19:16:00,114.014099,22.6656,1,44
31430,19:16:30,114.016296,22.6661,1,11
31430,19:17:00,114.015404,22.6679,1,37
31430,19:19:30,114.014702,22.669001,1,25
31430,19:20:01,114.013397,22.6709,1,18
31430,19:20:31,114.011902,22.673,1,44
31430,19:21:01,114.0093,22.674801,1,14
31430,19:22:33,114.007896,22.676201,1,42
31430,19:23:04,114.0065,22.677,1,24
31430,19:23:34,114.0047,22.6761,1,31
31430,19:24:04,114.002197,22.6754,1,37
31430,19:24:34,113.999901,22.674999,1,33
31430,19:25:04,113.997902,22.674999,1,31
31430,19:25:34,113.996399,22.6775,1,35
31430,19:26:05,113.995499,22.6791,1,1
31430,19:27:05,113.995201,22.6793,1,1
31430,19:27:35,113.994904,22.679399,1,27
31430,19:28:05,113.992302,22.6779,1,5
31430,19:30:06,113.991699,22.6777,1,29
31430,19:30:36,113.989403,22.6768,1,25
31430,19:31:06,113.988701,22.6766,1,22
31430,19:31:36,113.9869,22.674801,1,38
31430,19:32:06,113.985901,22.6737,1,3
31430,19:37:37,113.992104,22.677401,0,20
31430,19:38:07,113.993103,22.674999,0,25
31430,19:39:07,113.9935,22.6742,0,11
31430,19:39:37,113.994499,22.6719,0,37
31430,19:40:07,113.996498,22.670099,0,11
31430,19:40:37,113.997498,22.669201,0,16
31430,19:41:07,113.998901,22.667999,0,16
31430,19:41:37,114.000099,22.667,0,22
31430,19:42:07,114.001602,22.6649,0,42
31430,19:42:37,114.0028,22.661699,0,46
31430,19:45:07,114.004097,22.660999,0,40
31430,19:46:16,114.007401,22.6609,1,22
31430,19:47:16,114.007896,22.66,1,18
31430,19:49:17,114.010803,22.657301,1,37
31430,19:50:17,114.012802,22.6537,1,44
31430,19:51:48,114.0149,22.649599,1,48
31430,19:52:18,114.016403,22.6478,1,20
31430,19:52:48,114.018997,22.646299,1,35
31430,19:53:18,114.021599,22.646299,1,11
31430,19:54:27,114.019096,22.6464,0,40
31430,19:54:57,114.016899,22.647301,0,38
31430,19:57:02,114.017601,22.646799,1,53
31430,19:57:32,114.017799,22.644699,1,44
31430,19:58:02,114.016998,22.643101,1,18
31430,19:58:32,114.016701,22.6416,1,11
31430,20:00:03,114.016502,22.639799,1,5
31430,20:00:33,114.016502,22.638599,1,22
31430,20:01:03,114.0205,22.6373,1,62
31430,20:01:33,114.025902,22.635799,1,74
31430,20:02:03,114.030502,22.634501,1,25
31430,20:03:04,114.0317,22.6341,1,5
31430,20:03:34,114.032097,22.633801,1,3
31430,20:04:04,114.032204,22.632401,1,31
31430,20:09:35,114.034103,22.625099,1,11
31430,20:10:05,114.032898,22.6248,1,11
31430,20:10:36,114.032097,22.624599,1,25
31430,20:11:36,114.030602,22.624201,1,29
31430,20:12:06,114.028297,22.6236,1,3
31430,20:12:36,114.025902,22.623699,1,40
31430,20:14:07,114.024498,22.6238,1,12
31430,20:14:37,114.024399,22.6217,1,35
31430,20:15:07,114.023903,22.620701,1,25
31430,20:16:26,114.022903,22.6201,0,9
31430,20:19:04,114.026802,22.6161,0,35
31430,20:21:35,114.029099,22.612499,0,22
31430,20:22:05,114.026703,22.610901,0,46
31430,20:22:35,114.023499,22.6091,0,35
31430,20:23:05,114.022003,22.6094,0,11
31430,20:23:35,114.021599,22.6101,0,9
31430,20:24:05,114.0215,22.610201,0,7
31430,20:31:06,114.020103,22.611799,0,5
31430,20:31:36,114.0187,22.612301,0,16
31430,20:32:07,114.021103,22.6106,0,24
31430,20:33:36,114.021698,22.6101,0,9
31430,20:34:07,114.023003,22.610399,0,16
31430,20:37:27,114.021698,22.6101,1,1
31430,20:37:57,114.022102,22.6091,1,18
31430,20:39:28,114.027702,22.6113,1,57
31430,20:40:28,114.031197,22.6138,1,33
31430,20:43:29,114.031998,22.6145,1,11
31430,20:46:00,114.032303,22.6147,1,16
31430,20:46:30,114.033302,22.6154,1,9
31430,20:47:00,114.034302,22.615999,1,20
31430,20:47:30,114.035599,22.616699,1,29
31430,20:50:01,114.036903,22.617901,1,7
31430,20:50:31,114.036102,22.619699,1,25
31430,20:51:01,114.035797,22.620501,1,1
31430,20:51:31,114.035599,22.621201,1,5
31430,20:52:02,114.0354,22.621901,1,12
31430,20:52:32,114.034599,22.624399,1,35
31430,20:53:02,114.034103,22.625999,1,12
31430,20:53:32,114.033798,22.6269,1,14
31430,20:54:02,114.033501,22.627701,1,5
31430,20:55:03,114.032997,22.628799,1,37
31430,20:57:03,114.032204,22.6318,1,35
31430,20:58:03,114.032303,22.6336,1,3
31430,20:58:33,114.031898,22.635599,1,29
31430,20:59:04,114.031799,22.637899,1,44
31430,21:00:04,114.032799,22.6411,1,7
31430,21:00:34,114.033096,22.642,1,11
31430,21:01:04,114.033302,22.6423,1,1
31430,21:03:05,114.033699,22.643101,1,20
31430,21:03:35,114.033997,22.6439,1,22
31430,21:04:05,114.035698,22.646799,1,38
31430,21:06:06,114.037003,22.649401,1,48
31430,21:06:36,114.0383,22.652,1,5
31430,21:08:04,114.036797,22.649099,0,42
31430,21:08:33,114.035301,22.6476,0,25
31430,21:09:04,114.032799,22.6483,0,5
31430,21:09:33,114.0327,22.6483,0,7
31430,21:10:23,114.0354,22.6474,1,25
31430,21:10:53,114.0345,22.644899,1,46
31430,21:11:53,114.033302,22.6425,1,12
31430,21:12:23,114.0327,22.6408,1,24
31430,21:12:53,114.031998,22.638599,1,31
31430,21:13:24,114.0317,22.6364,1,18
31430,21:15:54,114.032097,22.634199,1,7
31430,21:16:25,114.032204,22.632999,1,31
31430,21:17:55,114.032204,22.6301,1,27
31430,21:18:25,114.033401,22.628,1,22
31430,21:18:55,114.033997,22.6262,1,12
31430,21:19:25,114.0345,22.625401,1,22
31430,21:19:55,114.034897,22.623899,1,5
31430,21:20:26,114.0354,22.622101,1,14
31430,21:20:56,114.035797,22.620501,1,14
31430,21:21:26,114.035896,22.620199,1,14
31430,21:21:56,114.036697,22.618099,1,25
31430,21:22:26,114.035896,22.616899,1,38
31430,21:22:56,114.034897,22.616301,1,24
31430,21:25:19,114.0326,22.6152,0,24
31430,21:25:49,114.030602,22.6136,0,33
31430,21:26:19,114.028603,22.613701,0,37
31430,21:26:49,114.027,22.6161,0,12
31430,21:27:19,114.0271,22.615801,0,29
31430,21:27:49,114.028503,22.613501,0,44
31430,21:28:19,114.027802,22.611601,0,46
31430,21:28:49,114.0242,22.609501,0,46
31430,21:29:19,114.022301,22.608999,0,18
31430,21:29:49,114.022003,22.610001,0,24
31430,21:33:52,114.0215,22.610201,1,11
31430,21:34:22,114.019302,22.6122,1,38
31430,21:34:53,114.021698,22.614,1,59
31430,21:35:43,114.026398,22.616899,0,18
31430,21:36:44,114.024498,22.6224,0,40
31430,21:39:14,114.027603,22.624201,0,38
31430,21:41:14,114.025299,22.6329,0,33
31430,21:42:14,114.028,22.635201,0,57
31430,21:42:44,114.031197,22.634399,0,7
31430,21:43:43,114.0317,22.6343,0,22
31430,21:46:12,114.031898,22.634199,0,3
31430,21:46:42,114.031799,22.6362,0,31
31430,21:47:12,114.031998,22.6387,0,18
31430,21:47:42,114.032997,22.6418,0,48
31430,21:48:12,114.034599,22.642599,0,22
31430,21:49:12,114.036903,22.642,0,46
31430,21:49:43,114.0383,22.641899,0,16
31430,21:50:12,114.038498,22.642401,0,1
31430,21:50:42,114.039597,22.644501,0,40
31430,21:51:42,114.038803,22.6462,0,44
31430,21:52:42,114.035698,22.6471,0,31
31430,21:53:42,114.0345,22.6451,0,20
31430,21:54:13,114.033203,22.643101,0,20
31430,21:54:43,114.030197,22.643999,0,46
31430,21:56:13,114.028198,22.644699,0,11
31430,21:56:43,114.026398,22.645399,0,24
31430,21:58:23,114.024101,22.6464,1,5
31430,21:58:53,114.023399,22.645399,1,29
31430,21:59:23,114.022598,22.642799,1,37
31430,22:00:23,114.021896,22.640699,1,40
31430,22:00:53,114.0215,22.6392,1,27
31430,22:01:24,114.0196,22.637899,1,50
31430,22:02:54,114.015198,22.6395,1,51
31430,22:03:24,114.011902,22.643,1,66
31430,22:03:54,114.008698,22.6474,1,44
31430,22:04:24,114.0084,22.6478,1,14
31430,22:04:54,114.006599,22.650499,1,61
31430,22:05:25,114.0037,22.654499,1,37
31430,22:05:55,114.003403,22.6549,1,5
31430,22:06:25,114.001503,22.6574,1,55
31430,22:06:55,113.998901,22.660999,1,53
31430,22:07:25,113.996696,22.6633,1,31
31430,22:10:26,113.9851,22.6719,1,1
31430,22:12:21,113.990601,22.6684,0,50
31430,22:12:51,113.992996,22.6663,0,44
31430,22:13:54,113.996696,22.663099,1,37
31430,22:14:25,113.997002,22.6628,1,20
31430,22:14:55,113.9991,22.6621,1,42
31430,22:15:25,114.001404,22.6614,1,38
31430,22:15:55,114.0047,22.660999,1,40
31430,22:16:25,114.007797,22.6609,1,31
31430,22:16:55,114.010002,22.6625,1,38
31430,22:17:26,114.010696,22.662901,1,14
31430,22:18:26,114.013199,22.665001,1,40
31430,22:18:56,114.015099,22.665701,1,40
31430,22:19:56,114.017197,22.666201,1,27
31430,22:20:26,114.019402,22.6674,1,35
31430,22:23:58,114.024597,22.671301,1,16
31430,22:24:28,114.027199,22.673201,1,44
31430,22:24:58,114.030403,22.6756,1,51
31430,22:25:28,114.032204,22.677601,1,35
31430,22:25:58,114.035004,22.676201,1,18
31430,22:26:28,114.035301,22.6761,1,12
31430,22:26:58,114.038002,22.674601,1,48
31430,22:27:29,114.0401,22.6745,1,35
31430,22:27:59,114.041801,22.6744,1,3
31430,22:28:29,114.042,22.6737,1,3
31430,22:28:59,114.041801,22.6731,1,12
31430,22:31:55,114.041,22.672701,0,29
31430,22:32:24,114.039398,22.6724,0,22
31430,22:33:54,114.039803,22.6745,0,18
31430,22:34:25,114.037102,22.6752,0,44
31430,22:34:55,114.034897,22.6763,0,24
31430,22:35:25,114.0327,22.6775,0,29
31430,22:36:25,114.031403,22.677799,0,20
31430,22:36:55,114.0298,22.6752,0,55
31430,22:37:25,114.0271,22.6733,0,1
31430,22:37:55,114.026199,22.672701,0,20
31430,22:39:55,114.025299,22.6721,0,11
31430,22:40:26,114.024498,22.672001,0,11
31430,22:40:56,114.023697,22.6735,0,22
31430,22:41:26,114.024101,22.6744,0,25
31430,22:43:39,114.023697,22.673201,1,9
31430,22:44:09,114.024498,22.6717,1,22
31430,22:44:39,114.022903,22.670099,1,42
31430,22:45:09,114.021202,22.6689,1,1
31430,22:45:40,114.020103,22.667999,1,37
31430,22:46:10,114.017097,22.6663,1,29
31430,22:46:40,114.016502,22.666201,1,29
31430,22:47:10,114.013802,22.665501,1,18
31430,22:47:40,114.011497,22.6637,1,12
31430,22:49:11,114.012802,22.662001,1,48
31430,22:49:41,114.014,22.659901,1,29
31430,22:50:41,114.013298,22.6579,1,33
31430,22:53:19,114.0158,22.654499,1,25
31430,22:53:50,114.016899,22.6539,1,27
31430,22:54:20,114.018898,22.6553,1,7
31430,22:54:50,114.020897,22.6569,1,46
31430,22:55:20,114.022903,22.6577,1,31
31430,22:55:50,114.024597,22.655701,1,27
31430,22:56:20,114.026398,22.6537,1,48
31430,22:56:51,114.027397,22.6525,1,16
31430,22:57:21,114.029404,22.6506,1,46
31430,22:59:21,114.033302,22.6481,1,33
31430,23:01:22,114.0364,22.6471,1,33
31430,23:01:52,114.039803,22.6458,1,22
31430,23:07:39,114.0354,22.6467,0,25
31430,23:08:09,114.034103,22.6443,0,35
31430,23:08:39,114.0326,22.643101,0,37
31430,23:09:09,114.029701,22.643999,0,22
31430,23:10:09,114.027901,22.6448,0,22
31430,23:10:39,114.0261,22.645599,0,46
31430,23:11:09,114.023499,22.6479,0,55
31430,23:11:39,114.021797,22.6518,0,61
31430,23:12:09,114.019302,22.6548,0,48
31430,23:13:11,114.017097,22.657301,1,48
31430,23:14:11,114.016296,22.658199,1,31
31430,23:15:12,114.013298,22.661501,1,57
31430,23:18:23,114.018997,22.662399,0,12
31430,23:18:53,114.020798,22.660101,0,33
31430,23:19:23,114.022102,22.658001,0,25
31430,23:20:32,114.018402,22.655701,1,29
31430,23:22:03,114.014801,22.6598,1,44
31430,23:22:33,114.012802,22.662001,1,38
31430,23:23:03,114.011497,22.663601,1,25
31430,23:23:33,114.014702,22.665701,1,53
31430,23:25:04,114.016296,22.6667,1,9
31430,23:27:33,114.015198,22.6681,0,5
31430,23:28:03,114.0159,22.666,0,29
31430,23:28:33,114.013901,22.665501,0,18
31430,23:29:03,114.011803,22.6639,0,38
31430,23:32:57,114.011597,22.663099,1,18
31430,23:33:27,114.013603,22.660999,1,46
31430,23:34:27,114.016998,22.657301,1,46
31430,23:36:40,114.017601,22.656601,0,12
31430,23:37:27,114.015503,22.659,1,50
31430,23:37:57,114.013199,22.661501,1,50
31430,23:38:27,114.011497,22.663401,1,24
31430,23:39:57,114.010902,22.663401,1,25
31430,23:40:28,114.008202,22.6612,1,22
31430,23:41:28,114.005402,22.660999,1,53
31430,23:42:28,114.0019,22.664499,1,48
31430,23:42:58,114.0,22.6672,1,38
31430,23:43:29,113.997398,22.6695,1,25
31430,23:43:59,113.998199,22.671,1,27
31430,23:44:29,113.998703,22.6735,1,46
31430,23:44:59,113.997597,22.676201,1,31
31430,23:46:39,114.000397,22.6782,0,42
31430,23:47:09,114.001701,22.676701,0,42
31430,23:47:39,114.001801,22.675501,0,1
31430,23:48:09,114.004204,22.6754,0,31
31430,23:48:39,114.006699,22.676901,0,40
31430,23:49:09,114.009003,22.674999,0,40
31430,23:49:40,114.011902,22.672899,0,38
31430,23:50:10,114.014,22.67,0,55
31430,23:51:10,114.016098,22.666599,0,44
31430,23:51:40,114.013603,22.6654,0,22
31430,23:52:40,114.011398,22.663601,0,12
31430,23:53:10,114.0131,22.6616,0,46
