24835,00:00:38,113.924438,22.502392,0,0
24835,00:01:38,113.923935,22.506788,0,37
24835,00:02:38,113.919098,22.508062,0,24
24835,00:03:38,113.921173,22.512962,0,56
24835,00:04:38,113.924622,22.518013,0,11
24835,00:05:38,113.927338,22.517948,0,0
24835,00:05:43,113.921173,22.512962,0,0
24835,00:06:38,113.930473,22.519051,0,30
24835,00:07:38,113.930901,22.519493,0,1
24835,00:07:41,113.930893,22.519501,1,3
24835,00:08:37,113.930313,22.522375,1,39
24835,00:09:38,113.930283,22.527798,1,14
24835,00:10:38,113.928619,22.528299,1,36
24835,00:11:38,113.926445,22.528559,1,0
24835,00:12:04,113.925896,22.528749,0,16
24835,00:12:38,113.924812,22.530813,0,28
24835,00:13:38,113.927307,22.535467,0,21
24835,00:14:38,113.927849,22.542482,0,47
24835,00:15:38,113.938202,22.542494,0,58
24835,00:15:52,113.927307,22.535467,0,0
24835,00:16:22,113.927849,22.542482,0,0
24835,00:16:38,113.947548,22.542982,0,58
24835,00:17:38,113.957619,22.543272,0,68
24835,00:18:38,113.961983,22.542072,0,8
24835,00:19:38,113.961922,22.541517,0,4
24835,00:20:32,113.96183,22.541845,0,0
24835,00:26:00,113.96183,22.541845,0,0
24835,00:28:08,113.961983,22.541912,1,2
24835,00:28:37,113.961784,22.540648,1,32
24835,00:29:37,113.96199,22.538383,1,0
24835,00:30:29,113.96199,22.538383,1,0
24835,00:30:37,113.959625,22.538643,1,0
24835,00:31:37,113.959946,22.543791,1,26
24835,00:32:37,113.960411,22.546881,1,0
24835,00:33:37,113.96244,22.547003,1,21
24835,00:34:37,113.963638,22.547167,1,0
24835,00:35:07,113.96244,22.547003,1,0
24835,00:35:37,113.963646,22.547237,1,0
24835,00:36:37,113.963676,22.547283,1,0
24835,00:37:37,113.963707,22.547258,1,0
24835,00:38:37,113.96373,22.546553,1,20
24835,00:39:37,113.964058,22.544254,1,3
24835,00:40:37,113.96402,22.543921,1,0
24835,00:41:37,113.964287,22.54389,1,0
24835,00:42:37,113.964203,22.543827,1,0
24835,00:43:37,113.964073,22.543818,1,0
24835,00:44:37,113.963142,22.542498,1,18
24835,00:44:38,113.963142,22.542498,0,18
24835,00:45:16,113.963142,22.542498,0,0
24835,00:45:37,113.963943,22.541748,0,52
24835,00:45:38,113.963142,22.542498,0,0
24835,00:46:37,113.972725,22.538458,0,54
24835,00:47:37,113.981522,22.536287,0,24
24835,00:48:37,113.987076,22.536116,0,67
24835,00:49:37,113.992096,22.535082,0,65
24835,00:50:37,113.996468,22.534819,0,19
24835,00:51:37,114.002876,22.535828,0,0
24835,00:52:37,114.008713,22.536736,0,59
24835,00:53:37,114.015862,22.537703,0,44
24835,00:54:37,114.025375,22.539679,0,58
24835,00:55:24,114.015862,22.537703,0,0
24835,00:55:37,114.034431,22.541189,0,51
24835,00:56:37,114.037407,22.541727,0,70
24835,00:57:37,114.040497,22.542192,0,56
24835,00:58:37,114.050041,22.542402,0,48
24835,00:59:37,114.059845,22.54261,0,65
24835,01:00:37,114.069321,22.542828,0,66
24835,01:00:47,114.059845,22.54261,0,0
24835,01:01:37,114.075951,22.54299,0,0
24835,01:02:37,114.079659,22.543104,0,56
24835,01:03:37,114.084274,22.543173,0,58
24835,01:04:37,114.089417,22.543289,0,9
24835,01:04:51,114.089493,22.543278,0,0
24835,01:05:05,114.089638,22.543293,1,19
24835,01:05:32,114.089493,22.543278,0,0
24835,01:05:37,114.090897,22.543303,1,9
24835,01:06:37,114.09919,22.543468,1,30
24835,01:07:37,114.100548,22.543545,1,46
24835,01:08:37,114.106232,22.544727,1,1
24835,01:09:37,114.106361,22.546139,1,42
24835,01:10:32,114.109161,22.547338,0,0
24835,01:10:38,114.109169,22.547338,0,1
24835,01:11:38,114.110161,22.542364,0,20
24835,01:12:38,114.110428,22.540157,0,35
24835,01:13:38,114.109512,22.537992,0,13
24835,01:14:38,114.109283,22.537895,0,0
24835,01:15:15,114.109062,22.53788,0,0
24835,01:15:41,114.109283,22.537895,0,0
24835,01:15:55,114.109062,22.53788,0,0
24835,01:25:49,114.109062,22.53788,0,0
24835,01:31:03,114.109062,22.53788,0,0
24835,01:34:56,114.10881,22.537643,0,3
24835,01:35:56,114.110954,22.535509,0,0
24835,01:35:57,114.10881,22.537643,0,0
24835,01:36:34,114.111137,22.535543,1,16
24835,01:36:56,114.111511,22.533045,1,53
24835,01:37:56,114.114441,22.535294,1,48
24835,01:38:56,114.113861,22.538927,1,21
24835,01:39:56,114.113716,22.544544,1,33
24835,01:40:56,114.1166,22.546413,1,0
24835,01:41:56,114.11657,22.547823,1,18
24835,01:42:56,114.120842,22.547903,1,38
24835,01:43:56,114.122696,22.549774,1,15
24835,01:44:56,114.122368,22.550867,1,14
24835,01:45:56,114.122231,22.551517,1,0
24835,01:46:03,114.122246,22.551542,0,0
24835,01:46:06,114.122368,22.550867,1,0
24835,01:46:12,114.122368,22.550867,1,0
24835,01:46:56,114.122215,22.551584,0,1
24835,01:47:02,114.122238,22.551525,1,5
24835,01:47:56,114.122513,22.550154,1,5
24835,01:48:56,114.121368,22.547377,1,57
24835,01:49:56,114.116241,22.546417,1,39
24835,01:50:56,114.107658,22.544998,1,44
24835,01:51:56,114.106224,22.54479,1,9
24835,01:52:56,114.099686,22.543468,1,0
24835,01:53:56,114.099541,22.543474,1,23
24835,01:54:56,114.096596,22.538284,1,62
24835,01:55:56,114.08683,22.537663,1,52
24835,01:56:14,114.096596,22.538284,1,0
24835,01:56:56,114.084305,22.540302,1,10
24835,01:57:56,114.084259,22.542053,1,11
24835,01:58:47,114.084274,22.542454,0,0
24835,01:58:56,114.084305,22.542423,0,1
24835,01:59:56,114.087257,22.543222,0,34
24835,02:00:36,114.088188,22.543364,0,0
24835,02:01:20,114.087257,22.543222,0,0
24835,02:03:44,114.088493,22.543175,1,20
24835,02:04:27,114.09095,22.543367,1,0
24835,02:05:27,114.091339,22.545301,1,5
24835,02:06:23,114.091339,22.545301,1,0
24835,02:06:27,114.091209,22.548704,1,64
24835,02:07:27,114.097008,22.551832,1,50
24835,02:08:27,114.099022,22.551903,1,0
24835,02:09:27,114.101761,22.551943,1,11
24835,02:10:27,114.103439,22.5518,1,7
24835,02:11:16,114.102936,22.551439,0,7
24835,02:11:27,114.10289,22.551493,0,0
24835,02:12:27,114.101913,22.551615,0,2
24835,02:13:27,114.101776,22.551718,0,1
24835,02:14:27,114.101624,22.552092,0,0
24835,02:15:27,114.103699,22.552956,0,4
24835,02:16:27,114.10408,22.558208,0,37
24835,02:16:28,114.103699,22.552956,0,0
24835,02:16:32,114.103699,22.552956,0,0
24835,02:17:27,114.10453,22.558771,0,1
24835,02:18:27,114.104439,22.558725,0,0
24835,02:19:27,114.104897,22.558552,0,0
24835,02:20:27,114.105354,22.558496,0,0
24835,02:20:30,114.10537,22.558493,0,0
24835,02:26:40,114.10537,22.558493,0,0
24835,02:31:37,114.10537,22.558493,0,0
24835,02:33:21,114.105385,22.558529,0,0
24835,02:33:53,114.105515,22.558596,1,13
24835,02:34:21,114.108681,22.558647,1,60
24835,02:35:21,114.119537,22.558725,1,50
24835,02:36:21,114.125328,22.553083,1,0
24835,02:36:48,114.119537,22.558725,1,0
24835,02:37:21,114.126053,22.549513,1,22
24835,02:38:21,114.128365,22.550343,1,1
24835,02:38:26,114.128372,22.550316,0,1
24835,02:39:21,114.126144,22.548195,0,12
24835,02:40:20,114.126144,22.547606,0,0
24835,02:45:59,114.125984,22.54809,0,0
24835,02:46:16,114.125954,22.548113,0,0
24835,02:46:57,114.125984,22.54809,0,0
24835,02:46:59,114.125954,22.54817,0,3
24835,02:47:08,114.125977,22.548155,0,0
24835,02:57:05,114.125977,22.548155,0,0
24835,03:01:53,114.125977,22.548155,0,0
24835,03:04:36,114.126503,22.547901,0,0
24835,03:05:36,114.126572,22.547913,0,0
24835,03:06:06,114.12661,22.547928,1,6
24835,03:06:36,114.129265,22.548458,1,13
24835,03:07:13,114.12661,22.547928,1,0
24835,03:07:36,114.12664,22.548059,1,65
24835,03:08:36,114.125702,22.544775,1,19
24835,03:09:36,114.12085,22.53903,1,61
24835,03:10:36,114.111115,22.53797,1,83
24835,03:11:36,114.09951,22.538219,1,81
24835,03:12:36,114.0867,22.537457,1,77
24835,03:13:36,114.077339,22.532578,1,66
24835,03:14:36,114.064903,22.53175,1,83
24835,03:15:36,114.052582,22.531532,1,78
24835,03:16:36,114.039803,22.53091,1,80
24835,03:17:02,114.052582,22.531532,1,0
24835,03:17:22,114.052582,22.531532,1,0
24835,03:17:36,114.02755,22.530848,1,73
24835,03:18:36,114.016006,22.531242,1,81
24835,03:20:36,113.993858,22.529057,1,47
24835,03:21:36,113.9935,22.530853,1,0
24835,03:22:36,113.993073,22.533415,1,52
24835,03:23:36,113.992889,22.534426,1,19
24835,03:25:36,113.984734,22.537142,1,0
24835,03:25:43,113.984734,22.537138,0,0
24835,03:27:30,113.992889,22.534426,1,0
24835,03:27:36,113.978897,22.536619,0,57
24835,03:28:36,113.978523,22.536322,0,82
24835,03:29:36,113.986656,22.536083,0,74
24835,03:30:36,113.999039,22.535192,0,83
24835,03:31:36,114.002953,22.535803,0,16
24835,03:32:10,113.999039,22.535192,0,0
24835,03:32:36,114.012093,22.537279,0,44
24835,03:33:36,114.020386,22.539124,0,62
24835,03:34:36,114.028893,22.540142,0,47
24835,03:35:36,114.036049,22.541359,0,48
24835,03:36:36,114.041817,22.54217,0,40
24835,03:37:36,114.047852,22.542337,0,46
24835,03:37:39,114.036049,22.541359,0,0
24835,03:38:36,114.057106,22.5425,0,53
24835,03:39:36,114.065994,22.542717,0,58
24835,03:40:36,114.074677,22.542883,0,40
24835,03:41:36,114.07618,22.542929,0,24
24835,03:42:36,114.081558,22.543133,0,0
24835,03:43:36,114.088417,22.543278,0,22
24835,03:43:49,114.088486,22.543222,0,0
24835,03:47:18,114.088486,22.543222,0,0
24835,03:47:47,114.088486,22.543222,0,0
24835,03:52:12,114.089211,22.54372,0,0
24835,03:53:04,114.088837,22.543352,0,1
24835,03:53:11,114.088951,22.543409,1,16
24835,03:54:04,114.090981,22.543365,1,0
24835,03:55:04,114.091286,22.545406,1,0
24835,03:56:04,114.09108,22.550755,1,61
24835,03:57:04,114.087334,22.551718,1,40
24835,03:57:55,114.09108,22.550755,1,0
24835,03:58:04,114.081718,22.552692,1,36
24835,03:59:04,114.078613,22.554043,1,26
24835,04:00:04,114.076874,22.553938,1,0
24835,04:00:20,114.076813,22.553949,0,0
24835,04:01:04,114.077415,22.553848,0,0
24835,04:02:04,114.082741,22.560217,0,78
24835,04:02:27,114.077415,22.553848,0,0
24835,04:03:04,114.08876,22.566692,0,56
24835,04:04:04,114.097244,22.568975,0,56
24835,04:05:04,114.09951,22.570004,0,0
24835,04:06:04,114.104347,22.573002,0,46
24835,04:07:04,114.111954,22.576452,0,50
24835,04:08:04,114.121147,22.576582,0,51
24835,04:08:04,114.104347,22.573002,0,0
24835,04:09:04,114.129036,22.577291,0,28
24835,04:09:25,114.129349,22.57708,0,0
24835,04:11:54,114.129662,22.577263,0,0
24835,04:14:15,114.129692,22.577297,0,0
24835,04:17:36,114.129692,22.577297,0,0
24835,04:18:12,114.129692,22.577297,0,0
24835,04:19:31,114.129562,22.577368,0,0
24835,04:23:31,114.136559,22.575615,0,55
24835,04:24:32,114.138542,22.574984,0,0
24835,04:25:32,114.140701,22.579683,0,66
24835,04:26:32,114.146027,22.586985,0,63
24835,04:27:32,114.151833,22.593832,0,46
24835,04:28:20,114.146027,22.586985,0,0
24835,04:28:32,114.157379,22.598284,0,51
24835,04:29:32,114.161095,22.604626,0,35
24835,04:30:32,114.166496,22.605522,0,43
24835,04:31:32,114.170067,22.603949,0,45
24835,04:32:32,114.169441,22.600832,0,3
24835,04:32:44,114.166496,22.605522,0,0
24835,04:33:32,114.16951,22.600813,0,0
24835,04:34:07,114.169495,22.600807,0,0
24835,04:38:29,114.169495,22.600807,0,0
24835,04:47:52,114.169495,22.600807,0,0
24835,04:48:37,114.169495,22.600807,0,0
24835,04:58:45,114.169495,22.600807,0,0
24835,05:03:01,114.169495,22.600807,0,0
24835,05:08:54,114.169495,22.600807,0,0
24835,05:18:09,114.169495,22.600807,0,0
24835,05:19:02,114.169495,22.600807,0,0
24835,05:29:10,114.169495,22.600807,0,0
24835,05:33:17,114.169495,22.600807,0,0
24835,05:39:19,114.169495,22.600807,0,0
24835,05:43:52,114.169701,22.602198,0,36
24835,05:44:52,114.169594,22.605888,0,42
24835,05:45:52,114.163506,22.605385,0,33
24835,05:46:52,114.160461,22.60247,0,46
24835,05:47:52,114.155151,22.596947,0,57
24835,05:48:26,114.160461,22.60247,0,0
24835,05:48:52,114.150337,22.591751,0,51
24835,05:49:27,114.155151,22.596947,0,0
24835,05:49:52,114.145859,22.586555,0,51
24835,05:50:52,114.14106,22.581875,0,43
24835,05:51:52,114.139061,22.575668,0,40
24835,05:52:52,114.138954,22.575375,0,0
24835,05:53:52,114.137878,22.572409,0,68
24835,05:54:52,114.135971,22.566673,0,43
24835,05:55:52,114.131958,22.56237,0,44
24835,05:56:52,114.129028,22.560072,0,42
24835,05:57:52,114.128334,22.556652,0,0
24835,05:58:52,114.130089,22.554031,0,28
24835,05:59:35,114.128334,22.556652,0,0
24835,05:59:52,114.128891,22.550577,0,6
24835,06:00:52,114.128021,22.550184,0,8
24835,06:01:52,114.128563,22.550327,0,2
24835,06:02:52,114.128448,22.550434,0,1
24835,06:03:34,114.128563,22.550327,0,0
24835,06:03:52,114.128418,22.550478,0,0
24835,06:04:52,114.12748,22.550253,0,27
24835,06:05:52,114.127167,22.549812,0,0
24835,06:06:52,114.127106,22.549877,0,1
24835,06:06:59,114.126915,22.549738,1,28
24835,06:07:52,114.123512,22.555365,1,64
24835,06:08:52,114.116898,22.55892,1,49
24835,06:09:44,114.123512,22.555365,1,0
24835,06:09:52,114.115318,22.563286,1,21
24835,06:10:17,114.115379,22.563244,0,3
24835,06:10:52,114.115898,22.561201,0,35
24835,06:11:52,114.117996,22.560661,0,27
24835,06:12:52,114.121223,22.557444,0,39
24835,06:13:52,114.117989,22.552652,1,48
24835,06:14:52,114.116539,22.548273,1,10
24835,06:15:52,114.116684,22.54793,1,15
24835,06:16:52,114.111885,22.546511,1,29
24835,06:17:52,114.110191,22.54253,1,69
24835,06:18:42,114.111885,22.546511,1,0
24835,06:18:52,114.111214,22.534176,1,57
24835,06:19:52,114.114067,22.531845,1,6
24835,06:19:52,114.110191,22.54253,1,0
24835,06:20:13,114.113937,22.532103,0,3
24835,06:21:52,114.117523,22.536497,0,21
24835,06:22:52,114.119888,22.538177,0,2
24835,06:23:52,114.119072,22.539797,0,9
24835,06:24:52,114.119843,22.540836,0,0
24835,06:25:52,114.120102,22.541365,0,0
24835,06:26:52,114.118195,22.543425,0,0
24835,06:27:52,114.117355,22.545679,0,37
24835,06:28:52,114.116447,22.549782,0,17
24835,06:28:59,114.117355,22.545679,0,0
24835,06:29:52,114.118874,22.553417,0,39
24835,06:30:52,114.120789,22.556499,0,47
24835,06:31:52,114.124756,22.553907,0,0
24835,06:32:49,114.124756,22.553907,0,0
24835,06:32:52,114.125435,22.55294,0,0
24835,06:33:52,114.123848,22.552282,0,6
24835,06:34:52,114.12252,22.550968,0,5
24835,06:35:10,114.122528,22.550739,1,19
24835,06:35:52,114.12352,22.54866,1,29
24835,06:36:52,114.12574,22.549377,1,0
24835,06:37:52,114.127075,22.549843,1,1
24835,06:38:52,114.130669,22.550947,1,13
24835,06:39:08,114.127075,22.549843,1,0
24835,06:39:52,114.133698,22.549982,1,1
24835,06:40:52,114.135757,22.551075,1,22
24835,06:41:39,114.135719,22.552155,0,0
24835,06:41:52,114.13575,22.552198,0,11
24835,06:42:52,114.135857,22.553738,0,1
24835,06:43:52,114.13588,22.552177,0,17
24835,06:44:52,114.135162,22.550608,0,20
24835,06:45:52,114.132904,22.55048,0,16
24835,06:46:52,114.130409,22.551001,0,28
24835,06:47:52,114.128487,22.550488,0,6
24835,06:47:58,114.130409,22.551001,0,0
24835,06:48:52,114.126312,22.549618,0,0
24835,06:49:16,114.128487,22.550488,0,0
24835,06:49:52,114.125244,22.547886,0,31
24835,06:50:52,114.122475,22.547321,0,41
24835,06:51:52,114.119911,22.5469,0,33
24835,06:52:52,114.117325,22.546444,0,0
24835,06:53:52,114.117653,22.544243,0,31
24835,06:54:52,114.119865,22.542,0,18
24835,06:55:52,114.118721,22.540178,0,21
24835,06:56:52,114.114105,22.539038,0,0
24835,06:57:52,114.11274,22.538782,0,4
24835,06:58:52,114.112373,22.536091,0,0
24835,06:59:24,114.11274,22.538782,0,0
24835,06:59:52,114.112328,22.536081,0,0
24835,07:00:52,114.112389,22.535852,0,0
24835,07:01:52,114.11235,22.53578,0,0
24835,07:02:52,114.11235,22.535725,0,0
24835,07:03:06,114.11235,22.53578,0,0
24835,07:03:52,114.112846,22.53545,0,0
24835,07:04:52,114.112823,22.535458,0,0
24835,07:05:52,114.113602,22.53566,0,0
24835,07:06:52,114.114098,22.53528,0,4
24835,07:07:52,114.114174,22.534678,0,0
24835,07:08:52,114.11364,22.534576,0,0
24835,07:09:33,114.11364,22.534576,0,0
24835,07:09:52,114.113899,22.534189,0,3
24835,07:10:52,114.114403,22.534163,0,2
24835,07:11:52,114.113861,22.534342,0,8
24835,07:12:52,114.113831,22.534164,0,1
24835,07:12:54,114.113838,22.534145,1,2
24835,07:13:52,114.115936,22.535328,1,37
24835,07:14:52,114.122856,22.540249,1,73
24835,07:15:52,114.133118,22.546021,1,79
24835,07:16:52,114.139191,22.554377,1,63
24835,07:17:52,114.140007,22.563288,1,66
24835,07:18:14,114.139191,22.554377,1,0
24835,07:18:52,114.138359,22.572575,1,71
24835,07:19:41,114.138359,22.572575,1,0
24835,07:19:52,114.130814,22.577713,1,53
24835,07:20:52,114.123398,22.577078,1,13
24835,07:21:52,114.117371,22.57756,1,51
24835,07:22:52,114.114105,22.583286,1,36
24835,07:23:52,114.109436,22.590557,1,79
24835,07:24:52,114.11364,22.600302,1,76
24835,07:25:52,114.123123,22.608278,1,64
24835,07:26:52,114.127739,22.612797,1,44
24835,07:27:52,114.121689,22.616734,1,49
24835,07:28:52,114.116699,22.621166,1,14
24835,07:29:49,114.116699,22.621166,1,0
24835,07:29:52,114.116318,22.621256,1,0
24835,07:30:52,114.114044,22.621471,1,28
24835,07:31:52,114.107063,22.62314,1,39
24835,07:32:52,114.102028,22.626604,1,52
24835,07:33:23,114.107063,22.62314,1,0
24835,07:33:52,114.097832,22.630838,1,31
24835,07:34:52,114.095284,22.63529,1,48
24835,07:35:52,114.092094,22.639509,1,50
24835,07:36:52,114.085732,22.639696,1,46
24835,07:37:52,114.083023,22.641005,1,29
24835,07:38:53,114.078705,22.643787,1,42
24835,07:39:53,114.077278,22.647722,1,21
24835,07:39:58,114.078705,22.643787,1,0
24835,07:40:53,114.07618,22.650534,1,33
24835,07:41:53,114.073898,22.653038,1,15
24835,07:42:53,114.072777,22.654242,1,0
24835,07:43:50,114.072678,22.654228,0,0
24835,07:43:53,114.072678,22.654232,0,0
24835,07:44:36,114.072739,22.654215,1,5
24835,07:44:53,114.072701,22.654316,1,4
24835,07:45:53,114.069061,22.657129,1,41
24835,07:46:53,114.067139,22.660179,1,26
24835,07:47:53,114.06282,22.655006,1,21
24835,07:48:31,114.067139,22.660179,1,0
24835,07:48:53,114.061127,22.649248,1,0
24835,07:49:53,114.061104,22.649261,1,0
24835,07:50:06,114.061127,22.649248,1,0
24835,07:50:53,114.061096,22.648148,1,53
24835,07:51:53,114.061142,22.644653,1,0
24835,07:52:53,114.061211,22.642668,1,39
24835,07:53:29,114.061501,22.641382,0,32
24835,07:53:53,114.062004,22.6401,0,15
24835,07:54:53,114.06237,22.639374,0,0
24835,07:55:53,114.062386,22.639351,0,0
24835,07:56:53,114.061493,22.642307,0,36
24835,07:57:53,114.061417,22.643198,0,0
24835,07:58:53,114.061241,22.648291,0,20
24835,07:59:53,114.061218,22.648685,0,4
24835,08:00:14,114.061241,22.648291,0,0
24835,08:00:34,114.061028,22.648111,1,19
24835,08:00:53,114.061127,22.646061,1,49
24835,08:01:53,114.061157,22.644836,1,0
24835,08:02:53,114.061188,22.643965,1,38
24835,08:03:40,114.061157,22.644836,1,0
24835,08:03:53,114.062462,22.639181,1,0
24835,08:04:53,114.062477,22.639193,1,0
24835,08:05:53,114.064407,22.634615,1,74
24835,08:06:53,114.064819,22.633287,1,0
24835,08:07:53,114.065582,22.630577,1,0
24835,08:08:53,114.06559,22.630592,1,0
24835,08:09:53,114.065582,22.630577,1,0
24835,08:10:23,114.06559,22.630592,1,0
24835,08:10:53,114.065987,22.630207,1,36
24835,08:11:53,114.074524,22.629477,1,31
24835,08:12:53,114.080223,22.628468,1,37
24835,08:13:53,114.0811,22.628241,1,0
24835,08:14:53,114.084305,22.627832,1,51
24835,08:15:53,114.086548,22.632294,1,1
24835,08:16:53,114.089066,22.626873,1,87
24835,08:17:53,114.090027,22.62129,1,9
24835,08:18:48,114.090027,22.62129,1,0
24835,08:18:53,114.091301,22.617405,1,63
24835,08:19:53,114.095428,22.605812,1,76
24835,08:20:31,114.091301,22.617405,1,0
24835,08:21:53,114.09713,22.588963,1,0
24835,08:22:53,114.097183,22.588787,1,0
24835,08:23:53,114.098923,22.583918,1,49
24835,08:24:53,114.09935,22.57987,1,17
24835,08:25:53,114.099251,22.579065,1,11
24835,08:26:53,114.099159,22.578613,1,0
24835,08:27:53,114.098907,22.577047,1,9
24835,08:28:53,114.098778,22.572758,1,39
24835,08:29:53,114.099129,22.569592,1,29
24835,08:30:40,114.098907,22.577047,1,0
24835,08:30:53,114.104065,22.572784,1,39
24835,08:31:53,114.109879,22.576059,1,43
24835,08:32:52,114.11393,22.573631,1,54
24835,08:33:52,114.112564,22.568027,1,0
24835,08:33:56,114.109879,22.576059,1,0
24835,08:34:52,114.112053,22.563723,1,63
24835,08:35:52,114.110397,22.556541,1,58
24835,08:36:52,114.109695,22.554003,1,10
24835,08:37:52,114.109909,22.551739,1,22
24835,08:38:52,114.109894,22.551672,1,0
24835,08:39:52,114.110237,22.549484,1,0
24835,08:40:48,114.109894,22.551672,1,0
24835,08:40:52,114.110229,22.549473,1,0
24835,08:41:52,114.109894,22.546593,1,34
24835,08:42:52,114.11039,22.542103,1,0
24835,08:43:52,114.110306,22.542166,1,0
24835,08:44:52,114.111809,22.542006,1,23
24835,08:45:52,114.115173,22.542828,1,0
24835,08:46:13,114.115112,22.54298,0,0
24835,08:46:48,114.115112,22.543022,1,14
24835,08:46:52,114.115448,22.543041,1,33
24835,08:47:52,114.117348,22.543503,1,0
24835,08:48:52,114.119301,22.544083,1,11
24835,08:49:04,114.117348,22.543503,1,0
24835,08:49:52,114.120552,22.543858,1,0
24835,08:50:30,114.121063,22.543625,0,6
24835,08:50:52,114.12056,22.543932,0,8
24835,08:50:56,114.120552,22.543858,1,0
24835,08:51:52,114.120384,22.544348,0,4
24835,08:52:52,114.120399,22.544136,0,0
24835,08:53:04,114.120438,22.544125,1,0
24835,08:53:52,114.12059,22.542585,1,14
24835,08:54:52,114.11853,22.540186,1,21
24835,08:55:52,114.114891,22.539562,1,22
24835,08:56:52,114.107292,22.537287,1,55
24835,08:57:53,114.10675,22.539906,1,9
24835,08:58:53,114.106834,22.540356,1,5
24835,08:59:53,114.106873,22.541149,1,3
24835,09:00:53,114.107613,22.541416,1,8
24835,09:01:05,114.12059,22.542585,1,0
24835,09:01:53,114.108902,22.541649,1,7
24835,09:02:53,114.109604,22.541845,1,0
24835,09:03:53,114.11068,22.538738,1,0
24835,09:04:13,114.12059,22.542585,1,0
24835,09:04:53,114.111038,22.535843,1,1
24835,09:05:53,114.111427,22.53301,1,39
24835,09:06:53,114.114105,22.531748,1,5
24835,09:08:53,114.114243,22.535734,0,19
24835,09:09:53,114.111938,22.537912,0,19
24835,09:10:53,114.112335,22.536398,0,0
24835,09:11:13,114.111938,22.537912,0,0
24835,09:11:53,114.112373,22.535917,0,0
24835,09:12:53,114.112335,22.535933,0,0
24835,09:13:53,114.112679,22.535673,0,0
24835,09:14:53,114.113197,22.535606,0,10
24835,09:15:53,114.114098,22.53578,0,8
24835,09:16:53,114.114296,22.535006,0,11
24835,09:17:53,114.113358,22.534264,0,12
24835,09:18:53,114.113762,22.534145,0,5
24835,09:19:21,114.112335,22.535933,0,0
24835,09:19:53,114.115257,22.534992,1,25
24835,09:20:53,114.117828,22.536867,1,22
24835,09:21:22,114.115257,22.534992,1,0
24835,09:21:53,114.125542,22.54203,1,71
24835,09:22:53,114.135139,22.547867,1,79
24835,09:23:53,114.140213,22.558563,1,76
24835,09:24:53,114.137222,22.566908,1,53
24835,09:25:53,114.136871,22.575758,1,63
24835,09:26:53,114.127167,22.577343,1,60
24835,09:27:53,114.1166,22.576607,1,56
24835,09:28:53,114.107956,22.575392,1,50
24835,09:29:53,114.101494,22.571568,1,41
24835,09:30:53,114.099159,22.570225,1,11
24835,09:31:30,114.140213,22.558563,1,0
24835,09:31:53,114.097862,22.569653,1,9
24835,09:32:53,114.097115,22.569342,1,3
24835,09:33:53,114.096268,22.568985,1,12
24835,09:34:30,114.140213,22.558563,1,0
24835,09:34:53,114.094406,22.568312,1,11
24835,09:35:53,114.091637,22.567663,1,11
24835,09:36:53,114.087059,22.56699,1,44
24835,09:37:53,114.083694,22.571283,1,29
24835,09:38:53,114.076126,22.572191,1,67
24835,09:39:53,114.068344,22.569323,1,24
24835,09:40:53,114.066849,22.575054,1,62
24835,09:41:39,114.068344,22.569323,1,0
24835,09:41:53,114.058502,22.578423,1,58
24835,09:42:10,114.055748,22.57967,1,62
24835,09:43:22,114.051712,22.588554,1,55
24835,09:44:22,114.044685,22.594631,1,24
24835,09:45:22,114.042152,22.596792,1,65
24835,09:46:22,114.034782,22.602039,1,0
24835,09:47:22,114.032845,22.604033,1,69
24835,09:48:22,114.029152,22.608055,1,53
24835,09:49:38,114.029152,22.608055,1,0
24835,10:08:04,114.022408,22.606043,1,63
24835,10:09:05,114.02549,22.602127,1,61
24835,10:10:05,114.023689,22.59598,1,13
24835,10:11:05,114.018349,22.592291,1,50
24835,10:12:04,114.023689,22.59598,1,0
24835,10:12:05,114.010223,22.590137,1,46
24835,10:13:05,114.006866,22.590536,1,13
24835,10:14:05,114.004829,22.590845,1,12
24835,10:15:05,114.002274,22.591015,1,25
24835,10:16:05,113.999046,22.590467,1,21
24835,10:17:05,113.994919,22.588835,1,47
24835,10:18:05,113.987495,22.586695,1,81
24835,10:19:05,113.973701,22.586218,1,92
24835,10:19:54,113.987495,22.586695,1,0
24835,10:20:05,113.966011,22.577803,1,61
24835,10:21:05,113.965187,22.565432,1,88
24835,10:22:05,113.955078,22.564325,1,39
24835,10:22:12,113.966011,22.577803,1,0
24835,10:23:05,113.952271,22.566332,1,56
24835,10:24:05,113.952713,22.560705,1,12
24835,10:25:05,113.950371,22.559647,1,27
24835,10:26:05,113.947212,22.558994,1,0
24835,10:26:53,113.945808,22.558893,0,0
24835,10:27:05,113.945816,22.558928,0,0
24835,10:28:05,113.945145,22.557192,0,21
24835,10:29:05,113.943077,22.55674,0,23
24835,10:29:49,113.941795,22.557259,1,22
24835,10:30:05,113.941017,22.557318,1,5
24835,10:31:05,113.940262,22.556114,1,10
24835,10:32:05,113.935455,22.555775,1,53
24835,10:32:21,113.940262,22.556114,1,0
24835,10:33:05,113.928276,22.555433,1,55
24835,10:34:05,113.928619,22.551966,1,63
24835,10:35:03,113.928276,22.555433,1,0
24835,10:35:05,113.926888,22.543547,1,59
24835,10:36:05,113.927094,22.537357,1,44
24835,10:37:05,113.924614,22.53105,1,27
24835,10:38:05,113.923195,22.529665,1,0
24835,10:38:22,113.92321,22.529623,0,5
24835,10:39:05,113.923302,22.528105,0,30
24835,10:39:51,113.923218,22.528019,1,14
24835,10:40:05,113.923271,22.528837,1,17
24835,10:41:05,113.923241,22.533068,1,36
24835,10:42:05,113.923164,22.534142,1,0
24835,10:42:29,113.923241,22.533068,1,0
24835,10:43:05,113.924316,22.535393,1,40
24835,10:44:05,113.926598,22.535408,1,0
24835,10:45:05,113.927277,22.536892,1,51
24835,10:46:05,113.927063,22.544598,1,62
24835,10:47:05,113.928665,22.553158,1,53
24835,10:48:05,113.929131,22.562437,1,60
24835,10:49:05,113.930725,22.565832,1,39
24835,10:50:05,113.926186,22.567022,1,17
24835,10:50:11,113.929131,22.562437,1,0
24835,10:51:04,113.921967,22.572136,1,39
24835,10:52:03,113.917549,22.573742,1,50
24835,10:52:37,113.921967,22.572136,1,0
24835,10:53:03,113.911179,22.580587,1,64
24835,10:54:04,113.903694,22.588623,1,77
24835,10:55:04,113.893463,22.597952,1,96
24835,10:56:04,113.881935,22.608253,1,92
24835,10:57:04,113.874954,22.617237,1,64
24835,10:58:04,113.864723,22.622746,1,70
24835,10:59:04,113.853859,22.628092,1,71
24835,11:00:04,113.850327,22.627115,1,0
24835,11:01:04,113.847649,22.623156,1,66
24835,11:02:04,113.837296,22.620195,1,84
24835,11:02:46,113.881935,22.608253,1,0
24835,11:03:04,113.825317,22.615105,1,77
24835,11:04:04,113.816887,22.613031,1,55
24835,11:05:04,113.811958,22.62253,1,55
24835,11:05:19,113.874954,22.617237,1,0
24835,11:06:04,113.808784,22.627111,1,27
24835,11:06:33,113.808624,22.626919,0,0
24835,11:07:04,113.807144,22.626204,0,48
24835,11:08:04,113.808426,22.620657,0,9
24835,11:09:04,113.812256,22.62352,0,54
24835,11:09:55,113.81353,22.624125,0,0
24835,11:12:54,113.81353,22.624125,0,0
24835,11:20:28,113.81353,22.624125,0,0
24835,11:23:02,113.81353,22.624125,0,0
24835,11:33:11,113.81353,22.624125,0,0
24835,11:35:36,113.81353,22.624125,0,0
24835,11:43:19,113.81353,22.624125,0,0
24835,11:50:44,113.81353,22.624125,0,0
24835,11:52:58,113.813583,22.624134,0,0
24835,11:53:27,113.81353,22.624125,0,0
24835,11:53:58,113.81356,22.624159,0,6
24835,11:54:58,113.813713,22.624542,0,0
24835,11:55:58,113.813728,22.624552,0,0
24835,11:56:58,113.813721,22.624535,0,0
24835,11:57:58,113.813332,22.625277,0,8
24835,11:58:58,113.812988,22.625896,0,13
24835,11:59:58,113.812233,22.627228,0,0
24835,12:00:58,113.812195,22.627253,0,0
24835,12:01:58,113.811584,22.628002,0,16
24835,12:02:58,113.809738,22.627386,0,6
24835,12:03:36,113.811584,22.628002,0,0
24835,12:03:58,113.809799,22.626881,0,0
24835,12:04:58,113.810036,22.626734,0,2
24835,12:05:38,113.80999,22.626562,1,3
24835,12:05:53,113.809799,22.626881,0,0
24835,12:05:58,113.809311,22.625603,1,43
24835,12:06:58,113.808945,22.619688,1,76
24835,12:07:58,113.815521,22.610178,1,76
24835,12:08:58,113.824654,22.614679,1,74
24835,12:09:58,113.834991,22.619429,1,72
24835,12:10:58,113.846657,22.622536,1,85
24835,12:11:58,113.853722,22.62598,1,53
24835,12:12:58,113.856445,22.633139,1,54
24835,12:13:44,113.853722,22.62598,1,0
24835,12:13:58,113.859657,22.638205,1,57
24835,12:14:58,113.863281,22.650419,1,96
24835,12:15:58,113.876144,22.65678,1,93
24835,12:16:58,113.891502,22.659033,1,94
24835,12:17:58,113.906929,22.659067,1,94
24835,12:18:58,113.921364,22.660328,1,85
24835,12:19:58,113.931358,22.668926,1,75
24835,12:20:58,113.942726,22.674965,1,78
24835,12:21:02,113.921364,22.660328,1,0
24835,12:21:58,113.953209,22.682085,1,81
24835,12:22:58,113.965446,22.685711,1,75
24835,12:23:52,113.953209,22.682085,1,0
24835,12:23:58,113.96595,22.687557,1,21
24835,12:24:58,113.965996,22.688168,1,0
24835,12:25:58,113.966537,22.689463,1,44
24835,12:26:58,113.972702,22.682009,1,63
24835,12:27:58,113.979332,22.674809,1,74
24835,12:28:58,113.983818,22.664724,1,82
24835,12:29:58,113.992081,22.656008,1,81
24835,12:30:58,113.998764,22.64533,1,81
24835,12:31:58,114.002518,22.634035,1,71
24835,12:32:58,114.006744,22.628107,1,41
24835,12:32:58,114.002518,22.634035,1,0
24835,12:33:58,114.008209,22.618145,1,76
24835,12:34:58,114.011002,22.606506,1,73
24835,12:35:07,114.008209,22.618145,1,0
24835,12:35:58,114.01049,22.602388,1,54
24835,12:36:58,114.010361,22.609022,1,50
24835,12:37:58,114.008492,22.619755,1,51
24835,12:38:58,114.01078,22.62788,1,39
24835,12:39:58,114.012436,22.628866,1,49
24835,12:41:58,114.020813,22.63681,1,0
24835,12:42:38,114.02124,22.638212,0,0
24835,12:42:58,114.021194,22.638214,0,0
24835,12:43:06,114.020813,22.63681,1,0
24835,12:43:58,114.021523,22.639563,0,13
24835,12:44:58,114.0214,22.639248,0,0
24835,12:45:58,114.021324,22.639053,0,0
24835,12:46:58,114.021317,22.639008,0,0
24835,12:47:07,114.021332,22.638901,1,16
24835,12:47:58,114.021027,22.637758,1,0
24835,12:48:58,114.020996,22.637735,1,0
24835,12:50:15,114.020996,22.637735,1,0
24835,12:53:15,114.020996,22.637735,1,0
24835,12:55:58,114.038475,22.607342,1,34
24835,12:56:58,114.041679,22.603521,1,0
24835,12:57:58,114.042435,22.602596,1,32
24835,12:58:58,114.043877,22.597452,1,56
24835,12:59:58,114.049767,22.590094,1,64
24835,13:00:58,114.054626,22.581551,1,63
24835,13:01:58,114.061867,22.57793,1,50
24835,13:02:58,114.067474,22.572206,1,46
24835,13:03:23,114.061867,22.57793,1,0
24835,13:03:58,114.067551,22.562233,1,71
24835,13:04:58,114.067581,22.558605,1,0
24835,13:05:24,114.067551,22.562233,1,0
24835,13:05:58,114.067741,22.555681,1,65
24835,13:06:58,114.067696,22.551523,1,7
24835,13:07:58,114.06781,22.547211,1,39
24835,13:08:58,114.069099,22.542673,1,47
24835,13:09:58,114.075829,22.543034,1,0
24835,13:10:58,114.077805,22.543072,1,50
24835,13:11:58,114.08358,22.543148,1,49
24835,13:12:58,114.090302,22.543352,1,0
24835,13:13:31,114.08358,22.543148,1,0
24835,13:13:58,114.090378,22.543343,1,11
24835,13:14:58,114.095688,22.543436,1,55
24835,13:15:58,114.098907,22.543423,1,0
24835,13:16:58,114.10157,22.543663,1,28
24835,13:17:58,114.103851,22.542973,1,11
24835,13:18:24,114.104179,22.543144,0,1
24835,13:18:57,114.104141,22.54315,0,0
24835,13:19:57,114.103203,22.5429,0,12
24835,13:20:32,114.104141,22.54315,0,0
24835,13:20:57,114.104317,22.544153,0,19
24835,13:21:58,114.104958,22.544083,0,1
24835,13:22:09,114.105049,22.544094,1,11
24835,13:22:58,114.106148,22.545971,1,0
24835,13:23:40,114.105049,22.544094,1,0
24835,13:23:58,114.106186,22.54616,1,0
24835,13:24:58,114.105598,22.546803,1,34
24835,13:25:58,114.104401,22.552418,1,25
24835,13:26:58,114.104225,22.552664,1,0
24835,13:27:58,114.104126,22.553801,1,2
24835,13:28:44,114.104248,22.553867,0,0
24835,13:28:58,114.104248,22.553886,0,1
24835,13:29:00,114.104202,22.553932,1,14
24835,13:29:58,114.104156,22.558081,1,29
24835,13:30:58,114.1073,22.559801,1,48
24835,13:33:58,114.107704,22.567892,1,1
24835,13:34:58,114.107452,22.569172,1,0
24835,13:35:08,114.107483,22.569201,0,1
24835,13:35:35,114.107658,22.569101,1,16
24835,13:35:40,114.107704,22.567892,1,0
24835,13:35:57,114.107651,22.567888,1,36
24835,13:36:58,114.113815,22.566656,1,66
24835,13:37:58,114.118523,22.56377,1,51
24835,13:38:58,114.121506,22.557426,1,58
24835,13:39:58,114.125763,22.550047,1,55
24835,13:40:58,114.128975,22.548422,1,0
24835,13:41:58,114.131805,22.548885,1,12
24835,13:42:58,114.134094,22.549248,1,47
24835,13:43:56,114.131805,22.548885,1,0
24835,13:43:58,114.139359,22.549934,1,0
24835,13:44:58,114.139381,22.549932,1,0
24835,13:45:58,114.139107,22.549892,1,11
24835,13:46:02,114.138855,22.54987,0,22
24835,13:46:58,114.133781,22.549362,0,6
24835,13:47:58,114.131729,22.550402,0,20
24835,13:48:58,114.129097,22.550676,0,5
24835,13:49:24,114.128754,22.550497,1,9
24835,13:49:58,114.127098,22.549877,1,15
24835,13:50:49,114.127098,22.549877,1,0
24835,13:50:58,114.125969,22.552452,1,0
24835,13:51:58,114.124962,22.553885,1,50
24835,13:52:58,114.120445,22.559532,1,55
24835,13:53:58,114.118408,22.564428,1,39
24835,13:54:05,114.120445,22.559532,1,0
24835,13:54:57,114.117775,22.571171,1,53
24835,13:55:57,114.1166,22.577238,1,29
24835,13:56:58,114.113899,22.576651,1,34
24835,13:57:58,114.107643,22.575228,1,43
24835,13:58:58,114.100067,22.570763,1,54
24835,13:59:58,114.094505,22.568436,1,16
24835,14:00:58,114.091232,22.567633,1,17
24835,14:01:58,114.087318,22.566912,1,32
24835,14:02:58,114.08477,22.570383,1,32
24835,14:03:55,114.083542,22.571627,0,0
24835,14:03:58,114.083542,22.57163,0,0
24835,14:04:13,114.08477,22.570383,1,0
24835,14:04:58,114.083473,22.57168,0,0
24835,14:05:57,114.083473,22.57168,0,0
24835,14:05:58,114.083473,22.571672,0,0
24835,14:06:10,114.083298,22.571753,1,19
24835,14:06:58,114.083397,22.573029,1,0
24835,14:07:58,114.083427,22.573021,1,0
24835,14:08:58,114.085159,22.572792,1,35
24835,14:09:58,114.090553,22.571657,1,27
24835,14:10:58,114.094696,22.572399,1,24
24835,14:11:58,114.09819,22.575031,1,37
24835,14:12:58,114.099007,22.577675,1,21
24835,14:13:58,114.101578,22.581432,1,31
24835,14:14:22,114.099007,22.577675,1,0
24835,14:14:58,114.103592,22.581442,1,0
24835,14:15:58,114.104507,22.579468,1,14
24835,14:16:33,114.104599,22.579103,0,0
24835,14:16:57,114.10495,22.578165,0,0
24835,14:17:57,114.106384,22.575459,0,67
24835,14:18:57,114.107727,22.571293,0,13
24835,14:19:57,114.107712,22.56962,0,11
24835,14:20:00,114.107735,22.569469,1,24
24835,14:20:57,114.107475,22.567247,1,4
24835,14:21:05,114.107735,22.569469,1,0
24835,14:21:57,114.106804,22.563082,1,22
24835,14:22:57,114.106895,22.561487,1,50
24835,14:23:57,114.108391,22.55864,1,50
24835,14:24:30,114.106895,22.561487,1,0
24835,14:24:57,114.109734,22.554789,1,18
24835,14:25:57,114.109924,22.551323,1,58
24835,14:26:57,114.109795,22.546057,1,38
24835,14:27:57,114.110176,22.543112,1,0
24835,14:28:57,114.110252,22.542286,1,10
24835,14:29:57,114.110184,22.54213,1,0
24835,14:30:57,114.110168,22.541998,1,11
24835,14:31:57,114.111748,22.538685,1,39
24835,14:32:57,114.1129,22.535852,1,4
24835,14:33:40,114.112823,22.53606,0,0
24835,14:33:57,114.112755,22.536108,0,0
24835,14:34:38,114.112823,22.53606,0,0
24835,14:34:57,114.112625,22.535976,0,0
24835,14:35:13,114.11264,22.536016,1,5
24835,14:35:57,114.111839,22.537701,1,33
24835,14:36:14,114.11264,22.536016,1,0
24835,14:36:57,114.111084,22.542742,1,1
24835,14:37:57,114.111122,22.543146,1,0
24835,14:38:57,114.11087,22.543978,1,4
24835,14:39:57,114.11084,22.544113,1,0
24835,14:40:57,114.110168,22.543722,1,9
24835,14:41:57,114.110115,22.54285,1,2
24835,14:42:57,114.110619,22.538691,1,22
24835,14:43:57,114.109055,22.537838,1,0
24835,14:44:12,114.108948,22.53779,0,0
24835,14:44:47,114.110619,22.538691,1,0
24835,14:44:56,114.108704,22.537762,1,28
24835,14:45:56,114.106201,22.53895,1,39
24835,14:46:57,114.106178,22.541346,1,0
24835,14:47:12,114.106163,22.541332,0,2
24835,14:47:57,114.104698,22.540205,0,16
24835,14:48:57,114.104584,22.539324,0,3
24835,14:49:16,114.104546,22.539774,1,17
24835,14:49:57,114.104538,22.540274,1,0
24835,14:50:57,114.105515,22.541248,1,24
24835,14:51:22,114.104538,22.540274,1,0
24835,14:51:57,114.106506,22.541372,1,20
24835,14:52:57,114.10714,22.541407,1,14
24835,14:53:57,114.108994,22.541595,1,9
24835,14:54:55,114.10714,22.541407,1,0
24835,14:54:57,114.1091,22.541683,1,0
24835,14:55:57,114.110481,22.541882,1,14
24835,14:56:57,114.110764,22.545843,1,44
24835,14:57:57,114.11055,22.547079,1,0
24835,14:58:57,114.110321,22.549896,1,32
24835,14:59:24,114.110191,22.550711,0,2
24835,14:59:57,114.109909,22.552355,0,38
24835,15:00:57,114.109787,22.553671,0,9
24835,15:01:57,114.112076,22.55312,0,28
24835,15:03:25,114.113091,22.549894,1,13
24835,15:03:57,114.112045,22.548262,1,7
24835,15:04:57,114.110847,22.547594,1,0
24835,15:05:03,114.112045,22.548262,1,0
24835,15:05:57,114.109863,22.547216,1,23
24835,15:06:30,114.112045,22.548262,1,0
24835,15:06:57,114.110184,22.543768,1,11
24835,15:07:57,114.110298,22.542191,1,9
24835,15:08:57,114.1101,22.538027,1,34
24835,15:09:57,114.104744,22.537823,1,33
24835,15:10:57,114.097557,22.538231,1,60
24835,15:11:57,114.088333,22.537666,1,56
24835,15:12:57,114.079811,22.536369,1,19
24835,15:13:57,114.077377,22.532763,1,34
24835,15:14:57,114.070602,22.531906,1,51
24835,15:15:12,114.077377,22.532763,1,0
24835,15:15:57,114.058823,22.531679,1,73
24835,15:16:57,114.050369,22.531593,1,42
24835,15:17:57,114.044693,22.533255,1,29
24835,15:18:57,114.043083,22.534517,1,21
24835,15:19:43,114.04258,22.534208,0,0
24835,15:19:57,114.042572,22.53421,0,0
24835,15:20:52,114.04232,22.533928,1,14
24835,15:20:57,114.042473,22.534058,1,16
24835,15:21:38,114.042572,22.53421,0,0
24835,15:21:57,114.044647,22.533089,1,32
24835,15:22:57,114.044395,22.540327,1,52
24835,15:23:57,114.04435,22.549023,1,14
24835,15:25:20,114.044395,22.540327,1,0
24835,15:25:57,114.044228,22.553192,1,48
24835,15:26:57,114.043472,22.557587,1,27
24835,15:28:57,114.036377,22.566427,1,19
24835,15:29:57,114.032967,22.570873,1,39
24835,15:30:57,114.031624,22.570084,1,16
24835,15:31:20,114.0317,22.569939,0,0
24835,15:31:57,114.032089,22.569244,0,13
24835,15:32:57,114.033722,22.569862,0,4
24835,15:33:38,114.03299,22.570782,1,19
24835,15:33:57,114.034142,22.569405,1,46
24835,15:34:57,114.035042,22.568258,1,0
24835,15:35:29,114.034142,22.569405,1,0
24835,15:35:57,114.035156,22.568026,1,9
24835,15:36:47,114.035042,22.568258,1,0
24835,15:36:57,114.033089,22.565832,1,0
24835,15:37:57,114.032913,22.565422,1,0
24835,15:38:57,114.032784,22.564854,1,16
24835,15:39:57,114.031281,22.562492,1,29
24835,15:40:57,114.023972,22.560772,1,46
24835,15:41:57,114.014069,22.560043,1,64
24835,15:42:57,114.006317,22.557096,1,41
24835,15:43:57,113.997887,22.55588,1,66
24835,15:44:57,113.988304,22.559168,1,54
24835,15:45:37,113.997887,22.55588,1,0
24835,15:45:57,113.97773,22.557495,1,44
24835,15:46:57,113.96962,22.557947,1,43
24835,15:47:57,113.96244,22.55821,1,41
24835,15:48:57,113.96106,22.563072,1,59
24835,15:49:57,113.959816,22.564749,1,13
24835,15:50:32,113.959351,22.564905,0,0
24835,15:50:57,113.958649,22.565092,0,7
24835,15:51:55,113.959351,22.564905,0,0
24835,15:51:57,113.959633,22.564795,0,0
24835,15:52:57,113.960144,22.564663,0,0
24835,15:53:36,113.961845,22.564173,1,21
24835,15:53:57,113.963715,22.563772,1,41
24835,15:54:57,113.966423,22.56295,1,0
24835,15:55:45,113.963715,22.563772,1,0
24835,15:55:57,113.967316,22.563656,1,36
24835,15:56:57,113.972221,22.565491,1,43
24835,15:57:57,113.975533,22.563437,1,0
24835,15:58:04,113.975533,22.563433,0,0
24835,15:58:52,113.975655,22.563337,1,17
24835,15:58:56,113.975876,22.563211,1,28
24835,15:59:56,113.977608,22.562292,1,0
24835,16:00:56,113.983765,22.560448,1,70
24835,16:01:57,113.993683,22.556967,1,43
24835,16:02:57,114.000931,22.55579,1,53
24835,16:03:57,114.008987,22.557993,1,42
24835,16:04:57,114.013412,22.56078,1,31
24835,16:05:54,114.008987,22.557993,1,0
24835,16:05:57,114.014511,22.564121,1,25
24835,16:06:57,114.013313,22.566923,1,10
24835,16:07:04,114.013412,22.56078,1,0
24835,16:07:57,114.012459,22.568356,1,21
24835,16:12:57,114.013908,22.590597,1,69
24835,16:13:57,114.022278,22.592209,1,48
24835,16:14:57,114.026581,22.599627,1,73
24835,16:15:57,114.024071,22.604427,1,48
24835,16:16:02,114.022278,22.592209,1,0
24835,16:16:57,114.028214,22.611238,1,44
24835,16:17:57,114.026817,22.613001,1,0
24835,16:18:09,114.026825,22.612993,0,0
24835,16:22:12,114.028214,22.611238,1,0
24835,16:23:10,114.022041,22.60681,1,74
24835,16:24:11,114.025703,22.601694,1,68
24835,16:25:11,114.021027,22.593344,1,77
24835,16:26:10,114.025703,22.601694,1,0
24835,16:26:11,114.009651,22.590197,1,87
24835,16:27:11,113.996307,22.589367,1,66
24835,16:28:11,113.984642,22.586388,1,94
24835,16:29:11,113.970352,22.585154,1,85
24835,16:31:11,113.963699,22.56426,1,81
24835,16:32:11,113.954285,22.565092,1,48
24835,16:33:11,113.952774,22.564568,1,43
24835,16:34:11,113.952812,22.561987,1,51
24835,16:35:11,113.95137,22.55723,1,31
24835,16:36:11,113.946617,22.555668,1,45
24835,16:36:19,113.952812,22.561987,1,0
24835,16:37:11,113.936432,22.555508,1,73
24835,16:37:20,113.95137,22.55723,1,0
24835,16:38:11,113.924576,22.555487,1,57
24835,16:39:11,113.913948,22.554462,1,69
24835,16:41:11,113.897774,22.551109,1,67
24835,16:42:11,113.889809,22.558851,1,73
24835,16:43:11,113.885742,22.562866,1,46
24835,16:44:11,113.885132,22.566002,1,0
24835,16:44:25,113.885155,22.566006,0,0
24835,16:45:11,113.885963,22.56683,0,9
24835,16:46:11,113.888695,22.564663,0,31
24835,16:46:27,113.885963,22.56683,0,0
24835,16:47:11,113.892906,22.566023,0,47
24835,16:48:11,113.895996,22.56913,0,0
24835,16:49:11,113.895981,22.569117,0,0
24835,16:50:11,113.896301,22.569454,0,9
24835,16:51:11,113.89357,22.572517,0,30
24835,16:52:11,113.892311,22.573723,0,22
24835,16:52:29,113.89357,22.572517,0,0
24835,16:53:11,113.891541,22.575008,0,28
24835,16:53:57,113.894165,22.577023,1,21
24835,16:54:11,113.895248,22.575994,1,49
24835,16:55:11,113.893257,22.573143,1,0
24835,16:56:11,113.895317,22.570667,1,26
24835,16:56:36,113.893257,22.573143,1,0
24835,16:57:11,113.893394,22.567762,1,47
24835,16:58:11,113.895309,22.564125,1,71
24835,16:59:11,113.903236,22.557777,1,74
24835,17:00:11,113.907188,22.552402,1,31
24835,17:04:11,113.945374,22.555269,1,82
24835,17:05:11,113.955597,22.55628,1,24
24835,17:06:11,113.958679,22.55644,1,19
24835,17:06:44,113.955597,22.55628,1,0
24835,17:07:11,113.962723,22.55686,1,27
24835,17:07:37,113.958679,22.55644,1,0
24835,17:08:11,113.966042,22.557463,1,16
24835,17:09:11,113.96907,22.557472,1,16
24835,17:10:11,113.972122,22.556887,1,16
24835,17:11:11,113.976021,22.556805,1,37
24835,17:12:11,113.984474,22.558554,1,65
24835,17:13:11,113.99279,22.557333,1,18
24835,17:14:11,113.99855,22.555635,1,49
24835,17:15:11,114.003777,22.555887,1,39
24835,17:16:11,114.012161,22.55937,1,81
24835,17:16:53,113.99855,22.555635,1,0
24835,17:17:11,114.022652,22.560244,1,51
24835,17:18:11,114.026703,22.558527,1,46
24835,17:19:11,114.029083,22.556868,1,15
24835,17:20:11,114.029976,22.557043,1,0
24835,17:21:11,114.030502,22.555708,1,38
24835,17:22:11,114.031258,22.554655,1,0
24835,17:22:45,113.99855,22.555635,1,0
24835,17:23:11,114.030174,22.555546,0,11
24835,17:24:11,114.029625,22.555613,0,0
24835,17:25:11,114.029526,22.555664,0,0
24835,17:25:38,114.029427,22.555637,1,8
24835,17:26:11,114.027443,22.555799,1,8
24835,17:27:02,114.029083,22.556868,1,0
24835,17:27:11,114.028572,22.556337,1,0
24835,17:28:11,114.028542,22.556364,1,0
24835,17:29:11,114.029228,22.55653,1,21
24835,17:31:11,114.029831,22.561365,1,67
24835,17:32:11,114.036331,22.5627,1,27
24835,17:33:11,114.039978,22.56336,1,28
24835,17:34:11,114.046989,22.564947,1,35
24835,17:35:11,114.052132,22.564793,1,41
24835,17:36:11,114.057358,22.565844,1,17
24835,17:37:10,114.052132,22.564793,1,0
24835,17:37:11,114.062088,22.56819,1,38
24835,17:37:54,114.057358,22.565844,1,0
24835,17:38:11,114.0672,22.568884,1,32
24835,17:39:11,114.073753,22.570539,1,42
24835,17:40:11,114.078911,22.572435,1,35
24835,17:41:11,114.083519,22.570379,1,4
24835,17:42:11,114.085037,22.569485,1,19
24835,17:43:11,114.087395,22.566668,1,30
24835,17:44:11,114.09272,22.567762,1,32
24835,17:45:11,114.099007,22.569677,1,65
24835,17:46:11,114.103622,22.570244,1,1
24835,17:47:10,114.103821,22.569292,1,41
24835,17:47:19,114.099007,22.569677,1,0
24835,17:48:10,114.103874,22.565378,1,20
24835,17:49:10,114.104034,22.562422,1,27
24835,17:50:10,114.104218,22.562067,1,0
24835,17:51:10,114.104271,22.56209,1,0
24835,17:52:10,114.105743,22.561977,1,21
24835,17:53:02,114.104271,22.56209,1,0
24835,17:54:10,114.11248,22.566193,1,67
24835,17:55:10,114.121315,22.569057,1,8
24835,17:56:10,114.122337,22.569351,1,6
24835,17:57:10,114.122467,22.569881,1,4
24835,17:57:27,114.121315,22.569057,1,0
24835,17:58:10,114.1222,22.570581,1,0
24835,17:59:10,114.12207,22.570763,1,0
24835,18:00:10,114.122063,22.571011,1,4
24835,18:01:10,114.122078,22.571634,1,1
24835,18:02:10,114.121727,22.574741,1,26
24835,18:03:10,114.123192,22.576395,1,13
24835,18:04:00,114.129211,22.577547,0,81
24835,18:04:10,114.131111,22.577538,0,66
24835,18:05:10,114.134399,22.576292,0,0
24835,18:06:10,114.13488,22.576147,0,0
24835,18:07:10,114.134903,22.576172,0,0
24835,18:07:36,114.134399,22.576292,0,0
24835,18:08:10,114.134987,22.576143,0,21
24835,18:08:11,114.13488,22.576147,0,0
24835,18:09:10,114.137482,22.575212,0,8
24835,18:10:10,114.137733,22.575312,0,0
24835,18:11:10,114.137779,22.575329,0,0
24835,18:12:10,114.139275,22.575764,0,29
24835,18:13:10,114.141113,22.582348,0,43
24835,18:14:10,114.145859,22.586674,0,63
24835,18:15:10,114.150375,22.591953,0,48
24835,18:21:10,114.159378,22.600843,0,5
24835,18:22:10,114.160011,22.601561,0,13
24835,18:23:10,114.160553,22.602707,0,11
24835,18:23:19,114.159378,22.600843,0,0
24835,18:23:55,114.1605,22.603819,0,0
24835,18:26:52,114.1605,22.603819,0,0
24835,18:37:01,114.1605,22.603819,0,0
24835,18:37:28,114.1605,22.603819,0,0
24835,18:39:05,114.160507,22.603825,0,0
24835,18:40:05,114.159569,22.601084,0,44
24835,18:41:05,114.154701,22.596897,0,37
24835,18:42:05,114.15094,22.593092,0,47
24835,18:43:05,114.148834,22.588791,0,39
24835,18:44:05,114.144928,22.584835,0,32
24835,18:45:05,114.140961,22.580402,0,43
24835,18:46:05,114.139847,22.578108,0,0
24835,18:47:05,114.139122,22.575804,0,0
24835,18:47:10,114.139847,22.578108,0,0
24835,18:48:05,114.139107,22.575794,0,0
24835,18:49:05,114.138603,22.574383,0,52
24835,18:50:05,114.13755,22.571041,0,0
24835,18:50:10,114.137573,22.570957,1,17
24835,18:51:05,114.137764,22.56982,1,17
24835,18:52:05,114.136795,22.567871,1,16
24835,18:52:36,114.137764,22.56982,1,0
24835,18:53:05,114.135483,22.566236,1,43
24835,18:54:05,114.132118,22.562321,1,0
24835,18:55:05,114.128906,22.557491,1,59
24835,18:56:05,114.128372,22.556696,1,0
24835,18:57:05,114.129547,22.555536,1,17
24835,18:57:18,114.128372,22.556696,1,0
24835,18:58:05,114.130013,22.552254,1,27
24835,18:59:05,114.128975,22.550657,1,7
24835,19:00:05,114.127556,22.549887,1,0
24835,19:00:12,114.127525,22.549887,0,1
24835,19:01:05,114.128212,22.550226,0,0
24835,19:02:05,114.129227,22.550577,0,2
24835,19:03:05,114.129158,22.550827,0,2
24835,19:05:05,114.127319,22.549719,0,1
24835,19:06:05,114.127235,22.549671,0,0
24835,19:06:33,114.12719,22.549667,1,2
24835,19:07:05,114.126877,22.5497,1,8
24835,19:07:27,114.12719,22.549667,1,0
24835,19:07:44,114.126877,22.5497,1,0
24835,19:08:05,114.125969,22.549603,1,0
24835,19:09:05,114.125893,22.549639,1,0
24835,19:10:05,114.125862,22.549709,1,0
24835,19:11:05,114.125977,22.549719,1,0
24835,19:12:05,114.125778,22.548901,1,8
24835,19:13:05,114.125847,22.548862,1,0
24835,19:14:05,114.125854,22.54847,1,3
24835,19:16:05,114.125877,22.548378,1,0
24835,19:17:05,114.125893,22.548178,1,8
24835,19:17:35,114.125854,22.54847,1,0
24835,19:20:05,114.135223,22.549187,0,0
24835,19:21:05,114.132965,22.546202,0,52
24835,19:22:05,114.127487,22.543291,0,35
24835,19:22:53,114.125893,22.548178,1,0
24835,19:23:05,114.126472,22.542364,0,0
24835,19:24:05,114.123947,22.540771,0,43
24835,19:25:05,114.12075,22.539078,0,0
24835,19:26:05,114.119247,22.538218,0,18
24835,19:26:49,114.117325,22.536753,1,9
24835,19:27:05,114.117088,22.536657,1,5
24835,19:27:44,114.117325,22.536753,1,0
24835,19:28:05,114.114426,22.535719,1,6
24835,19:29:05,114.113945,22.538698,1,0
24835,19:30:05,114.113953,22.538851,1,16
24835,19:31:05,114.113525,22.542189,1,28
24835,19:32:05,114.113724,22.545008,1,8
24835,19:33:05,114.113693,22.545353,1,0
24835,19:34:05,114.113686,22.545666,1,3
24835,19:35:05,114.105606,22.544609,1,58
24835,19:36:05,114.099632,22.544502,1,27
24835,19:37:05,114.099571,22.548923,1,32
24835,19:37:39,114.099602,22.549217,0,0
24835,19:37:52,114.099632,22.544502,1,0
24835,19:38:01,114.099571,22.548923,1,0
24835,19:38:05,114.09951,22.549311,0,0
24835,19:39:05,114.09935,22.549429,0,0
24835,19:39:25,114.099304,22.549496,1,3
24835,19:40:05,114.099281,22.551489,1,4
24835,19:41:05,114.099579,22.551498,1,0
24835,19:42:05,114.099464,22.552465,1,33
24835,19:43:05,114.099464,22.554945,1,0
24835,19:44:05,114.100235,22.555105,1,13
24835,19:45:05,114.101959,22.556011,1,1
24835,19:46:05,114.101936,22.556173,1,3
24835,19:46:08,114.102036,22.556131,0,8
24835,19:46:57,114.103882,22.555677,1,1
24835,19:47:04,114.103966,22.555651,1,8
24835,19:48:01,114.103966,22.555651,1,0
24835,19:48:05,114.104218,22.553844,1,1
24835,19:49:05,114.105942,22.553444,1,10
24835,19:50:05,114.105919,22.552883,1,24
24835,19:51:05,114.107307,22.550913,1,31
24835,19:52:05,114.107941,22.547346,1,0
24835,19:53:05,114.10952,22.546768,1,39
24835,19:53:10,114.107307,22.550913,1,0
24835,19:54:05,114.11026,22.542088,1,0
24835,19:55:05,114.110229,22.541998,1,0
24835,19:56:05,114.110847,22.537872,1,48
24835,19:57:05,114.111023,22.535097,1,35
24835,19:58:05,114.113884,22.531858,1,21
24835,19:58:09,114.111023,22.535097,1,0
24835,20:00:47,114.11499,22.533546,1,24
24835,20:01:04,114.115471,22.534847,1,41
24835,20:02:04,114.118683,22.537407,1,42
24835,20:03:05,114.123474,22.540493,1,57
24835,20:04:05,114.125671,22.541933,1,45
24835,20:05:05,114.125992,22.544691,1,0
24835,20:06:05,114.125908,22.545273,1,29
24835,20:07:05,114.125999,22.547558,1,0
24835,20:08:05,114.126007,22.54907,1,38
24835,20:08:18,114.125999,22.547558,1,0
24835,20:09:05,114.127068,22.549976,1,13
24835,20:10:05,114.12825,22.5502,1,0
24835,20:11:05,114.128471,22.550348,1,0
24835,20:12:05,114.128471,22.550377,1,0
24835,20:13:05,114.129372,22.550863,1,0
24835,20:13:31,114.129364,22.550873,0,0
24835,20:14:05,114.129425,22.550907,0,0
24835,20:14:15,114.129433,22.550919,1,2
24835,20:15:05,114.12944,22.551241,1,3
24835,20:16:05,114.130234,22.553747,1,12
24835,20:17:05,114.127487,22.555262,1,52
24835,20:18:05,114.12191,22.557142,1,71
24835,20:18:26,114.127487,22.555262,1,0
24835,20:19:05,114.118927,22.562513,1,38
24835,20:20:05,114.118095,22.56838,1,30
24835,20:21:05,114.118042,22.570818,1,14
24835,20:21:22,114.118912,22.570799,0,18
24835,20:22:05,114.120049,22.570959,0,14
24835,20:23:05,114.119728,22.56871,0,39
24835,20:23:27,114.120049,22.570959,0,0
24835,20:24:05,114.117287,22.568308,0,14
24835,20:25:05,114.11412,22.563408,0,54
24835,20:25:44,114.114372,22.562035,1,12
24835,20:26:05,114.114906,22.5602,1,39
24835,20:27:05,114.115509,22.554882,1,45
24835,20:28:05,114.116951,22.551392,1,0
24835,20:28:35,114.115509,22.554882,1,0
24835,20:29:05,114.11702,22.551022,1,11
24835,20:30:05,114.116661,22.549833,1,0
24835,20:30:15,114.116699,22.549852,0,1
24835,20:31:04,114.116707,22.54916,0,1
24835,20:31:24,114.116684,22.549124,1,6
24835,20:32:04,114.116936,22.54796,1,15
24835,20:33:05,114.117111,22.546991,1,7
24835,20:34:05,114.117867,22.544004,1,0
24835,20:35:05,114.117935,22.543961,1,0
24835,20:36:05,114.1175,22.546061,1,39
24835,20:37:05,114.117165,22.54627,1,0
24835,20:38:05,114.117157,22.546335,1,14
24835,20:38:35,114.117165,22.54627,1,0
24835,20:38:43,114.117165,22.54627,1,0
24835,20:39:05,114.116913,22.549904,1,0
24835,20:40:05,114.117554,22.551291,1,37
24835,20:41:05,114.119362,22.554319,1,9
24835,20:41:51,114.120056,22.554054,0,0
24835,20:42:05,114.120125,22.554037,0,0
24835,20:42:40,114.120193,22.554035,1,3
24835,20:43:05,114.119881,22.554117,1,3
24835,20:44:05,114.123825,22.55831,1,43
24835,20:45:05,114.127861,22.55686,1,1
24835,20:46:05,114.129463,22.555319,1,2
24835,20:49:05,114.129509,22.555288,0,8
24835,20:50:05,114.128563,22.556231,0,0
24835,20:51:05,114.126091,22.553272,0,27
24835,20:52:05,114.123802,22.552338,0,12
24835,20:52:46,114.122887,22.552078,1,8
24835,20:53:05,114.122406,22.552013,1,2
24835,20:53:44,114.122887,22.552078,1,0
24835,20:54:05,114.119324,22.552122,1,24
24835,20:55:05,114.118103,22.552668,1,4
24835,20:56:05,114.118927,22.553875,1,1
24835,20:57:05,114.121452,22.557236,1,32
24835,20:58:05,114.114449,22.55884,1,75
24835,20:59:00,114.121452,22.557236,1,0
24835,20:59:05,114.103233,22.558716,1,29
24835,21:00:05,114.099274,22.559397,1,41
24835,21:01:05,114.099396,22.561226,1,0
24835,21:02:05,114.09906,22.561514,1,22
24835,21:03:05,114.096954,22.561468,1,0
24835,21:03:15,114.096924,22.56142,0,1
24835,21:03:32,114.097168,22.561447,1,17
24835,21:04:04,114.097923,22.561443,1,0
24835,21:05:04,114.097969,22.561558,1,0
24835,21:06:04,114.098473,22.561428,1,0
24835,21:07:04,114.098473,22.561504,1,0
24835,21:08:05,114.09903,22.56147,1,0
24835,21:08:54,114.098473,22.561504,1,0
24835,21:09:05,114.099091,22.561497,1,0
24835,21:09:09,114.09903,22.56147,1,0
24835,21:10:04,114.099403,22.559948,1,44
24835,21:11:04,114.099205,22.559082,1,0
24835,21:12:04,114.099266,22.55854,1,17
24835,21:13:04,114.102631,22.55854,1,15
24835,21:14:04,114.108505,22.558628,1,67
24835,21:15:04,114.117455,22.55884,1,25
24835,21:16:04,114.121162,22.557703,1,41
24835,21:17:04,114.126205,22.558222,1,35
24835,21:18:04,114.128639,22.55616,1,21
24835,21:19:04,114.130219,22.554317,1,23
24835,21:19:18,114.128639,22.55616,1,0
24835,21:20:04,114.13044,22.552965,1,1
24835,21:21:04,114.13044,22.55291,1,0
24835,21:22:04,114.130234,22.552458,1,4
24835,21:24:02,114.130234,22.552458,1,0
24835,21:24:04,114.130104,22.551878,1,2
24835,21:25:04,114.129807,22.551598,1,0
24835,21:26:04,114.129608,22.551327,1,1
24835,21:26:36,114.129456,22.55121,0,0
24835,21:27:04,114.129402,22.551123,0,1
24835,21:28:04,114.129524,22.550776,0,2
24835,21:29:04,114.129349,22.550808,0,0
24835,21:29:26,114.129524,22.550776,0,0
24835,21:30:04,114.129189,22.550768,0,1
24835,21:31:04,114.129021,22.550697,0,3
24835,21:32:04,114.12854,22.550358,0,1
24835,21:32:04,114.128532,22.55036,1,2
24835,21:33:04,114.126572,22.549524,1,0
24835,21:34:04,114.125916,22.552401,1,0
24835,21:35:04,114.124664,22.554213,1,39
24835,21:36:04,114.119812,22.560238,1,26
24835,21:37:04,114.118202,22.566444,1,32
24835,21:38:04,114.117767,22.571247,1,30
24835,21:39:04,114.115944,22.578215,1,46
24835,21:39:11,114.117767,22.571247,1,0
24835,21:39:35,114.117767,22.571247,1,0
24835,21:40:04,114.114639,22.581867,1,12
24835,21:41:04,114.115799,22.585022,1,31
24835,21:42:04,114.113914,22.587603,1,0
24835,21:43:04,114.117683,22.589041,1,32
24835,21:43:53,114.119003,22.590431,0,1
24835,21:44:04,114.118988,22.590448,0,0
24835,21:45:04,114.116112,22.588509,0,36
24835,21:46:04,114.114174,22.587378,0,14
24835,21:47:04,114.114601,22.585873,0,4
24835,21:48:04,114.112572,22.584576,0,45
24835,21:49:04,114.113701,22.583309,0,53
24835,21:49:43,114.112572,22.584576,0,0
24835,21:50:04,114.117432,22.575165,0,58
24835,21:51:04,114.1175,22.569305,0,22
24835,21:52:04,114.116249,22.567287,0,1
24835,21:53:04,114.115402,22.564854,0,49
24835,21:54:04,114.115631,22.557064,0,60
24835,21:54:19,114.115402,22.564854,0,0
24835,21:55:04,114.115303,22.554001,0,0
24835,21:56:04,114.116371,22.55208,0,30
24835,21:57:04,114.116425,22.550039,0,21
24835,21:58:04,114.116707,22.548725,0,0
24835,21:58:20,114.116722,22.548651,1,8
24835,21:59:04,114.116234,22.546577,1,49
24835,21:59:52,114.116722,22.548651,1,0
24835,22:00:04,114.113945,22.546146,1,5
24835,22:01:04,114.108597,22.545282,1,10
24835,22:02:04,114.109695,22.546055,1,42
24835,22:03:04,114.110107,22.542837,1,1
24835,22:04:04,114.110359,22.540472,1,29
24835,22:05:04,114.110802,22.53599,1,0
24835,22:06:04,114.11097,22.534502,1,30
24835,22:07:04,114.113991,22.531704,1,8
24835,22:08:37,114.114944,22.532139,1,31
24835,22:09:04,114.115051,22.534243,1,37
24835,22:10:00,114.114944,22.532139,1,0
24835,22:10:04,114.119797,22.538033,1,39
24835,22:11:04,114.124184,22.540895,1,17
24835,22:12:04,114.129189,22.543648,1,43
24835,22:13:04,114.129715,22.546795,1,6
24835,22:13:35,114.129715,22.54682,0,0
24835,22:14:04,114.129662,22.546844,0,2
24835,22:14:07,114.129662,22.546883,1,3
24835,22:15:04,114.126953,22.548147,1,28
24835,22:16:04,114.125885,22.551968,1,38
24835,22:17:04,114.125893,22.552423,1,0
24835,22:18:04,114.124695,22.552444,1,12
24835,22:19:01,114.123177,22.552059,0,0
24835,22:19:04,114.123169,22.552063,0,0
24835,22:20:04,114.122658,22.552061,0,6
24835,22:20:09,114.124695,22.552444,1,0
24835,22:20:30,114.122299,22.552162,1,6
24835,22:21:04,114.121071,22.552202,1,8
24835,22:22:04,114.119583,22.552082,1,16
24835,22:23:04,114.117867,22.551188,1,10
24835,22:24:04,114.116997,22.550907,1,20
24835,22:24:36,114.117867,22.551188,1,0
24835,22:25:04,114.116554,22.548979,1,1
24835,22:26:04,114.116501,22.54895,1,4
24835,22:27:04,114.116882,22.546883,1,1
24835,22:28:04,114.117172,22.545958,1,41
24835,22:29:04,114.117928,22.543814,1,12
24835,22:30:04,114.116241,22.543032,1,0
24835,22:30:17,114.117172,22.545958,1,0
24835,22:31:04,114.11618,22.542959,1,0
24835,22:32:04,114.114029,22.54257,1,35
24835,22:32:47,114.11277,22.542274,0,4
24835,22:33:04,114.11203,22.541967,0,21
24835,22:34:04,114.111275,22.542753,0,36
24835,22:35:04,114.112022,22.545486,0,12
24835,22:35:04,114.112022,22.545486,1,12
24835,22:36:04,114.117188,22.546577,1,26
24835,22:37:04,114.11956,22.547701,1,39
24835,22:38:04,114.122673,22.548389,1,0
24835,22:38:14,114.122673,22.548412,0,0
24835,22:38:44,114.122475,22.548243,1,23
24835,22:39:03,114.121429,22.547794,1,10
24835,22:39:44,114.122673,22.548412,0,0
24835,22:40:03,114.117821,22.546656,1,29
24835,22:40:26,114.121429,22.547794,1,0
24835,22:41:03,114.114037,22.5459,1,0
24835,22:42:03,114.107918,22.544893,1,42
24835,22:43:04,114.10688,22.54464,1,0
24835,22:44:04,114.101608,22.543751,1,39
24835,22:45:04,114.100021,22.543531,1,23
24835,22:46:04,114.099495,22.542313,1,0
24835,22:47:04,114.099533,22.541388,1,0
24835,22:48:04,114.09951,22.541258,1,2
24835,22:49:04,114.096298,22.538252,1,59
24835,22:50:04,114.087021,22.53763,1,49
24835,22:50:34,114.096298,22.538252,1,0
24835,22:51:04,114.086678,22.540176,1,17
24835,22:53:04,114.088669,22.541542,0,0
24835,22:53:36,114.088638,22.541727,1,6
24835,22:54:04,114.088737,22.543125,1,13
24835,22:54:53,114.088669,22.541542,0,0
24835,22:55:04,114.091324,22.543932,1,38
24835,22:56:04,114.091141,22.550062,1,42
24835,22:57:04,114.091095,22.551495,1,0
24835,22:58:04,114.091087,22.552534,1,53
24835,22:59:04,114.091019,22.557873,1,3
24835,23:00:04,114.08992,22.560545,1,11
24835,23:00:43,114.091019,22.557873,1,0
24835,23:01:04,114.087868,22.566402,1,46
24835,23:02:04,114.097,22.568939,1,66
24835,23:02:59,114.103233,22.572224,0,7
24835,23:03:04,114.103249,22.572227,0,0
24835,23:04:04,114.105316,22.573513,0,56
24835,23:04:23,114.106522,22.574224,1,22
24835,23:05:05,114.111046,22.576279,1,32
24835,23:06:05,114.118118,22.576067,1,23
24835,23:07:05,114.114662,22.581572,1,55
24835,23:08:05,114.112267,22.586046,1,37
24835,23:09:05,114.109894,22.593561,1,54
24835,23:10:01,114.112267,22.586046,1,0
24835,23:10:05,114.114487,22.601219,1,59
24835,23:10:51,114.109894,22.593561,1,0
24835,23:11:05,114.114143,22.601341,1,44
24835,23:12:05,114.113205,22.602797,1,58
24835,23:13:05,114.113365,22.603647,1,8
24835,23:14:05,114.113327,22.603903,1,0
24835,23:15:05,114.113251,22.604092,1,0
24835,23:16:05,114.113098,22.6045,1,0
24835,23:17:05,114.112457,22.60375,1,17
24835,23:17:46,114.112381,22.603567,0,5
24835,23:18:05,114.112358,22.603416,0,3
24835,23:19:05,114.111771,22.602604,0,23
24835,23:20:05,114.112366,22.601532,0,0
24835,23:20:59,114.111771,22.602604,0,0
24835,23:21:05,114.112503,22.599449,0,41
24835,23:22:05,114.109161,22.590446,0,80
24835,23:23:05,114.11348,22.583773,0,60
24835,23:23:58,114.115334,22.578936,1,22
24835,23:24:05,114.11557,22.578491,1,41
24835,23:25:05,114.107246,22.574978,1,75
24835,23:25:10,114.11348,22.583773,0,0
24835,23:26:05,114.096008,22.568783,1,87
24835,23:27:05,114.085052,22.563843,1,82
24835,23:28:05,114.080429,22.557371,1,21
24835,23:29:05,114.086868,22.558271,1,84
24835,23:30:05,114.090973,22.554285,1,0
24835,23:31:05,114.091003,22.552889,1,54
24835,23:31:08,114.086868,22.558271,1,0
24835,23:32:05,114.090988,22.550552,1,56
24835,23:33:05,114.088272,22.548948,1,0
24835,23:34:05,114.087868,22.547218,1,1
24835,23:35:05,114.087875,22.544588,1,4
24835,23:36:05,114.084312,22.543306,1,25
24835,23:37:05,114.084206,22.547197,1,23
24835,23:37:49,114.084145,22.548203,0,0
24835,23:38:05,114.084106,22.548527,0,31
24835,23:38:33,114.084145,22.549486,1,26
24835,23:39:05,114.085022,22.551601,1,48
24835,23:40:05,114.081306,22.551765,1,24
24835,23:40:18,114.084145,22.549486,1,0
24835,23:41:05,114.075935,22.551283,1,36
24835,23:41:16,114.085022,22.551601,1,0
24835,23:42:05,114.075912,22.54739,1,23
24835,23:43:05,114.068535,22.547703,1,36
24835,23:44:05,114.067833,22.547289,1,39
24835,23:45:05,114.068085,22.536898,1,80
24835,23:46:05,114.063766,22.531887,1,58
24835,23:47:05,114.062698,22.528028,1,15
24835,23:48:05,114.059769,22.527487,1,0
24835,23:49:05,114.058746,22.525667,1,27
24835,23:50:05,114.052795,22.525595,1,23
24835,23:51:05,114.051651,22.528307,1,6
24835,23:51:25,114.058746,22.525667,1,0
24835,23:52:05,114.052429,22.531284,0,34
24835,23:53:05,114.061897,22.531399,0,49
24835,23:54:05,114.06929,22.531494,0,51
24835,23:55:27,114.061897,22.531399,0,0
