22937,00:00:12,114.191269,22.64385,0,26
22937,00:01:07,114.196899,22.645517,0,37
22937,00:02:02,114.201668,22.649082,0,40
22937,00:02:57,114.201668,22.649082,0,0
22937,00:03:52,114.204964,22.651817,0,27
22937,00:04:47,114.2071,22.654551,0,22
22937,00:05:42,114.208969,22.656733,0,20
22937,00:06:37,114.208969,22.656733,0,0
22937,00:07:32,114.209282,22.6569,0,1
22937,00:08:27,114.209282,22.6569,0,0
22937,00:09:22,114.209282,22.6569,0,0
22937,00:10:17,114.209084,22.657133,0,3
22937,00:11:12,114.20507,22.652399,0,43
22937,00:12:07,114.204369,22.651733,0,4
22937,00:13:02,114.204369,22.651733,0,0
22937,00:13:57,114.204132,22.651382,0,1
22937,00:14:52,114.20137,22.64925,0,22
22937,00:15:47,114.20108,22.649082,0,0
22937,00:16:42,114.20108,22.649082,0,0
22937,00:17:37,114.200668,22.648733,0,1
22937,00:18:32,114.195068,22.64505,0,45
22937,00:19:27,114.19323,22.644617,0,10
22937,00:20:22,114.191933,22.644367,0,7
22937,00:21:17,114.191933,22.644367,0,0
22937,00:22:12,114.185951,22.6418,0,42
22937,00:23:07,114.179367,22.63835,0,50
22937,00:25:00,114.165314,22.635151,0,57
22937,00:25:13,114.162819,22.634083,0,76
22937,00:26:08,114.155983,22.628017,0,64
22937,00:27:03,114.148186,22.623167,0,66
22937,00:27:58,114.138367,22.622133,0,66
22937,00:28:52,114.133865,22.617666,0,45
22937,00:30:42,114.1353,22.615816,0,0
22937,00:31:38,114.1353,22.615816,0,0
22937,00:32:33,114.1353,22.615816,0,0
22937,00:33:28,114.1353,22.615816,0,0
22937,00:34:22,114.1353,22.615816,0,0
22937,00:35:18,114.1353,22.615816,0,0
22937,00:36:13,114.1353,22.615816,0,0
22937,00:37:08,114.1353,22.615816,0,0
22937,00:38:03,114.1353,22.615816,0,0
22937,00:38:58,114.1353,22.615816,0,0
22937,00:39:52,114.1353,22.615816,0,0
22937,00:40:48,114.1353,22.615816,0,0
22937,00:41:43,114.1353,22.615816,0,0
22937,00:42:38,114.1353,22.615816,0,0
22937,00:43:33,114.1353,22.615816,0,0
22937,00:44:28,114.1353,22.615816,0,0
22937,00:45:23,114.1353,22.615816,0,0
22937,00:47:13,114.1353,22.615816,0,0
22937,00:48:08,114.1353,22.615816,0,0
22937,00:49:03,114.1353,22.615816,0,0
22937,00:49:58,114.1353,22.615816,0,0
22937,00:51:48,114.1353,22.615816,0,0
22937,00:52:43,114.1353,22.615816,0,0
22937,00:53:38,114.1353,22.615816,0,0
22937,00:54:33,114.1353,22.615816,0,0
22937,00:55:28,114.1353,22.615816,0,0
22937,00:56:22,114.134781,22.616283,0,2
22937,00:57:18,114.133003,22.616867,0,16
22937,00:58:13,114.12677,22.610901,0,60
22937,00:59:08,114.120949,22.610332,0,49
22937,01:00:03,114.118629,22.610468,0,19
22937,01:00:58,114.111519,22.609568,0,48
22937,01:01:53,114.107933,22.610968,0,28
22937,01:02:48,114.107964,22.610817,0,1
22937,01:03:43,114.107964,22.610817,0,0
22937,01:04:38,114.107964,22.610817,0,0
22937,01:06:28,114.107964,22.610817,0,0
22937,01:07:23,114.107964,22.610817,0,0
22937,01:08:18,114.110115,22.609768,0,14
22937,01:09:13,114.107246,22.612383,0,26
22937,01:09:29,114.107185,22.612766,1,8
22937,01:10:24,114.105301,22.618999,1,45
22937,01:11:18,114.101898,22.625334,1,53
22937,01:12:14,114.101265,22.627518,1,15
22937,01:13:09,114.096786,22.632351,1,46
22937,01:14:04,114.094719,22.636467,1,28
22937,01:14:59,114.094032,22.637768,1,8
22937,01:15:54,114.086266,22.639668,1,59
22937,01:16:49,114.079681,22.643167,1,51
22937,01:17:44,114.077431,22.647284,1,37
22937,01:18:37,114.077332,22.6479,0,4
22937,01:20:27,114.070084,22.644432,0,46
22937,01:21:22,114.065552,22.642267,0,35
22937,01:22:17,114.062897,22.639032,0,30
22937,01:23:12,114.0625,22.63905,0,0
22937,01:24:07,114.058632,22.637966,0,27
22937,01:25:02,114.05587,22.636183,0,19
22937,01:25:57,114.055519,22.635468,0,4
22937,01:26:52,114.05558,22.629633,0,43
22937,01:27:47,114.055679,22.62265,0,49
22937,01:28:42,114.05545,22.6138,0,63
22937,01:29:37,114.051201,22.605101,0,71
22937,01:30:32,114.050163,22.6047,0,5
22937,01:31:27,114.04258,22.602983,0,52
22937,01:32:22,114.043182,22.6014,0,11
22937,01:33:17,114.043365,22.601049,0,1
22937,01:34:12,114.043365,22.601049,0,0
22937,01:35:07,114.043404,22.600983,0,0
22937,01:36:02,114.043404,22.600983,0,0
22937,01:36:57,114.043404,22.600983,0,0
22937,01:37:52,114.043404,22.600983,0,0
22937,01:38:47,114.043404,22.600983,0,0
22937,01:39:42,114.045486,22.59845,0,24
22937,01:40:37,114.043732,22.601383,0,25
22937,01:40:38,114.043732,22.601383,1,0
22937,01:41:33,114.04847,22.60425,1,43
22937,01:42:28,114.054085,22.607918,1,47
22937,01:43:23,114.054085,22.607918,1,0
22937,01:44:18,114.05587,22.615032,1,51
22937,01:45:13,114.055801,22.62085,1,39
22937,01:46:08,114.055748,22.624884,1,28
22937,01:47:03,114.055679,22.627216,1,15
22937,01:47:58,114.055534,22.633183,1,43
22937,01:48:53,114.055267,22.633484,1,1
22937,01:48:56,114.055267,22.633484,0,0
22937,01:49:50,114.05558,22.6359,0,19
22937,01:50:45,114.058617,22.63785,0,24
22937,01:52:35,114.062332,22.638849,0,0
22937,01:52:47,114.062332,22.638849,0,0
22937,01:53:42,114.065567,22.642183,0,32
22937,01:54:37,114.067451,22.643467,0,12
22937,01:55:32,114.072853,22.644934,0,38
22937,01:56:27,114.077003,22.6448,0,29
22937,01:57:22,114.081268,22.642082,0,33
22937,01:57:59,114.083519,22.6406,1,27
22937,01:58:54,114.090553,22.640333,1,48
22937,01:59:49,114.095917,22.633883,1,60
22937,02:00:44,114.096764,22.63085,1,24
22937,02:01:39,114.101036,22.626883,1,41
22937,02:02:34,114.102318,22.624268,1,18
22937,02:03:29,114.104118,22.622601,1,17
22937,02:04:24,114.104919,22.620434,1,13
22937,02:06:14,114.108017,22.611282,1,34
22937,02:07:09,114.111168,22.608282,1,29
22937,02:08:04,114.112396,22.60355,1,37
22937,02:08:59,114.112183,22.60285,1,1
22937,02:09:15,114.112129,22.602249,0,7
22937,02:09:39,114.112129,22.602249,1,0
22937,02:10:34,114.11245,22.603083,1,7
22937,02:11:29,114.112953,22.6043,1,8
22937,02:12:24,114.111687,22.607582,1,23
22937,02:13:19,114.11055,22.609318,1,13
22937,02:14:14,114.107246,22.612633,1,31
22937,02:15:09,114.106117,22.615801,1,22
22937,02:16:04,114.105103,22.620001,1,30
22937,02:16:59,114.1036,22.62335,1,25
22937,02:18:49,114.096581,22.632732,1,52
22937,02:19:44,114.094482,22.636883,1,30
22937,02:20:39,114.086586,22.6397,1,65
22937,02:21:34,114.080383,22.642651,1,45
22937,02:22:29,114.07708,22.648367,1,51
22937,02:23:24,114.073936,22.652933,1,39
22937,02:24:19,114.069031,22.657118,1,45
22937,02:25:14,114.067551,22.660133,1,24
22937,02:26:09,114.067551,22.660133,1,0
22937,02:27:04,114.063065,22.66135,1,29
22937,02:27:59,114.057953,22.663233,1,39
22937,02:28:54,114.059303,22.664333,1,9
22937,02:29:47,114.059303,22.664333,0,0
22937,02:30:36,114.059303,22.664333,1,0
22937,02:31:30,114.058235,22.662951,1,12
22937,02:32:25,114.064003,22.661283,1,43
22937,02:33:20,114.066818,22.660566,1,18
22937,02:34:15,114.069733,22.656349,1,37
22937,02:35:10,114.07415,22.652599,1,40
22937,02:36:05,114.077019,22.648466,1,36
22937,02:37:00,114.077332,22.64485,1,26
22937,02:37:55,114.081779,22.641733,1,37
22937,02:38:50,114.084213,22.640167,1,18
22937,02:39:45,114.086166,22.639549,1,13
22937,02:40:40,114.08947,22.64045,1,21
22937,02:41:35,114.095001,22.6357,1,53
22937,02:43:25,114.100914,22.627068,1,45
22937,02:44:20,114.103882,22.622868,1,35
22937,02:45:15,114.105919,22.616051,1,51
22937,02:46:10,114.107964,22.611217,1,36
22937,02:47:05,114.107964,22.611217,1,0
22937,02:48:00,114.111252,22.608067,1,30
22937,02:48:55,114.11293,22.604799,1,22
22937,02:49:50,114.111771,22.603718,1,9
22937,02:50:45,114.111237,22.603149,1,1
22937,02:51:20,114.111237,22.603149,0,0
22937,02:52:15,114.111481,22.602783,0,0
22937,02:53:10,114.112663,22.6043,0,10
22937,02:54:05,114.111633,22.607483,0,23
22937,02:55:00,114.107269,22.612284,0,44
22937,02:55:55,114.105965,22.616432,0,31
22937,02:56:50,114.105965,22.616432,0,0
22937,02:57:45,114.105965,22.616432,0,0
22937,02:58:40,114.105965,22.616432,0,0
22937,02:59:35,114.105965,22.616432,0,0
22937,03:00:30,114.105965,22.616432,0,0
22937,03:01:25,114.105965,22.616432,0,0
22937,03:02:20,114.105965,22.616432,0,0
22937,03:03:15,114.105965,22.616432,0,0
22937,03:04:10,114.105965,22.616432,0,0
22937,03:05:05,114.105965,22.616432,0,0
22937,03:06:00,114.105965,22.616432,0,0
22937,03:06:55,114.105965,22.616432,0,0
22937,03:07:50,114.105965,22.616432,0,0
22937,03:08:45,114.105721,22.6175,0,5
22937,03:09:40,114.105721,22.6175,0,0
22937,03:10:35,114.105721,22.6175,0,0
22937,03:11:30,114.105721,22.6175,0,0
22937,03:12:25,114.105721,22.6175,0,0
22937,03:13:20,114.105721,22.6175,0,0
22937,03:14:15,114.105721,22.6175,0,0
22937,03:16:05,114.105721,22.6175,0,0
22937,03:17:00,114.105721,22.6175,0,0
22937,03:17:55,114.105721,22.6175,0,0
22937,03:18:50,114.105721,22.6175,0,0
22937,03:19:45,114.105721,22.6175,0,0
22937,03:20:40,114.105721,22.6175,0,0
22937,03:21:35,114.105721,22.6175,0,0
22937,03:22:30,114.105721,22.6175,0,0
22937,03:23:25,114.105721,22.6175,0,0
22937,03:24:20,114.105721,22.6175,0,0
22937,03:25:15,114.105721,22.6175,0,0
22937,03:26:10,114.105721,22.6175,0,0
22937,03:27:05,114.105721,22.6175,0,0
22937,03:28:00,114.105721,22.6175,0,0
22937,03:28:55,114.105721,22.6175,0,0
22937,03:29:50,114.105721,22.6175,0,0
22937,03:30:45,114.105721,22.6175,0,0
22937,03:31:40,114.105721,22.6175,0,0
22937,03:32:35,114.105721,22.6175,0,0
22937,03:33:30,114.105721,22.6175,0,0
22937,03:34:25,114.105721,22.6175,0,0
22937,03:35:20,114.105721,22.6175,0,0
22937,03:37:10,114.105721,22.6175,0,0
22937,03:38:05,114.105721,22.6175,0,0
22937,03:39:00,114.105721,22.6175,0,0
22937,03:39:55,114.105721,22.6175,0,0
22937,03:40:50,114.105721,22.6175,0,0
22937,03:41:45,114.105721,22.6175,0,0
22937,03:42:40,114.105721,22.6175,0,0
22937,03:43:35,114.105721,22.6175,0,0
22937,03:44:30,114.105721,22.6175,0,0
22937,03:45:25,114.105721,22.6175,0,0
22937,03:46:20,114.105721,22.6175,0,0
22937,03:47:15,114.105721,22.6175,0,0
22937,03:48:10,114.105721,22.6175,0,0
22937,03:49:05,114.105721,22.6175,0,0
22937,03:50:00,114.105721,22.6175,0,0
22937,03:50:55,114.105721,22.6175,0,0
22937,03:51:50,114.105721,22.6175,0,0
22937,03:52:45,114.105721,22.6175,0,0
22937,03:53:40,114.105721,22.6175,0,0
22937,03:54:35,114.105721,22.6175,0,0
22937,03:55:30,114.105721,22.6175,0,0
22937,03:56:25,114.105721,22.6175,0,0
22937,03:57:20,114.105721,22.6175,0,0
22937,03:58:15,114.105721,22.6175,0,0
22937,03:59:10,114.105721,22.6175,0,0
22937,04:00:05,114.105721,22.6175,0,0
22937,04:01:00,114.105721,22.6175,0,0
22937,04:01:55,114.105721,22.6175,0,0
22937,04:02:50,114.105721,22.6175,0,0
22937,04:03:45,114.105721,22.6175,0,0
22937,04:04:40,114.105721,22.6175,0,0
22937,04:05:35,114.105721,22.6175,0,0
22937,04:06:30,114.105721,22.6175,0,0
22937,04:07:25,114.105721,22.6175,0,0
22937,04:08:20,114.105721,22.6175,0,0
22937,04:09:15,114.105721,22.6175,0,0
22937,04:10:10,114.105721,22.6175,0,0
22937,04:11:05,114.105721,22.6175,0,0
22937,04:12:00,114.105721,22.6175,0,0
22937,04:12:55,114.105721,22.6175,0,0
22937,04:13:50,114.105721,22.6175,0,0
22937,04:14:45,114.105721,22.6175,0,0
22937,04:15:40,114.105721,22.6175,0,0
22937,04:16:35,114.105721,22.6175,0,0
22937,04:17:30,114.105721,22.6175,0,0
22937,04:18:25,114.105721,22.6175,0,0
22937,04:19:20,114.105721,22.6175,0,0
22937,04:20:15,114.105721,22.6175,0,0
22937,04:21:10,114.105721,22.6175,0,0
22937,04:22:05,114.105721,22.6175,0,0
22937,04:23:00,114.105721,22.6175,0,0
22937,04:23:55,114.105721,22.6175,0,0
22937,04:24:50,114.105721,22.6175,0,0
22937,04:25:45,114.105721,22.6175,0,0
22937,04:26:40,114.105721,22.6175,0,0
22937,04:27:35,114.105721,22.6175,0,0
22937,04:28:30,114.105721,22.6175,0,0
22937,04:29:25,114.105721,22.6175,0,0
22937,04:30:20,114.105721,22.6175,0,0
22937,04:31:15,114.105721,22.6175,0,0
22937,04:32:10,114.105721,22.6175,0,0
22937,04:33:05,114.105721,22.6175,0,0
22937,04:34:00,114.105721,22.6175,0,0
22937,04:34:55,114.105721,22.6175,0,0
22937,04:35:50,114.105721,22.6175,0,0
22937,04:36:45,114.105721,22.6175,0,0
22937,04:37:40,114.105721,22.6175,0,0
22937,04:38:35,114.105721,22.6175,0,0
22937,04:39:30,114.105721,22.6175,0,0
22937,04:40:25,114.105721,22.6175,0,0
22937,04:41:20,114.105721,22.6175,0,0
22937,04:42:15,114.105721,22.6175,0,0
22937,04:43:10,114.105721,22.6175,0,0
22937,04:44:05,114.105721,22.6175,0,0
22937,04:45:00,114.105721,22.6175,0,0
22937,04:45:55,114.105721,22.6175,0,0
22937,04:46:50,114.105721,22.6175,0,0
22937,04:47:45,114.105721,22.6175,0,0
22937,04:48:40,114.105721,22.6175,0,0
22937,04:49:35,114.105721,22.6175,0,0
22937,04:50:30,114.105721,22.6175,0,0
22937,04:51:25,114.105721,22.6175,0,0
22937,04:52:20,114.105721,22.6175,0,0
22937,04:53:15,114.105721,22.6175,0,0
22937,04:54:10,114.105721,22.6175,0,0
22937,04:55:05,114.105721,22.6175,0,0
22937,04:56:00,114.105721,22.6175,0,0
22937,04:56:55,114.105721,22.6175,0,0
22937,04:57:50,114.105721,22.6175,0,0
22937,04:58:45,114.105721,22.6175,0,0
22937,04:59:40,114.105721,22.6175,0,0
22937,05:00:35,114.105721,22.6175,0,0
22937,05:01:30,114.105721,22.6175,0,0
22937,05:02:25,114.105721,22.6175,0,0
22937,05:03:20,114.105721,22.6175,0,0
22937,05:04:15,114.105721,22.6175,0,0
22937,05:05:10,114.105721,22.6175,0,0
22937,05:06:05,114.105721,22.6175,0,0
22937,05:07:00,114.105721,22.6175,0,0
22937,05:07:55,114.105721,22.6175,0,0
22937,05:08:50,114.105721,22.6175,0,0
22937,05:09:45,114.105721,22.6175,0,0
22937,05:10:40,114.105721,22.6175,0,0
22937,05:11:35,114.105721,22.6175,0,0
22937,05:12:30,114.105721,22.6175,0,0
22937,05:13:25,114.105721,22.6175,0,0
22937,05:14:20,114.105721,22.6175,0,0
22937,05:16:10,114.105721,22.6175,0,0
22937,05:17:05,114.105721,22.6175,0,0
22937,05:18:00,114.105721,22.6175,0,0
22937,05:18:55,114.105721,22.6175,0,0
22937,05:19:50,114.105721,22.6175,0,0
22937,05:21:40,114.105721,22.6175,0,0
22937,05:22:35,114.105721,22.6175,0,0
22937,05:23:30,114.105721,22.6175,0,0
22937,05:24:25,114.105721,22.6175,0,0
22937,05:25:20,114.105721,22.6175,0,0
22937,05:26:15,114.105721,22.6175,0,0
22937,05:27:10,114.105721,22.6175,0,0
22937,05:28:05,114.105721,22.6175,0,0
22937,05:29:00,114.105721,22.6175,0,0
22937,05:29:55,114.105721,22.6175,0,0
22937,05:30:50,114.105721,22.6175,0,0
22937,05:31:45,114.105721,22.6175,0,0
22937,05:32:40,114.105721,22.6175,0,0
22937,05:33:35,114.105721,22.6175,0,0
22937,05:34:30,114.105721,22.6175,0,0
22937,05:35:25,114.105721,22.6175,0,0
22937,05:36:20,114.105721,22.6175,0,0
22937,05:37:15,114.105721,22.6175,0,0
22937,05:38:10,114.105721,22.6175,0,0
22937,05:39:05,114.105721,22.6175,0,0
22937,05:40:00,114.105721,22.6175,0,0
22937,05:40:55,114.105721,22.6175,0,0
22937,05:41:50,114.105721,22.6175,0,0
22937,05:42:45,114.105721,22.6175,0,0
22937,05:43:40,114.105721,22.6175,0,0
22937,05:44:35,114.105721,22.6175,0,0
22937,05:45:30,114.105721,22.6175,0,0
22937,05:46:25,114.105721,22.6175,0,0
22937,05:47:20,114.105721,22.6175,0,0
22937,05:48:15,114.105721,22.6175,0,0
22937,05:49:10,114.105721,22.6175,0,0
22937,05:50:05,114.105721,22.6175,0,0
22937,05:51:00,114.105721,22.6175,0,0
22937,05:51:55,114.105721,22.6175,0,0
22937,05:52:50,114.105721,22.6175,0,0
22937,05:53:45,114.105721,22.6175,0,0
22937,05:54:40,114.105721,22.6175,0,0
22937,05:55:35,114.105721,22.6175,0,0
22937,05:56:30,114.105721,22.6175,0,0
22937,05:57:25,114.105721,22.6175,0,0
22937,05:58:20,114.105721,22.6175,0,0
22937,05:59:15,114.105721,22.6175,0,0
22937,06:00:10,114.105721,22.6175,0,0
22937,06:01:05,114.105721,22.6175,0,0
22937,06:02:00,114.105721,22.6175,0,0
22937,06:02:55,114.105721,22.6175,0,0
22937,06:03:50,114.105721,22.6175,0,0
22937,06:05:40,114.105721,22.6175,0,0
22937,06:06:35,114.105721,22.6175,0,0
22937,06:07:30,114.105721,22.6175,0,0
22937,06:08:25,114.105721,22.6175,0,0
22937,06:09:20,114.105721,22.6175,0,0
22937,06:10:15,114.105637,22.616983,0,29
22937,06:11:10,114.10585,22.615932,0,7
22937,06:12:05,114.107697,22.611366,0,34
22937,06:13:00,114.107567,22.610666,0,9
22937,06:13:55,114.107567,22.610666,0,0
22937,06:14:50,114.107567,22.610666,0,0
22937,06:16:40,114.107567,22.610666,0,0
22937,06:17:35,114.110847,22.6087,0,25
22937,06:18:28,114.111015,22.608517,1,11
22937,06:19:22,114.11158,22.609716,1,18
22937,06:20:17,114.120483,22.611616,1,62
22937,06:21:12,114.122536,22.613033,1,16
22937,06:22:07,114.125603,22.613417,1,21
22937,06:23:02,114.134048,22.610001,1,62
22937,06:23:57,114.137703,22.609167,1,23
22937,06:24:52,114.143219,22.609516,1,35
22937,06:25:47,114.145821,22.608967,1,20
22937,06:26:42,114.145401,22.6091,1,1
22937,06:26:43,114.14537,22.60915,0,23
22937,06:27:37,114.143715,22.609734,0,13
22937,06:27:41,114.143715,22.609734,1,0
22937,06:28:36,114.136833,22.609516,1,44
22937,06:29:31,114.129501,22.611217,1,50
22937,06:30:26,114.122002,22.616367,1,62
22937,06:31:21,114.118668,22.620983,1,41
22937,06:31:58,114.118668,22.620983,0,0
22937,06:32:53,114.119385,22.620449,0,7
22937,06:33:48,114.121201,22.624634,0,35
22937,06:34:43,114.123566,22.625668,0,20
22937,06:35:38,114.128853,22.62735,0,37
22937,06:36:33,114.13398,22.628099,0,47
22937,06:37:28,114.136734,22.621117,0,55
22937,06:38:23,114.133247,22.617149,0,37
22937,06:39:18,114.130302,22.613483,0,29
22937,06:40:13,114.124435,22.609501,0,48
22937,06:41:08,114.117851,22.605682,0,50
22937,06:42:03,114.116364,22.603901,0,14
22937,06:42:58,114.116699,22.600901,0,25
22937,06:43:53,114.11245,22.600533,0,33
22937,06:44:48,114.113152,22.604317,0,29
22937,06:45:43,114.113098,22.604334,0,3
22937,06:46:38,114.111534,22.6019,0,26
22937,06:47:33,114.1119,22.602484,0,3
22937,06:48:28,114.110947,22.602234,0,5
22937,06:49:23,114.109085,22.601999,0,9
22937,06:50:18,114.107201,22.601368,0,7
22937,06:51:13,114.108299,22.601566,0,7
22937,06:52:08,114.110497,22.60215,0,13
22937,06:53:03,114.111298,22.603582,0,5
22937,06:53:58,114.11232,22.603884,0,5
22937,06:54:53,114.112465,22.604183,0,2
22937,06:55:48,114.11248,22.606199,0,10
22937,06:56:43,114.112549,22.609783,0,23
22937,06:57:38,114.112549,22.610468,0,4
22937,06:57:45,114.112549,22.610468,1,0
22937,06:58:39,114.11245,22.608683,1,5
22937,06:59:34,114.112984,22.60475,1,28
22937,07:00:29,114.113014,22.602833,1,12
22937,07:00:39,114.112801,22.602467,0,14
22937,07:01:34,114.111649,22.601917,0,12
22937,07:02:29,114.112396,22.604,0,13
22937,07:03:24,114.112579,22.604349,0,2
22937,07:04:19,114.112518,22.6078,0,21
22937,07:05:14,114.112579,22.610666,0,18
22937,07:06:05,114.112579,22.611233,1,2
22937,07:06:59,114.11248,22.608868,1,15
22937,07:07:54,114.11158,22.609484,1,17
22937,07:08:49,114.118752,22.610416,1,48
22937,07:09:44,114.119904,22.61125,1,9
22937,07:10:39,114.122269,22.6129,1,18
22937,07:11:34,114.127968,22.617434,1,50
22937,07:12:29,114.13253,22.622633,1,48
22937,07:13:24,114.139183,22.627251,1,55
22937,07:14:19,114.141365,22.627518,1,13
22937,07:15:14,114.145767,22.632334,1,61
22937,07:16:09,114.15097,22.637983,1,57
22937,07:17:04,114.149651,22.642567,1,34
22937,07:17:59,114.145401,22.648067,1,48
22937,07:18:54,114.151917,22.6516,1,50
22937,07:19:49,114.151917,22.6516,1,0
22937,07:20:44,114.152679,22.652567,1,5
22937,07:21:39,114.156166,22.654367,1,26
22937,07:22:34,114.155197,22.655832,1,11
22937,07:22:52,114.155197,22.655832,0,0
22937,07:23:46,114.154266,22.653267,0,26
22937,07:24:41,114.152153,22.652384,0,15
22937,07:25:36,114.152153,22.652384,0,0
22937,07:26:31,114.151848,22.651817,0,1
22937,07:27:26,114.146286,22.648884,0,43
22937,07:28:21,114.145233,22.6481,0,10
22937,07:30:11,114.148567,22.643618,0,41
22937,07:31:06,114.150887,22.635717,0,60
22937,07:32:01,114.151733,22.62895,0,48
22937,07:32:56,114.15255,22.625532,0,25
22937,07:34:46,114.146065,22.622999,0,2
22937,07:35:41,114.142685,22.622667,0,19
22937,07:36:35,114.142685,22.622667,1,0
22937,07:37:30,114.1399,22.625549,1,28
22937,07:38:25,114.139168,22.629133,1,23
22937,07:41:10,114.138985,22.632883,1,9
22937,07:41:57,114.134933,22.632767,1,36
22937,07:43:40,114.131897,22.6304,0,13
22937,07:44:35,114.131897,22.6304,0,0
22937,07:45:30,114.131065,22.629368,0,13
22937,07:46:25,114.134102,22.628,0,27
22937,07:47:37,114.132202,22.622368,1,41
22937,07:48:32,114.129135,22.6189,1,30
22937,07:49:27,114.123169,22.615334,1,53
22937,07:50:20,114.12178,22.616716,0,12
22937,07:51:14,114.120049,22.621668,0,42
22937,07:52:00,114.121483,22.623318,1,19
22937,07:52:55,114.11882,22.620184,1,28
22937,07:53:50,114.116653,22.621082,1,14
22937,07:54:45,114.115547,22.618967,1,25
22937,07:55:40,114.115616,22.615032,1,28
22937,07:56:35,114.115585,22.612183,1,19
22937,07:57:30,114.115631,22.611517,1,3
22937,07:57:37,114.115631,22.611517,0,0
22937,07:57:40,114.115631,22.611517,1,0
22937,07:58:34,114.115799,22.606733,1,31
22937,07:59:29,114.117203,22.605167,1,15
22937,08:00:24,114.117203,22.605167,1,0
22937,08:01:19,114.120415,22.60685,1,23
22937,08:02:14,114.126915,22.610533,1,51
22937,08:03:09,114.130348,22.610901,1,23
22937,08:04:04,114.136314,22.609516,1,41
22937,08:04:59,114.142464,22.609383,1,41
22937,08:05:44,114.142464,22.609383,0,0
22937,08:06:39,114.145065,22.609699,0,14
22937,08:07:33,114.145065,22.609699,0,0
22937,08:08:28,114.145248,22.609768,0,0
22937,08:09:23,114.141281,22.610783,0,33
22937,08:10:18,114.140785,22.612133,0,6
22937,08:11:13,114.141167,22.611616,0,4
22937,08:12:08,114.141167,22.611616,0,0
22937,08:13:03,114.138817,22.609249,0,21
22937,08:13:58,114.13858,22.609266,0,1
22937,08:14:54,114.13858,22.609266,0,0
22937,08:15:16,114.13813,22.609318,1,2
22937,08:16:10,114.1343,22.610117,1,23
22937,08:17:05,114.132866,22.610434,1,9
22937,08:18:00,114.128136,22.612333,1,32
22937,08:18:55,114.12545,22.609983,1,34
22937,08:19:50,114.120964,22.610317,1,38
22937,08:20:45,114.120415,22.611,1,4
22937,08:21:40,114.120186,22.611233,1,0
22937,08:23:20,114.119331,22.606716,1,39
22937,08:24:15,114.117798,22.605383,1,13
22937,08:27:36,114.11615,22.602882,1,21
22937,08:28:31,114.117554,22.604733,1,16
22937,08:29:26,114.12027,22.606617,1,21
22937,08:30:21,114.126732,22.610399,1,51
22937,08:31:16,114.130234,22.61095,1,25
22937,08:32:12,114.136086,22.609617,1,38
22937,08:33:06,114.143219,22.609568,1,48
22937,08:34:01,114.147453,22.60935,1,27
22937,08:34:56,114.149635,22.608282,1,15
22937,08:35:51,114.149635,22.608282,1,0
22937,08:36:46,114.150436,22.608816,1,7
22937,08:37:42,114.151031,22.610867,1,12
22937,08:38:36,114.151314,22.614349,1,21
22937,08:41:36,114.151184,22.611517,1,13
22937,08:42:30,114.151398,22.612551,1,9
22937,08:43:25,114.15387,22.61385,1,20
22937,08:44:20,114.153267,22.616167,1,14
22937,08:45:15,114.150986,22.6187,1,29
22937,08:46:10,114.153099,22.622032,1,27
22937,08:47:06,114.155365,22.62505,1,23
22937,08:48:00,114.157852,22.626551,1,18
22937,08:48:55,114.161369,22.62875,1,30
22937,08:49:50,114.162399,22.62985,1,13
22937,08:50:12,114.162399,22.62985,0,0
22937,08:51:07,114.159615,22.6283,0,24
22937,08:52:02,114.159615,22.6283,0,0
22937,08:52:56,114.157082,22.625933,0,22
22937,08:53:51,114.154602,22.623983,0,18
22937,08:54:46,114.152153,22.62085,0,24
22937,08:55:42,114.151299,22.619749,0,8
22937,08:55:59,114.151299,22.619749,1,0
22937,08:56:54,114.150902,22.616833,1,13
22937,08:57:48,114.147766,22.615549,1,18
22937,08:58:43,114.145485,22.613899,1,17
22937,08:59:38,114.145103,22.611601,1,15
22937,09:00:33,114.145332,22.611099,1,3
22937,09:01:28,114.144951,22.609867,1,4
22937,09:01:49,114.143547,22.609667,0,17
22937,09:01:51,114.143318,22.609632,1,43
22937,09:02:46,114.137733,22.609367,1,38
22937,09:04:37,114.135582,22.6126,1,21
22937,09:05:31,114.134735,22.616301,1,28
22937,09:06:26,114.134651,22.6168,1,0
22937,09:07:21,114.134651,22.6168,1,0
22937,09:08:16,114.134651,22.6168,1,0
22937,09:09:12,114.135918,22.619083,1,16
22937,09:10:07,114.13578,22.619432,1,1
22937,09:11:01,114.13578,22.619432,1,0
22937,09:11:56,114.136414,22.620449,1,6
22937,09:13:46,114.136414,22.620449,1,0
22937,09:14:42,114.136902,22.622749,1,17
22937,09:15:37,114.133865,22.6285,1,46
22937,09:16:31,114.133865,22.6285,1,0
22937,09:18:22,114.132217,22.6299,1,0
22937,09:19:16,114.129951,22.631767,1,18
22937,09:20:12,114.125687,22.6369,1,46
22937,09:21:07,114.124252,22.644167,1,52
22937,09:22:01,114.121765,22.646933,1,25
22937,09:22:56,114.119286,22.649401,1,24
22937,09:24:46,114.122215,22.657967,1,24
22937,09:25:42,114.123886,22.662333,1,36
22937,09:26:37,114.123253,22.6626,1,4
22937,09:26:39,114.123253,22.6626,0,0
22937,09:27:34,114.120964,22.663033,0,14
22937,09:28:30,114.117447,22.669382,0,53
22937,09:29:25,114.117249,22.671034,0,24
22937,09:30:19,114.119148,22.664118,0,53
22937,09:31:14,114.12207,22.658484,0,50
22937,09:32:09,114.12162,22.654367,0,30
22937,09:33:04,114.12162,22.654367,0,0
22937,09:34:00,114.119431,22.650299,0,28
22937,09:34:54,114.120766,22.6476,0,26
22937,09:36:45,114.124283,22.643583,0,19
22937,09:37:40,114.125282,22.638233,0,37
22937,09:38:35,114.12545,22.636984,0,6
22937,09:39:29,114.125633,22.636368,0,2
22937,09:59:41,114.108704,22.610867,1,0
22937,09:59:58,114.108383,22.611099,1,2
22937,10:00:53,114.105934,22.60965,1,18
22937,10:01:35,114.105934,22.60965,0,0
22937,10:02:05,114.106949,22.61025,1,13
22937,10:02:59,114.110001,22.6098,1,24
22937,10:03:55,114.110001,22.6098,1,0
22937,10:04:49,114.113403,22.609501,1,22
22937,10:05:45,114.119202,22.610683,1,39
22937,10:06:40,114.119202,22.610683,1,0
22937,10:07:35,114.120796,22.610518,1,11
22937,10:08:29,114.122398,22.612932,1,24
22937,10:10:19,114.130585,22.6133,1,37
22937,10:10:21,114.130714,22.613483,1,43
22937,10:11:16,114.132683,22.615816,1,19
22937,10:12:11,114.13372,22.615267,1,7
22937,10:13:05,114.135086,22.614517,1,8
22937,10:13:37,114.135086,22.614517,0,0
22937,10:14:03,114.135597,22.614149,1,1
22937,10:14:58,114.13472,22.6108,1,22
22937,10:15:53,114.134666,22.610634,1,1
22937,10:16:47,114.131302,22.610783,1,23
22937,10:17:43,114.131302,22.610783,1,0
22937,10:18:37,114.128448,22.611883,1,19
22937,10:19:33,114.125565,22.615299,1,37
22937,10:20:28,114.12307,22.613617,1,20
22937,10:21:23,114.122231,22.613667,1,5
22937,10:22:01,114.122368,22.613317,0,3
22937,10:22:57,114.119247,22.612133,0,24
22937,10:23:31,114.119652,22.611732,1,3
22937,10:24:26,114.119652,22.611732,1,0
22937,10:25:21,114.119652,22.611732,1,0
22937,10:26:16,114.122368,22.612917,1,19
22937,10:27:11,114.122536,22.613033,1,1
22937,10:28:05,114.125282,22.613617,1,19
22937,10:29:01,114.130264,22.610901,1,38
22937,10:29:55,114.134048,22.610083,1,24
22937,10:30:51,114.134048,22.610083,1,0
22937,10:31:46,114.134682,22.61035,1,4
22937,10:33:03,114.135368,22.61215,0,0
22937,10:33:58,114.134598,22.610483,0,12
22937,10:34:53,114.134598,22.610483,0,0
22937,10:35:48,114.134598,22.610483,0,0
22937,10:36:43,114.129333,22.61145,0,33
22937,10:37:37,114.132553,22.615732,0,41
22937,10:38:33,114.132835,22.616051,0,2
22937,10:39:28,114.132835,22.616051,0,0
22937,10:40:23,114.132835,22.616051,0,0
22937,10:40:35,114.132835,22.616051,1,0
22937,10:41:30,114.137016,22.621099,1,36
22937,10:42:25,114.137016,22.621099,1,0
22937,10:43:20,114.137016,22.621099,1,0
22937,10:44:15,114.136703,22.62315,1,15
22937,10:45:10,114.133614,22.629316,1,52
22937,10:46:05,114.131248,22.630716,1,19
22937,10:46:59,114.126633,22.634899,1,44
22937,10:47:55,114.124763,22.642767,1,57
22937,10:48:50,114.12162,22.647167,1,38
22937,10:49:26,114.12162,22.647167,0,0
22937,10:49:29,114.12162,22.647167,1,0
22937,10:50:23,114.121284,22.648117,1,12
22937,10:52:14,114.121284,22.648117,1,0
22937,10:53:09,114.123383,22.647333,1,10
22937,10:54:59,114.130363,22.639532,1,34
22937,10:55:54,114.129402,22.634983,1,32
22937,10:56:49,114.128166,22.63385,1,11
22937,10:57:44,114.128166,22.63385,1,0
22937,10:58:39,114.12928,22.632168,1,15
22937,10:59:34,114.131432,22.630301,1,19
22937,11:00:29,114.131432,22.630301,1,0
22937,11:01:24,114.135368,22.632868,1,32
22937,11:02:19,114.135216,22.6329,1,48
22937,11:03:14,114.130531,22.629017,1,42
22937,11:04:09,114.124252,22.625883,1,49
22937,11:05:04,114.121201,22.625566,1,18
22937,11:07:49,114.116081,22.623966,1,9
22937,11:08:43,114.115364,22.621883,1,10
22937,11:09:39,114.110947,22.621717,1,31
22937,11:10:34,114.104134,22.625032,1,52
22937,11:11:29,114.097816,22.6308,1,59
22937,11:12:24,114.089699,22.631166,1,60
22937,11:12:25,114.089699,22.631166,1,60
22937,11:18:49,114.069885,22.619516,1,39
22937,11:19:27,114.06823,22.6182,1,34
22937,11:20:22,114.070953,22.61945,1,22
22937,11:21:17,114.070953,22.61945,1,0
22937,11:22:12,114.072815,22.61965,1,12
22937,11:23:07,114.073135,22.61945,1,2
22937,11:23:15,114.073135,22.61945,0,0
22937,11:24:10,114.073135,22.61945,0,0
22937,11:25:05,114.071098,22.620117,0,16
22937,11:26:00,114.074966,22.627434,0,61
22937,11:26:55,114.08065,22.628317,0,50
22937,11:27:50,114.089584,22.630283,0,64
22937,11:28:45,114.097931,22.630516,0,62
22937,11:29:40,114.100548,22.627567,0,26
22937,11:30:35,114.102203,22.624399,0,23
22937,11:31:30,114.103966,22.6227,0,15
22937,11:32:25,114.104401,22.622084,0,3
22937,11:33:20,114.104881,22.6206,0,10
22937,11:34:15,114.105736,22.617067,0,34
22937,11:35:10,114.106781,22.617916,0,14
22937,11:36:05,114.106781,22.617916,0,0
22937,11:37:00,114.106781,22.617916,0,0
22937,11:37:55,114.106781,22.617916,0,0
22937,11:38:50,114.106781,22.617916,0,0
22937,11:39:45,114.106781,22.617916,0,0
22937,11:40:40,114.106781,22.617916,0,0
22937,11:41:35,114.106781,22.617916,0,0
22937,11:42:30,114.106781,22.617916,0,0
22937,11:43:25,114.106781,22.617916,0,0
22937,11:44:20,114.106781,22.617916,0,0
22937,11:45:15,114.106781,22.617916,0,0
22937,11:46:10,114.106781,22.617916,0,0
22937,11:47:05,114.106781,22.617916,0,0
22937,11:48:00,114.106781,22.617916,0,0
22937,11:48:55,114.106781,22.617916,0,0
22937,11:49:50,114.106781,22.617916,0,0
22937,11:50:45,114.106781,22.617916,0,0
22937,11:51:40,114.106781,22.617916,0,0
22937,11:52:35,114.106781,22.617916,0,0
22937,11:53:30,114.106781,22.617916,0,0
22937,11:54:25,114.106781,22.617916,0,0
22937,11:55:20,114.106781,22.617916,0,0
22937,11:56:15,114.106781,22.617916,0,0
22937,11:57:10,114.105766,22.618017,0,5
22937,11:58:05,114.105286,22.618433,0,16
22937,11:58:45,114.105553,22.617367,1,10
22937,11:59:40,114.105835,22.616516,1,4
22937,12:00:35,114.108116,22.6159,1,15
22937,12:01:30,114.109467,22.615499,1,2
22937,12:02:25,114.110634,22.614834,1,7
22937,12:03:20,114.111237,22.6145,1,0
22937,12:04:15,114.112381,22.614683,1,5
22937,12:05:10,114.113884,22.615316,1,5
22937,12:06:05,114.113449,22.618683,1,20
22937,12:07:00,114.113503,22.624132,1,39
22937,12:07:55,114.11673,22.627684,1,34
22937,12:08:50,114.121269,22.62915,1,32
22937,12:09:45,114.125069,22.630283,1,26
22937,12:10:40,114.127647,22.633051,1,26
22937,12:11:35,114.127686,22.63365,1,3
22937,12:12:30,114.125053,22.636534,1,27
22937,12:13:25,114.12442,22.637617,1,9
22937,12:14:00,114.12442,22.637617,0,0
22937,12:14:14,114.124733,22.637716,1,0
22937,12:15:09,114.124832,22.637882,1,0
22937,12:16:04,114.125549,22.636534,1,10
22937,12:16:59,114.128487,22.631983,1,40
22937,12:17:54,114.126335,22.628099,1,38
22937,12:18:49,114.129417,22.627817,1,24
22937,12:19:44,114.133232,22.6285,1,36
22937,12:20:39,114.136917,22.621933,1,55
22937,12:21:34,114.133835,22.617767,1,37
22937,12:22:29,114.132004,22.615618,1,18
22937,12:22:29,114.132004,22.615618,0,18
22937,12:23:24,114.127182,22.611732,0,44
22937,12:24:19,114.123131,22.60865,0,35
22937,12:24:55,114.121696,22.609501,1,19
22937,12:25:50,114.120232,22.611267,1,13
22937,12:26:45,114.120232,22.611267,1,0
22937,12:27:40,114.115181,22.609568,1,35
22937,12:28:35,114.108635,22.610884,1,47
22937,12:29:30,114.106949,22.614183,1,26
22937,12:30:25,114.106483,22.615084,1,6
22937,12:31:20,114.106483,22.615084,1,0
22937,12:32:15,114.108101,22.616501,1,17
22937,12:33:10,114.109047,22.6175,1,12
22937,12:33:31,114.109047,22.6175,0,0
22937,12:34:26,114.107948,22.615801,0,16
22937,12:37:37,114.10778,22.611633,1,12
22937,12:38:32,114.106651,22.614799,1,24
22937,12:39:27,114.106018,22.615999,1,8
22937,12:40:22,114.105186,22.619749,1,27
22937,12:41:17,114.104782,22.621599,1,12
22937,12:42:12,114.106529,22.6217,1,22
22937,12:43:07,114.108597,22.622017,1,7
22937,12:44:02,114.112915,22.622116,1,34
22937,12:44:57,114.115334,22.626682,1,37
22937,12:45:52,114.119484,22.628918,1,31
22937,12:46:47,114.120186,22.631117,1,22
22937,12:47:42,114.120148,22.631399,1,2
22937,12:47:45,114.120186,22.6313,0,14
22937,12:50:29,114.113403,22.624666,0,18
22937,12:51:24,114.112221,22.627701,0,20
22937,12:51:57,114.111786,22.628317,1,8
22937,12:52:52,114.112968,22.625267,1,22
22937,12:53:47,114.114967,22.626417,1,21
22937,12:54:42,114.120735,22.629049,1,43
22937,12:55:37,114.126335,22.631582,1,43
22937,12:56:32,114.127701,22.633118,1,14
22937,12:57:27,114.128082,22.633551,1,2
22937,12:58:22,114.13002,22.636316,1,23
22937,12:59:17,114.1297,22.641666,1,35
22937,13:00:12,114.128281,22.642799,1,11
22937,13:00:33,114.128281,22.642799,0,0
22937,13:01:28,114.130219,22.641132,0,13
22937,13:02:23,114.129997,22.637501,0,24
22937,13:03:18,114.129097,22.634632,0,18
22937,13:04:13,114.128036,22.633617,0,9
22937,13:05:08,114.128036,22.633617,0,0
22937,13:06:03,114.127998,22.633217,0,1
22937,13:06:58,114.131165,22.629583,0,34
22937,13:07:53,114.125267,22.626066,0,47
22937,13:08:25,114.124001,22.625784,1,14
22937,13:09:19,114.129868,22.628151,1,42
22937,13:10:14,114.134499,22.627617,1,43
22937,13:11:09,114.131882,22.621983,1,52
22937,13:12:04,114.128784,22.617783,1,38
22937,13:12:59,114.129463,22.617367,1,3
22937,13:13:22,114.129463,22.617367,0,0
22937,13:13:52,114.129082,22.617567,1,1
22937,13:14:47,114.123535,22.613867,1,48
22937,13:15:42,114.125801,22.613333,1,29
22937,13:16:37,114.132965,22.6103,1,54
22937,13:17:32,114.133865,22.61005,1,6
22937,13:18:27,114.137283,22.609283,1,22
22937,13:19:22,114.143448,22.609533,1,41
22937,13:20:17,114.148399,22.608801,1,32
22937,13:20:58,114.149399,22.608368,0,7
22937,13:21:53,114.150002,22.60825,0,3
22937,13:22:16,114.150002,22.60825,1,0
22937,13:23:11,114.145882,22.609818,1,27
22937,13:24:06,114.143082,22.609568,1,17
22937,13:25:01,114.142853,22.609467,1,28
22937,13:25:56,114.147766,22.609167,1,31
22937,13:26:51,114.154617,22.608784,1,49
22937,13:27:46,114.158951,22.610701,1,39
22937,13:28:41,114.156914,22.6154,1,36
22937,13:29:36,114.15612,22.620649,1,38
22937,13:30:31,114.153831,22.623484,1,24
22937,13:31:26,114.156685,22.627666,1,36
22937,13:32:21,114.15873,22.630882,1,27
22937,13:32:47,114.15873,22.630882,0,0
22937,13:33:42,114.161415,22.633034,0,22
22937,13:34:37,114.170418,22.636232,0,64
22937,13:35:32,114.1717,22.63645,0,8
22937,13:36:27,114.168137,22.636,0,27
22937,13:38:17,114.154686,22.626266,0,51
22937,13:39:12,114.147102,22.623133,0,57
22937,13:39:36,114.146301,22.623068,1,12
22937,13:40:30,114.144402,22.622749,1,12
22937,13:41:25,114.140053,22.622517,1,28
22937,13:42:20,114.138931,22.622316,1,6
22937,13:43:15,114.137817,22.621866,1,8
22937,13:44:10,114.137817,22.621866,1,0
22937,13:45:05,114.13443,22.618517,1,31
22937,13:46:00,114.132233,22.615784,1,24
22937,13:46:55,114.126747,22.610849,1,51
22937,13:47:50,114.121597,22.609484,1,42
22937,13:48:45,114.119186,22.610884,1,22
22937,13:49:40,114.111084,22.609568,1,56
22937,13:50:35,114.110802,22.608534,1,11
22937,13:51:30,114.111717,22.6064,1,18
22937,13:52:25,114.110435,22.606867,1,6
22937,13:53:20,114.109703,22.606701,1,4
22937,13:53:37,114.109703,22.606701,0,0
22937,13:54:32,114.110535,22.60675,0,4
22937,13:55:27,114.11203,22.606382,0,8
22937,13:55:49,114.11203,22.606382,1,0
22937,13:56:44,114.1119,22.607134,1,2
22937,13:57:39,114.110565,22.609417,1,15
22937,13:58:34,114.117371,22.6099,1,45
22937,14:00:24,114.119553,22.611017,1,0
22937,14:01:19,114.121414,22.61235,1,14
22937,14:02:14,114.122353,22.613033,1,7
22937,14:03:09,114.127136,22.616501,1,39
22937,14:04:04,114.128914,22.617783,1,17
22937,14:04:21,114.128914,22.617783,0,0
22937,14:05:16,114.127281,22.616768,0,13
22937,14:06:11,114.122917,22.613501,0,35
22937,14:07:06,114.120567,22.611851,0,19
22937,14:08:01,114.120567,22.611851,0,0
22937,14:08:56,114.119919,22.611401,0,2
22937,14:09:51,114.113319,22.609568,0,47
22937,14:10:46,114.111,22.608267,0,30
22937,14:11:41,114.111,22.608267,0,0
22937,14:12:36,114.112396,22.60615,0,14
22937,14:13:31,114.112534,22.605801,0,0
22937,14:14:26,114.112534,22.605801,0,0
22937,14:15:21,114.113152,22.604151,0,7
22937,14:15:27,114.113152,22.604151,1,0
22937,14:16:22,114.11232,22.6014,1,16
22937,14:17:17,114.11232,22.6014,1,0
22937,14:18:12,114.112152,22.600866,1,2
22937,14:19:07,114.113434,22.599583,1,19
22937,14:20:02,114.115196,22.6019,1,20
22937,14:20:57,114.116669,22.60375,1,13
22937,14:21:52,114.117531,22.604668,1,8
22937,14:22:47,114.118332,22.605467,1,4
22937,14:22:49,114.118469,22.605583,0,33
22937,14:22:52,114.118698,22.605783,1,37
22937,14:23:47,114.125214,22.609568,1,51
22937,14:24:42,114.132248,22.61545,1,63
22937,14:25:37,114.133598,22.617033,1,14
22937,14:26:32,114.133598,22.617033,1,0
22937,14:27:27,114.136566,22.620533,1,30
22937,14:28:22,114.142883,22.622383,1,44
22937,14:30:12,114.158615,22.630733,1,63
22937,14:31:01,114.159035,22.6311,0,2
22937,14:31:56,114.166054,22.635183,0,55
22937,14:32:51,114.171219,22.636368,0,35
22937,14:33:46,114.171082,22.636618,0,10
22937,14:33:56,114.171082,22.636618,1,0
22937,14:34:51,114.163101,22.634283,1,54
22937,14:35:46,114.156784,22.629618,1,54
22937,14:36:41,114.156487,22.627016,1,18
22937,14:37:36,114.153648,22.624166,1,27
22937,14:38:31,114.153648,22.624166,1,0
22937,14:39:26,114.153084,22.6236,1,3
22937,14:40:21,114.151337,22.62105,1,21
22937,14:41:16,114.150734,22.620968,1,1
22937,14:41:30,114.150734,22.620968,0,0
22937,14:42:25,114.151581,22.62125,0,4
22937,14:43:20,114.150986,22.616949,0,29
22937,14:44:15,114.149681,22.616133,0,6
22937,14:45:10,114.148033,22.615217,0,11
22937,14:45:26,114.148033,22.615217,1,0
22937,14:46:21,114.145149,22.613016,1,24
22937,14:47:16,114.144981,22.611967,1,7
22937,14:48:11,114.144981,22.611967,1,0
22937,14:49:06,114.144981,22.611967,1,0
22937,14:50:01,114.144981,22.611967,1,0
22937,14:50:56,114.141068,22.609367,1,33
22937,14:51:51,114.140846,22.607183,1,19
22937,14:52:46,114.13813,22.603901,1,32
22937,14:53:41,114.13842,22.602501,1,7
22937,14:54:15,114.13842,22.602501,0,0
22937,14:55:10,114.138229,22.604433,0,10
22937,14:56:05,114.140869,22.607267,0,26
22937,14:57:00,114.14035,22.60935,0,18
22937,14:57:55,114.138832,22.609283,0,8
22937,14:58:50,114.135086,22.610001,0,25
22937,14:59:45,114.135483,22.612482,0,20
22937,15:00:40,114.134903,22.614468,0,18
22937,15:01:35,114.13298,22.616133,0,16
22937,15:02:35,114.13382,22.617268,1,6
22937,15:03:30,114.13382,22.617268,1,0
22937,15:04:25,114.13662,22.620716,1,28
22937,15:05:20,114.137352,22.621433,1,5
22937,15:06:15,114.134781,22.627583,1,47
22937,15:07:10,114.13237,22.629784,1,22
22937,15:08:05,114.132149,22.629932,1,0
22937,15:09:00,114.129265,22.632351,1,25
22937,15:09:55,114.125702,22.636784,1,38
22937,15:10:50,114.125832,22.641117,1,33
22937,15:11:45,114.127914,22.641117,1,11
22937,15:12:40,114.128319,22.642851,1,21
22937,15:13:35,114.124451,22.646049,1,36
22937,15:14:30,114.123817,22.6472,1,9
22937,15:14:48,114.123085,22.647516,0,9
22937,15:15:42,114.120537,22.648251,0,16
22937,15:16:37,114.119148,22.649418,0,10
22937,15:17:32,114.119148,22.649418,0,0
22937,15:18:27,114.118866,22.649616,0,0
22937,15:19:22,114.121185,22.647182,0,21
22937,15:20:17,114.124496,22.642834,0,37
22937,15:21:12,114.125183,22.638268,0,32
22937,15:22:07,114.125183,22.638268,0,0
22937,15:22:24,114.125237,22.638033,1,0
22937,15:23:19,114.125435,22.636917,1,6
22937,15:24:14,114.127563,22.632982,1,30
22937,15:25:09,114.12323,22.629517,1,36
22937,15:26:04,114.1175,22.628183,1,39
22937,15:26:59,114.113869,22.625233,1,32
22937,15:27:54,114.112564,22.6266,1,19
22937,15:28:49,114.111732,22.628532,1,14
22937,15:29:18,114.111732,22.628532,0,0
22937,15:29:21,114.111732,22.628532,1,0
22937,15:30:16,114.109749,22.631132,1,23
22937,15:31:11,114.108284,22.630449,1,10
22937,15:32:06,114.108284,22.630449,1,0
22937,15:33:01,114.107552,22.630117,1,0
22937,15:33:56,114.104668,22.628851,1,19
22937,15:34:51,114.101585,22.625868,1,33
22937,15:36:41,114.105034,22.6196,1,30
22937,15:37:36,114.10582,22.61615,1,25
22937,15:39:26,114.107666,22.611467,1,21
22937,15:40:21,114.10907,22.610416,1,10
22937,15:41:16,114.110802,22.608732,1,15
22937,15:42:11,114.11097,22.608433,1,2
22937,15:42:15,114.11097,22.608433,0,0
22937,15:43:10,114.111115,22.608217,0,0
22937,15:43:57,114.111397,22.60775,1,2
22937,15:44:52,114.11203,22.606951,1,4
22937,15:45:47,114.111687,22.607582,1,6
22937,15:46:42,114.110985,22.608667,1,7
22937,15:47:37,114.116867,22.609734,1,46
22937,15:48:32,114.118416,22.610201,1,10
22937,15:49:27,114.118881,22.6105,1,1
22937,15:51:17,114.1222,22.612883,1,20
22937,15:52:12,114.126648,22.612617,1,35
22937,15:53:07,114.132484,22.615816,1,58
22937,15:54:02,114.133316,22.616699,1,6
22937,15:54:57,114.133316,22.616699,1,0
22937,15:55:52,114.133835,22.616949,1,2
22937,15:56:47,114.133636,22.617434,1,4
22937,15:57:31,114.13298,22.616751,0,5
22937,15:57:33,114.132851,22.6166,1,41
22937,15:58:28,114.126801,22.613068,1,52
22937,15:59:23,114.120979,22.617733,1,52
22937,16:00:18,114.121368,22.622984,1,45
22937,16:01:13,114.127884,22.624983,1,47
22937,16:02:08,114.13028,22.628599,1,37
22937,16:03:03,114.131569,22.629932,1,10
22937,16:03:58,114.131569,22.629932,1,0
22937,16:04:53,114.129913,22.63175,1,15
22937,16:04:54,114.129814,22.631832,0,53
22937,16:05:48,114.128487,22.6329,0,11
22937,16:06:43,114.128014,22.633266,0,2
22937,16:07:38,114.131233,22.630417,0,28
22937,16:08:33,114.135269,22.6264,0,38
22937,16:09:28,114.135597,22.619883,0,52
22937,16:10:23,114.133202,22.617033,0,25
22937,16:11:18,114.130768,22.61405,0,21
22937,16:12:13,114.125565,22.610132,0,44
22937,16:13:08,114.122215,22.608883,0,24
22937,16:14:03,114.121735,22.609501,0,5
22937,16:14:58,114.120331,22.611151,0,10
22937,16:15:41,114.118896,22.610767,1,14
22937,16:16:35,114.115685,22.608418,1,29
22937,16:18:25,114.115486,22.602833,1,15
22937,16:19:20,114.117065,22.600767,1,20
22937,16:20:15,114.118866,22.598433,1,17
22937,16:21:10,114.122269,22.598833,1,22
22937,16:22:05,114.122681,22.600149,1,9
22937,16:22:21,114.122681,22.600149,0,0
22937,16:22:41,114.122681,22.600149,0,0
22937,16:23:35,114.120171,22.598083,0,21
22937,16:24:30,114.118134,22.599518,0,14
22937,16:25:25,114.115768,22.600201,0,15
22937,16:26:20,114.113068,22.600367,0,25
22937,16:28:10,114.113365,22.603617,0,26
22937,16:29:05,114.113182,22.604483,0,5
22937,16:30:00,114.113182,22.604483,0,0
22937,16:30:55,114.112885,22.605232,0,3
22937,16:31:50,114.111931,22.607117,0,9
22937,16:32:45,114.111732,22.607616,0,3
22937,16:33:40,114.111031,22.608482,0,6
22937,16:34:35,114.111031,22.608482,0,0
22937,16:35:30,114.110313,22.609533,0,5
22937,16:36:25,114.109367,22.610399,0,4
22937,16:37:20,114.107086,22.613367,0,27
22937,16:38:15,114.106735,22.61445,0,7
22937,16:39:10,114.105904,22.616449,0,11
22937,16:40:05,114.105881,22.61655,0,0
22937,16:41:00,114.105881,22.61655,0,0
22937,16:41:55,114.105881,22.61655,0,0
22937,16:42:16,114.105766,22.617033,1,4
22937,16:43:11,114.105019,22.62035,1,20
22937,16:44:06,114.102699,22.624067,1,31
22937,16:45:56,114.101646,22.626017,1,0
22937,16:46:51,114.102936,22.628017,1,14
22937,16:47:46,114.105583,22.629482,1,21
22937,16:48:41,114.105301,22.631018,1,7
22937,16:49:36,114.10363,22.633783,1,21
22937,16:50:31,114.10585,22.633734,1,18
22937,16:51:22,114.106049,22.633583,0,1
22937,16:52:17,114.103584,22.633667,0,20
22937,16:53:12,114.105469,22.62995,0,27
22937,16:54:07,114.1036,22.628401,0,17
22937,16:55:02,114.09903,22.62965,0,37
22937,16:55:57,114.091782,22.632433,0,55
22937,16:56:52,114.084183,22.630133,0,54
22937,16:57:47,114.082649,22.629551,0,10
22937,16:58:42,114.078568,22.628918,0,26
22937,16:59:37,114.072151,22.6301,0,43
22937,17:00:32,114.067383,22.630533,0,31
22937,17:01:27,114.067383,22.630533,0,0
22937,17:02:39,114.064102,22.630333,1,0
22937,17:04:28,114.064484,22.633133,1,11
22937,17:05:23,114.064529,22.634466,1,9
22937,17:06:18,114.063431,22.639183,1,36
22937,17:07:13,114.065369,22.642067,1,25
22937,17:08:08,114.06797,22.643867,1,17
22937,17:09:03,114.072235,22.644751,1,30
22937,17:09:58,114.07457,22.645399,1,14
22937,17:10:53,114.076698,22.644951,1,13
22937,17:11:48,114.078148,22.644051,1,11
22937,17:12:33,114.078148,22.644051,0,0
22937,17:13:27,114.077347,22.645317,0,9
22937,17:14:22,114.077217,22.6478,0,16
22937,17:15:17,114.075615,22.651068,0,24
22937,17:16:12,114.075569,22.65115,0,13
22937,17:17:07,114.076965,22.648867,0,16
22937,17:18:02,114.07737,22.646151,0,17
22937,17:18:57,114.07608,22.645267,0,14
22937,17:19:52,114.075218,22.645433,0,5
22937,17:20:47,114.075218,22.645433,0,0
22937,17:21:42,114.074051,22.645384,0,1
22937,17:22:37,114.07058,22.644449,0,21
22937,17:23:32,114.068604,22.644367,0,10
22937,17:24:27,114.066803,22.643101,0,12
22937,17:25:22,114.066048,22.642567,0,1
22937,17:26:17,114.063835,22.639717,0,22
22937,17:27:12,114.062248,22.639933,0,13
22937,17:28:07,114.061302,22.645767,0,42
22937,17:29:02,114.061234,22.648649,0,20
22937,17:30:52,114.056152,22.656317,0,44
22937,17:31:47,114.055931,22.660917,0,32
22937,17:32:42,114.056847,22.663532,0,18
22937,17:33:37,114.056717,22.664551,0,4
22937,17:34:32,114.055733,22.665783,0,7
22937,17:35:27,114.055733,22.665783,0,0
22937,17:36:22,114.052071,22.668583,0,30
22937,17:37:17,114.047363,22.671949,0,40
22937,17:38:12,114.042931,22.674816,0,36
22937,17:38:35,114.041534,22.6747,1,22
22937,17:39:29,114.040382,22.674633,1,6
22937,17:40:24,114.040382,22.674633,1,0
22937,17:41:19,114.038521,22.671118,1,27
22937,17:42:14,114.034431,22.6717,1,32
22937,17:43:09,114.034431,22.6717,1,0
22937,17:44:04,114.032036,22.669149,1,27
22937,17:45:53,114.024483,22.666166,1,32
22937,17:46:48,114.02182,22.667801,1,22
22937,17:47:32,114.02182,22.667801,0,0
22937,17:48:26,114.023636,22.666166,0,13
22937,17:49:21,114.026352,22.663099,0,28
22937,17:50:16,114.024818,22.660116,0,29
22937,17:51:11,114.024765,22.660067,0,0
22937,17:51:48,114.025703,22.660267,1,10
22937,17:53:38,114.029816,22.659733,1,10
22937,17:54:33,114.028282,22.657749,1,17
22937,17:55:28,114.026482,22.65645,1,13
22937,17:56:23,114.024536,22.654934,1,10
22937,17:57:18,114.024315,22.653799,1,5
22937,17:58:13,114.028503,22.651199,1,40
22937,17:59:08,114.029716,22.646799,1,46
22937,18:00:03,114.028,22.645384,1,14
22937,18:00:58,114.028,22.645384,1,0
22937,18:01:53,114.028,22.645384,1,0
22937,18:02:48,114.025887,22.6408,1,32
22937,18:03:43,114.023865,22.640818,1,10
22937,18:04:38,114.022301,22.641434,1,9
22937,18:04:48,114.022369,22.641916,0,16
22937,18:05:42,114.023354,22.645033,0,19
22937,18:06:37,114.025703,22.645733,0,22
22937,18:08:27,114.026886,22.645267,0,7
22937,18:09:22,114.026886,22.645267,0,0
22937,18:10:17,114.026886,22.645267,0,0
22937,18:11:12,114.02713,22.645184,0,0
22937,18:12:07,114.031197,22.647818,0,35
22937,18:13:02,114.032547,22.648333,0,7
22937,18:13:58,114.035248,22.647467,0,18
22937,18:14:52,114.037003,22.6469,0,11
22937,18:20:53,114.039551,22.656717,1,16
22937,18:21:48,114.03788,22.657833,1,9
22937,18:22:43,114.037735,22.657949,1,1
22937,18:24:33,114.032486,22.662382,1,17
22937,18:25:28,114.031403,22.663633,1,11
22937,18:26:23,114.031166,22.664,1,1
22937,18:27:18,114.030701,22.664766,1,4
22937,18:27:46,114.030701,22.664766,0,0
22937,18:28:02,114.030701,22.664766,1,0
22937,18:28:56,114.032829,22.668682,1,31
22937,18:29:51,114.037086,22.666668,1,33
22937,18:30:46,114.038101,22.661633,1,36
22937,18:31:41,114.0364,22.656567,1,38
22937,18:33:31,114.035866,22.655399,1,0
22937,18:34:26,114.035866,22.655399,1,0
22937,18:35:21,114.034782,22.652683,1,19
22937,18:36:16,114.033218,22.650383,1,17
22937,18:37:11,114.03257,22.649633,1,6
22937,18:38:06,114.030701,22.649633,1,10
22937,18:39:16,114.029297,22.650749,0,3
22937,18:39:18,114.029297,22.650749,1,0
22937,18:40:13,114.030281,22.649851,1,36
22937,18:41:08,114.031631,22.648867,1,10
22937,18:42:04,114.031631,22.648867,1,0
22937,18:42:58,114.033768,22.650784,1,20
22937,18:43:53,114.035553,22.6541,1,26
22937,18:44:48,114.035851,22.654882,1,4
22937,18:45:43,114.037132,22.657734,1,21
22937,18:46:38,114.038216,22.662617,1,33
22937,18:47:34,114.038116,22.669416,1,49
22937,18:48:28,114.041153,22.674549,1,46
22937,18:49:23,114.040367,22.67465,1,14
22937,18:50:18,114.040367,22.67465,1,0
22937,18:51:13,114.040367,22.67465,1,0
22937,18:52:08,114.037537,22.674932,1,18
22937,18:53:04,114.036186,22.675716,1,10
22937,18:53:58,114.034264,22.67285,1,25
22937,18:54:53,114.033936,22.672199,1,5
22937,18:55:48,114.032516,22.6693,1,21
22937,18:56:43,114.02993,22.670033,1,17
22937,18:57:26,114.02993,22.670033,0,0
22937,18:58:20,114.031883,22.669067,0,14
22937,18:59:16,114.03138,22.666918,0,17
22937,19:00:11,114.03138,22.666918,0,0
22937,19:01:05,114.03138,22.666918,0,0
22937,19:02:00,114.030403,22.665083,0,6
22937,19:02:55,114.030403,22.665083,0,0
22937,19:03:50,114.029648,22.663584,0,10
22937,19:04:10,114.028969,22.662933,1,17
22937,19:05:05,114.027832,22.662117,1,8
22937,19:05:59,114.027832,22.662117,1,0
22937,19:06:54,114.029282,22.660233,1,17
22937,19:07:49,114.032303,22.657566,1,27
22937,19:08:44,114.035019,22.655117,1,24
22937,19:09:40,114.033966,22.651266,1,28
22937,19:10:35,114.032951,22.649967,1,8
22937,19:11:29,114.032951,22.649967,1,0
22937,19:12:24,114.032951,22.649967,1,0
22937,19:13:19,114.032333,22.649183,1,5
22937,19:14:14,114.032333,22.649183,1,0
22937,19:15:10,114.032082,22.648884,1,1
22937,19:16:05,114.027946,22.6453,1,37
22937,19:17:00,114.027847,22.645218,1,0
22937,19:17:54,114.027847,22.645218,1,0
22937,19:18:49,114.027,22.643482,1,12
22937,19:19:44,114.02578,22.640266,1,22
22937,19:20:40,114.024498,22.636868,1,25
22937,19:21:35,114.024498,22.636868,1,0
22937,19:22:29,114.024498,22.636868,1,0
22937,19:23:24,114.025734,22.629833,1,49
22937,19:24:19,114.027397,22.624283,1,41
22937,19:25:14,114.027397,22.624283,1,0
22937,19:26:10,114.027397,22.624283,1,0
22937,19:27:05,114.029953,22.617783,1,49
22937,19:27:59,114.034203,22.612516,1,48
22937,19:28:54,114.037735,22.608232,1,39
22937,19:29:49,114.038132,22.60775,1,4
22937,19:30:44,114.038132,22.60775,1,0
22937,19:31:40,114.041519,22.603683,1,34
22937,19:32:35,114.043434,22.600983,1,23
22937,19:33:12,114.043434,22.600983,0,0
22937,19:34:07,114.044518,22.598883,0,15
22937,19:34:15,114.044518,22.598883,1,0
22937,19:35:10,114.043953,22.6036,1,37
22937,19:36:05,114.042114,22.603333,1,35
22937,19:36:59,114.03933,22.606701,1,30
22937,19:37:54,114.035034,22.611883,1,45
22937,19:38:49,114.03302,22.614384,1,22
22937,19:39:44,114.03302,22.614384,1,0
22937,19:40:40,114.03302,22.614384,1,0
22937,19:41:35,114.03302,22.614384,1,0
22937,19:42:29,114.03022,22.61775,1,26
22937,19:43:24,114.028168,22.622717,1,38
22937,19:44:19,114.026749,22.627317,1,32
22937,19:45:14,114.026382,22.628651,1,10
22937,19:45:24,114.026253,22.629,0,3
22937,19:46:19,114.02578,22.630367,0,10
22937,19:46:30,114.02578,22.630367,1,0
22937,19:47:24,114.022202,22.630716,1,24
22937,19:48:19,114.019402,22.633717,1,29
22937,19:49:14,114.02018,22.635,1,10
22937,19:49:16,114.020302,22.6353,0,14
22937,19:49:19,114.020386,22.635517,1,30
22937,19:50:14,114.02282,22.636583,1,21
22937,19:51:10,114.024117,22.63625,1,8
22937,19:52:05,114.024117,22.63625,1,0
22937,19:53:00,114.031281,22.634382,1,48
22937,19:53:54,114.031647,22.634268,1,2
22937,19:54:49,114.031647,22.634268,1,0
22937,19:55:44,114.032066,22.634199,1,0
22937,19:56:40,114.031898,22.635918,1,12
22937,19:57:35,114.031898,22.635918,1,0
22937,19:57:51,114.031898,22.635918,0,0
22937,19:58:46,114.032654,22.640734,0,28
22937,19:59:41,114.032967,22.64175,0,7
22937,20:00:36,114.036949,22.642033,0,27
22937,20:01:13,114.038132,22.641632,1,11
22937,20:02:07,114.039436,22.644367,1,16
22937,20:03:02,114.038567,22.646383,1,16
22937,20:03:58,114.037483,22.650249,1,38
22937,20:04:53,114.040169,22.655483,1,41
22937,20:05:48,114.038933,22.657101,1,16
22937,20:06:42,114.038147,22.660517,1,30
22937,20:07:37,114.037781,22.668633,1,59
22937,20:08:32,114.037651,22.670366,1,13
22937,20:09:28,114.034218,22.671717,1,23
22937,20:10:23,114.034218,22.671717,1,0
22937,20:11:18,114.031067,22.67325,1,22
22937,20:12:04,114.031067,22.67325,0,0
22937,20:12:59,114.031967,22.672632,0,8
22937,20:13:54,114.031967,22.672632,0,0
22937,20:14:48,114.0336,22.6719,0,10
22937,20:15:43,114.032318,22.668833,0,22
22937,20:16:38,114.030899,22.666349,0,20
22937,20:17:21,114.030899,22.666349,1,0
22937,20:18:16,114.030647,22.665583,1,1
22937,20:19:11,114.030602,22.664551,1,4
22937,20:20:06,114.033401,22.661249,1,28
22937,20:21:00,114.034714,22.660101,1,9
22937,20:21:56,114.033218,22.658518,1,13
22937,20:22:50,114.033119,22.656866,1,15
22937,20:23:46,114.034599,22.6555,1,13
22937,20:23:58,114.034599,22.6555,0,0
22937,20:24:53,114.03598,22.65435,0,8
22937,20:25:48,114.037598,22.652967,1,14
22937,20:25:48,114.037598,22.652967,0,14
22937,20:26:42,114.036385,22.654034,1,8
22937,20:27:38,114.036385,22.654034,1,0
22937,20:28:32,114.035629,22.654617,1,4
22937,20:29:28,114.03212,22.648916,1,45
22937,20:30:23,114.028099,22.6455,1,36
22937,20:31:18,114.028099,22.6455,1,0
22937,20:32:12,114.027565,22.64485,1,4
22937,20:33:08,114.025398,22.639418,1,40
22937,20:34:02,114.0215,22.637318,1,40
22937,20:34:58,114.0215,22.637318,1,0
22937,20:35:53,114.019684,22.634501,1,25
22937,20:36:48,114.018379,22.634216,1,11
22937,20:37:05,114.018379,22.634216,0,0
22937,20:38:00,114.016167,22.637632,0,32
22937,20:38:55,114.023819,22.636433,0,57
22937,20:39:50,114.031937,22.634233,0,56
22937,20:40:45,114.031937,22.634233,0,0
22937,20:41:40,114.031937,22.634233,0,0
22937,20:42:35,114.032036,22.635532,0,9
22937,20:43:30,114.031982,22.637466,0,11
22937,20:44:24,114.03302,22.641466,0,29
22937,20:45:20,114.033417,22.64255,0,6
22937,20:46:14,114.033417,22.64255,0,0
22937,20:47:10,114.035851,22.647066,0,34
22937,20:48:05,114.035851,22.647066,0,0
22937,20:49:00,114.036201,22.647917,0,4
22937,20:49:54,114.038498,22.652033,0,34
22937,20:50:50,114.038498,22.652033,0,0
22937,20:51:45,114.039185,22.653383,0,9
22937,20:52:40,114.039314,22.657118,0,32
22937,20:53:35,114.037865,22.6577,0,7
22937,20:53:42,114.037865,22.6577,1,0
22937,20:54:36,114.037567,22.658068,1,1
22937,20:55:32,114.034966,22.660049,1,20
22937,20:56:27,114.030617,22.664633,1,43
22937,20:57:22,114.03093,22.665434,1,6
22937,20:57:31,114.03093,22.665434,0,0
22937,20:58:26,114.031464,22.666599,0,6
22937,20:59:21,114.033134,22.668633,0,20
22937,21:00:16,114.033234,22.668682,0,1
22937,21:01:11,114.033234,22.668682,0,0
22937,21:02:06,114.031265,22.667067,0,19
22937,21:03:00,114.030914,22.66695,0,1
22937,21:03:45,114.030098,22.665333,1,11
22937,21:04:40,114.02755,22.6682,1,24
22937,21:05:35,114.024269,22.666067,1,27
22937,21:06:30,114.021286,22.668432,1,26
22937,21:07:24,114.020432,22.669067,1,6
22937,21:08:20,114.0168,22.67,1,23
22937,21:09:15,114.015015,22.668833,1,14
22937,21:11:05,114.013649,22.670567,1,15
22937,21:12:00,114.01075,22.67395,1,31
22937,21:12:55,114.007652,22.6765,1,25
22937,21:13:50,114.004631,22.675966,1,24
22937,21:14:45,114.001434,22.675367,1,21
22937,21:15:40,113.997566,22.675484,1,29
22937,21:16:35,113.997414,22.675768,1,1
22937,21:17:30,113.995483,22.679068,1,25
22937,21:18:25,113.995033,22.67955,1,3
22937,21:19:20,113.991135,22.677433,1,30
22937,21:20:15,113.98922,22.676767,1,10
22937,21:21:10,113.987129,22.678949,1,25
22937,21:22:05,113.987,22.67935,1,2
22937,21:22:07,113.987,22.67935,0,0
22937,21:22:38,113.986687,22.680017,1,6
22937,21:23:33,113.98877,22.681667,1,29
22937,21:24:28,113.991898,22.6782,1,37
22937,21:25:23,113.993584,22.673817,1,31
22937,21:26:18,113.996468,22.670033,1,34
22937,21:27:13,113.996834,22.669718,1,3
22937,21:28:08,113.996834,22.669718,1,0
22937,21:29:03,113.999229,22.667717,1,20
22937,21:29:58,114.003067,22.66115,1,54
22937,21:30:53,114.007301,22.6609,1,28
22937,21:31:48,114.008186,22.658916,1,16
22937,21:32:43,114.01207,22.65535,1,38
22937,21:33:38,114.01313,22.651733,1,26
22937,21:34:33,114.016296,22.65345,1,24
22937,21:35:28,114.016296,22.65345,1,0
22937,21:36:23,114.017464,22.654034,1,6
22937,21:36:44,114.017464,22.654034,0,0
22937,21:37:39,114.018036,22.654484,0,2
22937,21:37:53,114.018784,22.655233,1,14
22937,21:38:48,114.02243,22.657867,1,26
22937,21:39:43,114.02243,22.657867,1,0
22937,21:40:38,114.023766,22.658934,1,10
22937,21:41:33,114.026436,22.6609,1,19
22937,21:42:28,114.027367,22.661583,1,7
22937,21:43:23,114.027664,22.661818,1,1
22937,21:44:18,114.030464,22.664284,1,23
22937,21:45:13,114.030464,22.664284,1,0
22937,21:46:08,114.029968,22.665434,1,7
22937,21:46:38,114.029968,22.665434,0,0
22937,21:47:33,114.027603,22.66835,0,24
22937,21:48:17,114.028732,22.669317,1,12
22937,21:49:12,114.032616,22.669018,1,26
22937,21:50:07,114.031487,22.672916,1,39
22937,21:51:46,114.031784,22.674801,0,0
22937,21:52:41,114.031731,22.674482,0,1
22937,21:53:36,114.03215,22.672583,0,17
22937,21:54:31,114.031898,22.667982,0,41
22937,21:55:26,114.030899,22.666433,0,12
22937,21:56:21,114.030899,22.666433,0,0
22937,21:57:16,114.02935,22.665899,0,14
22937,21:58:11,114.027786,22.667801,0,15
22937,21:59:06,114.027786,22.667801,0,0
22937,22:00:01,114.024902,22.6665,0,22
22937,22:00:56,114.021347,22.668367,0,31
22937,22:01:51,114.017532,22.669649,0,25
22937,22:02:46,114.01503,22.668818,0,19
22937,22:02:47,114.01503,22.668818,0,19
22937,22:12:49,114.005119,22.6731,0,0
22937,22:13:44,114.007401,22.675016,0,14
22937,22:14:37,114.00737,22.676216,1,8
22937,22:15:32,114.010933,22.673782,1,28
22937,22:16:27,114.01403,22.669901,1,35
22937,22:17:22,114.01683,22.669832,1,25
22937,22:18:17,114.018547,22.670868,1,12
22937,22:19:12,114.021736,22.672733,1,23
22937,22:20:07,114.023033,22.6737,1,9
22937,22:21:02,114.024368,22.67185,1,17
22937,22:21:57,114.024368,22.67185,1,0
22937,22:22:52,114.025818,22.671949,1,9
22937,22:23:04,114.025948,22.672132,0,1
22937,22:23:59,114.027252,22.673201,0,7
22937,22:24:54,114.028732,22.671984,0,13
22937,22:25:49,114.029633,22.670633,0,8
22937,22:26:44,114.03022,22.6698,0,8
22937,22:27:39,114.031349,22.666901,0,29
22937,22:28:22,114.031319,22.6668,1,0
22937,22:29:17,114.030449,22.66515,1,7
22937,22:30:12,114.029816,22.663767,1,9
22937,22:31:07,114.027298,22.661751,1,20
22937,22:32:02,114.023018,22.658632,1,36
22937,22:32:57,114.021584,22.657618,1,10
22937,22:33:14,114.021584,22.657618,0,0
22937,22:34:09,114.018784,22.655649,0,20
22937,22:35:04,114.021385,22.65715,0,22
22937,22:35:11,114.021385,22.65715,1,0
22937,22:36:06,114.02243,22.657766,1,6
22937,22:37:01,114.026299,22.660784,1,31
22937,22:37:56,114.02993,22.659616,1,30
22937,22:38:51,114.033798,22.656267,1,34
22937,22:39:46,114.0354,22.654818,1,14
22937,22:40:41,114.03582,22.654484,1,2
22937,22:41:36,114.041916,22.650883,1,49
22937,22:42:31,114.042282,22.650749,1,2
22937,22:43:26,114.045799,22.650084,1,28
22937,22:44:21,114.045448,22.649467,1,9
22937,22:45:16,114.043083,22.650583,1,18
22937,22:46:11,114.038902,22.652134,1,28
22937,22:47:06,114.041763,22.658167,1,49
22937,22:48:01,114.041985,22.658716,1,11
22937,22:48:08,114.041733,22.6583,0,27
22937,22:49:03,114.039284,22.656933,0,26
22937,22:49:58,114.038017,22.657766,0,8
22937,22:50:53,114.039566,22.654383,0,33
22937,22:51:48,114.041801,22.650883,0,40
22937,22:52:43,114.041847,22.649349,0,13
22937,22:53:38,114.041183,22.647949,0,10
22937,22:54:33,114.042465,22.650433,0,18
22937,22:55:28,114.038414,22.652332,0,27
22937,22:56:23,114.035896,22.654467,0,22
22937,22:57:18,114.0336,22.656567,0,19
22937,22:58:13,114.033363,22.65675,0,0
22937,22:59:08,114.034286,22.655767,0,9
22937,22:59:20,114.034286,22.655767,1,0
22937,23:00:15,114.033302,22.6504,1,44
22937,23:01:10,114.027763,22.645132,1,53
22937,23:02:05,114.027618,22.644934,1,0
22937,23:03:00,114.024582,22.637266,1,58
22937,23:03:55,114.024429,22.636749,1,3
22937,23:04:50,114.02478,22.634233,1,16
22937,23:05:45,114.026947,22.625799,1,62
22937,23:06:40,114.027451,22.624117,1,12
22937,23:07:35,114.029297,22.618967,1,37
22937,23:08:30,114.030815,22.613733,1,46
22937,23:09:25,114.024231,22.60955,1,53
22937,23:10:20,114.022781,22.608418,1,11
22937,23:11:15,114.025665,22.605433,1,25
22937,23:11:58,114.025665,22.605433,0,0
22937,23:12:53,114.02298,22.60815,0,25
22937,23:13:48,114.026787,22.61075,0,31
22937,23:18:07,114.026421,22.612167,1,4
22937,23:19:02,114.026917,22.610567,1,6
22937,23:19:57,114.027496,22.610983,1,2
22937,23:20:52,114.032181,22.614582,1,40
22937,23:21:47,114.03727,22.608917,1,53
22937,23:22:42,114.036949,22.609583,1,28
22937,23:23:37,114.035751,22.611134,1,13
22937,23:23:45,114.035751,22.611134,0,0
22937,23:24:40,114.035751,22.611134,1,0
22937,23:25:35,114.032669,22.614834,1,32
22937,23:26:30,114.029503,22.618933,1,36
22937,23:27:25,114.028114,22.622816,1,29
22937,23:28:20,114.026802,22.62705,1,30
22937,23:29:15,114.025436,22.6315,1,32
22937,23:30:10,114.024597,22.635834,1,31
22937,23:31:05,114.024597,22.635834,1,0
22937,23:32:55,114.021164,22.638132,1,5
22937,23:33:50,114.022079,22.641251,1,22
22937,23:34:45,114.021004,22.641817,1,6
22937,23:35:20,114.021004,22.641817,0,0
22937,23:36:15,114.022003,22.641132,0,9
22937,23:37:10,114.021133,22.638399,0,20
22937,23:38:05,114.022133,22.641167,0,20
22937,23:39:00,114.025551,22.639799,0,27
22937,23:39:55,114.025146,22.632168,0,56
22937,23:40:50,114.02552,22.630266,0,11
22937,23:40:54,114.02552,22.630266,1,0
22937,23:41:49,114.027481,22.623917,1,45
22937,23:42:44,114.027481,22.623917,1,0
22937,23:43:39,114.0289,22.619682,1,30
22937,23:44:34,114.032051,22.615116,1,38
22937,23:45:29,114.032051,22.615116,1,0
22937,23:46:24,114.035149,22.611267,1,32
22937,23:47:08,114.035149,22.611267,0,0
22937,23:48:02,114.035149,22.611267,0,0
22937,23:48:57,114.030914,22.609949,0,38
22937,23:49:52,114.029633,22.611982,0,16
22937,23:50:47,114.027451,22.612749,0,16
