25519,00:00:47,114.016716,22.529697,1,50
25519,00:01:47,114.020264,22.531754,1,34
25519,00:02:48,114.030159,22.530205,1,84
25519,00:03:48,114.043678,22.531151,1,82
25519,00:04:48,114.055199,22.531372,1,69
25519,00:05:41,114.043678,22.531151,1,0
25519,00:05:48,114.059074,22.528515,1,20
25519,00:06:48,114.058907,22.533583,1,0
25519,00:06:56,114.058899,22.533575,0,0
25519,00:07:48,114.058891,22.533554,0,0
25519,00:08:48,114.060051,22.533722,0,18
25519,00:09:48,114.059174,22.533587,0,1
25519,00:10:48,114.060287,22.535318,0,0
25519,00:11:48,114.057709,22.536888,0,3
25519,00:12:48,114.05751,22.537495,0,28
25519,00:13:48,114.056023,22.537596,0,0
25519,00:14:33,114.054405,22.537481,1,14
25519,00:14:48,114.053726,22.537453,1,16
25519,00:15:48,114.05558,22.537407,1,15
25519,00:15:49,114.056023,22.537596,0,0
25519,00:16:19,114.053726,22.537453,1,0
25519,00:16:48,114.058128,22.539282,1,1
25519,00:17:48,114.057922,22.54175,1,59
25519,00:18:48,114.057961,22.54895,1,3
25519,00:19:48,114.058189,22.551142,1,28
25519,00:20:48,114.062363,22.551357,1,0
25519,00:21:48,114.062698,22.554638,1,69
25519,00:22:48,114.062454,22.565657,1,61
25519,00:23:48,114.061539,22.57201,1,63
25519,00:24:48,114.062462,22.577871,1,38
25519,00:25:48,114.054871,22.581348,1,71
25519,00:25:57,114.061539,22.57201,1,0
25519,00:26:48,114.049568,22.590525,1,74
25519,00:27:48,114.045731,22.598801,1,43
25519,00:30:27,114.045731,22.598801,1,0
25519,00:30:48,114.038841,22.607306,1,4
25519,00:31:48,114.033592,22.613676,1,64
25519,00:32:48,114.033539,22.615442,0,0
25519,00:33:48,114.033318,22.615446,0,20
25519,00:34:48,114.0326,22.61508,0,0
25519,00:35:05,114.045731,22.598801,1,0
25519,00:35:48,114.029541,22.612753,0,0
25519,00:36:48,114.026802,22.612816,0,19
25519,01:31:14,114.026192,22.59845,1,64
25519,01:32:14,114.021614,22.592945,1,49
25519,01:33:14,114.032349,22.594625,1,71
25519,01:34:14,114.041855,22.592432,1,67
25519,01:35:14,114.049721,22.589968,1,50
25519,01:35:55,114.041855,22.592432,1,0
25519,01:36:14,114.054871,22.581034,1,80
25519,01:37:14,114.060509,22.576284,1,40
25519,01:38:14,114.062202,22.568476,1,53
25519,01:39:14,114.066788,22.568832,1,86
25519,01:40:14,114.078735,22.572634,1,76
25519,01:41:14,114.087852,22.566652,1,65
25519,01:42:14,114.099274,22.570156,1,78
25519,01:43:14,114.109077,22.575947,1,55
25519,01:44:14,114.120178,22.576498,1,51
25519,01:45:14,114.122017,22.572123,1,22
25519,01:46:03,114.122017,22.572123,1,0
25519,01:46:09,114.122017,22.572123,1,0
25519,01:46:14,114.121788,22.56941,1,2
25519,01:46:32,114.121712,22.569347,0,0
25519,01:47:14,114.121033,22.569063,0,32
25519,01:48:14,114.117378,22.569115,0,28
25519,01:49:14,114.119247,22.561422,0,62
25519,01:50:14,114.119667,22.555412,0,57
25519,01:51:14,114.116776,22.550337,0,34
25519,01:52:14,114.11673,22.549938,0,25
25519,01:53:14,114.116577,22.548311,0,1
25519,01:58:30,114.127769,22.560369,1,35
25519,01:59:30,114.131599,22.561985,1,0
25519,02:00:29,114.131592,22.561949,1,0
25519,02:01:17,114.131592,22.561949,1,0
25519,02:01:29,114.136192,22.566877,1,0
25519,02:02:29,114.1362,22.566872,1,0
25519,02:03:29,114.138084,22.569288,1,0
25519,02:04:29,114.135712,22.569971,1,43
25519,02:05:29,114.134575,22.573278,1,1
25519,02:06:16,114.134941,22.574223,0,0
25519,02:06:21,114.134575,22.573278,1,0
25519,02:06:29,114.134911,22.574259,0,1
25519,02:07:28,114.134102,22.572756,0,28
25519,02:08:28,114.135475,22.57024,0,40
25519,02:09:28,114.13662,22.567673,0,1
25519,02:10:28,114.134148,22.564941,0,42
25519,02:11:28,114.131752,22.561863,0,29
25519,02:12:28,114.128395,22.556927,0,0
25519,02:12:37,114.128296,22.556828,1,17
25519,02:13:28,114.125488,22.558929,1,0
25519,02:14:28,114.124413,22.558805,1,45
25519,02:15:28,114.119019,22.554281,1,2
25519,02:16:26,114.124413,22.558805,1,0
25519,02:16:28,114.119255,22.554585,1,10
25519,02:16:29,114.124413,22.558805,1,0
25519,02:16:53,114.119774,22.554487,0,1
25519,02:17:28,114.119637,22.554398,0,2
25519,02:18:28,114.120094,22.556288,0,20
25519,02:19:28,114.117157,22.551805,0,0
25519,02:20:28,114.116486,22.548742,0,27
25519,02:21:28,114.116798,22.548191,0,0
25519,02:22:28,114.116737,22.547752,0,0
25519,02:23:28,114.11409,22.545912,0,3
25519,02:24:28,114.113487,22.543497,0,0
25519,02:26:37,114.113487,22.543497,0,0
25519,02:31:34,114.113487,22.543497,0,0
25519,02:36:46,114.113487,22.543497,0,0
25519,02:43:24,114.113708,22.541206,0,14
25519,02:44:25,114.114777,22.540922,0,1
25519,02:46:42,114.114777,22.540922,0,0
25519,02:46:54,114.114777,22.540922,0,0
25519,03:04:50,114.123299,22.547897,1,0
25519,03:05:50,114.125572,22.54785,1,0
25519,03:06:50,114.125969,22.549583,1,46
25519,03:07:11,114.125572,22.54785,1,0
25519,03:07:50,114.124153,22.552366,1,0
25519,03:08:50,114.12233,22.552086,1,1
25519,03:09:50,114.11924,22.55201,1,12
25519,03:10:50,114.116844,22.550665,1,28
25519,03:11:50,114.116989,22.546778,1,0
25519,03:12:50,114.117943,22.543728,1,0
25519,03:13:50,114.117889,22.54372,1,0
25519,03:14:50,114.117958,22.541611,1,6
25519,03:15:50,114.116386,22.539583,1,25
25519,03:16:50,114.107521,22.537249,1,76
25519,03:16:59,114.116386,22.539583,1,0
25519,03:17:19,114.116386,22.539583,1,0
25519,03:17:50,114.096451,22.538134,1,76
25519,03:18:50,114.084534,22.537415,1,73
25519,03:19:50,114.076988,22.532194,1,52
25519,03:20:50,114.06588,22.531836,1,64
25519,03:21:50,114.063049,22.529438,1,70
25519,03:22:50,114.063019,22.526211,1,0
25519,03:23:50,114.060951,22.521482,1,27
25519,03:24:50,114.059242,22.527309,1,25
25519,03:25:49,114.059395,22.526737,0,0
25519,03:25:50,114.059395,22.526737,0,0
25519,03:26:50,114.058144,22.525782,0,26
25519,03:27:27,114.059395,22.526737,0,0
25519,03:27:50,114.053185,22.525665,0,31
25519,03:28:50,114.051704,22.525772,0,0
25519,03:29:50,114.048141,22.525667,0,33
25519,03:30:50,114.045288,22.52577,0,14
25519,03:31:50,114.043259,22.523586,0,47
25519,03:32:07,114.045288,22.52577,0,0
25519,03:32:50,114.038101,22.523418,0,37
25519,03:33:49,114.037735,22.523615,0,14
25519,03:34:49,114.031975,22.526829,0,33
25519,03:35:49,114.02578,22.530643,0,60
25519,03:36:49,114.016983,22.531532,0,62
25519,03:37:36,114.02578,22.530643,0,0
25519,03:37:49,114.005585,22.529879,0,67
25519,03:38:49,113.994667,22.527824,0,65
25519,03:39:49,113.984879,22.52351,0,67
25519,03:40:49,113.974442,22.522894,0,65
25519,03:41:49,113.962456,22.522804,0,64
25519,03:42:49,113.952011,22.523678,0,62
25519,03:43:49,113.941589,22.524775,0,54
25519,03:44:49,113.936378,22.523308,0,53
25519,03:45:49,113.933632,22.520676,0,15
25519,03:46:49,113.931763,22.518772,0,11
25519,03:47:16,113.933632,22.520676,0,0
25519,03:47:44,113.933632,22.520676,0,0
25519,04:13:22,113.927605,22.51815,0,0
25519,04:14:22,113.927528,22.513437,0,29
25519,04:15:22,113.927368,22.509966,0,50
25519,04:16:22,113.927223,22.508205,0,0
25519,04:17:22,113.927895,22.503399,0,39
25519,04:17:32,113.927223,22.508205,0,0
25519,04:18:09,113.927223,22.508205,0,0
25519,04:18:22,113.928818,22.498211,0,15
25519,04:19:22,113.929283,22.494919,0,0
25519,04:24:30,113.930603,22.492092,0,46
25519,04:25:29,113.927559,22.488979,0,44
25519,04:26:29,113.924377,22.490534,0,1
25519,04:27:29,113.922173,22.49169,0,9
25519,04:28:18,113.924377,22.490534,0,0
25519,04:32:41,113.922173,22.49169,0,0
25519,04:38:26,113.922173,22.49169,0,0
25519,04:47:50,113.922173,22.49169,0,0
25519,04:48:34,113.922173,22.49169,0,0
25519,04:58:43,113.922173,22.49169,0,0
25519,05:02:58,113.922173,22.49169,0,0
25519,05:08:51,113.922173,22.49169,0,0
25519,05:18:06,113.922173,22.49169,0,0
25519,05:18:59,113.922173,22.49169,0,0
25519,05:29:08,113.922173,22.49169,0,0
25519,05:33:14,113.922173,22.49169,0,0
25519,05:39:16,113.922173,22.49169,0,0
25519,05:48:23,113.922173,22.49169,0,0
25519,05:49:24,113.922173,22.49169,0,0
25519,05:59:33,113.922173,22.49169,0,0
25519,06:03:31,113.922173,22.49169,0,0
25519,06:09:41,113.922173,22.49169,0,0
25519,06:18:39,113.922173,22.49169,0,0
25519,06:19:49,113.922173,22.49169,0,0
25519,06:28:57,113.922173,22.49169,0,0
25519,06:32:47,113.922173,22.49169,0,0
25519,06:38:50,113.919525,22.490044,0,17
25519,06:39:50,113.916023,22.489656,0,33
25519,06:40:50,113.91185,22.489157,0,33
25519,06:41:49,113.910873,22.489559,0,0
25519,06:42:49,113.910942,22.489494,0,0
25519,06:43:49,113.910065,22.487867,0,34
25519,06:44:49,113.911888,22.488363,0,24
25519,06:45:49,113.914185,22.491362,0,20
25519,06:46:49,113.915611,22.4916,0,0
25519,06:47:49,113.916451,22.492807,0,27
25519,06:47:55,113.915611,22.4916,0,0
25519,06:48:49,113.919731,22.49317,0,0
25519,06:49:13,113.916451,22.492807,0,0
25519,06:49:49,113.919655,22.496662,0,28
25519,06:50:49,113.916481,22.499119,0,36
25519,06:51:49,113.917046,22.503103,0,0
25519,06:52:49,113.917206,22.503536,0,31
25519,06:53:49,113.919731,22.507641,0,27
25519,06:54:49,113.921013,22.504986,0,28
25519,06:55:49,113.921875,22.502932,0,0
25519,06:56:49,113.921539,22.500813,0,21
25519,06:57:49,113.916512,22.497915,0,44
25519,06:58:49,113.912872,22.493423,0,43
25519,06:59:22,113.916512,22.497915,0,0
25519,06:59:49,113.911613,22.490568,0,34
25519,07:00:49,113.909904,22.487568,0,0
25519,07:01:49,113.911011,22.489641,0,33
25519,07:02:49,113.913124,22.491167,0,13
25519,07:03:03,113.911011,22.489641,0,0
25519,07:03:49,113.913002,22.493994,0,24
25519,07:04:49,113.912148,22.494646,0,21
25519,07:05:49,113.914093,22.497349,0,35
25519,07:06:38,113.915443,22.499252,1,29
25519,07:06:49,113.915588,22.499645,1,24
25519,07:07:49,113.916908,22.502974,1,0
25519,07:08:49,113.918526,22.50692,1,9
25519,07:09:30,113.918526,22.50692,1,0
25519,07:09:49,113.918579,22.506998,1,0
25519,07:10:49,113.920113,22.511045,1,46
25519,07:11:49,113.922112,22.517347,1,39
25519,07:12:49,113.922035,22.517618,1,0
25519,07:13:49,113.924454,22.524254,1,62
25519,07:14:49,113.926338,22.533899,1,69
25519,07:15:49,113.927032,22.543253,1,50
25519,07:16:49,113.928711,22.55229,1,63
25519,07:17:49,113.929131,22.561468,1,61
25519,07:18:12,113.928711,22.55229,1,0
25519,07:18:49,113.929146,22.569887,1,43
25519,07:19:38,113.929146,22.569887,1,0
25519,07:19:49,113.928917,22.564962,1,55
25519,07:20:49,113.927979,22.560669,1,21
25519,07:21:49,113.925407,22.560682,1,0
25519,07:21:51,113.925407,22.560682,0,0
25519,07:22:49,113.925842,22.561262,0,18
25519,07:23:49,113.928711,22.560698,0,18
25519,07:24:49,113.928551,22.555269,0,47
25519,07:25:49,113.928337,22.549116,0,29
25519,07:26:49,113.925659,22.545862,0,28
25519,07:27:49,113.92247,22.544445,0,31
25519,07:28:49,113.922424,22.539198,0,0
25519,07:29:47,113.922424,22.539198,0,0
25519,07:29:49,113.92244,22.538822,0,28
25519,07:30:49,113.921829,22.535513,0,0
25519,07:31:24,113.921501,22.53553,1,27
25519,07:31:49,113.91996,22.536238,1,38
25519,07:32:49,113.919693,22.538572,1,0
25519,07:33:20,113.91996,22.536238,1,0
25519,07:33:49,113.919365,22.541119,1,47
25519,07:34:49,113.919212,22.542585,1,0
25519,07:35:49,113.916626,22.543383,1,36
25519,07:36:49,113.910385,22.547091,1,51
25519,07:37:49,113.907257,22.553993,1,32
25519,07:38:49,113.903954,22.557323,1,36
25519,07:39:49,113.900589,22.560316,1,37
25519,07:39:55,113.903954,22.557323,1,0
25519,07:40:49,113.898178,22.563744,1,9
25519,07:41:50,113.896103,22.56584,1,23
25519,07:42:50,113.894562,22.567423,1,0
25519,07:42:50,113.894562,22.567423,0,0
25519,07:43:50,113.89505,22.568323,0,17
25519,07:44:50,113.896942,22.569111,0,3
25519,07:45:50,113.896912,22.569004,0,0
25519,07:46:50,113.896629,22.5693,0,9
25519,07:47:36,113.895409,22.568876,1,30
25519,07:47:50,113.894173,22.567842,1,44
25519,07:48:29,113.895409,22.568876,1,0
25519,07:48:50,113.893944,22.565363,1,7
25519,07:49:50,113.897575,22.562357,1,57
25519,07:50:03,113.893944,22.565363,1,0
25519,07:50:50,113.902832,22.558292,1,33
25519,07:51:50,113.904572,22.556387,1,17
25519,07:52:50,113.905853,22.553539,1,18
25519,07:53:50,113.909439,22.547241,1,56
25519,07:54:50,113.909859,22.543287,1,26
25519,07:55:50,113.910225,22.538893,1,45
25519,07:56:34,113.910225,22.535908,0,1
25519,07:56:50,113.910263,22.535677,0,0
25519,07:57:50,113.910324,22.533007,0,37
25519,07:58:50,113.910217,22.529631,0,44
25519,07:59:50,113.909897,22.526873,0,0
25519,08:00:12,113.910217,22.529631,0,0
25519,08:00:50,113.910065,22.527004,0,0
25519,08:00:58,113.91011,22.527252,1,25
25519,08:01:50,113.910393,22.530252,1,0
25519,08:02:50,113.910355,22.53091,1,0
25519,08:03:37,113.910393,22.530252,1,0
25519,08:03:49,113.910469,22.534878,1,31
25519,08:04:49,113.913101,22.535334,1,0
25519,08:05:49,113.91375,22.535393,1,0
25519,08:06:49,113.913742,22.535398,1,0
25519,08:07:49,113.915649,22.535498,1,25
25519,08:08:49,113.915939,22.535482,1,0
25519,08:09:49,113.919479,22.535353,1,30
25519,08:10:20,113.915939,22.535482,1,0
25519,08:10:49,113.91964,22.53533,1,0
25519,08:11:49,113.922821,22.535385,1,0
25519,08:12:49,113.922882,22.535398,1,0
25519,08:13:49,113.924667,22.535378,1,42
25519,08:14:49,113.926125,22.535391,1,0
25519,08:15:49,113.928268,22.536072,1,20
25519,08:16:49,113.933807,22.538202,1,57
25519,08:17:49,113.933418,22.534588,1,52
25519,08:18:45,113.933418,22.534588,1,0
25519,08:18:49,113.932053,22.531071,1,53
25519,08:19:49,113.930428,22.528347,1,0
25519,08:20:28,113.932053,22.531071,1,0
25519,08:20:49,113.930389,22.528381,1,0
25519,08:21:49,113.932945,22.531843,1,68
25519,08:22:49,113.936935,22.534933,1,0
25519,08:23:49,113.937218,22.536285,1,14
25519,08:24:49,113.938148,22.536526,1,0
25519,08:25:03,113.938187,22.536478,0,0
25519,08:25:49,113.938461,22.536617,0,15
25519,08:26:49,113.936974,22.536158,0,10
25519,08:27:49,113.932358,22.531412,0,54
25519,08:28:49,113.928375,22.528294,0,18
25519,08:29:49,113.926376,22.528578,0,1
25519,08:30:28,113.926704,22.528557,1,23
25519,08:30:37,113.928375,22.528294,0,0
25519,08:30:49,113.928535,22.528393,1,39
25519,08:31:49,113.928383,22.523537,1,49
25519,08:32:49,113.927788,22.521067,1,13
25519,08:33:49,113.927742,22.52014,1,0
25519,08:33:53,113.927788,22.521067,1,0
25519,08:34:49,113.927711,22.519882,1,0
25519,08:35:49,113.927704,22.519823,1,8
25519,08:36:49,113.930923,22.519764,1,32
25519,08:37:48,113.931709,22.52039,0,1
25519,08:37:49,113.931717,22.520382,0,1
25519,08:38:01,113.931854,22.52046,1,8
25519,08:38:49,113.934029,22.522108,1,32
25519,08:39:49,113.936295,22.522627,1,34
25519,08:40:45,113.936295,22.522627,1,0
25519,08:40:49,113.940918,22.52182,1,44
25519,08:41:49,113.940994,22.526976,1,0
25519,08:42:49,113.940956,22.529543,1,25
25519,08:43:49,113.940933,22.532202,1,15
25519,08:44:49,113.940826,22.535223,1,0
25519,08:45:49,113.940811,22.535763,1,17
25519,08:46:49,113.940735,22.537947,1,0
25519,08:47:49,113.940712,22.538099,1,12
25519,08:48:49,113.940735,22.538788,1,0
25519,08:49:02,113.940712,22.538099,1,0
25519,08:49:49,113.940758,22.538794,1,0
25519,08:50:49,113.940697,22.542025,1,1
25519,08:50:53,113.940758,22.538794,1,0
25519,08:51:49,113.940628,22.544596,1,8
25519,08:52:49,113.94059,22.545771,1,0
25519,08:53:49,113.940575,22.545771,1,0
25519,08:54:49,113.940414,22.546202,1,14
25519,08:55:49,113.937271,22.546961,1,28
25519,08:56:27,113.936317,22.547197,0,0
25519,08:56:49,113.936211,22.54718,0,7
25519,08:57:49,113.933556,22.546213,0,8
25519,08:58:49,113.933617,22.543688,0,15
25519,08:59:49,113.933548,22.54282,0,0
25519,09:00:49,113.932411,22.542803,0,1
25519,09:01:02,113.933548,22.54282,0,0
25519,09:01:49,113.932045,22.542786,0,0
25519,09:02:49,113.930367,22.542875,0,27
25519,09:03:49,113.925819,22.543522,0,12
25519,09:04:10,113.930367,22.542875,0,0
25519,09:04:49,113.926651,22.543926,0,2
25519,09:05:49,113.92691,22.542782,0,4
25519,09:06:49,113.927315,22.542564,0,42
25519,09:07:49,113.933571,22.542288,0,25
25519,09:08:40,113.935814,22.542353,1,24
25519,09:08:49,113.936378,22.542381,1,19
25519,09:09:49,113.939941,22.542425,1,6
25519,09:10:49,113.940193,22.5424,1,8
25519,09:11:11,113.939941,22.542425,1,0
25519,09:12:49,113.940613,22.545692,1,0
25519,09:13:49,113.940041,22.5462,1,19
25519,09:14:49,113.937431,22.54615,1,0
25519,09:15:49,113.93589,22.547096,1,25
25519,09:16:49,113.931198,22.546978,1,6
25519,09:17:33,113.930954,22.54792,0,1
25519,09:17:49,113.930962,22.547907,0,0
25519,09:19:19,113.930954,22.54792,0,0
25519,09:19:49,113.930931,22.544247,0,0
25519,09:20:49,113.930786,22.543093,0,3
25519,09:21:19,113.930962,22.547907,0,0
25519,09:21:49,113.927437,22.542912,0,46
25519,09:24:35,113.926949,22.542501,0,26
25519,09:25:35,113.926979,22.540104,0,15
25519,09:26:35,113.927048,22.538815,0,12
25519,09:27:35,113.927032,22.537703,0,6
25519,09:28:35,113.92675,22.535637,0,27
25519,09:29:35,113.923714,22.535427,0,0
25519,09:30:35,113.92318,22.535374,0,0
25519,09:31:27,113.923714,22.535427,0,0
25519,09:31:35,113.925377,22.535387,0,6
25519,09:31:50,113.926155,22.535435,1,28
25519,09:32:35,113.927238,22.537527,1,40
25519,09:33:35,113.927078,22.54291,1,34
25519,09:34:27,113.927238,22.537527,1,0
25519,09:34:35,113.928734,22.549986,1,45
25519,09:35:35,113.928993,22.5581,1,56
25519,09:36:35,113.929153,22.563643,1,24
25519,09:37:34,113.930977,22.566303,1,34
25519,09:38:34,113.926254,22.566961,1,6
25519,09:39:34,113.922157,22.569946,1,28
25519,09:40:34,113.919098,22.574318,1,45
25519,09:41:34,113.91333,22.578196,1,67
25519,09:41:36,113.922157,22.569946,1,0
25519,09:42:34,113.906609,22.585432,1,68
25519,09:43:34,113.898209,22.594185,1,82
25519,09:44:34,113.887863,22.60195,1,76
25519,09:45:34,113.88427,22.60519,1,38
25519,09:46:34,113.879692,22.611618,1,55
25519,09:47:34,113.873695,22.618267,1,68
25519,09:48:34,113.864906,22.622671,1,53
25519,09:49:34,113.855263,22.626516,1,63
25519,09:49:35,113.873695,22.618267,1,0
25519,09:50:34,113.849915,22.628,1,51
25519,09:51:34,113.850304,22.627272,1,0
25519,09:51:44,113.849915,22.628,1,0
25519,09:52:34,113.850319,22.627201,1,1
25519,09:53:34,113.84848,22.623652,1,48
25519,09:54:34,113.838715,22.620546,1,70
25519,09:55:34,113.827293,22.616041,1,76
25519,09:56:34,113.817917,22.612213,1,56
25519,09:57:34,113.812981,22.619965,1,62
25519,09:58:34,113.811699,22.627783,1,50
25519,09:59:34,113.808632,22.627106,1,3
25519,09:59:45,113.80851,22.627033,0,0
25519,10:00:34,113.808418,22.626842,0,2
25519,10:01:34,113.807381,22.622154,0,47
25519,10:01:53,113.808418,22.626842,0,0
25519,10:02:34,113.810272,22.623447,0,57
25519,10:03:34,113.813408,22.623434,0,20
25519,10:04:44,113.810272,22.623447,0,0
25519,10:12:01,113.813408,22.623434,0,0
25519,10:19:52,113.813408,22.623434,0,0
25519,10:22:09,113.813408,22.623434,0,0
25519,10:29:19,113.813721,22.624125,0,8
25519,10:30:23,113.813774,22.624458,0,0
25519,10:31:23,113.813744,22.624441,0,0
25519,10:32:18,113.813774,22.624458,0,0
25519,10:32:23,113.813766,22.624462,0,0
25519,10:33:23,113.813431,22.625057,0,0
25519,10:34:23,113.813416,22.625072,0,0
25519,10:35:00,113.813431,22.625057,0,0
25519,10:35:23,113.813408,22.625063,0,0
25519,10:36:23,113.813316,22.625278,0,19
25519,10:37:23,113.81279,22.626244,0,19
25519,10:38:23,113.812523,22.626753,0,0
25519,10:39:22,113.812523,22.62681,0,0
25519,10:40:22,113.812279,22.627251,0,0
25519,10:41:22,113.811577,22.628017,0,5
25519,10:42:22,113.811272,22.627785,0,22
25519,10:42:26,113.812279,22.627251,0,0
25519,10:43:22,113.809769,22.627209,0,6
25519,10:44:22,113.809937,22.626722,0,0
25519,10:45:22,113.810059,22.626574,0,0
25519,10:45:41,113.810043,22.626432,1,7
25519,10:46:22,113.807014,22.624155,1,44
25519,10:47:22,113.810371,22.617149,1,64
25519,10:48:22,113.816391,22.610062,1,58
25519,10:49:22,113.823112,22.613949,1,69
25519,10:50:08,113.816391,22.610062,1,0
25519,10:50:22,113.832848,22.618549,1,72
25519,10:51:22,113.84375,22.621788,1,70
25519,10:52:22,113.85173,22.625351,1,0
25519,10:52:35,113.832848,22.618549,1,0
25519,10:53:22,113.860252,22.624104,1,81
25519,10:54:22,113.872185,22.619125,1,86
25519,10:55:22,113.881218,22.6091,1,83
25519,10:56:22,113.889694,22.60046,1,86
25519,10:57:22,113.900017,22.592239,1,77
25519,10:58:22,113.908562,22.583258,1,94
25519,10:59:21,113.917786,22.573362,1,70
25519,11:00:21,113.924065,22.567541,1,71
25519,11:01:22,113.938164,22.565199,1,92
25519,11:02:21,113.953514,22.563692,1,99
25519,11:02:43,113.938164,22.565199,1,0
25519,11:03:21,113.968506,22.560513,1,87
25519,11:04:21,113.980438,22.553623,1,90
25519,11:05:17,113.968506,22.560513,1,0
25519,11:05:21,113.993675,22.546661,1,98
25519,11:06:21,114.006416,22.542419,1,67
25519,11:07:21,114.009613,22.539478,1,2
25519,11:08:21,114.011772,22.535007,1,39
25519,11:09:21,114.012115,22.529648,1,46
25519,11:10:21,114.018921,22.531898,1,50
25519,11:11:21,114.028534,22.530434,1,73
25519,11:12:21,114.039352,22.530737,1,61
25519,11:12:51,114.028534,22.530434,1,0
25519,11:13:21,114.049278,22.531269,1,54
25519,11:14:21,114.057167,22.531334,1,48
25519,11:15:21,114.059326,22.526892,1,32
25519,11:15:50,114.059425,22.526278,0,0
25519,11:16:21,114.058495,22.525908,0,31
25519,11:17:21,114.053223,22.52564,0,44
25519,11:18:21,114.051727,22.525713,0,0
25519,11:19:21,114.050957,22.525726,0,36
25519,11:20:21,114.047325,22.525684,0,0
25519,11:20:25,114.051727,22.525713,0,0
25519,11:21:21,114.044853,22.526239,0,23
25519,11:22:21,114.044769,22.531452,0,35
25519,11:23:00,114.044853,22.526239,0,0
25519,11:23:21,114.040939,22.531227,0,45
25519,11:24:21,114.033142,22.530506,0,48
25519,11:25:21,114.026863,22.531153,0,44
25519,11:26:21,114.021019,22.532368,0,3
25519,11:27:21,114.019829,22.533852,0,0
25519,11:28:21,114.019669,22.535583,0,11
25519,11:29:21,114.019646,22.535761,0,0
25519,11:30:21,114.019096,22.53784,0,23
25519,11:31:21,114.023895,22.539667,0,54
25519,11:32:21,114.030327,22.540697,0,22
25519,11:33:08,114.023895,22.539667,0,0
25519,11:33:21,114.02681,22.540291,0,45
25519,11:34:21,114.021118,22.539352,0,30
25519,11:35:21,114.018448,22.53912,0,18
25519,11:35:22,114.018364,22.539118,1,14
25519,11:35:33,114.02681,22.540291,0,0
25519,11:36:21,114.017982,22.539272,1,3
25519,11:37:21,114.018066,22.539907,1,0
25519,11:38:21,114.018127,22.539921,1,0
25519,11:39:21,114.02005,22.540638,1,26
25519,11:43:16,114.02005,22.540638,1,0
25519,11:43:21,114.02494,22.540703,1,3
25519,11:44:21,114.02224,22.539835,1,32
25519,11:45:21,114.024246,22.535343,1,38
25519,11:46:21,114.025551,22.531746,1,20
25519,11:47:21,114.025841,22.533756,1,29
25519,11:48:21,114.027946,22.532948,1,16
25519,11:48:52,114.028122,22.532555,0,1
25519,11:49:21,114.028114,22.532534,0,0
25519,11:50:21,114.028412,22.531254,0,0
25519,11:50:42,114.028122,22.532555,0,0
25519,11:51:21,114.027771,22.530975,0,32
25519,11:52:09,114.026375,22.531307,1,27
25519,11:52:21,114.025085,22.531643,1,51
25519,11:53:21,114.022682,22.533762,1,9
25519,11:53:25,114.027771,22.530975,0,0
25519,11:54:21,114.022667,22.53417,1,0
25519,11:55:21,114.022568,22.534449,1,15
25519,11:56:21,114.024452,22.534283,1,39
25519,11:57:21,114.026817,22.52944,1,64
25519,11:58:21,114.032593,22.526114,1,50
25519,11:59:21,114.037086,22.523912,1,0
25519,12:00:21,114.037094,22.523899,1,0
25519,12:01:21,114.041542,22.521297,1,0
25519,12:02:21,114.042648,22.522146,1,35
25519,12:03:21,114.045395,22.521603,1,21
25519,12:03:33,114.041542,22.521297,1,0
25519,12:04:00,114.046585,22.521162,0,0
25519,12:04:21,114.046722,22.521181,0,10
25519,12:05:21,114.050362,22.521252,1,34
25519,12:05:50,114.046585,22.521162,0,0
25519,12:06:21,114.050896,22.518518,1,0
25519,12:07:21,114.050941,22.518513,1,0
25519,12:08:21,114.058327,22.519575,1,47
25519,12:09:21,114.058914,22.519829,1,0
25519,12:10:21,114.060768,22.520924,1,0
25519,12:11:21,114.063225,22.525612,1,12
25519,12:12:21,114.063179,22.528337,1,65
25519,12:13:21,114.066093,22.531553,1,54
25519,12:13:41,114.063225,22.525612,1,0
25519,12:14:21,114.069893,22.531683,1,3
25519,12:15:21,114.072334,22.531742,1,22
25519,12:16:21,114.074844,22.531778,1,17
25519,12:17:21,114.077179,22.531977,1,17
25519,12:18:21,114.078659,22.533829,1,14
25519,12:19:21,114.079834,22.535948,1,26
25519,12:20:21,114.081795,22.538464,1,17
25519,12:20:58,114.081596,22.539112,0,0
25519,12:20:59,114.079834,22.535948,1,0
25519,12:21:21,114.081596,22.539118,0,0
25519,12:21:26,114.081528,22.539248,1,11
25519,12:22:21,114.081535,22.539457,1,7
25519,12:23:21,114.081528,22.540222,1,0
25519,12:23:50,114.081528,22.539248,1,0
25519,12:24:21,114.081543,22.540218,1,0
25519,12:25:21,114.081963,22.543015,1,21
25519,12:26:21,114.08709,22.543344,1,21
25519,12:27:21,114.084282,22.54331,1,11
25519,12:28:21,114.08419,22.545046,1,0
25519,12:29:21,114.084213,22.545597,1,14
25519,12:30:21,114.084122,22.546515,1,0
25519,12:31:21,114.084106,22.547106,1,16
25519,12:32:21,114.08403,22.548542,1,21
25519,12:32:55,114.08403,22.548542,1,0
25519,12:33:21,114.083946,22.549217,1,7
25519,12:34:09,114.082901,22.549137,0,2
25519,12:34:21,114.082367,22.54916,0,13
25519,12:35:04,114.082367,22.54916,0,0
25519,12:35:21,114.078979,22.549143,0,0
25519,12:36:21,114.07869,22.547218,0,0
25519,12:37:21,114.079185,22.546385,0,4
25519,12:38:21,114.079369,22.545612,0,0
25519,12:39:21,114.079216,22.545452,0,12
25519,12:39:22,114.079208,22.545387,1,11
25519,12:40:21,114.079361,22.543234,1,10
25519,12:41:21,114.077087,22.543167,1,0
25519,12:42:21,114.07299,22.543093,1,33
25519,12:43:03,114.07299,22.543093,1,0
25519,12:43:21,114.068092,22.545776,1,53
25519,12:44:21,114.068001,22.549742,1,12
25519,12:45:21,114.068001,22.550117,1,19
25519,12:46:21,114.06781,22.556883,1,39
25519,12:47:21,114.067711,22.561672,1,48
25519,12:48:21,114.067711,22.568043,1,23
25519,12:49:21,114.067398,22.57342,1,45
25519,12:50:13,114.067398,22.57342,1,0
25519,12:50:21,114.061691,22.578009,1,56
25519,12:51:21,114.054596,22.581678,1,44
25519,12:52:21,114.051399,22.588795,1,61
25519,12:53:12,114.051399,22.588795,1,0
25519,12:53:21,114.046249,22.596945,1,54
25519,12:54:21,114.044006,22.603155,1,42
25519,12:55:21,114.049652,22.604404,1,0
25519,12:56:21,114.053299,22.606733,1,46
25519,12:57:21,114.054024,22.607807,1,0
25519,12:58:21,114.054794,22.610313,1,46
25519,12:58:57,114.055206,22.611973,0,0
25519,12:59:21,114.055244,22.611979,0,0
25519,12:59:41,114.05526,22.612221,1,22
25519,13:00:21,114.055862,22.61684,1,54
25519,13:01:21,114.055702,22.622978,1,51
25519,13:02:21,114.056053,22.629316,1,28
25519,13:03:20,114.056053,22.629316,1,0
25519,13:03:21,114.063545,22.62981,1,49
25519,13:04:21,114.071281,22.630013,1,56
25519,13:05:21,114.071281,22.630013,1,0
25519,13:06:21,114.078468,22.628733,1,44
25519,13:07:21,114.080841,22.628279,1,0
25519,13:08:21,114.084694,22.627951,1,49
25519,13:09:21,114.092812,22.631968,1,64
25519,13:10:21,114.100311,22.627817,1,38
25519,13:11:21,114.102272,22.624329,1,17
25519,13:12:21,114.104897,22.620424,1,21
25519,13:13:21,114.105881,22.616102,1,0
25519,13:13:29,114.104897,22.620424,1,0
25519,13:14:21,114.105904,22.616079,1,3
25519,13:15:21,114.10791,22.61132,1,0
25519,13:16:21,114.107887,22.611328,1,0
25519,13:17:21,114.108902,22.610567,1,46
25519,13:18:21,114.11113,22.608097,1,0
25519,13:19:21,114.112694,22.605494,1,3
25519,13:20:21,114.112923,22.604881,1,9
25519,13:20:29,114.112694,22.605494,1,0
25519,13:20:43,114.1129,22.604813,0,0
25519,13:21:21,114.112976,22.604788,0,0
25519,13:22:21,114.113106,22.604626,0,19
25519,13:23:21,114.11235,22.601452,0,0
25519,13:23:37,114.113106,22.604626,0,0
25519,13:24:21,114.11232,22.60144,0,2
25519,13:24:37,114.112221,22.601135,1,11
25519,13:25:21,114.11274,22.600218,1,18
25519,13:26:21,114.110146,22.594595,1,63
25519,13:27:21,114.111931,22.585953,1,54
25519,13:28:21,114.115501,22.578865,1,47
25519,13:29:21,114.116692,22.576351,1,38
25519,13:30:21,114.123375,22.576447,1,47
25519,13:31:21,114.132683,22.577042,1,69
25519,13:33:21,114.14061,22.561184,1,54
25519,13:34:21,114.139366,22.555983,1,29
25519,13:35:21,114.142082,22.555637,1,52
25519,13:35:38,114.139366,22.555983,1,0
25519,13:36:21,114.151787,22.556658,1,71
25519,13:37:21,114.160416,22.562187,1,57
25519,13:38:21,114.169945,22.562653,1,59
25519,13:39:21,114.178749,22.558968,1,66
25519,13:47:21,114.252335,22.576588,1,76
25519,13:48:21,114.261543,22.583727,1,74
25519,13:49:21,114.269585,22.59165,1,65
25519,13:50:21,114.280136,22.590057,1,69
25519,13:50:46,114.269585,22.59165,1,0
25519,13:53:20,114.296799,22.602913,1,1
25519,13:54:21,114.299545,22.605087,1,69
25519,13:55:20,114.309334,22.604097,1,56
25519,13:56:20,114.317703,22.605257,1,56
25519,13:57:21,114.319603,22.606808,1,4
25519,13:58:21,114.32196,22.607084,1,55
25519,13:59:16,114.323219,22.605116,0,0
25519,13:59:20,114.323219,22.605118,0,0
25519,14:00:20,114.322899,22.604998,0,18
25519,14:01:20,114.320335,22.602827,0,30
25519,14:02:20,114.320091,22.598787,0,29
25519,14:03:20,114.315987,22.599518,0,31
25519,14:04:11,114.315987,22.599518,0,0
25519,14:04:20,114.311409,22.60158,0,39
25519,14:05:20,114.306831,22.601101,0,0
25519,14:05:54,114.311409,22.60158,0,0
25519,14:06:20,114.304596,22.598719,0,30
25519,14:07:21,114.302559,22.596634,0,46
25519,14:08:21,114.299515,22.594917,0,29
25519,14:09:21,114.297325,22.598766,0,26
25519,14:10:21,114.29509,22.60305,0,43
25519,14:11:21,114.299225,22.605692,0,28
25519,14:12:21,114.29483,22.601067,0,51
25519,14:14:21,114.28154,22.590258,0,67
25519,14:15:21,114.271385,22.591858,0,70
25519,14:16:21,114.263618,22.586437,0,60
25519,14:17:21,114.256012,22.579355,0,71
25519,14:24:21,114.194435,22.559698,0,62
25519,14:26:21,114.17675,22.560802,0,52
25519,14:27:21,114.170319,22.563131,0,34
25519,14:28:06,114.166756,22.56307,1,46
25519,14:28:21,114.164886,22.563007,1,51
25519,14:29:21,114.157745,22.561258,1,51
25519,14:30:21,114.150505,22.556328,1,57
25519,14:31:21,114.144356,22.556593,1,12
25519,14:32:21,114.142334,22.555134,1,0
25519,14:32:35,114.142349,22.555107,0,2
25519,14:33:21,114.142761,22.556185,0,17
25519,14:34:21,114.143867,22.555712,0,19
25519,14:34:36,114.142761,22.556185,0,0
25519,14:35:21,114.138199,22.556767,0,43
25519,14:36:11,114.143867,22.555712,0,0
25519,14:36:21,114.137962,22.552679,0,6
25519,14:36:34,114.137672,22.552113,1,27
25519,14:37:21,114.133873,22.549326,1,52
25519,14:38:21,114.129372,22.548582,1,32
25519,14:39:21,114.125832,22.547976,1,26
25519,14:40:21,114.121788,22.547281,1,48
25519,14:41:21,114.118027,22.546709,1,0
25519,14:42:21,114.114685,22.546167,1,39
25519,14:43:21,114.10849,22.545082,1,41
25519,14:44:21,114.10463,22.544462,1,20
25519,14:44:44,114.10849,22.545082,1,0
25519,14:45:21,114.100586,22.543674,1,0
25519,14:46:21,114.100571,22.543682,1,0
25519,14:48:21,114.094238,22.543549,1,0
25519,14:49:21,114.090805,22.543476,1,40
25519,14:50:21,114.088081,22.544424,1,3
25519,14:51:19,114.088081,22.544424,1,0
25519,14:51:21,114.087982,22.547388,1,19
25519,14:52:21,114.086632,22.549189,1,1
25519,14:53:21,114.085602,22.549274,1,1
25519,14:54:21,114.085442,22.549351,1,0
25519,14:54:52,114.085602,22.549274,1,0
25519,14:55:21,114.084572,22.549311,1,0
25519,14:56:21,114.084503,22.549288,1,0
25519,14:57:21,114.082031,22.549231,1,0
25519,14:57:31,114.08197,22.549236,0,0
25519,14:58:21,114.080818,22.549202,0,0
25519,14:59:21,114.077667,22.549097,0,21
25519,15:00:21,114.076668,22.549091,0,0
25519,15:01:21,114.076004,22.546513,0,44
25519,15:02:21,114.076073,22.545862,0,0
25519,15:02:35,114.07608,22.545668,1,20
25519,15:03:21,114.076172,22.54332,1,0
25519,15:04:21,114.076157,22.543312,1,0
25519,15:05:01,114.076172,22.54332,1,0
25519,15:05:21,114.076141,22.543318,1,0
25519,15:06:21,114.080368,22.543137,1,33
25519,15:06:28,114.076141,22.543318,1,0
25519,15:07:21,114.085274,22.543222,1,22
25519,15:08:21,114.089127,22.543385,1,26
25519,15:09:21,114.09034,22.543343,1,0
25519,15:10:21,114.095261,22.543434,1,48
25519,15:11:21,114.096909,22.543489,1,0
25519,15:12:21,114.09697,22.543514,1,0
25519,15:13:21,114.09861,22.543507,1,0
25519,15:14:21,114.09861,22.543491,1,0
25519,15:15:09,114.09861,22.543507,1,0
25519,15:15:21,114.099777,22.543522,1,30
25519,15:16:21,114.105782,22.544647,1,17
25519,15:17:21,114.111366,22.545551,1,39
25519,15:18:21,114.112976,22.545927,1,17
25519,15:19:21,114.115799,22.546537,1,12
25519,15:20:21,114.118385,22.543964,1,29
25519,15:20:52,114.119553,22.544397,0,1
25519,15:21:21,114.119576,22.544397,0,0
25519,15:21:36,114.118385,22.543964,1,0
25519,15:22:21,114.119781,22.544348,0,17
25519,15:23:21,114.118591,22.544012,0,0
25519,15:24:21,114.118423,22.544092,0,0
25519,15:25:17,114.118591,22.544012,0,0
25519,15:25:21,114.118576,22.543987,0,0
25519,15:26:21,114.116623,22.543152,0,3
25519,15:27:21,114.115616,22.542772,0,0
25519,15:28:21,114.114891,22.542566,0,0
25519,15:29:21,114.114296,22.542498,0,16
25519,15:30:21,114.111801,22.542055,0,0
25519,15:31:21,114.111794,22.541983,0,0
25519,15:32:21,114.111168,22.542427,0,0
25519,15:33:21,114.111053,22.543089,0,0
25519,15:34:21,114.110893,22.543398,0,1
25519,15:35:21,114.11084,22.543436,0,3
25519,15:35:26,114.110893,22.543398,0,0
25519,15:36:21,114.110924,22.543823,0,0
25519,15:36:44,114.11084,22.543436,0,0
25519,15:37:21,114.110634,22.543922,0,1
25519,15:38:21,114.110802,22.543922,0,0
25519,15:39:21,114.110268,22.543913,0,2
25519,15:40:21,114.110245,22.543846,0,4
25519,15:41:21,114.110115,22.543287,0,9
25519,15:42:21,114.110306,22.542868,0,0
25519,15:43:21,114.110626,22.539333,0,20
25519,15:44:21,114.111008,22.535934,0,6
25519,15:45:21,114.111198,22.534393,0,22
25519,15:45:34,114.111008,22.535934,0,0
25519,15:46:21,114.111046,22.533936,0,3
25519,15:47:21,114.111534,22.532,0,11
25519,15:48:21,114.11097,22.531605,0,16
25519,15:49:21,114.111649,22.532963,0,38
25519,15:49:25,114.111565,22.533478,1,41
25519,15:50:21,114.111267,22.535439,1,4
25519,15:51:21,114.111031,22.53775,1,27
25519,15:51:53,114.111267,22.535439,1,0
25519,15:52:21,114.107262,22.537207,1,45
25519,15:53:21,114.10141,22.538303,1,46
25519,15:54:21,114.094162,22.538195,1,29
25519,15:55:21,114.091255,22.538191,1,8
25519,15:55:43,114.094162,22.538195,1,0
25519,15:56:21,114.088242,22.537601,1,22
25519,15:57:21,114.085426,22.537479,1,18
25519,15:58:21,114.082474,22.537428,1,18
25519,15:59:21,114.079887,22.536417,1,24
25519,16:00:21,114.077919,22.533518,1,26
25519,16:01:21,114.074326,22.531879,1,39
25519,16:02:21,114.06707,22.531775,1,57
25519,16:03:21,114.056526,22.531628,1,62
25519,16:04:21,114.047859,22.531483,1,64
25519,16:05:21,114.037468,22.530678,1,71
25519,16:05:51,114.047859,22.531483,1,0
25519,16:06:21,114.028267,22.530678,1,33
25519,16:07:01,114.037468,22.530678,1,0
25519,16:07:21,114.02002,22.532263,1,42
25519,16:08:21,114.013885,22.530832,1,47
25519,16:11:21,113.987625,22.52408,1,50
25519,16:12:21,113.978638,22.523018,1,73
25519,16:13:21,113.967018,22.52294,1,73
25519,16:14:21,113.956093,22.523298,1,58
25519,16:15:21,113.945892,22.524506,1,61
25519,16:15:59,113.956093,22.523298,1,0
25519,16:16:21,113.938782,22.525654,1,37
25519,16:17:21,113.935326,22.520645,1,56
25519,16:18:21,113.934563,22.518497,1,25
25519,16:19:21,113.93261,22.511812,1,62
25519,16:20:21,113.927986,22.508112,1,48
25519,16:21:21,113.927422,22.508083,1,0
25519,16:22:09,113.927986,22.508112,1,0
25519,16:22:21,113.927414,22.508053,1,0
25519,16:23:21,113.927818,22.503403,1,13
25519,16:24:21,113.928757,22.498611,1,0
25519,16:25:21,113.928795,22.498533,1,12
25519,16:26:08,113.928757,22.498611,1,0
25519,16:26:21,113.929199,22.494963,1,1
25519,16:30:13,113.929474,22.494713,1,0
25519,16:31:14,113.929543,22.494711,1,10
25519,16:32:14,113.929466,22.492413,1,12
25519,16:33:14,113.929214,22.492161,1,0
25519,16:34:14,113.92923,22.491978,1,0
25519,16:35:14,113.92926,22.491922,1,0
25519,16:36:14,113.927704,22.491543,1,16
25519,16:36:16,113.92923,22.491978,1,0
25519,16:37:14,113.925209,22.491253,1,25
25519,16:37:18,113.92926,22.491922,1,0
25519,16:38:14,113.922836,22.492847,1,15
25519,16:46:25,113.922836,22.492847,1,0
25519,16:50:54,113.922295,22.491926,1,0
25519,16:51:08,113.922394,22.491978,0,0
25519,16:51:36,113.922386,22.491978,1,0
25519,16:51:54,113.922417,22.492023,1,2
25519,16:52:21,113.922737,22.492851,0,19
25519,16:52:26,113.922394,22.491978,0,0
25519,16:52:54,113.922089,22.493587,0,26
25519,16:53:46,113.921303,22.493507,1,2
25519,16:53:54,113.921036,22.493452,1,22
25519,16:54:53,113.917412,22.493347,1,33
25519,16:55:53,113.91375,22.496136,1,7
25519,16:56:33,113.917412,22.493347,1,0
25519,16:56:52,113.91217,22.494638,1,1
25519,16:57:52,113.910217,22.490772,1,0
25519,16:58:52,113.908218,22.486538,1,4
25519,16:59:52,113.907227,22.482609,1,60
25519,17:00:52,113.907181,22.481806,1,27
25519,17:01:52,113.908409,22.480017,1,18
25519,17:02:21,113.908165,22.47975,0,0
25519,17:02:52,113.908325,22.479692,0,21
25519,17:03:13,113.908562,22.479877,1,10
25519,17:03:52,113.908043,22.481844,1,34
25519,17:04:52,113.911583,22.484293,1,14
25519,17:05:52,113.916748,22.488251,1,46
25519,17:06:41,113.911583,22.484293,1,0
25519,17:06:52,113.919136,22.488514,1,17
25519,17:07:34,113.916748,22.488251,1,0
25519,17:07:52,113.924149,22.487013,1,0
25519,17:08:52,113.925842,22.486374,1,0
25519,17:09:52,113.929962,22.484886,1,59
25519,17:10:52,113.93531,22.486078,1,49
25519,17:11:52,113.939247,22.489445,1,41
25519,17:12:52,113.942307,22.490259,1,42
25519,17:13:52,113.946709,22.493958,1,18
25519,17:14:52,113.94651,22.49781,1,67
25519,17:15:52,113.946548,22.507935,1,51
25519,17:16:50,113.94651,22.49781,1,0
25519,17:16:52,113.948265,22.517227,1,62
25519,17:17:52,113.949387,22.525217,1,52
25519,17:18:52,113.950836,22.536022,1,55
25519,17:19:52,113.954315,22.542902,1,48
25519,17:20:52,113.953491,22.552715,1,78
25519,17:21:52,113.957138,22.556093,1,53
25519,17:22:43,113.953491,22.552715,1,0
25519,17:22:52,113.961952,22.555813,1,36
25519,17:23:52,113.964287,22.559681,1,52
25519,17:24:52,113.967308,22.56259,1,39
25519,17:25:52,113.970512,22.561367,1,26
25519,17:26:52,113.972061,22.560869,1,13
25519,17:26:59,113.967308,22.56259,1,0
25519,17:27:52,113.975189,22.559742,1,23
25519,17:28:52,113.977348,22.559759,1,0
25519,17:29:33,113.978195,22.559793,0,0
25519,17:29:52,113.978188,22.559799,0,0
25519,17:30:52,113.975838,22.559776,0,50
25519,17:31:12,113.975182,22.559795,1,14
25519,17:31:52,113.972481,22.560726,1,18
25519,17:32:52,113.969131,22.561993,1,15
25519,17:33:52,113.967163,22.562698,1,0
25519,17:34:52,113.967163,22.562696,1,0
25519,17:35:52,113.964447,22.559772,1,25
25519,17:36:52,113.961899,22.558107,1,40
25519,17:37:07,113.967163,22.562696,1,0
25519,17:37:51,113.964447,22.559772,1,0
25519,17:37:52,113.960678,22.549923,1,22
25519,17:38:52,113.960632,22.549719,1,14
25519,17:39:52,113.960304,22.547279,1,0
25519,17:40:52,113.962921,22.547066,1,16
25519,17:41:52,113.963905,22.545717,1,12
25519,17:42:49,113.96405,22.544594,0,0
25519,17:42:52,113.964043,22.544594,0,0
25519,17:43:39,113.963936,22.544395,1,0
25519,17:43:52,113.963898,22.544308,1,10
25519,17:46:52,113.954277,22.543497,1,53
25519,17:47:16,113.963898,22.544308,1,0
25519,17:47:52,113.95034,22.54347,1,0
25519,17:48:52,113.946617,22.543352,1,58
25519,17:49:52,113.938644,22.542988,1,40
25519,17:50:52,113.931145,22.542801,1,44
25519,17:51:52,113.927376,22.545937,1,57
25519,17:52:52,113.928673,22.553181,1,56
25519,17:52:59,113.931145,22.542801,1,0
25519,17:53:52,113.9291,22.561666,1,55
25519,17:54:52,113.928993,22.568649,1,55
25519,17:55:52,113.925293,22.577948,1,75
25519,17:56:52,113.925537,22.591286,1,96
25519,17:57:24,113.928993,22.568649,1,0
25519,17:57:52,113.927246,22.602327,1,8
25519,17:58:52,113.926346,22.611334,1,91
25519,17:59:52,113.917496,22.622564,1,88
25519,18:00:52,113.910255,22.631618,1,67
25519,18:01:52,113.906822,22.641804,1,77
25519,18:02:52,113.901649,22.653284,1,84
25519,18:03:52,113.893051,22.662107,1,83
25519,18:04:52,113.889626,22.674509,1,87
25519,18:05:52,113.886612,22.68667,1,79
25519,18:06:52,113.886894,22.698839,1,83
25519,18:07:33,113.886612,22.68667,1,0
25519,18:07:52,113.882103,22.712822,1,96
25519,18:08:08,113.886612,22.68667,1,0
25519,18:08:52,113.882408,22.727032,1,98
25519,18:09:52,113.881393,22.741686,1,101
25519,18:10:52,113.87738,22.756695,1,99
25519,18:11:52,113.868507,22.768009,1,92
25519,18:12:52,113.866913,22.780712,1,75
25519,18:21:52,113.875664,22.824141,1,0
25519,18:22:52,113.875534,22.824026,1,0
25519,18:23:16,113.875732,22.824217,1,0
25519,18:25:52,113.878693,22.818615,1,26
25519,18:26:50,113.875534,22.824026,1,0
25519,18:26:52,113.879341,22.817135,0,0
25519,18:27:52,113.878098,22.816788,0,40
25519,18:28:52,113.875786,22.811737,0,31
25519,18:29:52,113.871788,22.810646,0,41
25519,18:30:52,113.867271,22.809931,0,55
25519,18:31:52,113.85997,22.80714,0,25
25519,18:32:52,113.85714,22.807077,0,43
25519,18:33:52,113.85334,22.807014,0,0
25519,18:34:52,113.85144,22.806955,0,50
25519,18:35:52,113.846802,22.806883,0,0
25519,18:36:52,113.844627,22.806843,0,41
25519,18:36:58,113.846802,22.806883,0,0
25519,18:37:25,113.846802,22.806883,0,0
25519,18:37:52,113.841019,22.806202,0,0
25519,18:38:52,113.838432,22.804926,0,37
25519,18:39:52,113.833885,22.802649,0,12
25519,18:40:52,113.833374,22.802393,0,21
25519,18:41:52,113.83429,22.799437,0,48
25519,18:42:52,113.832848,22.796585,0,40
25519,18:43:52,113.831055,22.79455,0,10
25519,18:44:52,113.831757,22.79384,0,30
25519,18:45:52,113.832901,22.788057,0,50
25519,18:46:52,113.83522,22.781723,0,54
25519,18:47:07,113.832901,22.788057,0,0
25519,18:47:52,113.83889,22.775553,0,53
25519,18:48:52,113.841469,22.772387,0,21
25519,18:49:52,113.841988,22.771782,0,4
25519,18:50:52,113.842194,22.77153,0,0
25519,18:52:33,113.842194,22.77153,0,0
25519,18:57:16,113.842194,22.77153,0,0
25519,19:07:24,113.842194,22.77153,0,0
25519,19:07:42,113.842194,22.77153,0,0
25519,19:17:32,113.842194,22.77153,0,0
25519,19:22:50,113.842194,22.77153,0,0
25519,19:27:41,113.842194,22.77153,0,0
25519,19:34:34,113.844803,22.765667,0,26
25519,19:35:34,113.844551,22.762491,0,33
25519,19:36:34,113.843353,22.754997,0,63
25519,19:37:33,113.842377,22.745863,0,69
25519,19:37:49,113.843353,22.754997,0,0
25519,19:37:59,113.843353,22.754997,0,0
25519,19:38:33,113.839745,22.736456,0,54
25519,19:39:33,113.8367,22.728243,0,56
25519,19:40:33,113.833031,22.719723,0,47
25519,19:41:33,113.829292,22.711782,0,61
25519,19:42:33,113.827477,22.702818,0,40
25519,19:43:33,113.82814,22.693489,0,73
25519,19:44:33,113.824249,22.684057,0,63
25519,19:45:33,113.823524,22.674812,0,47
25519,19:46:33,113.823547,22.666285,0,68
25519,19:47:33,113.821861,22.657078,0,55
25519,19:47:58,113.823547,22.666285,0,0
25519,19:48:33,113.826004,22.650255,0,58
25519,19:49:33,113.831276,22.643221,0,55
25519,19:50:33,113.83696,22.63728,0,53
25519,19:51:32,113.842644,22.63085,0,44
25519,19:52:32,113.845558,22.625433,0,25
25519,19:53:07,113.842644,22.63085,0,0
25519,19:53:33,113.844681,22.622299,0,45
25519,19:54:32,113.833763,22.619087,0,76
25519,19:55:32,113.823105,22.614206,0,74
25519,19:56:32,113.816933,22.613295,0,57
25519,19:57:32,113.812057,22.622355,0,47
25519,19:58:06,113.816933,22.613295,0,0
25519,20:02:21,113.809692,22.627369,0,0
25519,20:03:21,113.809914,22.626707,0,3
25519,20:04:21,113.810043,22.62669,0,0
25519,20:04:48,113.810043,22.626617,1,7
25519,20:05:21,113.807991,22.624695,1,65
25519,20:06:21,113.810272,22.617462,1,76
25519,20:07:21,113.815765,22.610149,1,55
25519,20:08:15,113.815765,22.610149,1,0
25519,20:08:16,113.815765,22.610149,1,0
25519,20:08:21,113.823654,22.61422,1,76
25519,20:09:21,113.833488,22.618828,1,68
25519,20:10:21,113.844765,22.62207,1,66
25519,20:11:21,113.851875,22.625338,1,14
25519,20:12:21,113.861664,22.623674,1,88
25519,20:13:21,113.872696,22.618927,1,69
25519,20:14:21,113.88176,22.608397,1,96
25519,20:15:21,113.891571,22.599218,1,78
25519,20:16:21,113.901527,22.590816,1,92
25519,20:17:21,113.911911,22.579638,1,89
25519,20:18:21,113.919113,22.572763,1,53
25519,20:18:23,113.911911,22.579638,1,0
25519,20:19:21,113.924698,22.567247,1,75
25519,20:20:21,113.936646,22.565243,1,91
25519,20:21:21,113.951195,22.564144,1,102
25519,20:22:21,113.966606,22.560974,1,94
25519,20:23:21,113.978737,22.555111,1,91
25519,20:23:24,113.966606,22.560974,1,0
25519,20:24:21,113.991653,22.547417,1,105
25519,20:25:21,114.005745,22.542955,1,93
25519,20:26:21,114.014702,22.530758,1,104
25519,20:27:21,114.02713,22.521017,1,98
25519,20:28:21,114.041695,22.513861,1,103
25519,20:28:32,114.02713,22.521017,1,0
25519,20:29:21,114.057396,22.515722,1,65
25519,20:30:21,114.058327,22.516178,1,0
25519,20:31:21,114.063293,22.520508,1,72
25519,20:32:21,114.067833,22.521023,1,6
25519,20:33:01,114.068115,22.521605,0,0
25519,20:33:21,114.068153,22.521555,0,0
25519,20:34:21,114.066177,22.522648,0,26
25519,20:35:21,114.067703,22.523748,0,46
25519,20:36:21,114.067955,22.523849,0,3
25519,20:37:04,114.067726,22.523888,1,8
25519,20:37:21,114.067574,22.524477,1,17
25519,20:38:21,114.068268,22.531776,1,66
25519,20:38:33,114.067574,22.524477,1,0
25519,20:38:40,114.067574,22.524477,1,0
25519,20:39:21,114.069611,22.538565,1,36
25519,20:40:21,114.07225,22.535927,1,5
25519,20:41:21,114.073967,22.535322,1,2
25519,20:42:21,114.075256,22.534462,1,24
25519,20:43:21,114.0756,22.534281,1,0
25519,20:44:21,114.075478,22.533871,1,2
25519,20:44:35,114.075417,22.533833,0,0
25519,20:45:01,114.075279,22.533628,1,3
25519,20:45:21,114.074783,22.533092,1,21
25519,20:46:21,114.07209,22.53484,1,36
25519,20:47:21,114.071976,22.538509,1,0
25519,20:48:21,114.071945,22.538504,1,0
25519,20:48:49,114.071976,22.538509,1,0
25519,20:49:21,114.06498,22.537939,1,41
25519,20:49:43,114.064445,22.537901,0,13
25519,20:50:21,114.064117,22.5378,0,0
25519,20:51:21,114.063667,22.537655,0,21
25519,20:52:21,114.063026,22.537502,0,20
25519,20:53:21,114.059319,22.535282,0,36
25519,20:53:41,114.063026,22.537502,0,0
25519,20:54:07,114.058136,22.53672,1,13
25519,20:54:21,114.058609,22.537354,1,34
25519,20:55:21,114.062546,22.537519,1,0
25519,20:56:21,114.070343,22.538658,1,83
25519,20:57:21,114.074028,22.539772,1,0
25519,20:58:22,114.076553,22.540251,1,36
25519,20:58:57,114.074028,22.539772,1,0
25519,20:59:22,114.077675,22.538998,1,14
25519,21:00:20,114.079712,22.538908,0,2
25519,21:00:22,114.079735,22.538906,0,5
25519,21:01:22,114.081505,22.537926,0,35
25519,21:02:22,114.07785,22.533539,0,54
25519,21:03:22,114.073166,22.532064,0,23
25519,21:04:22,114.068825,22.531979,0,53
25519,21:05:22,114.068153,22.529917,0,45
25519,21:06:22,114.067215,22.523886,0,52
25519,21:07:22,114.067764,22.524263,0,8
25519,21:08:22,114.067833,22.523865,0,6
25519,21:08:36,114.067741,22.52389,1,8
25519,21:08:50,114.067764,22.524263,0,0
25519,21:09:06,114.067764,22.524263,0,0
25519,21:09:22,114.067749,22.526991,1,49
25519,21:10:22,114.07058,22.53154,1,22
25519,21:11:22,114.075974,22.531796,1,59
25519,21:12:22,114.081017,22.536898,1,39
25519,21:13:22,114.08371,22.53726,1,21
25519,21:14:22,114.084869,22.53726,1,4
25519,21:15:22,114.086235,22.537252,1,2
25519,21:16:22,114.088928,22.53742,1,32
25519,21:19:15,114.088928,22.53742,1,0
25519,21:20:22,114.100471,22.537909,1,41
25519,21:21:22,114.099724,22.5408,1,12
25519,21:22:22,114.101845,22.542015,1,29
25519,21:23:22,114.103989,22.544044,1,5
25519,21:23:59,114.101845,22.542015,1,0
25519,21:24:22,114.105438,22.544565,1,0
25519,21:25:22,114.106094,22.544823,1,13
25519,21:26:22,114.112198,22.545645,1,14
25519,21:27:22,114.114655,22.546183,1,34
25519,21:28:22,114.116959,22.54653,1,20
25519,21:29:24,114.114655,22.546183,1,0
25519,21:30:22,114.118965,22.547667,1,41
25519,21:31:22,114.122757,22.548435,1,0
25519,21:31:27,114.122757,22.548468,0,0
25519,21:31:58,114.12281,22.548544,1,11
25519,21:32:22,114.123215,22.547901,1,3
25519,21:33:22,114.120712,22.547155,1,29
25519,21:34:22,114.11454,22.546072,1,32
25519,21:36:22,114.109612,22.546721,1,27
25519,21:37:22,114.110138,22.541822,1,15
25519,21:38:22,114.107018,22.541542,1,0
25519,21:39:07,114.10614,22.541412,0,0
25519,21:39:08,114.11454,22.546072,1,0
25519,21:39:22,114.106163,22.541338,0,0
25519,21:39:32,114.11454,22.546072,1,0
25519,21:39:39,114.10614,22.541317,1,6
25519,21:40:22,114.105286,22.541157,1,0
25519,21:41:22,114.102699,22.54014,1,27
25519,21:42:22,114.09787,22.53829,1,38
25519,21:43:22,114.089951,22.537895,1,59
25519,21:44:22,114.081886,22.53734,1,54
25519,21:45:22,114.077988,22.533472,1,37
25519,21:46:22,114.071945,22.531849,1,43
25519,21:47:22,114.062523,22.531769,1,69
25519,21:48:22,114.053123,22.53162,1,48
25519,21:49:22,114.046906,22.531693,1,42
25519,21:49:41,114.053123,22.53162,1,0
25519,21:50:22,114.044601,22.536747,1,61
25519,21:51:22,114.044411,22.546045,1,54
25519,21:52:22,114.047424,22.547232,1,5
25519,21:53:13,114.049858,22.546698,0,0
25519,21:53:22,114.049866,22.546682,0,6
25519,21:54:16,114.047424,22.547232,1,0
25519,21:54:22,114.04776,22.546507,0,6
25519,21:55:22,114.047714,22.546177,0,3
25519,21:56:13,114.047722,22.546146,1,15
25519,21:56:22,114.047668,22.546652,1,23
25519,21:57:22,114.044373,22.549238,1,29
25519,21:58:22,114.04599,22.550697,1,51
25519,21:59:22,114.056961,22.551313,1,44
25519,21:59:49,114.04599,22.550697,1,0
25519,22:03:22,114.062241,22.568975,1,23
25519,22:04:22,114.060982,22.574539,1,25
25519,22:05:22,114.060669,22.576347,1,3
25519,22:06:22,114.061829,22.578302,1,39
25519,22:07:22,114.056114,22.57938,1,37
25519,22:08:22,114.053139,22.585758,1,59
25519,22:09:22,114.048584,22.59223,1,73
25519,22:09:25,114.056114,22.57938,1,0
25519,22:09:57,114.056114,22.57938,1,0
25519,22:10:22,114.044273,22.599802,1,54
25519,22:11:22,114.043037,22.603231,1,56
25519,22:12:22,114.038994,22.607119,1,0
25519,22:13:22,114.037598,22.608843,1,49
25519,22:14:22,114.033234,22.614178,1,25
25519,22:15:22,114.032433,22.615088,1,0
25519,22:15:23,114.032433,22.615089,0,0
25519,22:17:22,114.029564,22.612614,0,0
25519,22:18:22,114.027847,22.612467,0,35
25519,22:20:06,114.029564,22.612614,0,0
25519,22:21:22,114.023369,22.608923,1,54
25519,22:22:22,114.0242,22.604086,1,0
25519,22:23:22,114.026855,22.605377,1,46
25519,22:24:22,114.031349,22.608519,1,7
25519,22:24:33,114.026855,22.605377,1,0
25519,22:25:22,114.034996,22.605997,1,43
25519,22:26:22,114.036346,22.604942,1,0
25519,22:27:22,114.038521,22.602964,1,38
25519,22:28:17,114.040863,22.600195,0,0
25519,22:28:22,114.040855,22.600187,0,0
25519,22:29:22,114.039856,22.601793,0,20
25519,22:30:14,114.040855,22.600187,0,0
25519,22:30:22,114.036926,22.604834,0,0
25519,22:31:22,114.036781,22.604771,0,0
25519,22:32:22,114.03373,22.607319,0,46
25519,22:33:22,114.029579,22.612097,0,0
25519,22:34:22,114.026855,22.612843,0,24
25519,22:35:21,114.027115,22.613609,0,0
25519,22:36:22,114.027054,22.61252,0,1
25519,22:37:22,114.027092,22.6124,0,3
25519,22:38:22,114.027031,22.612495,0,1
25519,22:39:22,114.027061,22.612684,0,0
25519,22:39:42,114.027031,22.612495,0,0
25519,22:40:22,114.02713,22.612846,0,4
25519,22:40:23,114.027031,22.612495,0,0
25519,22:41:22,114.027168,22.612671,0,2
25519,22:42:22,114.027069,22.613253,0,6
25519,22:43:22,114.026871,22.613174,0,3
25519,22:44:22,114.027145,22.613331,0,2
25519,22:45:22,114.02729,22.612827,0,1
25519,22:47:22,114.025414,22.610125,1,55
25519,22:48:22,114.024139,22.604017,1,0
25519,22:49:22,114.026375,22.600218,1,55
25519,22:50:22,114.020554,22.593122,1,73
25519,22:50:31,114.024139,22.604017,1,0
25519,22:51:21,114.011665,22.592831,1,49
25519,22:55:21,114.014786,22.560062,1,76
25519,22:56:21,114.01931,22.54985,1,64
25519,22:57:21,114.022675,22.542299,1,48
25519,22:58:21,114.017609,22.538664,1,67
25519,22:59:21,114.009468,22.537432,1,17
25519,23:00:21,114.007195,22.537359,1,12
25519,23:00:40,114.009468,22.537432,1,0
25519,23:01:12,114.00779,22.537394,0,1
25519,23:01:21,114.00782,22.53738,0,0
25519,23:02:05,114.007889,22.537439,1,4
25519,23:02:21,114.008148,22.537926,1,19
25519,23:03:21,114.006088,22.537863,1,15
25519,23:04:21,114.003754,22.536146,1,26
25519,23:05:21,114.004341,22.536093,1,46
25519,23:06:21,114.014175,22.537754,1,54
25519,23:07:21,114.022072,22.539368,1,56
25519,23:08:21,114.027565,22.540003,1,24
25519,23:09:21,114.03315,22.540937,1,46
25519,23:09:59,114.027565,22.540003,1,0
25519,23:10:21,114.0364,22.541456,1,42
25519,23:10:48,114.03315,22.540937,1,0
25519,23:11:21,114.045448,22.54233,1,57
25519,23:12:21,114.048553,22.542435,1,49
25519,23:13:21,114.058578,22.542547,1,76
25519,23:14:21,114.068581,22.541956,1,43
25519,23:15:21,114.068069,22.547041,1,12
25519,23:16:21,114.068008,22.550453,1,28
25519,23:17:21,114.068008,22.555218,1,40
25519,23:18:21,114.071449,22.558033,1,61
25519,23:19:21,114.080894,22.558153,1,45
25519,23:20:21,114.086357,22.565504,1,50
25519,23:20:57,114.080894,22.558153,1,0
25519,23:21:21,114.086548,22.570744,1,31
25519,23:22:21,114.091003,22.569733,1,19
25519,23:23:21,114.094223,22.570065,1,18
25519,23:24:21,114.095085,22.569042,1,0
25519,23:25:07,114.094223,22.570065,1,0
25519,23:25:21,114.095146,22.56897,1,0
25519,23:26:21,114.095192,22.56896,1,0
25519,23:27:21,114.09343,22.568426,1,9
25519,23:28:04,114.093323,22.56889,0,0
25519,23:28:21,114.093269,22.568941,0,1
25519,23:29:21,114.092056,22.568213,0,30
25519,23:30:21,114.086143,22.565397,0,59
25519,23:31:05,114.093323,22.56889,0,0
25519,23:31:21,114.082443,22.560101,1,65
25519,23:32:21,114.071182,22.558203,1,59
25519,23:33:21,114.067711,22.563917,1,85
25519,23:34:20,114.06752,22.572678,1,50
25519,23:35:20,114.061378,22.578037,1,59
25519,23:36:20,114.053917,22.583042,1,64
25519,23:37:20,114.049606,22.591148,1,72
25519,23:38:20,114.043999,22.595695,1,23
25519,23:39:20,114.037346,22.599483,1,53
25519,23:40:16,114.043999,22.595695,1,0
25519,23:40:20,114.036369,22.604523,1,2
25519,23:41:14,114.037346,22.599483,1,0
25519,23:41:20,114.03463,22.6066,1,0
25519,23:41:35,114.034645,22.6066,0,0
25519,23:42:20,114.034416,22.606787,0,26
25519,23:43:20,114.029655,22.611906,0,61
25519,23:45:20,114.027367,22.612986,0,3
25519,23:46:20,114.027229,22.613049,0,1
25519,23:47:20,114.027512,22.613476,0,5
25519,23:48:20,114.027313,22.613016,0,2
25519,23:49:20,114.027359,22.612947,0,2
25519,23:51:22,114.027359,22.612947,0,0
25519,23:52:20,114.025368,22.610102,1,55
25519,23:53:20,114.02417,22.604057,1,0
25519,23:55:24,114.02417,22.604057,1,0
