28499,00:00:55,114.031502,22.525,0,0
28499,00:01:18,114.031502,22.525,0,26
28499,00:01:26,114.031502,22.525,0,0
28499,00:01:56,114.031502,22.525,0,0
28499,00:02:03,114.031502,22.525,0,1
28499,00:02:26,114.031502,22.525,0,1
28499,00:02:55,114.031502,22.525,0,0
28499,00:03:25,114.031502,22.525,0,0
28499,00:04:25,114.031502,22.525,0,0
28499,00:05:25,114.031502,22.525,0,0
28499,00:06:25,114.031502,22.525,0,0
28499,00:06:55,114.031502,22.525,0,0
28499,00:07:25,114.031502,22.525,0,0
28499,00:07:55,114.031502,22.525,0,1
28499,00:08:25,114.031502,22.525,0,0
28499,00:08:55,114.031502,22.525,0,0
28499,00:10:25,114.031502,22.525,0,0
28499,00:10:55,114.031502,22.525,0,0
28499,00:12:25,114.031502,22.525,0,0
28499,00:13:25,114.031502,22.525,0,0
28499,00:13:55,114.031502,22.525,0,0
28499,00:14:55,114.031502,22.525,0,0
28499,00:15:25,114.031998,22.524599,0,0
28499,00:15:55,114.031998,22.524599,0,0
28499,00:16:25,114.031998,22.524599,0,3
28499,00:17:55,114.032402,22.5243,0,0
28499,00:19:55,114.031998,22.524401,0,2
28499,00:20:55,114.031998,22.524401,0,1
28499,00:21:25,114.031998,22.524401,0,0
28499,00:22:56,114.031998,22.524401,0,0
28499,00:23:26,114.031998,22.524401,0,0
28499,00:23:56,114.031998,22.524401,0,0
28499,00:24:56,114.031998,22.524401,0,0
28499,00:25:26,114.031998,22.524401,0,0
28499,00:25:56,114.031998,22.524401,0,0
28499,00:26:26,114.031998,22.524401,0,0
28499,00:26:55,114.031998,22.524401,0,0
28499,00:27:25,114.032898,22.524401,0,0
28499,00:28:25,114.032898,22.524401,0,0
28499,00:29:55,114.0327,22.5245,0,0
28499,00:30:25,114.032799,22.524401,0,0
28499,00:30:55,114.0327,22.5243,0,0
28499,00:31:25,114.032799,22.5245,0,4
28499,00:31:55,114.032898,22.524599,0,0
28499,00:32:25,114.032898,22.524599,0,0
28499,00:33:05,114.032898,22.524599,0,0
28499,00:34:35,114.032898,22.524599,0,0
28499,00:35:05,114.032898,22.524599,0,0
28499,00:35:35,114.032898,22.524599,0,0
28499,00:37:05,114.032898,22.524599,0,0
28499,00:37:35,114.032898,22.524599,0,0
28499,00:38:05,114.032898,22.524599,0,0
28499,00:38:35,114.032898,22.524599,0,0
28499,00:40:36,114.032898,22.524599,0,0
28499,00:41:06,114.032898,22.524599,0,0
28499,00:41:36,114.032898,22.524599,0,0
28499,00:44:36,114.032898,22.524599,0,0
28499,00:46:36,114.032898,22.524599,0,0
28499,00:47:06,114.032898,22.524599,0,0
28499,00:47:36,114.032898,22.524599,0,0
28499,00:48:36,114.032898,22.524599,0,0
28499,00:49:06,114.032898,22.524599,0,0
28499,00:49:36,114.032898,22.524599,0,0
28499,00:50:06,114.032898,22.524599,0,0
28499,00:51:36,114.032898,22.524599,0,0
28499,00:52:06,114.032898,22.524599,0,0
28499,00:52:36,114.032898,22.524599,0,0
28499,00:53:06,114.032898,22.524599,0,0
28499,00:53:36,114.032898,22.524599,0,0
28499,00:54:06,114.032898,22.524599,0,0
28499,00:54:36,114.032898,22.524599,0,0
28499,00:56:36,114.032898,22.524599,0,0
28499,00:58:06,114.032898,22.524599,0,0
28499,00:59:06,114.032898,22.524599,0,0
28499,00:59:36,114.032898,22.524599,0,0
28499,01:00:36,114.032898,22.524599,0,0
28499,01:03:06,114.032898,22.524599,0,0
28499,01:03:36,114.032898,22.524599,0,0
28499,01:04:06,114.032898,22.524599,0,0
28499,01:04:36,114.032898,22.524599,0,0
28499,01:05:06,114.032898,22.524599,0,0
28499,01:05:36,114.032898,22.524599,0,0
28499,01:06:36,114.032898,22.524599,0,0
28499,01:07:06,114.032898,22.524599,0,0
28499,01:08:06,114.032898,22.524599,0,0
28499,01:08:36,114.032898,22.524599,0,0
28499,01:09:07,114.032898,22.524599,0,0
28499,01:09:37,114.032898,22.524599,0,0
28499,01:10:37,114.032898,22.524599,0,0
28499,01:11:37,114.032898,22.524599,0,0
28499,01:13:07,114.032898,22.524599,0,0
28499,01:15:07,114.032898,22.524599,0,0
28499,01:15:37,114.032898,22.524599,0,0
28499,01:16:37,114.032898,22.524599,0,0
28499,01:17:37,114.032799,22.5245,0,0
28499,01:18:07,114.032799,22.5245,0,0
28499,01:20:37,114.032799,22.5245,0,0
28499,01:21:07,114.032799,22.5245,0,0
28499,01:21:37,114.032799,22.5245,0,0
28499,01:22:37,114.032799,22.5245,0,0
28499,01:23:07,114.032799,22.5245,0,0
28499,01:23:37,114.032799,22.5245,0,0
28499,01:24:37,114.032799,22.5245,0,0
28499,01:25:07,114.032799,22.5245,0,0
28499,01:26:07,114.032799,22.5245,0,0
28499,01:26:37,114.032799,22.5245,0,0
28499,01:27:07,114.032799,22.5245,0,0
28499,01:27:37,114.032799,22.5245,0,0
28499,01:28:37,114.032799,22.5245,0,0
28499,01:29:08,114.032799,22.5245,0,0
28499,01:29:38,114.032799,22.5245,0,0
28499,01:30:08,114.032799,22.5245,0,0
28499,01:31:08,114.032799,22.5245,0,0
28499,01:32:38,114.032799,22.5245,0,0
28499,01:33:08,114.032799,22.5245,0,0
28499,01:33:38,114.032799,22.5245,0,0
28499,01:34:08,114.032799,22.5245,0,0
28499,01:34:38,114.032799,22.5245,0,0
28499,01:35:08,114.032799,22.5245,0,0
28499,01:35:38,114.032799,22.5245,0,0
28499,01:36:08,114.032799,22.5245,0,0
28499,01:36:38,114.032799,22.5245,0,0
28499,01:37:08,114.032799,22.5245,0,0
28499,01:37:38,114.032799,22.5245,0,0
28499,01:39:38,114.032799,22.5245,0,0
28499,01:41:08,114.032799,22.5245,0,0
28499,01:42:38,114.032799,22.5245,0,0
28499,01:43:08,114.032799,22.5245,0,0
28499,01:43:38,114.032799,22.5245,0,0
28499,01:44:08,114.032799,22.5245,0,0
28499,01:44:38,114.032799,22.5245,0,0
28499,01:45:08,114.032799,22.5245,0,0
28499,01:46:08,114.032799,22.5245,0,0
28499,01:46:38,114.032997,22.524401,0,0
28499,01:48:08,114.032997,22.524401,0,0
28499,01:48:38,114.032997,22.524401,0,0
28499,01:49:38,114.032997,22.524401,0,0
28499,01:50:08,114.032997,22.524401,0,0
28499,01:50:38,114.032997,22.524401,0,0
28499,01:51:08,114.032997,22.524401,0,0
28499,01:51:38,114.032997,22.524401,0,0
28499,01:52:08,114.032997,22.524401,0,0
28499,01:52:38,114.032997,22.524401,0,0
28499,01:53:38,114.032997,22.524401,0,0
28499,01:54:08,114.032997,22.524401,0,0
28499,01:54:38,114.032997,22.524401,0,0
28499,01:55:09,114.032997,22.524401,0,0
28499,01:55:39,114.032997,22.524401,0,0
28499,01:56:39,114.032997,22.524401,0,0
28499,01:57:09,114.032997,22.524401,0,0
28499,01:57:39,114.032997,22.524401,0,0
28499,01:58:39,114.032997,22.524401,0,0
28499,01:59:39,114.032997,22.524401,0,0
28499,02:00:09,114.032997,22.524401,0,0
28499,02:01:09,114.0326,22.5245,0,0
28499,02:01:39,114.0326,22.5245,0,1
28499,02:02:39,114.0327,22.524401,0,0
28499,02:03:09,114.0327,22.524401,0,0
28499,02:04:09,114.032898,22.5245,0,0
28499,02:06:39,114.032898,22.5245,0,0
28499,02:07:09,114.032898,22.5245,0,0
28499,02:07:39,114.032898,22.5245,0,0
28499,02:08:39,114.032898,22.5245,0,0
28499,02:09:09,114.032898,22.5245,0,0
28499,02:09:39,114.032898,22.5245,0,0
28499,02:10:09,114.032898,22.5245,0,0
28499,02:10:39,114.032997,22.524401,0,3
28499,02:11:09,114.032997,22.524401,0,0
28499,02:11:39,114.032997,22.524401,0,0
28499,02:12:09,114.032997,22.524401,0,0
28499,02:12:39,114.032997,22.524401,0,0
28499,02:13:39,114.033096,22.524799,0,3
28499,02:15:39,114.033096,22.524799,0,0
28499,02:16:09,114.033096,22.524799,0,0
28499,02:16:39,114.032997,22.5245,0,0
28499,02:18:09,114.032997,22.524599,0,0
28499,02:19:39,114.032997,22.524599,0,0
28499,02:20:09,114.032997,22.524599,0,0
28499,02:20:39,114.032997,22.524599,0,0
28499,02:20:51,114.032997,22.524599,0,0
28499,02:21:10,114.032997,22.524599,0,0
28499,02:21:40,114.032997,22.524599,0,0
28499,02:22:10,114.032997,22.524599,0,0
28499,02:22:40,114.032997,22.524599,0,0
28499,02:23:09,114.032997,22.524599,0,0
28499,02:25:09,114.032997,22.5245,0,0
28499,02:25:39,114.032997,22.5245,0,0
28499,02:26:09,114.032997,22.5245,0,0
28499,02:26:39,114.032997,22.5245,0,0
28499,02:27:09,114.032997,22.5245,0,0
28499,02:28:09,114.032997,22.5245,0,0
28499,02:28:39,114.032997,22.5245,0,1
28499,02:29:10,114.032997,22.5245,0,0
28499,02:29:40,114.032997,22.5245,0,0
28499,02:30:10,114.032997,22.5245,0,0
28499,02:30:40,114.032997,22.5245,0,0
28499,02:31:10,114.032997,22.5245,0,0
28499,02:33:10,114.032997,22.5245,0,0
28499,02:34:40,114.032997,22.5245,0,0
28499,02:36:10,114.032997,22.524401,0,0
28499,02:36:40,114.032997,22.524401,0,0
28499,02:37:10,114.032898,22.524401,0,0
28499,02:37:40,114.032898,22.524401,0,0
28499,02:38:40,114.032898,22.524401,0,0
28499,02:40:10,114.032898,22.524401,0,0
28499,02:40:40,114.032898,22.524401,0,0
28499,02:41:10,114.032898,22.524401,0,0
28499,02:42:40,114.032898,22.524401,0,0
28499,02:44:10,114.032898,22.524401,0,0
28499,02:44:40,114.032898,22.524401,0,0
28499,02:45:11,114.032898,22.524401,0,0
28499,02:45:41,114.032898,22.524401,0,0
28499,02:46:11,114.032898,22.524401,0,0
28499,02:47:41,114.032898,22.524401,0,0
28499,02:48:41,114.032898,22.524401,0,0
28499,02:49:11,114.032898,22.524401,0,0
28499,02:49:41,114.032898,22.524401,0,0
28499,02:50:41,114.032898,22.524401,0,0
28499,02:51:41,114.032898,22.524401,0,0
28499,02:52:11,114.032898,22.524401,0,0
28499,02:52:41,114.032898,22.524401,0,0
28499,02:53:11,114.032898,22.524401,0,0
28499,02:53:41,114.032898,22.524401,0,0
28499,02:54:41,114.032898,22.524401,0,0
28499,02:55:41,114.032898,22.524401,0,0
28499,02:56:11,114.032898,22.524401,0,0
28499,02:57:41,114.032898,22.5242,0,0
28499,02:58:11,114.032898,22.5242,0,0
28499,02:58:41,114.032898,22.5242,0,0
28499,02:59:41,114.032898,22.5242,0,0
28499,03:00:11,114.032898,22.5242,0,0
28499,03:01:11,114.032799,22.5243,0,0
28499,03:01:41,114.032799,22.5243,0,0
28499,03:02:11,114.032799,22.5243,0,0
28499,03:03:41,114.032799,22.5243,0,0
28499,03:04:11,114.032898,22.524599,0,0
28499,03:04:41,114.032898,22.524599,0,0
28499,03:05:11,114.032898,22.524599,0,0
28499,03:05:41,114.032898,22.524599,0,0
28499,03:06:41,114.032898,22.524599,0,0
28499,03:08:11,114.032898,22.524599,0,0
28499,03:08:41,114.032898,22.524599,0,0
28499,03:09:12,114.032997,22.5245,0,0
28499,03:09:42,114.032997,22.5245,0,0
28499,03:10:12,114.032997,22.5245,0,0
28499,03:11:12,114.032997,22.5245,0,0
28499,03:11:42,114.032997,22.5245,0,0
28499,03:12:12,114.032997,22.5245,0,0
28499,03:13:12,114.032997,22.5245,0,0
28499,03:13:42,114.032997,22.5245,0,0
28499,03:14:12,114.032997,22.5245,0,0
28499,03:14:42,114.032997,22.524599,0,0
28499,03:15:12,114.032997,22.524599,0,0
28499,03:16:12,114.032997,22.524599,0,0
28499,03:16:42,114.032997,22.524599,0,0
28499,03:17:12,114.032997,22.524599,0,0
28499,03:17:42,114.032997,22.524599,0,0
28499,03:19:16,114.032997,22.524599,0,0
28499,03:19:46,114.032997,22.524599,0,0
28499,03:20:16,114.032997,22.524599,0,0
28499,03:20:46,114.032997,22.524599,0,0
28499,03:23:52,114.032997,22.524599,0,0
28499,03:24:22,114.032997,22.524599,0,0
28499,03:24:52,114.032997,22.524599,0,2
28499,03:25:24,114.032997,22.524599,0,0
28499,03:26:24,114.032997,22.524599,0,0
28499,03:26:54,114.032997,22.524599,0,0
28499,03:27:27,114.032997,22.524599,0,0
28499,03:27:57,114.032997,22.524599,0,0
28499,03:28:27,114.032997,22.524599,0,0
28499,03:29:30,114.032997,22.524599,0,0
28499,03:30:00,114.032997,22.524599,0,0
28499,03:31:33,114.032997,22.524599,0,0
28499,03:32:03,114.032997,22.524599,0,0
28499,03:32:33,114.032997,22.524599,0,0
28499,03:33:36,114.032997,22.524599,0,0
28499,03:34:36,114.032997,22.524599,0,0
28499,03:35:06,114.032997,22.524599,0,0
28499,03:35:38,114.032997,22.524599,0,0
28499,03:36:38,114.032997,22.524599,0,0
28499,03:37:08,114.033096,22.524599,0,0
28499,03:37:41,114.033096,22.524599,0,0
28499,03:39:11,114.033096,22.524599,0,0
28499,03:41:14,114.033096,22.524599,0,0
28499,03:41:46,114.033096,22.524599,0,0
28499,03:42:16,114.033096,22.524599,0,0
28499,03:42:46,114.033096,22.524599,0,0
28499,03:43:16,114.033096,22.524599,0,0
28499,03:43:49,114.032997,22.524099,0,0
28499,03:45:19,114.032997,22.524099,0,0
28499,03:45:52,114.032997,22.524099,0,0
28499,03:46:22,114.032997,22.524099,0,0
28499,03:46:52,114.032997,22.524099,0,0
28499,03:47:22,114.032997,22.524099,0,0
28499,03:47:54,114.032997,22.524099,0,0
28499,03:48:24,114.032997,22.524099,0,0
28499,03:49:57,114.032997,22.524099,0,0
28499,03:50:27,114.032997,22.524099,0,0
28499,03:50:57,114.032997,22.524099,0,0
28499,03:51:27,114.032997,22.524099,0,0
28499,03:52:00,114.032997,22.524099,0,0
28499,03:52:30,114.032997,22.524099,0,0
28499,03:53:00,114.032997,22.5243,0,0
28499,03:54:03,114.032997,22.5243,0,0
28499,03:55:03,114.032997,22.5243,0,0
28499,03:55:33,114.032997,22.5243,0,0
28499,03:58:08,114.033096,22.524401,0,0
28499,03:58:38,114.033096,22.524401,0,0
28499,03:59:08,114.033096,22.524401,0,0
28499,04:00:11,114.033096,22.524401,0,0
28499,04:00:41,114.033096,22.524401,0,0
28499,04:01:41,114.033096,22.524401,0,0
28499,04:02:14,114.033096,22.524401,0,0
28499,04:02:44,114.033096,22.524401,0,0
28499,04:03:44,114.033096,22.524401,0,0
28499,04:04:16,114.033096,22.524401,0,0
28499,04:04:46,114.033096,22.524401,0,0
28499,04:05:16,114.033096,22.524401,0,0
28499,04:05:46,114.033096,22.524401,0,0
28499,04:07:19,114.033096,22.524401,0,0
28499,04:08:22,114.033096,22.524401,0,0
28499,04:08:52,114.033096,22.524401,0,0
28499,04:09:22,114.033096,22.524401,0,0
28499,04:09:52,114.033096,22.524401,0,0
28499,04:10:24,114.033096,22.524401,0,0
28499,04:10:54,114.033096,22.524401,0,0
28499,04:11:24,114.033096,22.524401,0,0
28499,04:11:54,114.033096,22.524401,0,0
28499,04:12:27,114.033096,22.524401,0,0
28499,04:12:57,114.033096,22.524401,0,0
28499,04:13:27,114.033096,22.524401,0,0
28499,04:13:57,114.033096,22.524401,0,0
28499,04:15:00,114.033096,22.524401,0,0
28499,04:15:30,114.033096,22.524401,0,0
28499,04:16:00,114.033096,22.524401,0,0
28499,04:16:33,114.033096,22.524401,0,0
28499,04:17:03,114.033096,22.524401,0,0
28499,04:17:33,114.033096,22.524401,0,0
28499,04:18:03,114.033096,22.524401,0,0
28499,04:18:36,114.033096,22.524401,0,0
28499,04:19:06,114.033096,22.524401,0,0
28499,04:19:36,114.033096,22.524401,0,0
28499,04:20:06,114.033096,22.524401,0,0
28499,04:20:38,114.033096,22.524401,0,0
28499,04:21:38,114.033096,22.524401,0,0
28499,04:22:08,114.033096,22.524401,0,0
28499,04:23:11,114.033096,22.524401,0,0
28499,04:23:41,114.033096,22.524401,0,0
28499,04:24:11,114.033096,22.524401,0,0
28499,04:24:44,114.033096,22.524401,0,0
28499,04:26:46,114.033096,22.524401,0,0
28499,04:27:16,114.033096,22.524401,0,0
28499,04:27:46,114.033096,22.524401,0,0
28499,04:28:16,114.033096,22.524401,0,0
28499,04:28:49,114.033096,22.524401,0,0
28499,04:29:19,114.033096,22.524401,0,0
28499,04:29:49,114.033096,22.524401,0,0
28499,04:31:01,114.033096,22.524401,0,0
28499,04:31:31,114.033096,22.524401,0,0
28499,04:32:01,114.033096,22.524401,0,0
28499,04:33:04,114.033096,22.524401,0,0
28499,04:34:34,114.033096,22.524401,0,0
28499,04:35:07,114.033096,22.524401,0,0
28499,04:35:37,114.033096,22.524401,0,0
28499,04:36:07,114.033096,22.524401,0,0
28499,04:37:09,114.033096,22.524401,0,0
28499,04:37:39,114.033096,22.524401,0,0
28499,04:38:39,114.033096,22.524401,0,0
28499,04:39:12,114.033096,22.524401,0,0
28499,04:40:12,114.033096,22.524401,0,0
28499,04:40:42,114.033096,22.524401,0,0
28499,04:41:14,114.033096,22.524401,0,0
28499,04:41:44,114.033096,22.524401,0,0
28499,04:42:14,114.033096,22.524401,0,0
28499,04:42:44,114.033096,22.524401,0,0
28499,04:43:17,114.033096,22.524401,0,0
28499,04:43:47,114.033096,22.524401,0,0
28499,04:44:17,114.033203,22.524401,0,0
28499,04:45:50,114.033203,22.524401,0,0
28499,04:46:50,114.033096,22.5245,0,0
28499,04:47:53,114.033203,22.524401,0,0
28499,04:48:23,114.033203,22.524401,0,0
28499,04:49:26,114.033203,22.524401,0,0
28499,04:49:56,114.033203,22.524401,0,0
28499,04:50:56,114.033203,22.524401,0,0
28499,04:51:28,114.033203,22.524401,0,0
28499,04:51:58,114.033096,22.524599,0,0
28499,04:52:28,114.033096,22.524599,0,0
28499,04:52:58,114.033096,22.524599,0,0
28499,04:53:29,114.033096,22.524599,0,0
28499,04:54:29,114.033096,22.524599,0,0
28499,04:54:59,114.033096,22.524599,0,0
28499,04:56:59,114.033096,22.524599,0,0
28499,04:57:03,114.033096,22.524599,0,0
28499,04:57:29,114.032997,22.524401,0,0
28499,04:57:59,114.033096,22.524401,0,0
28499,04:58:29,114.033096,22.524401,0,0
28499,04:58:59,114.033096,22.524401,0,0
28499,04:59:59,114.033096,22.524401,0,0
28499,05:00:59,114.033096,22.524401,0,0
28499,05:01:29,114.033096,22.524401,0,0
28499,05:01:59,114.033096,22.524401,0,0
28499,05:02:29,114.033096,22.524401,0,0
28499,05:02:59,114.033096,22.524401,0,0
28499,05:04:59,114.032997,22.524599,0,0
28499,05:05:59,114.032997,22.524599,0,0
28499,05:06:29,114.032997,22.524599,0,0
28499,05:07:29,114.032997,22.524599,0,0
28499,05:08:29,114.032997,22.524599,0,0
28499,05:08:59,114.032997,22.524599,0,0
28499,05:09:29,114.032997,22.524599,0,0
28499,05:10:29,114.032997,22.524599,0,0
28499,05:11:30,114.032997,22.524599,0,0
28499,05:12:00,114.032898,22.524401,0,0
28499,05:12:30,114.032898,22.524401,0,0
28499,05:13:00,114.032898,22.524401,0,0
28499,05:13:30,114.032898,22.524401,0,0
28499,05:14:30,114.032898,22.524401,0,0
28499,05:16:00,114.032898,22.524401,0,0
28499,05:16:30,114.032898,22.524401,0,0
28499,05:17:00,114.032898,22.524401,0,0
28499,05:18:01,114.032898,22.524401,0,0
28499,05:19:01,114.032898,22.524401,0,0
28499,05:19:31,114.032898,22.524401,0,0
28499,05:20:01,114.032898,22.524401,0,0
28499,05:20:31,114.032898,22.524401,0,0
28499,05:21:01,114.0327,22.5245,0,0
28499,05:22:01,114.0327,22.5245,0,0
28499,05:22:31,114.0327,22.5245,0,0
28499,05:23:01,114.0326,22.524401,0,0
28499,05:23:31,114.0326,22.524401,0,0
28499,05:24:01,114.0326,22.524401,0,0
28499,05:25:01,114.0326,22.524401,0,0
28499,05:25:31,114.0326,22.524401,0,0
28499,05:26:01,114.0326,22.524401,0,0
28499,05:26:31,114.0326,22.524401,0,0
28499,05:27:01,114.0326,22.524401,0,0
28499,05:27:31,114.0326,22.524401,0,0
28499,05:28:31,114.0326,22.524401,0,0
28499,05:29:01,114.0326,22.524401,0,0
28499,05:29:31,114.0326,22.524401,0,0
28499,05:30:31,114.033096,22.5243,0,0
28499,05:31:01,114.033203,22.5243,0,0
28499,05:32:01,114.033203,22.5243,0,0
28499,05:32:31,114.033203,22.5243,0,0
28499,05:34:01,114.033203,22.5243,0,0
28499,05:35:01,114.033203,22.5243,0,0
28499,05:36:01,114.033203,22.5243,0,0
28499,05:36:31,114.033203,22.5243,0,0
28499,05:37:01,114.033203,22.5243,0,0
28499,05:38:02,114.033203,22.5243,0,0
28499,05:38:32,114.033203,22.5243,0,0
28499,05:39:02,114.033203,22.5243,0,0
28499,05:40:02,114.033203,22.5243,0,0
28499,05:41:02,114.033203,22.5243,0,0
28499,05:41:32,114.033203,22.5243,0,0
28499,05:43:02,114.033203,22.5243,0,0
28499,05:43:32,114.033203,22.5243,0,0
28499,05:44:02,114.033203,22.5243,0,0
28499,05:45:32,114.033203,22.5243,0,0
28499,05:46:02,114.033203,22.5243,0,0
28499,05:46:32,114.033203,22.5243,0,0
28499,05:47:02,114.033203,22.5243,0,0
28499,05:48:32,114.033203,22.5243,0,0
28499,05:49:02,114.033203,22.5243,0,0
28499,05:49:32,114.033203,22.5243,0,0
28499,05:50:02,114.033203,22.5243,0,0
28499,05:50:32,114.033203,22.5243,0,0
28499,05:51:32,114.032997,22.5242,0,0
28499,05:52:02,114.032997,22.5242,0,0
28499,05:52:32,114.032997,22.5242,0,0
28499,05:53:02,114.033401,22.5243,0,0
28499,05:54:02,114.033401,22.5243,0,0
28499,05:54:32,114.033401,22.5243,0,0
28499,05:55:32,114.033401,22.5243,0,0
28499,05:56:02,114.033401,22.5243,0,0
28499,05:56:32,114.033401,22.5243,0,0
28499,05:57:02,114.033401,22.5243,0,0
28499,05:57:32,114.033401,22.5243,0,0
28499,05:58:32,114.033401,22.5243,0,0
28499,05:59:02,114.033401,22.5243,0,0
28499,06:01:02,114.032997,22.524401,0,0
28499,06:02:02,114.032997,22.524401,0,0
28499,06:02:32,114.032997,22.524401,0,0
28499,06:03:02,114.032997,22.524401,0,0
28499,06:04:03,114.032997,22.524401,0,0
28499,06:04:33,114.032997,22.524401,0,0
28499,06:05:03,114.032997,22.524401,0,0
28499,06:05:33,114.032799,22.5245,0,11
28499,06:06:33,114.0326,22.5245,0,0
28499,06:07:03,114.0326,22.5245,0,0
28499,06:08:33,114.033096,22.524401,0,0
28499,06:09:03,114.033096,22.524401,0,0
28499,06:09:33,114.033096,22.524401,0,0
28499,06:10:03,114.033096,22.524401,0,0
28499,06:10:33,114.0327,22.5245,0,0
28499,06:11:03,114.0327,22.5245,0,0
28499,06:11:33,114.0327,22.5245,0,0
28499,06:12:33,114.0327,22.5245,0,0
28499,06:13:03,114.0327,22.5245,0,0
28499,06:14:03,114.0327,22.5245,0,0
28499,06:15:03,114.0327,22.5245,0,0
28499,06:15:33,114.0327,22.5245,0,0
28499,06:16:03,114.0327,22.5245,0,2
28499,06:16:33,114.0327,22.5245,0,0
28499,06:18:03,114.0327,22.5245,0,0
28499,06:20:03,114.0327,22.5245,0,0
28499,06:20:33,114.0327,22.524599,0,0
28499,06:21:03,114.0327,22.524599,0,0
28499,06:21:33,114.0327,22.524599,0,0
28499,06:22:33,114.0327,22.524599,0,0
28499,06:23:03,114.0327,22.524599,0,0
28499,06:23:33,114.0327,22.524599,0,0
28499,06:24:03,114.0327,22.524599,0,0
28499,06:25:03,114.0327,22.524599,0,2
28499,06:26:33,114.0327,22.524599,0,0
28499,06:27:03,114.0327,22.524599,0,0
28499,06:28:33,114.0327,22.524599,0,0
28499,06:29:03,114.032898,22.5245,0,0
28499,06:30:04,114.032898,22.5245,0,0
28499,06:30:34,114.032898,22.5245,0,0
28499,06:31:04,114.032898,22.5245,0,0
28499,06:32:04,114.032898,22.5245,0,0
28499,06:33:34,114.032898,22.5245,0,0
28499,06:34:34,114.032898,22.5245,0,0
28499,06:35:34,114.032898,22.5245,0,0
28499,06:36:34,114.032898,22.5245,0,0
28499,06:37:04,114.032898,22.5245,0,0
28499,06:37:34,114.032898,22.5245,0,0
28499,06:38:34,114.032898,22.5245,0,0
28499,06:40:04,114.032898,22.5245,0,0
28499,06:41:04,114.032898,22.5245,0,0
28499,06:41:34,114.032898,22.5245,0,0
28499,06:42:04,114.032898,22.5245,0,0
28499,06:42:34,114.032898,22.5245,0,0
28499,06:43:34,114.032898,22.5245,0,0
28499,06:44:04,114.032898,22.5245,0,0
28499,06:44:34,114.032898,22.5245,0,0
28499,06:45:04,114.032898,22.5245,0,0
28499,06:45:34,114.032898,22.5245,0,0
28499,06:46:04,114.032898,22.5245,0,0
28499,06:47:04,114.032898,22.5245,0,0
28499,06:47:34,114.032898,22.5245,0,0
28499,06:48:34,114.032898,22.5245,0,0
28499,06:49:34,114.032898,22.5245,0,0
28499,06:50:04,114.032898,22.5245,0,0
28499,06:50:34,114.032898,22.5245,0,0
28499,06:51:04,114.032898,22.5245,0,0
28499,06:52:04,114.032898,22.5245,0,0
28499,06:56:05,114.032898,22.5245,0,0
28499,06:56:35,114.032898,22.5245,0,0
28499,06:58:05,114.032898,22.5245,0,0
28499,06:59:05,114.032898,22.5245,0,0
28499,06:59:35,114.032898,22.5245,0,0
28499,07:00:05,114.032898,22.5245,0,0
28499,07:00:35,114.032898,22.5245,0,0
28499,07:01:05,114.032898,22.5245,0,0
28499,07:01:35,114.033096,22.5245,0,0
28499,07:02:05,114.033096,22.5245,0,0
28499,07:03:05,114.033096,22.5245,0,0
28499,07:03:35,114.033096,22.5245,0,0
28499,07:05:05,114.033096,22.5245,0,0
28499,07:06:35,114.033096,22.5245,0,0
28499,07:07:05,114.033096,22.5245,0,0
28499,07:07:35,114.033096,22.5245,0,0
28499,07:08:05,114.033096,22.5245,0,0
28499,07:08:35,114.033096,22.5245,0,0
28499,07:09:35,114.033096,22.5245,0,0
28499,07:11:36,114.033096,22.5245,0,0
28499,07:12:06,114.033096,22.5245,0,0
28499,07:12:36,114.033096,22.5245,0,0
28499,07:13:06,114.033096,22.5245,0,0
28499,07:13:36,114.033096,22.5245,0,0
28499,07:14:06,114.033096,22.5245,0,0
28499,07:14:36,114.033096,22.5245,0,0
28499,07:15:06,114.033897,22.524599,0,21
28499,07:16:36,114.035797,22.524799,0,0
28499,07:17:06,114.035797,22.524799,0,0
28499,07:17:36,114.035797,22.524799,0,0
28499,07:18:06,114.035797,22.524799,0,0
28499,07:18:36,114.035797,22.524799,0,0
28499,07:19:36,114.035797,22.524799,0,0
28499,07:20:06,114.035797,22.524799,0,0
28499,07:20:36,114.035797,22.524799,0,0
28499,07:22:06,114.035797,22.524799,0,0
28499,07:23:36,114.035797,22.524799,0,0
28499,07:24:06,114.035797,22.524799,0,0
28499,07:24:36,114.035797,22.524799,0,0
28499,07:25:06,114.035797,22.524799,0,0
28499,07:26:06,114.035797,22.524799,0,0
28499,07:26:36,114.035797,22.524799,0,0
28499,07:27:06,114.035797,22.524799,0,0
28499,07:27:36,114.035797,22.524799,0,0
28499,07:28:06,114.035797,22.524799,0,0
28499,07:28:36,114.035797,22.524799,0,0
28499,07:29:06,114.035797,22.524799,0,0
28499,07:29:36,114.035797,22.524799,0,0
28499,07:30:06,114.035797,22.524799,0,0
28499,07:30:36,114.035797,22.524799,0,0
28499,07:31:06,114.035797,22.524799,0,0
28499,07:31:36,114.035797,22.524799,0,0
28499,07:32:06,114.035797,22.524799,0,0
28499,07:32:36,114.035797,22.524799,0,0
28499,07:33:06,114.035797,22.524799,0,0
28499,07:34:06,114.035797,22.524799,0,0
28499,07:35:36,114.035797,22.524799,0,0
28499,07:36:06,114.033096,22.524401,0,0
28499,07:36:36,114.033096,22.524401,0,0
28499,07:37:06,114.033096,22.524401,0,0
28499,07:38:07,114.033096,22.524401,0,0
28499,07:39:37,114.033096,22.524401,0,0
28499,07:40:37,114.033096,22.524401,0,0
28499,07:41:38,114.033096,22.524401,0,0
28499,07:42:38,114.033096,22.524401,0,0
28499,07:43:08,114.033096,22.524401,0,0
28499,07:44:11,114.032898,22.524401,0,0
28499,07:45:11,114.033096,22.5245,0,0
28499,07:46:14,114.033096,22.5245,0,0
28499,07:46:29,114.033096,22.524401,0,0
28499,07:46:47,114.033096,22.524401,0,0
28499,07:47:17,114.033096,22.524401,0,0
28499,07:48:47,114.036201,22.5228,0,6
28499,07:49:06,114.036598,22.523199,0,0
28499,07:49:39,114.037697,22.5236,0,2
28499,07:50:09,114.040497,22.5217,0,27
28499,07:50:39,114.041199,22.521299,0,0
28499,07:52:12,114.050697,22.5179,0,9
28499,07:53:12,114.050499,22.5166,0,4
28499,07:54:15,114.051598,22.514299,0,21
28499,07:54:45,114.054901,22.5152,0,7
28499,07:54:49,114.054901,22.5151,0,0
28499,07:55:02,114.054901,22.5151,0,0
28499,07:55:18,114.055199,22.5144,0,0
28499,07:55:48,114.057503,22.5151,0,18
28499,07:56:18,114.060303,22.516899,0,26
28499,07:56:48,114.062202,22.5184,0,0
28499,07:57:18,114.062202,22.5184,0,0
28499,07:57:51,114.063103,22.5186,0,6
28499,07:58:21,114.062599,22.5175,0,3
28499,07:58:51,114.062599,22.5175,0,0
28499,07:59:02,114.062798,22.5177,0,5
28499,07:59:32,114.062897,22.518299,0,0
28499,08:00:05,114.062897,22.518299,0,0
28499,08:01:05,114.062897,22.518299,0,0
28499,08:02:06,114.063202,22.5189,0,0
28499,08:02:36,114.063202,22.5189,0,0
28499,08:03:06,114.063202,22.5189,0,0
28499,08:03:36,114.063202,22.5189,0,0
28499,08:04:09,114.063202,22.5191,0,8
28499,08:04:39,114.061996,22.520399,0,14
28499,08:05:09,114.061501,22.520901,0,0
28499,08:05:39,114.061501,22.520901,0,0
28499,08:06:12,114.061203,22.5212,0,14
28499,08:06:42,114.060501,22.523199,0,4
28499,08:07:12,114.060501,22.5233,0,0
28499,08:08:15,114.059502,22.5263,0,14
28499,08:09:15,114.057297,22.527599,0,13
28499,08:09:45,114.056999,22.5275,0,0
28499,08:10:26,114.057404,22.5278,0,0
28499,08:10:29,114.057404,22.5278,0,0
28499,08:11:01,114.058403,22.5277,0,0
28499,08:12:02,114.0588,22.5299,0,14
28499,08:12:32,114.060898,22.531401,0,27
28499,08:13:02,114.064003,22.531601,0,13
28499,08:13:32,114.068604,22.531799,0,24
28499,08:14:10,114.071701,22.5317,0,9
28499,08:14:40,114.071899,22.5305,0,0
28499,08:15:10,114.072197,22.530199,0,6
28499,08:15:40,114.0718,22.5278,0,24
28499,08:16:12,114.071297,22.526501,0,11
28499,08:16:39,114.070801,22.526199,0,5
28499,08:17:09,114.069298,22.526501,0,10
28499,08:18:09,114.068298,22.5331,0,33
28499,08:18:41,114.068298,22.537701,0,21
28499,08:19:11,114.068802,22.5385,0,0
28499,08:19:41,114.070801,22.538601,0,23
28499,08:20:11,114.071999,22.5371,0,11
28499,08:20:41,114.072098,22.5359,0,0
28499,08:21:11,114.072098,22.5359,0,0
28499,08:21:13,114.072098,22.535999,0,11
28499,08:21:43,114.071999,22.538099,0,0
28499,08:22:13,114.071701,22.5387,0,19
28499,08:24:14,114.061897,22.540001,0,8
28499,08:24:45,114.061897,22.540701,0,0
28499,08:24:53,114.061897,22.540701,0,0
28499,08:25:15,114.061897,22.540701,0,0
28499,08:25:16,114.061897,22.540701,0,0
28499,08:25:19,114.061897,22.540701,0,0
28499,08:25:49,114.061897,22.540701,0,0
28499,08:26:18,114.063202,22.540501,0,1
28499,08:26:48,114.063103,22.540199,0,2
28499,08:27:18,114.063103,22.540199,0,0
28499,08:27:48,114.063103,22.540199,0,0
28499,08:28:20,114.063103,22.540199,0,0
28499,08:28:50,114.063103,22.540199,0,0
28499,08:29:14,114.063103,22.540199,0,0
28499,08:29:44,114.063103,22.5383,0,27
28499,08:30:14,114.063599,22.5341,0,23
28499,08:31:48,114.054398,22.531401,0,27
28499,08:32:18,114.050102,22.5315,0,30
28499,08:32:48,114.045303,22.5315,0,31
28499,08:33:18,114.040604,22.531,0,29
28499,08:33:48,114.036301,22.5305,0,32
28499,08:34:18,114.030998,22.530199,0,37
28499,08:34:49,114.025902,22.5312,0,29
28499,08:35:19,114.022797,22.532,0,11
28499,08:35:19,114.063599,22.5341,0,0
28499,08:36:19,114.019302,22.5322,0,16
28499,08:36:52,114.0168,22.531601,0,18
28499,08:37:19,114.013496,22.530701,0,0
28499,08:38:23,114.005798,22.5299,0,25
28499,08:38:52,114.001099,22.530199,0,29
28499,08:40:54,113.985603,22.523701,0,24
28499,08:41:24,113.981003,22.5231,0,33
28499,08:43:57,113.954597,22.5235,0,27
28499,08:46:30,113.949799,22.529499,0,8
28499,08:47:03,113.949898,22.5299,0,0
28499,08:47:33,113.949898,22.5299,0,0
28499,08:48:03,113.949898,22.5299,0,0
28499,08:48:33,113.949898,22.5299,0,0
28499,08:49:06,113.946999,22.530199,0,27
28499,08:49:36,113.945198,22.531601,0,16
28499,08:50:06,113.945198,22.532499,0,14
28499,08:50:36,113.945198,22.535299,0,5
28499,08:52:09,113.945099,22.5369,0,2
28499,08:53:12,113.945099,22.538601,0,0
28499,08:53:42,113.945999,22.539301,0,16
28499,08:54:12,113.947197,22.538401,0,7
28499,08:54:42,113.9478,22.538099,0,5
28499,08:55:15,113.948502,22.538099,0,3
28499,08:55:45,113.948799,22.538099,0,0
28499,08:56:15,113.948799,22.538099,0,0
28499,08:56:45,113.949402,22.5383,0,0
28499,08:57:18,113.949402,22.5383,0,0
28499,08:57:48,113.949402,22.5383,0,0
28499,08:58:18,113.949203,22.538099,0,6
28499,08:58:48,113.9505,22.538,0,11
28499,08:59:21,113.950699,22.5383,0,0
28499,09:00:21,113.950897,22.538401,0,0
28499,09:00:51,113.951401,22.5382,0,0
28499,09:02:24,113.951401,22.5382,0,0
28499,09:02:54,113.952499,22.538799,0,23
28499,09:03:27,113.954102,22.541901,0,21
28499,09:03:57,113.9561,22.5432,0,21
28499,09:04:27,113.959396,22.542999,0,14
28499,09:04:57,113.959396,22.5411,0,0
28499,09:05:30,113.960297,22.5429,0,22
28499,09:05:56,113.961502,22.5425,0,8
28499,09:06:26,113.961998,22.542101,0,0
28499,09:06:56,113.961899,22.540701,0,14
28499,09:07:29,113.961899,22.539499,0,0
28499,09:07:59,113.961899,22.539,0,10
28499,09:08:29,113.960503,22.538401,0,10
28499,09:09:32,113.960297,22.5385,0,0
28499,09:10:32,113.959602,22.538601,0,0
28499,09:11:02,113.959602,22.538601,0,0
28499,09:12:05,113.959503,22.5408,0,19
28499,09:13:05,113.959702,22.542801,0,0
28499,09:13:38,113.959702,22.542801,0,0
28499,09:14:38,113.959702,22.542801,0,0
28499,09:15:08,113.958801,22.5436,0,25
28499,09:15:51,113.9543,22.5445,0,23
28499,09:16:51,113.953499,22.552299,0,24
28499,09:17:21,113.953003,22.556601,0,34
28499,09:18:35,113.953003,22.560699,0,21
28499,09:18:40,113.952904,22.561199,0,25
28499,09:20:14,113.952698,22.5602,0,25
28499,09:20:44,113.952797,22.555599,0,34
28499,09:21:14,113.953697,22.5511,0,17
28499,09:21:44,113.954498,22.549,0,0
28499,09:22:00,113.954597,22.548201,0,11
28499,09:22:30,113.954002,22.5452,0,27
28499,09:24:33,113.949997,22.537701,0,8
28499,09:25:03,113.949203,22.538099,0,0
28499,09:25:33,113.948898,22.538099,0,0
28499,09:26:05,113.948898,22.538099,0,0
28499,09:26:35,113.948898,22.538099,0,0
28499,09:27:30,113.947601,22.538401,0,0
28499,09:28:03,113.948402,22.5394,0,18
28499,09:28:33,113.9487,22.539499,0,0
28499,09:29:03,113.950401,22.539801,0,10
28499,09:29:33,113.950798,22.5392,0,0
28499,09:30:36,113.9506,22.5383,0,0
28499,09:31:31,113.951202,22.537001,0,25
28499,09:31:39,113.950699,22.5362,0,0
28499,09:31:51,113.950203,22.535101,0,26
28499,09:32:34,113.949699,22.5303,0,0
28499,09:33:04,113.949699,22.5303,0,0
28499,09:33:34,113.949699,22.5299,0,21
28499,09:34:07,113.949097,22.525299,0,31
28499,09:34:37,113.947899,22.522499,0,22
28499,09:35:37,113.9533,22.5233,0,27
28499,09:36:10,113.958603,22.522699,0,35
28499,09:37:10,113.9701,22.522699,0,39
28499,09:37:40,113.9758,22.522699,0,34
28499,09:38:13,113.981201,22.5228,0,35
28499,09:39:13,113.989403,22.524599,0,12
28499,09:39:43,113.990501,22.525,0,3
28499,09:40:16,113.992203,22.5259,0,29
28499,09:40:46,113.993896,22.5271,0,4
28499,09:41:16,113.994797,22.5277,0,4
28499,09:41:46,113.995903,22.528299,0,14
28499,09:42:19,114.000099,22.5298,0,37
28499,09:42:49,114.005501,22.529699,0,35
28499,09:43:19,114.010498,22.5299,0,29
28499,09:43:49,114.013603,22.5306,0,13
28499,09:44:22,114.015198,22.530899,0,8
28499,09:44:52,114.017197,22.5315,0,15
28499,09:45:22,114.020203,22.532101,0,23
28499,09:45:52,114.024597,22.5315,0,32
28499,09:46:24,114.029198,22.530399,0,25
28499,09:46:54,114.030602,22.530199,0,7
28499,09:47:24,114.032204,22.5301,0,9
28499,09:47:54,114.033798,22.530199,0,8
28499,09:48:28,114.0355,22.5303,0,12
28499,09:49:28,114.041603,22.531,0,30
28499,09:49:58,114.047302,22.5313,0,40
28499,09:50:30,114.052803,22.5315,0,31
28499,09:51:30,114.0634,22.531601,0,34
28499,09:52:00,114.068604,22.5317,0,35
28499,09:53:03,114.077797,22.532301,0,25
28499,09:53:33,114.079102,22.534599,0,18
28499,09:54:03,114.081001,22.5369,0,25
28499,09:55:06,114.089798,22.5378,0,33
28499,09:56:39,114.103996,22.537901,0,17
28499,09:57:39,114.109703,22.5376,0,23
28499,09:58:09,114.113297,22.5382,0,25
28499,09:58:42,114.117599,22.5382,0,34
28499,09:59:12,114.122101,22.5397,0,39
28499,09:59:42,114.127098,22.542801,0,38
28499,10:00:12,114.131401,22.545099,0,30
28499,10:00:45,114.135002,22.547501,0,28
28499,10:01:45,114.138702,22.552999,0,17
28499,10:02:15,114.141197,22.555401,0,26
28499,10:02:48,114.145401,22.5553,0,30
28499,10:03:18,114.150398,22.556101,0,35
28499,10:03:48,114.154701,22.5588,0,31
28499,10:04:51,114.1623,22.562599,0,27
28499,10:06:21,114.175102,22.5618,0,24
28499,10:06:54,114.178398,22.5595,0,28
28499,10:07:24,114.181702,22.5571,0,27
28499,10:07:53,114.185699,22.556101,0,0
28499,10:07:54,114.185699,22.556101,0,0
28499,10:08:27,114.190002,22.555799,0,27
28499,10:08:51,114.193398,22.556601,0,0
28499,10:09:57,114.193398,22.556601,0,0
28499,10:10:27,114.193398,22.556601,0,0
28499,10:10:59,114.193398,22.556601,0,0
28499,10:11:17,114.215797,22.557199,0,25
28499,10:11:31,114.2174,22.557199,0,19
28499,10:12:01,114.218201,22.5571,0,0
28499,10:12:31,114.222099,22.5571,0,33
28499,10:14:02,114.228699,22.556299,0,0
28499,10:15:35,114.232697,22.5583,0,22
28499,10:17:08,114.240303,22.5637,0,8
28499,10:17:38,114.240303,22.5637,0,0
28499,10:18:08,114.241096,22.564301,0,16
28499,10:18:38,114.242104,22.565201,0,13
28499,10:20:11,114.2425,22.565701,0,0
28499,10:20:38,114.242798,22.566,0,0
28499,10:21:08,114.242798,22.566,0,0
28499,10:22:12,114.247398,22.5709,0,12
28499,10:22:42,114.247398,22.5709,0,0
28499,10:23:45,114.246101,22.5693,0,35
28499,10:24:15,114.242798,22.5662,0,11
28499,10:24:45,114.242699,22.566099,0,0
28499,10:25:15,114.242699,22.566099,0,0
28499,10:25:47,114.241699,22.565001,0,25
28499,10:26:17,114.237999,22.5627,0,32
28499,10:26:47,114.235298,22.560301,0,0
28499,10:27:17,114.235298,22.560301,0,0
28499,10:27:50,114.2351,22.560101,0,0
28499,10:28:20,114.233002,22.558599,0,29
28499,10:29:20,114.229897,22.5567,0,0
28499,10:30:22,114.229897,22.5567,0,0
28499,10:30:52,114.229897,22.5567,0,0
28499,10:31:22,114.228401,22.555599,0,15
28499,10:31:56,114.226402,22.554001,0,21
28499,10:32:26,114.224403,22.552299,0,0
28499,10:32:56,114.224403,22.552299,0,0
28499,10:35:04,114.221001,22.555099,0,0
28499,10:35:37,114.219299,22.556499,0,0
28499,10:36:07,114.217598,22.5574,0,22
28499,10:36:32,114.215103,22.557501,0,0
28499,10:36:37,114.215103,22.557501,0,0
28499,10:37:07,114.215103,22.557501,0,0
28499,10:40:11,114.187103,22.5562,0,0
28499,10:40:12,114.187103,22.5562,0,0
28499,10:40:31,114.187103,22.5562,0,29
28499,10:40:45,114.182404,22.556801,0,31
28499,10:41:15,114.178497,22.5597,0,27
28499,10:42:16,114.170097,22.562901,0,30
28499,10:42:46,114.165901,22.562901,0,22
28499,10:43:16,114.161598,22.5627,0,28
28499,10:45:19,114.145302,22.5555,0,25
28499,10:45:51,114.1418,22.555901,0,25
28499,10:46:21,114.138298,22.5567,0,27
28499,10:46:51,114.138603,22.5536,0,27
28499,10:47:21,114.136398,22.5501,0,29
28499,10:48:24,114.130203,22.5446,0,29
28499,10:48:54,114.126503,22.5427,0,28
28499,10:49:24,114.122498,22.540199,0,31
28499,10:49:57,114.119102,22.539801,0,23
28499,10:50:27,114.114601,22.5387,0,37
28499,10:50:57,114.109001,22.537701,0,37
28499,10:51:27,114.103897,22.538099,0,33
28499,10:52:01,114.098396,22.5382,0,39
28499,10:52:31,114.0923,22.5382,0,38
28499,10:53:01,114.086502,22.5375,0,36
28499,10:53:31,114.081398,22.537201,0,25
28499,10:54:33,114.077202,22.532499,0,15
28499,10:55:03,114.074203,22.5319,0,23
28499,10:55:33,114.070702,22.532,0,16
28499,10:56:36,114.067902,22.5327,0,16
28499,10:57:06,114.0681,22.5294,0,36
28499,10:57:36,114.066101,22.524599,0,37
28499,10:58:39,114.058403,22.516701,0,12
28499,10:59:09,114.057999,22.516399,0,12
28499,10:59:39,114.054001,22.5145,0,36
28499,11:00:42,114.041,22.514099,0,50
28499,11:01:42,114.026604,22.5214,0,53
28499,11:02:45,114.014999,22.5306,0,47
28499,11:03:15,114.012001,22.537201,0,50
28499,11:03:45,114.006798,22.542299,0,49
28499,11:04:18,113.999901,22.5453,0,49
28499,11:04:48,113.991997,22.5473,0,54
28499,11:05:18,113.984497,22.5509,0,51
28499,11:05:48,113.978401,22.5555,0,55
28499,11:06:51,113.962799,22.561899,0,55
28499,11:07:21,113.954597,22.5637,0,53
28499,11:07:51,113.946899,22.5648,0,49
28499,11:08:24,113.939697,22.5653,0,44
28499,11:08:54,113.932701,22.565399,0,51
28499,11:09:24,113.925102,22.567101,0,46
28499,11:10:57,113.918198,22.5734,0,19
28499,11:11:27,113.9151,22.576401,0,37
28499,11:11:57,113.910698,22.5811,0,43
28499,11:12:30,113.906303,22.5858,0,44
28499,11:13:00,113.902496,22.59,0,34
28499,11:13:30,113.899002,22.5935,0,33
28499,11:14:00,113.894203,22.5975,0,43
28499,11:14:33,113.888901,22.6012,0,42
28499,11:15:33,113.880501,22.6105,0,39
28499,11:16:03,113.877502,22.6147,0,33
28499,11:16:36,113.873901,22.618299,0,37
28499,11:17:06,113.868401,22.621401,0,44
28499,11:17:36,113.862701,22.623501,0,33
28499,11:19:39,113.850197,22.627199,0,0
28499,11:20:09,113.850197,22.627199,0,0
28499,11:20:41,113.850197,22.625099,0,21
28499,11:21:41,113.842003,22.6215,0,35
28499,11:22:11,113.836601,22.620001,0,37
28499,11:22:43,113.8312,22.617901,0,37
28499,11:23:43,113.821297,22.613199,0,31
28499,11:24:13,113.817299,22.6126,0,29
28499,11:24:46,113.814796,22.6168,0,34
28499,11:25:16,113.8125,22.621,0,32
28499,11:26:16,113.811501,22.628,0,22
28499,11:26:34,113.809998,22.6278,0,1
28499,11:29:10,113.806999,22.626301,0,22
28499,11:30:10,113.809502,22.618799,0,33
28499,11:30:40,113.811897,22.6145,0,32
28499,11:31:13,113.814003,22.610901,0,26
28499,11:32:13,113.820297,22.612499,0,27
28499,11:32:43,113.824898,22.6147,0,36
28499,11:33:15,113.830101,22.6171,0,31
28499,11:33:45,113.834297,22.6189,0,22
28499,11:34:15,113.836197,22.6159,0,33
28499,11:34:45,113.837601,22.612801,0,3
28499,11:35:52,113.837601,22.612801,0,0
28499,11:36:22,113.837898,22.612101,0,20
28499,11:36:52,113.838303,22.610001,0,7
28499,11:37:25,113.8386,22.609501,0,6
28499,11:37:55,113.8386,22.609501,0,0
28499,11:38:25,113.8386,22.609501,0,0
28499,11:39:31,113.8386,22.609501,0,0
28499,11:40:31,113.8386,22.609501,0,0
28499,11:41:01,113.8386,22.609501,0,0
28499,11:41:37,113.8386,22.609501,0,0
28499,11:42:07,113.8386,22.609501,0,0
28499,11:43:07,113.8386,22.609501,0,0
28499,11:43:37,113.8386,22.609501,0,0
28499,11:44:37,113.8386,22.609501,0,0
28499,11:45:37,113.8386,22.609501,0,0
28499,11:46:37,113.8386,22.609501,0,0
28499,11:47:07,113.8386,22.609501,0,0
28499,11:47:37,113.8386,22.609501,0,0
28499,11:48:07,113.838501,22.6096,0,0
28499,11:48:37,113.838501,22.6096,0,0
28499,11:49:40,113.838501,22.6096,0,0
28499,11:50:10,113.838501,22.6096,0,0
28499,11:50:40,113.838501,22.6096,0,0
28499,11:51:10,113.838501,22.6096,0,0
28499,11:51:40,113.838501,22.6096,0,0
28499,11:53:10,113.838501,22.6096,0,0
28499,11:53:40,113.838501,22.6096,0,0
28499,11:54:10,113.838501,22.6096,0,0
28499,11:54:40,113.838501,22.6096,0,0
28499,11:55:40,113.838501,22.6096,0,0
28499,11:56:10,113.838501,22.6096,0,0
28499,11:57:10,113.838501,22.6096,0,0
28499,11:57:40,113.838501,22.6096,0,0
28499,11:58:10,113.838501,22.6096,0,0
28499,11:58:40,113.838501,22.6096,0,0
28499,11:59:40,113.838501,22.6096,0,0
28499,12:00:10,113.838501,22.6096,0,0
28499,12:00:40,113.838501,22.6096,0,0
28499,12:01:40,113.838501,22.6096,0,0
28499,12:03:40,113.838501,22.6096,0,0
28499,12:04:10,113.838501,22.6096,0,0
28499,12:05:40,113.838501,22.6096,0,0
28499,12:06:10,113.838501,22.6096,0,0
28499,12:06:40,113.838501,22.6096,0,0
28499,12:07:10,113.838501,22.6096,0,0
28499,12:08:10,113.838501,22.6096,0,0
28499,12:09:10,113.838501,22.6096,0,0
28499,12:09:40,113.838501,22.6096,0,0
28499,12:10:10,113.838501,22.6096,0,0
28499,12:10:40,113.838501,22.6096,0,0
28499,12:11:10,113.838501,22.6096,0,0
28499,12:12:11,113.838501,22.6096,0,0
28499,12:12:41,113.838501,22.6096,0,0
28499,12:13:11,113.838501,22.6096,0,0
28499,12:13:41,113.838501,22.6096,0,0
28499,12:14:11,113.838501,22.6096,0,0
28499,12:14:41,113.838501,22.6096,0,0
28499,12:16:41,113.838501,22.6096,0,0
28499,12:17:11,113.838501,22.6096,0,0
28499,12:17:41,113.838501,22.6096,0,0
28499,12:18:41,113.838501,22.6096,0,0
28499,12:20:41,113.838501,22.6096,0,0
28499,12:21:41,113.838501,22.6096,0,0
28499,12:23:11,113.838501,22.6096,0,0
28499,12:23:41,113.838501,22.6096,0,0
28499,12:24:11,113.838501,22.6096,0,0
28499,12:25:11,113.838501,22.6096,0,0
28499,12:25:42,113.838501,22.6096,0,0
28499,12:26:30,113.838501,22.6096,0,0
28499,12:27:30,113.838501,22.6096,0,0
28499,12:28:48,113.836601,22.610901,0,0
28499,12:28:58,113.836601,22.610901,0,0
28499,12:29:00,113.838203,22.6098,0,0
28499,12:29:28,113.838203,22.6098,0,0
28499,12:30:28,113.838203,22.6098,0,0
28499,12:31:28,113.838203,22.6098,0,0
28499,12:31:58,113.838203,22.6098,0,0
28499,12:32:28,113.838203,22.6098,0,0
28499,12:32:57,113.838203,22.6098,0,0
28499,12:33:27,113.838203,22.6098,0,0
28499,12:34:27,113.838203,22.6098,0,0
28499,12:34:57,113.838203,22.6098,0,0
28499,12:35:57,113.838203,22.6098,0,0
28499,12:36:27,113.838203,22.6098,0,0
28499,12:36:57,113.838203,22.6098,0,0
28499,12:38:57,113.838203,22.6098,0,0
28499,12:39:57,113.838203,22.6098,0,0
28499,12:40:57,113.838203,22.6098,0,0
28499,12:41:27,113.838203,22.6098,0,0
28499,12:41:57,113.838203,22.6098,0,0
28499,12:42:57,113.838203,22.6098,0,0
28499,12:43:27,113.838203,22.6098,0,0
28499,12:43:57,113.838203,22.6098,0,0
28499,12:44:58,113.838203,22.6098,0,0
28499,12:45:28,113.838203,22.6098,0,0
28499,12:45:58,113.838203,22.6098,0,0
28499,12:46:28,113.838203,22.6098,0,0
28499,12:47:28,113.838097,22.609699,0,0
28499,12:47:58,113.838097,22.609699,0,0
28499,12:48:28,113.838097,22.609699,0,0
28499,12:48:58,113.838097,22.609699,0,0
28499,12:49:28,113.838097,22.609699,0,0
28499,12:49:58,113.838097,22.609699,0,0
28499,12:50:28,113.838097,22.609699,0,0
28499,12:51:28,113.838097,22.609699,0,0
28499,12:51:58,113.838097,22.609699,0,0
28499,12:52:28,113.838097,22.609699,0,0
28499,12:52:58,113.838097,22.609699,0,0
28499,12:53:28,113.838097,22.609699,0,0
28499,12:55:28,113.838097,22.609699,0,0
28499,12:55:58,113.838097,22.609699,0,0
28499,12:56:28,113.838097,22.609699,0,0
28499,12:57:58,113.838097,22.609699,0,0
28499,12:58:30,113.838097,22.609699,0,0
28499,12:59:59,113.838097,22.609699,0,0
28499,13:00:59,113.838097,22.609699,0,0
28499,13:01:29,113.838097,22.609699,0,0
28499,13:02:59,113.838097,22.609699,0,0
28499,13:03:29,113.838097,22.609699,0,0
28499,13:03:59,113.838097,22.609699,0,0
28499,13:05:59,113.838097,22.609699,0,0
28499,13:06:29,113.838097,22.609699,0,0
28499,13:06:59,113.838097,22.609699,0,0
28499,13:07:29,113.838097,22.609699,0,0
28499,13:07:59,113.838097,22.609699,0,0
28499,13:08:29,113.838097,22.609699,0,0
28499,13:08:59,113.838097,22.609699,0,0
28499,13:09:59,113.838097,22.609699,0,0
28499,13:10:29,113.837997,22.610001,0,3
28499,13:11:02,113.839798,22.6082,0,10
28499,13:11:32,113.840103,22.6077,0,0
28499,13:14:03,113.849403,22.6106,0,20
28499,13:14:33,113.8507,22.611,0,0
28499,13:16:03,113.856003,22.6099,0,17
28499,13:16:33,113.858498,22.607,0,29
28499,13:17:04,113.861298,22.6038,0,28
28499,13:17:12,113.840103,22.6077,0,0
28499,13:17:34,113.863899,22.599899,0,34
28499,13:18:04,113.866501,22.5959,0,32
28499,13:22:05,113.892303,22.5674,0,35
28499,13:22:35,113.895798,22.563801,0,34
28499,13:23:08,113.899696,22.560699,0,30
28499,13:23:38,113.903198,22.558001,0,29
28499,13:24:08,113.9049,22.555901,0,0
28499,13:25:11,113.904999,22.5557,0,0
28499,13:26:11,113.905098,22.555599,0,0
28499,13:27:45,113.905098,22.555599,0,0
28499,13:28:15,113.905098,22.5555,0,3
28499,13:29:19,113.905098,22.5555,0,0
28499,13:30:19,113.905098,22.5555,0,0
28499,13:30:49,113.905098,22.5553,0,0
28499,13:32:22,113.905098,22.555201,0,0
28499,13:32:52,113.905098,22.555201,0,0
28499,13:33:25,113.905098,22.555201,0,0
28499,13:33:55,113.905098,22.555201,0,0
28499,13:34:25,113.905098,22.555201,0,0
28499,13:34:55,113.905098,22.555201,0,0
28499,13:36:17,113.9077,22.5518,0,26
28499,13:36:47,113.909302,22.5483,0,9
28499,13:37:17,113.909599,22.5459,0,22
28499,13:37:51,113.909698,22.5452,0,9
28499,13:38:51,113.914299,22.5436,0,26
28499,13:39:21,113.915497,22.543301,0,15
28499,13:39:54,113.918098,22.5431,0,0
28499,13:41:58,113.921997,22.5429,0,24
28499,13:42:58,113.931702,22.5425,0,32
28499,13:43:28,113.936501,22.542601,0,28
28499,13:46:34,113.954102,22.5432,0,26
28499,13:47:34,113.959,22.539101,0,20
28499,13:48:18,113.959,22.5389,0,0
28499,13:48:48,113.959,22.538601,0,17
28499,13:50:51,113.962303,22.5336,0,22
28499,13:51:21,113.9655,22.532499,0,2
28499,13:51:51,113.964897,22.5329,0,0
28499,13:52:55,113.963501,22.5333,0,16
28499,13:53:55,113.962601,22.5336,0,0
28499,13:54:29,113.962601,22.5336,0,0
28499,13:54:59,113.962097,22.533899,0,1
28499,13:55:29,113.961998,22.535101,0,12
28499,13:55:59,113.961899,22.5366,0,11
28499,13:57:02,113.9618,22.5385,0,7
28499,13:57:32,113.961899,22.539101,0,0
28499,13:58:02,113.961998,22.5404,0,12
28499,13:58:35,113.961998,22.542,0,6
28499,13:59:05,113.962898,22.542,0,8
28499,13:59:35,113.966301,22.5406,0,24
28499,14:00:38,113.9701,22.539301,0,0
28499,14:02:01,113.973801,22.538099,0,27
28499,14:02:36,113.970901,22.539499,0,24
28499,14:04:06,113.963898,22.542101,0,10
28499,14:04:39,113.963402,22.542299,0,0
28499,14:05:09,113.963402,22.542299,0,0
28499,14:06:40,113.962799,22.5425,0,0
28499,14:09:12,113.9618,22.5429,0,0
28499,14:09:42,113.9618,22.5429,0,0
28499,14:10:12,113.961601,22.542999,0,2
28499,14:11:13,113.961304,22.542999,0,0
28499,14:12:13,113.961304,22.542999,0,0
28499,14:12:46,113.960297,22.543301,0,13
28499,14:13:16,113.959198,22.543501,0,7
28499,14:13:46,113.956001,22.5436,0,24
28499,14:14:16,113.9543,22.545099,0,28
28499,14:15:20,113.953201,22.555599,0,20
28499,14:15:50,113.9543,22.556601,0,14
28499,14:16:54,113.948502,22.5562,0,18
28499,14:17:24,113.944801,22.5553,0,30
28499,14:17:54,113.939598,22.5555,0,34
28499,14:18:24,113.934097,22.5555,0,35
28499,14:18:57,113.929604,22.556499,0,35
28499,14:19:27,113.9291,22.560301,0,14
28499,14:19:57,113.9291,22.5627,0,25
28499,14:21:30,113.926003,22.575899,0,26
28499,14:22:00,113.925301,22.5804,0,38
28499,14:23:35,113.925598,22.5916,0,32
28499,14:24:35,113.927597,22.604099,0,35
28499,14:25:07,113.926903,22.6099,0,41
28499,14:28:40,113.904297,22.6504,0,50
28499,14:29:13,113.898903,22.6551,0,46
28499,14:29:43,113.893898,22.660299,0,50
28499,14:30:13,113.891998,22.667,0,44
28499,14:30:43,113.8899,22.6737,0,48
28499,14:31:16,113.8881,22.6805,0,47
28499,14:31:46,113.886597,22.686701,0,40
28499,14:32:16,113.887604,22.6919,0,39
28499,14:33:20,113.885002,22.704599,0,50
28499,14:34:20,113.880997,22.7181,0,45
28499,14:34:50,113.881798,22.724899,0,50
28499,14:35:23,113.8834,22.732,0,50
28499,14:35:53,113.882698,22.7386,0,34
28499,14:36:23,113.882004,22.742901,0,29
28499,14:36:53,113.880402,22.740801,0,13
28499,14:37:27,113.880699,22.740299,0,0
28499,14:37:57,113.880699,22.7402,0,0
28499,14:38:57,113.883003,22.739,0,11
28499,14:39:30,113.883202,22.738899,0,0
28499,14:40:00,113.883202,22.738899,0,0
28499,14:41:31,113.885498,22.738501,0,26
28499,14:42:01,113.890404,22.7386,0,38
28499,14:42:31,113.895897,22.739401,0,38
28499,14:43:01,113.900299,22.739799,0,28
28499,14:43:31,113.901901,22.739799,0,0
28499,14:44:01,113.901901,22.739799,0,0
28499,14:44:31,113.901901,22.739799,0,0
28499,14:45:01,113.901901,22.739799,0,0
28499,14:45:35,113.902298,22.7407,0,31
28499,14:46:05,113.901703,22.7456,0,21
28499,14:47:05,113.902496,22.749599,0,29
28499,14:48:08,113.901901,22.757299,0,21
28499,14:49:08,113.900398,22.7616,0,0
28499,14:49:39,113.900398,22.7616,0,0
28499,14:50:09,113.900398,22.7616,0,0
28499,14:50:39,113.8993,22.7647,0,27
28499,14:51:09,113.898102,22.768101,0,26
28499,14:52:10,113.897697,22.7694,0,0
28499,14:52:40,113.897697,22.7694,0,0
28499,14:53:10,113.897697,22.7694,0,0
28499,14:53:40,113.897598,22.769899,0,6
28499,14:54:10,113.8964,22.7731,0,35
28499,14:55:10,113.894699,22.7761,0,0
28499,14:55:11,113.901901,22.757299,0,0
28499,14:56:42,113.894302,22.7768,0,0
28499,14:57:45,113.890404,22.7791,0,28
28499,14:58:15,113.888603,22.7798,0,0
28499,14:58:45,113.888603,22.7798,0,0
28499,14:59:15,113.888603,22.7798,0,0
28499,14:59:48,113.888603,22.7798,0,0
28499,15:00:18,113.888603,22.7798,0,0
28499,15:00:48,113.890198,22.7791,0,31
28499,15:01:18,113.8937,22.776899,0,15
28499,15:01:48,113.893997,22.776501,0,8
28499,15:02:18,113.8955,22.7742,0,25
28499,15:02:48,113.896698,22.771601,0,4
28499,15:03:18,113.897003,22.7708,0,9
28499,15:03:49,113.897697,22.7687,0,20
28499,15:04:19,113.8983,22.7672,0,7
28499,15:04:49,113.8992,22.7645,0,32
28499,15:05:19,113.899902,22.762199,0,0
28499,15:07:19,113.902496,22.7544,0,23
28499,15:07:52,113.902397,22.7505,0,29
28499,15:09:55,113.901703,22.743299,0,18
28499,15:13:28,113.902397,22.7316,0,0
28499,15:14:32,113.902496,22.7265,0,36
28499,15:15:02,113.902298,22.7216,0,24
28499,15:15:32,113.902298,22.7209,0,0
28499,15:16:05,113.902,22.7187,0,0
28499,15:17:35,113.901802,22.7162,0,31
28499,15:18:38,113.904404,22.711,0,0
28499,15:19:08,113.906303,22.709101,0,29
28499,15:19:38,113.907097,22.7085,0,0
28499,15:20:11,113.907097,22.7085,0,0
28499,15:22:15,113.908798,22.707899,0,26
28499,15:22:45,113.912498,22.7061,0,30
28499,15:23:15,113.913696,22.7024,0,29
28499,15:24:18,113.913803,22.7015,0,0
28499,15:25:18,113.916199,22.692699,0,2
28499,15:25:48,113.916199,22.692699,0,0
28499,15:27:21,113.918999,22.688999,0,32
28499,15:28:55,113.925102,22.6859,0,21
28499,15:29:55,113.928497,22.684299,0,2
28499,15:30:28,113.929001,22.684099,0,0
28499,15:32:31,113.925903,22.6784,0,0
28499,15:33:01,113.925301,22.676901,0,5
28499,15:33:31,113.923698,22.6749,0,24
28499,15:34:01,113.9217,22.6728,0,0
28499,15:36:05,113.921097,22.6721,0,0
28499,15:36:38,113.921097,22.6721,0,0
28499,15:37:38,113.921097,22.6721,0,0
28499,15:38:08,113.921097,22.6721,0,0
28499,15:38:41,113.921097,22.6721,0,0
28499,15:39:11,113.920197,22.6703,0,28
28499,15:39:41,113.920097,22.666901,0,22
28499,15:40:11,113.920097,22.6646,0,0
28499,15:40:45,113.920097,22.6646,0,0
28499,15:41:10,113.920097,22.664499,0,0
28499,15:43:13,113.917999,22.6472,0,39
28499,15:43:43,113.922203,22.642599,0,40
28499,15:44:13,113.925697,22.638599,0,32
28499,15:44:52,113.927597,22.6366,0,24
28499,15:45:52,113.933098,22.6301,0,15
28499,15:46:22,113.9338,22.628,0,19
28499,15:47:26,113.934402,22.6243,0,26
28499,15:48:26,113.934402,22.614401,0,38
28499,15:48:59,113.932899,22.609501,0,32
28499,15:49:59,113.934898,22.602301,0,30
28499,15:50:29,113.938797,22.5987,0,37
28499,15:51:02,113.941002,22.597,0,13
28499,15:51:32,113.944504,22.5945,0,33
28499,15:52:02,113.948799,22.591999,0,25
28499,15:52:32,113.949501,22.591101,0,0
28499,15:54:05,113.949898,22.59,0,15
28499,15:54:35,113.949799,22.5882,0,10
28499,15:55:39,113.949799,22.587601,0,3
28499,15:56:09,113.949799,22.587299,0,4
28499,15:56:39,113.949699,22.586901,0,0
28499,15:57:12,113.949699,22.586901,0,0
28499,15:59:15,113.949699,22.586901,0,0
28499,15:59:45,113.949699,22.586399,0,0
28499,16:00:15,113.949699,22.586201,0,0
28499,16:00:45,113.949699,22.586201,0,0
28499,16:01:19,113.949699,22.586201,0,0
28499,16:01:49,113.949699,22.586201,0,0
28499,16:02:19,113.949699,22.586201,0,0
28499,16:05:25,113.949799,22.584499,0,0
28499,16:05:55,113.949898,22.5837,0,12
28499,16:07:59,113.951401,22.5797,0,0
28499,16:08:59,113.952499,22.577,0,10
28499,16:09:32,113.953003,22.5762,0,2
28499,16:10:32,113.954903,22.573999,0,12
28499,16:11:02,113.957397,22.573,0,25
28499,16:12:35,113.961899,22.5714,0,0
28499,16:13:40,113.966797,22.5686,0,12
28499,16:14:40,113.968903,22.5674,0,0
28499,16:15:43,113.971901,22.565399,0,0
28499,16:16:09,113.971802,22.564899,0,0
28499,16:16:17,113.971802,22.564899,0,6
28499,16:16:45,113.971397,22.5634,0,3
28499,16:17:46,113.971001,22.5634,0,0
28499,16:18:16,113.971001,22.5634,0,0
28499,16:18:25,113.971001,22.5634,0,0
28499,16:18:55,113.971001,22.5634,0,0
28499,16:19:25,113.971497,22.563299,0,6
28499,16:19:59,113.971703,22.5644,0,4
28499,16:20:11,113.971802,22.5648,0,0
28499,16:22:03,113.974899,22.563999,0,0
28499,16:22:33,113.975403,22.5637,0,7
28499,16:23:03,113.976799,22.5627,0,17
28499,16:23:33,113.977898,22.562,0,8
28499,16:25:06,113.981697,22.5609,0,23
28499,16:25:36,113.983101,22.558001,0,21
28499,16:26:10,113.982903,22.554501,0,6
28499,16:27:10,113.981598,22.552299,0,23
28499,16:28:49,113.9814,22.5471,0,16
28499,16:29:19,113.983704,22.5455,0,16
28499,16:30:23,113.986603,22.542,0,12
28499,16:31:53,113.989403,22.5415,0,12
28499,16:32:26,113.990799,22.541599,0,13
28499,16:33:51,113.992996,22.533001,0,30
28499,16:34:25,113.993202,22.531099,0,17
28499,16:34:55,113.993896,22.5271,0,24
28499,16:35:25,113.993103,22.5252,0,18
28499,16:35:55,113.994499,22.527201,0,17
28499,16:36:28,113.997902,22.5292,0,29
28499,16:36:58,114.003304,22.5299,0,38
28499,16:37:28,114.008904,22.5296,0,33
28499,16:37:58,114.013603,22.5306,0,29
28499,16:39:01,114.0215,22.532,0,25
28499,16:39:31,114.026001,22.531099,0,41
28499,16:41:05,114.041801,22.530899,0,31
28499,16:41:35,114.046402,22.531099,0,28
28499,16:42:05,114.050201,22.530399,0,29
28499,16:42:38,114.051399,22.527399,0,21
28499,16:43:08,114.051399,22.526199,0,0
28499,16:43:38,114.051598,22.5259,0,10
28499,16:44:08,114.051697,22.5285,0,0
28499,16:44:35,114.051903,22.5285,0,0
28499,16:46:25,114.053703,22.5306,0,6
28499,16:46:59,114.054901,22.5313,0,27
28499,16:47:29,114.058701,22.5313,0,24
28499,16:47:59,114.063103,22.5313,0,23
28499,16:48:29,114.065399,22.5313,0,13
28499,16:49:32,114.0672,22.527399,0,34
28499,16:50:02,114.065002,22.523199,0,18
28499,16:51:05,114.065498,22.5229,0,0
28499,16:52:05,114.066101,22.522699,0,0
28499,16:52:35,114.067101,22.5224,0,7
28499,16:53:08,114.068001,22.5221,0,0
28499,16:54:34,114.068497,22.523701,0,16
28499,16:56:38,114.069,22.532,0,13
28499,16:57:42,114.063499,22.5319,0,14
28499,16:59:15,114.051201,22.531601,0,26
28499,16:59:45,114.046501,22.5315,0,36
28499,17:00:15,114.0411,22.531099,0,29
28499,17:01:19,114.031303,22.5303,0,33
28499,17:02:49,114.021202,22.5322,0,11
28499,17:03:53,114.015503,22.5313,0,21
28499,17:04:23,114.015701,22.5334,0,14
28499,17:04:53,114.013702,22.535601,0,30
28499,17:07:30,114.007896,22.5348,0,9
28499,17:08:00,114.007896,22.5348,0,0
28499,17:10:33,114.007896,22.5348,0,0
28499,17:11:03,114.007896,22.5348,0,0
28499,17:13:04,114.007896,22.5348,0,0
28499,17:14:04,114.007896,22.5348,0,0
28499,17:15:34,114.007896,22.5348,0,0
28499,17:16:04,114.007896,22.5348,0,0
28499,17:16:34,114.007896,22.5348,0,0
28499,17:18:34,114.007896,22.5348,0,0
28499,17:19:34,114.007896,22.5348,0,0
28499,17:20:04,114.007896,22.5348,0,0
28499,17:22:04,114.007896,22.5348,0,0
28499,17:22:34,114.007896,22.5348,0,0
28499,17:23:34,114.007896,22.5348,0,0
28499,17:24:04,114.007896,22.5348,0,0
28499,17:24:34,114.007896,22.5348,0,0
28499,17:25:04,114.007896,22.5348,0,0
28499,17:25:34,114.007896,22.5348,0,0
28499,17:26:34,114.007896,22.5348,0,0
28499,17:27:34,114.007896,22.5348,0,0
28499,17:28:04,114.007896,22.5348,0,0
28499,17:28:34,114.007896,22.5348,0,0
28499,17:29:04,114.007896,22.5348,0,0
28499,17:30:04,114.007896,22.5348,0,0
28499,17:30:34,114.007896,22.5348,0,0
28499,17:31:04,114.007896,22.5348,0,0
28499,17:32:05,114.007896,22.5348,0,0
28499,17:32:35,114.007896,22.5348,0,0
28499,17:33:05,114.007896,22.5348,0,0
28499,17:33:35,114.007896,22.5348,0,0
28499,17:34:05,114.007896,22.5348,0,0
28499,17:34:35,114.007896,22.5348,0,0
28499,17:37:05,114.007896,22.5348,0,0
28499,17:37:35,114.007896,22.5348,0,0
28499,17:38:05,114.007896,22.5348,0,0
28499,17:38:35,114.007896,22.5348,0,0
28499,17:39:05,114.007896,22.5348,0,0
28499,17:40:35,114.007896,22.5348,0,0
28499,17:43:05,114.007896,22.5348,0,0
28499,17:44:05,114.007896,22.5348,0,0
28499,17:45:35,114.007896,22.5348,0,0
28499,17:47:05,114.007896,22.5348,0,0
28499,17:48:35,114.007896,22.5348,0,0
28499,17:49:05,114.007896,22.5348,0,0
28499,17:50:35,114.007896,22.5348,0,0
28499,17:51:35,114.007896,22.5348,0,0
28499,17:52:05,114.007896,22.5348,0,0
28499,17:53:05,114.007896,22.5348,0,0
28499,17:54:06,114.007896,22.5348,0,0
28499,17:54:36,114.007896,22.5348,0,0
28499,17:55:06,114.007896,22.5348,0,0
28499,17:56:36,114.007896,22.5348,0,0
28499,17:58:36,114.007896,22.5348,0,0
28499,17:59:06,114.007896,22.5348,0,0
28499,17:59:36,114.007896,22.5348,0,0
28499,18:01:06,114.007896,22.5348,0,0
28499,18:01:36,114.007896,22.5348,0,0
28499,18:02:06,114.007896,22.5348,0,0
28499,18:02:36,114.007896,22.5348,0,0
28499,18:03:06,114.007896,22.5348,0,0
28499,18:03:36,114.007896,22.5348,0,0
28499,18:05:06,114.007896,22.5348,0,0
28499,18:05:36,114.007896,22.5348,0,0
28499,18:06:06,114.007896,22.5348,0,0
28499,18:06:36,114.007896,22.5348,0,0
28499,18:07:06,114.007896,22.5348,0,0
28499,18:07:36,114.007896,22.5348,0,0
28499,18:08:06,114.007896,22.5348,0,0
28499,18:08:36,114.007896,22.5348,0,0
28499,18:09:06,114.007896,22.5348,0,0
28499,18:09:36,114.007896,22.5348,0,0
28499,18:10:36,114.007896,22.5348,0,0
28499,18:11:06,114.007896,22.5348,0,0
28499,18:12:06,114.007896,22.5348,0,0
28499,18:14:06,114.007896,22.5348,0,0
28499,18:14:36,114.007896,22.5348,0,0
28499,18:20:37,114.007896,22.5348,0,0
28499,18:21:07,114.007896,22.5348,0,0
28499,18:22:07,114.007896,22.5348,0,0
28499,18:22:37,114.007896,22.5348,0,0
28499,18:23:07,114.007896,22.5348,0,0
28499,18:23:37,114.007896,22.5348,0,0
28499,18:24:07,114.007896,22.5348,0,0
28499,18:24:37,114.007896,22.5348,0,0
28499,18:25:07,114.007896,22.5348,0,0
28499,18:25:37,114.007896,22.5348,0,0
28499,18:26:07,114.007896,22.5348,0,0
28499,18:26:37,114.007896,22.5348,0,0
28499,18:27:07,114.007896,22.5348,0,0
28499,18:27:39,114.007896,22.5348,0,0
28499,18:27:57,114.007896,22.5348,0,1
28499,18:28:42,114.007896,22.5348,0,0
28499,18:30:14,114.012604,22.531099,0,26
28499,18:31:14,114.013298,22.530399,0,12
28499,18:31:47,114.015701,22.531,0,23
28499,18:32:17,114.018097,22.5317,0,19
28499,18:32:47,114.021004,22.532101,0,20
28499,18:33:17,114.024597,22.5315,0,24
28499,18:33:51,114.0289,22.5306,0,32
28499,18:34:21,114.033997,22.530199,0,36
28499,18:35:21,114.043701,22.5312,0,25
28499,18:36:53,114.053802,22.5313,0,0
28499,18:37:23,114.053802,22.5313,0,4
28499,18:37:57,114.053802,22.530899,0,0
28499,18:38:57,114.055496,22.530399,0,4
28499,18:39:27,114.055702,22.5303,0,0
28499,18:40:30,114.056297,22.5303,0,3
28499,18:41:00,114.056602,22.5299,0,0
28499,18:42:03,114.0569,22.528299,0,0
28499,18:42:09,114.0569,22.528299,0,0
28499,18:42:39,114.057098,22.5277,0,7
28499,18:43:09,114.058403,22.5277,0,1
28499,18:44:43,114.059196,22.527399,0,0
28499,18:45:13,114.059196,22.527399,0,0
28499,18:45:43,114.059402,22.526899,0,7
28499,18:46:16,114.059402,22.5268,0,0
28499,18:46:46,114.059402,22.5268,0,0
28499,18:47:16,114.059502,22.5266,0,4
28499,18:47:46,114.059898,22.5249,0,15
28499,18:48:19,114.060097,22.5242,0,0
28499,18:49:19,114.0606,22.521601,0,9
28499,18:49:49,114.061096,22.520901,0,8
28499,18:50:23,114.062897,22.5194,0,8
28499,18:51:23,114.065903,22.5191,0,11
28499,18:51:53,114.067001,22.519199,0,0
28499,18:52:09,114.067001,22.519199,0,0
28499,18:54:36,114.063301,22.5194,0,5
28499,18:55:06,114.061996,22.520399,0,10
28499,18:56:10,114.061501,22.5208,0,0
28499,18:56:40,114.061501,22.5208,0,0
28499,18:57:10,114.060898,22.5215,0,13
28499,18:59:13,114.058502,22.523701,0,0
28499,18:59:43,114.058502,22.524099,0,5
28499,19:00:17,114.058502,22.525,0,5
28499,19:00:47,114.058296,22.525801,0,0
28499,19:01:17,114.059601,22.5256,0,16
28499,19:01:47,114.060097,22.524,0,0
28499,19:02:20,114.060097,22.524,0,0
28499,19:03:14,114.0606,22.521999,0,0
28499,19:03:44,114.059601,22.520399,0,25
28499,19:04:48,114.052101,22.518299,0,6
28499,19:05:18,114.052002,22.518299,0,0
28499,19:05:48,114.051102,22.5187,0,20
28499,19:06:51,114.051498,22.5252,0,0
28499,19:07:21,114.051498,22.525801,0,6
28499,19:08:21,114.047699,22.5256,0,15
28499,19:09:24,114.044899,22.5266,0,17
28499,19:10:24,114.044601,22.535,0,33
28499,19:11:28,114.044403,22.5446,0,33
28499,19:11:58,114.044296,22.548599,0,6
28499,19:13:01,114.040802,22.5497,0,29
28499,19:14:01,114.037903,22.549101,0,0
28499,19:15:34,114.037804,22.549101,0,0
28499,19:16:04,114.036598,22.5488,0,3
28499,19:16:34,114.036102,22.550301,0,17
28499,19:17:07,114.0354,22.5515,0,12
28499,19:18:37,114.033501,22.5532,0,12
28499,19:19:41,114.030098,22.5564,0,0
28499,19:20:41,114.029701,22.5569,0,0
28499,19:21:44,114.0308,22.558001,0,1
28499,19:22:14,114.0308,22.558001,0,0
28499,19:22:44,114.030998,22.558201,0,9
28499,19:23:18,114.032799,22.559999,0,11
28499,19:23:48,114.033501,22.561199,0,2
28499,19:23:57,114.033501,22.561199,0,0
28499,19:24:48,114.033897,22.562,0,11
28499,19:25:21,114.036903,22.562799,0,21
28499,19:25:51,114.0383,22.563101,0,4
28499,19:26:21,114.039101,22.5632,0,10
28499,19:26:51,114.040604,22.563499,0,11
28499,19:27:24,114.041397,22.5637,0,0
28499,19:27:54,114.042198,22.5639,0,9
28499,19:28:24,114.043701,22.564301,0,17
28499,19:28:54,114.044403,22.564501,0,0
28499,19:29:28,114.044899,22.5646,0,0
28499,19:29:58,114.045303,22.564699,0,0
28499,19:30:58,114.045303,22.564699,0,0
28499,19:32:31,114.047203,22.565001,0,4
28499,19:33:01,114.047897,22.564899,0,4
28499,19:34:04,114.0494,22.564899,0,6
28499,19:35:04,114.050301,22.5648,0,0
28499,19:35:37,114.050697,22.5648,0,0
28499,19:36:07,114.050903,22.5648,0,0
28499,19:36:37,114.052002,22.564699,0,9
28499,19:37:07,114.052803,22.564699,0,5
28499,19:37:41,114.053398,22.564699,0,0
28499,19:38:11,114.053703,22.5648,0,5
28499,19:38:41,114.0541,22.5648,0,0
28499,19:39:44,114.054901,22.564899,0,5
28499,19:40:14,114.054901,22.565001,0,0
28499,19:40:44,114.054901,22.565001,0,0
28499,19:41:47,114.056396,22.5655,0,5
28499,19:42:47,114.059402,22.5669,0,23
28499,19:43:17,114.064499,22.5686,0,38
28499,19:43:51,114.070099,22.5693,0,31
28499,19:44:21,114.074898,22.571301,0,32
28499,19:44:51,114.079803,22.572399,0,36
28499,19:45:21,114.084099,22.5707,0,33
28499,19:45:54,114.086601,22.566799,0,29
28499,19:46:24,114.088997,22.562,0,30
28499,19:46:54,114.0905,22.5592,0,9
28499,19:47:24,114.090599,22.558901,0,0
28499,19:47:57,114.090599,22.558901,0,0
28499,19:48:27,114.090599,22.558901,0,0
28499,19:48:57,114.090897,22.555799,0,27
28499,19:50:01,114.091103,22.552,0,0
28499,19:50:31,114.091103,22.552,0,0
28499,19:51:31,114.091103,22.5494,0,0
28499,19:52:04,114.091103,22.548,0,23
28499,19:53:04,114.091202,22.544201,0,0
28499,19:54:39,114.091103,22.5422,0,0
28499,19:55:09,114.091103,22.5422,0,0
28499,19:56:18,114.091202,22.541401,0,9
28499,19:57:18,114.091301,22.539801,0,5
28499,19:57:26,114.091301,22.539801,0,0
28499,19:58:29,114.091904,22.5404,0,6
28499,19:58:59,114.092598,22.5404,0,0
28499,19:59:02,114.092598,22.5404,0,0
28499,19:59:32,114.094803,22.5403,0,12
28499,20:01:36,114.099297,22.5411,0,0
28499,20:02:09,114.099297,22.5411,0,0
28499,20:02:39,114.099297,22.5411,0,0
28499,20:03:09,114.099297,22.5411,0,0
28499,20:03:39,114.101196,22.541201,0,18
28499,20:04:12,114.101898,22.5415,0,0
28499,20:04:42,114.101997,22.5427,0,8
28499,20:05:42,114.104401,22.5434,0,2
28499,20:05:54,114.104401,22.5434,0,0
28499,20:06:28,114.105797,22.543501,0,3
28499,20:06:50,114.106102,22.543301,0,0
28499,20:07:20,114.106796,22.5418,0,0
28499,20:07:50,114.106796,22.5418,0,0
28499,20:08:23,114.106796,22.539801,0,28
28499,20:08:53,114.105103,22.537901,0,17
28499,20:10:34,114.0914,22.5396,0,13
28499,20:12:04,114.091301,22.542999,0,0
28499,20:12:38,114.091301,22.542999,0,0
28499,20:13:08,114.091301,22.542999,0,0
28499,20:14:08,114.091202,22.548201,0,24
28499,20:14:41,114.091103,22.551399,0,19
28499,20:15:11,114.091103,22.5515,0,0
28499,20:16:11,114.091103,22.5534,0,0
28499,20:16:44,114.091103,22.5534,0,0
28499,20:17:44,114.091202,22.5539,0,10
28499,20:18:14,114.091103,22.556499,0,24
28499,20:18:47,114.091103,22.5574,0,0
28499,20:19:17,114.091103,22.558001,0,11
28499,20:19:47,114.090401,22.5595,0,14
28499,20:20:17,114.090103,22.560101,0,0
28499,20:20:51,114.089897,22.5604,0,8
28499,20:21:21,114.090897,22.5613,0,10
28499,20:22:21,114.0924,22.560101,0,18
28499,20:22:54,114.093697,22.559999,0,2
28499,20:23:24,114.094597,22.559799,0,0
28499,20:23:54,114.094803,22.559799,0,0
28499,20:24:39,114.094803,22.559799,0,0
28499,20:25:12,114.094803,22.559799,0,0
28499,20:25:42,114.095703,22.5599,0,0
28499,20:26:10,114.095703,22.5599,0,0
28499,20:27:14,114.097,22.559999,0,3
28499,20:27:44,114.097504,22.559999,0,5
28499,20:28:14,114.098099,22.559999,0,0
28499,20:28:44,114.098999,22.5599,0,6
28499,20:30:48,114.099197,22.558901,0,0
28499,20:31:21,114.099197,22.558901,0,0
28499,20:32:21,114.102798,22.5585,0,0
28499,20:33:24,114.1036,22.5585,0,0
28499,20:33:54,114.103996,22.558599,0,12
28499,20:34:54,114.114502,22.558701,0,42
28499,20:35:28,114.119598,22.558701,0,19
28499,20:36:28,114.125298,22.5532,0,4
28499,20:36:58,114.125397,22.5532,0,0
28499,20:37:31,114.1259,22.5508,0,21
28499,20:38:01,114.125801,22.5499,0,0
28499,20:39:01,114.125801,22.5497,0,10
28499,20:39:34,114.1259,22.5473,0,19
28499,20:40:04,114.1259,22.5457,0,0
28499,20:41:37,114.125099,22.542,0,14
28499,20:42:07,114.123703,22.5411,0,9
28499,20:42:37,114.122902,22.5406,0,0
28499,20:43:07,114.122597,22.5403,0,6
28499,20:43:41,114.122299,22.540199,0,0
28499,20:44:11,114.122299,22.540199,0,0
28499,20:44:41,114.121902,22.540199,0,2
28499,20:45:44,114.121803,22.540199,0,0
28499,20:46:14,114.121803,22.540199,0,0
28499,20:46:45,114.121597,22.5397,0,3
28499,20:47:15,114.121399,22.540199,0,11
28499,20:47:42,114.121498,22.5403,0,0
28499,20:48:12,114.122002,22.541201,0,11
28499,20:49:12,114.122597,22.540899,0,0
28499,20:49:46,114.122803,22.5406,0,8
28499,20:51:16,114.125999,22.544399,0,0
28499,20:52:49,114.123596,22.540899,0,27
28499,20:53:19,114.120003,22.538799,0,18
28499,20:54:52,114.107903,22.5375,0,32
28499,20:55:22,114.1054,22.538401,0,16
28499,20:55:56,114.106796,22.540501,0,22
28499,20:57:26,114.106796,22.5411,0,0
28499,20:57:59,114.106697,22.5436,0,19
28499,21:00:32,114.105103,22.549,0,0
28499,21:01:30,114.105103,22.549101,0,7
28499,21:02:16,114.104103,22.549101,0,0
28499,21:02:46,114.102402,22.5487,0,8
28499,21:04:20,114.100304,22.5474,0,0
28499,21:04:50,114.099503,22.5487,0,22
28499,21:05:20,114.099701,22.551701,0,0
28499,21:06:23,114.099701,22.551701,0,0
28499,21:06:53,114.099701,22.551701,0,0
28499,21:07:23,114.099503,22.554701,0,12
28499,21:07:56,114.099503,22.556101,0,26
28499,21:11:30,114.090103,22.5585,0,18
28499,21:12:03,114.087303,22.558399,0,24
28499,21:12:33,114.082497,22.558399,0,37
28499,21:13:33,114.070999,22.558201,0,23
28499,21:14:06,114.0681,22.558201,0,0
28499,21:15:06,114.0681,22.558201,0,0
28499,21:15:36,114.0681,22.558201,0,0
28499,21:16:09,114.066002,22.5581,0,33
28499,21:16:39,114.060699,22.5599,0,36
28499,21:17:39,114.058296,22.562201,0,0
28499,21:18:43,114.054199,22.563601,0,0
28499,21:19:15,114.054199,22.563801,0,0
28499,21:20:18,114.054199,22.5627,0,0
28499,21:20:48,114.054199,22.5627,0,0
28499,21:21:48,114.058098,22.562099,0,20
28499,21:22:52,114.0625,22.5548,0,25
28499,21:23:22,114.0625,22.554199,0,0
28499,21:23:52,114.0625,22.554199,0,0
28499,21:24:55,114.062599,22.5518,0,0
28499,21:25:25,114.062599,22.5518,0,0
28499,21:25:55,114.062599,22.5518,0,0
28499,21:26:32,114.0625,22.5502,0,0
28499,21:27:02,114.062798,22.548,0,10
28499,21:27:32,114.063904,22.547501,0,19
28499,21:28:02,114.066101,22.547501,0,8
28499,21:28:35,114.067398,22.5476,0,0
28499,21:30:05,114.068001,22.5422,0,14
28499,21:31:08,114.076202,22.5429,0,14
28499,21:31:38,114.078003,22.542999,0,7
28499,21:32:28,114.078598,22.5431,0,0
28499,21:33:03,114.080597,22.5431,0,21
28499,21:33:33,114.082199,22.5431,0,20
28499,21:34:03,114.086098,22.543301,0,23
28499,21:34:33,114.087303,22.5434,0,9
28499,21:36:06,114.090797,22.5434,0,0
28499,21:36:36,114.090797,22.5434,0,0
28499,21:37:09,114.092697,22.543301,0,16
28499,21:37:39,114.0951,22.5434,0,22
28499,21:39:43,114.103302,22.5441,0,9
28499,21:40:13,114.103699,22.5441,0,0
28499,21:41:46,114.104599,22.5441,0,0
28499,21:42:16,114.105904,22.5445,0,14
28499,21:42:46,114.108704,22.5452,0,17
28499,21:43:19,114.111397,22.545401,0,7
28499,21:44:49,114.113297,22.5459,0,0
28499,21:45:52,114.115898,22.546499,0,0
28499,21:46:52,114.120499,22.5471,0,0
28499,21:49:29,114.125397,22.547701,0,0
28499,21:49:59,114.125397,22.547701,0,0
28499,21:50:29,114.127701,22.5481,0,25
28499,21:50:59,114.128403,22.5483,0,0
28499,21:52:03,114.129204,22.5483,0,0
28499,21:52:33,114.129204,22.5483,0,0
28499,21:53:03,114.131798,22.548901,0,27
28499,21:53:36,114.136299,22.5494,0,28
28499,21:54:06,114.136597,22.5499,0,21
28499,21:54:36,114.137901,22.5518,0,27
28499,21:55:06,114.139503,22.555,0,29
28499,21:55:39,114.140602,22.556101,0,14
28499,21:56:09,114.1371,22.556601,0,26
28499,21:56:39,114.1353,22.558599,0,2
28499,21:57:09,114.1353,22.558599,0,0
28499,21:58:13,114.135101,22.558901,0,0
28499,21:59:24,114.132301,22.561701,0,0
28499,21:59:54,114.132301,22.561701,0,0
28499,22:00:24,114.132301,22.561701,0,0
28499,22:03:31,114.125397,22.559401,0,0
28499,22:04:01,114.122803,22.557899,0,26
28499,22:04:31,114.120903,22.558901,0,18
28499,22:05:01,114.1203,22.5599,0,0
28499,22:06:04,114.118202,22.565599,0,24
28499,22:06:29,114.117996,22.568399,0,0
28499,22:06:34,114.117996,22.568399,0,0
28499,22:06:37,114.117996,22.568399,0,22
28499,22:07:07,114.117798,22.572901,0,23
28499,22:07:37,114.117302,22.575701,0,19
28499,22:08:07,114.115601,22.579,0,23
28499,22:09:07,114.112801,22.584999,0,15
28499,22:09:41,114.111504,22.5874,0,21
28499,22:10:11,114.109596,22.5903,0,33
28499,22:12:14,114.113503,22.6001,0,20
28499,22:13:47,114.1203,22.6068,0,23
28499,22:14:17,114.123703,22.608601,0,23
28499,22:14:47,114.125999,22.610001,0,21
28499,22:15:17,114.1297,22.6127,0,34
28499,22:15:51,114.1325,22.6157,0,9
28499,22:16:21,114.133698,22.617201,0,0
28499,22:16:51,114.133598,22.617599,0,4
28499,22:16:55,114.133598,22.617599,0,0
28499,22:17:25,114.133598,22.617599,0,0
28499,22:17:29,114.133598,22.617599,0,0
28499,22:19:33,114.116798,22.6042,0,34
28499,22:21:06,114.109497,22.589701,0,36
28499,22:21:36,114.1119,22.585899,0,29
28499,22:22:10,114.114197,22.582199,0,31
28499,22:23:40,114.109497,22.5762,0,35
28499,22:24:13,114.105003,22.5737,0,34
28499,22:24:43,114.100098,22.570801,0,38
28499,22:25:43,114.089302,22.567101,0,34
28499,22:26:17,114.085098,22.5639,0,38
28499,22:26:47,114.082199,22.559601,0,10
28499,22:27:17,114.080101,22.5567,0,33
28499,22:30:23,114.075897,22.549299,0,0
28499,22:30:53,114.075897,22.5487,0,25
28499,22:31:23,114.073898,22.5476,0,31
28499,22:31:53,114.071503,22.547899,0,0
28499,22:32:27,114.071602,22.547199,0,5
28499,22:33:14,114.070999,22.546,0,0
28499,22:33:44,114.0709,22.545799,0,6
28499,22:34:14,114.071198,22.544901,0,3
28499,22:35:47,114.068604,22.5432,0,15
28499,22:36:17,114.067703,22.541401,0,32
28499,22:37:21,114.065399,22.538099,0,13
28499,22:37:42,114.064697,22.5378,0,0
28499,22:38:45,114.063499,22.539499,0,21
28499,22:39:15,114.065002,22.542601,0,29
28499,22:39:45,114.067902,22.5406,0,31
28499,22:40:15,114.0681,22.5357,0,35
28499,22:41:49,114.071297,22.531601,0,18
28499,22:42:19,114.074799,22.5317,0,32
28499,22:43:22,114.079399,22.5355,0,6
28499,22:44:41,114.081902,22.5352,0,8
28499,22:45:11,114.0821,22.5343,0,0
28499,22:46:23,114.082001,22.535,0,21
28499,22:46:56,114.081703,22.538,0,26
28499,22:47:26,114.081398,22.540199,0,11
28499,22:47:56,114.081398,22.5404,0,0
28499,22:49:00,114.081398,22.5404,0,0
28499,22:49:30,114.081703,22.5413,0,19
28499,22:50:00,114.081596,22.542801,0,0
28499,22:50:30,114.081497,22.5431,0,7
28499,22:51:33,114.076202,22.5448,0,18
28499,22:52:03,114.076202,22.546,0,19
28499,22:52:33,114.076302,22.546499,0,0
28499,22:53:07,114.076302,22.546801,0,6
28499,22:53:37,114.0784,22.546801,0,7
28499,22:54:07,114.0811,22.5469,0,10
28499,22:55:10,114.083397,22.547001,0,13
28499,22:55:40,114.0839,22.5471,0,0
28499,22:56:10,114.0839,22.5471,0,0
28499,22:56:40,114.084198,22.548,0,9
28499,22:56:58,114.084198,22.548201,0,0
28499,22:57:28,114.084198,22.548201,0,0
28499,22:57:58,114.084198,22.548201,0,0
28499,22:58:28,114.084198,22.548201,0,0
28499,22:58:42,114.084198,22.548201,0,0
28499,22:59:16,114.084099,22.5485,0,3
28499,22:59:46,114.084099,22.549,0,0
28499,23:00:16,114.083702,22.5492,0,10
28499,23:01:19,114.080902,22.5492,0,6
28499,23:01:49,114.079201,22.549101,0,14
28499,23:02:19,114.078499,22.549101,0,18
28499,23:02:49,114.076698,22.549,0,0
28499,23:04:22,114.076401,22.551901,0,15
28499,23:04:52,114.077904,22.5536,0,0
28499,23:06:26,114.082603,22.5599,0,34
28499,23:06:56,114.085403,22.5641,0,31
28499,23:07:29,114.086601,22.5674,0,27
28499,23:07:59,114.084396,22.570801,0,35
28499,23:09:32,114.068703,22.569401,0,32
28499,23:10:02,114.067497,22.571199,0,15
28499,23:10:32,114.066902,22.5749,0,31
28499,23:11:36,114.0578,22.578501,0,35
28499,23:12:36,114.0532,22.585899,0,32
28499,23:13:06,114.050697,22.589399,0,27
28499,23:16:12,114.034897,22.6021,0,0
28499,23:16:42,114.032799,22.604099,0,28
28499,23:17:12,114.032898,22.605101,0,0
28499,23:17:46,114.033302,22.6059,0,4
28499,23:18:46,114.031502,22.606701,0,3
28499,23:19:23,114.031403,22.6068,0,0
28499,23:19:56,114.031601,22.607201,0,0
28499,23:20:26,114.0317,22.608101,0,2
28499,23:21:26,114.030296,22.6108,0,33
28499,23:22:10,114.029999,22.612801,0,20
28499,23:22:40,114.0317,22.614401,0,0
28499,23:23:10,114.031197,22.6141,0,21
28499,23:23:40,114.0289,22.612301,0,16
28499,23:24:14,114.027,22.613001,0,12
28499,23:24:31,114.026703,22.612499,0,0
28499,23:24:44,114.026703,22.612499,0,0
28499,23:24:53,114.0271,22.6127,0,11
28499,23:24:55,114.027199,22.612801,0,0
28499,23:25:16,114.027397,22.613001,0,0
28499,23:25:46,114.027397,22.613001,0,0
28499,23:26:17,114.027397,22.613001,0,0
28499,23:27:09,114.027397,22.613001,0,2
28499,23:27:38,114.026604,22.6112,0,17
28499,23:29:08,114.0308,22.605801,0,32
28499,23:30:42,114.035797,22.6008,0,32
28499,23:31:42,114.0438,22.5956,0,27
28499,23:33:15,114.052803,22.5867,0,39
28499,23:33:45,114.054497,22.5818,0,38
28499,23:36:52,114.067703,22.559999,0,37
28499,23:37:22,114.067596,22.5583,0,0
28499,23:37:52,114.067596,22.5583,0,0
28499,23:38:55,114.067802,22.5506,0,17
28499,23:39:55,114.067902,22.547899,0,0
28499,23:40:58,114.067902,22.547899,0,0
28499,23:41:28,114.069099,22.5478,0,25
28499,23:41:58,114.069702,22.5478,0,1
28499,23:42:32,114.069702,22.5466,0,11
28499,23:43:02,114.070099,22.5459,0,5
28499,23:43:32,114.071098,22.5452,0,0
28499,23:45:35,114.068001,22.5411,0,36
28499,23:46:38,114.066498,22.532301,0,25
28499,23:47:08,114.062798,22.5319,0,31
28499,23:47:38,114.0569,22.531799,0,34
28499,23:48:08,114.051498,22.5317,0,34
28499,23:48:41,114.047997,22.5327,0,28
28499,23:50:11,114.048203,22.5355,0,16
28499,23:50:45,114.047997,22.537201,0,12
28499,23:51:15,114.044403,22.537399,0,29
28499,23:51:45,114.044403,22.5343,0,31
28499,23:52:48,114.044601,22.5257,0,15
28499,23:53:11,114.046501,22.5257,0,0
28499,23:53:41,114.046501,22.5257,0,0
