33755,00:04:00,114.111183,22.608232,1,4
33755,00:08:59,114.121468,22.61235,0,0
33755,00:13:59,114.121468,22.61235,0,0
33755,00:19:01,114.121468,22.61235,0,0
33755,00:24:01,114.121468,22.61235,0,0
33755,00:29:01,114.112152,22.60675,1,45
33755,00:34:01,114.121483,22.597851,1,23
33755,00:39:01,114.12635,22.594233,0,12
33755,00:39:09,114.126053,22.594267,0,13
33755,00:44:09,114.113098,22.6003,0,23
33755,00:49:17,114.119034,22.610382,1,0
33755,00:54:18,114.111,22.60955,1,28
33755,00:54:26,114.110832,22.609501,1,0
33755,00:59:26,114.108734,22.617901,1,17
33755,00:59:35,114.108704,22.618334,1,23
33755,01:04:25,114.108086,22.616068,1,13
33755,01:09:26,114.099403,22.629351,1,10
33755,01:14:27,114.101486,22.626017,0,26
33755,01:19:27,114.109001,22.617483,1,10
33755,01:24:27,114.111153,22.608368,0,24
33755,01:29:27,114.112366,22.606567,0,0
33755,01:34:27,114.11187,22.601982,1,18
33755,01:39:27,114.120697,22.6068,1,40
33755,01:44:27,114.135452,22.6098,1,48
33755,01:49:27,114.134201,22.617434,1,2
33755,01:54:27,114.106331,22.623684,1,58
33755,01:54:36,114.105331,22.624268,1,62
33755,01:59:36,114.070702,22.611851,1,90
33755,02:04:36,114.043747,22.601233,1,27
33755,02:09:36,114.047485,22.604168,0,0
33755,02:14:36,114.055496,22.613382,0,45
33755,02:14:44,114.055717,22.6143,0,49
33755,02:19:44,114.055717,22.629267,1,0
33755,02:24:45,114.038216,22.641451,0,15
33755,02:29:45,114.0569,22.636967,0,33
33755,02:34:45,114.076653,22.628983,0,56
33755,02:39:45,114.104851,22.620367,0,55
33755,02:39:52,114.105049,22.619568,0,60
33755,02:40:02,114.105385,22.618099,0,54
33755,02:44:52,114.112167,22.603333,0,12
33755,02:49:52,114.107933,22.601618,0,9
33755,02:54:52,114.113014,22.604918,0,26
33755,02:55:01,114.112816,22.605551,0,32
33755,03:00:01,114.112564,22.609449,0,0
33755,03:05:01,114.11245,22.6035,0,0
33755,03:10:01,114.11245,22.6035,0,0
33755,03:15:01,114.111031,22.602783,0,0
33755,03:20:01,114.119003,22.598083,0,0
33755,03:25:01,114.112282,22.600567,0,0
33755,03:25:09,114.112282,22.600567,0,0
33755,03:30:09,114.11245,22.609484,1,50
33755,03:35:10,114.139114,22.627251,1,17
33755,03:40:09,114.122231,22.633266,1,25
33755,03:40:17,114.122169,22.633133,1,0
33755,03:45:17,114.121429,22.625616,0,36
33755,03:50:17,114.115616,22.620701,0,0
33755,03:55:17,114.115616,22.620701,0,0
33755,04:00:17,114.1157,22.620684,0,0
33755,04:05:17,114.1157,22.620684,0,0
33755,04:10:18,114.116447,22.620768,0,0
33755,04:15:17,114.120903,22.612017,1,46
33755,04:20:18,114.119583,22.596767,1,0
33755,04:25:18,114.111465,22.601816,0,7
33755,04:25:26,114.111519,22.602051,0,15
33755,04:30:27,114.115501,22.609484,1,67
33755,04:35:27,114.116684,22.609751,0,38
33755,04:40:27,114.11953,22.610783,0,2
33755,04:45:27,114.115768,22.606283,0,0
33755,04:50:27,114.115768,22.606283,0,0
33755,04:50:35,114.115768,22.606283,0,0
33755,04:55:27,114.115768,22.606283,0,0
33755,05:00:27,114.116096,22.60635,0,1
33755,05:05:27,114.115799,22.6063,0,0
33755,05:10:27,114.115799,22.6063,0,0
33755,05:15:27,114.115799,22.6063,0,0
33755,05:20:27,114.115799,22.6063,0,0
33755,05:25:27,114.115799,22.6063,0,0
33755,05:25:35,114.115799,22.6063,0,0
33755,05:30:35,114.115799,22.6063,0,0
33755,05:35:35,114.115799,22.6063,0,0
33755,05:40:35,114.115799,22.6063,0,0
33755,05:45:35,114.115799,22.6063,0,0
33755,05:50:35,114.115799,22.6063,0,0
33755,05:55:35,114.115669,22.6064,0,0
33755,06:00:35,114.115669,22.6064,0,0
33755,06:05:35,114.115799,22.606367,0,0
33755,06:10:35,114.115799,22.606367,0,0
33755,06:10:43,114.115799,22.606367,0,0
33755,06:15:43,114.115799,22.606367,0,0
33755,06:20:43,114.115799,22.606367,0,0
33755,06:25:43,114.115799,22.606367,0,0
33755,06:30:43,114.116219,22.605783,0,41
33755,06:30:52,114.116936,22.605267,0,13
33755,06:35:43,114.117149,22.604733,0,0
33755,06:40:43,114.122437,22.607817,1,87
33755,06:45:43,114.111069,22.622433,1,32
33755,06:50:44,114.11747,22.635183,0,0
33755,06:50:53,114.11747,22.635183,0,0
33755,06:55:44,114.130585,22.628967,0,56
33755,07:00:44,114.115601,22.615833,0,55
33755,07:05:44,114.112984,22.600332,1,12
33755,07:05:52,114.112801,22.600332,1,8
33755,07:10:52,114.109352,22.594683,1,37
33755,07:15:53,114.116081,22.601667,1,47
33755,07:20:53,114.118431,22.620518,1,0
33755,07:21:01,114.118431,22.620518,0,0
33755,07:26:01,114.120354,22.611067,0,40
33755,07:26:09,114.120964,22.610317,0,50
33755,07:31:09,114.117714,22.604967,0,15
33755,07:31:17,114.117485,22.604982,0,12
33755,07:36:17,114.111687,22.6078,0,0
33755,07:41:17,114.112267,22.601183,0,0
33755,07:46:17,114.116318,22.601418,1,25
33755,07:51:17,114.133003,22.616182,1,0
33755,07:51:25,114.133003,22.616182,1,0
33755,07:56:26,114.132004,22.6301,1,5
33755,08:01:26,114.123863,22.644751,1,0
33755,08:01:34,114.123863,22.644751,1,0
33755,08:06:34,114.117531,22.667717,1,64
33755,08:06:35,114.117531,22.667717,1,64
33755,08:06:36,114.117531,22.667717,1,64
33755,08:06:37,114.117531,22.667717,1,64
33755,08:11:34,114.122383,22.677668,0,33
33755,08:11:35,114.122383,22.677668,0,33
33755,08:11:36,114.122383,22.677668,0,33
33755,08:11:37,114.122383,22.677668,0,33
33755,08:16:34,114.117348,22.66815,0,60
33755,08:16:35,114.117348,22.66815,0,60
33755,08:16:36,114.117348,22.66815,0,60
33755,08:16:37,114.117348,22.66815,0,60
33755,08:21:34,114.118866,22.64995,1,0
33755,08:26:34,114.128731,22.632433,1,31
33755,08:31:35,114.132698,22.629116,1,43
33755,08:36:35,114.135498,22.61195,1,23
33755,08:36:43,114.135185,22.611517,1,35
33755,08:41:43,114.144249,22.609682,1,61
33755,08:46:43,114.142014,22.609383,1,51
33755,08:51:43,114.128166,22.612534,1,31
33755,09:01:44,114.119865,22.595318,0,12
33755,09:02:17,114.128166,22.612534,1,0
33755,09:06:44,114.116669,22.603666,0,12
33755,09:06:51,114.1166,22.603649,0,0
33755,09:06:53,114.1166,22.603649,0,0
33755,09:07:00,114.1166,22.603649,0,0
33755,09:07:09,114.116684,22.6038,1,18
33755,09:12:00,114.110451,22.594917,1,54
33755,09:12:08,114.109917,22.593901,1,62
33755,09:17:08,114.115234,22.601883,1,0
33755,09:22:08,114.115417,22.602633,0,13
33755,09:32:09,114.120651,22.5982,0,31
33755,09:37:09,114.110901,22.587717,1,2
33755,09:42:09,114.117516,22.604366,1,0
33755,09:47:09,114.115669,22.6141,1,0
33755,09:52:09,114.115768,22.618616,0,18
33755,09:57:10,114.130203,22.610832,1,0
33755,10:02:10,114.135719,22.613199,1,15
33755,10:02:18,114.135635,22.612717,1,31
33755,10:07:18,114.131935,22.606583,1,26
33755,10:12:18,114.127182,22.60055,0,28
33755,10:17:18,114.128616,22.599951,1,8
33755,10:17:26,114.12883,22.599966,1,18
33755,10:22:26,114.135597,22.599667,1,24
33755,10:27:26,114.13208,22.605249,1,12
33755,10:32:26,114.127747,22.611517,1,49
33755,10:32:34,114.126953,22.610968,1,48
33755,10:37:35,114.121635,22.609568,1,21
33755,10:42:35,114.11042,22.6131,1,25
33755,10:47:36,114.110703,22.611834,0,0
33755,10:47:44,114.110703,22.611834,0,0
33755,10:52:44,114.108917,22.610518,0,35
33755,10:57:44,114.119034,22.606667,0,36
33755,11:02:44,114.125732,22.613667,1,44
33755,11:07:44,114.102585,22.626301,1,48
33755,11:12:44,114.104149,22.629333,0,14
33755,11:17:44,114.106049,22.623516,1,0
33755,11:22:44,114.131432,22.621218,1,66
33755,11:22:52,114.132401,22.6222,1,72
33755,11:23:01,114.133301,22.623199,1,62
33755,11:27:52,114.145584,22.622467,1,0
33755,11:32:52,114.155418,22.617517,1,3
33755,11:37:53,114.150383,22.608032,0,0
33755,11:42:53,114.138832,22.609133,1,16
33755,11:47:53,114.11528,22.6208,0,0
33755,11:48:01,114.11528,22.6208,0,0
33755,11:53:01,114.11808,22.614918,1,6
33755,11:53:09,114.118286,22.61525,1,24
33755,11:58:10,114.110046,22.609617,0,0
33755,12:03:10,114.11882,22.610468,1,41
33755,12:03:19,114.119415,22.610783,1,19
33755,12:08:10,114.120934,22.610184,0,5
33755,12:13:10,114.110435,22.588333,0,0
33755,12:18:11,114.129829,22.612717,1,45
33755,12:23:11,114.144569,22.622299,1,67
33755,12:28:11,114.152283,22.626266,0,44
33755,12:33:11,114.145531,22.626499,0,0
33755,12:38:11,114.145531,22.626499,0,0
33755,12:43:11,114.145531,22.626499,0,0
33755,12:48:11,114.145584,22.62545,0,13
33755,12:53:11,114.137802,22.621767,1,0
33755,12:58:10,114.141167,22.618317,1,20
33755,13:03:11,114.139885,22.614401,0,0
33755,13:08:12,114.138214,22.609432,1,0
33755,13:08:20,114.137779,22.609333,1,24
33755,13:13:20,114.11702,22.604717,0,37
33755,13:13:28,114.116447,22.604082,0,42
33755,13:18:28,114.129997,22.6108,1,6
33755,13:23:29,114.146935,22.609467,1,55
33755,13:23:36,114.147835,22.609034,1,46
33755,13:28:36,114.141853,22.609533,1,70
33755,13:33:36,114.130547,22.608917,1,19
33755,13:38:37,114.13208,22.604082,0,32
33755,13:38:45,114.132149,22.604616,0,16
33755,13:38:46,114.132133,22.6047,0,16
33755,13:38:53,114.13208,22.605017,0,27
33755,13:39:01,114.13205,22.605368,0,12
33755,13:39:03,114.13205,22.60545,0,20
33755,13:44:01,114.129303,22.611418,1,52
33755,13:49:01,114.11322,22.600367,1,0
33755,13:54:01,114.113647,22.600067,0,39
33755,13:59:01,114.116402,22.605568,0,0
33755,14:04:01,114.116402,22.605568,0,0
33755,14:09:01,114.116402,22.605568,0,0
33755,14:14:01,114.116402,22.605568,0,0
33755,14:19:02,114.112885,22.600349,1,2
33755,14:24:02,114.112579,22.608267,0,18
33755,14:29:02,114.128998,22.617783,1,4
33755,14:29:10,114.128952,22.6178,0,17
33755,14:34:11,114.11657,22.605499,1,19
33755,14:39:10,114.113235,22.600433,1,2
33755,14:39:19,114.113136,22.600367,1,7
33755,14:44:19,114.112534,22.604134,0,8
33755,14:44:28,114.112617,22.604366,0,9
33755,14:49:19,114.114616,22.60125,1,48
33755,14:54:19,114.132248,22.615417,1,15
33755,14:59:19,114.142403,22.622351,1,37
33755,14:59:27,114.143303,22.622316,1,48
33755,15:04:28,114.15107,22.636583,0,14
33755,15:09:28,114.14267,22.622683,0,0
33755,15:09:36,114.14267,22.6227,0,2
33755,15:14:28,114.13887,22.62715,0,31
33755,15:19:28,114.133003,22.617083,1,39
33755,15:24:28,114.111053,22.62565,1,31
33755,15:24:36,114.110703,22.626217,1,34
33755,15:29:36,114.112831,22.625483,0,18
33755,15:34:36,114.130051,22.631384,0,59
33755,15:39:37,114.13343,22.6175,0,0
33755,15:44:37,114.129768,22.61105,1,27
33755,15:49:37,114.141235,22.609432,0,21
33755,15:54:38,114.134834,22.610983,0,26
33755,15:59:38,114.136635,22.620716,1,0
33755,15:59:46,114.13678,22.620867,1,16
33755,16:04:46,114.125648,22.636984,1,42
33755,16:09:46,114.119133,22.649418,1,0
33755,16:14:46,114.125168,22.638149,0,13
33755,16:19:46,114.13047,22.63105,0,40
33755,16:24:46,114.13385,22.617884,0,0
33755,16:29:46,114.130051,22.611032,1,0
33755,16:29:54,114.130051,22.611032,1,0
33755,16:34:54,114.137779,22.602699,1,22
33755,16:39:55,114.135429,22.6099,1,0
33755,16:44:55,114.121414,22.609833,0,13
33755,16:45:03,114.12117,22.610216,0,32
33755,16:50:03,114.136566,22.6229,1,61
33755,16:55:04,114.127182,22.61655,1,49
33755,17:00:13,114.147217,22.622784,1,38
33755,17:05:04,114.152946,22.623301,1,6
33755,17:10:04,114.157166,22.614799,0,0
33755,17:10:12,114.156914,22.614866,0,0
33755,17:15:12,114.143402,22.609632,1,52
33755,17:20:12,114.132202,22.610666,1,17
33755,17:25:13,114.117798,22.605717,0,25
33755,17:25:21,114.1175,22.605417,0,15
33755,17:30:20,114.115799,22.606251,0,0
33755,17:40:21,114.12912,22.611834,1,33
33755,17:40:29,114.12915,22.61245,1,37
33755,17:40:52,114.115799,22.606251,0,0
33755,17:45:29,114.137932,22.626717,1,31
33755,17:45:38,114.137535,22.626783,1,13
33755,17:50:29,114.136299,22.629168,1,0
33755,17:55:30,114.137154,22.621616,1,0
33755,17:55:39,114.137154,22.621616,1,0
33755,18:00:30,114.144203,22.62055,0,11
33755,18:05:30,114.13913,22.622417,1,22
33755,18:10:30,114.133865,22.61795,1,0
33755,18:30:47,114.108101,22.61665,1,20
33755,18:30:55,114.108017,22.616983,1,15
33755,18:31:22,114.108818,22.610783,1,0
33755,18:35:54,114.10807,22.617216,0,16
33755,18:40:58,114.107803,22.611217,1,0
33755,18:41:06,114.107803,22.611217,1,0
33755,18:46:05,114.113335,22.603367,1,5
33755,18:56:28,114.129097,22.61125,0,0
33755,18:56:36,114.129097,22.61125,0,0
33755,18:56:37,114.113335,22.603367,1,0
33755,19:01:36,114.130348,22.6131,0,56
33755,19:01:43,114.130997,22.61385,0,49
33755,19:06:43,114.141235,22.620701,1,6
33755,19:06:52,114.141319,22.620533,1,12
33755,19:06:53,114.141319,22.620466,1,12
33755,19:07:00,114.141335,22.6203,1,11
33755,19:07:08,114.141464,22.620184,1,6
33755,19:07:09,114.141464,22.620167,1,3
33755,19:12:17,114.139252,22.612368,0,15
33755,19:17:17,114.135132,22.610083,1,0
33755,19:22:08,114.117966,22.605717,1,0
33755,19:27:08,114.117035,22.600483,1,0
33755,19:32:08,114.115967,22.601767,1,0
33755,19:37:08,114.133766,22.616899,1,37
33755,19:42:08,114.167465,22.635532,1,69
33755,19:42:09,114.167465,22.635532,1,69
33755,19:42:10,114.167465,22.635532,1,69
33755,19:42:11,114.167465,22.635532,1,69
33755,19:42:17,114.169182,22.635933,1,65
33755,19:42:18,114.169182,22.635933,1,65
33755,19:42:19,114.169182,22.635933,1,65
33755,19:42:20,114.169182,22.635933,1,65
33755,19:47:17,114.188034,22.643417,1,24
33755,19:47:18,114.188034,22.643417,1,24
33755,19:47:19,114.188034,22.643417,1,24
33755,19:47:20,114.188034,22.643417,1,24
33755,19:52:17,114.19133,22.645149,1,26
33755,19:52:18,114.19133,22.645149,1,26
33755,19:52:19,114.19133,22.645149,1,26
33755,19:52:20,114.19133,22.645149,1,26
33755,19:57:25,114.200584,22.648233,1,22
33755,19:57:26,114.200584,22.648233,1,22
33755,19:57:27,114.200584,22.648233,1,22
33755,19:57:27,114.200668,22.6483,1,18
33755,19:57:28,114.200584,22.648233,1,22
33755,19:57:28,114.200668,22.6483,1,18
33755,19:57:29,114.200668,22.6483,1,18
33755,19:57:30,114.200668,22.6483,1,18
33755,19:57:42,114.201134,22.648666,1,11
33755,19:57:43,114.201134,22.648666,1,11
33755,19:57:44,114.201134,22.648666,1,11
33755,19:57:45,114.201134,22.648666,1,11
33755,20:02:33,114.194298,22.644899,0,0
33755,20:02:34,114.194298,22.644899,0,0
33755,20:02:35,114.194298,22.644899,0,0
33755,20:02:36,114.194298,22.644899,0,0
33755,20:07:33,114.172302,22.63665,1,0
33755,20:07:34,114.172302,22.63665,1,0
33755,20:07:35,114.172302,22.63665,1,0
33755,20:07:36,114.172302,22.63665,1,0
33755,20:12:34,114.171318,22.633133,0,0
33755,20:12:35,114.171318,22.633133,0,0
33755,20:12:36,114.171318,22.633133,0,0
33755,20:12:37,114.171318,22.633133,0,0
33755,20:17:41,114.153015,22.624451,1,86
33755,20:17:43,114.152664,22.624201,1,85
33755,20:17:50,114.15152,22.623734,1,77
33755,20:17:58,114.150085,22.623432,1,69
33755,20:17:59,114.149734,22.623383,1,68
33755,20:22:58,114.132751,22.61665,1,41
33755,20:27:58,114.112564,22.60055,1,5
33755,20:28:07,114.112366,22.600634,1,12
33755,20:33:07,114.112663,22.607901,0,0
33755,20:38:07,114.120201,22.611099,1,23
33755,20:43:07,114.128868,22.611349,1,2
33755,20:53:08,114.129402,22.604168,0,0
33755,20:53:16,114.129402,22.604168,0,0
33755,20:53:42,114.128868,22.611349,1,0
33755,20:58:15,114.132019,22.606182,0,29
33755,21:03:16,114.120033,22.619017,0,52
33755,21:08:17,114.131615,22.62995,1,0
33755,21:13:16,114.119568,22.649082,1,44
33755,21:13:24,114.119148,22.649483,1,13
33755,21:18:24,114.114548,22.653549,0,47
33755,21:23:33,114.118484,22.649767,1,0
33755,21:28:25,114.131065,22.630533,1,44
33755,21:33:25,114.1231,22.613501,1,0
33755,21:38:25,114.130714,22.613466,0,47
33755,21:38:33,114.131203,22.614082,0,33
33755,21:43:25,114.136902,22.6208,1,0
33755,21:48:25,114.126404,22.6353,1,62
33755,21:58:58,114.126404,22.6353,1,0
33755,22:03:49,114.171402,22.636316,1,32
33755,22:03:50,114.171402,22.636316,1,32
33755,22:03:51,114.171402,22.636316,1,32
33755,22:03:52,114.171402,22.636316,1,32
33755,22:08:50,114.185135,22.649851,1,57
33755,22:08:51,114.185135,22.649851,1,57
33755,22:08:52,114.185135,22.649851,1,57
33755,22:08:53,114.185135,22.649851,1,57
33755,22:13:50,114.186501,22.650633,1,0
33755,22:13:51,114.186501,22.650633,1,0
33755,22:13:52,114.186501,22.650633,1,0
33755,22:13:53,114.186501,22.650633,1,0
33755,22:18:50,114.181252,22.648001,0,14
33755,22:18:51,114.181252,22.648001,0,14
33755,22:18:52,114.181252,22.648001,0,14
33755,22:18:53,114.181252,22.648001,0,14
33755,22:18:55,114.181152,22.647751,0,14
33755,22:18:56,114.181152,22.647751,0,14
33755,22:18:57,114.181152,22.647751,0,14
33755,22:18:58,114.181152,22.647751,0,14
33755,22:23:55,114.182549,22.640182,0,0
33755,22:23:56,114.182549,22.640182,0,0
33755,22:23:57,114.182549,22.640182,0,0
33755,22:23:58,114.182549,22.640182,0,0
33755,22:28:58,114.154434,22.626217,1,52
33755,22:33:55,114.147469,22.673767,1,74
33755,22:33:56,114.147469,22.673767,1,74
33755,22:33:57,114.147469,22.673767,1,74
33755,22:33:58,114.147469,22.673767,1,74
33755,22:38:55,114.135597,22.689383,1,46
33755,22:38:56,114.135597,22.689383,1,46
33755,22:38:57,114.135597,22.689383,1,46
33755,22:38:58,114.135597,22.689383,1,46
33755,22:43:55,114.121864,22.6985,1,0
33755,22:43:56,114.121864,22.6985,1,0
33755,22:43:57,114.121864,22.6985,1,0
33755,22:43:58,114.121864,22.6985,1,0
33755,22:48:55,114.116768,22.696501,0,0
33755,22:48:56,114.116768,22.696501,0,0
33755,22:48:57,114.116768,22.696501,0,0
33755,22:48:58,114.116768,22.696501,0,0
33755,22:59:33,114.116768,22.696501,0,0
33755,23:04:43,114.120667,22.651983,1,59
33755,23:04:51,114.120087,22.651016,1,58
33755,23:09:51,114.125534,22.636732,1,0
33755,23:14:51,114.112831,22.621267,1,28
33755,23:19:52,114.112915,22.620667,0,0
33755,23:24:52,114.113083,22.6206,0,0
33755,23:29:52,114.113098,22.623249,0,14
33755,23:34:52,114.110016,22.631083,1,11
33755,23:39:52,114.104103,22.622566,1,38
33755,23:44:52,114.110764,22.608717,1,43
33755,23:49:52,114.116585,22.6036,1,0
33755,23:59:52,114.12822,22.6332,1,0
