32475,00:00:14,114.117615,22.60535,0,3
32475,00:01:09,114.117615,22.60535,0,0
32475,00:02:04,114.118431,22.605568,0,4
32475,00:02:59,114.124847,22.609217,0,49
32475,00:03:21,114.125214,22.609484,1,7
32475,00:04:16,114.130066,22.610933,1,34
32475,00:05:11,114.131104,22.610683,1,5
32475,00:06:06,114.135933,22.609617,1,31
32475,00:07:01,114.14315,22.60955,1,48
32475,00:07:27,114.144897,22.609734,0,24
32475,00:08:22,114.14753,22.609301,0,16
32475,00:09:17,114.154816,22.608767,0,52
32475,00:10:12,114.158981,22.609716,0,31
32475,00:11:07,114.158966,22.610683,0,4
32475,00:12:02,114.158966,22.610683,0,0
32475,00:12:57,114.158966,22.610683,0,0
32475,00:13:52,114.158966,22.610683,0,0
32475,00:14:47,114.158966,22.610683,0,0
32475,00:15:42,114.158966,22.610683,0,0
32475,00:16:37,114.158966,22.610683,0,0
32475,00:17:32,114.158966,22.610683,0,0
32475,00:18:27,114.158966,22.610683,0,0
32475,00:19:22,114.158966,22.610683,0,0
32475,00:20:17,114.158966,22.610683,0,0
32475,00:21:12,114.158966,22.610683,0,0
32475,00:22:07,114.158966,22.610683,0,0
32475,00:23:02,114.158966,22.610683,0,0
32475,00:23:57,114.158966,22.610683,0,0
32475,00:24:52,114.158966,22.610683,0,0
32475,00:25:47,114.158966,22.610683,0,0
32475,00:26:42,114.158966,22.610683,0,0
32475,00:27:37,114.158966,22.610683,0,0
32475,00:28:32,114.158966,22.610683,0,0
32475,00:29:27,114.158966,22.610683,0,0
32475,00:30:22,114.158966,22.610683,0,0
32475,00:31:17,114.158966,22.610683,0,0
32475,00:32:13,114.158966,22.610683,0,0
32475,00:33:08,114.158966,22.610683,0,0
32475,00:34:58,114.158966,22.610683,0,0
32475,00:35:53,114.158966,22.610683,0,0
32475,00:36:48,114.158966,22.610683,0,0
32475,00:37:43,114.158966,22.610683,0,0
32475,00:38:38,114.158966,22.610683,0,0
32475,00:39:33,114.158966,22.610683,0,0
32475,00:39:56,114.158966,22.610683,1,0
32475,00:40:51,114.157532,22.613768,1,22
32475,00:41:46,114.156952,22.614983,1,9
32475,00:42:41,114.15593,22.617933,1,20
32475,00:43:36,114.153419,22.623882,1,43
32475,00:44:31,114.156586,22.62705,1,28
32475,00:45:26,114.16037,22.632168,1,46
32475,00:46:21,114.163818,22.632133,1,24
32475,00:47:16,114.167297,22.631433,1,17
32475,00:48:11,114.169731,22.626034,1,42
32475,00:49:06,114.176865,22.622049,1,57
32475,00:50:01,114.184418,22.61425,1,78
32475,00:51:51,114.205116,22.611633,1,75
32475,00:52:46,114.213852,22.607866,1,67
32475,00:53:41,114.215233,22.605551,1,17
32475,00:57:21,114.235283,22.594299,1,64
32475,00:58:16,114.24128,22.586599,1,68
32475,00:59:11,114.248337,22.582867,1,54
32475,01:00:06,114.25103,22.5776,1,44
32475,01:01:01,114.258934,22.581499,1,70
32475,01:01:56,114.266968,22.590401,1,84
32475,01:02:51,114.277748,22.5902,1,76
32475,01:06:31,114.30423,22.602833,1,32
32475,01:08:30,114.304382,22.60285,0,1
32475,01:09:25,114.30442,22.602667,0,18
32475,01:10:20,114.304634,22.598783,0,36
32475,01:11:15,114.301865,22.595984,0,26
32475,01:12:10,114.300636,22.593901,0,17
32475,01:13:05,114.299683,22.592733,0,8
32475,01:14:00,114.30043,22.587467,0,42
32475,01:14:55,114.298683,22.585199,0,36
32475,01:15:50,114.292686,22.586317,0,43
32475,01:16:45,114.286667,22.588533,0,41
32475,01:17:40,114.280136,22.589333,0,45
32475,01:18:35,114.275002,22.589283,0,35
32475,01:20:25,114.270432,22.590151,0,16
32475,01:21:20,114.26973,22.59045,0,3
32475,01:22:15,114.265182,22.589083,0,32
32475,01:23:10,114.258385,22.581333,0,73
32475,01:24:05,114.250648,22.575033,0,70
32475,01:25:00,114.24778,22.571751,0,30
32475,01:25:55,114.242554,22.565916,0,53
32475,01:26:50,114.234703,22.55965,0,69
32475,01:27:45,114.22493,22.556816,0,72
32475,01:28:40,114.218834,22.557234,0,40
32475,01:32:20,114.177849,22.560217,0,54
32475,01:33:15,114.170265,22.563116,0,53
32475,01:34:10,114.161331,22.562866,0,57
32475,01:35:05,114.157402,22.564266,0,43
32475,01:36:00,114.15712,22.565849,0,8
32475,01:36:55,114.157166,22.565367,0,5
32475,01:37:50,114.157402,22.563984,0,8
32475,01:38:45,114.154198,22.558683,0,46
32475,01:39:40,114.149635,22.556217,0,36
32475,01:40:35,114.149635,22.556217,0,0
32475,01:41:33,114.142982,22.55575,0,2
32475,01:42:16,114.142632,22.555782,0,1
32475,01:43:12,114.135071,22.55855,0,56
32475,01:45:03,114.130119,22.552349,0,26
32475,01:45:58,114.129463,22.551167,0,9
32475,01:47:48,114.125282,22.5527,0,29
32475,01:48:43,114.125015,22.552532,0,1
32475,01:50:33,114.122566,22.552151,0,0
32475,01:51:28,114.122566,22.552151,0,0
32475,01:52:23,114.122566,22.552151,0,0
32475,01:53:18,114.122566,22.552151,0,0
32475,01:54:13,114.122566,22.552151,0,0
32475,01:55:08,114.122566,22.552151,1,0
32475,01:56:03,114.122704,22.549999,1,3
32475,01:56:58,114.123032,22.548033,1,11
32475,01:57:53,114.117081,22.546534,1,43
32475,01:58:48,114.117554,22.54385,1,20
32475,01:59:43,114.119835,22.541967,1,17
32475,02:00:00,114.120399,22.541817,0,8
32475,02:00:55,114.121582,22.543167,0,9
32475,02:01:50,114.120483,22.54175,0,23
32475,02:02:45,114.120483,22.54175,0,0
32475,02:03:41,114.119019,22.540318,0,13
32475,02:04:36,114.115547,22.539383,0,20
32475,02:05:31,114.105415,22.537382,0,72
32475,02:06:51,114.087067,22.537518,0,62
32475,02:07:47,114.077637,22.533167,0,75
32475,02:08:42,114.067085,22.5319,0,74
32475,02:09:37,114.06292,22.532,0,47
32475,02:10:32,114.061996,22.527933,0,34
32475,02:11:27,114.061996,22.527933,0,0
32475,02:12:22,114.061935,22.528233,0,0
32475,02:13:17,114.059982,22.527599,0,10
32475,02:14:12,114.056267,22.525917,0,31
32475,02:15:07,114.051651,22.526033,0,31
32475,02:16:02,114.051651,22.526033,0,0
32475,02:16:57,114.051651,22.526033,0,0
32475,02:17:52,114.051651,22.526033,0,0
32475,02:18:47,114.051651,22.526033,0,0
32475,02:19:42,114.051651,22.526033,0,0
32475,02:20:37,114.051651,22.526033,0,0
32475,02:21:32,114.051651,22.526033,0,0
32475,02:22:27,114.051651,22.526033,0,0
32475,02:23:22,114.051651,22.526033,0,0
32475,02:24:17,114.051498,22.526417,0,0
32475,02:25:12,114.051498,22.526417,0,0
32475,02:26:07,114.051498,22.526417,0,0
32475,02:27:02,114.051498,22.526417,0,0
32475,02:27:57,114.051498,22.526417,0,0
32475,02:28:52,114.051498,22.526417,0,0
32475,02:29:47,114.051498,22.526417,0,0
32475,02:30:42,114.051498,22.526417,0,0
32475,02:31:37,114.051498,22.526417,0,0
32475,02:32:32,114.051498,22.526417,0,0
32475,02:33:27,114.051498,22.526417,0,0
32475,02:34:22,114.051117,22.526583,0,0
32475,02:35:17,114.051117,22.526583,0,0
32475,02:36:12,114.051048,22.526617,0,0
32475,02:37:07,114.051048,22.526617,0,0
32475,02:38:02,114.051048,22.526617,0,0
32475,02:38:57,114.051048,22.526617,0,0
32475,02:39:52,114.051048,22.526617,0,0
32475,02:40:47,114.051048,22.526617,0,0
32475,02:41:42,114.051048,22.526617,0,0
32475,02:43:32,114.051048,22.526617,0,0
32475,02:44:27,114.051048,22.526617,0,0
32475,02:45:22,114.051048,22.526617,0,0
32475,02:46:17,114.051048,22.526617,0,0
32475,02:47:12,114.051048,22.526617,0,0
32475,02:48:07,114.051048,22.526617,0,0
32475,02:49:02,114.051048,22.526617,0,0
32475,02:49:57,114.051048,22.526617,0,0
32475,02:50:52,114.051048,22.526617,0,0
32475,02:51:47,114.051048,22.526617,0,0
32475,02:53:37,114.051048,22.526617,0,0
32475,02:54:32,114.051048,22.526617,0,0
32475,02:55:27,114.051048,22.526617,0,0
32475,02:56:22,114.051048,22.526617,0,0
32475,02:57:17,114.051048,22.526617,0,0
32475,02:58:12,114.051048,22.526617,0,0
32475,02:59:07,114.051048,22.526617,0,0
32475,03:00:02,114.051048,22.526617,0,0
32475,03:00:57,114.051819,22.526133,0,0
32475,03:01:52,114.051819,22.526133,0,0
32475,03:02:48,114.051819,22.526133,0,0
32475,03:03:42,114.051819,22.526133,0,0
32475,03:04:37,114.051819,22.526133,0,0
32475,03:05:32,114.051819,22.526133,0,0
32475,03:06:27,114.051819,22.526133,0,0
32475,03:07:22,114.051819,22.526133,0,0
32475,03:08:18,114.051819,22.526133,0,0
32475,03:09:13,114.051819,22.526133,0,0
32475,03:10:08,114.051819,22.526133,0,0
32475,03:11:03,114.051819,22.526133,0,0
32475,03:11:58,114.051819,22.526133,0,0
32475,03:12:53,114.051819,22.526133,0,0
32475,03:14:43,114.051819,22.526133,0,0
32475,03:15:38,114.051819,22.526133,0,0
32475,03:16:33,114.051819,22.526133,0,0
32475,03:17:28,114.051819,22.526133,0,0
32475,03:18:23,114.051819,22.526133,0,0
32475,03:19:18,114.051819,22.526133,0,0
32475,03:20:13,114.051819,22.526133,0,0
32475,03:21:08,114.051819,22.526133,0,0
32475,03:22:58,114.051819,22.526133,0,0
32475,03:23:53,114.051819,22.526133,0,0
32475,03:24:48,114.051819,22.526133,0,0
32475,03:25:43,114.051819,22.526133,0,0
32475,03:26:38,114.051819,22.526133,0,0
32475,03:27:33,114.051819,22.526133,0,0
32475,03:28:28,114.051819,22.526133,0,0
32475,03:29:23,114.051819,22.526133,0,0
32475,03:30:18,114.051819,22.526133,0,0
32475,03:31:13,114.051819,22.526133,0,0
32475,03:32:08,114.051819,22.526133,0,0
32475,03:33:03,114.051819,22.526133,0,0
32475,03:33:58,114.051819,22.526133,0,0
32475,03:34:53,114.051819,22.526133,0,0
32475,03:35:48,114.051819,22.526133,0,0
32475,03:36:43,114.051819,22.526133,0,0
32475,03:37:38,114.051819,22.526133,0,0
32475,03:38:33,114.051819,22.526133,0,0
32475,03:39:28,114.051819,22.526133,0,0
32475,03:40:23,114.051819,22.526133,0,0
32475,03:41:18,114.051819,22.526133,0,0
32475,03:42:13,114.051819,22.526133,0,0
32475,03:43:08,114.051819,22.526133,0,0
32475,03:44:03,114.051819,22.526133,0,0
32475,03:44:58,114.051819,22.526133,0,0
32475,03:45:53,114.051819,22.526133,0,0
32475,03:46:48,114.051819,22.526133,0,0
32475,03:47:43,114.051819,22.526133,0,0
32475,03:48:38,114.051819,22.526133,0,0
32475,03:49:33,114.051819,22.526133,0,0
32475,03:50:28,114.051819,22.526133,0,0
32475,03:51:23,114.051819,22.526133,0,0
32475,03:52:18,114.051819,22.526133,0,0
32475,03:53:13,114.051819,22.526133,0,0
32475,03:54:08,114.051819,22.526133,0,0
32475,03:55:03,114.051819,22.526133,0,0
32475,03:55:58,114.051819,22.526133,0,0
32475,03:56:53,114.051819,22.526133,0,0
32475,03:57:48,114.051819,22.526133,0,0
32475,03:58:43,114.051819,22.526133,0,0
32475,03:59:38,114.051819,22.526133,0,0
32475,04:00:33,114.051819,22.526133,0,0
32475,04:01:28,114.051819,22.526133,0,0
32475,04:02:23,114.051819,22.526133,0,0
32475,04:03:18,114.051819,22.526133,0,0
32475,04:04:13,114.051819,22.526133,0,0
32475,04:05:08,114.051819,22.526133,0,0
32475,04:06:03,114.051819,22.526133,0,0
32475,04:06:58,114.051819,22.526133,0,0
32475,04:07:53,114.051819,22.526133,0,0
32475,04:08:48,114.051819,22.526133,0,0
32475,04:09:43,114.051819,22.526133,0,0
32475,04:10:38,114.051819,22.526133,0,0
32475,04:11:33,114.051819,22.526133,0,0
32475,04:12:28,114.051819,22.526133,0,0
32475,04:13:23,114.051819,22.526133,0,0
32475,04:14:18,114.051819,22.526133,0,0
32475,04:15:13,114.051819,22.526133,0,0
32475,04:16:08,114.051819,22.526133,0,0
32475,04:17:03,114.051819,22.526133,0,0
32475,04:17:58,114.051819,22.526133,0,0
32475,04:18:53,114.051819,22.526133,0,0
32475,04:19:48,114.051819,22.526133,0,0
32475,04:20:43,114.051819,22.526133,0,0
32475,04:21:38,114.051819,22.526133,0,0
32475,04:22:33,114.051819,22.526133,0,0
32475,04:23:28,114.051819,22.526133,0,0
32475,04:24:23,114.051819,22.526133,0,0
32475,04:25:18,114.051819,22.526133,0,0
32475,04:26:13,114.051819,22.526133,0,0
32475,04:27:08,114.051819,22.526133,0,0
32475,04:28:03,114.051819,22.526133,0,0
32475,04:28:58,114.051819,22.526133,0,0
32475,04:29:53,114.051819,22.526133,0,0
32475,04:30:49,114.051819,22.526133,0,0
32475,04:31:44,114.051819,22.526133,0,0
32475,04:32:39,114.051819,22.526133,0,0
32475,04:33:34,114.051819,22.526133,0,0
32475,04:34:29,114.051819,22.526133,0,0
32475,04:35:24,114.051819,22.526133,0,0
32475,04:36:19,114.051819,22.526133,0,0
32475,04:37:14,114.051819,22.526133,0,0
32475,04:38:09,114.051819,22.526133,0,0
32475,04:39:04,114.051819,22.526133,0,0
32475,04:39:59,114.051819,22.526133,0,0
32475,04:40:54,114.051819,22.526133,0,0
32475,04:41:49,114.051819,22.526133,0,0
32475,04:42:44,114.051819,22.526133,0,0
32475,04:43:39,114.051819,22.526133,0,0
32475,04:44:34,114.051819,22.526133,0,0
32475,04:45:29,114.051819,22.526133,0,0
32475,04:46:24,114.051819,22.526133,0,0
32475,04:47:19,114.051819,22.526133,0,0
32475,04:48:14,114.051819,22.526133,0,0
32475,04:49:09,114.051819,22.526133,0,0
32475,04:50:04,114.051819,22.526133,0,0
32475,04:50:59,114.051819,22.526133,0,0
32475,04:51:54,114.051819,22.526133,0,0
32475,04:52:49,114.051819,22.526133,0,0
32475,04:54:39,114.051819,22.526133,0,0
32475,04:55:34,114.051819,22.526133,0,0
32475,04:56:29,114.051819,22.526133,0,0
32475,04:57:24,114.051819,22.526133,0,0
32475,04:58:19,114.051819,22.526133,0,0
32475,04:59:14,114.051819,22.526133,0,0
32475,05:00:09,114.051819,22.526133,0,0
32475,05:01:04,114.051819,22.526133,0,0
32475,05:01:59,114.051819,22.526133,0,0
32475,05:02:54,114.051819,22.526133,0,0
32475,05:03:49,114.051819,22.526133,0,0
32475,05:04:44,114.051819,22.526133,0,0
32475,05:05:39,114.051819,22.526133,0,0
32475,05:06:34,114.051819,22.526133,0,0
32475,05:07:29,114.051819,22.526133,0,0
32475,05:08:24,114.051819,22.526133,0,0
32475,05:09:19,114.051819,22.526133,0,0
32475,05:10:14,114.051819,22.526133,0,0
32475,05:11:09,114.051819,22.526133,0,0
32475,05:12:59,114.051819,22.526133,0,0
32475,05:13:55,114.051819,22.526133,0,0
32475,05:14:50,114.051819,22.526133,0,0
32475,05:15:45,114.051819,22.526133,0,0
32475,05:16:40,114.051819,22.526133,0,0
32475,05:17:35,114.051819,22.526133,0,0
32475,05:18:30,114.051819,22.526133,0,0
32475,05:19:25,114.051819,22.526133,0,0
32475,05:20:20,114.051819,22.526133,0,0
32475,05:21:15,114.051819,22.526133,0,0
32475,05:22:10,114.051819,22.526133,0,0
32475,05:23:05,114.051819,22.526133,0,0
32475,05:24:00,114.051819,22.526133,0,0
32475,05:24:55,114.051819,22.526133,0,0
32475,05:25:50,114.051819,22.526133,0,0
32475,05:26:45,114.051819,22.526133,0,0
32475,05:27:40,114.051819,22.526133,0,0
32475,05:28:35,114.051819,22.526133,0,0
32475,05:29:30,114.051819,22.526133,0,0
32475,05:30:25,114.051819,22.526133,0,0
32475,05:31:20,114.051819,22.526133,0,0
32475,05:32:15,114.051819,22.526133,0,0
32475,05:33:10,114.051819,22.526133,0,0
32475,05:34:05,114.051819,22.526133,0,0
32475,05:35:00,114.051819,22.526133,0,0
32475,05:35:55,114.051819,22.526133,0,0
32475,05:36:50,114.051819,22.526133,0,0
32475,05:37:45,114.051819,22.526133,0,0
32475,05:38:40,114.051819,22.526133,0,0
32475,05:39:35,114.051819,22.526133,0,0
32475,05:40:30,114.051819,22.526133,0,0
32475,05:41:25,114.051819,22.526133,0,0
32475,05:42:20,114.051819,22.526133,0,0
32475,05:43:15,114.051819,22.526133,0,0
32475,05:44:10,114.051819,22.526133,0,0
32475,05:45:05,114.051819,22.526133,0,0
32475,05:46:00,114.051819,22.526133,0,0
32475,05:46:55,114.051819,22.526133,0,0
32475,05:47:50,114.051819,22.526133,0,0
32475,05:48:45,114.051819,22.526133,0,0
32475,05:49:40,114.051819,22.526133,0,0
32475,05:50:35,114.051819,22.526133,0,0
32475,05:51:30,114.051819,22.526133,0,0
32475,05:52:25,114.051819,22.526133,0,0
32475,05:53:20,114.051819,22.526133,0,0
32475,05:54:15,114.051819,22.526133,0,0
32475,05:55:10,114.051819,22.526133,0,0
32475,05:56:05,114.051819,22.526133,0,0
32475,05:57:00,114.051819,22.526133,0,0
32475,05:57:55,114.051819,22.526133,0,0
32475,05:59:45,114.051819,22.526133,0,0
32475,06:00:40,114.051819,22.526133,0,0
32475,06:01:35,114.051819,22.526133,0,0
32475,06:02:30,114.051819,22.526133,0,0
32475,06:03:25,114.051819,22.526133,0,0
32475,06:04:20,114.051819,22.526133,0,0
32475,06:05:15,114.051819,22.526133,0,0
32475,06:06:10,114.051819,22.526133,0,0
32475,06:07:05,114.051819,22.526133,0,0
32475,06:08:00,114.05127,22.526234,0,0
32475,06:08:55,114.05127,22.526234,0,0
32475,06:09:50,114.05127,22.526234,0,0
32475,06:10:45,114.050652,22.525784,0,0
32475,06:11:40,114.050652,22.525784,0,0
32475,06:12:35,114.050613,22.525784,0,0
32475,06:13:30,114.050613,22.525784,0,0
32475,06:14:25,114.050613,22.525784,0,0
32475,06:15:20,114.050613,22.525784,0,0
32475,06:16:15,114.050613,22.525784,0,0
32475,06:17:10,114.050613,22.525784,0,0
32475,06:18:05,114.050613,22.525784,0,0
32475,06:19:00,114.050613,22.525784,0,0
32475,06:19:55,114.050613,22.525784,0,0
32475,06:20:50,114.050613,22.525784,0,0
32475,06:21:45,114.050613,22.525784,0,0
32475,06:22:40,114.050613,22.525784,0,0
32475,06:23:35,114.050613,22.525784,0,0
32475,06:24:30,114.050613,22.525784,0,0
32475,06:25:25,114.050613,22.525784,0,0
32475,06:26:20,114.050613,22.525784,0,0
32475,06:27:15,114.050613,22.525784,0,0
32475,06:28:10,114.050613,22.525784,0,0
32475,06:29:05,114.050613,22.525784,0,0
32475,06:30:00,114.050613,22.525784,0,0
32475,06:30:55,114.050613,22.525784,0,0
32475,06:31:50,114.050613,22.525784,0,0
32475,06:32:45,114.050613,22.525784,0,0
32475,06:33:40,114.050613,22.525784,0,0
32475,06:34:35,114.050613,22.525784,0,0
32475,06:35:30,114.050613,22.525784,0,0
32475,06:36:25,114.050613,22.525784,0,0
32475,06:37:20,114.050613,22.525784,0,0
32475,06:38:15,114.050613,22.525784,0,0
32475,06:39:10,114.050613,22.525784,0,0
32475,06:40:05,114.051598,22.528183,0,17
32475,06:41:00,114.053902,22.53105,0,31
32475,06:41:55,114.062431,22.531334,0,54
32475,06:42:50,114.063049,22.526466,0,36
32475,06:43:45,114.062965,22.524918,0,9
32475,06:44:40,114.062965,22.524918,0,0
32475,06:45:35,114.062965,22.524918,0,0
32475,06:46:30,114.062965,22.524918,0,0
32475,06:47:25,114.062965,22.524918,0,0
32475,06:48:20,114.062965,22.524918,0,0
32475,06:49:15,114.062965,22.524918,0,0
32475,06:50:10,114.062965,22.524918,0,0
32475,06:51:05,114.062965,22.524918,0,0
32475,06:52:00,114.062965,22.524918,0,0
32475,06:52:55,114.062965,22.524918,0,0
32475,06:53:50,114.062965,22.524918,0,0
32475,06:54:45,114.062965,22.524918,0,0
32475,06:55:40,114.062965,22.524918,0,0
32475,06:56:35,114.062965,22.524918,0,0
32475,06:57:30,114.062965,22.524918,0,0
32475,06:58:25,114.062965,22.524918,0,0
32475,06:59:20,114.062965,22.524918,0,0
32475,07:00:15,114.061615,22.5217,0,20
32475,07:02:05,114.05912,22.520567,0,19
32475,07:03:00,114.05912,22.520567,0,0
32475,07:03:55,114.058868,22.520933,0,0
32475,07:04:50,114.058868,22.520933,0,0
32475,07:05:45,114.058868,22.520933,0,0
32475,07:06:40,114.058868,22.520933,0,0
32475,07:07:35,114.058868,22.520933,0,0
32475,07:08:30,114.058868,22.520933,0,0
32475,07:09:25,114.058868,22.520933,0,0
32475,07:10:20,114.058701,22.521732,0,0
32475,07:12:10,114.058617,22.521732,0,0
32475,07:13:05,114.058617,22.521732,0,0
32475,07:14:00,114.058617,22.521732,0,0
32475,07:14:55,114.058617,22.521732,0,0
32475,07:15:50,114.055229,22.518667,0,27
32475,07:16:45,114.051216,22.51825,0,26
32475,07:17:40,114.050346,22.518299,0,3
32475,07:19:30,114.043983,22.520718,0,0
32475,07:20:25,114.043983,22.520718,0,0
32475,07:21:20,114.043983,22.520718,0,0
32475,07:22:15,114.043983,22.520718,0,0
32475,07:23:10,114.043983,22.520718,0,0
32475,07:24:05,114.043983,22.520718,0,0
32475,07:25:00,114.043983,22.520718,0,0
32475,07:25:55,114.043983,22.520718,0,0
32475,07:26:50,114.043983,22.520718,0,0
32475,07:27:46,114.043983,22.520718,0,0
32475,07:28:41,114.043983,22.520718,0,0
32475,07:29:36,114.043983,22.520718,0,0
32475,07:30:31,114.043983,22.520718,0,0
32475,07:31:26,114.043983,22.520718,0,0
32475,07:32:21,114.043983,22.520718,0,0
32475,07:33:16,114.043983,22.520718,0,0
32475,07:34:11,114.043983,22.520718,0,0
32475,07:35:06,114.043983,22.520718,0,0
32475,07:36:01,114.043983,22.520718,0,0
32475,07:36:56,114.043983,22.520718,0,0
32475,07:37:51,114.043983,22.520718,0,0
32475,07:38:46,114.043983,22.520718,0,0
32475,07:39:41,114.043983,22.520718,0,0
32475,07:40:36,114.043983,22.520718,0,0
32475,07:41:31,114.043983,22.520718,0,0
32475,07:42:26,114.043983,22.520718,0,0
32475,07:43:21,114.043983,22.520718,0,0
32475,07:44:16,114.043983,22.520718,0,0
32475,07:45:11,114.043983,22.520718,0,0
32475,07:46:06,114.043983,22.520718,0,0
32475,07:47:01,114.043983,22.520718,0,0
32475,07:47:56,114.043983,22.520718,0,0
32475,07:48:51,114.043983,22.520718,0,0
32475,07:49:46,114.043983,22.520718,0,0
32475,07:50:41,114.043983,22.520718,0,0
32475,07:51:36,114.043983,22.520718,0,0
32475,07:52:31,114.043983,22.520718,0,0
32475,07:53:26,114.043983,22.520718,0,0
32475,07:54:21,114.043983,22.520718,0,0
32475,07:55:16,114.043983,22.520718,0,0
32475,07:56:11,114.043983,22.520718,0,0
32475,07:57:06,114.043983,22.520718,0,0
32475,07:58:01,114.043983,22.520718,0,0
32475,07:58:56,114.043983,22.520718,0,0
32475,07:59:51,114.043983,22.520718,0,0
32475,08:00:46,114.043983,22.520718,0,0
32475,08:01:41,114.043983,22.520718,0,0
32475,08:02:36,114.043983,22.520718,0,0
32475,08:03:31,114.043983,22.520718,0,0
32475,08:04:26,114.043983,22.520718,0,0
32475,08:05:21,114.043983,22.520718,0,0
32475,08:06:16,114.043983,22.520718,0,0
32475,08:07:11,114.043983,22.520718,0,0
32475,08:08:06,114.043983,22.520718,0,0
32475,08:09:01,114.043983,22.520718,0,0
32475,08:09:56,114.043983,22.520718,0,0
32475,08:10:51,114.043983,22.520718,0,0
32475,08:11:46,114.043983,22.520718,0,0
32475,08:12:41,114.043983,22.520718,0,0
32475,08:13:36,114.043983,22.520718,0,0
32475,08:14:31,114.043236,22.5205,0,7
32475,08:14:32,114.043236,22.5205,1,0
32475,08:15:27,114.042969,22.522867,1,19
32475,08:16:22,114.044197,22.524851,1,14
32475,08:18:12,114.044701,22.526117,1,4
32475,08:19:07,114.044617,22.534,1,55
32475,08:20:02,114.044563,22.542833,1,63
32475,08:20:57,114.044601,22.542583,1,17
32475,08:21:53,114.040337,22.54245,1,28
32475,08:23:23,114.036346,22.541901,0,10
32475,08:24:18,114.035454,22.543699,0,15
32475,08:25:13,114.037003,22.54405,0,5
32475,08:25:30,114.037636,22.544733,1,11
32475,08:26:25,114.040718,22.544132,1,12
32475,08:27:20,114.042915,22.543917,1,5
32475,08:28:15,114.044998,22.5443,1,12
32475,08:29:10,114.048065,22.545383,1,28
32475,08:30:05,114.049553,22.546232,1,14
32475,08:31:49,114.050652,22.547466,0,0
32475,08:32:44,114.048782,22.547466,0,10
32475,08:33:39,114.047882,22.547434,0,3
32475,08:34:34,114.048065,22.545317,0,13
32475,08:35:29,114.048897,22.545334,0,4
32475,08:37:19,114.047684,22.545918,0,1
32475,08:38:14,114.047684,22.545918,0,0
32475,08:39:09,114.047684,22.545918,0,0
32475,08:40:04,114.047684,22.545918,0,0
32475,08:40:59,114.047684,22.545918,0,0
32475,08:41:54,114.047684,22.545918,0,0
32475,08:42:49,114.047684,22.545918,0,0
32475,08:43:44,114.047684,22.545918,0,0
32475,08:44:39,114.047684,22.545918,0,0
32475,08:45:34,114.047684,22.545918,0,0
32475,08:46:29,114.047714,22.545933,0,0
32475,08:47:24,114.047714,22.545933,0,0
32475,08:48:19,114.047714,22.545933,0,0
32475,08:49:14,114.047714,22.545933,0,0
32475,08:50:09,114.047714,22.545933,0,0
32475,08:51:04,114.047714,22.545933,0,0
32475,08:51:59,114.047714,22.545933,0,0
32475,08:52:26,114.047714,22.545933,1,0
32475,08:53:21,114.04422,22.548,1,31
32475,08:54:16,114.04422,22.548033,1,0
32475,08:56:06,114.044319,22.548782,1,2
32475,08:57:01,114.044319,22.548782,1,0
32475,08:57:56,114.044319,22.548782,1,0
32475,08:58:51,114.044319,22.548782,1,0
32475,08:59:46,114.044296,22.549534,1,1
32475,08:59:48,114.044296,22.549534,0,0
32475,09:00:43,114.044296,22.549534,0,0
32475,09:01:38,114.044296,22.549534,0,0
32475,09:02:33,114.044319,22.550016,0,0
32475,09:04:16,114.040466,22.549368,1,12
32475,09:05:11,114.03537,22.5483,1,33
32475,09:06:06,114.03302,22.547667,1,13
32475,09:07:01,114.026253,22.545782,1,47
32475,09:07:57,114.021614,22.546883,1,38
32475,09:08:52,114.017334,22.552799,1,51
32475,09:09:47,114.014847,22.560417,1,58
32475,09:10:42,114.011902,22.569017,1,65
32475,09:14:22,114.011147,22.598183,1,69
32475,09:15:17,114.010918,22.607718,1,71
32475,09:16:12,114.008286,22.616301,1,65
32475,09:17:07,114.008316,22.625134,1,64
32475,09:18:02,114.003616,22.632767,1,63
32475,09:18:57,113.999031,22.640882,1,67
32475,09:19:52,113.996368,22.650467,1,73
32475,09:20:47,113.990829,22.658167,1,67
32475,09:21:42,113.983231,22.66605,1,77
32475,09:22:37,113.978996,22.675516,1,75
32475,09:23:32,113.972954,22.681932,1,61
32475,09:24:27,113.966652,22.689951,1,71
32475,09:25:22,113.962997,22.695967,1,50
32475,09:26:17,113.960518,22.700001,1,30
32475,09:27:12,113.957184,22.70985,1,75
32475,09:28:07,113.952003,22.721083,1,89
32475,09:29:02,113.942581,22.729349,1,87
32475,09:29:57,113.933929,22.736717,1,78
32475,09:30:52,113.926048,22.7453,1,81
32475,09:32:42,113.925781,22.754116,1,19
32475,09:33:37,113.92662,22.74855,1,50
32475,09:34:32,113.923981,22.744883,1,30
32475,09:36:14,113.918465,22.745399,0,29
32475,09:37:09,113.918465,22.745399,0,0
32475,09:38:04,113.918465,22.745399,0,0
32475,09:38:59,113.918465,22.745399,0,0
32475,09:59:41,113.928299,22.684433,0,0
32475,09:59:47,113.928299,22.684433,0,0
32475,10:00:42,113.928299,22.684433,0,0
32475,10:01:37,113.92923,22.683517,0,6
32475,10:02:32,113.928619,22.681784,0,9
32475,10:03:27,113.928619,22.681784,0,0
32475,10:04:24,113.92823,22.681284,0,0
32475,10:04:40,113.92823,22.681284,0,0
32475,10:05:14,113.92823,22.681284,0,0
32475,10:06:12,113.929199,22.683184,0,17
32475,10:06:21,113.929382,22.683582,0,18
32475,10:06:55,113.930481,22.683483,0,7
32475,10:07:51,113.932785,22.683001,0,13
32475,10:08:46,113.934502,22.683132,0,10
32475,10:10:05,113.938782,22.683201,0,1
32475,10:10:08,113.938782,22.683201,1,0
32475,10:11:04,113.944633,22.68375,1,35
32475,10:11:59,113.947433,22.685699,1,23
32475,10:12:54,113.949219,22.68795,1,18
32475,10:13:49,113.951668,22.689283,1,17
32475,10:14:44,113.956299,22.686417,1,38
32475,10:15:39,113.958054,22.686716,1,9
32475,10:16:34,113.959915,22.686567,1,8
32475,10:18:02,113.96785,22.684116,1,31
32475,10:18:45,113.973083,22.681482,1,45
32475,10:19:41,113.977516,22.676916,1,43
32475,10:20:36,113.982681,22.668699,1,69
32475,10:21:31,113.988983,22.660316,1,77
32475,10:22:26,113.995316,22.651951,1,74
32475,10:23:21,113.999016,22.642584,1,73
32475,10:24:16,114.002884,22.633568,1,72
32475,10:25:11,114.00827,22.624634,1,73
32475,10:26:06,114.008163,22.615032,1,69
32475,10:27:01,114.011101,22.6066,1,64
32475,10:27:56,114.010948,22.598118,1,61
32475,10:28:52,114.010033,22.590982,1,53
32475,10:32:32,114.011803,22.568367,1,45
32475,10:33:27,114.014465,22.561434,1,54
32475,10:34:22,114.022186,22.5602,1,56
32475,10:35:17,114.031082,22.56185,1,60
32475,10:37:07,114.039253,22.565367,1,44
32475,10:38:02,114.04332,22.567633,1,34
32475,10:38:57,114.047066,22.56735,1,24
32475,10:39:52,114.047729,22.567368,1,2
32475,10:40:47,114.049599,22.567316,1,8
32475,10:40:53,114.049599,22.567316,0,0
32475,10:41:48,114.049599,22.567316,0,0
32475,10:42:39,114.05217,22.567249,1,13
32475,10:43:34,114.056465,22.5683,1,27
32475,10:44:29,114.059715,22.569183,1,21
32475,10:45:24,114.061066,22.571051,1,18
32475,10:46:19,114.061935,22.569567,1,8
32475,10:47:14,114.062019,22.567034,1,17
32475,10:48:09,114.064919,22.568617,1,33
32475,10:49:04,114.071014,22.5695,1,41
32475,10:49:59,114.077232,22.572367,1,46
32475,10:50:54,114.080147,22.572433,1,19
32475,10:51:49,114.083931,22.570316,1,29
32475,10:52:44,114.085815,22.568117,1,18
32475,10:53:39,114.089714,22.560717,1,58
32475,10:54:34,114.090332,22.55965,1,8
32475,10:55:29,114.090714,22.558867,1,4
32475,10:56:24,114.090714,22.558867,1,0
32475,10:57:19,114.090714,22.558867,1,0
32475,10:58:14,114.091148,22.558367,1,3
32475,10:59:09,114.097481,22.55755,1,47
32475,10:59:33,114.096153,22.55715,0,24
32475,11:00:28,114.095253,22.557133,0,4
32475,11:01:23,114.095253,22.557133,0,0
32475,11:02:13,114.095253,22.557133,1,0
32475,11:02:33,114.094864,22.557133,0,1
32475,11:03:28,114.092651,22.556032,0,19
32475,11:04:23,114.091034,22.557882,0,20
32475,11:05:18,114.091034,22.558083,0,1
32475,11:06:13,114.091034,22.558083,0,0
32475,11:07:08,114.09082,22.5588,0,3
32475,11:08:03,114.089035,22.56225,0,27
32475,11:08:58,114.086601,22.567734,0,42
32475,11:09:53,114.086403,22.570784,0,28
32475,11:10:48,114.09037,22.570133,0,28
32475,11:11:43,114.093086,22.57025,0,20
32475,11:12:38,114.093597,22.572233,0,13
32475,11:14:28,114.098465,22.573467,0,1
32475,11:19:58,114.097702,22.573517,0,0
32475,11:20:53,114.095581,22.572866,0,11
32475,11:21:48,114.094597,22.572517,0,14
32475,11:22:43,114.097298,22.573799,0,20
32475,11:34:38,114.098282,22.5735,0,1
32475,11:37:23,114.09745,22.573633,0,3
32475,11:39:13,114.097717,22.573732,0,0
32475,11:40:08,114.097633,22.573732,0,1
32475,11:41:58,114.09832,22.5734,0,2
32475,11:42:53,114.097885,22.573784,0,1
32475,11:44:44,114.097237,22.573999,0,0
32475,11:46:34,114.097649,22.573668,0,2
32475,11:47:29,114.097717,22.573566,0,0
32475,11:48:24,114.09845,22.5758,0,16
32475,11:48:38,114.098549,22.575733,1,2
32475,11:49:33,114.098686,22.570999,1,31
32475,11:50:28,114.094536,22.568632,1,33
32475,11:51:23,114.09008,22.567333,1,28
32475,11:52:18,114.084099,22.571068,1,55
32475,11:53:13,114.076202,22.572201,1,56
32475,11:54:08,114.068848,22.569267,1,54
32475,11:55:03,114.060684,22.56765,1,56
32475,11:55:58,114.051048,22.564966,1,68
32475,11:56:53,114.041634,22.563868,1,64
32475,11:57:48,114.03112,22.562,1,71
32475,11:58:43,114.020569,22.560232,1,72
32475,11:59:38,114.010117,22.558718,1,72
32475,12:00:33,114.000801,22.555883,1,66
32475,12:01:28,113.991035,22.558332,1,69
32475,12:02:23,113.981415,22.558018,1,66
32475,12:03:18,113.971436,22.557117,1,68
32475,12:04:13,113.962135,22.556833,1,63
32475,12:05:08,113.951965,22.556351,1,68
32475,12:06:03,113.942352,22.555183,1,65
32475,12:06:58,113.933998,22.555367,1,56
32475,12:07:53,113.922966,22.555532,1,74
32475,12:08:48,113.912315,22.553432,1,75
32475,12:09:43,113.904747,22.548183,1,64
32475,12:10:39,113.900101,22.548967,1,43
32475,12:11:33,113.893379,22.555416,1,66
32475,12:12:28,113.887215,22.561268,1,59
32475,12:13:24,113.887215,22.561268,1,0
32475,12:14:19,113.886749,22.561733,1,3
32475,12:15:14,113.88385,22.564501,1,27
32475,12:16:09,113.88385,22.564501,1,0
32475,12:17:04,113.879715,22.561533,1,35
32475,12:17:59,113.876869,22.562866,1,24
32475,12:18:54,113.872566,22.560818,1,35
32475,12:19:49,113.870766,22.562651,1,17
32475,12:20:44,113.866684,22.5662,1,35
32475,12:21:39,113.86377,22.568382,1,25
32475,12:22:34,113.862801,22.569267,1,6
32475,12:23:29,113.85865,22.57205,1,31
32475,12:24:24,113.853249,22.5702,1,50
32475,12:25:19,113.85038,22.567266,1,26
32475,12:25:57,113.849419,22.566868,0,9
32475,12:26:52,113.849419,22.566868,0,0
32475,12:27:47,113.849586,22.566668,0,0
32475,12:28:42,113.84893,22.565567,0,13
32475,12:30:32,113.854614,22.57135,0,17
32475,12:31:27,113.8591,22.575933,0,44
32475,12:32:22,113.859818,22.576717,0,5
32475,12:34:12,113.866882,22.577517,0,29
32475,12:37:52,113.883018,22.564966,0,29
32475,12:38:47,113.884201,22.563833,0,9
32475,12:40:37,113.889381,22.563551,0,0
32475,12:41:32,113.889381,22.563551,0,0
32475,12:42:27,113.892548,22.5658,0,25
32475,12:44:17,113.893951,22.565283,0,0
32475,12:45:12,113.894035,22.565001,0,0
32475,12:46:07,113.894302,22.56465,0,1
32475,12:47:02,113.899467,22.560883,0,41
32475,12:50:34,113.915497,22.554983,0,45
32475,12:51:29,113.923233,22.555349,0,52
32475,12:52:24,113.931396,22.555017,0,54
32475,12:53:19,113.934502,22.552883,0,34
32475,12:54:14,113.933815,22.5492,0,22
32475,12:55:09,113.934448,22.545549,0,31
32475,12:56:04,113.9375,22.54615,0,19
32475,12:56:59,113.9375,22.54615,0,0
32475,12:57:54,113.9375,22.54615,0,0
32475,12:58:49,113.9375,22.54615,0,0
32475,12:59:44,113.9375,22.54615,0,0
32475,13:00:39,113.9375,22.54615,0,0
32475,13:01:34,113.9375,22.54615,0,0
32475,13:02:29,113.9375,22.54615,0,0
32475,13:03:24,113.9375,22.54615,0,0
32475,13:04:19,113.9375,22.54615,0,0
32475,13:06:09,113.9375,22.54615,0,0
32475,13:07:04,113.9375,22.54615,0,0
32475,13:07:59,113.9375,22.54615,0,0
32475,13:08:54,113.9375,22.54615,0,0
32475,13:09:49,113.9375,22.54615,0,0
32475,13:10:44,113.9375,22.54615,0,0
32475,13:11:39,113.9375,22.54615,0,0
32475,13:12:34,113.9375,22.54615,0,0
32475,13:13:29,113.9375,22.54615,0,0
32475,13:14:24,113.9375,22.54615,0,0
32475,13:15:19,113.9375,22.54615,0,0
32475,13:16:13,113.938019,22.546083,1,0
32475,13:17:08,113.933418,22.545584,1,30
32475,13:18:03,113.929253,22.545767,1,28
32475,13:18:58,113.928047,22.547483,1,18
32475,13:19:53,113.928802,22.55265,1,35
32475,13:20:48,113.928284,22.549267,1,26
32475,13:21:52,113.926987,22.54925,0,2
32475,13:22:47,113.926987,22.54925,0,0
32475,13:23:42,113.926987,22.54925,0,0
32475,13:24:36,113.927147,22.54925,0,0
32475,13:25:32,113.927147,22.54925,0,0
32475,13:26:27,113.927147,22.54925,0,0
32475,13:27:22,113.927147,22.54925,0,0
32475,13:28:17,113.927147,22.54925,0,0
32475,13:29:12,113.927147,22.54925,0,0
32475,13:30:07,113.927147,22.54925,0,0
32475,13:31:02,113.927147,22.54925,0,0
32475,13:31:57,113.927147,22.54925,0,0
32475,13:32:52,113.927147,22.54925,0,0
32475,13:33:47,113.927147,22.54925,0,0
32475,13:34:43,113.927147,22.54925,0,0
32475,13:35:38,113.927216,22.546583,0,24
32475,13:36:33,113.926384,22.545868,0,10
32475,13:37:28,113.926453,22.545868,0,0
32475,13:38:23,113.926453,22.545868,0,0
32475,13:39:18,113.926453,22.545868,0,0
32475,13:40:13,113.925949,22.544117,0,22
32475,13:41:08,113.927864,22.545683,0,21
32475,13:41:42,113.927864,22.545683,1,0
32475,13:42:37,113.928116,22.547518,1,10
32475,13:44:27,113.933182,22.555134,1,40
32475,13:45:22,113.94223,22.555099,1,60
32475,13:46:17,113.952118,22.55625,1,66
32475,13:47:12,113.961433,22.55665,1,62
32475,13:48:07,113.969765,22.55735,1,56
32475,13:49:57,113.988564,22.558983,1,57
32475,13:50:52,113.990303,22.558533,1,12
32475,13:51:47,113.992035,22.557768,1,11
32475,13:52:42,113.993217,22.557182,1,5
32475,13:53:37,113.995369,22.55625,1,15
32475,13:54:32,113.996582,22.555901,1,6
32475,13:55:27,113.998398,22.555767,1,11
32475,13:56:22,114.000504,22.555799,1,14
32475,13:57:17,114.007317,22.557432,1,47
32475,13:58:12,114.01812,22.56015,1,75
32475,13:59:07,114.02932,22.561617,1,76
32475,14:00:02,114.039619,22.563383,1,70
32475,14:00:57,114.050682,22.564934,1,75
32475,14:01:52,114.060181,22.56715,1,67
32475,14:02:47,114.062447,22.559883,1,62
32475,14:03:42,114.062531,22.552668,1,51
32475,14:05:37,114.061935,22.5495,0,9
32475,14:06:32,114.063667,22.547533,0,21
32475,14:07:27,114.065819,22.547617,0,12
32475,14:08:22,114.065819,22.547617,0,0
32475,14:09:17,114.065819,22.547617,0,0
32475,14:10:12,114.065819,22.547617,0,0
32475,14:11:07,114.065819,22.547617,0,0
32475,14:12:02,114.065819,22.547617,0,0
32475,14:12:57,114.065819,22.547617,0,0
32475,14:13:52,114.065819,22.547617,0,0
32475,14:14:48,114.065819,22.547617,0,0
32475,14:15:33,114.065819,22.547617,1,0
32475,14:16:28,114.067314,22.547617,1,5
32475,14:17:23,114.067314,22.547617,1,0
32475,14:18:18,114.067902,22.550699,1,23
32475,14:19:13,114.067902,22.550783,1,0
32475,14:20:08,114.062714,22.552799,1,41
32475,14:21:03,114.064049,22.557917,1,43
32475,14:21:58,114.064453,22.556883,1,14
32475,14:22:53,114.066383,22.556618,1,7
32475,14:23:07,114.06662,22.556633,0,4
32475,14:24:02,114.067032,22.556984,0,0
32475,14:24:57,114.066101,22.557301,0,0
32475,14:25:52,114.067284,22.557917,0,13
32475,14:26:47,114.065453,22.554567,0,36
32475,14:28:15,114.063698,22.554518,1,4
32475,14:30:05,114.068481,22.558067,1,19
32475,14:31:00,114.07608,22.558184,1,50
32475,14:31:55,114.080414,22.557617,1,30
32475,14:32:50,114.081482,22.559017,1,27
32475,14:33:45,114.078003,22.558649,1,22
32475,14:34:40,114.078903,22.561533,1,20
32475,14:35:35,114.080315,22.562099,1,13
32475,14:36:30,114.080536,22.561968,1,1
32475,14:36:32,114.080536,22.561968,0,0
32475,14:37:27,114.078484,22.560551,0,26
32475,14:38:22,114.078033,22.558783,0,12
32475,14:39:17,114.078033,22.558783,0,0
32475,14:40:12,114.078033,22.558783,0,0
32475,14:40:38,114.078033,22.558783,1,0
32475,14:41:33,114.070236,22.558184,1,48
32475,14:42:28,114.063797,22.558083,1,43
32475,14:43:23,114.057503,22.562468,1,54
32475,14:44:18,114.050003,22.562082,1,50
32475,14:45:13,114.043152,22.556749,1,60
32475,14:46:08,114.038666,22.55625,1,30
32475,14:47:03,114.03508,22.555183,1,23
32475,14:47:58,114.030418,22.555849,1,38
32475,14:52:15,114.027519,22.556133,0,3
32475,14:53:06,114.02993,22.557133,1,19
32475,14:54:01,114.029785,22.557016,1,0
32475,14:54:56,114.030113,22.556,1,7
32475,14:55:51,114.033867,22.5509,1,45
32475,14:56:46,114.034149,22.549368,1,10
32475,14:57:41,114.034149,22.549368,1,0
32475,14:58:36,114.029518,22.5467,1,39
32475,14:59:31,114.022346,22.545134,1,49
32475,15:00:26,114.025734,22.544817,1,25
32475,15:01:21,114.026016,22.543266,1,8
32475,15:01:22,114.026016,22.543266,0,0
32475,15:02:17,114.024849,22.5427,0,7
32475,15:03:12,114.025085,22.540518,0,13
32475,15:04:34,114.021164,22.539368,1,8
32475,15:05:29,114.017868,22.540167,1,25
32475,15:06:24,114.021202,22.540899,1,20
32475,15:07:19,114.023033,22.541483,1,11
32475,15:08:14,114.022003,22.546034,1,32
32475,15:09:09,114.019417,22.549801,1,32
32475,15:10:04,114.015366,22.557068,1,59
32475,15:10:59,114.014832,22.560699,1,24
32475,15:11:54,114.014702,22.561434,1,1
32475,15:12:49,114.014565,22.562401,1,2
32475,15:13:44,114.014297,22.564016,1,7
32475,15:14:39,114.013748,22.565767,1,11
32475,15:15:34,114.013031,22.567301,1,8
32475,15:21:04,114.01722,22.5917,1,50
32475,15:21:59,114.023285,22.593634,1,49
32475,15:22:54,114.025803,22.60195,1,68
32475,15:23:49,114.022415,22.606199,1,35
32475,15:24:44,114.029137,22.612232,1,68
32475,15:25:39,114.030067,22.612932,1,6
32475,15:26:34,114.033348,22.615517,1,27
32475,15:27:29,114.035515,22.61655,1,12
32475,15:29:19,114.038551,22.614532,1,0
32475,15:30:14,114.037132,22.61725,1,20
32475,15:31:09,114.037132,22.61725,1,0
32475,15:32:04,114.036453,22.6189,1,10
32475,15:32:47,114.035431,22.621683,0,29
32475,15:33:42,114.035454,22.621616,0,0
32475,15:34:37,114.035751,22.62035,0,5
32475,15:35:32,114.036819,22.617718,0,19
32475,15:36:27,114.036819,22.617718,0,0
32475,15:37:22,114.038429,22.6147,0,21
32475,15:38:05,114.038918,22.613733,1,7
32475,15:39:00,114.040565,22.609699,1,29
32475,15:39:55,114.040649,22.608982,1,5
32475,15:40:50,114.043053,22.605083,1,31
32475,15:41:45,114.043167,22.602551,1,14
32475,15:42:40,114.044235,22.599434,1,24
32475,15:43:35,114.047119,22.594534,1,43
32475,15:44:30,114.052254,22.587816,1,59
32475,15:45:25,114.054268,22.582083,1,44
32475,15:46:20,114.058136,22.578367,1,39
32475,15:47:15,114.060936,22.574551,1,36
32475,15:48:11,114.062286,22.567467,1,51
32475,15:49:06,114.062469,22.558083,1,67
32475,15:50:01,114.060471,22.551451,1,60
32475,15:50:56,114.058418,22.551399,1,12
32475,15:51:51,114.057816,22.5478,1,27
32475,15:52:46,114.057816,22.545834,1,14
32475,15:53:41,114.057816,22.545834,1,0
32475,15:54:36,114.05793,22.540434,1,37
32475,15:55:31,114.055931,22.536833,1,36
32475,15:56:26,114.056,22.535784,1,5
32475,15:57:21,114.056,22.535784,1,0
32475,15:58:16,114.054153,22.535517,1,9
32475,15:59:11,114.052765,22.5355,1,7
32475,16:00:06,114.051834,22.536568,1,4
32475,16:02:21,114.052414,22.536501,1,0
32475,16:03:16,114.050781,22.53525,1,18
32475,16:04:11,114.051247,22.537132,1,24
32475,16:05:06,114.049652,22.539066,1,19
32475,16:06:01,114.049515,22.540684,1,5
32475,16:06:12,114.049751,22.540968,0,15
32475,16:07:07,114.050018,22.540983,0,1
32475,16:08:02,114.050018,22.540983,1,0
32475,16:08:57,114.052597,22.542299,1,28
32475,16:09:52,114.060631,22.542032,1,55
32475,16:10:47,114.062263,22.541901,1,6
32475,16:11:42,114.062965,22.5389,1,23
32475,16:12:37,114.062851,22.539249,1,1
32475,16:13:32,114.062897,22.546949,1,55
32475,16:14:27,114.062935,22.547167,1,1
32475,16:15:22,114.062851,22.551033,1,25
32475,16:16:17,114.062851,22.551033,1,0
32475,16:17:12,114.062752,22.553417,1,15
32475,16:18:07,114.064667,22.558001,1,43
32475,16:19:02,114.065781,22.558132,1,19
32475,16:19:57,114.058434,22.562201,1,60
32475,16:21:43,114.060249,22.560867,0,0
32475,16:21:43,114.060249,22.560867,1,0
32475,16:22:38,114.062469,22.560682,1,31
32475,16:23:33,114.062653,22.552782,1,57
32475,16:24:28,114.062653,22.551718,1,6
32475,16:25:23,114.067329,22.550966,1,33
32475,16:26:18,114.067932,22.546034,1,36
32475,16:28:08,114.072334,22.542868,1,23
32475,16:29:03,114.07412,22.542933,1,7
32475,16:29:58,114.075798,22.542967,1,10
32475,16:30:53,114.078453,22.543051,1,15
32475,16:31:48,114.080566,22.542982,1,11
32475,16:32:43,114.082283,22.543182,1,10
32475,16:33:38,114.087601,22.543118,1,35
32475,16:34:33,114.09082,22.543283,1,19
32475,16:35:28,114.092018,22.54335,1,6
32475,16:36:23,114.097397,22.543533,1,36
32475,16:37:18,114.099068,22.543583,1,9
32475,16:37:27,114.099068,22.543583,0,0
32475,16:38:22,114.099068,22.543583,0,0
32475,16:39:17,114.099068,22.543583,0,0
32475,16:40:12,114.098152,22.54355,0,6
32475,16:40:21,114.098152,22.54355,1,0
32475,16:41:16,114.095116,22.545349,1,29
32475,16:41:58,114.093567,22.548134,1,19
32475,16:42:54,114.091164,22.548918,1,19
32475,16:43:49,114.09108,22.550699,1,12
32475,16:44:44,114.091049,22.551332,1,3
32475,16:45:39,114.091049,22.551332,1,0
32475,16:46:34,114.091049,22.551332,1,0
32475,16:47:29,114.089783,22.551849,1,9
32475,16:47:39,114.089386,22.551867,0,14
32475,16:48:27,114.089386,22.551867,1,0
32475,16:49:22,114.088867,22.551849,1,0
32475,16:50:17,114.084846,22.551718,1,22
32475,16:51:12,114.08252,22.551733,1,15
32475,16:52:08,114.081451,22.551849,1,5
32475,16:53:03,114.077583,22.551701,1,23
32475,16:53:58,114.077499,22.551701,1,0
32475,16:54:53,114.077499,22.551701,1,0
32475,16:55:48,114.077187,22.551701,1,0
32475,16:56:43,114.076698,22.551733,1,3
32475,16:57:38,114.076698,22.551733,1,0
32475,16:58:33,114.076698,22.551733,1,0
32475,16:59:28,114.071518,22.551132,1,32
32475,17:00:23,114.068298,22.551067,1,21
32475,17:01:18,114.068298,22.551067,1,0
32475,17:02:13,114.068298,22.551067,1,0
32475,17:03:08,114.067764,22.547968,1,23
32475,17:04:03,114.067833,22.54685,1,6
32475,17:04:58,114.068047,22.538717,1,59
32475,17:05:53,114.067917,22.533966,1,31
32475,17:06:48,114.068298,22.535183,1,14
32475,17:08:31,114.069252,22.537018,0,2
32475,17:09:26,114.068535,22.536818,0,4
32475,17:10:21,114.069183,22.538549,0,14
32475,17:11:16,114.071953,22.5378,0,21
32475,17:11:54,114.07193,22.537416,1,3
32475,17:12:49,114.073952,22.539433,1,20
32475,17:13:44,114.07618,22.540133,1,11
32475,17:15:34,114.078346,22.540434,1,7
32475,17:17:24,114.081146,22.540667,1,0
32475,17:18:19,114.082481,22.540783,1,7
32475,17:18:51,114.083397,22.540751,0,10
32475,17:19:47,114.083397,22.540751,0,0
32475,17:21:36,114.081284,22.537367,0,23
32475,17:22:27,114.079781,22.536417,1,12
32475,17:23:22,114.07753,22.532833,1,27
32475,17:24:17,114.074501,22.53195,1,21
32475,17:25:12,114.068733,22.531883,1,37
32475,17:26:07,114.061897,22.532467,1,46
32475,17:27:02,114.06308,22.527399,1,44
32475,17:27:57,114.06308,22.526182,1,8
32475,17:28:52,114.063034,22.524233,1,10
32475,17:30:42,114.06292,22.5236,1,0
32475,17:31:37,114.062569,22.5228,1,2
32475,17:32:32,114.062416,22.522568,1,0
32475,17:33:27,114.062416,22.522568,1,0
32475,17:34:22,114.06163,22.521683,1,3
32475,17:35:17,114.06163,22.521683,1,0
32475,17:36:12,114.061066,22.52125,1,2
32475,17:37:07,114.06292,22.519367,1,19
32475,17:38:03,114.062836,22.517616,1,18
32475,17:38:07,114.062836,22.517616,0,0
32475,17:39:02,114.06295,22.518433,0,5
32475,17:39:57,114.062149,22.520218,0,14
32475,17:40:52,114.061348,22.520918,0,4
32475,17:41:47,114.061348,22.520918,0,0
32475,17:42:42,114.05983,22.520451,0,9
32475,17:43:37,114.057533,22.519367,0,15
32475,17:44:32,114.052864,22.518284,0,31
32475,17:45:27,114.051636,22.5182,0,6
32475,17:46:22,114.051636,22.5182,0,0
32475,17:47:17,114.051636,22.5182,0,0
32475,17:48:12,114.050583,22.515751,0,21
32475,17:49:07,114.051514,22.511499,0,31
32475,17:50:02,114.051514,22.511499,0,0
32475,17:50:57,114.049515,22.51055,0,12
32475,17:51:52,114.047935,22.51075,0,7
32475,17:53:42,114.047935,22.51075,0,0
32475,17:54:37,114.044502,22.510817,0,19
32475,17:55:32,114.041702,22.511633,0,16
32475,17:56:27,114.044067,22.512751,0,20
32475,17:57:22,114.044601,22.512501,0,1
32475,17:57:31,114.044601,22.512501,1,0
32475,17:58:26,114.044769,22.513983,1,3
32475,17:59:21,114.043587,22.514334,1,8
32475,18:00:16,114.038818,22.515583,1,32
32475,18:01:11,114.038818,22.515583,1,0
32475,18:02:06,114.034019,22.518084,1,34
32475,18:03:01,114.029716,22.52055,1,33
32475,18:03:56,114.030769,22.523317,1,23
32475,18:04:51,114.031349,22.524134,1,4
32475,18:05:04,114.031433,22.524282,0,4
32475,18:05:59,114.03212,22.525299,0,5
32475,18:06:54,114.036003,22.524567,0,28
32475,18:07:49,114.036964,22.524017,0,7
32475,18:08:44,114.036964,22.524017,0,0
32475,18:09:39,114.036964,22.524017,0,0
32475,18:10:34,114.038864,22.524282,0,9
32475,18:11:29,114.038986,22.525066,0,1
32475,18:12:24,114.040169,22.525618,0,2
32475,18:13:19,114.041115,22.526133,0,3
32475,18:14:14,114.041618,22.525249,0,0
32475,18:15:09,114.041466,22.524082,0,0
32475,18:21:34,114.042717,22.522266,0,0
32475,18:22:29,114.042717,22.522266,0,0
32475,18:23:24,114.042717,22.522266,0,0
32475,18:24:19,114.042717,22.522266,0,0
32475,18:25:14,114.042717,22.522266,0,0
32475,18:26:09,114.042717,22.522266,0,0
32475,18:27:04,114.042717,22.522266,0,0
32475,18:27:59,114.042717,22.522266,0,0
32475,18:28:54,114.042717,22.522266,0,0
32475,18:29:49,114.042717,22.522266,0,0
32475,18:30:44,114.042717,22.522266,0,0
32475,18:31:39,114.042717,22.522266,0,0
32475,18:33:29,114.042717,22.522266,0,0
32475,18:34:24,114.042717,22.522266,0,0
32475,18:35:19,114.042717,22.522266,0,0
32475,18:36:14,114.042717,22.522266,0,0
32475,18:37:09,114.042717,22.522266,0,0
32475,18:38:04,114.042717,22.522266,0,0
32475,18:39:54,114.042717,22.522266,0,0
32475,18:40:49,114.042717,22.522266,0,0
32475,18:41:44,114.042717,22.522266,0,0
32475,18:42:39,114.042717,22.522266,0,0
32475,18:43:34,114.042717,22.522266,0,0
32475,18:45:24,114.042717,22.522266,0,0
32475,18:46:19,114.042717,22.522266,0,0
32475,18:47:14,114.042717,22.522266,0,0
32475,18:48:09,114.042717,22.522266,0,0
32475,18:49:04,114.043297,22.522318,0,2
32475,18:49:59,114.044067,22.5221,0,4
32475,18:50:54,114.0438,22.520166,0,17
32475,18:51:49,114.042435,22.520866,0,9
32475,18:52:44,114.043549,22.520184,0,14
32475,18:53:39,114.049553,22.518267,0,42
32475,18:54:34,114.051018,22.513582,0,39
32475,18:55:29,114.051468,22.51115,0,16
32475,18:56:00,114.051468,22.51115,1,0
32475,18:56:55,114.045364,22.51095,1,33
32475,18:57:50,114.041832,22.511433,1,20
32475,18:59:40,114.041718,22.514683,1,14
32475,19:00:35,114.03672,22.516666,1,34
32475,19:01:30,114.032135,22.519199,1,35
32475,19:02:25,114.029564,22.520567,1,19
32475,19:03:20,114.026016,22.522432,1,26
32475,19:04:15,114.024963,22.523067,1,8
32475,19:05:10,114.024963,22.523067,1,0
32475,19:06:05,114.017998,22.5277,1,55
32475,19:07:00,114.016853,22.531099,1,28
32475,19:07:55,114.020554,22.531782,1,22
32475,19:08:01,114.020554,22.531782,0,0
32475,19:08:43,114.020554,22.531782,1,0
32475,19:09:38,114.026031,22.530132,1,37
32475,19:10:33,114.026314,22.529751,1,3
32475,19:11:28,114.027199,22.529051,1,0
32475,19:12:23,114.027199,22.529051,1,0
32475,19:13:18,114.028801,22.528168,1,0
32475,19:14:13,114.030334,22.527233,1,7
32475,19:15:08,114.032066,22.525583,1,17
32475,19:16:03,114.031219,22.524151,1,11
32475,19:16:38,114.030182,22.522583,0,18
32475,19:17:33,114.030182,22.522583,0,0
32475,19:18:28,114.031898,22.524982,0,18
32475,19:19:23,114.032616,22.526083,0,7
32475,19:20:18,114.034668,22.528233,0,22
32475,19:21:13,114.03743,22.527468,0,17
32475,19:22:08,114.038803,22.52585,0,14
32475,19:23:03,114.038864,22.524933,0,6
32475,19:23:58,114.038864,22.524933,0,0
32475,19:24:53,114.038216,22.523951,0,0
32475,19:25:48,114.038216,22.523951,0,0
32475,19:26:43,114.038216,22.523951,0,0
32475,19:27:38,114.038071,22.52335,0,2
32475,19:28:33,114.04142,22.521267,0,27
32475,19:29:28,114.04142,22.521267,0,0
32475,19:30:23,114.044815,22.519484,0,24
32475,19:31:18,114.050735,22.517918,0,41
32475,19:32:13,114.051453,22.511766,0,44
32475,19:33:08,114.049934,22.510866,0,9
32475,19:34:03,114.045853,22.510733,0,25
32475,19:34:58,114.044853,22.510799,0,4
32475,19:35:53,114.044853,22.510799,0,0
32475,19:36:48,114.044853,22.510799,0,0
32475,19:37:43,114.044853,22.510799,0,0
32475,19:38:38,114.044853,22.510799,0,0
32475,19:39:33,114.044853,22.510799,0,0
32475,19:40:28,114.044853,22.510799,0,0
32475,19:41:16,114.044853,22.510799,1,0
32475,19:42:11,114.041817,22.51125,1,15
32475,19:43:06,114.044464,22.512449,1,29
32475,19:44:01,114.050964,22.512716,1,43
32475,19:44:56,114.055031,22.513783,1,27
32475,19:45:51,114.058014,22.5154,1,21
32475,19:46:46,114.061813,22.518017,1,31
32475,19:47:41,114.062263,22.518368,1,3
32475,19:48:36,114.063164,22.518682,1,3
32475,19:49:09,114.062653,22.51755,0,17
32475,19:50:04,114.062653,22.51755,0,0
32475,19:50:59,114.063232,22.517799,0,10
32475,19:51:54,114.063232,22.517799,0,0
32475,19:52:01,114.063232,22.517799,1,0
32475,19:52:56,114.063217,22.518867,1,9
32475,19:53:51,114.063217,22.518867,1,0
32475,19:54:46,114.06163,22.520634,1,13
32475,19:55:41,114.061096,22.521067,1,2
32475,19:56:36,114.057281,22.519234,1,27
32475,19:57:31,114.051903,22.518299,1,36
32475,19:58:26,114.051399,22.524017,1,46
32475,19:59:21,114.048431,22.525682,1,33
32475,20:00:16,114.04525,22.525749,1,19
32475,20:01:11,114.044868,22.529734,1,29
32475,20:02:06,114.044449,22.539333,1,69
32475,20:03:01,114.044418,22.549534,1,73
32475,20:03:56,114.044296,22.553833,1,30
32475,20:04:51,114.044083,22.556316,1,15
32475,20:05:46,114.044083,22.556316,1,0
32475,20:06:41,114.041664,22.560699,1,33
32475,20:07:36,114.037697,22.565849,1,49
32475,20:08:31,114.0364,22.566116,1,9
32475,20:09:21,114.037933,22.565733,0,15
32475,20:10:16,114.037987,22.565733,0,0
32475,20:11:11,114.039635,22.564167,0,16
32475,20:12:06,114.041618,22.563667,0,36
32475,20:13:01,114.048103,22.564684,0,43
32475,20:13:56,114.049118,22.564016,0,5
32475,20:14:51,114.049118,22.564016,0,0
32475,20:15:24,114.049385,22.5634,1,4
32475,20:16:19,114.049431,22.563217,1,1
32475,20:17:14,114.049767,22.562,1,4
32475,20:18:09,114.045135,22.558018,1,40
32475,20:19:04,114.041481,22.55645,1,25
32475,20:19:59,114.038452,22.55625,1,16
32475,20:20:54,114.03418,22.554317,1,31
32475,20:22:44,114.030952,22.554199,1,10
32475,20:26:00,114.029068,22.554768,0,0
32475,20:26:55,114.027565,22.556116,0,10
32475,20:27:50,114.033165,22.553617,0,42
32475,20:29:38,114.037102,22.552383,1,14
32475,20:30:33,114.039764,22.552267,1,25
32475,20:31:28,114.040535,22.54965,1,19
32475,20:32:23,114.044167,22.548332,1,37
32475,20:33:18,114.043648,22.541267,1,56
32475,20:34:13,114.047447,22.5425,1,31
32475,20:35:08,114.056618,22.54245,1,61
32475,20:36:03,114.06675,22.542683,1,67
32475,20:36:58,114.075729,22.543068,1,59
32475,20:37:53,114.082283,22.543182,1,43
32475,20:38:48,114.08947,22.543266,1,47
32475,20:39:43,114.090881,22.543283,1,9
32475,20:40:38,114.091949,22.543383,1,5
32475,20:41:33,114.094131,22.543449,1,12
32475,20:42:28,114.094414,22.543417,1,1
32475,20:43:23,114.095764,22.543432,1,3
32475,20:44:18,114.096252,22.543484,1,1
32475,20:45:13,114.097519,22.5436,1,5
32475,20:46:08,114.097519,22.5436,1,0
32475,20:47:03,114.099403,22.543449,1,4
32475,20:47:58,114.099403,22.543449,1,0
32475,20:48:53,114.102547,22.543934,1,19
32475,20:49:52,114.108635,22.545099,1,26
32475,20:50:35,114.112297,22.546432,1,34
32475,20:51:31,114.113632,22.54645,1,6
32475,20:52:26,114.116051,22.546883,1,14
32475,20:53:21,114.12075,22.547733,1,29
32475,20:54:16,114.12558,22.545732,1,46
32475,20:55:11,114.125381,22.541283,1,30
32475,20:55:41,114.124298,22.541149,0,0
32475,20:56:36,114.124298,22.540768,0,0
32475,20:57:31,114.124031,22.540667,0,0
32475,20:58:26,114.123016,22.540016,0,11
32475,20:59:21,114.12207,22.5399,0,4
32475,21:00:16,114.12207,22.5399,0,0
32475,21:01:11,114.12207,22.5399,0,0
32475,21:02:06,114.12133,22.539482,0,0
32475,21:03:01,114.12133,22.539482,0,0
32475,21:03:56,114.120331,22.539183,0,0
32475,21:04:51,114.118217,22.537451,0,17
32475,21:06:16,114.116814,22.536449,1,1
32475,21:07:11,114.113083,22.535717,1,27
32475,21:08:06,114.112,22.538733,1,24
32475,21:09:01,114.111534,22.541567,1,18
32475,21:09:56,114.110069,22.5466,1,36
32475,21:10:51,114.110001,22.547518,1,2
32475,21:11:46,114.108215,22.5471,1,9
32475,21:12:41,114.107582,22.549999,1,20
32475,21:13:36,114.1064,22.551517,1,14
32475,21:14:31,114.105568,22.55295,1,13
32475,21:15:26,114.105034,22.553617,1,6
32475,21:16:21,114.102303,22.552467,1,14
32475,21:17:16,114.101196,22.552168,1,6
32475,21:18:11,114.100418,22.552067,1,1
32475,21:19:06,114.100418,22.552067,1,0
32475,21:20:01,114.100082,22.552082,1,0
32475,21:20:49,114.099434,22.5492,1,16
32475,21:21:02,114.099434,22.5492,0,0
32475,21:21:48,114.099464,22.548018,1,7
32475,21:22:43,114.099686,22.547283,1,1
32475,21:23:38,114.099586,22.5448,1,15
32475,21:24:33,114.099548,22.544382,1,0
32475,21:26:23,114.099518,22.543917,1,1
32475,21:27:18,114.099464,22.542133,1,11
32475,21:28:13,114.099464,22.541634,1,1
32475,21:29:08,114.099632,22.539984,1,9
32475,21:30:05,114.093201,22.5383,1,41
32475,21:31:01,114.08667,22.537649,1,41
32475,21:31:46,114.082581,22.537582,0,33
32475,21:32:41,114.081863,22.538651,0,7
32475,21:33:36,114.08152,22.540466,0,13
32475,21:34:31,114.08152,22.540466,0,0
32475,21:35:10,114.080818,22.540632,1,6
32475,21:36:05,114.077721,22.539833,1,21
32475,21:37:00,114.077698,22.538082,1,8
32475,21:37:55,114.077698,22.538082,1,0
32475,21:38:50,114.077103,22.536118,1,1
32475,21:39:45,114.077103,22.536118,1,0
32475,21:40:40,114.076233,22.534817,1,2
32475,21:41:13,114.075798,22.534218,0,2
32475,21:42:08,114.075798,22.534218,0,0
32475,21:42:41,114.075798,22.534218,1,0
32475,21:43:36,114.072716,22.532,1,26
32475,21:44:31,114.067467,22.531918,1,33
32475,21:45:26,114.060265,22.531834,1,47
32475,21:46:21,114.050598,22.531668,1,64
32475,21:47:16,114.045769,22.533333,1,44
32475,21:48:11,114.043983,22.534134,1,23
32475,21:48:58,114.043449,22.532066,0,19
32475,21:49:53,114.043449,22.532066,0,0
32475,21:51:43,114.043999,22.530434,0,10
32475,21:52:38,114.044403,22.528133,0,12
32475,21:53:29,114.044403,22.528067,1,0
32475,21:54:24,114.044785,22.526449,1,7
32475,21:55:19,114.04467,22.526199,1,1
32475,21:56:14,114.04467,22.526199,1,0
32475,21:57:09,114.044647,22.531549,1,40
32475,21:58:04,114.047501,22.535299,1,43
32475,21:58:59,114.047897,22.535749,1,2
32475,21:59:15,114.047882,22.536533,0,17
32475,22:00:10,114.04792,22.53705,0,1
32475,22:01:02,114.04792,22.53705,1,0
32475,22:01:57,114.047852,22.537884,1,2
32475,22:02:52,114.047729,22.539133,1,6
32475,22:03:47,114.049469,22.541349,1,17
32475,22:04:42,114.05645,22.542368,1,53
32475,22:06:32,114.07547,22.543016,1,51
32475,22:07:27,114.076569,22.543034,1,6
32475,22:08:22,114.08123,22.543083,1,30
32475,22:09:17,114.088348,22.543217,1,44
32475,22:10:12,114.094482,22.543383,1,42
32475,22:11:07,114.098999,22.543367,1,30
32475,22:12:02,114.098999,22.543367,1,0
32475,22:12:57,114.104202,22.544201,1,34
32475,22:13:55,114.111267,22.545483,1,11
32475,22:14:14,114.113449,22.545633,1,28
32475,22:15:10,114.113449,22.545633,1,0
32475,22:16:05,114.110634,22.54665,1,22
32475,22:17:00,114.110283,22.549784,1,19
32475,22:17:55,114.109901,22.55385,1,27
32475,22:18:50,114.114433,22.553749,1,37
32475,22:19:45,114.114632,22.553717,1,0
32475,22:20:40,114.114632,22.553717,1,0
32475,22:21:35,114.114349,22.5527,1,2
32475,22:22:30,114.11422,22.550484,1,14
32475,22:22:39,114.114265,22.550467,0,2
32475,22:23:34,114.114265,22.550467,0,0
32475,22:24:29,114.11525,22.550383,0,2
32475,22:25:04,114.11525,22.550383,1,0
32475,22:25:59,114.116302,22.5494,1,4
32475,22:26:54,114.116982,22.547199,1,14
32475,22:27:49,114.111565,22.545532,1,37
32475,22:28:44,114.106232,22.54575,1,39
32475,22:29:34,114.10508,22.548849,0,9
32475,22:30:30,114.10508,22.548849,0,0
32475,22:31:26,114.104401,22.549032,0,3
32475,22:32:21,114.103798,22.549116,0,0
32475,22:33:16,114.103798,22.549116,0,0
32475,22:33:18,114.103798,22.549116,1,0
32475,22:34:14,114.102547,22.547268,1,16
32475,22:35:08,114.102699,22.546568,1,3
32475,22:36:03,114.100571,22.543583,1,26
32475,22:36:59,114.099831,22.543449,1,3
32475,22:37:51,114.101868,22.54245,0,22
32475,22:38:46,114.101669,22.542334,0,0
32475,22:38:58,114.101669,22.542334,1,0
32475,22:39:53,114.10437,22.544149,1,21
32475,22:40:48,114.106636,22.544634,1,15
32475,22:41:45,114.110313,22.543484,1,24
32475,22:42:30,114.110352,22.540649,1,23
32475,22:44:22,114.112915,22.531717,1,43
32475,22:47:00,114.114449,22.535233,0,5
32475,22:47:56,114.114334,22.535267,0,0
32475,22:48:51,114.112602,22.535767,0,12
32475,22:49:46,114.111954,22.537884,0,11
32475,22:50:41,114.112198,22.536617,0,14
32475,22:51:36,114.113319,22.53565,0,7
32475,22:53:57,114.114265,22.535583,1,28
32475,22:54:52,114.11245,22.535999,1,11
32475,22:55:47,114.11245,22.535999,1,0
32475,22:56:43,114.111664,22.539967,1,21
32475,22:57:38,114.111504,22.541416,1,10
32475,22:58:33,114.111351,22.542017,1,1
32475,22:59:28,114.110397,22.547583,1,39
32475,23:00:24,114.110397,22.547583,1,0
32475,23:01:19,114.109802,22.554317,1,42
32475,23:02:14,114.111786,22.561483,1,55
32475,23:03:09,114.112518,22.566732,1,38
32475,23:04:04,114.114067,22.574232,1,53
32475,23:04:59,114.114265,22.57625,1,12
32475,23:05:54,114.109863,22.576683,1,40
32475,23:06:49,114.106102,22.577467,1,36
32475,23:07:44,114.104584,22.579517,1,16
32475,23:08:39,114.102951,22.581516,1,18
32475,23:09:34,114.101364,22.581533,1,10
32475,23:10:29,114.102798,22.587799,1,48
32475,23:11:24,114.107567,22.591183,1,41
32475,23:12:19,114.107681,22.5919,1,4
32475,23:13:14,114.10582,22.592951,1,13
32475,23:13:31,114.105667,22.592966,0,3
32475,23:14:26,114.105614,22.593018,1,0
32475,23:15:21,114.102219,22.595301,1,33
32475,23:16:16,114.099983,22.601982,1,48
32475,23:17:11,114.09948,22.6052,1,24
32475,23:18:06,114.096481,22.604549,1,35
32475,23:19:01,114.092316,22.61445,1,77
32475,23:19:56,114.090965,22.619534,1,39
32475,23:20:51,114.089035,22.62845,1,62
32475,23:21:46,114.087013,22.633917,1,64
32475,23:22:41,114.085968,22.632633,1,11
32475,23:23:36,114.086014,22.631968,1,0
32475,23:24:31,114.080437,22.628733,1,52
32475,23:25:26,114.075279,22.629517,1,34
32475,23:26:21,114.075279,22.629517,1,0
32475,23:27:16,114.066399,22.630501,1,59
32475,23:28:11,114.065948,22.630466,1,2
32475,23:29:06,114.060837,22.629732,1,32
32475,23:30:01,114.047234,22.631666,1,93
32475,23:30:56,114.03698,22.633333,1,70
32475,23:31:51,114.031883,22.634451,1,33
32475,23:32:46,114.024818,22.636482,1,49
32475,23:33:41,114.025436,22.640484,1,29
32475,23:34:20,114.025436,22.6409,0,3
32475,23:35:15,114.025436,22.6409,0,0
32475,23:36:10,114.022369,22.641367,0,20
32475,23:37:05,114.021103,22.638166,0,24
32475,23:38:00,114.019234,22.633318,0,37
32475,23:38:55,114.021767,22.630684,0,25
32475,23:39:50,114.023781,22.626617,0,32
32475,23:40:45,114.024048,22.623949,0,17
32475,23:41:40,114.024048,22.623949,0,0
32475,23:42:35,114.024635,22.620632,0,22
32475,23:43:30,114.027084,22.615784,0,36
32475,23:47:09,114.027069,22.610434,1,19
32475,23:48:04,114.026199,22.605049,1,53
32475,23:48:59,114.026451,22.5996,1,49
32475,23:49:54,114.020935,22.593267,1,62
32475,23:50:49,114.009148,22.590218,1,82
32475,23:51:44,113.996933,22.589684,1,83
32475,23:52:39,113.985298,22.586433,1,82
32475,23:53:34,113.973083,22.5861,1,82
