34193,00:00:29,114.166801,22.5627,0,36
34193,00:00:58,114.172203,22.562799,0,37
34193,00:01:28,114.177002,22.5604,0,34
34193,00:02:00,114.181503,22.557301,0,35
34193,00:02:30,114.186096,22.556,0,29
34193,00:03:00,114.190399,22.556101,0,0
34193,00:03:30,114.190804,22.556,0,13
34193,00:04:30,114.194801,22.5574,0,0
34193,00:05:00,114.194801,22.5574,0,0
34193,00:05:30,114.194801,22.5574,0,0
34193,00:06:00,114.194801,22.5574,0,0
34193,00:06:29,114.2183,22.5571,0,0
34193,00:06:59,114.218399,22.5571,0,7
34193,00:07:29,114.220398,22.555401,0,20
34193,00:08:29,114.223503,22.552401,0,0
34193,00:09:29,114.226196,22.549601,0,19
34193,00:10:11,114.226898,22.5487,0,0
34193,00:10:40,114.226898,22.5487,0,0
34193,00:11:11,114.226898,22.5487,0,0
34193,00:11:41,114.226898,22.5487,0,0
34193,00:12:11,114.226898,22.5487,0,0
34193,00:12:41,114.226898,22.5487,0,0
34193,00:13:11,114.226898,22.5487,0,0
34193,00:13:41,114.226898,22.5487,0,0
34193,00:14:41,114.226898,22.548599,0,0
34193,00:16:10,114.226898,22.548599,0,0
34193,00:16:42,114.226898,22.548599,0,0
34193,00:17:12,114.226898,22.548599,0,0
34193,00:17:42,114.226898,22.548599,0,0
34193,00:18:12,114.226898,22.548599,0,0
34193,00:20:12,114.226898,22.548599,0,0
34193,00:20:41,114.226799,22.5487,0,7
34193,00:21:10,114.224899,22.5509,0,25
34193,00:21:41,114.224098,22.5518,0,0
34193,00:22:11,114.223701,22.552401,0,19
34193,00:22:41,114.221298,22.554701,0,17
34193,00:23:11,114.220901,22.555,0,6
34193,00:23:19,114.220596,22.5553,0,17
34193,00:23:49,114.219398,22.5564,0,17
34193,00:24:19,114.218002,22.557301,0,21
34193,00:25:49,114.213699,22.557699,0,0
34193,00:26:48,114.213699,22.557699,0,0
34193,00:27:49,114.186798,22.5562,0,25
34193,00:28:49,114.179001,22.559299,0,27
34193,00:29:19,114.1754,22.561899,0,32
34193,00:31:00,114.1651,22.563,0,5
34193,00:31:29,114.161797,22.562799,0,28
34193,00:31:59,114.1577,22.561199,0,36
34193,00:35:59,114.132004,22.5618,0,0
34193,00:36:29,114.131897,22.561899,0,10
34193,00:37:10,114.1577,22.561199,0,0
34193,00:37:29,114.128502,22.560101,0,0
34193,00:37:43,114.128502,22.560101,0,0
34193,00:38:13,114.128601,22.560101,0,0
34193,00:38:45,114.129799,22.5595,0,6
34193,00:39:15,114.1287,22.557199,0,28
34193,00:39:45,114.126297,22.553801,0,19
34193,00:41:14,114.119301,22.5595,0,19
34193,00:41:44,114.114403,22.558901,0,34
34193,00:43:44,114.1007,22.558599,0,29
34193,00:45:14,114.099197,22.5553,0,0
34193,00:45:44,114.099197,22.5553,0,0
34193,00:46:13,114.0989,22.554399,0,15
34193,00:46:43,114.099197,22.551901,0,2
34193,00:47:13,114.095497,22.551901,0,26
34193,00:48:13,114.090599,22.5518,0,22
34193,00:49:14,114.086899,22.551701,0,25
34193,00:49:44,114.082497,22.551701,0,28
34193,00:50:44,114.0821,22.551701,0,0
34193,00:51:14,114.080902,22.5518,0,19
34193,00:52:43,114.0765,22.5516,0,0
34193,00:53:45,114.071701,22.5511,0,32
34193,00:54:15,114.068199,22.5511,0,2
34193,00:54:45,114.068199,22.5511,0,0
34193,00:56:45,114.062698,22.548201,0,29
34193,00:57:14,114.062698,22.5467,0,0
34193,00:57:44,114.063301,22.5467,0,0
34193,00:58:11,114.0765,22.5516,0,0
34193,00:58:14,114.063301,22.5467,0,0
34193,01:00:45,114.063797,22.546801,0,0
34193,01:01:15,114.063797,22.546801,0,0
34193,01:02:15,114.063797,22.546801,0,0
34193,01:02:45,114.064003,22.5469,0,0
34193,01:03:14,114.063797,22.5469,0,0
34193,01:04:15,114.0634,22.546801,0,0
34193,01:04:45,114.063301,22.546801,0,0
34193,01:05:15,114.063599,22.546801,0,0
34193,01:05:45,114.063904,22.5469,0,0
34193,01:06:45,114.063904,22.5469,0,0
34193,01:07:45,114.063904,22.5469,0,0
34193,01:08:15,114.063904,22.5469,0,0
34193,01:08:45,114.063904,22.5469,0,0
34193,01:09:15,114.063904,22.5469,0,0
34193,01:10:15,114.064003,22.547001,0,1
34193,01:10:45,114.063301,22.544399,0,26
34193,01:11:15,114.062798,22.5429,0,0
34193,01:13:16,114.0588,22.5429,0,0
34193,01:13:46,114.056396,22.5431,0,32
34193,01:14:45,114.047699,22.5427,0,12
34193,01:16:15,114.038902,22.542299,0,22
34193,01:16:45,114.035698,22.541901,0,8
34193,01:17:15,114.032204,22.541201,0,26
34193,01:17:46,114.027298,22.5403,0,34
34193,01:18:16,114.022903,22.539801,0,25
34193,01:18:46,114.019203,22.5392,0,27
34193,01:19:16,114.019897,22.5403,0,19
34193,01:20:16,114.008499,22.537201,0,31
34193,01:20:45,114.003601,22.536301,0,20
34193,01:21:15,114.003098,22.537701,0,4
34193,01:22:17,114.000099,22.5357,0,24
34193,01:23:47,113.989799,22.5359,0,0
34193,01:24:53,113.986504,22.536501,0,4
34193,01:25:23,113.983398,22.536501,0,30
34193,01:25:53,113.979103,22.5366,0,33
34193,01:26:23,113.974701,22.537901,0,32
34193,01:26:53,113.971703,22.5392,0,0
34193,01:27:23,113.971001,22.539499,0,25
34193,01:27:53,113.9655,22.541401,0,47
34193,01:28:23,113.960098,22.543301,0,15
34193,01:28:52,113.960098,22.543301,0,0
34193,01:30:52,113.941902,22.5431,0,39
34193,01:31:22,113.936302,22.5429,0,39
34193,01:31:52,113.930496,22.542801,0,35
34193,01:32:24,113.925797,22.543301,0,17
34193,01:34:23,113.920197,22.5354,0,0
34193,01:34:53,113.919899,22.534599,0,19
34193,01:35:23,113.9198,22.5341,0,0
34193,01:35:33,113.9198,22.534,0,6
34193,01:36:03,113.919601,22.5315,0,19
34193,01:37:33,113.914101,22.5312,0,0
34193,01:38:34,113.9142,22.5347,0,14
34193,01:39:04,113.914299,22.535299,0,0
34193,01:39:34,113.914299,22.535299,0,0
34193,01:40:03,113.914597,22.538099,0,21
34193,01:40:33,113.9151,22.5404,0,22
34193,01:41:33,113.911797,22.5452,0,32
34193,01:42:03,113.909103,22.549601,0,38
34193,01:42:33,113.907097,22.553801,0,27
34193,01:43:03,113.904602,22.556601,0,33
34193,01:44:03,113.895599,22.563999,0,42
34193,01:44:33,113.891701,22.568199,0,42
34193,01:45:03,113.887398,22.5725,0,45
34193,01:45:32,113.882599,22.576799,0,40
34193,01:46:02,113.877899,22.5814,0,49
34193,01:47:02,113.869598,22.590799,0,31
34193,01:47:32,113.8666,22.5961,0,41
34193,01:49:34,113.853401,22.615499,0,44
34193,01:50:04,113.8498,22.620701,0,44
34193,01:51:03,113.842796,22.631001,0,44
34193,01:51:33,113.839798,22.634701,0,19
34193,01:52:03,113.838402,22.6353,0,28
34193,01:52:33,113.841301,22.632299,0,36
34193,01:53:03,113.844398,22.628,0,34
34193,01:54:04,113.846397,22.622801,0,22
34193,01:55:04,113.835403,22.619699,0,48
34193,01:55:34,113.829002,22.616899,0,41
34193,01:56:04,113.823799,22.614401,0,32
34193,01:56:33,113.818497,22.612101,0,28
34193,01:57:03,113.816101,22.614799,0,34
34193,01:57:33,113.813301,22.6201,0,44
34193,01:58:03,113.812798,22.622999,0,15
34193,01:58:34,113.813599,22.623501,0,0
34193,01:59:34,113.813599,22.623501,0,0
34193,02:00:04,113.813599,22.623501,0,0
34193,02:01:34,113.813599,22.623501,0,0
34193,02:02:03,113.813599,22.623501,0,0
34193,02:02:33,113.813599,22.623501,0,0
34193,02:03:03,113.813599,22.623501,0,0
34193,02:03:34,113.813599,22.623501,0,0
34193,02:04:34,113.813599,22.623501,0,0
34193,02:05:04,113.813599,22.623501,0,0
34193,02:05:34,113.813599,22.623501,0,0
34193,02:06:34,113.813599,22.623501,0,0
34193,02:07:33,113.813599,22.623501,0,0
34193,02:08:03,113.813599,22.623501,0,0
34193,02:09:04,113.813599,22.623501,0,0
34193,02:11:04,113.813599,22.623501,0,0
34193,02:12:04,113.813599,22.623501,0,0
34193,02:12:34,113.813599,22.623501,0,0
34193,02:13:03,113.813797,22.624001,0,0
34193,02:14:05,113.813499,22.625,0,9
34193,02:15:05,113.8134,22.6252,0,0
34193,02:16:05,113.812698,22.6266,0,10
34193,02:16:35,113.812202,22.627399,0,0
34193,02:17:35,113.811401,22.628,0,7
34193,02:18:05,113.810997,22.627501,0,0
34193,02:18:34,113.810898,22.627399,0,0
34193,02:19:05,113.810799,22.6276,0,5
34193,02:19:35,113.809998,22.627199,0,6
34193,02:20:05,113.809799,22.627001,0,6
34193,02:21:00,113.809898,22.626801,0,0
34193,02:21:29,113.809502,22.625401,0,13
34193,02:22:29,113.807999,22.6213,0,32
34193,02:22:59,113.810799,22.616501,0,40
34193,02:23:29,113.813499,22.6117,0,32
34193,02:23:58,113.817398,22.610001,0,31
34193,02:24:28,113.820999,22.6129,0,42
34193,02:24:58,113.826698,22.615601,0,36
34193,02:25:58,113.838997,22.620501,0,45
34193,02:27:00,113.849899,22.624599,0,30
34193,02:30:29,113.886703,22.602699,0,55
34193,02:31:29,113.900002,22.5924,0,58
34193,02:33:59,113.922798,22.568199,0,36
34193,02:34:59,113.925797,22.5658,0,0
34193,02:35:28,113.926804,22.565001,0,21
34193,02:35:58,113.929001,22.5627,0,37
34193,02:36:28,113.928703,22.5567,0,46
34193,02:37:00,113.928703,22.550501,0,42
34193,02:37:30,113.927002,22.545,0,41
34193,02:38:00,113.927101,22.539101,0,42
34193,02:38:30,113.926003,22.5331,0,44
34193,02:39:00,113.9244,22.5277,0,40
34193,02:40:00,113.921997,22.5165,0,41
34193,02:40:30,113.920097,22.511,0,39
34193,02:40:59,113.9189,22.5082,0,0
34193,02:41:29,113.918701,22.507799,0,17
34193,02:41:59,113.917503,22.504601,0,19
34193,02:42:30,113.915901,22.5037,0,18
34193,02:43:00,113.915001,22.503901,0,5
34193,02:43:30,113.914497,22.5023,0,0
34193,02:44:32,113.914497,22.5023,0,0
34193,02:45:32,113.914803,22.503799,0,0
34193,02:46:02,113.9161,22.503599,0,18
34193,02:46:32,113.917999,22.5056,0,28
34193,02:47:02,113.9188,22.507601,0,0
34193,02:47:33,113.9188,22.507601,0,0
34193,02:48:03,113.9188,22.507601,0,0
34193,02:48:33,113.919296,22.509001,0,33
34193,02:49:32,113.921097,22.513,0,35
34193,02:50:02,113.922203,22.5175,0,2
34193,02:50:32,113.922096,22.5175,0,0
34193,02:52:02,113.924599,22.5247,0,36
34193,02:52:34,113.9245,22.529699,0,42
34193,02:53:04,113.926903,22.535101,0,41
34193,02:53:34,113.9272,22.5404,0,35
34193,02:54:04,113.926804,22.544201,0,20
34193,02:54:34,113.923302,22.5431,0,30
34193,02:55:03,113.919296,22.5432,0,0
34193,02:55:33,113.919296,22.5432,0,0
34193,02:56:03,113.915703,22.5434,0,38
34193,02:56:33,113.910599,22.5466,0,44
34193,02:59:03,113.891296,22.5686,0,45
34193,03:00:03,113.882103,22.577299,0,44
34193,03:00:33,113.877296,22.582001,0,47
34193,03:01:02,113.872704,22.587,0,44
34193,03:01:32,113.869003,22.591801,0,45
34193,03:02:34,113.861702,22.6035,0,39
34193,03:04:34,113.848701,22.622101,0,25
34193,03:05:04,113.849197,22.623899,0,15
34193,03:05:34,113.849998,22.6245,0,0
34193,03:06:04,113.849998,22.6245,0,0
34193,03:08:03,113.8535,22.625601,0,28
34193,03:08:33,113.854202,22.630501,0,41
34193,03:09:03,113.857903,22.634899,0,27
34193,03:10:03,113.850998,22.6297,0,36
34193,03:10:33,113.850403,22.6259,0,32
34193,03:12:32,113.826401,22.615601,0,48
34193,03:13:34,113.816902,22.6133,0,36
34193,03:15:04,113.813499,22.625099,0,14
34193,03:15:34,113.811501,22.628,0,21
34193,03:16:34,113.810799,22.6276,0,0
34193,03:17:04,113.810799,22.6276,0,0
34193,03:17:33,113.810799,22.627701,0,0
34193,03:19:34,113.809799,22.6269,0,0
34193,03:20:55,113.809799,22.6269,0,0
34193,03:21:24,113.809799,22.6257,0,18
34193,03:22:53,113.8106,22.616899,0,42
34193,03:23:23,113.813004,22.6124,0,33
34193,03:23:53,113.816101,22.6101,0,29
34193,03:24:53,113.8246,22.614599,0,40
34193,03:25:23,113.8302,22.6173,0,44
34193,03:25:53,113.836998,22.6199,0,45
34193,03:26:22,113.8433,22.621599,0,41
34193,03:28:25,113.862396,22.6234,0,52
34193,03:29:25,113.8769,22.6152,0,59
34193,03:29:55,113.881798,22.608299,0,61
34193,03:30:25,113.887497,22.6021,0,56
34193,03:30:55,113.894203,22.5973,0,56
34193,03:31:24,113.900299,22.591999,0,55
34193,03:33:55,113.925102,22.566999,0,49
34193,03:34:25,113.933403,22.565201,0,56
34193,03:34:55,113.941902,22.565001,0,63
34193,03:35:25,113.9515,22.5641,0,61
34193,03:35:55,113.9608,22.5623,0,59
34193,03:37:25,113.983902,22.551201,0,57
34193,03:37:55,113.991302,22.547501,0,59
34193,03:39:55,114.016602,22.527901,0,61
34193,03:40:25,114.023598,22.5229,0,58
34193,03:41:25,114.0401,22.514299,0,64
34193,03:41:55,114.0494,22.5133,0,60
34193,03:42:26,114.057098,22.5156,0,38
34193,03:43:26,114.060204,22.517599,0,37
34193,03:43:56,114.064598,22.521999,0,45
34193,03:44:26,114.067802,22.5271,0,33
34193,03:44:56,114.069199,22.5306,0,31
34193,03:45:26,114.0728,22.531601,0,29
34193,03:45:56,114.077904,22.5326,0,37
34193,03:46:26,114.080498,22.536699,0,35
34193,03:46:56,114.086304,22.537399,0,37
34193,03:47:26,114.092598,22.538099,0,42
34193,03:47:55,114.098503,22.538,0,36
34193,03:48:25,114.101196,22.5385,0,29
34193,03:48:55,114.099701,22.5408,0,8
34193,03:49:25,114.099701,22.540899,0,0
34193,03:49:55,114.099602,22.5425,0,22
34193,03:50:25,114.099602,22.543301,0,0
34193,03:51:25,114.099701,22.5453,0,26
34193,03:52:57,114.102203,22.5466,0,0
34193,03:53:26,114.101799,22.546499,0,0
34193,03:53:56,114.101997,22.5466,0,0
34193,03:55:26,114.101601,22.547899,0,2
34193,03:55:56,114.101097,22.547701,0,11
34193,03:56:25,114.100098,22.5474,0,0
34193,03:56:55,114.099998,22.547501,0,3
34193,03:57:25,114.099503,22.545401,0,27
34193,03:57:55,114.098099,22.5436,0,22
34193,03:58:25,114.0942,22.543501,0,18
34193,03:58:55,114.090401,22.5434,0,24
34193,03:59:25,114.088303,22.5434,0,1
34193,04:00:25,114.083702,22.543301,0,28
34193,04:00:55,114.081902,22.5432,0,0
34193,04:01:54,114.078201,22.5432,0,0
34193,04:03:26,114.078201,22.5432,0,0
34193,04:03:56,114.078201,22.5432,0,0
34193,04:04:26,114.078201,22.5432,0,0
34193,04:06:26,114.077202,22.543301,0,16
34193,04:06:56,114.076401,22.5432,0,0
34193,04:07:25,114.076401,22.5432,0,0
34193,04:07:56,114.072304,22.5431,0,35
34193,04:08:26,114.067299,22.5431,0,34
34193,04:09:26,114.059303,22.5429,0,29
34193,04:09:56,114.054604,22.543301,0,33
34193,04:10:26,114.049202,22.5427,0,28
34193,04:10:56,114.044998,22.542601,0,31
34193,04:11:26,114.040703,22.542601,0,23
34193,04:12:26,114.0327,22.5413,0,28
34193,04:12:56,114.028198,22.540501,0,28
34193,04:13:26,114.023598,22.539801,0,27
34193,04:13:56,114.019699,22.5392,0,27
34193,04:14:26,114.015999,22.538401,0,26
34193,04:14:56,114.013802,22.538601,0,23
34193,04:15:56,114.013298,22.539,0,0
34193,04:16:26,114.013298,22.539,0,0
34193,04:16:56,114.013298,22.539,0,0
34193,04:17:26,114.013298,22.539,0,0
34193,04:17:57,114.013298,22.539,0,0
34193,04:18:26,114.013298,22.539,0,0
34193,04:18:56,114.013298,22.539,0,0
34193,04:19:26,114.013298,22.539,0,0
34193,04:19:56,114.013298,22.539,0,0
34193,04:20:26,114.013298,22.539,0,0
34193,04:20:56,114.013298,22.539,0,0
34193,04:21:26,114.013298,22.539,0,0
34193,04:23:56,114.013199,22.5389,0,0
34193,04:24:26,114.013199,22.5389,0,0
34193,04:24:56,114.013298,22.539,0,0
34193,04:25:26,114.013298,22.539,0,0
34193,04:25:56,114.013298,22.539,0,0
34193,04:26:26,114.013298,22.539,0,0
34193,04:26:56,114.013298,22.539,0,0
34193,04:27:26,114.013298,22.539,0,0
34193,04:28:58,114.013298,22.539,0,0
34193,04:29:57,114.013199,22.539,0,0
34193,04:30:57,114.013199,22.539,0,0
34193,04:31:57,114.013199,22.539,0,0
34193,04:32:27,114.013199,22.539,0,0
34193,04:33:28,114.009903,22.5375,0,26
34193,04:33:58,114.006104,22.5368,0,23
34193,04:34:28,114.003403,22.536301,0,2
34193,04:35:57,113.993202,22.5352,0,29
34193,04:36:27,113.988602,22.536301,0,29
34193,04:36:57,113.984497,22.536501,0,29
34193,04:37:27,113.980103,22.5366,0,31
34193,04:37:57,113.9758,22.537399,0,24
34193,04:38:28,113.972,22.539101,0,24
34193,04:38:58,113.968803,22.5404,0,25
34193,04:39:28,113.965698,22.5415,0,22
34193,04:39:58,113.962502,22.5427,0,24
34193,04:40:27,113.960098,22.543301,0,0
34193,04:41:57,113.954697,22.543501,0,29
34193,04:42:27,113.950302,22.543501,0,27
34193,04:43:58,113.940498,22.5431,0,29
34193,04:44:28,113.935997,22.5429,0,29
34193,04:44:58,113.931702,22.542801,0,29
34193,04:45:28,113.927101,22.5429,0,30
34193,04:45:58,113.926903,22.5432,0,24
34193,04:46:57,113.9263,22.534,0,39
34193,04:47:27,113.924301,22.529499,0,27
34193,04:47:57,113.9245,22.5257,0,25
34193,04:48:28,113.923302,22.521601,0,24
34193,04:48:58,113.922997,22.5208,0,14
34193,04:49:28,113.922096,22.518299,0,6
34193,04:49:58,113.922096,22.518101,0,0
34193,04:50:28,113.921997,22.517401,0,14
34193,04:50:58,113.921402,22.5144,0,22
34193,04:51:28,113.920197,22.514299,0,15
34193,04:52:27,113.916298,22.517099,0,19
34193,04:52:57,113.914497,22.518,0,3
34193,04:53:28,113.913101,22.519199,0,11
34193,04:53:58,113.912697,22.5196,0,0
34193,04:54:28,113.912399,22.519699,0,4
34193,04:55:28,113.912102,22.5191,0,0
34193,04:55:58,113.912102,22.5191,0,0
34193,04:56:58,113.912102,22.5191,0,0
34193,04:57:57,113.912102,22.5191,0,0
34193,04:59:28,113.912003,22.5191,0,0
34193,04:59:58,113.912003,22.5191,0,0
34193,05:01:28,113.912003,22.5191,0,0
34193,05:02:28,113.912003,22.5191,0,0
34193,05:03:27,113.912003,22.5191,0,0
34193,05:03:59,113.912003,22.5191,0,0
34193,05:04:29,113.912003,22.5191,0,0
34193,05:05:29,113.912003,22.5191,0,0
34193,05:05:59,113.912003,22.5191,0,0
34193,05:07:29,113.912003,22.5191,0,0
34193,05:07:59,113.912003,22.5191,0,0
34193,05:09:59,113.912003,22.5191,0,0
34193,05:10:29,113.912003,22.5191,0,0
34193,05:11:29,113.912003,22.5191,0,0
34193,05:11:59,113.912003,22.5191,0,0
34193,05:12:59,113.912003,22.5191,0,0
34193,05:13:29,113.912003,22.5191,0,0
34193,05:14:59,113.912003,22.5191,0,0
34193,05:15:29,113.912003,22.5191,0,0
34193,05:15:59,113.912003,22.5191,0,0
34193,05:16:29,113.912003,22.5191,0,0
34193,05:16:59,113.912003,22.5191,0,0
34193,05:17:29,113.912003,22.5191,0,0
34193,05:18:29,113.912003,22.5191,0,0
34193,05:19:59,113.912003,22.5191,0,0
34193,05:20:29,113.912003,22.5191,0,0
34193,05:20:59,113.912003,22.5191,0,0
34193,05:21:29,113.912003,22.5191,0,0
34193,05:21:59,113.912003,22.5191,0,0
34193,05:22:29,113.912003,22.5191,0,0
34193,05:22:59,113.912003,22.5191,0,0
34193,05:23:29,113.912003,22.5191,0,0
34193,05:24:00,113.912003,22.5191,0,0
34193,05:24:30,113.912003,22.5191,0,0
34193,05:25:29,113.912003,22.5191,0,0
34193,05:25:59,113.912003,22.5191,0,0
34193,05:26:29,113.912003,22.5191,0,0
34193,05:26:59,113.912003,22.5191,0,0
34193,05:27:29,113.912003,22.5191,0,0
34193,05:27:59,113.912003,22.5191,0,0
34193,05:28:29,113.912003,22.5191,0,0
34193,05:29:00,113.912003,22.5191,0,0
34193,05:29:30,113.912003,22.5191,0,0
34193,05:30:00,113.912003,22.5191,0,0
34193,05:30:30,113.912003,22.5191,0,0
34193,05:30:59,113.912003,22.5191,0,0
34193,05:31:29,113.912003,22.5191,0,0
34193,05:31:59,113.912003,22.5191,0,0
34193,05:32:29,113.912003,22.5191,0,0
34193,05:35:00,113.912003,22.5191,0,0
34193,05:35:59,113.912003,22.5191,0,0
34193,05:36:29,113.912003,22.5191,0,0
34193,05:36:59,113.912003,22.5191,0,0
34193,05:37:29,113.912003,22.5191,0,0
34193,05:37:59,113.912003,22.5191,0,0
34193,05:38:29,113.912003,22.5191,0,0
34193,05:38:59,113.912003,22.5191,0,0
34193,05:39:30,113.912003,22.5191,0,0
34193,05:41:00,113.912003,22.5191,0,0
34193,05:41:29,113.912003,22.5191,0,0
34193,05:43:29,113.912003,22.5191,0,0
34193,05:43:59,113.912003,22.5191,0,0
34193,05:45:00,113.912003,22.5191,0,0
34193,05:46:00,113.912003,22.5191,0,0
34193,05:46:30,113.912003,22.5191,0,0
34193,05:46:59,113.912003,22.5191,0,0
34193,05:47:29,113.912003,22.5191,0,0
34193,05:47:59,113.912003,22.5191,0,0
34193,05:50:01,113.912498,22.52,0,15
34193,05:50:31,113.910301,22.5186,0,12
34193,05:52:30,113.904999,22.5159,0,7
34193,05:53:00,113.904404,22.5173,0,16
34193,05:53:30,113.906097,22.5191,0,24
34193,05:54:00,113.907997,22.5212,0,4
34193,05:54:31,113.909302,22.523701,0,23
34193,05:55:01,113.910797,22.525801,0,21
34193,05:55:31,113.913902,22.5264,0,15
34193,05:56:01,113.914299,22.5266,0,0
34193,05:56:31,113.914299,22.5266,0,0
34193,05:57:01,113.915901,22.5273,0,21
34193,05:57:31,113.918198,22.527,0,6
34193,05:58:00,113.918198,22.527,0,0
34193,05:59:00,113.918098,22.524799,0,0
34193,06:00:01,113.917397,22.5212,0,3
34193,06:00:34,113.917603,22.5222,0,5
34193,06:01:03,113.918098,22.524401,0,7
34193,06:02:03,113.918404,22.526699,0,0
34193,06:04:03,113.925499,22.5355,0,25
34193,06:04:33,113.926598,22.5355,0,0
34193,06:05:34,113.927299,22.5359,0,15
34193,06:06:04,113.927101,22.5399,0,36
34193,06:06:33,113.9272,22.545401,0,41
34193,06:07:03,113.928802,22.5506,0,42
34193,06:07:33,113.928802,22.5567,0,43
34193,06:08:03,113.9291,22.562799,0,45
34193,06:08:33,113.929802,22.566799,0,20
34193,06:09:03,113.928902,22.566,0,32
34193,06:09:33,113.926201,22.566999,0,0
34193,06:10:04,113.925003,22.567301,0,27
34193,06:12:33,113.909203,22.582701,0,55
34193,06:13:33,113.898499,22.593901,0,55
34193,06:14:33,113.886002,22.6035,0,50
34193,06:15:04,113.881401,22.6092,0,52
34193,06:15:34,113.877098,22.615101,0,52
34193,06:16:04,113.871201,22.620001,0,46
34193,06:17:34,113.853401,22.628401,0,34
34193,06:18:03,113.849701,22.6283,0,24
34193,06:18:33,113.850304,22.627199,0,0
34193,06:19:33,113.850304,22.625401,0,26
34193,06:20:04,113.846298,22.622601,0,37
34193,06:20:34,113.8405,22.621099,0,39
34193,06:21:04,113.834801,22.619499,0,39
34193,06:21:34,113.8293,22.617001,0,40
34193,06:23:33,113.813499,22.6192,0,31
34193,06:24:03,113.812103,22.6231,0,28
34193,06:25:04,113.810204,22.6278,0,5
34193,06:26:31,113.809502,22.627501,0,4
34193,06:27:31,113.806602,22.626101,0,21
34193,06:28:01,113.807198,22.622801,0,31
34193,06:29:01,113.8116,22.614799,0,32
34193,06:29:30,113.814003,22.610901,0,36
34193,06:30:00,113.8181,22.6101,0,24
34193,06:30:32,113.820999,22.6129,0,35
34193,06:31:32,113.831596,22.617901,0,42
34193,06:32:02,113.837402,22.6201,0,43
34193,06:33:02,113.847298,22.6227,0,11
34193,06:34:02,113.850304,22.6196,0,17
34193,06:34:32,113.852303,22.6168,0,23
34193,06:35:01,113.854301,22.613001,0,26
34193,06:35:32,113.855202,22.611099,0,16
34193,06:36:02,113.857201,22.608101,0,23
34193,06:36:32,113.859596,22.6057,0,28
34193,06:37:02,113.8619,22.6026,0,21
34193,06:37:32,113.863503,22.600201,0,23
34193,06:38:02,113.865501,22.5972,0,19
34193,06:38:32,113.8675,22.5942,0,26
34193,06:39:02,113.870102,22.589899,0,33
34193,06:42:02,113.881798,22.577299,0,33
34193,06:42:32,113.885101,22.5742,0,32
34193,06:43:02,113.888298,22.571199,0,26
34193,06:44:02,113.886299,22.566999,0,13
34193,06:44:32,113.888603,22.564699,0,16
34193,06:45:02,113.889297,22.563999,0,0
34193,06:45:33,113.889297,22.5641,0,0
34193,06:46:03,113.889297,22.5641,0,0
34193,06:46:32,113.889198,22.5639,0,0
34193,06:47:31,113.891899,22.561501,0,19
34193,06:48:01,113.893204,22.5604,0,19
34193,06:49:01,113.895302,22.5588,0,7
34193,06:49:30,113.897499,22.5571,0,12
34193,06:50:00,113.897598,22.556999,0,0
34193,06:50:31,113.897598,22.556999,0,0
34193,06:51:01,113.897903,22.556801,0,11
34193,06:51:31,113.900902,22.559401,0,31
34193,06:52:01,113.903702,22.5618,0,0
34193,06:52:31,113.903702,22.5618,0,0
34193,06:53:01,113.903702,22.5618,0,0
34193,06:53:31,113.903099,22.561399,0,0
34193,06:54:40,113.899696,22.558201,0,30
34193,06:56:11,113.902901,22.5546,0,0
34193,06:56:52,113.903297,22.554899,0,4
34193,06:57:22,113.904198,22.5557,0,21
34193,06:57:51,113.905098,22.553801,0,27
34193,06:58:21,113.907204,22.5522,0,17
34193,07:01:22,113.923698,22.555099,0,24
34193,07:01:52,113.926804,22.554701,0,22
34193,07:02:22,113.928703,22.5513,0,40
34193,07:02:52,113.9272,22.546,0,34
34193,07:03:21,113.927002,22.5411,0,40
34193,07:03:51,113.927101,22.537701,0,16
34193,07:04:21,113.925797,22.5331,0,42
34193,07:05:53,113.928802,22.5247,0,38
34193,07:06:53,113.941002,22.5243,0,40
34193,07:07:23,113.9459,22.523899,0,31
34193,07:07:53,113.948601,22.5215,0,24
34193,07:09:22,113.943298,22.508101,0,28
34193,07:09:52,113.942802,22.508101,0,0
34193,07:10:52,113.943398,22.507,0,15
34193,07:11:22,113.945602,22.506599,0,14
34193,07:11:52,113.944504,22.5075,0,18
34193,07:12:22,113.942802,22.5079,0,12
34193,07:12:52,113.946198,22.508101,0,10
34193,07:13:22,113.942101,22.5082,0,30
34193,07:13:52,113.939201,22.508101,0,0
34193,07:16:24,113.932899,22.5128,0,0
34193,07:16:53,113.932899,22.5128,0,0
34193,07:17:23,113.932899,22.5128,0,3
34193,07:17:53,113.931602,22.513,0,2
34193,07:18:23,113.930801,22.5131,0,0
34193,07:18:53,113.930199,22.5131,0,0
34193,07:19:23,113.928001,22.513,0,15
34193,07:19:53,113.927299,22.511,0,2
34193,07:20:23,113.926003,22.5109,0,7
34193,07:20:53,113.925003,22.510799,0,3
34193,07:24:23,113.924698,22.510799,0,0
34193,07:24:53,113.924698,22.510799,0,0
34193,07:25:53,113.924698,22.510799,0,0
34193,07:26:24,113.924698,22.510799,0,0
34193,07:26:54,113.924698,22.510799,0,0
34193,07:27:24,113.924698,22.510799,0,0
34193,07:27:54,113.924698,22.510799,0,0
34193,07:28:23,113.924698,22.510799,0,0
34193,07:28:53,113.924698,22.510799,0,0
34193,07:29:53,113.924698,22.510799,0,0
34193,07:30:23,113.924698,22.510799,0,0
34193,07:30:53,113.924698,22.510799,0,0
34193,07:32:54,113.9244,22.5123,0,14
34193,07:33:24,113.925598,22.5128,0,7
34193,07:34:23,113.9272,22.512899,0,0
34193,07:34:53,113.9272,22.5128,0,0
34193,07:35:23,113.9272,22.5128,0,0
34193,07:35:53,113.927597,22.512899,0,0
34193,07:36:24,113.927696,22.513,0,0
34193,07:36:54,113.927696,22.5131,0,0
34193,07:37:24,113.927696,22.5131,0,0
34193,07:37:54,113.927696,22.5131,0,0
34193,07:38:24,113.927803,22.513,0,0
34193,07:39:23,113.926903,22.5109,0,5
34193,07:39:53,113.925797,22.5109,0,8
34193,07:40:23,113.9244,22.5107,0,2
34193,07:40:53,113.923401,22.510799,0,5
34193,07:41:23,113.921997,22.511,0,8
34193,07:41:54,113.920601,22.5116,0,0
34193,07:43:24,113.9207,22.5116,0,0
34193,07:44:29,113.921501,22.5151,0,1
34193,07:44:59,113.921898,22.516199,0,7
34193,07:45:29,113.921898,22.5165,0,0
34193,07:45:59,113.921799,22.516899,0,20
34193,07:46:30,113.921997,22.517599,0,0
34193,07:47:00,113.921997,22.517599,0,0
34193,07:47:30,113.922096,22.5179,0,12
34193,07:47:59,113.922897,22.520599,0,25
34193,07:48:29,113.924103,22.5233,0,20
34193,07:50:59,113.933197,22.5245,0,30
34193,07:52:31,113.949203,22.5238,0,36
34193,07:53:01,113.954903,22.523199,0,38
34193,07:54:00,113.9618,22.5226,0,15
34193,07:55:00,113.965401,22.522699,0,18
34193,07:55:30,113.968803,22.522699,0,26
34193,07:56:00,113.973198,22.522699,0,31
34193,07:56:30,113.978996,22.522699,0,37
34193,07:57:01,113.984001,22.5231,0,32
34193,07:58:01,113.9925,22.525299,0,25
34193,07:58:31,113.994202,22.527,0,26
34193,08:00:30,113.9953,22.5345,0,4
34193,08:01:00,113.997101,22.5348,0,12
34193,08:01:30,114.000702,22.5355,0,20
34193,08:02:01,114.001701,22.535601,0,0
34193,08:02:31,114.002296,22.5357,0,14
34193,08:04:30,114.013802,22.538099,0,4
34193,08:05:00,114.013702,22.539101,0,0
34193,08:06:30,114.016502,22.540199,0,10
34193,08:06:56,114.017197,22.540001,0,0
34193,08:12:24,114.017197,22.540001,0,0
34193,08:18:22,114.017197,22.540001,0,0
34193,08:24:19,114.017197,22.540001,0,0
34193,08:29:21,114.017197,22.540001,0,0
34193,08:35:18,114.017197,22.540001,0,0
34193,08:40:21,114.017197,22.540001,0,0
34193,08:46:20,114.017197,22.540001,0,0
34193,08:49:56,114.085899,22.5439,0,0
34193,08:50:26,114.087799,22.5438,0,19
34193,08:50:56,114.090202,22.543501,0,0
34193,08:51:26,114.090202,22.543501,0,0
34193,08:51:55,114.090302,22.543301,0,0
34193,08:52:17,114.017197,22.540001,0,0
34193,08:52:25,114.091904,22.543301,0,15
34193,08:52:55,114.0952,22.5432,0,15
34193,08:53:25,114.0952,22.5429,0,4
34193,08:53:28,114.0952,22.5429,0,6
34193,08:55:29,114.097298,22.5411,0,11
34193,08:55:59,114.0989,22.5417,0,9
34193,08:56:59,114.099297,22.5415,0,0
34193,08:58:28,114.099701,22.541201,0,16
34193,08:58:58,114.100403,22.541201,0,11
34193,08:59:58,114.099899,22.541201,0,0
34193,09:00:59,114.099899,22.541201,0,0
34193,09:01:59,114.097702,22.541201,0,19
34193,09:02:29,114.097099,22.541599,0,9
34193,09:03:28,114.098099,22.543301,0,3
34193,09:03:58,114.097702,22.5427,0,17
34193,09:04:28,114.098,22.5425,0,0
34193,09:04:58,114.097801,22.542299,0,0
34193,09:05:29,114.097801,22.542299,0,0
34193,09:05:59,114.097801,22.542299,0,0
34193,09:06:29,114.098297,22.5425,0,0
34193,09:06:59,114.098198,22.542999,0,0
34193,09:07:29,114.098198,22.543501,0,4
34193,09:07:59,114.099503,22.5425,0,13
34193,09:08:29,114.099503,22.541901,0,11
34193,09:08:58,114.099701,22.5392,0,20
34193,09:09:28,114.098099,22.5383,0,19
34193,09:09:58,114.0942,22.5382,0,25
34193,09:10:28,114.089897,22.537901,0,30
34193,09:11:30,114.081398,22.5373,0,26
34193,09:12:00,114.078796,22.535,0,26
34193,09:12:30,114.077301,22.532499,0,13
34193,09:13:00,114.0746,22.5319,0,30
34193,09:13:30,114.070099,22.5319,0,28
34193,09:13:59,114.064796,22.531799,0,39
34193,09:14:29,114.059196,22.5317,0,39
34193,09:16:59,114.034798,22.530399,0,34
34193,09:17:29,114.030502,22.530399,0,29
34193,09:17:59,114.027,22.531099,0,14
34193,09:18:29,114.025803,22.5319,0,9
34193,09:19:28,114.0242,22.536501,0,17
34193,09:20:28,114.022697,22.5432,0,18
34193,09:20:59,114.022003,22.545401,0,14
34193,09:21:29,114.021202,22.5478,0,12
34193,09:22:59,114.016197,22.554501,0,16
34193,09:23:29,114.0159,22.555,0,0
34193,09:23:59,114.0159,22.555,0,0
34193,09:24:29,114.0159,22.555,0,0
34193,09:24:58,114.0159,22.555,0,0
34193,09:25:28,114.015198,22.555401,0,19
34193,09:25:59,114.012604,22.555401,0,0
34193,09:26:29,114.0112,22.555401,0,28
34193,09:26:59,114.0093,22.553301,0,8
34193,09:27:29,114.0093,22.553301,0,0
34193,09:27:59,114.0093,22.553301,0,0
34193,09:28:29,114.008904,22.5525,0,21
34193,09:31:00,114.007004,22.549101,0,19
34193,09:31:30,114.007698,22.548401,0,7
34193,09:32:30,114.005699,22.5476,0,9
34193,09:33:00,114.006798,22.5466,0,10
34193,09:33:30,114.007103,22.5466,0,0
34193,09:34:00,114.007004,22.546499,0,0
34193,09:34:30,114.006401,22.546499,0,6
34193,09:35:00,114.0056,22.547199,0,7
34193,09:35:30,114.005203,22.5471,0,0
34193,09:35:59,114.005203,22.5476,0,10
34193,09:36:29,114.006302,22.5488,0,9
34193,09:36:59,114.006401,22.548901,0,0
34193,09:37:59,114.007103,22.549801,0,23
34193,09:38:29,114.009003,22.552299,0,23
34193,09:38:59,114.010597,22.552299,0,7
34193,09:39:29,114.0103,22.5511,0,0
34193,09:40:37,114.0112,22.5522,0,18
34193,09:41:39,114.0168,22.545401,0,30
34193,09:43:09,114.018204,22.544201,0,22
34193,09:46:39,114.024597,22.534201,0,20
34193,09:47:39,114.030403,22.5301,0,26
34193,09:48:09,114.032204,22.5301,0,10
34193,09:48:39,114.0336,22.530199,0,11
34193,09:49:09,114.035004,22.5303,0,11
34193,09:49:39,114.037102,22.5305,0,17
34193,09:50:09,114.040199,22.530899,0,23
34193,09:50:38,114.044601,22.5313,0,32
34193,09:51:08,114.050003,22.5315,0,35
34193,09:51:39,114.055199,22.5315,0,35
34193,09:52:09,114.059799,22.531601,0,34
34193,09:52:39,114.065201,22.5317,0,39
34193,09:53:22,114.032204,22.5301,0,0
34193,09:54:39,114.079002,22.534599,0,10
34193,09:55:38,114.085098,22.537399,0,30
34193,09:56:08,114.089699,22.5378,0,33
34193,09:57:40,114.103798,22.538,0,23
34193,09:58:10,114.106598,22.537001,0,17
34193,09:59:10,114.111702,22.537901,0,20
34193,09:59:40,114.115402,22.538799,0,27
34193,10:00:40,114.118797,22.5403,0,0
34193,10:01:08,114.118401,22.5406,0,5
34193,10:01:38,114.118301,22.5418,0,3
34193,10:02:38,114.119904,22.541901,0,7
34193,10:03:08,114.120796,22.5424,0,16
34193,10:03:38,114.121597,22.5441,0,19
34193,10:04:08,114.124603,22.545,0,17
34193,10:05:37,114.125999,22.5476,0,0
34193,10:06:07,114.125999,22.5476,0,0
34193,10:07:09,114.125999,22.5476,0,0
34193,10:07:39,114.125999,22.548901,0,12
34193,10:08:09,114.126099,22.5502,0,0
34193,10:09:29,114.125801,22.552401,0,8
34193,10:09:59,114.125801,22.5511,0,21
34193,10:10:29,114.126099,22.5506,0,0
34193,10:10:59,114.1259,22.5494,0,14
34193,10:11:29,114.125198,22.547899,0,17
34193,10:11:59,114.122902,22.5474,0,20
34193,10:12:28,114.118401,22.5466,0,38
34193,10:12:58,114.117599,22.5443,0,17
34193,10:13:28,114.118103,22.5432,0,16
34193,10:13:58,114.119598,22.541901,0,0
34193,10:14:29,114.119698,22.541,0,17
34193,10:14:59,114.119301,22.5406,0,0
34193,10:15:29,114.119202,22.540701,0,0
34193,10:15:59,114.118103,22.5401,0,12
34193,10:16:29,114.115997,22.5394,0,18
34193,10:16:59,114.113098,22.5383,0,22
34193,10:17:29,114.110001,22.5378,0,26
34193,10:17:58,114.105598,22.5373,0,16
34193,10:18:28,114.102699,22.5382,0,20
34193,10:18:58,114.098396,22.5382,0,33
34193,10:19:30,114.093697,22.538099,0,31
34193,10:20:00,114.088898,22.537701,0,34
34193,10:20:30,114.084,22.537399,0,22
34193,10:21:00,114.081596,22.537201,0,15
34193,10:21:30,114.079803,22.5362,0,19
34193,10:22:00,114.0784,22.534201,0,19
34193,10:22:30,114.076897,22.532101,0,16
34193,10:23:00,114.073898,22.5319,0,22
34193,10:23:29,114.070801,22.5319,0,19
34193,10:23:59,114.066704,22.531799,0,33
34193,10:24:29,114.060997,22.5317,0,39
34193,10:25:59,114.046097,22.531401,0,34
34193,10:26:29,114.0411,22.531,0,33
34193,10:27:59,114.025803,22.5313,0,35
34193,10:28:58,114.018501,22.5319,0,26
34193,10:29:28,114.014503,22.530899,0,30
34193,10:30:00,114.009903,22.5299,0,33
34193,10:30:30,114.005898,22.5298,0,30
34193,10:31:30,113.995399,22.528299,0,38
34193,10:32:30,113.985901,22.523701,0,31
34193,10:33:00,113.980598,22.523001,0,37
34193,10:33:30,113.9748,22.523001,0,33
34193,10:34:29,113.963799,22.5229,0,42
34193,10:35:00,113.958099,22.5231,0,33
34193,10:35:30,113.954399,22.5235,0,5
34193,10:36:00,113.953201,22.523701,0,11
34193,10:37:00,113.948799,22.5245,0,19
34193,10:38:00,113.948799,22.522301,0,42
34193,10:38:30,113.947998,22.516199,0,44
34193,10:40:00,113.946602,22.5026,0,3
34193,10:40:30,113.946503,22.4991,0,36
34193,10:41:30,113.945503,22.490299,0,33
34193,10:42:00,113.9403,22.49,0,40
34193,10:42:30,113.9384,22.489,0,0
34193,10:43:00,113.937401,22.4881,0,31
34193,10:44:00,113.931503,22.484699,0,24
34193,10:44:30,113.930702,22.4848,0,0
34193,10:45:01,113.929199,22.4853,0,21
34193,10:45:30,113.926903,22.486099,0,0
34193,10:46:30,113.925697,22.4865,0,12
34193,10:48:30,113.916496,22.4881,0,27
34193,10:49:00,113.914299,22.4869,0,27
34193,10:49:30,113.9114,22.4842,0,29
34193,10:50:59,113.9077,22.482,0,0
34193,10:51:29,113.9077,22.482,0,0
34193,10:52:29,113.9077,22.4809,0,0
34193,10:52:59,113.9077,22.4809,0,0
34193,10:53:49,113.908302,22.4799,0,0
34193,10:54:49,113.908203,22.479601,0,4
34193,10:55:22,113.908203,22.4804,0,0
34193,10:56:51,113.907898,22.481899,0,18
34193,10:57:21,113.910599,22.483101,0,26
34193,10:58:11,113.911499,22.482599,0,0
34193,10:58:41,113.911201,22.4832,0,10
34193,10:59:10,113.913002,22.4851,0,33
34193,10:59:40,113.915001,22.487,0,0
34193,11:00:40,113.918701,22.488501,0,5
34193,11:01:10,113.918999,22.488501,0,7
34193,11:01:40,113.9226,22.4874,0,35
34193,11:02:40,113.9282,22.4856,0,20
34193,11:03:10,113.932297,22.4846,0,28
34193,11:03:40,113.934303,22.4853,0,0
34193,11:04:09,113.935402,22.486099,0,27
34193,11:05:09,113.9422,22.4902,0,22
34193,11:05:41,113.946404,22.490601,0,33
34193,11:08:11,113.947998,22.5152,0,42
34193,11:08:41,113.9487,22.52,0,24
34193,11:09:11,113.949203,22.5231,0,17
34193,11:09:40,113.953003,22.523399,0,37
34193,11:11:41,113.977303,22.5228,0,40
34193,11:12:11,113.9832,22.5231,0,38
34193,11:12:41,113.988403,22.5242,0,37
34193,11:13:41,113.9991,22.529699,0,43
34193,11:14:11,114.005699,22.529699,0,42
34193,11:14:41,114.012001,22.530199,0,40
34193,11:16:42,114.0317,22.5301,0,39
34193,11:20:41,114.070702,22.5317,0,6
34193,11:21:11,114.0718,22.531799,0,9
34193,11:22:41,114.074303,22.531799,0,5
34193,11:23:41,114.076202,22.531799,0,6
34193,11:25:11,114.078102,22.532801,0,4
34193,11:26:42,114.079201,22.535,0,10
34193,11:27:42,114.086502,22.5373,0,32
34193,11:28:12,114.091103,22.538,0,32
34193,11:28:42,114.096603,22.538099,0,36
34193,11:29:12,114.101501,22.538099,0,30
34193,11:29:42,114.105301,22.537201,0,28
34193,11:30:42,114.111,22.5361,0,11
34193,11:31:42,114.111603,22.532801,0,25
34193,11:32:11,114.113297,22.5317,0,20
34193,11:32:41,114.114304,22.5312,0,8
34193,11:32:55,114.114403,22.531099,0,0
34193,11:33:25,114.114403,22.531099,0,0
34193,11:33:55,114.114403,22.531099,0,0
34193,11:34:56,114.115303,22.5348,0,14
34193,11:35:56,114.117302,22.5368,0,0
34193,11:36:26,114.1194,22.5382,0,30
34193,11:37:25,114.127998,22.543301,0,35
34193,11:38:25,114.134903,22.5476,0,30
34193,11:38:55,114.137398,22.551399,0,34
34193,11:39:26,114.139503,22.5557,0,35
34193,11:39:56,114.140602,22.560301,0,35
34193,11:40:26,114.138901,22.564501,0,34
34193,11:41:56,114.135399,22.5763,0,25
34193,11:42:26,114.132896,22.577299,0,10
34193,11:42:56,114.1325,22.578501,0,15
34193,11:43:25,114.132599,22.579201,0,0
34193,11:43:55,114.132599,22.579201,0,0
34193,11:44:25,114.132698,22.580099,0,13
34193,11:45:27,114.132896,22.583401,0,15
34193,11:45:57,114.133003,22.584101,0,0
34193,11:46:57,114.131599,22.5844,0,13
34193,11:47:27,114.129601,22.5847,0,18
34193,11:47:57,114.127998,22.5867,0,14
34193,11:48:27,114.128601,22.5881,0,12
34193,11:48:56,114.1287,22.589701,0,12
34193,11:49:57,114.128799,22.592199,0,13
34193,11:50:27,114.128502,22.593399,0,20
34193,11:51:27,114.130501,22.5947,0,4
34193,11:51:57,114.1306,22.594601,0,0
34193,11:52:27,114.1306,22.594601,0,0
34193,11:52:57,114.130501,22.5944,0,0
34193,11:53:27,114.129898,22.5942,0,0
34193,11:53:57,114.129898,22.5942,0,0
34193,11:54:26,114.129898,22.5942,0,0
34193,11:55:27,114.129898,22.5942,0,0
34193,11:56:57,114.129898,22.5942,0,0
34193,11:57:57,114.129898,22.5942,0,0
34193,11:58:27,114.129898,22.5942,0,0
34193,11:58:57,114.129898,22.5942,0,0
34193,11:59:57,114.129898,22.5942,0,0
34193,12:00:27,114.129898,22.5942,0,0
34193,12:00:57,114.129898,22.5942,0,0
34193,12:02:23,114.129898,22.5942,0,0
34193,12:03:01,114.129898,22.594101,0,0
34193,12:03:31,114.129898,22.594101,0,0
34193,12:04:01,114.129898,22.594101,0,0
34193,12:05:01,114.129898,22.594101,0,0
34193,12:06:01,114.129898,22.5942,0,0
34193,12:06:31,114.129898,22.5942,0,0
34193,12:07:01,114.129898,22.5942,0,0
34193,12:07:30,114.1297,22.5942,0,0
34193,12:08:00,114.130203,22.5944,0,0
34193,12:09:00,114.1306,22.594801,0,0
34193,12:09:27,114.1306,22.594801,0,4
34193,12:11:26,114.137703,22.601999,0,25
34193,12:11:56,114.138,22.6038,0,8
34193,12:12:58,114.138199,22.6082,0,15
34193,12:13:28,114.140198,22.6091,0,17
34193,12:14:58,114.145103,22.609699,0,6
34193,12:15:28,114.1455,22.6092,0,9
34193,12:16:10,114.145401,22.6087,0,0
34193,12:17:39,114.145302,22.609501,0,0
34193,12:18:09,114.145302,22.609501,0,0
34193,12:19:39,114.141899,22.609501,0,16
34193,12:20:09,114.139297,22.6092,0,19
34193,12:20:39,114.138901,22.6092,0,0
34193,12:22:38,114.138199,22.606001,0,4
34193,12:23:40,114.138298,22.6059,0,0
34193,12:24:10,114.138298,22.6059,0,0
34193,12:24:40,114.138298,22.6059,0,0
34193,12:25:10,114.138298,22.6059,0,0
34193,12:25:40,114.138298,22.6059,0,0
34193,12:26:39,114.138298,22.6059,0,0
34193,12:28:10,114.138298,22.6059,0,0
34193,12:28:40,114.138298,22.6059,0,0
34193,12:29:40,114.138298,22.6059,0,0
34193,12:30:10,114.138298,22.6059,0,0
34193,12:30:40,114.138298,22.6059,0,0
34193,12:31:40,114.138298,22.6059,0,0
34193,12:32:39,114.138298,22.6059,0,0
34193,12:33:40,114.138298,22.6059,0,0
34193,12:34:10,114.138298,22.6059,0,0
34193,12:34:40,114.138298,22.6059,0,0
34193,12:35:40,114.138298,22.6059,0,0
34193,12:36:10,114.138298,22.6059,0,0
34193,12:36:40,114.138298,22.6059,0,0
34193,12:37:10,114.138298,22.6059,0,0
34193,12:37:39,114.138298,22.6059,0,0
34193,12:38:41,114.138298,22.6059,0,0
34193,12:39:11,114.138298,22.6059,0,0
34193,12:39:41,114.138298,22.6059,0,0
34193,12:40:11,114.138298,22.6059,0,0
34193,12:40:41,114.138298,22.6059,0,0
34193,12:41:11,114.138298,22.6059,0,0
34193,12:41:41,114.138298,22.6059,0,0
34193,12:42:40,114.138298,22.6059,0,0
34193,12:43:40,114.138298,22.6059,0,0
34193,12:44:10,114.138298,22.6059,0,0
34193,12:44:40,114.138298,22.6059,0,0
34193,12:45:10,114.138298,22.6059,0,0
34193,12:46:10,114.138298,22.6059,0,0
34193,12:46:40,114.138298,22.6059,0,0
34193,12:47:10,114.138199,22.606001,0,0
34193,12:48:09,114.138199,22.606001,0,0
34193,12:48:41,114.138199,22.606001,0,0
34193,12:50:11,114.138199,22.606001,0,0
34193,12:50:41,114.138199,22.606001,0,0
34193,12:51:41,114.1381,22.607201,0,15
34193,12:52:11,114.138298,22.608801,0,0
34193,12:53:10,114.138298,22.608801,0,0
34193,12:53:40,114.138298,22.608801,0,0
34193,12:54:18,114.138397,22.6091,0,4
34193,12:57:17,114.124496,22.609301,0,34
34193,12:57:47,114.119698,22.606899,0,34
34193,12:58:17,114.1166,22.603901,0,24
34193,12:58:48,114.114197,22.601,0,26
34193,12:59:17,114.111801,22.597601,0,30
34193,12:59:47,114.109398,22.5928,0,38
34193,13:01:17,114.114197,22.5826,0,25
34193,13:01:47,114.115097,22.579599,0,17
34193,13:02:47,114.116302,22.5763,0,8
34193,13:03:17,114.118599,22.576401,0,18
34193,13:03:49,114.122101,22.576401,0,30
34193,13:04:19,114.123703,22.5744,0,15
34193,13:04:46,114.123901,22.5741,0,0
34193,13:05:42,114.124298,22.5723,0,7
34193,13:06:42,114.122299,22.5718,0,0
34193,13:07:12,114.122299,22.5702,0,4
34193,13:07:42,114.121399,22.569099,0,17
34193,13:08:12,114.116402,22.568199,0,38
34193,13:08:42,114.111298,22.566299,0,39
34193,13:09:43,114.1073,22.5662,0,18
34193,13:10:12,114.106796,22.563601,0,18
34193,13:10:42,114.106796,22.562599,0,0
34193,13:11:12,114.106796,22.562599,0,0
34193,13:11:42,114.1063,22.562201,0,18
34193,13:12:12,114.106003,22.562099,0,3
34193,13:13:02,114.106201,22.562099,0,16
34193,13:13:32,114.105904,22.562099,0,10
34193,13:14:33,114.104698,22.5618,0,0
34193,13:15:03,114.103104,22.561701,0,8
34193,13:15:33,114.101997,22.561701,0,0
34193,13:16:02,114.101997,22.561701,0,6
34193,13:16:32,114.1017,22.5623,0,8
34193,13:17:02,114.101303,22.5632,0,6
34193,13:17:32,114.100601,22.563299,0,5
34193,13:18:02,114.100304,22.5632,0,0
34193,13:19:52,114.1017,22.562,0,0
34193,13:20:52,114.101799,22.5618,0,6
34193,13:21:52,114.103996,22.5595,0,0
34193,13:23:22,114.104103,22.5588,0,9
34193,13:23:52,114.107903,22.558599,0,35
34193,13:24:22,114.111397,22.557899,0,27
34193,13:25:22,114.110298,22.5492,0,37
34193,13:25:52,114.110199,22.547899,0,0
34193,13:26:22,114.110199,22.5478,0,7
34193,13:26:52,114.109901,22.546,0,24
34193,13:27:22,114.1101,22.5434,0,0
34193,13:27:52,114.110298,22.5422,0,2
34193,13:28:22,114.110298,22.5422,0,0
34193,13:28:52,114.110298,22.5422,0,0
34193,13:29:24,114.110298,22.5422,0,0
34193,13:30:23,114.110802,22.5383,0,10
34193,13:30:53,114.110802,22.538099,0,0
34193,13:31:23,114.111099,22.535299,0,25
34193,13:31:53,114.111603,22.5319,0,20
34193,13:32:23,114.113899,22.531799,0,6
34193,13:32:53,114.113998,22.531601,0,0
34193,13:32:55,114.113998,22.531601,0,0
34193,13:33:55,114.113998,22.531601,0,0
34193,13:36:25,114.119102,22.539499,0,7
34193,13:36:55,114.1166,22.5394,0,26
34193,13:37:55,114.108902,22.5376,0,27
34193,13:38:25,114.105301,22.5375,0,28
34193,13:38:55,114.102303,22.538401,0,21
34193,13:39:56,114.094498,22.5383,0,24
34193,13:40:26,114.091103,22.5383,0,22
34193,13:40:55,114.086899,22.5376,0,21
34193,13:41:25,114.083199,22.5375,0,21
34193,13:42:25,114.078796,22.535101,0,18
34193,13:42:55,114.0783,22.5348,0,0
34193,13:43:25,114.077301,22.5354,0,6
34193,13:43:55,114.076698,22.5354,0,5
34193,13:44:26,114.076599,22.5352,0,0
34193,13:44:56,114.075996,22.5345,0,6
34193,13:45:55,114.074799,22.5327,0,6
34193,13:48:25,114.071999,22.5383,0,10
34193,13:48:55,114.069199,22.5387,0,26
34193,13:49:27,114.065598,22.538099,0,12
34193,13:49:57,114.063904,22.537701,0,8
34193,13:51:56,114.063004,22.5359,0,15
34193,13:52:26,114.062897,22.535601,0,11
34193,13:54:35,114.062897,22.537201,0,0
34193,13:55:05,114.062897,22.537201,0,0
34193,13:55:35,114.062897,22.5404,0,39
34193,13:56:05,114.062798,22.5462,0,34
34193,13:58:05,114.0606,22.5455,0,10
34193,13:58:35,114.060303,22.5445,0,0
34193,13:58:48,114.060303,22.5445,0,0
34193,13:59:17,114.060402,22.5441,0,10
34193,14:00:19,114.056999,22.542801,0,24
34193,14:00:49,114.053299,22.5431,0,25
34193,14:01:19,114.0495,22.5427,0,22
34193,14:02:18,114.044197,22.5425,0,22
34193,14:02:48,114.041,22.542601,0,3
34193,14:03:48,114.0373,22.542,0,12
34193,14:04:18,114.035797,22.5418,0,13
34193,14:04:49,114.0354,22.5436,0,4
34193,14:06:19,114.039299,22.5443,0,3
34193,14:06:49,114.0401,22.5443,0,7
34193,14:07:48,114.040901,22.544201,0,3
34193,14:07:57,114.040802,22.5443,0,5
34193,14:10:27,114.031998,22.541201,0,16
34193,14:10:57,114.029404,22.540701,0,24
34193,14:11:57,114.023399,22.539801,0,16
34193,14:12:57,114.019096,22.5392,0,21
34193,14:13:57,114.017799,22.5397,0,0
34193,14:15:29,114.017899,22.540199,0,4
34193,14:15:59,114.015999,22.5399,0,2
34193,14:16:28,114.014099,22.5396,0,17
34193,14:16:58,114.013802,22.5382,0,6
34193,14:17:28,114.010498,22.5375,0,19
34193,14:17:58,114.007301,22.537001,0,17
34193,14:19:28,113.996201,22.535101,0,28
34193,14:19:59,113.991699,22.5355,0,33
34193,14:20:59,113.988899,22.5364,0,11
34193,14:21:58,113.988297,22.539,0,11
34193,14:22:28,113.987396,22.5399,0,10
34193,14:23:28,113.985603,22.5387,0,8
34193,14:23:58,113.983902,22.5394,0,17
34193,14:25:30,113.9758,22.541,0,18
34193,14:26:30,113.973801,22.5408,0,6
34193,14:27:25,113.973602,22.5408,0,0
34193,14:28:25,113.973503,22.544701,0,28
34193,14:28:55,113.974403,22.548201,0,12
34193,14:29:25,113.972397,22.5495,0,14
34193,14:30:24,113.971298,22.5522,0,6
34193,14:30:54,113.969902,22.552601,0,14
34193,14:31:24,113.967499,22.5525,0,16
34193,14:31:54,113.966698,22.554399,0,27
34193,14:32:24,113.966698,22.555901,0,0
34193,14:33:02,113.966599,22.554701,0,5
34193,14:35:02,113.972198,22.5499,0,9
34193,14:37:03,113.973297,22.542101,0,15
34193,14:37:33,113.972702,22.540501,0,13
34193,14:38:14,113.971703,22.5399,0,0
34193,14:38:43,113.971703,22.5399,0,0
34193,14:39:13,113.971703,22.5399,0,0
34193,14:39:43,113.971298,22.539499,0,6
34193,14:40:43,113.967201,22.540899,0,6
34193,14:41:15,113.967201,22.541,0,0
34193,14:42:14,113.960999,22.5431,0,10
34193,14:42:44,113.9608,22.5431,0,0
34193,14:45:14,113.954102,22.5431,0,27
34193,14:45:46,113.952499,22.5392,0,21
34193,14:46:15,113.950798,22.5364,0,27
34193,14:46:45,113.949898,22.532499,0,27
34193,14:48:11,113.9608,22.5431,0,0
34193,14:48:15,113.9496,22.528601,0,25
34193,14:48:45,113.949203,22.525299,0,23
34193,14:49:15,113.9487,22.521799,0,32
34193,14:49:45,113.947998,22.516701,0,34
34193,14:50:15,113.947098,22.511999,0,38
34193,14:51:16,113.942902,22.5082,0,0
34193,14:51:45,113.942902,22.5082,0,0
34193,14:53:27,113.943298,22.507099,0,5
34193,14:53:57,113.945503,22.5068,0,16
34193,14:54:27,113.944801,22.5075,0,26
34193,14:56:28,113.939102,22.508301,0,17
34193,14:56:57,113.937798,22.5082,0,26
34193,14:57:27,113.9356,22.506001,0,29
34193,14:58:27,113.932999,22.504,0,0
34193,14:58:36,113.932999,22.504,0,0
34193,14:59:36,113.932899,22.5077,0,0
34193,15:00:06,113.932899,22.5077,0,0
34193,15:01:38,113.932899,22.5131,0,14
34193,15:02:08,113.9338,22.5158,0,10
34193,15:03:37,113.9356,22.520901,0,11
34193,15:04:37,113.938599,22.5257,0,20
34193,15:05:07,113.935898,22.525,0,22
34193,15:05:37,113.933098,22.5249,0,0
34193,15:07:37,113.928398,22.5252,0,0
34193,15:08:06,113.928001,22.525299,0,1
34193,15:09:06,113.925598,22.5259,0,25
34193,15:10:06,113.925903,22.5329,0,31
34193,15:10:36,113.927101,22.535299,0,0
34193,15:11:08,113.926804,22.5355,0,16
34193,15:11:38,113.925697,22.5357,0,0
34193,15:11:45,113.925697,22.5357,0,0
34193,15:12:14,113.925697,22.5357,0,0
34193,15:14:14,113.927902,22.535999,0,0
34193,15:14:44,113.927399,22.534599,0,20
34193,15:15:14,113.927498,22.5322,0,1
34193,15:15:44,113.927498,22.5322,0,0
34193,15:16:14,113.927498,22.5322,0,0
34193,15:16:44,113.927498,22.5322,0,0
34193,15:16:53,113.927498,22.532101,0,5
34193,15:17:23,113.929802,22.5324,0,9
34193,15:17:53,113.9319,22.5324,0,21
34193,15:18:23,113.932999,22.5326,0,0
34193,15:19:52,113.928802,22.5247,0,24
34193,15:20:22,113.9272,22.523001,0,19
34193,15:20:52,113.9263,22.523199,0,12
34193,15:21:23,113.927498,22.5247,0,8
34193,15:22:53,113.940399,22.524401,0,44
34193,15:23:23,113.9459,22.523899,0,24
34193,15:23:53,113.948097,22.522301,0,24
34193,15:24:23,113.948402,22.5257,0,29
34193,15:25:52,113.940903,22.5287,0,25
34193,15:26:23,113.940903,22.5298,0,0
34193,15:28:23,113.937698,22.534401,0,13
34193,15:28:53,113.937302,22.5352,0,0
34193,15:29:23,113.9347,22.533501,0,38
34193,15:30:22,113.931602,22.532,0,19
34193,15:30:52,113.929497,22.5324,0,18
34193,15:31:53,113.927597,22.532499,0,0
34193,15:32:23,113.927597,22.532499,0,0
34193,15:32:53,113.927597,22.532499,0,0
34193,15:33:23,113.927498,22.5322,0,10
34193,15:35:52,113.930298,22.528299,0,0
34193,15:37:24,113.9282,22.5231,0,21
34193,15:37:54,113.926498,22.524,0,25
34193,15:38:24,113.9282,22.5245,0,21
34193,15:40:24,113.946602,22.5238,0,20
34193,15:40:54,113.948502,22.5208,0,37
34193,15:42:53,113.942703,22.508101,0,10
34193,15:43:23,113.943199,22.5065,0,4
34193,15:44:45,113.944603,22.507401,0,0
34193,15:46:15,113.943497,22.507999,0,20
34193,15:49:15,113.937401,22.5082,0,0
34193,15:49:45,113.934502,22.5082,0,18
34193,15:50:15,113.932999,22.509399,0,22
34193,15:50:45,113.9328,22.5123,0,12
34193,15:51:15,113.932602,22.511,0,13
34193,15:51:46,113.932701,22.5098,0,0
34193,15:52:16,113.932701,22.5098,0,0
34193,15:52:46,113.932701,22.509501,0,12
34193,15:53:16,113.931999,22.508101,0,19
34193,15:53:46,113.930099,22.508101,0,0
34193,15:54:46,113.927399,22.508699,0,13
34193,15:55:01,113.927399,22.509001,0,6
34193,15:55:31,113.927597,22.512501,0,14
34193,15:56:01,113.927597,22.5126,0,0
34193,15:56:31,113.927597,22.512899,0,12
34193,15:57:03,113.926003,22.513,0,14
34193,15:57:33,113.924004,22.513201,0,18
34193,16:00:42,113.923798,22.515301,0,5
34193,16:02:43,113.926102,22.5179,0,14
34193,16:03:43,113.927101,22.5179,0,0
34193,16:04:13,113.927597,22.518,0,13
34193,16:05:43,113.927803,22.5189,0,0
34193,16:06:12,113.927803,22.519501,0,11
34193,16:06:42,113.928101,22.5221,0,16
34193,16:07:12,113.929199,22.525499,0,33
34193,16:07:42,113.930397,22.527901,0,1
34193,16:08:42,113.931602,22.528099,0,23
34193,16:09:12,113.934502,22.5282,0,20
34193,16:10:12,113.939499,22.5298,0,8
34193,16:10:42,113.939598,22.5299,0,0
34193,16:11:41,113.939598,22.5299,0,0
34193,16:12:44,113.940804,22.527599,0,0
34193,16:13:14,113.940804,22.527399,0,12
34193,16:13:44,113.939301,22.525,0,26
34193,16:14:14,113.9366,22.524,0,26
34193,16:14:44,113.935898,22.5224,0,0
34193,16:15:44,113.934402,22.5184,0,1
34193,16:15:51,113.934402,22.5184,0,0
34193,16:16:20,113.932503,22.5187,0,13
34193,16:16:50,113.9319,22.518801,0,9
34193,16:17:20,113.929703,22.5193,0,0
34193,16:17:50,113.928101,22.519699,0,0
34193,16:18:20,113.928101,22.519699,0,0
34193,16:18:50,113.928101,22.519699,0,0
34193,16:19:50,113.926903,22.5196,0,6
34193,16:20:15,113.926598,22.5193,0,9
34193,16:20:45,113.925598,22.5193,0,13
34193,16:21:15,113.925003,22.518499,0,14
34193,16:22:17,113.922699,22.518,0,0
34193,16:22:46,113.922699,22.518,0,0
34193,16:23:16,113.922699,22.518,0,0
34193,16:24:46,113.920097,22.518999,0,13
34193,16:25:16,113.9179,22.520599,0,19
34193,16:25:46,113.917397,22.521299,0,0
34193,16:26:16,113.917397,22.521299,0,0
34193,16:26:46,113.917,22.521099,0,11
34193,16:27:16,113.915604,22.5203,0,7
34193,16:27:46,113.913803,22.5207,0,8
34193,16:28:15,113.913498,22.520599,0,0
34193,16:29:15,113.910896,22.5189,0,13
34193,16:30:15,113.911697,22.519199,0,0
34193,16:30:45,113.911697,22.519199,0,0
34193,16:33:46,113.912003,22.5193,0,0
34193,16:34:16,113.912003,22.5193,0,0
34193,16:36:16,113.912003,22.5193,0,0
34193,16:36:46,113.912003,22.5193,0,0
34193,16:37:16,113.912003,22.5193,0,0
34193,16:38:17,113.912003,22.5193,0,0
34193,16:38:47,113.912003,22.5194,0,0
34193,16:39:16,113.912003,22.5194,0,0
34193,16:39:46,113.912201,22.519501,0,0
34193,16:40:16,113.912201,22.519501,0,0
34193,16:40:46,113.912399,22.519899,0,0
34193,16:41:16,113.912399,22.519899,0,0
34193,16:42:47,113.912102,22.519501,0,0
34193,16:43:17,113.912102,22.519501,0,0
34193,16:44:17,113.912102,22.519501,0,0
34193,16:44:46,113.912102,22.519501,0,0
34193,16:45:16,113.912102,22.5194,0,0
34193,16:45:46,113.912102,22.5194,0,0
34193,16:46:16,113.912102,22.5194,0,0
34193,16:46:46,113.912102,22.5194,0,0
34193,16:47:16,113.912102,22.5194,0,3
34193,16:47:48,113.912399,22.519699,0,0
34193,16:48:18,113.912903,22.5194,0,11
34193,16:48:48,113.913696,22.5186,0,0
34193,16:49:48,113.916298,22.5172,0,6
34193,16:50:47,113.917603,22.516399,0,15
34193,16:51:47,113.918198,22.514299,0,4
34193,16:52:17,113.917603,22.513399,0,6
34193,16:53:47,113.917297,22.512899,0,6
34193,16:54:17,113.917999,22.514,0,11
34193,16:55:46,113.920601,22.514299,0,13
34193,16:57:16,113.920898,22.513,0,0
34193,16:57:46,113.920799,22.512899,0,0
34193,16:58:18,113.9207,22.512699,0,3
34193,16:58:48,113.920502,22.5121,0,4
34193,16:59:18,113.920502,22.5121,0,0
34193,17:00:48,113.920403,22.511801,0,13
34193,17:01:17,113.921997,22.5133,0,14
34193,17:02:17,113.924599,22.513201,0,3
34193,17:02:47,113.925301,22.513,0,7
34193,17:04:18,113.9272,22.513,0,0
34193,17:04:48,113.9272,22.513,0,0
34193,17:05:48,113.9272,22.513,0,0
34193,17:06:47,113.9272,22.5086,0,13
34193,17:07:17,113.9272,22.508499,0,0
34193,17:08:18,113.9272,22.5082,0,12
34193,17:08:48,113.927803,22.504101,0,24
34193,17:09:48,113.928001,22.503,0,9
34193,17:10:18,113.928596,22.4998,0,34
34193,17:11:48,113.925003,22.497499,0,2
34193,17:12:17,113.924698,22.4977,0,2
34193,17:12:47,113.925201,22.4965,0,10
34193,17:13:19,113.925598,22.494801,0,3
34193,17:14:19,113.923103,22.4937,0,0
34193,17:15:19,113.920799,22.493299,0,7
34193,17:15:49,113.920197,22.4925,0,12
34193,17:16:19,113.920197,22.4923,0,0
34193,17:16:23,113.920197,22.4923,0,0
34193,17:16:53,113.919998,22.491501,0,10
34193,17:17:23,113.919601,22.4902,0,8
34193,17:17:52,113.918701,22.489799,0,14
34193,17:18:22,113.916901,22.4897,0,5
34193,17:18:52,113.915604,22.4897,0,9
34193,17:19:22,113.914299,22.4895,0,11
34193,17:19:52,113.912903,22.488899,0,10
34193,17:20:22,113.911499,22.488199,0,0
34193,17:20:52,113.910301,22.487499,0,5
34193,17:22:22,113.908302,22.4839,0,9
34193,17:22:52,113.907799,22.482,0,13
34193,17:23:53,113.907997,22.4804,0,18
34193,17:24:23,113.908501,22.479799,0,8
34193,17:24:53,113.908501,22.4799,0,0
34193,17:24:57,113.908501,22.4799,0,0
34193,17:25:27,113.907997,22.4806,0,11
34193,17:26:27,113.908203,22.4865,0,30
34193,17:26:57,113.909798,22.489599,0,5
34193,17:27:27,113.910599,22.4914,0,28
34193,17:27:57,113.9123,22.494699,0,25
34193,17:29:26,113.914398,22.4956,0,15
34193,17:29:56,113.915802,22.4935,0,5
34193,17:30:26,113.916199,22.493099,0,14
34193,17:31:26,113.919502,22.493299,0,0
34193,17:31:56,113.919502,22.493299,0,0
34193,17:32:26,113.919502,22.493299,0,0
34193,17:32:57,113.921501,22.493401,0,23
34193,17:33:27,113.922798,22.493601,0,0
34193,17:33:56,113.922897,22.4937,0,6
34193,17:34:26,113.924797,22.4944,0,15
34193,17:35:56,113.924797,22.499399,0,21
34193,17:36:56,113.9245,22.501801,0,8
34193,17:37:58,113.924103,22.504601,0,16
34193,17:38:28,113.923798,22.506901,0,13
34193,17:38:58,113.923698,22.507401,0,0
34193,17:39:27,113.924004,22.507799,0,14
34193,17:39:57,113.926598,22.5079,0,2
34193,17:40:27,113.926697,22.5079,0,0
34193,17:40:57,113.926697,22.5079,0,0
34193,17:41:27,113.927299,22.508101,0,15
34193,17:41:57,113.927597,22.5119,0,18
34193,17:42:58,113.927597,22.512501,0,0
34193,17:43:28,113.927498,22.512899,0,9
34193,17:44:28,113.925003,22.5131,0,10
34193,17:44:57,113.924896,22.5135,0,8
34193,17:45:57,113.924896,22.5149,0,0
34193,17:46:10,113.924797,22.5149,0,0
34193,17:47:10,113.924896,22.515301,0,10
34193,17:47:39,113.926003,22.5156,0,5
34193,17:48:10,113.927299,22.515699,0,3
34193,17:48:40,113.927597,22.5142,0,20
34193,17:50:30,113.932297,22.5131,0,14
34193,17:51:30,113.932503,22.5131,0,0
34193,17:52:00,113.933296,22.5142,0,31
34193,17:52:30,113.933899,22.516199,0,0
34193,17:53:00,113.933998,22.516199,0,3
34193,17:53:30,113.931396,22.517099,0,23
34193,17:54:30,113.927902,22.518,0,0
34193,17:55:30,113.927902,22.518,0,0
34193,17:56:30,113.927902,22.518,0,0
34193,17:57:30,113.922997,22.518,0,0
34193,17:58:01,113.922997,22.518,0,0
34193,17:58:31,113.922897,22.518,0,7
34193,17:59:30,113.919998,22.5194,0,3
34193,18:00:00,113.919403,22.519899,0,21
34193,18:01:00,113.917999,22.524099,0,17
34193,18:01:30,113.918098,22.5243,0,0
34193,18:02:00,113.918098,22.5243,0,0
34193,18:02:30,113.917801,22.524599,0,10
34193,18:03:00,113.915802,22.5249,0,9
34193,18:03:32,113.914703,22.525999,0,13
34193,18:04:02,113.914803,22.5263,0,0
34193,18:05:31,113.913902,22.5266,0,21
34193,18:06:01,113.9105,22.5261,0,22
34193,18:06:31,113.910301,22.5289,0,15
34193,18:07:01,113.9104,22.530199,0,0
34193,18:07:31,113.9105,22.531,0,3
34193,18:08:18,113.911201,22.531401,0,0
34193,18:08:48,113.911201,22.531401,0,0
34193,18:09:48,113.913803,22.532,0,26
34193,18:11:03,113.915497,22.5355,0,25
34193,18:20:34,113.928299,22.5483,0,11
34193,18:21:03,113.928802,22.5506,0,13
34193,18:22:03,113.928802,22.5564,0,28
34193,18:22:33,113.929199,22.5609,0,23
34193,18:23:34,113.9291,22.5653,0,16
34193,18:24:04,113.929001,22.568001,0,23
34193,18:24:34,113.928802,22.571899,0,31
34193,18:25:34,113.925697,22.5793,0,18
34193,18:26:34,113.928101,22.579201,0,0
34193,18:27:33,113.931297,22.576599,0,22
34193,18:28:34,113.930496,22.5774,0,5
34193,18:29:01,113.930603,22.5772,0,14
34193,18:29:32,113.932503,22.575701,0,0
34193,18:30:02,113.933998,22.5748,0,24
34193,18:30:32,113.934799,22.5714,0,14
34193,18:31:32,113.935699,22.571301,0,3
34193,18:32:02,113.936302,22.5714,0,0
34193,18:33:02,113.936302,22.5714,0,0
34193,18:33:32,113.937302,22.5714,0,23
34193,18:34:03,113.942101,22.571301,0,28
34193,18:34:33,113.944,22.5714,0,20
34193,18:35:02,113.947701,22.571301,0,18
34193,18:36:02,113.949402,22.571301,0,5
34193,18:36:32,113.950401,22.570101,0,17
34193,18:37:02,113.951797,22.567101,0,23
34193,18:37:32,113.9524,22.565701,0,5
34193,18:38:32,113.952599,22.5644,0,0
34193,18:39:03,113.952698,22.5639,0,0
34193,18:40:03,113.952797,22.562,0,25
34193,18:40:32,113.952698,22.5602,0,7
34193,18:41:32,113.9534,22.5527,0,37
34193,18:42:02,113.954803,22.5476,0,38
34193,18:43:02,113.954102,22.542999,0,8
34193,18:44:02,113.953102,22.5429,0,3
34193,18:45:04,113.953201,22.542999,0,3
34193,18:46:03,113.954903,22.543301,0,9
34193,18:46:33,113.955101,22.543301,0,0
34193,18:47:33,113.955597,22.543301,0,11
34193,18:48:33,113.958397,22.543301,0,0
34193,18:49:03,113.958397,22.543301,0,0
34193,18:49:33,113.958702,22.543301,0,8
34193,18:52:03,113.9702,22.539499,0,0
34193,18:53:03,113.973,22.538401,0,0
34193,18:53:33,113.973396,22.5382,0,9
34193,18:54:03,113.974297,22.5378,0,3
34193,18:54:33,113.9748,22.537701,0,4
34193,18:56:04,113.971901,22.539,0,0
34193,18:57:04,113.970802,22.5396,0,0
34193,18:57:14,113.970802,22.5396,0,0
34193,18:57:44,113.970802,22.5396,0,0
34193,18:58:44,113.970802,22.5396,0,0
34193,18:59:14,113.970802,22.5396,0,0
34193,19:00:25,113.968002,22.540501,0,0
34193,19:00:55,113.967903,22.5406,0,0
34193,19:01:55,113.966904,22.540899,0,4
34193,19:04:54,113.963799,22.542101,0,6
34193,19:05:25,113.9636,22.5422,0,0
34193,19:07:55,113.961304,22.542999,0,0
34193,19:08:24,113.961304,22.542999,0,0
34193,19:08:54,113.961304,22.542999,0,5
34193,19:09:24,113.959702,22.543301,0,10
34193,19:09:54,113.959,22.539301,0,32
34193,19:10:24,113.9589,22.534901,0,13
34193,19:10:54,113.954201,22.5354,0,41
34193,19:11:54,113.943199,22.5359,0,39
34193,19:12:24,113.9412,22.5359,0,0
34193,19:12:54,113.9403,22.535801,0,27
34193,19:13:54,113.934303,22.5331,0,33
34193,19:14:53,113.930603,22.5289,0,0
34193,19:15:36,113.930603,22.5289,0,0
34193,19:16:06,113.929802,22.5282,0,15
34193,19:16:36,113.927902,22.528299,0,4
34193,19:17:29,113.929398,22.5282,0,15
34193,19:17:59,113.93,22.5282,0,0
34193,19:18:29,113.9328,22.528099,0,28
34193,19:18:59,113.934097,22.528099,0,9
34193,19:20:30,113.940903,22.527,0,9
34193,19:21:00,113.941002,22.523001,0,38
34193,19:21:30,113.9412,22.523001,0,26
34193,19:22:00,113.944298,22.524,0,26
34193,19:22:37,113.945,22.523899,0,0
34193,19:23:07,113.945602,22.523899,0,18
34193,19:23:37,113.947502,22.5228,0,18
34193,19:24:07,113.948402,22.5196,0,31
34193,19:24:37,113.9478,22.5152,0,31
34193,19:25:07,113.946999,22.511299,0,30
34193,19:25:37,113.946098,22.508301,0,18
34193,19:26:07,113.9431,22.5082,0,12
34193,19:26:37,113.942902,22.5082,0,0
34193,19:27:37,113.943298,22.5065,0,4
34193,19:28:07,113.943398,22.506901,0,0
34193,19:28:37,113.943398,22.506901,0,0
34193,19:29:07,113.943398,22.507299,0,3
34193,19:29:37,113.943703,22.507299,0,0
34193,19:30:07,113.944397,22.507401,0,8
34193,19:31:58,113.945801,22.507401,0,14
34193,19:32:58,113.943199,22.507999,0,11
34193,19:33:28,113.946198,22.507999,0,16
34193,19:33:57,113.945999,22.507401,0,16
34193,19:35:27,113.941902,22.5077,0,0
34193,19:35:55,113.941902,22.5077,0,0
34193,19:36:25,113.941902,22.5077,0,0
34193,19:37:59,113.8974,22.510799,0,42
34193,19:38:28,113.8918,22.516001,0,49
34193,19:39:28,113.881897,22.526699,0,48
34193,19:40:27,113.8787,22.534401,0,41
34193,19:40:57,113.875801,22.541201,0,56
34193,19:41:27,113.871201,22.5473,0,51
34193,19:41:57,113.865799,22.552799,0,53
34193,19:43:29,113.852303,22.5611,0,29
34193,19:43:59,113.852303,22.560301,0,0
34193,19:44:29,113.853203,22.558599,0,3
34193,19:44:59,113.850403,22.561399,0,48
34193,19:45:28,113.847801,22.563999,0,17
34193,19:45:58,113.844704,22.568501,0,41
34193,19:46:28,113.841103,22.5737,0,43
34193,19:46:58,113.835899,22.577999,0,50
34193,19:47:28,113.8311,22.5826,0,44
34193,19:47:58,113.833702,22.587999,0,37
34193,19:48:28,113.830803,22.593,0,42
34193,19:48:59,113.829498,22.599899,0,48
34193,19:49:29,113.827698,22.6049,0,46
34193,19:49:59,113.826698,22.6078,0,12
34193,19:50:29,113.826698,22.6096,0,0
34193,19:50:58,113.826103,22.6105,0,29
34193,19:51:28,113.824501,22.614401,0,21
34193,19:51:58,113.829399,22.616699,0,36
34193,19:52:28,113.8274,22.616301,0,40
34193,19:53:28,113.817101,22.612801,0,31
34193,19:53:59,113.814697,22.617001,0,33
34193,19:54:29,113.812599,22.6208,0,19
34193,19:54:59,113.812897,22.6243,0,27
34193,19:56:28,113.808998,22.627199,0,9
34193,19:57:29,113.8078,22.6215,0,23
34193,19:58:59,113.812401,22.622999,0,12
34193,19:59:29,113.813103,22.623699,0,0
34193,19:59:59,113.813103,22.623699,0,0
34193,20:01:29,113.813103,22.623699,0,0
34193,20:01:59,113.813103,22.623699,0,0
34193,20:02:29,113.813103,22.623699,0,0
34193,20:02:59,113.813103,22.623699,0,0
34193,20:03:29,113.813499,22.625,0,9
34193,20:04:59,113.810402,22.627701,0,5
34193,20:05:29,113.810402,22.627701,0,0
34193,20:05:59,113.809898,22.627501,0,0
34193,20:06:29,113.8097,22.6273,0,4
34193,20:06:59,113.809799,22.626801,0,0
34193,20:07:59,113.809998,22.626699,0,0
34193,20:08:36,113.809998,22.626699,0,0
34193,20:09:07,113.8088,22.6252,0,19
34193,20:09:36,113.8069,22.6231,0,23
34193,20:10:06,113.809196,22.6194,0,35
34193,20:11:06,113.814003,22.611,0,29
34193,20:11:36,113.817703,22.610001,0,22
34193,20:12:06,113.820099,22.6124,0,26
34193,20:12:36,113.824898,22.614799,0,37
34193,20:13:06,113.830002,22.617201,0,36
34193,20:15:07,113.850304,22.624701,0,22
34193,20:15:37,113.854202,22.627001,0,36
34193,20:17:07,113.859299,22.637199,0,21
34193,20:17:37,113.860802,22.642,0,44
34193,20:18:07,113.862198,22.6481,0,43
34193,20:18:37,113.865898,22.6535,0,49
34193,20:19:07,113.872803,22.6563,0,51
34193,20:20:08,113.886803,22.6584,0,49
34193,20:22:37,113.907799,22.6371,0,48
34193,20:23:07,113.910599,22.631001,0,49
34193,20:24:07,113.919296,22.6203,0,45
34193,20:24:38,113.923698,22.615,0,46
34193,20:25:08,113.926697,22.6101,0,40
34193,20:25:38,113.9272,22.6042,0,37
34193,20:26:37,113.926697,22.6,0,30
34193,20:27:37,113.925003,22.5886,0,0
34193,20:28:07,113.925003,22.5825,0,43
34193,20:28:37,113.925598,22.5763,0,42
34193,20:29:07,113.929497,22.571501,0,44
34193,20:29:37,113.932503,22.566299,0,39
34193,20:30:07,113.939003,22.565599,0,44
34193,20:30:37,113.9459,22.5653,0,46
34193,20:31:07,113.952698,22.5644,0,43
34193,20:31:36,113.9589,22.5634,0,38
34193,20:32:06,113.9645,22.5646,0,40
34193,20:33:08,113.9664,22.5758,0,43
34193,20:36:37,113.999199,22.590401,0,9
34193,20:38:06,114.004204,22.590799,0,20
34193,20:39:08,114.013397,22.5905,0,33
34193,20:39:38,114.017601,22.591801,0,26
34193,20:40:08,114.0215,22.5923,0,29
34193,20:40:38,114.023697,22.595501,0,37
34193,20:41:08,114.026604,22.5991,0,27
34193,20:41:38,114.025398,22.6026,0,27
34193,20:42:08,114.023003,22.6056,0,27
34193,20:42:37,114.0233,22.6092,0,25
34193,20:43:08,114.028,22.611601,0,0
34193,20:44:08,114.0317,22.6143,0,0
34193,20:44:38,114.0317,22.6143,0,0
34193,20:45:08,114.0317,22.6143,0,0
34193,20:45:38,114.0317,22.6143,0,0
34193,20:46:08,114.031898,22.6145,0,9
34193,20:46:38,114.0327,22.615101,0,6
34193,20:47:08,114.033302,22.615499,0,5
34193,20:48:09,114.0354,22.6166,0,11
34193,20:49:38,114.0364,22.6171,0,0
34193,20:50:08,114.037003,22.6175,0,10
34193,20:50:38,114.036102,22.6196,0,13
34193,20:51:08,114.035797,22.6206,0,13
34193,20:51:38,114.035202,22.6222,0,14
34193,20:52:08,114.0345,22.6243,0,6
34193,20:52:38,114.034302,22.625401,0,11
34193,20:53:10,114.034203,22.626499,0,9
34193,20:53:40,114.033798,22.627399,0,3
34193,20:54:09,114.0336,22.627701,0,0
34193,20:55:09,114.032997,22.629299,0,14
34193,20:55:39,114.0327,22.629299,0,0
34193,20:56:07,114.032898,22.629101,0,0
34193,20:57:37,114.033699,22.627001,0,10
34193,20:58:37,114.034203,22.625799,0,0
34193,20:59:23,114.034698,22.625401,0,0
34193,21:00:23,114.034698,22.625401,0,0
34193,21:01:23,114.0327,22.624701,0,12
34193,21:02:55,114.028397,22.6234,0,1
34193,21:03:25,114.028397,22.6234,0,0
34193,21:04:25,114.028198,22.6217,0,26
34193,21:04:55,114.0299,22.6178,0,21
34193,21:05:24,114.031898,22.6152,0,12
34193,21:05:54,114.029999,22.613001,0,28
34193,21:06:54,114.030098,22.6078,0,11
34193,21:07:24,114.0299,22.6077,0,0
34193,21:07:55,114.028198,22.606199,0,18
34193,21:08:25,114.028503,22.604,0,25
34193,21:09:51,114.029099,22.6029,0,0
34193,21:10:55,114.029099,22.603001,0,3
34193,21:11:25,114.028,22.605301,0,17
34193,21:12:56,114.024597,22.604,0,1
34193,21:13:25,114.024597,22.604,0,0
34193,21:13:55,114.025299,22.6024,0,33
34193,21:14:25,114.025703,22.597799,0,36
34193,21:15:25,114.018303,22.5923,0,36
34193,21:15:55,114.012398,22.590401,0,43
34193,21:16:55,114.000099,22.590799,0,34
34193,21:17:56,113.992699,22.587999,0,19
34193,21:18:55,113.9879,22.5868,0,17
34193,21:19:55,113.983398,22.587601,0,8
34193,21:20:55,113.980904,22.5874,0,33
34193,21:21:25,113.9757,22.587299,0,38
34193,21:22:56,113.970001,22.585899,0,32
34193,21:23:26,113.965302,22.5854,0,24
34193,21:24:25,113.963799,22.585899,0,19
34193,21:24:55,113.960899,22.585699,0,15
34193,21:25:25,113.960701,22.5856,0,0
34193,21:25:26,113.960701,22.5856,0,0
34193,21:25:55,113.9599,22.585501,0,9
34193,21:27:25,113.953697,22.5839,0,22
34193,21:28:52,113.949303,22.5809,0,22
34193,21:29:51,113.949402,22.5758,0,9
34193,21:31:21,113.9505,22.5793,0,0
34193,21:32:21,113.953003,22.576099,0,18
34193,21:33:22,113.955299,22.573601,0,6
34193,21:34:22,113.958603,22.572701,0,6
34193,21:35:21,113.959602,22.5728,0,8
34193,21:35:51,113.959999,22.572701,0,6
34193,21:36:21,113.959099,22.5728,0,5
34193,21:36:51,113.958099,22.572901,0,9
34193,21:37:51,113.957703,22.5728,0,0
34193,21:38:23,113.957603,22.572901,0,5
34193,21:38:38,113.9571,22.573,0,0
34193,21:39:08,113.956596,22.573,0,7
34193,21:39:38,113.955002,22.573799,0,11
34193,21:40:08,113.954002,22.574699,0,0
34193,21:41:07,113.952904,22.5762,0,16
34193,21:42:07,113.951698,22.5788,0,0
34193,21:42:37,113.950897,22.579201,0,9
34193,21:43:07,113.949699,22.5798,0,0
34193,21:43:18,113.949699,22.5798,0,0
34193,21:43:47,113.9496,22.581699,0,22
34193,21:44:17,113.949898,22.583401,0,6
34193,21:45:17,113.955597,22.5837,0,26
34193,21:45:47,113.959999,22.5847,0,19
34193,21:46:17,113.960197,22.584801,0,0
34193,21:46:47,113.960503,22.5853,0,10
34193,21:47:17,113.960297,22.586201,0,10
34193,21:47:46,113.960297,22.5863,0,0
34193,21:48:20,113.960197,22.5863,0,5
34193,21:48:49,113.958702,22.5851,0,23
34193,21:49:49,113.955399,22.584101,0,13
34193,21:50:19,113.951897,22.583799,0,27
34193,21:50:49,113.9506,22.583799,0,1
34193,21:51:19,113.949699,22.5837,0,13
34193,21:51:49,113.9468,22.5837,0,13
34193,21:52:19,113.943703,22.5837,0,8
34193,21:53:19,113.943604,22.5837,0,0
34193,21:54:19,113.9394,22.583599,0,4
34193,21:56:19,113.9263,22.5793,0,32
34193,21:56:49,113.9254,22.5793,0,0
34193,21:57:19,113.925003,22.5791,0,15
34193,21:58:19,113.928001,22.571699,0,21
34193,21:58:50,113.923698,22.5716,0,30
34193,21:59:49,113.916298,22.567801,0,25
34193,22:00:19,113.916496,22.5653,0,10
34193,22:00:49,113.918098,22.5653,0,5
34193,22:01:19,113.919197,22.564899,0,0
34193,22:01:42,113.919197,22.564899,0,0
34193,22:03:11,113.918404,22.565399,0,6
34193,22:03:42,113.917,22.5653,0,20
34193,22:04:12,113.916603,22.5653,0,0
34193,22:05:42,113.919098,22.560101,0,15
34193,22:06:12,113.919098,22.559601,0,0
34193,22:06:42,113.918701,22.5576,0,19
34193,22:07:12,113.918297,22.554001,0,27
34193,22:07:41,113.918198,22.5532,0,0
34193,22:08:05,113.918297,22.553101,0,3
34193,22:08:35,113.918297,22.552799,0,0
34193,22:09:06,113.918297,22.5516,0,22
34193,22:10:35,113.9189,22.5443,0,21
34193,22:11:05,113.9189,22.543699,0,0
34193,22:12:35,113.9198,22.5368,0,33
34193,22:14:07,113.919502,22.531099,0,4
34193,22:15:07,113.918503,22.527,0,3
34193,22:15:36,113.918198,22.5252,0,23
34193,22:18:37,113.917999,22.5205,0,3
34193,22:19:07,113.918503,22.5207,0,3
34193,22:20:07,113.921997,22.516899,0,16
34193,22:20:37,113.921097,22.5138,0,18
34193,22:21:07,113.920197,22.511499,0,1
34193,22:21:46,113.919098,22.5089,0,5
34193,22:23:16,113.913902,22.511801,0,7
34193,22:23:45,113.913803,22.5119,0,0
34193,22:24:16,113.912498,22.513599,0,24
34193,22:24:46,113.913002,22.517,0,37
34193,22:25:16,113.914101,22.518101,0,0
34193,22:25:46,113.914101,22.518101,0,7
34193,22:26:16,113.912697,22.519501,0,17
34193,22:28:46,113.914597,22.526501,0,0
34193,22:29:46,113.910698,22.525999,0,27
34193,22:30:16,113.910301,22.5292,0,19
34193,22:31:46,113.910301,22.5303,0,0
34193,22:32:16,113.910599,22.532499,0,32
34193,22:32:46,113.910698,22.535101,0,14
34193,22:33:16,113.9114,22.5352,0,0
34193,22:33:26,113.9114,22.5352,0,0
34193,22:35:26,113.9151,22.535601,0,23
34193,22:36:34,113.916,22.534,0,17
34193,22:37:04,113.9161,22.5322,0,15
34193,22:37:34,113.916,22.531601,0,0
34193,22:38:03,113.916298,22.5303,0,16
34193,22:38:33,113.916496,22.527901,0,9
34193,22:41:04,113.918297,22.5263,0,19
34193,22:43:55,113.917603,22.524599,0,0
34193,22:44:56,113.917801,22.524,0,18
34193,22:45:56,113.917198,22.521299,0,0
34193,22:46:26,113.917603,22.520901,0,18
34193,22:46:55,113.919296,22.519699,0,16
34193,22:47:25,113.921402,22.5182,0,14
34193,22:47:55,113.921799,22.515699,0,32
34193,22:48:44,113.921097,22.513399,0,10
34193,22:49:13,113.921097,22.5114,0,15
34193,22:49:45,113.922203,22.511801,0,10
34193,22:50:15,113.922997,22.5131,0,14
34193,22:51:15,113.924004,22.5158,0,14
34193,22:53:15,113.924202,22.517799,0,0
34193,22:54:45,113.925598,22.5179,0,27
34193,22:56:15,113.927803,22.5196,0,23
34193,22:56:45,113.928299,22.5226,0,11
34193,22:57:15,113.929001,22.5243,0,16
34193,22:57:45,113.932602,22.5243,0,26
34193,22:58:15,113.937202,22.524099,0,30
34193,22:59:15,113.945702,22.523899,0,14
34193,23:00:45,113.949898,22.5298,0,4
34193,23:01:15,113.950104,22.5327,0,31
34193,23:01:45,113.951202,22.536699,0,28
34193,23:02:15,113.953003,22.5397,0,32
34193,23:02:45,113.954201,22.5438,0,37
34193,23:03:15,113.954803,22.549101,0,34
34193,23:04:15,113.953003,22.5599,0,28
34193,23:04:46,113.953003,22.5627,0,5
34193,23:05:15,113.952904,22.563299,0,18
34193,23:05:45,113.952202,22.567101,0,30
34193,23:06:15,113.9505,22.570299,0,0
34193,23:06:45,113.950699,22.571301,0,22
34193,23:07:45,113.951797,22.572399,0,18
34193,23:08:45,113.953102,22.5749,0,0
34193,23:09:11,113.953102,22.5749,0,0
34193,23:09:41,113.953102,22.575001,0,10
34193,23:11:11,113.9505,22.571501,0,10
34193,23:12:11,113.950302,22.571501,0,0
34193,23:13:11,113.951599,22.567699,0,28
34193,23:13:41,113.952599,22.5646,0,14
34193,23:14:41,113.952003,22.5639,0,7
34193,23:16:41,113.9468,22.5597,0,21
34193,23:17:11,113.946602,22.558901,0,15
34193,23:17:41,113.944504,22.5588,0,6
34193,23:18:19,113.942398,22.5588,0,22
34193,23:19:19,113.940399,22.556499,0,15
34193,23:21:21,113.928497,22.555599,0,23
34193,23:21:51,113.928703,22.5508,0,41
34193,23:22:20,113.927101,22.545601,0,34
34193,23:22:50,113.927002,22.5406,0,32
34193,23:24:20,113.9245,22.5264,0,37
34193,23:25:20,113.922203,22.5187,0,18
34193,23:26:15,113.920097,22.5194,0,0
34193,23:26:44,113.919502,22.5198,0,0
34193,23:27:14,113.917503,22.5215,0,20
34193,23:27:44,113.918297,22.525,0,21
34193,23:28:14,113.919098,22.526699,0,14
34193,23:28:44,113.922302,22.526199,0,28
34193,23:29:14,113.927902,22.5249,0,43
34193,23:29:44,113.934303,22.524599,0,42
34193,23:30:15,113.940804,22.524401,0,40
34193,23:30:45,113.947098,22.524099,0,43
34193,23:31:15,113.953598,22.523399,0,45
34193,23:31:45,113.960098,22.522699,0,41
34193,23:33:15,113.978302,22.5228,0,41
34193,23:33:45,113.984299,22.5233,0,38
34193,23:35:45,114.004997,22.5298,0,42
34193,23:36:15,114.010902,22.5299,0,38
34193,23:36:45,114.015999,22.531,0,24
34193,23:37:15,114.018204,22.531401,0,20
34193,23:37:45,114.020401,22.5319,0,7
34193,23:38:15,114.020599,22.532,0,0
34193,23:39:25,114.023804,22.531401,0,16
34193,23:39:55,114.0261,22.530899,0,20
34193,23:40:26,114.026802,22.5298,0,18
34193,23:41:25,114.0243,22.536301,0,30
34193,23:42:25,114.0224,22.5396,0,24
34193,23:42:55,114.020897,22.5394,0,0
34193,23:43:00,114.020897,22.539301,0,4
34193,23:44:29,114.017303,22.5438,0,6
34193,23:44:59,114.017303,22.5439,0,0
34193,23:45:30,114.017097,22.544901,0,27
34193,23:46:00,114.014801,22.5487,0,33
34193,23:47:30,114.014603,22.555401,0,13
34193,23:48:00,114.015404,22.555401,0,14
34193,23:48:59,114.015503,22.557501,0,9
34193,23:49:29,114.0149,22.560499,0,38
34193,23:49:59,114.014397,22.563601,0,7
34193,23:50:30,114.014297,22.5641,0,4
34193,23:51:30,114.013603,22.566299,0,21
34193,23:52:30,114.012802,22.567801,0,5
34193,23:53:00,114.012299,22.568501,0,3
34193,23:53:30,114.011398,22.569901,0,13
34193,23:54:00,114.0112,22.570299,0,0
