32332,00:00:41,113.9282,22.502747,1,0
32332,00:01:41,113.927261,22.507698,1,9
32332,00:02:41,113.926956,22.508032,1,33
32332,00:03:41,113.923935,22.507931,1,0
32332,00:04:41,113.919075,22.50787,1,0
32332,00:05:40,113.923935,22.507931,1,0
32332,00:05:41,113.916809,22.50947,1,56
32332,00:06:41,113.913582,22.512131,1,0
32332,00:07:41,113.91217,22.513964,1,59
32332,00:08:41,113.908661,22.515017,1,0
32332,00:09:41,113.903488,22.516529,1,23
32332,00:10:41,113.901192,22.514032,1,0
32332,00:10:44,113.901192,22.514032,0,0
32332,00:11:41,113.901207,22.514008,0,0
32332,00:12:41,113.9049,22.517834,0,51
32332,00:13:41,113.909271,22.523491,0,50
32332,00:14:41,113.909912,22.526428,0,39
32332,00:15:41,113.9104,22.530983,0,0
32332,00:15:48,113.909271,22.523491,0,0
32332,00:16:19,113.909912,22.526428,0,0
32332,00:16:41,113.910477,22.534397,0,0
32332,00:16:52,113.910484,22.534397,0,0
32332,00:17:41,113.910492,22.534403,0,0
32332,00:18:41,113.910477,22.534388,0,0
32332,00:19:41,113.910484,22.534388,0,0
32332,00:20:41,113.910454,22.53438,0,0
32332,00:21:41,113.910431,22.534372,0,0
32332,00:22:41,113.910408,22.534388,0,0
32332,00:23:41,113.910423,22.534424,0,0
32332,00:24:41,113.910416,22.534433,0,0
32332,00:25:41,113.910423,22.534437,0,0
32332,00:25:57,113.910423,22.534424,0,0
32332,00:26:41,113.9104,22.534443,0,0
32332,00:27:41,113.910393,22.534428,0,0
32332,00:28:41,113.91037,22.534412,0,0
32332,00:29:41,113.910339,22.534393,0,0
32332,00:30:26,113.910339,22.534393,0,0
32332,00:30:41,113.910339,22.534397,0,0
32332,00:31:41,113.910339,22.534386,0,0
32332,00:32:41,113.910339,22.534384,0,0
32332,00:33:41,113.910339,22.534401,0,0
32332,00:34:41,113.910316,22.534397,0,0
32332,00:35:04,113.910339,22.534401,0,0
32332,00:35:41,113.910301,22.534388,0,0
32332,00:36:41,113.910286,22.534374,0,0
32332,00:37:41,113.91024,22.534344,0,0
32332,00:38:41,113.910164,22.5343,0,0
32332,00:39:41,113.910118,22.534269,0,0
32332,00:40:41,113.910065,22.534258,0,0
32332,00:41:41,113.910042,22.53425,0,0
32332,00:42:41,113.911598,22.535213,0,31
32332,00:43:41,113.913437,22.531446,0,12
32332,00:44:41,113.914352,22.528162,0,39
32332,00:45:12,113.913437,22.531446,0,0
32332,00:45:34,113.914352,22.528162,0,0
32332,00:45:41,113.910873,22.525988,0,43
32332,00:46:41,113.9104,22.530991,0,4
32332,00:47:41,113.913399,22.531223,0,0
32332,00:48:41,113.916245,22.531181,0,26
32332,00:49:41,113.918808,22.528658,0,35
32332,00:50:41,113.918571,22.527569,0,0
32332,00:51:41,113.918068,22.524733,0,0
32332,00:52:41,113.919739,22.523867,0,22
32332,00:53:41,113.922112,22.522476,0,22
32332,00:54:41,113.919937,22.51951,0,12
32332,00:55:21,113.919937,22.51951,0,0
32332,00:55:41,113.917427,22.521061,0,4
32332,00:56:41,113.914299,22.518339,0,0
32332,00:57:41,113.916153,22.517138,0,28
32332,00:58:41,113.91893,22.515215,0,31
32332,00:59:41,113.920357,22.511944,0,3
32332,01:00:41,113.918282,22.506697,0,43
32332,01:00:43,113.920357,22.511944,0,0
32332,01:01:41,113.917099,22.503542,0,0
32332,01:02:41,113.917068,22.503412,0,20
32332,01:03:41,113.91571,22.500065,0,0
32332,01:04:41,113.916801,22.498753,0,7
32332,01:05:29,113.916801,22.498753,0,0
32332,01:05:41,113.91993,22.495167,0,52
32332,01:06:41,113.920105,22.492382,0,13
32332,01:07:41,113.919487,22.489908,0,0
32332,01:08:41,113.917282,22.489729,0,6
32332,01:09:04,113.91703,22.489731,1,11
32332,01:09:41,113.919136,22.489689,1,5
32332,01:10:41,113.920364,22.492043,1,0
32332,01:11:41,113.92009,22.49369,1,40
32332,01:12:41,113.919792,22.498043,1,50
32332,01:13:41,113.91983,22.502048,1,18
32332,01:14:00,113.919945,22.502268,0,0
32332,01:14:41,113.917503,22.503254,0,21
32332,01:15:37,113.917503,22.503254,0,0
32332,01:15:41,113.916115,22.503704,0,31
32332,01:15:52,113.917503,22.503254,0,0
32332,01:16:41,113.915001,22.50494,0,25
32332,01:17:41,113.915054,22.507786,0,0
32332,01:18:34,113.914375,22.508423,1,13
32332,01:18:41,113.914131,22.508377,1,19
32332,01:19:41,113.912483,22.509754,1,10
32332,01:20:41,113.912605,22.509357,1,10
32332,01:21:41,113.915085,22.507113,1,43
32332,01:22:41,113.91684,22.503122,1,25
32332,01:23:41,113.916595,22.499363,1,18
32332,01:24:08,113.916748,22.499283,0,0
32332,01:24:41,113.916672,22.499363,0,11
32332,01:25:41,113.916344,22.499508,0,0
32332,01:25:46,113.916672,22.499363,0,0
32332,01:26:41,113.916405,22.499592,0,0
32332,01:27:41,113.917,22.498898,0,11
32332,01:28:41,113.919739,22.496798,0,1
32332,01:29:41,113.925018,22.497683,0,25
32332,01:30:41,113.92942,22.495718,0,11
32332,01:31:00,113.925018,22.497683,0,0
32332,01:31:41,113.930046,22.493549,0,9
32332,01:32:41,113.930084,22.493788,0,33
32332,01:33:41,113.929077,22.497763,0,0
32332,01:34:41,113.927025,22.497667,0,25
32332,01:35:21,113.927032,22.497643,1,20
32332,01:35:41,113.928505,22.497919,1,1
32332,01:35:54,113.927025,22.497667,0,0
32332,01:36:41,113.928703,22.499964,1,53
32332,01:37:41,113.927345,22.507614,1,14
32332,01:38:41,113.932526,22.507919,1,18
32332,01:39:41,113.933083,22.507885,1,38
32332,01:40:41,113.941399,22.507967,1,59
32332,01:41:41,113.946663,22.508326,1,46
32332,01:42:41,113.948425,22.51775,1,76
32332,01:43:41,113.953606,22.523314,1,76
32332,01:44:41,113.966835,22.52268,1,87
32332,01:45:41,113.980431,22.5228,1,84
32332,01:46:03,113.927345,22.507614,1,0
32332,01:46:08,113.927345,22.507614,1,0
32332,01:46:41,113.992088,22.525797,1,69
32332,01:47:41,114.003555,22.529961,1,82
32332,01:48:41,114.016411,22.531221,1,69
32332,01:49:41,114.028275,22.530575,1,84
32332,01:50:41,114.040489,22.530792,1,44
32332,01:51:41,114.044823,22.53089,1,20
32332,01:52:41,114.044449,22.540318,1,69
32332,01:53:41,114.044334,22.550413,1,0
32332,01:54:41,114.044281,22.551462,1,57
32332,01:55:41,114.042358,22.559473,1,70
32332,01:56:11,113.927345,22.507614,1,0
32332,01:56:41,114.040993,22.56669,1,48
32332,01:57:41,114.046616,22.567545,1,30
32332,01:58:41,114.050018,22.567274,1,31
32332,01:59:41,114.053894,22.567245,1,0
32332,02:00:41,114.054085,22.571507,1,31
32332,02:01:17,114.053894,22.567245,1,0
32332,02:01:41,114.054131,22.574799,1,0
32332,02:01:53,114.054169,22.574669,0,13
32332,02:02:41,114.053612,22.571253,0,33
32332,02:03:41,114.047623,22.571337,0,35
32332,02:04:41,114.042465,22.570562,0,0
32332,02:05:41,114.040283,22.569962,0,7
32332,02:06:20,114.047623,22.571337,0,0
32332,02:06:41,114.035667,22.568163,0,21
32332,02:07:41,114.035439,22.568066,0,0
32332,02:08:41,114.033386,22.566757,0,0
32332,02:09:41,114.032585,22.564552,0,22
32332,02:10:41,114.027977,22.563177,0,28
32332,02:11:41,114.025597,22.559587,0,53
32332,02:12:41,114.026344,22.556038,0,52
32332,02:13:41,114.018463,22.555571,0,38
32332,02:14:41,114.010696,22.555387,0,49
32332,02:15:41,114.009308,22.55315,0,0
32332,02:16:25,114.010696,22.555387,0,0
32332,02:16:28,114.010696,22.555387,0,0
32332,02:16:41,114.010757,22.552313,0,43
32332,02:17:41,114.015373,22.547546,0,46
32332,02:18:41,114.017303,22.543318,0,45
32332,02:19:41,114.01487,22.543455,0,12
32332,02:20:23,114.014954,22.543058,0,0
32332,02:20:41,114.014954,22.543039,0,0
32332,02:21:11,114.014977,22.542948,0,0
32332,02:21:40,114.014915,22.542957,0,0
32332,02:22:40,114.014969,22.542986,0,0
32332,02:23:40,114.014969,22.542999,0,0
32332,02:24:40,114.014961,22.542948,0,0
32332,02:25:40,114.014977,22.542917,0,0
32332,02:26:37,114.014977,22.542917,0,0
32332,02:26:40,114.01506,22.542957,0,0
32332,02:27:40,114.015015,22.542942,0,0
32332,02:28:40,114.01503,22.542921,0,0
32332,02:29:40,114.01503,22.542973,0,0
32332,02:30:40,114.015007,22.542971,0,0
32332,02:31:33,114.014977,22.542917,0,0
32332,02:31:40,114.015083,22.54294,0,0
32332,02:32:40,114.015045,22.542952,0,0
32332,02:33:40,114.014992,22.54298,0,0
32332,02:34:40,114.01503,22.542961,0,0
32332,02:35:40,114.014999,22.542952,0,0
32332,02:36:40,114.014954,22.542955,0,0
32332,02:36:45,114.014977,22.542917,0,0
32332,02:37:40,114.014893,22.542955,0,0
32332,02:38:40,114.014931,22.542892,0,12
32332,02:39:40,114.013939,22.53945,0,41
32332,02:40:11,114.013245,22.539036,0,0
32332,02:40:40,114.013222,22.539061,0,0
32332,02:41:40,114.013176,22.539093,0,0
32332,02:42:40,114.013145,22.539085,0,0
32332,02:43:40,114.013191,22.539043,0,7
32332,02:43:56,114.013199,22.53898,0,0
32332,02:44:40,114.013199,22.538954,0,0
32332,02:45:40,114.013214,22.538954,0,0
32332,02:46:40,114.013206,22.538958,0,0
32332,02:46:42,114.014977,22.542917,0,0
32332,02:46:53,114.014977,22.542917,0,0
32332,02:47:40,114.013191,22.538933,0,0
32332,02:48:40,114.013222,22.538979,0,3
32332,02:49:40,114.008789,22.537268,0,52
32332,02:50:40,114.001511,22.535982,0,44
32332,02:51:40,113.993301,22.535131,0,51
32332,02:52:40,113.986633,22.536394,0,49
32332,02:53:40,113.981354,22.536486,0,41
32332,02:54:40,113.972984,22.538568,0,55
32332,02:55:40,113.966499,22.541193,0,36
32332,02:56:40,113.960312,22.543287,0,27
32332,02:57:02,113.966499,22.541193,0,0
32332,02:57:40,113.953438,22.543463,0,61
32332,02:58:40,113.946129,22.54332,0,52
32332,02:59:40,113.937737,22.543013,0,50
32332,03:00:40,113.929642,22.542843,0,52
32332,03:01:40,113.920563,22.543222,0,51
32332,03:01:50,113.929642,22.542843,0,0
32332,03:02:40,113.918579,22.547873,0,31
32332,03:03:11,113.918823,22.548674,0,0
32332,03:03:40,113.918671,22.548693,0,0
32332,03:04:40,113.918556,22.548698,0,0
32332,03:05:40,113.918495,22.548716,0,0
32332,03:06:40,113.918602,22.548693,0,0
32332,03:07:10,113.918495,22.548716,0,0
32332,03:07:40,113.918564,22.548702,0,0
32332,03:08:40,113.918465,22.548767,0,0
32332,03:09:40,113.918571,22.548737,0,0
32332,03:10:40,113.918434,22.548742,0,0
32332,03:11:40,113.918648,22.548683,0,0
32332,03:12:40,113.918625,22.548677,0,0
32332,03:13:40,113.918625,22.548674,0,0
32332,03:14:40,113.918739,22.548651,0,0
32332,03:15:40,113.918663,22.548717,0,0
32332,03:16:40,113.918533,22.548717,0,0
32332,03:16:58,113.918663,22.548717,0,0
32332,03:17:19,113.918663,22.548717,0,0
32332,03:17:40,113.918694,22.548891,0,1
32332,03:18:40,113.918442,22.553152,0,42
32332,03:19:40,113.922012,22.555038,0,0
32332,03:20:05,113.92205,22.55492,0,0
32332,03:20:40,113.922073,22.554914,0,0
32332,03:21:40,113.922073,22.554932,0,0
32332,03:22:40,113.922073,22.554901,0,0
32332,03:23:40,113.922066,22.554907,0,0
32332,03:24:40,113.922096,22.554882,0,5
32332,03:25:40,113.922997,22.551851,0,8
32332,03:26:40,113.923019,22.550051,0,38
32332,03:27:27,113.922997,22.551851,0,0
32332,03:27:40,113.922607,22.546568,0,34
32332,03:28:40,113.922234,22.543102,0,29
32332,03:29:40,113.92083,22.538973,0,38
32332,03:30:40,113.919525,22.538376,0,31
32332,03:31:40,113.916412,22.535547,0,12
32332,03:32:07,113.919525,22.538376,0,0
32332,03:32:40,113.914474,22.535563,0,0
32332,03:33:40,113.913971,22.533913,0,45
32332,03:34:40,113.913414,22.531233,0,20
32332,03:35:40,113.912315,22.531202,0,1
32332,03:36:37,113.912315,22.531244,0,0
32332,03:36:40,113.912315,22.531244,0,0
32332,03:37:35,113.912315,22.531202,0,0
32332,03:37:40,113.912285,22.531233,0,0
32332,03:38:40,113.912285,22.53121,0,0
32332,03:39:40,113.912315,22.531261,0,0
32332,03:40:40,113.912323,22.531307,0,0
32332,03:41:40,113.912384,22.531359,0,0
32332,03:42:40,113.912415,22.531387,0,0
32332,03:43:40,113.912354,22.531322,0,0
32332,03:44:40,113.912354,22.531313,0,0
32332,03:45:40,113.912354,22.531269,0,0
32332,03:46:40,113.912354,22.531252,0,0
32332,03:47:15,113.912354,22.531269,0,0
32332,03:47:40,113.9123,22.531162,0,0
32332,03:47:44,113.912354,22.531269,0,0
32332,03:48:40,113.912323,22.531172,0,0
32332,03:49:40,113.912346,22.531195,0,0
32332,03:50:40,113.912384,22.531307,0,0
32332,03:51:40,113.912369,22.531248,0,0
32332,03:52:40,113.912361,22.531233,0,0
32332,03:53:40,113.912369,22.531252,0,0
32332,03:54:40,113.912384,22.531307,0,0
32332,03:55:40,113.912354,22.531239,0,0
32332,03:56:40,113.912331,22.531166,0,0
32332,03:57:40,113.912338,22.531178,0,0
32332,03:57:52,113.912331,22.531166,0,0
32332,03:58:40,113.912346,22.531214,0,0
32332,03:59:40,113.912361,22.531214,0,0
32332,04:00:40,113.912354,22.531191,0,0
32332,04:01:40,113.912308,22.531214,0,0
32332,04:02:23,113.912354,22.531191,0,0
32332,04:02:40,113.9123,22.531166,0,0
32332,04:03:40,113.912323,22.531178,0,0
32332,04:04:40,113.912331,22.531185,0,0
32332,04:05:40,113.912323,22.531162,0,0
32332,04:06:40,113.912399,22.531179,0,0
32332,04:07:40,113.912384,22.531174,0,0
32332,04:08:00,113.912399,22.531179,0,0
32332,04:08:40,113.912369,22.531197,0,0
32332,04:09:40,113.912422,22.531212,0,0
32332,04:10:40,113.912399,22.531191,0,0
32332,04:11:40,113.912407,22.531195,0,0
32332,04:12:40,113.912407,22.531195,0,0
32332,04:13:40,113.912384,22.531202,0,0
32332,04:14:40,113.912376,22.531218,0,0
32332,04:15:40,113.912384,22.53121,0,0
32332,04:16:40,113.912361,22.531202,0,0
32332,04:17:32,113.912384,22.53121,0,0
32332,04:17:40,113.912384,22.531197,0,0
32332,04:18:09,113.912361,22.531202,0,0
32332,04:18:40,113.912369,22.531221,0,0
32332,04:19:40,113.912361,22.531237,0,0
32332,04:20:40,113.912384,22.53125,0,0
32332,04:21:40,113.912338,22.53126,0,0
32332,04:22:40,113.912376,22.531202,0,0
32332,04:23:40,113.912354,22.531233,0,0
32332,04:24:40,113.912369,22.531227,0,0
32332,04:25:40,113.912399,22.531216,0,0
32332,04:26:40,113.912376,22.531193,0,0
32332,04:27:40,113.912369,22.531187,0,0
32332,04:28:17,113.912376,22.531193,0,0
32332,04:28:40,113.912354,22.531225,0,0
32332,04:29:40,113.912361,22.531235,0,0
32332,04:30:40,113.912369,22.531185,0,0
32332,04:31:40,113.912354,22.531204,0,0
32332,04:32:40,113.912407,22.531235,0,0
32332,04:32:41,113.912369,22.531185,0,0
32332,04:33:40,113.912399,22.531221,0,0
32332,04:34:40,113.912369,22.531246,0,0
32332,04:35:40,113.912392,22.531187,0,0
32332,04:36:40,113.912392,22.53121,0,0
32332,04:37:40,113.912384,22.531239,0,0
32332,04:38:25,113.912392,22.53121,0,0
32332,04:38:40,113.912392,22.531218,0,0
32332,04:39:40,113.912392,22.531219,0,0
32332,04:40:40,113.912407,22.531231,0,0
32332,04:41:40,113.912392,22.53125,0,0
32332,04:42:40,113.912376,22.531227,0,0
32332,04:43:40,113.912407,22.531227,0,0
32332,04:44:40,113.912384,22.531204,0,0
32332,04:45:40,113.912399,22.531195,0,0
32332,04:46:40,113.912392,22.531193,0,0
32332,04:47:40,113.912407,22.531219,0,0
32332,04:47:49,113.912399,22.531195,0,0
32332,04:48:34,113.912392,22.531193,0,0
32332,04:48:40,113.912407,22.531258,0,0
32332,04:49:40,113.912399,22.531254,0,0
32332,04:50:40,113.912399,22.531284,0,0
32332,04:51:40,113.912399,22.531223,0,0
32332,04:52:40,113.912361,22.531212,0,0
32332,04:53:40,113.912384,22.531191,0,0
32332,04:54:40,113.912384,22.53116,0,0
32332,04:55:40,113.912369,22.531168,0,0
32332,04:56:40,113.912369,22.531174,0,0
32332,04:57:40,113.912376,22.531178,0,0
32332,04:58:40,113.912361,22.531235,0,0
32332,04:58:42,113.912369,22.531174,0,0
32332,04:59:40,113.912338,22.531267,0,0
32332,05:00:40,113.912392,22.531298,0,0
32332,05:01:40,113.912384,22.531267,0,0
32332,05:02:40,113.912361,22.53126,0,0
32332,05:02:57,113.912392,22.531298,0,0
32332,05:03:40,113.912384,22.531277,0,0
32332,05:04:40,113.912338,22.531225,0,0
32332,05:05:40,113.912338,22.531256,0,0
32332,05:06:40,113.912346,22.531242,0,0
32332,05:07:40,113.912308,22.53126,0,0
32332,05:08:40,113.912323,22.531204,0,0
32332,05:08:50,113.912346,22.531242,0,0
32332,05:09:40,113.912323,22.531273,0,0
32332,05:10:40,113.912285,22.531315,0,0
32332,05:11:40,113.912285,22.531319,0,0
32332,05:12:40,113.9123,22.531216,0,0
32332,05:13:40,113.912331,22.531273,0,0
32332,05:14:40,113.912331,22.53126,0,0
32332,05:15:40,113.912331,22.531174,0,0
32332,05:16:40,113.912323,22.531191,0,0
32332,05:17:40,113.912323,22.531231,0,0
32332,05:18:06,113.912323,22.531191,0,0
32332,05:18:40,113.912323,22.531242,0,0
32332,05:18:59,113.912323,22.531191,0,0
32332,05:19:40,113.912292,22.531282,0,0
32332,05:20:40,113.912292,22.531288,0,0
32332,05:21:40,113.912308,22.531303,0,0
32332,05:22:40,113.912308,22.531376,0,0
32332,05:23:40,113.9123,22.531363,0,0
32332,05:24:40,113.9123,22.531322,0,0
32332,05:25:40,113.912308,22.531347,0,0
32332,05:26:39,113.9123,22.531353,0,0
32332,05:27:40,113.912308,22.531347,0,0
32332,05:28:39,113.912292,22.531343,0,0
32332,05:29:07,113.912308,22.531347,0,0
32332,05:29:39,113.912369,22.531242,0,0
32332,05:30:39,113.912346,22.531153,0,0
32332,05:31:39,113.912346,22.531202,0,0
32332,05:32:39,113.912323,22.531204,0,0
32332,05:33:14,113.912346,22.531202,0,0
32332,05:33:39,113.912315,22.53125,0,0
32332,05:34:39,113.912323,22.53126,0,0
32332,05:35:39,113.912331,22.53129,0,0
32332,05:36:39,113.912323,22.531313,0,0
32332,05:37:39,113.912346,22.531239,0,0
32332,05:38:39,113.912369,22.531149,0,0
32332,05:39:15,113.912346,22.531239,0,0
32332,05:39:39,113.912392,22.531136,0,0
32332,05:40:39,113.912376,22.531183,0,0
32332,05:41:39,113.912361,22.531263,0,0
32332,05:42:39,113.912354,22.531246,0,0
32332,05:43:39,113.912338,22.531294,0,0
32332,05:44:39,113.912338,22.531349,0,0
32332,05:45:39,113.912331,22.531351,0,0
32332,05:46:39,113.912331,22.531439,0,0
32332,05:47:39,113.912346,22.531347,0,0
32332,05:48:22,113.912331,22.531439,0,0
32332,05:48:39,113.912315,22.531441,0,0
32332,05:49:24,113.912346,22.531347,0,0
32332,05:49:39,113.912331,22.531378,0,0
32332,05:50:39,113.912323,22.531443,0,0
32332,05:51:39,113.912361,22.531347,0,0
32332,05:52:39,113.912354,22.531273,0,0
32332,05:53:39,113.912399,22.531157,0,0
32332,05:54:39,113.912415,22.531099,0,0
32332,05:55:39,113.912392,22.531113,0,0
32332,05:56:39,113.912415,22.53108,0,0
32332,05:57:39,113.912399,22.531103,0,0
32332,05:58:39,113.912407,22.531191,0,0
32332,05:59:32,113.912399,22.531103,0,0
32332,05:59:39,113.912354,22.531147,0,0
32332,06:00:39,113.912338,22.531193,0,0
32332,06:01:39,113.912354,22.531118,0,0
32332,06:02:39,113.912361,22.531158,0,0
32332,06:03:31,113.912354,22.531118,0,0
32332,06:03:39,113.912361,22.531158,0,0
32332,06:04:39,113.912369,22.531179,0,0
32332,06:05:39,113.912361,22.531225,0,0
32332,06:06:39,113.912346,22.531195,0,0
32332,06:07:39,113.912376,22.531248,0,0
32332,06:08:39,113.912354,22.531294,0,0
32332,06:09:39,113.912315,22.531334,0,0
32332,06:09:41,113.912376,22.531248,0,0
32332,06:10:39,113.912331,22.531366,0,0
32332,06:11:39,113.912331,22.531366,0,0
32332,06:12:39,113.912354,22.531387,0,0
32332,06:13:39,113.912369,22.531347,0,0
32332,06:14:39,113.912384,22.531363,0,0
32332,06:15:39,113.912392,22.531357,0,0
32332,06:16:39,113.912392,22.53137,0,0
32332,06:17:39,113.912399,22.531401,0,0
32332,06:18:39,113.912392,22.53137,0,0
32332,06:18:39,113.912392,22.531372,0,0
32332,06:19:39,113.912384,22.531355,0,0
32332,06:19:49,113.912399,22.531401,0,0
32332,06:20:39,113.912376,22.531317,0,0
32332,06:21:39,113.912392,22.531366,0,0
32332,06:22:39,113.912376,22.531446,0,0
32332,06:23:39,113.912384,22.531406,0,0
32332,06:24:39,113.912354,22.531288,0,0
32332,06:25:39,113.912361,22.531307,0,0
32332,06:26:39,113.912354,22.531265,0,0
32332,06:27:39,113.912376,22.531387,0,0
32332,06:28:39,113.912354,22.531376,0,0
32332,06:28:56,113.912376,22.531387,0,0
32332,06:29:39,113.91227,22.531172,0,0
32332,06:30:39,113.912354,22.53137,0,0
32332,06:31:39,113.912308,22.53133,0,0
32332,06:32:39,113.912308,22.531363,0,0
32332,06:32:46,113.912308,22.53133,0,0
32332,06:33:39,113.9123,22.531309,0,0
32332,06:34:39,113.912346,22.531322,0,0
32332,06:35:39,113.912376,22.531401,0,0
32332,06:36:39,113.912338,22.531376,0,0
32332,06:37:39,113.912331,22.531382,0,0
32332,06:38:39,113.912224,22.53125,0,0
32332,06:39:05,113.912331,22.531382,0,0
32332,06:39:39,113.912079,22.531115,0,0
32332,06:40:39,113.911919,22.530949,0,0
32332,06:41:39,113.91201,22.531118,0,0
32332,06:42:39,113.912285,22.531332,0,0
32332,06:43:39,113.912399,22.531408,0,0
32332,06:44:39,113.912399,22.531399,0,0
32332,06:45:39,113.912384,22.531372,0,0
32332,06:46:39,113.912354,22.531313,0,0
32332,06:47:39,113.912338,22.531282,0,0
32332,06:47:54,113.912354,22.531313,0,0
32332,06:48:39,113.91349,22.531139,0,36
32332,06:49:13,113.912338,22.531282,0,0
32332,06:49:39,113.917358,22.531006,0,41
32332,06:50:39,113.919128,22.529558,0,33
32332,06:51:39,113.918663,22.527519,0,0
32332,06:52:39,113.918655,22.527517,0,0
32332,06:53:39,113.922531,22.526054,0,46
32332,06:54:39,113.922112,22.522997,0,0
32332,06:55:39,113.918304,22.524372,0,0
32332,06:56:39,113.918304,22.524389,0,4
32332,06:57:39,113.918503,22.526634,0,0
32332,06:58:39,113.91861,22.526672,0,0
32332,06:59:21,113.919128,22.529558,0,0
32332,06:59:39,113.919456,22.530252,0,13
32332,07:00:39,113.921875,22.535368,0,56
32332,07:01:39,113.927246,22.537653,0,60
32332,07:02:39,113.928146,22.54797,0,69
32332,07:03:03,113.919128,22.529558,0,0
32332,07:03:39,113.929123,22.559027,0,88
32332,07:04:39,113.930931,22.566093,0,44
32332,07:05:39,113.924644,22.567492,0,66
32332,07:06:39,113.922173,22.572077,0,0
32332,07:07:39,113.917725,22.573483,0,52
32332,07:08:39,113.908249,22.583782,0,110
32332,07:09:30,113.919128,22.529558,0,0
32332,07:09:39,113.896645,22.595552,0,106
32332,07:10:39,113.884483,22.604992,0,107
32332,07:11:39,113.875221,22.617073,0,103
32332,07:12:39,113.860802,22.624216,0,94
32332,07:13:39,113.849815,22.629051,0,57
32332,07:14:39,113.850456,22.625513,0,62
32332,07:15:39,113.839508,22.620752,0,81
32332,07:16:39,113.827026,22.615894,0,85
32332,07:17:39,113.816589,22.613407,0,74
32332,07:18:11,113.919128,22.529558,0,0
32332,07:18:39,113.812065,22.623014,0,49
32332,07:19:38,113.919128,22.529558,0,0
32332,07:19:39,113.809563,22.627453,0,29
32332,07:20:39,113.809029,22.626945,0,0
32332,07:21:39,113.807259,22.626245,0,43
32332,07:22:39,113.809792,22.618242,0,75
32332,07:23:39,113.815788,22.610092,0,54
32332,07:29:46,113.919128,22.529558,0,0
32332,07:33:19,113.919128,22.529558,0,0
32332,07:38:39,113.863914,22.580128,0,9
32332,07:39:39,113.868973,22.576048,0,56
32332,07:39:55,113.919128,22.529558,0,0
32332,07:40:39,113.871307,22.574417,0,0
32332,07:41:39,113.874382,22.572559,0,25
32332,07:42:39,113.877174,22.573288,0,28
32332,07:43:39,113.877922,22.573956,0,0
32332,07:44:39,113.879951,22.575724,0,30
32332,07:45:39,113.884148,22.579332,0,33
32332,07:46:39,113.887344,22.578669,0,29
32332,07:47:39,113.890678,22.575262,0,33
32332,07:48:28,113.919128,22.529558,0,0
32332,07:48:39,113.89283,22.573137,0,0
32332,07:49:39,113.89418,22.573893,0,0
32332,07:50:03,113.919128,22.529558,0,0
32332,07:50:39,113.893471,22.573296,0,25
32332,07:51:39,113.895058,22.57098,0,35
32332,07:52:39,113.895462,22.570486,0,1
32332,07:53:39,113.896057,22.569941,0,1
32332,07:54:39,113.892174,22.567032,0,45
32332,07:55:39,113.896469,22.563087,0,51
32332,07:56:39,113.901405,22.559446,0,17
32332,07:57:39,113.903641,22.557438,0,15
32332,07:58:39,113.904877,22.555901,0,16
32332,07:59:39,113.906914,22.552847,0,36
32332,08:00:11,113.919128,22.529558,0,0
32332,08:00:39,113.904472,22.546347,0,73
32332,08:01:39,113.904686,22.536137,0,68
32332,08:02:39,113.903801,22.529503,0,34
32332,08:03:36,113.919128,22.529558,0,0
32332,08:03:40,113.903572,22.5305,0,0
32332,08:04:40,113.903519,22.531298,0,9
32332,08:05:40,113.904556,22.53153,0,0
32332,08:06:40,113.904541,22.531546,0,0
32332,08:07:40,113.907104,22.531347,0,2
32332,08:08:40,113.906975,22.531326,0,0
32332,08:09:40,113.904732,22.531343,0,31
32332,08:10:20,113.919128,22.529558,0,0
32332,08:10:40,113.90358,22.530357,0,0
32332,08:11:40,113.90361,22.53035,0,0
32332,08:12:40,113.903595,22.530342,0,0
32332,08:13:40,113.903587,22.530371,0,0
32332,08:14:40,113.903564,22.530361,0,0
32332,08:15:40,113.903587,22.530672,0,3
32332,08:16:40,113.90358,22.530672,0,0
32332,08:17:40,113.903595,22.530666,0,0
32332,08:18:40,113.90358,22.531261,0,5
32332,08:18:45,113.919128,22.529558,0,0
32332,08:19:40,113.904167,22.53154,0,0
32332,08:20:28,113.919128,22.529558,0,0
32332,08:20:40,113.904823,22.535233,0,23
32332,08:21:40,113.904747,22.541203,0,42
32332,08:22:40,113.906242,22.549852,0,66
32332,08:23:40,113.90741,22.552427,0,48
32332,08:24:40,113.904617,22.557259,0,25
32332,08:25:39,113.90554,22.559673,0,29
32332,08:26:40,113.905724,22.559875,0,0
32332,08:27:40,113.907967,22.561655,0,1
32332,08:28:40,113.907837,22.561937,0,5
32332,08:29:40,113.906799,22.560978,0,24
32332,08:30:36,113.919128,22.529558,0,0
32332,08:30:39,113.905853,22.560015,0,20
32332,08:31:39,113.903893,22.558514,0,0
32332,08:32:39,113.902031,22.55987,0,0
32332,08:33:39,113.901962,22.559935,0,0
32332,08:33:53,113.919128,22.529558,0,0
32332,08:34:39,113.899345,22.562569,0,15
32332,08:35:39,113.897568,22.564308,0,17
32332,08:36:39,113.894928,22.566986,0,20
32332,08:37:39,113.894485,22.567799,0,9
32332,08:38:39,113.896683,22.569525,0,3
32332,08:39:39,113.898819,22.571527,0,10
32332,08:40:45,113.919128,22.529558,0,0
32332,08:49:01,113.919128,22.529558,0,0
32332,08:50:53,113.919128,22.529558,0,0
32332,09:01:02,113.919128,22.529558,0,0
32332,09:04:10,113.919128,22.529558,0,0
32332,09:11:10,113.919128,22.529558,0,0
32332,09:19:18,113.919128,22.529558,0,0
32332,09:21:18,113.919128,22.529558,0,0
32332,09:31:27,113.919128,22.529558,0,0
32332,09:34:26,113.919128,22.529558,0,0
32332,09:35:39,113.940651,22.547123,0,20
32332,09:36:39,113.940544,22.549183,0,19
32332,09:37:39,113.940498,22.549641,0,3
32332,09:38:39,113.940514,22.54966,0,7
32332,09:39:39,113.940514,22.54748,0,0
32332,09:40:39,113.940582,22.546394,0,27
32332,09:41:35,113.919128,22.529558,0,0
32332,09:41:39,113.939873,22.543114,0,17
32332,09:42:39,113.935616,22.542877,0,46
32332,09:43:39,113.93251,22.542757,0,18
32332,09:44:39,113.930199,22.542828,0,29
32332,09:45:39,113.92691,22.542793,0,35
32332,09:46:39,113.926842,22.535837,0,45
32332,09:47:39,113.923447,22.535414,0,0
32332,09:48:39,113.923439,22.535439,0,0
32332,09:49:35,113.919128,22.529558,0,0
32332,09:49:39,113.92321,22.532564,0,22
32332,09:50:39,113.923256,22.530466,0,0
32332,09:51:39,113.923157,22.533672,0,50
32332,09:51:44,113.919128,22.529558,0,0
32332,09:52:39,113.923096,22.53458,0,0
32332,09:53:39,113.925537,22.535416,0,17
32332,09:54:39,113.927223,22.538532,0,47
32332,09:55:39,113.931808,22.542351,0,55
32332,09:56:39,113.939827,22.542414,0,55
32332,09:57:39,113.940681,22.540548,0,3
32332,09:58:39,113.940681,22.540451,0,0
32332,09:59:39,113.940689,22.540157,0,0
32332,10:00:39,113.940704,22.539658,0,0
32332,10:01:39,113.940758,22.539288,0,5
32332,10:01:52,113.919128,22.529558,0,0
32332,10:02:39,113.942116,22.538202,0,0
32332,10:03:39,113.940941,22.539314,0,13
32332,10:04:39,113.940773,22.536028,0,1
32332,10:04:43,113.919128,22.529558,0,0
32332,10:05:39,113.940788,22.535912,0,0
32332,10:06:39,113.940849,22.53896,0,0
32332,10:07:39,113.940666,22.543938,0,50
32332,10:08:39,113.940636,22.545853,0,0
32332,10:09:39,113.94062,22.545935,0,12
32332,10:10:39,113.938339,22.5459,0,0
32332,10:11:39,113.935417,22.545563,0,38
32332,10:12:00,113.919128,22.529558,0,0
32332,10:12:39,113.931107,22.545706,0,0
32332,10:13:39,113.930542,22.542835,0,23
32332,10:14:39,113.926857,22.543642,0,19
32332,10:15:39,113.926971,22.538118,0,60
32332,10:16:39,113.923576,22.535427,0,0
32332,10:17:39,113.924591,22.535351,0,41
32332,10:18:39,113.927353,22.535748,1,29
32332,10:19:39,113.927116,22.542082,1,39
32332,10:19:51,113.919128,22.529558,0,0
32332,10:20:39,113.92868,22.549274,1,44
32332,10:21:39,113.928955,22.557562,1,50
32332,10:22:09,113.906242,22.549852,0,0
32332,10:22:39,113.933792,22.559744,1,18
32332,10:23:39,113.939415,22.559845,1,48
32332,10:24:39,113.941139,22.559841,1,31
32332,10:25:31,113.944168,22.558802,0,0
32332,10:25:39,113.944168,22.558796,0,0
32332,10:26:39,113.944427,22.558912,0,0
32332,10:27:39,113.944427,22.558905,0,0
32332,10:28:39,113.943741,22.558912,0,29
32332,10:29:39,113.940987,22.559921,0,0
32332,10:30:39,113.940407,22.555944,0,0
32332,10:31:39,113.940422,22.555952,0,0
32332,10:32:18,113.940407,22.555944,0,0
32332,10:32:39,113.935265,22.555746,0,49
32332,10:33:39,113.927513,22.556074,0,37
32332,10:34:39,113.928635,22.55011,0,39
32332,10:35:00,113.927513,22.556074,0,0
32332,10:35:39,113.927139,22.550791,0,17
32332,10:36:39,113.926559,22.551683,0,0
32332,10:36:40,113.926559,22.55168,0,0
32332,10:37:39,113.926544,22.551622,0,0
32332,10:38:39,113.926498,22.551702,0,0
32332,10:39:39,113.926552,22.551626,0,0
32332,10:40:39,113.926575,22.551643,0,0
32332,10:41:39,113.926529,22.551729,0,0
32332,10:42:26,113.926544,22.551622,0,0
32332,10:42:39,113.926575,22.551838,0,0
32332,10:43:39,113.926582,22.551748,0,0
32332,10:44:39,113.926575,22.551785,0,0
32332,10:45:39,113.926605,22.551689,0,0
32332,10:46:39,113.92662,22.551584,0,0
32332,10:47:39,113.926689,22.55167,0,0
32332,10:48:39,113.926575,22.551702,0,0
32332,10:49:39,113.926453,22.551647,0,16
32332,10:50:08,113.926575,22.551702,0,0
32332,10:50:39,113.923363,22.551613,0,0
32332,10:51:39,113.922958,22.551462,0,22
32332,10:52:34,113.926453,22.551647,0,0
32332,10:52:39,113.923126,22.549152,0,12
32332,10:53:39,113.9244,22.548758,0,0
32332,10:54:39,113.924507,22.546391,0,28
32332,10:55:39,113.922852,22.546095,0,7
32332,10:56:39,113.922256,22.540607,0,40
32332,10:57:39,113.922401,22.539164,0,0
32332,10:58:39,113.91993,22.538767,0,0
32332,10:59:39,113.919693,22.537296,0,56
32332,11:00:39,113.917358,22.535599,0,0
32332,11:01:39,113.916565,22.535547,0,0
32332,11:02:39,113.916473,22.535524,0,14
32332,11:02:43,113.926453,22.551647,0,0
32332,11:03:39,113.919624,22.535271,0,0
32332,11:04:39,113.921883,22.535309,0,1
32332,11:05:16,113.926453,22.551647,0,0
32332,11:05:39,113.922836,22.535322,0,0
32332,11:06:39,113.922821,22.535353,0,0
32332,11:07:39,113.926651,22.53516,0,31
32332,11:08:39,113.92421,22.529888,0,24
32332,11:09:39,113.923965,22.52569,0,37
32332,11:10:39,113.933037,22.524433,0,60
32332,11:11:39,113.940857,22.523676,0,41
32332,11:12:39,113.940994,22.526957,0,25
32332,11:12:51,113.926453,22.551647,0,0
32332,11:13:39,113.943001,22.528036,0,0
32332,11:14:39,113.94352,22.527346,0,26
32332,11:15:39,113.943283,22.527388,0,0
32332,11:16:39,113.940758,22.525112,0,43
32332,11:17:39,113.936485,22.523785,0,35
32332,11:18:39,113.932823,22.522217,0,6
32332,11:19:39,113.932526,22.522158,0,18
32332,11:20:25,113.926453,22.551647,0,0
32332,11:20:39,113.932159,22.520868,0,3
32332,11:21:39,113.929283,22.520838,0,7
32332,11:22:39,113.928047,22.519642,0,15
32332,11:22:59,113.926453,22.551647,0,0
32332,11:23:39,113.927971,22.519712,0,0
32332,11:24:39,113.925644,22.519621,0,16
32332,11:25:39,113.924866,22.518215,0,30
32332,11:26:39,113.924095,22.517193,0,20
32332,11:27:39,113.923622,22.513912,0,22
32332,11:28:39,113.921616,22.514561,0,0
32332,11:29:39,113.922134,22.517107,0,6
32332,11:30:39,113.922173,22.517397,0,6
32332,11:31:39,113.92215,22.517654,0,0
32332,11:32:39,113.923035,22.520645,0,54
32332,11:33:08,113.926453,22.551647,0,0
32332,11:33:39,113.92527,22.525185,0,19
32332,11:34:38,113.930389,22.52442,0,37
32332,11:35:33,113.926453,22.551647,0,0
32332,11:35:38,113.941475,22.524389,0,80
32332,11:36:38,113.953644,22.523401,0,73
32332,11:37:38,113.965027,22.522718,0,73
32332,11:38:38,113.977516,22.522758,1,79
32332,11:39:38,113.98941,22.524481,1,70
32332,11:40:38,113.993683,22.529594,1,59
32332,11:41:38,113.993332,22.53229,1,50
32332,11:42:38,113.99929,22.535202,1,70
32332,11:43:16,113.993332,22.53229,1,0
32332,11:43:38,114.008377,22.536793,1,49
32332,11:44:38,114.013443,22.537767,1,0
32332,11:45:38,114.013565,22.539211,1,25
32332,11:46:38,114.018494,22.540348,1,18
32332,11:47:13,114.018921,22.540436,0,0
32332,11:50:41,114.018921,22.540436,0,0
32332,11:52:38,114.014145,22.539606,0,41
32332,11:53:24,114.018921,22.540436,0,0
32332,11:53:38,114.01487,22.543419,0,12
32332,11:54:38,114.017403,22.542618,0,19
32332,11:55:38,114.018097,22.53924,0,24
32332,11:56:38,114.012405,22.53787,0,46
32332,11:57:38,114.00618,22.537107,0,18
32332,11:58:38,114.003471,22.537519,0,13
32332,12:00:38,113.999817,22.535667,0,45
32332,12:01:38,113.995804,22.535124,0,17
32332,12:02:38,113.993118,22.53557,0,0
32332,12:03:33,113.995804,22.535124,0,0
32332,12:03:38,113.992355,22.5378,0,1
32332,12:04:38,113.991959,22.540344,0,42
32332,12:05:38,113.991669,22.542709,0,36
32332,12:05:49,113.992355,22.5378,0,0
32332,12:06:38,113.98925,22.541531,0,25
32332,12:07:38,113.986862,22.541355,0,15
32332,12:09:50,113.980881,22.539528,1,32
32332,12:10:50,113.978073,22.540464,1,20
32332,12:11:50,113.974136,22.540937,1,9
32332,12:12:50,113.971504,22.539667,1,9
32332,12:13:41,113.974136,22.540937,1,0
32332,12:13:50,113.971451,22.53964,1,6
32332,12:14:50,113.964615,22.541716,1,55
32332,12:15:50,113.96035,22.54318,1,0
32332,12:16:50,113.96199,22.541718,1,32
32332,12:17:50,113.96183,22.537237,1,33
32332,12:18:50,113.962051,22.534332,1,0
32332,12:18:54,113.962051,22.534328,0,2
32332,12:19:50,113.962013,22.53587,0,9
32332,12:20:50,113.961197,22.538359,0,31
32332,12:20:58,113.962051,22.534328,0,0
32332,12:21:50,113.959206,22.539482,0,49
32332,12:22:50,113.959663,22.542923,0,0
32332,12:23:49,113.959206,22.539482,0,0
32332,12:23:50,113.955925,22.543524,0,63
32332,12:24:50,113.949257,22.543375,0,21
32332,12:25:50,113.94902,22.541946,0,8
32332,12:26:50,113.951752,22.540857,0,29
32332,12:27:50,113.948982,22.539389,1,5
32332,12:28:50,113.945267,22.539387,1,0
32332,12:29:50,113.940765,22.540276,1,25
32332,12:30:50,113.940628,22.546024,1,0
32332,12:31:50,113.93924,22.546192,1,37
32332,12:32:22,113.938927,22.546156,0,0
32332,12:32:50,113.938156,22.546152,0,18
32332,12:32:55,113.93924,22.546192,1,0
32332,12:33:50,113.937195,22.544264,0,39
32332,12:34:50,113.934624,22.54283,0,32
32332,12:35:04,113.937195,22.544264,0,0
32332,12:35:50,113.931992,22.542812,0,0
32332,12:36:10,113.9319,22.54282,1,13
32332,12:36:50,113.928314,22.542852,1,44
32332,12:37:50,113.920753,22.543873,1,25
32332,12:38:50,113.920715,22.545307,1,0
32332,12:39:50,113.920708,22.545246,1,12
32332,12:40:50,113.919701,22.54315,1,0
32332,12:41:50,113.921883,22.542929,1,54
32332,12:43:03,113.921883,22.542929,1,0
32332,12:45:50,113.935234,22.524244,1,68
32332,12:46:50,113.941383,22.52035,1,45
32332,12:47:50,113.94503,22.518913,1,19
32332,12:48:50,113.945763,22.519754,1,10
32332,12:50:12,113.921883,22.542929,1,0
32332,12:53:11,113.921883,22.542929,1,0
32332,12:59:50,113.945488,22.522924,1,26
32332,13:00:50,113.948471,22.522343,1,43
32332,13:01:50,113.944237,22.52483,1,70
32332,13:02:50,113.932571,22.525002,1,64
32332,13:03:20,113.921883,22.542929,1,0
32332,13:03:50,113.924438,22.527842,1,55
32332,13:04:50,113.92701,22.535612,1,63
32332,13:05:21,113.921883,22.542929,1,0
32332,13:05:50,113.92701,22.54351,1,44
32332,13:06:50,113.923607,22.543114,1,0
32332,13:07:50,113.919403,22.543245,1,0
32332,13:08:50,113.916573,22.543337,1,62
32332,13:09:50,113.914398,22.54059,1,6
32332,13:10:50,113.913544,22.540888,1,0
32332,13:11:50,113.9142,22.540577,1,5
32332,13:12:50,113.914719,22.538956,1,22
32332,13:13:28,113.921883,22.542929,1,0
32332,13:13:50,113.914314,22.535883,1,0
32332,13:14:50,113.916046,22.534414,1,18
32332,13:15:50,113.916023,22.531393,1,7
32332,13:16:50,113.918472,22.53056,1,6
32332,13:17:50,113.91909,22.53055,1,0
32332,13:18:50,113.919243,22.530293,1,0
32332,13:19:50,113.918709,22.52767,1,0
32332,13:20:29,113.921883,22.542929,1,0
32332,13:20:50,113.918396,22.52631,1,35
32332,13:21:50,113.918076,22.524851,1,0
32332,13:22:50,113.916046,22.520035,1,56
32332,13:23:36,113.921883,22.542929,1,0
32332,13:23:50,113.912918,22.517033,1,62
32332,13:24:50,113.911201,22.515413,1,16
32332,13:25:50,113.915359,22.51017,1,19
32332,13:26:50,113.915039,22.509356,1,26
32332,13:27:50,113.914902,22.504698,1,45
32332,13:28:50,113.914665,22.50193,1,13
32332,13:29:50,113.914368,22.500368,1,19
32332,13:30:50,113.910942,22.497223,1,45
32332,13:31:50,113.908142,22.492237,1,36
32332,13:32:50,113.907249,22.488436,1,0
32332,13:33:50,113.908234,22.486506,0,0
32332,13:34:50,113.908554,22.485821,0,13
32332,13:35:31,113.908867,22.485641,1,13
32332,13:35:37,113.921883,22.542929,1,0
32332,13:35:49,113.909935,22.485298,1,42
32332,13:36:49,113.914787,22.486954,1,49
32332,13:37:49,113.9189,22.488529,1,0
32332,13:38:49,113.924576,22.486835,1,17
32332,13:39:49,113.929764,22.484907,1,0
32332,13:40:49,113.934532,22.485397,1,7
32332,13:41:49,113.935585,22.486353,1,49
32332,13:42:49,113.941292,22.490154,1,0
32332,13:43:49,113.946724,22.493868,1,65
32332,13:43:53,113.941292,22.490154,1,0
32332,13:44:49,113.946831,22.501915,1,0
32332,13:45:49,113.946999,22.508921,1,42
32332,13:46:49,113.942886,22.508118,1,0
32332,13:47:49,113.942482,22.507788,1,24
32332,13:48:33,113.943405,22.506767,0,24
32332,13:48:49,113.943489,22.507313,0,16
32332,13:49:49,113.945023,22.507193,0,10
32332,13:50:46,113.945023,22.507193,0,0
32332,13:50:49,113.944771,22.507088,0,11
32332,13:51:49,113.944801,22.506639,0,0
32332,13:52:49,113.94503,22.506533,0,0
32332,13:53:49,113.94529,22.506535,0,0
32332,13:54:02,113.94503,22.506533,0,0
32332,13:54:03,113.945328,22.506542,1,10
32332,13:54:49,113.942863,22.507465,1,35
32332,13:55:49,113.944748,22.508238,1,52
32332,13:56:49,113.939552,22.508179,1,11
32332,13:57:49,113.937195,22.508192,1,0
32332,13:58:49,113.932961,22.508915,1,44
32332,13:59:49,113.932602,22.509571,1,19
32332,14:01:13,113.930984,22.509518,0,0
32332,14:01:49,113.930794,22.50951,0,18
32332,14:04:10,113.930984,22.509518,0,0
32332,14:04:49,113.927483,22.510273,0,30
32332,14:04:59,113.927505,22.510382,1,12
32332,14:05:49,113.927612,22.512512,1,0
32332,14:05:54,113.927483,22.510273,0,0
32332,14:06:49,113.92762,22.514248,1,58
32332,14:07:49,113.928062,22.522223,1,47
32332,14:08:49,113.93026,22.527683,1,0
32332,14:09:49,113.933281,22.532127,1,64
32332,14:10:49,113.938354,22.535421,1,56
32332,14:11:49,113.942764,22.536823,1,3
32332,14:12:21,113.942787,22.536833,0,0
32332,14:12:49,113.942627,22.536869,0,15
32332,14:13:07,113.942459,22.536869,1,14
32332,14:13:49,113.942039,22.539036,1,29
32332,14:14:18,113.942459,22.536869,1,0
32332,14:14:49,113.94062,22.545309,1,7
32332,14:15:49,113.938866,22.54303,1,14
32332,14:16:49,113.936325,22.542929,1,47
32332,14:17:49,113.930801,22.543947,1,17
32332,14:18:49,113.929619,22.544041,1,0
32332,14:19:25,113.929337,22.544086,0,0
32332,14:19:49,113.929321,22.544102,0,0
32332,14:20:49,113.928253,22.54575,0,22
32332,14:21:02,113.929321,22.544102,0,0
32332,14:21:49,113.928513,22.548561,0,18
32332,14:22:49,113.928841,22.552753,0,9
32332,14:23:49,113.928146,22.549332,0,24
32332,14:24:27,113.928841,22.552753,0,0
32332,14:24:49,113.924461,22.548138,0,32
32332,14:25:49,113.922913,22.546064,0,0
32332,14:26:49,113.9207,22.544273,0,30
32332,14:27:49,113.919601,22.543283,0,17
32332,14:28:49,113.915916,22.543312,0,0
32332,14:29:49,113.915184,22.54175,0,1
32332,14:30:18,113.914986,22.541145,1,10
32332,14:30:49,113.914726,22.539278,1,0
32332,14:31:49,113.914543,22.537968,1,46
32332,14:32:49,113.913712,22.531902,1,46
32332,14:33:49,113.91436,22.52899,1,0
32332,14:33:50,113.91436,22.52899,0,0
32332,14:34:35,113.913712,22.531902,1,0
32332,14:34:49,113.914497,22.527164,0,0
32332,14:35:49,113.915146,22.52688,0,36
32332,14:36:10,113.914497,22.527164,0,0
32332,14:36:49,113.916374,22.52655,0,20
32332,14:37:49,113.916885,22.525034,0,6
32332,14:38:49,113.917191,22.524708,0,9
32332,14:39:49,113.917534,22.524681,0,0
32332,14:40:49,113.917313,22.52149,0,1
32332,14:41:49,113.917496,22.521738,0,37
32332,14:42:10,113.91777,22.522882,1,10
32332,14:42:49,113.918266,22.525078,1,26
32332,14:43:49,113.922432,22.526102,1,46
32332,14:44:44,113.918266,22.525078,1,0
32332,14:44:49,113.927834,22.521395,1,54
32332,14:45:49,113.929634,22.51985,1,25
32332,14:46:49,113.929733,22.520929,1,2
32332,14:47:24,113.930763,22.520395,0,0
32332,14:47:49,113.93087,22.52035,0,18
32332,14:48:49,113.931366,22.51811,0,25
32332,14:49:49,113.928123,22.517948,0,14
32332,14:50:49,113.927284,22.518036,0,31
32332,14:51:19,113.928123,22.517948,0,0
32332,14:51:49,113.923538,22.518013,0,0
32332,14:52:49,113.923149,22.520721,0,62
32332,14:53:49,113.924438,22.527454,0,70
32332,14:54:44,113.924812,22.531004,1,12
32332,14:54:49,113.924889,22.531227,1,29
32332,14:54:52,113.924438,22.527454,0,0
32332,14:55:49,113.92598,22.533691,1,64
32332,14:56:49,113.924171,22.528473,1,40
32332,14:57:49,113.92691,22.525051,1,68
32332,14:58:49,113.935501,22.524193,1,28
32332,14:59:49,113.935936,22.522102,1,0
32332,15:00:49,113.934509,22.518368,1,0
32332,15:01:49,113.932945,22.513966,1,61
32332,15:02:49,113.932762,22.506023,1,72
32332,15:03:49,113.933144,22.49926,1,0
32332,15:04:49,113.933609,22.496765,1,21
32332,15:05:00,113.933144,22.49926,1,0
32332,15:05:49,113.934631,22.496305,1,0
32332,15:05:54,113.934631,22.496305,0,0
32332,15:06:22,113.934731,22.496319,1,19
32332,15:06:27,113.933609,22.496765,1,0
32332,15:06:49,113.936005,22.494852,1,34
32332,15:07:49,113.938316,22.488894,1,30
32332,15:08:34,113.939316,22.489508,0,0
32332,15:08:49,113.939308,22.48955,0,6
32332,15:09:49,113.938828,22.489948,0,0
32332,15:10:49,113.937073,22.492535,0,37
32332,15:11:49,113.935867,22.498747,0,51
32332,15:12:49,113.93528,22.503378,0,4
32332,15:13:49,113.933121,22.503284,0,0
32332,15:14:38,113.932999,22.503254,1,17
32332,15:14:49,113.932777,22.502554,1,45
32332,15:15:09,113.933121,22.503284,0,0
32332,15:15:49,113.930206,22.498362,1,0
32332,15:16:49,113.92939,22.498198,1,0
32332,15:17:49,113.926292,22.497673,1,36
32332,15:18:49,113.925148,22.494568,1,39
32332,15:19:49,113.921364,22.493446,1,44
32332,15:20:49,113.916214,22.493103,1,0
32332,15:21:35,113.921364,22.493446,1,0
32332,15:21:49,113.915932,22.491932,1,3
32332,15:22:49,113.912476,22.490965,1,0
32332,15:23:49,113.910477,22.488762,1,54
32332,15:24:34,113.909813,22.487404,0,12
32332,15:24:49,113.90992,22.487328,0,2
32332,15:25:17,113.910477,22.488762,1,0
32332,15:25:49,113.911049,22.490072,0,17
32332,15:26:49,113.911018,22.490005,0,0
32332,15:27:49,113.909477,22.486973,0,13
32332,15:28:49,113.90995,22.490128,0,0
32332,15:29:49,113.91169,22.4893,0,44
32332,15:30:49,113.916298,22.489767,0,40
32332,15:31:49,113.919273,22.489777,0,0
32332,15:32:49,113.919296,22.488789,0,0
32332,15:33:49,113.919762,22.490639,0,31
32332,15:34:06,113.919983,22.491295,1,14
32332,15:34:49,113.921432,22.491917,1,27
32332,15:35:25,113.919983,22.491295,1,0
32332,15:35:49,113.924599,22.490461,1,25
32332,15:36:44,113.921432,22.491917,1,0
32332,15:36:49,113.925835,22.489536,1,19
32332,15:37:49,113.93116,22.489206,1,0
32332,15:38:49,113.931717,22.489298,1,38
32332,15:39:49,113.937088,22.490789,1,0
32332,15:40:49,113.938744,22.492199,1,67
32332,15:41:49,113.939064,22.497772,1,57
32332,15:42:49,113.938988,22.507893,1,29
32332,15:43:49,113.942848,22.506466,1,32
32332,15:44:18,113.943161,22.506479,0,0
32332,15:44:49,113.944122,22.507387,0,18
32332,15:45:34,113.943161,22.506479,0,0
32332,15:45:49,113.944778,22.507175,0,17
32332,15:46:32,113.945313,22.506598,1,12
32332,15:46:49,113.945831,22.507389,1,38
32332,15:47:49,113.945061,22.508076,1,42
32332,15:48:49,113.946892,22.509804,1,44
32332,15:49:49,113.94857,22.519655,1,69
32332,15:50:49,113.949936,22.530022,1,51
32332,15:51:49,113.952126,22.538324,1,44
32332,15:51:52,113.94857,22.519655,1,0
32332,15:52:49,113.954918,22.547937,1,85
32332,15:53:49,113.952911,22.558472,1,79
32332,15:54:49,113.952415,22.566561,1,57
32332,15:55:42,113.952911,22.558472,1,0
32332,15:55:49,113.950287,22.570807,1,0
32332,15:56:49,113.949745,22.572905,1,46
32332,15:57:49,113.949677,22.576645,1,37
32332,15:58:49,113.950729,22.579229,1,0
32332,15:59:49,113.950958,22.579235,1,23
32332,16:00:49,113.955162,22.583488,1,0
32332,16:01:49,113.955132,22.583483,1,0
32332,16:02:49,113.958832,22.585098,1,46
32332,16:03:49,113.960236,22.586372,1,0
32332,16:04:49,113.960045,22.585512,0,27
32332,16:05:49,113.955711,22.584475,0,0
32332,16:05:50,113.958832,22.585098,1,0
32332,16:06:49,113.955399,22.584257,0,24
32332,16:07:01,113.955711,22.584475,0,0
32332,16:07:49,113.950287,22.583748,0,0
32332,16:08:49,113.95031,22.583738,0,0
32332,16:09:49,113.95031,22.583735,0,0
32332,16:10:49,113.949677,22.583324,0,29
32332,16:11:49,113.949135,22.57762,0,46
32332,16:12:49,113.949631,22.572561,0,42
32332,16:13:49,113.949677,22.571941,0,0
32332,16:14:49,113.950562,22.56975,0,38
32332,16:15:49,113.952682,22.563566,0,10
32332,16:15:59,113.949677,22.571941,0,0
32332,16:16:49,113.946938,22.563927,0,16
32332,16:17:49,113.946724,22.563927,0,13
32332,16:18:28,113.946594,22.562378,1,20
32332,16:18:49,113.946732,22.560509,1,30
32332,16:19:49,113.952202,22.559797,1,48
32332,16:20:49,113.953934,22.550774,1,68
32332,16:21:49,113.953148,22.540312,1,79
32332,16:22:09,113.953934,22.550774,1,0
32332,16:22:49,113.951859,22.538111,1,28
32332,16:23:49,113.949768,22.530333,1,43
32332,16:25:49,113.945259,22.519051,1,54
32332,16:26:07,113.949768,22.530333,1,0
32332,16:26:24,113.944771,22.51918,0,0
32332,16:26:49,113.94429,22.519217,0,33
32332,16:27:49,113.941025,22.5219,0,48
32332,16:28:49,113.940811,22.525421,0,49
32332,16:29:49,113.932915,22.524788,0,64
32332,16:30:49,113.92527,22.525818,0,59
32332,16:31:49,113.920174,22.52701,0,5
32332,16:32:49,113.920013,22.526873,0,0
32332,16:33:49,113.917671,22.527599,0,41
32332,16:34:49,113.914536,22.527998,0,32
32332,16:35:49,113.913124,22.531258,0,35
32332,16:36:16,113.914536,22.527998,0,0
32332,16:36:26,113.912392,22.531242,0,0
32332,16:36:49,113.912392,22.531246,0,0
32332,16:37:17,113.913124,22.531258,0,0
32332,16:37:49,113.912407,22.531313,0,0
32332,16:38:49,113.912468,22.531435,0,0
32332,16:39:48,113.912476,22.531466,0,0
32332,16:40:48,113.91246,22.531445,0,0
32332,16:41:48,113.912415,22.531403,0,0
32332,16:42:48,113.912392,22.531342,0,0
32332,16:43:48,113.912384,22.531279,0,0
32332,16:44:48,113.912376,22.531273,0,0
32332,16:45:48,113.912384,22.53129,0,0
32332,16:46:24,113.912376,22.531273,0,0
32332,16:46:48,113.912369,22.531324,0,0
32332,16:47:48,113.913208,22.53124,0,17
32332,16:48:48,113.915779,22.531178,0,9
32332,16:50:48,113.91597,22.533827,0,12
32332,16:51:48,113.918137,22.535408,0,19
32332,16:52:25,113.91597,22.533827,0,0
32332,16:52:47,113.919029,22.535297,1,18
32332,16:52:48,113.919083,22.535297,1,20
32332,16:53:48,113.91951,22.531094,1,3
32332,16:54:48,113.919434,22.531092,1,0
32332,16:55:48,113.918716,22.528002,1,21
32332,16:56:32,113.919434,22.531092,1,0
32332,16:56:48,113.91861,22.527662,1,15
32332,16:57:48,113.91806,22.52482,1,0
32332,16:58:48,113.9179,22.524096,1,37
32332,16:59:48,113.914337,22.518501,1,4
32332,17:00:48,113.912392,22.516558,1,53
32332,17:01:48,113.90873,22.515003,1,0
32332,17:02:48,113.908516,22.514883,1,14
32332,17:03:48,113.908134,22.512537,1,12
32332,17:04:21,113.90815,22.512463,0,0
32332,17:04:48,113.908028,22.512617,0,7
32332,17:05:48,113.908569,22.514683,0,0
32332,17:06:41,113.908028,22.512617,0,0
32332,17:06:48,113.909142,22.517368,0,41
32332,17:07:34,113.908569,22.514683,0,0
32332,17:07:48,113.913292,22.521162,0,31
32332,17:08:48,113.915405,22.524977,0,29
32332,17:09:48,113.917862,22.524597,0,11
32332,17:10:48,113.917313,22.521433,0,0
32332,17:11:48,113.919762,22.519352,0,6
32332,17:12:48,113.917755,22.516857,0,12
32332,17:13:48,113.916878,22.517035,0,16
32332,17:14:48,113.914604,22.517807,0,14
32332,17:15:48,113.91745,22.520985,0,24
32332,17:16:45,113.920074,22.519455,1,13
32332,17:16:48,113.920113,22.519571,1,20
32332,17:16:50,113.914604,22.517807,0,0
32332,17:17:48,113.92202,22.522486,1,5
32332,17:18:48,113.922104,22.522528,1,0
32332,17:19:48,113.922676,22.525217,1,23
32332,17:20:48,113.925835,22.525101,1,30
32332,17:21:48,113.930786,22.524492,1,49
32332,17:22:42,113.925835,22.525101,1,0
32332,17:22:48,113.94342,22.524248,1,65
32332,17:23:48,113.948586,22.52038,1,65
32332,17:24:48,113.946785,22.510221,1,60
32332,17:25:48,113.942848,22.508162,1,0
32332,17:26:48,113.942612,22.506475,1,24
32332,17:26:58,113.946785,22.510221,1,0
32332,17:27:18,113.943375,22.506502,0,3
32332,17:27:48,113.943367,22.507101,0,9
32332,17:28:48,113.944901,22.50724,0,14
32332,17:29:48,113.944778,22.507071,0,0
32332,17:30:48,113.944817,22.506674,0,0
32332,17:31:48,113.945061,22.506556,0,0
32332,17:32:48,113.945274,22.506563,0,0
32332,17:33:00,113.945335,22.506594,1,14
32332,17:33:48,113.942841,22.507509,1,26
32332,17:34:48,113.944046,22.508226,1,51
32332,17:35:48,113.939232,22.508192,1,0
32332,17:36:48,113.939217,22.508188,1,14
32332,17:37:07,113.944046,22.508226,1,0
32332,17:37:48,113.937012,22.508192,1,0
32332,17:37:51,113.939232,22.508192,1,0
32332,17:38:48,113.933289,22.508121,1,0
32332,17:39:48,113.928719,22.50806,1,0
32332,17:40:48,113.928375,22.508074,1,15
32332,17:41:48,113.9244,22.507965,1,0
32332,17:42:48,113.919441,22.507862,1,0
32332,17:43:48,113.918037,22.505962,1,28
32332,17:44:48,113.915749,22.503826,1,20
32332,17:45:48,113.914597,22.502203,1,8
32332,17:46:40,113.913864,22.502279,0,0
32332,17:46:48,113.913849,22.502275,0,0
32332,17:47:15,113.914597,22.502203,1,0
32332,17:47:46,113.914131,22.502211,1,8
32332,17:47:48,113.914185,22.502197,1,11
32332,17:48:48,113.914558,22.500282,1,25
32332,17:49:48,113.915421,22.500019,1,14
32332,17:50:48,113.913597,22.496687,1,0
32332,17:51:48,113.913979,22.495895,1,37
32332,17:52:48,113.91597,22.492334,1,23
32332,17:52:59,113.913597,22.496687,1,0
32332,17:53:48,113.915276,22.491602,1,0
32332,17:54:06,113.914917,22.491507,0,24
32332,17:54:48,113.911591,22.490553,0,34
32332,17:55:04,113.911308,22.490328,1,11
32332,17:55:48,113.909981,22.487738,1,14
32332,17:56:48,113.909554,22.48546,1,26
32332,17:57:24,113.909981,22.487738,1,0
32332,17:57:48,113.913612,22.485929,1,29
32332,17:58:48,113.91552,22.487053,1,1
32332,17:59:48,113.916214,22.485132,1,0
32332,17:59:50,113.916214,22.485132,0,0
32332,18:00:48,113.915695,22.486403,0,24
32332,18:01:48,113.916512,22.488075,0,31
32332,18:02:48,113.918915,22.488499,0,0
32332,18:03:48,113.919548,22.489838,0,27
32332,18:04:48,113.920166,22.491978,0,0
32332,18:05:36,113.920189,22.492611,1,9
32332,18:05:48,113.92009,22.493195,1,28
32332,18:06:48,113.919868,22.496916,1,11
32332,18:07:32,113.92009,22.493195,1,0
32332,18:07:48,113.919945,22.500528,1,17
32332,18:08:07,113.92009,22.493195,1,0
32332,18:08:48,113.919769,22.502365,1,25
32332,18:09:48,113.917671,22.504852,1,8
32332,18:10:48,113.918114,22.506016,1,1
32332,18:11:48,113.91819,22.506178,1,0
32332,18:12:48,113.918205,22.506178,1,0
32332,18:13:48,113.918755,22.507917,1,39
32332,18:14:48,113.916405,22.509834,1,3
32332,18:21:48,113.908752,22.515059,1,0
32332,18:22:48,113.904282,22.516293,1,49
32332,18:23:16,113.908714,22.515059,1,0
32332,18:23:48,113.903175,22.520905,1,70
32332,18:24:48,113.904961,22.528433,1,74
32332,18:25:48,113.904884,22.533714,1,42
32332,18:26:48,113.904915,22.534241,1,0
32332,18:26:49,113.904884,22.533714,1,0
32332,18:27:48,113.904877,22.535542,1,29
32332,18:28:48,113.904938,22.542418,1,65
32332,18:29:48,113.901382,22.54763,1,26
32332,18:30:48,113.895683,22.553392,1,26
32332,18:31:48,113.895103,22.554077,1,26
32332,18:32:48,113.897629,22.556601,1,0
32332,18:33:48,113.8964,22.559614,1,31
32332,18:34:44,113.897575,22.560919,0,0
32332,18:34:49,113.897575,22.560917,0,0
32332,18:35:49,113.896744,22.559942,0,24
32332,18:36:49,113.895447,22.558655,0,12
32332,18:36:58,113.896744,22.559942,0,0
32332,18:37:07,113.895836,22.558334,1,16
32332,18:37:24,113.895447,22.558655,0,0
32332,18:37:49,113.896255,22.555492,1,59
32332,18:38:49,113.894928,22.554329,1,0
32332,18:39:49,113.89492,22.554323,1,0
32332,18:40:49,113.890289,22.550291,1,19
32332,18:41:49,113.892204,22.551378,1,20
32332,18:44:49,113.894279,22.55348,0,0
32332,18:45:49,113.897568,22.550423,0,36
32332,18:46:49,113.903625,22.54493,0,61
32332,18:47:07,113.897568,22.550423,0,0
32332,18:47:49,113.909737,22.544018,0,20
32332,18:48:49,113.910172,22.539265,0,37
32332,18:49:49,113.910385,22.535658,0,0
32332,18:50:49,113.910362,22.535461,0,14
32332,18:51:23,113.910446,22.536013,1,17
32332,18:51:49,113.910316,22.538734,1,55
32332,18:52:33,113.910316,22.538734,1,0
32332,18:52:49,113.910042,22.542566,1,50
32332,18:53:49,113.909935,22.544306,1,0
32332,18:54:49,113.909912,22.544485,1,23
32332,18:55:49,113.910614,22.552135,1,56
32332,18:56:49,113.919312,22.555315,1,48
32332,18:57:15,113.910614,22.552135,1,0
32332,18:57:49,113.92878,22.554939,1,50
32332,18:58:49,113.929169,22.559996,1,75
32332,18:59:49,113.929146,22.569143,1,38
32332,19:00:49,113.933472,22.571358,1,27
32332,19:01:49,113.937531,22.571384,1,54
32332,19:02:49,113.945885,22.57143,1,69
32332,19:03:49,113.94838,22.571419,1,0
32332,19:04:49,113.9487,22.571423,1,0
32332,19:05:49,113.948715,22.571417,1,0
32332,19:06:49,113.94886,22.571405,1,4
32332,19:07:24,113.948715,22.571417,1,0
32332,19:07:41,113.94886,22.571405,1,0
32332,19:07:49,113.948921,22.571436,1,0
32332,19:08:49,113.948929,22.571436,1,0
32332,19:09:49,113.949341,22.571447,1,0
32332,19:10:49,113.949341,22.571459,1,0
32332,19:11:49,113.949791,22.573013,1,21
32332,19:12:49,113.949776,22.573284,1,0
32332,19:13:49,113.94976,22.573395,1,0
32332,19:14:49,113.949715,22.573912,1,8
32332,19:15:49,113.949623,22.57486,1,20
32332,19:16:49,113.949562,22.578739,1,32
32332,19:17:32,113.949562,22.578739,1,0
32332,19:17:49,113.949745,22.582668,1,6
32332,19:18:49,113.949753,22.583294,1,0
32332,19:19:49,113.949638,22.583763,1,8
32332,19:20:39,113.948235,22.583958,0,0
32332,19:20:49,113.948242,22.583954,0,0
32332,19:21:27,113.948227,22.583958,1,5
32332,19:21:49,113.946808,22.583908,1,18
32332,19:22:49,113.944321,22.583755,1,23
32332,19:22:50,113.946808,22.583908,1,0
32332,19:23:49,113.943291,22.579279,1,52
32332,19:24:49,113.943298,22.578388,1,0
32332,19:25:49,113.943413,22.572453,1,46
32332,19:26:49,113.943436,22.571672,1,0
32332,19:27:40,113.943436,22.571672,1,0
32332,19:27:49,113.94973,22.571247,1,27
32332,19:28:49,113.952164,22.566339,1,36
32332,19:29:49,113.952698,22.563923,1,3
32332,19:30:49,113.952789,22.563242,1,17
32332,19:31:49,113.952805,22.556274,1,77
32332,19:32:49,113.954636,22.548946,1,43
32332,19:33:49,113.952843,22.543699,1,23
32332,19:34:49,113.94902,22.542957,1,19
32332,19:35:49,113.94902,22.542356,1,0
32332,19:36:49,113.947182,22.54179,1,22
32332,19:37:49,113.947182,22.54179,1,0
32332,19:37:49,113.946083,22.541677,1,0
32332,19:37:58,113.947182,22.54179,1,0
32332,19:38:49,113.946014,22.541739,1,0
32332,19:39:49,113.945213,22.541718,1,0
32332,19:40:49,113.944923,22.539495,1,21
32332,19:41:49,113.941406,22.535734,1,54
32332,19:42:49,113.940826,22.530167,1,3
32332,19:43:49,113.940842,22.526136,1,56
32332,19:44:49,113.939682,22.52492,1,7
32332,19:45:49,113.93856,22.525909,1,25
32332,19:46:48,113.936302,22.523144,1,33
32332,19:47:48,113.933716,22.521595,1,7
32332,19:47:57,113.936302,22.523144,1,0
32332,19:48:38,113.933441,22.521244,0,0
32332,19:48:48,113.93338,22.521324,0,0
32332,19:49:48,113.933571,22.520685,0,6
32332,19:50:48,113.932762,22.518633,0,26
32332,19:51:48,113.93174,22.51895,0,0
32332,19:52:16,113.931747,22.518988,1,3
32332,19:52:48,113.932137,22.520582,1,4
32332,19:53:07,113.931747,22.518988,1,0
32332,19:53:48,113.932434,22.521866,1,13
32332,19:54:48,113.932381,22.521896,1,0
32332,19:55:48,113.931023,22.522379,1,21
32332,19:58:06,113.931023,22.522379,1,0
32332,20:00:48,113.940643,22.545177,1,4
32332,20:01:42,113.94046,22.544558,0,0
32332,20:01:48,113.940468,22.544535,0,2
32332,20:01:56,113.94046,22.544434,1,19
32332,20:02:48,113.935349,22.542849,1,57
32332,20:03:48,113.927078,22.543818,1,48
32332,20:04:48,113.92878,22.551765,1,56
32332,20:05:48,113.929634,22.555536,1,37
32332,20:06:48,113.921692,22.555685,1,56
32332,20:07:48,113.912735,22.553789,1,61
32332,20:08:14,113.921692,22.555685,1,0
32332,20:08:15,113.921692,22.555685,1,0
32332,20:08:48,113.907425,22.552538,1,19
32332,20:09:48,113.905029,22.556128,1,30
32332,20:10:48,113.898582,22.561743,1,63
32332,20:11:48,113.891724,22.568169,1,60
32332,20:12:48,113.884682,22.575008,1,54
32332,20:13:48,113.878738,22.580547,1,58
32332,20:14:48,113.874367,22.585367,1,2
32332,20:15:48,113.874214,22.585642,1,0
32332,20:16:10,113.874176,22.585709,0,0
32332,20:16:48,113.873955,22.586229,0,19
32332,20:17:48,113.874573,22.587177,0,1
32332,20:18:23,113.873955,22.586229,0,0
32332,20:18:48,113.874611,22.587233,0,0
32332,20:19:48,113.873932,22.587965,0,15
32332,20:20:48,113.876297,22.590872,0,47
32332,20:21:48,113.877892,22.592033,0,0
32332,20:22:48,113.877884,22.592043,0,0
32332,20:23:24,113.877892,22.592033,0,0
32332,20:23:48,113.875893,22.590723,0,52
32332,20:24:48,113.871643,22.587919,0,42
32332,20:25:48,113.876015,22.582951,0,44
32332,20:26:48,113.879066,22.579878,0,0
32332,20:27:48,113.881027,22.577991,0,19
32332,20:28:31,113.879066,22.579878,0,0
32332,20:28:48,113.881233,22.577698,0,0
32332,20:29:48,113.881363,22.57762,0,11
32332,20:30:48,113.879128,22.57513,0,0
32332,20:31:48,113.881638,22.577188,0,42
32332,20:32:48,113.884567,22.579737,0,15
32332,20:33:48,113.884354,22.581333,0,8
32332,20:34:48,113.882607,22.582838,0,10
32332,20:35:48,113.881569,22.584211,0,0
32332,20:36:48,113.881409,22.584267,0,0
32332,20:37:48,113.881432,22.584269,0,0
32332,20:38:32,113.881409,22.584267,0,0
32332,20:38:40,113.881409,22.584267,0,0
32332,20:38:48,113.881401,22.584288,0,0
32332,20:39:48,113.881393,22.584328,0,0
32332,20:40:48,113.881371,22.584316,0,0
32332,20:41:48,113.88266,22.582554,0,8
32332,20:42:48,113.883041,22.582308,0,0
32332,20:43:48,113.883392,22.582067,0,9
32332,20:44:48,113.884674,22.581123,0,21
32332,20:45:48,113.882233,22.577791,0,66
32332,20:46:48,113.879135,22.575132,0,0
32332,20:47:48,113.881554,22.57695,0,29
32332,20:48:48,113.881432,22.584269,0,0
32332,20:48:48,113.886147,22.57357,0,58
32332,20:49:48,113.893181,22.566376,0,61
32332,20:50:48,113.899918,22.560629,0,58
32332,20:51:48,113.904732,22.554556,0,34
32332,20:52:48,113.908798,22.549885,0,68
32332,20:53:41,113.881432,22.584269,0,0
32332,20:53:48,113.909744,22.545238,0,0
32332,20:54:48,113.909927,22.544598,0,13
32332,20:55:48,113.915871,22.543242,0,52
32332,20:56:48,113.92128,22.543016,0,46
32332,20:57:48,113.931587,22.542488,0,85
32332,20:58:48,113.945274,22.543011,1,80
32332,20:58:57,113.881432,22.584269,0,0
32332,20:59:48,113.948669,22.543142,1,0
32332,21:00:48,113.957169,22.543291,1,63
32332,21:01:48,113.964943,22.54142,1,47
32332,21:02:48,113.970825,22.539207,1,0
32332,21:03:48,113.97435,22.537712,1,56
32332,21:04:48,113.981613,22.536257,1,0
32332,21:05:48,113.987755,22.536167,1,57
32332,21:06:48,113.997292,22.53491,1,54
32332,21:07:48,114.002312,22.535713,1,0
32332,21:08:48,114.005554,22.536297,1,48
32332,21:08:50,113.881432,22.584269,0,0
32332,21:09:06,113.881432,22.584269,0,0
32332,21:09:48,114.013832,22.537933,1,29
32332,21:10:48,114.016151,22.539249,1,14
32332,21:11:48,114.015656,22.538849,1,1
32332,21:12:48,114.014168,22.539682,1,38
32332,21:13:48,114.013718,22.539597,1,0
32332,21:14:43,114.013222,22.53896,1,0
32332,21:14:48,114.013214,22.538967,1,0
32332,21:15:48,114.013222,22.538973,1,0
32332,21:16:48,114.013229,22.538975,1,0
32332,21:17:48,114.01358,22.538902,1,21
32332,21:18:48,114.007721,22.537123,1,27
32332,21:19:15,113.881432,22.584269,0,0
32332,21:19:48,114.003853,22.536182,1,10
32332,21:20:48,114.00808,22.536703,1,62
32332,21:21:48,114.017792,22.538494,1,57
32332,21:22:48,114.027611,22.540012,1,66
32332,21:23:48,114.031769,22.54073,1,27
32332,21:23:59,114.027611,22.540012,1,0
32332,21:24:48,114.040909,22.542263,1,57
32332,21:25:48,114.048027,22.542433,1,51
32332,21:26:48,114.059921,22.542578,1,63
32332,21:27:48,114.067635,22.542578,1,39
32332,21:28:48,114.068115,22.548283,1,38
32332,21:29:23,114.059921,22.542578,1,0
32332,21:29:48,114.068047,22.549904,1,0
32332,21:30:48,114.067993,22.549889,1,0
32332,21:31:48,114.068016,22.550673,1,0
32332,21:32:48,114.068001,22.550665,1,0
32332,21:33:48,114.067993,22.551012,1,26
32332,21:34:48,114.069069,22.558052,1,52
32332,21:35:48,114.081139,22.558271,1,79
32332,21:36:48,114.090607,22.558445,1,0
32332,21:37:48,114.090546,22.558464,1,0
32332,21:38:48,114.089645,22.560743,1,19
32332,21:39:07,114.090546,22.558464,1,0
32332,21:39:32,114.090546,22.558464,1,0
32332,21:39:48,114.091614,22.560001,1,20
32332,21:40:27,114.092415,22.559849,0,0
32332,21:40:48,114.092461,22.559845,0,0
32332,21:41:48,114.094345,22.559847,0,10
32332,21:42:48,114.09465,22.56041,0,0
32332,21:43:48,114.094635,22.560614,0,16
32332,21:44:48,114.091187,22.561462,0,38
32332,21:45:11,114.090561,22.56139,1,15
32332,21:45:48,114.088531,22.563211,1,49
32332,21:46:48,114.085289,22.569748,1,36
32332,21:47:48,114.077171,22.572582,1,69
32332,21:48:48,114.068474,22.569307,1,14
32332,21:49:40,114.077171,22.572582,1,0
32332,21:49:48,114.067497,22.573149,1,45
32332,21:50:48,114.062172,22.578012,1,58
32332,21:51:48,114.055252,22.580538,1,33
32332,21:52:48,114.053169,22.586357,1,41
32332,21:53:48,114.050247,22.590002,1,36
32332,21:54:16,114.053169,22.586357,1,0
32332,21:54:48,114.042641,22.592642,1,53
32332,21:55:48,114.03212,22.594908,1,83
32332,21:56:48,114.019562,22.592733,1,75
32332,21:57:48,114.008301,22.590351,1,72
32332,21:58:48,113.997757,22.59009,1,66
32332,21:59:48,113.988747,22.586906,1,58
32332,21:59:49,114.008301,22.590351,1,0
32332,22:00:48,113.983376,22.587767,1,18
32332,22:01:48,113.985924,22.589767,1,0
32332,22:01:53,113.985916,22.589767,0,0
32332,22:02:48,113.983505,22.588846,0,0
32332,22:03:48,113.983253,22.588802,0,0
32332,22:04:48,113.98304,22.588676,0,3
32332,22:05:48,113.983055,22.588718,0,0
32332,22:06:48,113.983047,22.588701,0,0
32332,22:07:48,113.982071,22.588194,0,32
32332,22:08:48,113.977898,22.587627,0,6
32332,22:09:24,113.982071,22.588194,0,0
32332,22:09:48,113.97776,22.588455,0,25
32332,22:09:57,113.982071,22.588194,0,0
32332,22:10:48,113.977226,22.592182,0,4
32332,22:11:48,113.977173,22.591957,0,23
32332,22:12:48,113.977432,22.590252,0,21
32332,22:13:48,113.97757,22.589848,0,0
32332,22:14:48,113.979454,22.590414,0,7
32332,22:15:48,113.979095,22.590128,0,15
32332,22:16:07,113.978729,22.589907,1,19
32332,22:16:48,113.97773,22.587763,1,11
32332,22:17:48,113.974014,22.58758,1,40
32332,22:18:48,113.96492,22.585335,1,65
32332,22:19:48,113.955788,22.583876,1,53
32332,22:20:05,113.96492,22.585335,1,0
32332,22:20:48,113.949921,22.584072,1,17
32332,22:21:48,113.949989,22.587927,1,52
32332,22:22:48,113.946236,22.593542,1,27
32332,22:23:48,113.941528,22.596781,1,0
32332,22:24:33,113.946236,22.593542,1,0
32332,22:24:48,113.93512,22.602318,1,68
32332,22:25:48,113.932831,22.608698,1,51
32332,22:26:48,113.934738,22.619238,1,70
32332,22:27:48,113.934647,22.624907,1,0
32332,22:28:48,113.93412,22.62816,0,34
32332,22:29:48,113.93441,22.624992,0,30
32332,22:30:14,113.934738,22.619238,1,0
32332,22:30:48,113.934502,22.615934,0,72
32332,22:31:48,113.932297,22.606518,0,63
32332,22:32:48,113.938866,22.598692,0,66
32332,22:33:48,113.943092,22.595463,0,56
32332,22:34:48,113.949631,22.590948,0,0
32332,22:35:48,113.949623,22.590963,0,0
32332,22:36:48,113.949837,22.587717,0,53
32332,22:37:48,113.944962,22.587072,0,27
32332,22:38:48,113.942368,22.587046,0,41
32332,22:39:41,113.944962,22.587072,0,0
32332,22:39:48,113.939209,22.589041,0,4
32332,22:40:13,113.939056,22.589039,1,14
32332,22:40:22,113.942368,22.587046,0,0
32332,22:40:48,113.938972,22.58544,1,56
32332,22:41:48,113.934067,22.583467,1,45
32332,22:42:48,113.931259,22.582026,1,51
32332,22:43:48,113.924927,22.578985,1,35
32332,22:44:48,113.928795,22.571028,1,63
32332,22:45:48,113.929115,22.56057,1,66
32332,22:46:48,113.928749,22.550587,1,68
32332,22:47:48,113.926994,22.541477,1,67
32332,22:48:48,113.923729,22.535465,1,51
32332,22:49:48,113.920059,22.535732,1,0
32332,22:49:49,113.920059,22.535734,0,0
32332,22:50:17,113.920052,22.535814,1,17
32332,22:50:31,113.923729,22.535465,1,0
32332,22:50:47,113.921577,22.536383,1,39
32332,22:51:47,113.923233,22.535612,1,0
32332,22:52:47,113.926575,22.534758,1,43
32332,22:53:47,113.923904,22.526974,1,41
32332,22:54:47,113.9319,22.524532,1,78
32332,22:54:50,113.926575,22.534758,1,0
32332,22:55:47,113.944725,22.524263,1,81
32332,22:56:47,113.957268,22.52289,1,85
32332,22:57:47,113.970352,22.522636,1,79
32332,22:58:47,113.977806,22.523003,1,57
32332,22:59:47,113.981796,22.528912,1,67
32332,23:00:39,113.977806,22.523003,1,0
32332,23:00:47,113.987503,22.529694,1,16
32332,23:01:47,113.987587,22.52914,1,2
32332,23:02:47,113.987923,22.5271,1,6
32332,23:03:42,113.988091,22.525927,0,0
32332,23:03:47,113.988091,22.525923,0,0
32332,23:04:16,113.988091,22.525835,1,16
32332,23:04:47,113.986977,22.524378,1,41
32332,23:05:47,113.978027,22.523518,1,38
32332,23:06:47,113.977554,22.521547,1,37
32332,23:07:47,113.982864,22.522936,1,62
32332,23:08:47,113.992676,22.526148,1,66
32332,23:09:47,114.001869,22.530048,1,61
32332,23:09:58,113.982864,22.522936,1,0
32332,23:10:47,114.012444,22.530293,1,69
32332,23:10:48,113.992676,22.526148,1,0
32332,23:11:47,114.021629,22.532007,1,59
32332,23:12:47,114.032539,22.529881,1,51
32332,23:13:47,114.039543,22.530579,1,43
32332,23:15:47,114.040352,22.527235,1,25
32332,23:16:47,114.039787,22.527277,1,16
32332,23:17:47,114.038773,22.527407,1,0
32332,23:18:47,114.038528,22.530334,1,32
32332,23:19:47,114.048683,22.531342,1,75
32332,23:20:47,114.059753,22.531561,1,68
32332,23:20:56,114.039543,22.530579,1,0
32332,23:21:47,114.071526,22.531725,1,77
32332,23:22:47,114.079094,22.534592,1,45
32332,23:23:47,114.085609,22.537203,1,28
32332,23:24:10,114.085739,22.537155,0,0
32332,23:24:47,114.085785,22.537167,0,17
32332,23:25:06,114.079094,22.534592,1,0
32332,23:25:47,114.091377,22.539772,0,49
32332,23:26:47,114.09108,22.539343,1,45
32332,23:27:47,114.082794,22.537432,1,73
32332,23:28:47,114.07682,22.532164,1,43
32332,23:30:47,114.070824,22.531967,1,45
32332,23:31:05,114.082794,22.537432,1,0
32332,23:31:47,114.064026,22.531851,1,47
32332,23:32:47,114.053841,22.531576,1,74
32332,23:33:47,114.04184,22.531187,1,76
32332,23:35:47,114.02269,22.533689,1,41
32332,23:36:47,114.022614,22.534916,1,26
32332,23:37:47,114.025848,22.530594,1,59
32332,23:38:47,114.031029,22.526873,1,1
32332,23:40:15,114.031029,22.526873,1,0
32332,23:40:47,114.028702,22.526663,1,0
32332,23:41:13,114.031029,22.526873,1,0
32332,23:41:47,114.029976,22.527397,1,14
32332,23:42:47,114.03051,22.526978,1,0
32332,23:43:47,114.032265,22.526583,1,21
32332,23:44:47,114.027283,22.529484,1,11
32332,23:45:47,114.02726,22.529472,0,0
32332,23:46:47,114.024788,22.534292,0,53
32332,23:47:47,114.024742,22.539452,0,0
32332,23:48:02,114.024818,22.539473,1,14
32332,23:48:47,114.027946,22.538027,1,47
32332,23:49:47,114.028595,22.534872,1,43
32332,23:50:47,114.02948,22.530949,1,7
32332,23:51:22,114.028595,22.534872,1,0
32332,23:51:47,114.022408,22.53204,1,69
32332,23:52:47,114.011276,22.530117,1,85
32332,23:53:47,113.999107,22.529818,1,75
32332,23:55:23,113.999107,22.529818,1,0
