29777,00:00:46,114.105904,22.6159,0,0
29777,00:01:16,114.107002,22.613501,0,28
29777,00:01:46,114.107697,22.610901,0,18
29777,00:02:16,114.107002,22.610399,0,0
29777,00:02:48,114.106903,22.610399,0,0
29777,00:03:47,114.109001,22.610399,0,26
29777,00:04:47,114.1129,22.6054,0,19
29777,00:05:47,114.112396,22.603701,0,5
29777,00:06:47,114.111298,22.601999,0,6
29777,00:07:47,114.1092,22.6019,0,7
29777,00:08:46,114.108704,22.601801,0,10
29777,00:09:16,114.107697,22.6015,0,0
29777,00:09:46,114.107697,22.6015,0,0
29777,00:11:16,114.107399,22.600201,0,9
29777,00:11:46,114.107697,22.5989,0,5
29777,00:12:16,114.108299,22.5986,0,9
29777,00:12:48,114.110298,22.5987,0,12
29777,00:13:48,114.112,22.6003,0,12
29777,00:14:17,114.113403,22.6035,0,24
29777,00:15:17,114.113197,22.6045,0,0
29777,00:15:47,114.112602,22.606001,0,19
29777,00:16:17,114.111801,22.607401,0,0
29777,00:16:47,114.111397,22.608299,0,12
29777,00:19:17,114.105598,22.617399,0,26
29777,00:20:46,114.101501,22.626499,0,4
29777,00:21:16,114.101601,22.627199,0,4
29777,00:21:46,114.100601,22.628099,0,9
29777,00:22:16,114.097801,22.630899,0,30
29777,00:22:46,114.096298,22.6334,0,14
29777,00:23:48,114.095802,22.6367,0,0
29777,00:24:18,114.095802,22.6367,0,0
29777,00:24:48,114.095901,22.6367,0,0
29777,00:25:18,114.0952,22.636801,0,0
29777,00:25:47,114.094803,22.6367,0,0
29777,00:27:47,114.096497,22.632799,0,8
29777,00:28:19,114.096397,22.6313,0,8
29777,00:30:47,114.104103,22.622601,0,0
29777,00:31:17,114.104103,22.622499,0,3
29777,00:31:47,114.104897,22.620501,0,9
29777,00:32:47,114.106003,22.6159,0,0
29777,00:33:17,114.106598,22.614599,0,29
29777,00:34:18,114.107803,22.611401,0,0
29777,00:34:48,114.109901,22.609699,0,18
29777,00:35:48,114.111397,22.6077,0,14
29777,00:36:47,114.112999,22.605101,0,6
29777,00:37:17,114.113098,22.6047,0,0
29777,00:37:47,114.113197,22.604401,0,13
29777,00:39:19,114.111603,22.602699,0,2
29777,00:40:49,114.112099,22.603399,0,0
29777,00:41:19,114.112099,22.603001,0,0
29777,00:41:48,114.112,22.602699,0,6
29777,00:42:48,114.112198,22.601101,0,2
29777,00:43:49,114.112396,22.600599,0,5
29777,00:44:19,114.112701,22.5996,0,19
29777,00:44:49,114.110901,22.5959,0,40
29777,00:45:19,114.109299,22.5905,0,39
29777,00:45:49,114.111,22.587799,0,3
29777,00:46:19,114.109398,22.5917,0,32
29777,00:46:49,114.111198,22.5961,0,23
29777,00:47:18,114.112099,22.596201,0,7
29777,00:47:48,114.112701,22.5952,0,2
29777,00:48:18,114.113503,22.594601,0,0
29777,00:49:19,114.113998,22.594101,0,9
29777,00:49:49,114.113701,22.5942,0,9
29777,00:50:49,114.112503,22.5954,0,0
29777,00:51:19,114.111702,22.596001,0,10
29777,00:52:48,114.114098,22.6001,0,17
29777,00:53:19,114.112297,22.6012,0,0
29777,00:53:49,114.112602,22.603201,0,0
29777,00:54:19,114.113297,22.604601,0,0
29777,00:54:49,114.113297,22.604601,0,0
29777,00:55:49,114.110497,22.608999,0,15
29777,00:57:19,114.119904,22.6112,0,0
29777,00:57:49,114.119904,22.6112,0,0
29777,00:58:18,114.120201,22.611401,0,16
29777,00:58:48,114.122498,22.6131,0,0
29777,00:59:19,114.122498,22.6131,0,0
29777,00:59:49,114.125198,22.615,0,37
29777,01:00:19,114.128899,22.6185,0,29
29777,01:00:49,114.130096,22.619801,0,0
29777,01:01:19,114.131302,22.621201,0,32
29777,01:02:19,114.139099,22.6273,0,5
29777,01:03:19,114.1334,22.628799,0,5
29777,01:03:48,114.135101,22.626301,0,12
29777,01:04:20,114.133102,22.625,0,1
29777,01:04:50,114.133202,22.6252,0,11
29777,01:05:20,114.135399,22.6259,0,18
29777,01:05:50,114.133301,22.623501,0,26
29777,01:06:20,114.135902,22.6252,0,43
29777,01:07:20,114.139,22.6304,0,11
29777,01:07:50,114.141098,22.6311,0,4
29777,01:08:20,114.141403,22.631001,0,14
29777,01:09:18,114.139801,22.6276,0,3
29777,01:09:48,114.139702,22.6276,0,0
29777,01:10:18,114.139397,22.627501,0,0
29777,01:10:48,114.137398,22.626301,0,27
29777,01:11:48,114.129997,22.6199,0,25
29777,01:12:18,114.128304,22.617901,0,21
29777,01:12:48,114.125603,22.6152,0,19
29777,01:14:21,114.121597,22.612499,0,11
29777,01:14:51,114.120598,22.611799,0,0
29777,01:15:50,114.114899,22.6096,0,37
29777,01:16:50,114.1101,22.6094,0,13
29777,01:17:20,114.108398,22.611,0,3
29777,01:17:50,114.106903,22.610399,0,11
29777,01:18:20,114.105202,22.609501,0,0
29777,01:18:50,114.105202,22.609501,0,0
29777,01:19:20,114.1036,22.6103,0,3
29777,01:19:50,114.103302,22.610399,0,7
29777,01:20:49,114.104301,22.6101,0,0
29777,01:21:19,114.104301,22.6101,0,0
29777,01:21:49,114.104301,22.6101,0,0
29777,01:22:19,114.104301,22.6101,0,0
29777,01:22:49,114.104301,22.6101,0,0
29777,01:23:19,114.104301,22.6101,0,0
29777,01:23:49,114.104301,22.6101,0,0
29777,01:24:19,114.104301,22.6101,0,0
29777,01:24:51,114.104301,22.6101,0,0
29777,01:25:21,114.104301,22.6101,0,0
29777,01:25:50,114.104301,22.6101,0,0
29777,01:26:20,114.104301,22.6101,0,0
29777,01:26:50,114.104301,22.6101,0,0
29777,01:27:20,114.104301,22.6101,0,0
29777,01:28:50,114.104301,22.6101,0,0
29777,01:30:21,114.104301,22.6101,0,0
29777,01:33:20,114.104301,22.610399,0,0
29777,01:33:50,114.104301,22.610399,0,0
29777,01:34:20,114.104301,22.610399,0,0
29777,01:34:51,114.104301,22.610399,0,0
29777,01:35:21,114.104301,22.610399,0,0
29777,01:35:51,114.104301,22.610399,0,0
29777,01:36:21,114.104301,22.610399,0,0
29777,01:36:51,114.104301,22.610399,0,0
29777,01:37:20,114.104301,22.610399,0,0
29777,01:37:50,114.104301,22.610399,0,0
29777,01:38:20,114.104301,22.610399,0,0
29777,01:39:52,114.104301,22.610399,0,0
29777,01:42:22,114.104301,22.610399,0,0
29777,01:42:52,114.104301,22.610399,0,0
29777,01:43:21,114.104401,22.610399,0,0
29777,01:43:51,114.104401,22.610399,0,0
29777,01:44:21,114.104401,22.610399,0,0
29777,01:44:51,114.104401,22.610399,0,0
29777,01:45:21,114.104401,22.610399,0,0
29777,01:45:51,114.104401,22.610399,0,0
29777,01:46:21,114.104401,22.610399,0,0
29777,01:46:51,114.104401,22.610399,0,0
29777,01:47:21,114.104401,22.610399,0,0
29777,01:47:51,114.104401,22.610399,0,0
29777,01:48:50,114.104401,22.610399,0,0
29777,01:49:20,114.104401,22.610399,0,0
29777,01:51:22,114.104401,22.610201,0,0
29777,01:51:52,114.104401,22.610201,0,0
29777,01:52:22,114.104401,22.610201,0,0
29777,01:52:52,114.104401,22.610201,0,0
29777,01:53:52,114.104401,22.610201,0,0
29777,01:54:21,114.104401,22.610201,0,0
29777,01:55:21,114.104401,22.610201,0,0
29777,01:55:51,114.104401,22.610201,0,0
29777,01:56:21,114.104401,22.610201,0,0
29777,01:56:51,114.104401,22.610201,0,0
29777,01:58:21,114.104301,22.6101,0,0
29777,01:59:21,114.104301,22.6101,0,0
29777,01:59:50,114.104301,22.6101,0,0
29777,02:00:52,114.104301,22.6101,0,0
29777,02:01:52,114.104301,22.6101,0,0
29777,02:02:22,114.104301,22.6101,0,0
29777,02:02:52,114.104301,22.6101,0,0
29777,02:03:52,114.104301,22.6101,0,0
29777,02:05:21,114.104301,22.6101,0,0
29777,02:05:51,114.104301,22.6101,0,0
29777,02:06:51,114.104301,22.6101,0,0
29777,02:07:21,114.104301,22.6101,0,0
29777,02:07:51,114.104301,22.6101,0,0
29777,02:08:21,114.104301,22.6101,0,0
29777,02:08:51,114.104301,22.6101,0,0
29777,02:09:21,114.104301,22.6101,0,0
29777,02:10:23,114.104301,22.6101,0,0
29777,02:10:52,114.104301,22.6101,0,0
29777,02:11:22,114.104301,22.6101,0,0
29777,02:12:22,114.104301,22.6101,0,0
29777,02:13:52,114.104301,22.6101,0,0
29777,02:15:24,114.104301,22.6101,0,0
29777,02:15:53,114.104301,22.6101,0,0
29777,02:16:23,114.104301,22.6101,0,0
29777,02:16:53,114.104301,22.6101,0,0
29777,02:17:53,114.104301,22.6101,0,0
29777,02:18:23,114.104301,22.6101,0,0
29777,02:20:23,114.104301,22.6101,0,0
29777,02:20:53,114.104301,22.6101,0,0
29777,02:21:52,114.104301,22.6101,0,0
29777,02:22:52,114.104301,22.6101,0,0
29777,02:23:22,114.104301,22.6101,0,0
29777,02:23:52,114.104301,22.6101,0,0
29777,02:24:52,114.104301,22.6101,0,0
29777,02:25:22,114.104301,22.6101,0,0
29777,02:26:53,114.104301,22.6101,0,0
29777,02:27:23,114.104301,22.6101,0,0
29777,02:27:53,114.104301,22.6101,0,0
29777,02:28:53,114.104301,22.6101,0,0
29777,02:29:53,114.104301,22.6101,0,0
29777,02:30:23,114.104301,22.6101,0,0
29777,02:30:53,114.104301,22.6101,0,0
29777,02:31:23,114.104301,22.6101,0,0
29777,02:32:22,114.104301,22.6101,0,0
29777,02:32:52,114.104301,22.6101,0,0
29777,02:33:22,114.104301,22.6101,0,0
29777,02:33:52,114.104301,22.6101,0,0
29777,02:34:22,114.104301,22.6101,0,0
29777,02:35:22,114.104301,22.6101,0,0
29777,02:35:54,114.104301,22.6101,0,0
29777,02:36:24,114.104301,22.6101,0,0
29777,02:36:54,114.104301,22.6101,0,0
29777,02:37:24,114.104301,22.6101,0,0
29777,02:37:53,114.104301,22.6101,0,0
29777,02:38:23,114.104301,22.6101,0,0
29777,02:38:53,114.104301,22.6101,0,0
29777,02:39:23,114.104301,22.6101,0,0
29777,02:39:53,114.104301,22.6101,0,0
29777,02:41:25,114.104301,22.6101,0,0
29777,02:42:25,114.104301,22.6101,0,0
29777,02:43:54,114.104301,22.6101,0,0
29777,02:44:24,114.104301,22.6101,0,0
29777,02:45:24,114.104301,22.6101,0,0
29777,02:45:54,114.104301,22.6101,0,0
29777,02:46:24,114.104301,22.6101,0,0
29777,02:46:54,114.104301,22.6101,0,0
29777,02:47:24,114.104301,22.6101,0,0
29777,02:47:54,114.104301,22.6101,0,0
29777,02:48:24,114.104301,22.6101,0,0
29777,02:48:53,114.104301,22.6101,0,0
29777,02:49:23,114.104301,22.6101,0,0
29777,02:49:53,114.104301,22.6101,0,0
29777,02:50:53,114.104301,22.6101,0,0
29777,02:51:25,114.104301,22.6101,0,0
29777,02:51:55,114.104301,22.6101,0,0
29777,02:52:55,114.104301,22.6101,0,0
29777,02:53:25,114.104301,22.6101,0,0
29777,02:53:55,114.104301,22.6101,0,0
29777,02:54:24,114.104301,22.6101,0,0
29777,02:54:54,114.104301,22.6101,0,0
29777,02:55:24,114.104301,22.6101,0,0
29777,02:55:54,114.104301,22.6101,0,0
29777,02:56:24,114.104301,22.6101,0,0
29777,02:56:54,114.104301,22.6101,0,0
29777,02:58:54,114.104301,22.6101,0,0
29777,03:00:23,114.104301,22.6101,0,0
29777,03:00:53,114.104301,22.6101,0,0
29777,03:01:55,114.104301,22.6101,0,0
29777,03:02:25,114.104301,22.6101,0,0
29777,03:02:55,114.104301,22.6101,0,0
29777,03:03:25,114.104301,22.6101,0,0
29777,03:03:55,114.104301,22.6101,0,0
29777,03:04:25,114.104301,22.6101,0,0
29777,03:04:54,114.104301,22.6101,0,0
29777,03:05:24,114.104301,22.6101,0,0
29777,03:05:54,114.104301,22.6101,0,0
29777,03:06:24,114.104301,22.6101,0,0
29777,03:07:24,114.104301,22.6101,0,0
29777,03:08:24,114.104301,22.6101,0,0
29777,03:08:54,114.104301,22.6101,0,0
29777,03:09:24,114.104301,22.6101,0,0
29777,03:09:54,114.104301,22.6101,0,0
29777,03:10:53,114.104301,22.6101,0,0
29777,03:11:25,114.104897,22.6094,0,0
29777,03:11:55,114.1063,22.610001,0,13
29777,03:12:25,114.108597,22.610701,0,24
29777,03:13:55,114.112801,22.609501,0,29
29777,03:14:25,114.118202,22.610201,0,35
29777,03:14:55,114.119698,22.6112,0,0
29777,03:15:25,114.121803,22.6126,0,27
29777,03:16:56,114.122398,22.6133,0,0
29777,03:17:56,114.1203,22.611601,0,0
29777,03:18:26,114.1203,22.611601,0,0
29777,03:18:56,114.120903,22.6103,0,30
29777,03:19:26,114.1213,22.6077,0,33
29777,03:19:56,114.117599,22.6054,0,0
29777,03:20:26,114.116699,22.6043,0,25
29777,03:20:55,114.115402,22.602501,0,0
29777,03:21:25,114.116302,22.601299,0,3
29777,03:22:03,114.1157,22.601999,0,9
29777,03:22:33,114.115601,22.6021,0,0
29777,03:23:33,114.117104,22.6042,0,20
29777,03:23:54,114.117699,22.604799,0,0
29777,03:24:24,114.120697,22.606899,0,39
29777,03:24:54,114.125999,22.6096,0,31
29777,03:25:54,114.125099,22.614,0,34
29777,03:26:23,114.120796,22.617901,0,43
29777,03:27:25,114.115402,22.6213,0,17
29777,03:28:55,114.103104,22.625799,0,42
29777,03:29:25,114.098297,22.630301,0,41
29777,03:29:55,114.093102,22.632799,0,39
29777,03:30:55,114.081802,22.629101,0,8
29777,03:31:25,114.078201,22.628901,0,37
29777,03:32:55,114.060303,22.6297,0,47
29777,03:33:25,114.052803,22.630199,0,48
29777,03:34:25,114.042503,22.6327,0,25
29777,03:34:55,114.039497,22.632999,0,0
29777,03:35:55,114.032204,22.6332,0,30
29777,03:37:25,114.034103,22.6255,0,18
29777,03:37:55,114.034897,22.625401,0,0
29777,03:38:25,114.034897,22.6255,0,0
29777,03:38:55,114.034798,22.625401,0,0
29777,03:39:25,114.034798,22.625401,0,0
29777,03:39:55,114.0345,22.6245,0,20
29777,03:40:25,114.035599,22.621,0,9
29777,03:41:57,114.038498,22.614599,0,17
29777,03:42:26,114.038803,22.614,0,17
29777,03:44:26,114.043198,22.6019,0,0
29777,03:44:56,114.043198,22.6012,0,0
29777,03:45:26,114.043198,22.6012,0,0
29777,03:45:56,114.043198,22.6012,0,0
29777,03:46:26,114.043198,22.6012,0,0
29777,03:47:56,114.043198,22.6012,0,0
29777,03:48:25,114.043198,22.6012,0,0
29777,03:48:55,114.043198,22.6012,0,0
29777,03:49:25,114.0439,22.600201,0,19
29777,03:49:55,114.044601,22.599199,0,18
29777,03:50:25,114.043701,22.6019,0,15
29777,03:51:25,114.0494,22.604401,0,22
29777,03:51:55,114.049797,22.6045,0,0
29777,03:52:27,114.050598,22.604799,0,22
29777,03:52:57,114.053902,22.607599,0,33
29777,03:53:27,114.055099,22.611799,0,28
29777,03:53:56,114.055901,22.6157,0,25
29777,03:54:26,114.055801,22.618999,0,6
29777,03:55:56,114.055702,22.6234,0,26
29777,03:56:26,114.055702,22.624901,0,0
29777,03:56:56,114.055702,22.6269,0,34
29777,03:57:26,114.055603,22.6292,0,0
29777,03:57:56,114.055603,22.6292,0,0
29777,03:58:26,114.055603,22.6297,0,18
29777,03:58:55,114.055397,22.632999,0,0
29777,03:59:25,114.055496,22.633301,0,0
29777,03:59:55,114.055496,22.633301,0,0
29777,04:00:25,114.055397,22.6341,0,23
29777,04:00:55,114.055397,22.6355,0,0
29777,04:01:55,114.055496,22.6373,0,27
29777,04:02:57,114.055,22.6418,0,0
29777,04:03:57,114.056099,22.642401,0,15
29777,04:04:26,114.057098,22.6425,0,0
29777,04:05:26,114.055496,22.644501,0,29
29777,04:05:56,114.054703,22.644501,0,0
29777,04:06:56,114.054604,22.643299,0,29
29777,04:07:26,114.055901,22.6388,0,29
29777,04:07:57,114.054298,22.6362,0,22
29777,04:08:27,114.050598,22.637699,0,27
29777,04:09:56,114.045197,22.637699,0,26
29777,04:10:26,114.043404,22.6341,0,33
29777,04:10:56,114.040298,22.632999,0,26
29777,04:11:26,114.034897,22.6336,0,37
29777,04:11:56,114.032204,22.634001,0,10
29777,04:12:57,114.030296,22.6294,0,21
29777,04:13:27,114.030197,22.626801,0,14
29777,04:13:57,114.030296,22.626499,0,5
29777,04:14:27,114.0299,22.6273,0,0
29777,04:14:57,114.0299,22.6287,0,23
29777,04:15:56,114.031998,22.631001,0,15
29777,04:16:26,114.032303,22.633699,0,6
29777,04:16:56,114.032303,22.633801,0,0
29777,04:17:57,114.032501,22.6401,0,28
29777,04:18:57,114.037201,22.641899,0,25
29777,04:19:27,114.0383,22.641701,0,0
29777,04:19:57,114.038498,22.6423,0,15
29777,04:20:27,114.039803,22.645201,0,11
29777,04:20:57,114.039803,22.645399,0,0
29777,04:21:26,114.039001,22.6462,0,23
29777,04:22:26,114.032898,22.648399,0,11
29777,04:24:58,114.028198,22.6516,0,26
29777,04:25:28,114.026497,22.653601,0,37
29777,04:26:28,114.023003,22.6581,0,0
29777,04:26:57,114.020699,22.6604,0,23
29777,04:27:27,114.018204,22.6637,0,32
29777,04:27:57,114.016701,22.665899,0,0
29777,04:28:27,114.015503,22.6677,0,33
29777,04:28:58,114.014999,22.668501,0,0
29777,04:29:28,114.013298,22.6712,0,24
29777,04:29:58,114.010201,22.674299,0,34
29777,04:30:28,114.007301,22.677,0,12
29777,04:30:58,114.004799,22.6761,0,22
29777,04:31:28,114.002098,22.6754,0,3
29777,04:31:57,113.998802,22.6747,0,24
29777,04:32:57,113.997398,22.676001,0,16
29777,04:33:27,113.995499,22.679399,0,16
29777,04:33:58,113.998001,22.681601,0,19
29777,04:34:28,114.001503,22.6824,0,9
29777,04:36:58,113.998001,22.690001,0,21
29777,04:37:57,113.993599,22.693001,0,13
29777,04:39:28,113.991402,22.6933,0,0
29777,04:39:58,113.989502,22.6931,0,23
29777,04:40:28,113.987099,22.6929,0,0
29777,04:40:58,113.987099,22.6929,0,0
29777,04:41:28,113.986801,22.692699,0,0
29777,04:41:58,113.986801,22.6901,0,26
29777,04:42:28,113.988503,22.6861,0,27
29777,04:42:57,113.990097,22.6826,0,22
29777,04:43:58,113.990303,22.681999,0,0
29777,04:44:58,113.9897,22.677,0,24
29777,04:45:28,113.988503,22.6765,0,0
29777,04:45:58,113.988297,22.676399,0,15
29777,04:46:28,113.985802,22.6735,0,25
29777,04:46:58,113.9851,22.6726,0,0
29777,04:47:28,113.983398,22.673201,0,27
29777,04:47:58,113.980598,22.6749,0,0
29777,04:48:57,113.975899,22.678699,0,20
29777,04:49:28,113.976402,22.679899,0,0
29777,04:50:28,113.974403,22.6789,0,0
29777,04:50:58,113.976799,22.677401,0,20
29777,04:51:28,113.979301,22.6751,0,20
29777,04:51:58,113.980499,22.6744,0,0
29777,04:52:58,113.983299,22.672899,0,17
29777,04:53:58,113.987801,22.6702,0,21
29777,04:54:57,113.993401,22.665899,0,24
29777,04:55:59,113.997398,22.662399,0,0
29777,04:56:59,114.0009,22.6579,0,30
29777,04:57:29,114.002998,22.6549,0,15
29777,04:57:59,114.004303,22.6532,0,0
29777,04:58:59,114.007301,22.649099,0,35
29777,04:59:29,114.007896,22.6483,0,0
29777,04:59:58,114.007896,22.6483,0,0
29777,05:00:28,114.009201,22.648701,0,15
29777,05:01:29,114.013199,22.651199,0,0
29777,05:01:59,114.013702,22.651501,0,18
29777,05:02:29,114.016403,22.6535,0,15
29777,05:02:59,114.0187,22.6551,0,7
29777,05:03:29,114.020798,22.6567,0,17
29777,05:04:29,114.022301,22.657801,0,0
29777,05:04:59,114.022301,22.657801,0,0
29777,05:05:28,114.021004,22.6572,0,18
29777,05:05:52,114.020798,22.657101,0,0
29777,05:06:17,114.020203,22.6567,0,4
29777,05:06:46,114.0187,22.655399,0,5
29777,05:07:16,114.021698,22.657301,0,26
29777,05:07:46,114.022499,22.6577,0,0
29777,05:08:46,114.022903,22.6581,0,17
29777,05:09:16,114.024696,22.6595,0,0
29777,05:10:16,114.030098,22.6637,0,30
29777,05:10:45,114.030502,22.664301,0,0
29777,05:11:17,114.030502,22.664301,0,0
29777,05:11:47,114.031799,22.667101,0,30
29777,05:12:17,114.032402,22.668501,0,0
29777,05:13:17,114.032997,22.669701,0,25
29777,05:13:47,114.033897,22.6716,0,0
29777,05:14:17,114.033997,22.6719,0,17
29777,05:14:47,114.0355,22.6751,0,18
29777,05:15:17,114.0364,22.675501,0,23
29777,05:15:47,114.039497,22.6745,0,12
29777,05:16:16,114.040398,22.6745,0,24
29777,05:16:46,114.042099,22.6747,0,0
29777,05:17:16,114.042099,22.6747,0,0
29777,05:17:46,114.042099,22.6747,0,0
29777,05:18:46,114.043999,22.674801,0,8
29777,05:19:16,114.044197,22.6766,0,39
29777,05:19:46,114.043999,22.6796,0,12
29777,05:20:46,114.044502,22.689301,0,41
29777,05:21:17,114.044701,22.692801,0,1
29777,05:21:47,114.044701,22.692801,0,0
29777,05:22:47,114.044502,22.697599,0,15
29777,05:23:17,114.044502,22.6984,0,0
29777,05:23:47,114.044502,22.6984,0,0
29777,05:24:17,114.044403,22.6982,0,17
29777,05:24:47,114.044502,22.694901,0,25
29777,05:25:17,114.044403,22.691401,0,30
29777,05:25:47,114.044197,22.687799,0,18
29777,05:26:17,114.043999,22.683599,0,37
29777,05:26:46,114.0439,22.6805,0,0
29777,05:27:16,114.0439,22.6805,0,0
29777,05:27:46,114.0439,22.677099,0,37
29777,05:28:16,114.0457,22.6737,0,26
29777,05:28:46,114.048103,22.670601,0,14
29777,05:29:16,114.048599,22.6702,0,12
29777,05:29:46,114.051697,22.6686,0,27
29777,05:30:16,114.054199,22.6675,0,0
29777,05:30:46,114.054703,22.666901,0,8
29777,05:31:16,114.055901,22.6656,0,16
29777,05:31:48,114.057098,22.6639,0,15
29777,05:32:47,114.059799,22.661501,0,13
29777,05:33:47,114.066597,22.660601,0,19
29777,05:34:17,114.066902,22.6604,0,0
29777,05:34:47,114.066902,22.6604,0,0
29777,05:35:17,114.068497,22.6593,0,19
29777,05:35:47,114.07,22.6562,0,22
29777,05:37:18,114.076302,22.6504,0,19
29777,05:37:47,114.077202,22.6478,0,12
29777,05:38:17,114.077301,22.645,0,8
29777,05:38:47,114.078697,22.6437,0,26
29777,05:40:17,114.085098,22.639799,0,28
29777,05:40:47,114.089996,22.640499,0,29
29777,05:42:18,114.095497,22.6348,0,12
29777,05:42:48,114.096603,22.631701,0,13
29777,05:43:18,114.0979,22.6304,0,20
29777,05:43:47,114.1008,22.627501,0,36
29777,05:44:47,114.106201,22.6236,0,0
29777,05:45:17,114.107002,22.622999,0,25
29777,05:45:47,114.1119,22.6215,0,33
29777,05:46:17,114.114998,22.621201,0,10
29777,05:46:47,114.115601,22.6206,0,0
29777,05:47:17,114.115601,22.6206,0,0
29777,05:47:47,114.115601,22.6206,0,0
29777,05:48:19,114.115601,22.6206,0,0
29777,05:49:18,114.115601,22.6206,0,0
29777,05:49:48,114.115601,22.6206,0,0
29777,05:50:18,114.115601,22.6206,0,0
29777,05:53:48,114.115601,22.6206,0,0
29777,05:54:17,114.115601,22.6206,0,0
29777,05:55:17,114.115799,22.6206,0,0
29777,05:55:47,114.115799,22.6206,0,0
29777,05:56:17,114.115799,22.6206,0,0
29777,05:57:17,114.115799,22.6206,0,0
29777,05:57:47,114.115799,22.6206,0,0
29777,05:58:17,114.115799,22.6206,0,0
29777,05:59:19,114.115799,22.6206,0,0
29777,05:59:48,114.1157,22.6206,0,3
29777,06:00:48,114.116096,22.623899,0,12
29777,06:01:48,114.119797,22.6252,0,18
29777,06:02:18,114.121101,22.625401,0,8
29777,06:02:48,114.124496,22.6259,0,32
29777,06:03:18,114.128998,22.627501,0,31
29777,06:03:49,114.1315,22.6299,0,0
29777,06:04:19,114.1315,22.6299,0,0
29777,06:05:48,114.128098,22.6332,0,0
29777,06:06:18,114.128098,22.6332,0,0
29777,06:06:48,114.128502,22.6339,0,23
29777,06:07:18,114.130096,22.6364,0,0
29777,06:07:48,114.129097,22.637199,0,15
29777,06:08:49,114.130402,22.641199,0,0
29777,06:09:49,114.130402,22.641199,0,0
29777,06:10:19,114.130402,22.641199,0,0
29777,06:10:48,114.130402,22.641199,0,0
29777,06:11:18,114.130402,22.641199,0,0
29777,06:11:48,114.130402,22.641199,0,0
29777,06:12:18,114.130402,22.641199,0,0
29777,06:13:18,114.130402,22.641199,0,0
29777,06:15:20,114.130402,22.641199,0,0
29777,06:15:50,114.130402,22.641199,0,0
29777,06:16:19,114.130402,22.641199,0,0
29777,06:17:49,114.130402,22.641199,0,0
29777,06:18:19,114.130402,22.641199,0,0
29777,06:18:50,114.130402,22.641199,0,0
29777,06:19:50,114.130402,22.641199,0,0
29777,06:22:19,114.130402,22.641199,0,0
29777,06:22:49,114.130402,22.641199,0,0
29777,06:23:19,114.130402,22.641199,0,0
29777,06:23:49,114.130402,22.641199,0,0
29777,06:24:20,114.130402,22.641199,0,0
29777,06:24:50,114.130402,22.641199,0,0
29777,06:25:50,114.130402,22.641199,0,0
29777,06:26:20,114.130402,22.641199,0,0
29777,06:27:49,114.130402,22.641199,0,0
29777,06:28:19,114.130402,22.641199,0,0
29777,06:29:20,114.130402,22.641199,0,0
29777,06:29:50,114.130402,22.641199,0,0
29777,06:30:20,114.130402,22.641199,0,0
29777,06:30:50,114.130402,22.641199,0,0
29777,06:31:20,114.130402,22.641199,0,0
29777,06:31:50,114.130402,22.641199,0,0
29777,06:33:19,114.130402,22.641199,0,0
29777,06:33:49,114.130402,22.641199,0,0
29777,06:34:20,114.130402,22.641199,0,0
29777,06:36:20,114.130402,22.641199,0,0
29777,06:37:20,114.130402,22.641199,0,0
29777,06:37:50,114.130402,22.641199,0,0
29777,06:38:19,114.130402,22.641199,0,0
29777,06:38:49,114.130402,22.641199,0,0
29777,06:39:20,114.130402,22.641199,0,0
29777,06:40:20,114.130402,22.641199,0,0
29777,06:40:50,114.130402,22.641199,0,0
29777,06:41:20,114.130402,22.641199,0,0
29777,06:42:20,114.130402,22.641199,0,0
29777,06:42:50,114.130402,22.641199,0,0
29777,06:43:49,114.130402,22.641199,0,0
29777,06:44:20,114.130402,22.641199,0,0
29777,06:45:20,114.130402,22.641199,0,0
29777,06:46:20,114.130402,22.641199,0,0
29777,06:46:50,114.130402,22.641199,0,0
29777,06:47:20,114.130402,22.641199,0,0
29777,06:47:50,114.130402,22.641199,0,0
29777,06:48:20,114.130402,22.641199,0,0
29777,06:49:21,114.130402,22.641199,0,0
29777,06:49:51,114.130402,22.641199,0,0
29777,06:50:21,114.130402,22.641199,0,0
29777,06:50:51,114.130402,22.641199,0,0
29777,06:51:21,114.130402,22.641199,0,0
29777,06:51:51,114.130402,22.641199,0,0
29777,06:52:21,114.130402,22.641199,0,0
29777,06:53:21,114.130402,22.641199,0,0
29777,06:53:51,114.130402,22.641199,0,0
29777,06:54:20,114.130402,22.641199,0,0
29777,06:55:21,114.130402,22.641199,0,0
29777,06:56:21,114.130402,22.641199,0,0
29777,06:56:51,114.130402,22.641199,0,0
29777,06:57:21,114.130402,22.641199,0,0
29777,06:57:51,114.130402,22.641199,0,0
29777,06:58:21,114.130402,22.641199,0,0
29777,06:58:51,114.130402,22.641199,0,0
29777,06:59:51,114.130402,22.641199,0,0
29777,07:00:21,114.130402,22.641199,0,0
29777,07:00:51,114.130402,22.641199,0,0
29777,07:01:21,114.130402,22.641199,0,0
29777,07:01:51,114.130402,22.641199,0,0
29777,07:02:21,114.130402,22.641199,0,0
29777,07:02:51,114.130402,22.641199,0,0
29777,07:04:52,114.130402,22.641199,0,0
29777,07:05:21,114.130402,22.641199,0,0
29777,07:06:51,114.130402,22.641199,0,0
29777,07:06:52,114.130402,22.641199,0,0
29777,07:07:21,114.130402,22.641199,0,0
29777,07:08:21,114.130402,22.641199,0,0
29777,07:08:51,114.130402,22.641199,0,0
29777,07:09:52,114.130402,22.641199,0,0
29777,07:10:22,114.130402,22.641199,0,0
29777,07:12:40,114.130501,22.641199,0,0
29777,07:13:40,114.130501,22.641199,0,0
29777,07:14:10,114.130501,22.641199,0,0
29777,07:14:40,114.130501,22.641199,0,0
29777,07:15:40,114.130501,22.641199,0,0
29777,07:16:10,114.130501,22.641199,0,0
29777,07:16:39,114.130501,22.641199,0,0
29777,07:17:10,114.130501,22.641199,0,0
29777,07:17:40,114.130501,22.641199,0,0
29777,07:18:10,114.130501,22.641199,0,0
29777,07:18:40,114.130501,22.641199,0,0
29777,07:19:10,114.130501,22.641199,0,0
29777,07:20:10,114.130501,22.641199,0,0
29777,07:20:40,114.130501,22.641199,0,0
29777,07:21:10,114.130501,22.641199,0,0
29777,07:21:40,114.130501,22.641199,0,0
29777,07:22:10,114.130501,22.641199,0,0
29777,07:23:09,114.130501,22.641199,0,0
29777,07:23:39,114.130501,22.641199,0,0
29777,07:25:09,114.130501,22.641199,0,0
29777,07:25:39,114.130501,22.641199,0,0
29777,07:26:09,114.130501,22.641199,0,0
29777,07:27:11,114.130501,22.641199,0,0
29777,07:27:40,114.130501,22.641199,0,0
29777,07:29:40,114.130501,22.641199,0,0
29777,07:30:10,114.130501,22.641199,0,0
29777,07:30:40,114.130501,22.641199,0,0
29777,07:31:10,114.130501,22.641199,0,0
29777,07:32:10,114.130402,22.6406,0,9
29777,07:33:39,114.129997,22.6366,0,0
29777,07:34:09,114.1297,22.6353,0,13
29777,07:34:39,114.128098,22.633699,0,4
29777,07:36:39,114.128098,22.633699,0,0
29777,07:37:09,114.128098,22.633699,0,0
29777,07:37:41,114.127998,22.633499,0,10
29777,07:38:11,114.130096,22.6315,0,34
29777,07:38:40,114.131401,22.6304,0,0
29777,07:39:10,114.131401,22.6304,0,0
29777,07:41:40,114.132004,22.630501,0,0
29777,07:42:10,114.130997,22.629499,0,22
29777,07:43:10,114.127998,22.625,0,22
29777,07:44:39,114.120102,22.6217,0,16
29777,07:45:09,114.119797,22.6213,0,0
29777,07:45:45,114.118698,22.6203,0,11
29777,07:47:15,114.115997,22.6213,0,0
29777,07:47:47,114.115997,22.6213,0,3
29777,07:48:17,114.113701,22.6215,0,19
29777,07:49:17,114.107399,22.6229,0,13
29777,07:49:46,114.105103,22.624399,0,22
29777,07:50:46,114.1017,22.6269,0,3
29777,07:51:46,114.100098,22.628401,0,5
29777,07:52:16,114.099503,22.629101,0,9
29777,07:52:47,114.098503,22.630199,0,13
29777,07:53:17,114.097099,22.6318,0,10
29777,07:53:47,114.096802,22.632299,0,0
29777,07:54:47,114.096703,22.6325,0,10
29777,07:55:16,114.096001,22.6341,0,26
29777,07:55:46,114.095001,22.635799,0,0
29777,07:56:16,114.094498,22.6369,0,16
29777,07:56:46,114.0924,22.639299,0,19
29777,07:57:16,114.089897,22.640499,0,21
29777,07:57:47,114.085999,22.639601,0,24
29777,07:58:17,114.084602,22.639999,0,0
29777,07:58:47,114.084602,22.639999,0,0
29777,07:59:47,114.081902,22.641701,0,12
29777,08:00:46,114.077797,22.6444,0,0
29777,08:01:16,114.0774,22.6446,0,13
29777,08:01:46,114.076302,22.645201,0,0
29777,08:02:48,114.0756,22.6453,0,5
29777,08:03:18,114.074799,22.645399,0,9
29777,08:04:18,114.071098,22.644501,0,4
29777,08:05:18,114.07,22.6444,0,0
29777,08:05:48,114.069504,22.6444,0,4
29777,08:06:17,114.068901,22.6444,0,3
29777,08:06:47,114.068298,22.644199,0,10
29777,12:29:10,114.008797,22.647301,0,4
29777,12:30:40,114.008598,22.647499,0,0
29777,12:31:41,114.004402,22.653299,0,34
29777,12:32:11,114.003502,22.654699,0,0
29777,12:32:41,114.003502,22.654699,0,0
29777,12:33:41,114.000603,22.6586,0,33
29777,12:34:10,113.998299,22.6618,0,2
29777,12:34:40,113.996902,22.663099,0,22
29777,12:35:10,113.994499,22.6651,0,20
29777,12:35:40,113.992104,22.667299,0,27
29777,12:36:10,113.987701,22.670601,0,44
29777,12:36:41,113.981903,22.674,0,42
29777,12:37:41,113.973999,22.680599,0,35
29777,12:38:11,113.970398,22.6852,0,43
29777,12:38:41,113.967796,22.689199,0,34
29777,12:39:11,113.965797,22.6901,0,29
29777,12:39:40,113.965797,22.687599,0,14
29777,12:40:40,113.955902,22.6833,0,48
29777,12:41:41,113.943703,22.676001,0,37
29777,12:42:11,113.938004,22.672199,0,49
29777,12:42:41,113.9319,22.669399,0,45
29777,12:43:11,113.926804,22.6647,0,48
29777,12:43:41,113.921204,22.660299,0,49
29777,12:44:11,113.913803,22.659,0,49
29777,12:44:41,113.906303,22.659201,0,51
29777,12:45:10,113.8992,22.6593,0,44
29777,12:46:10,113.883301,22.658001,0,53
29777,12:46:42,113.875397,22.656799,0,53
29777,12:47:12,113.867996,22.6551,0,51
29777,12:48:12,113.861,22.643101,0,46
29777,12:48:42,113.859596,22.638201,0,27
29777,12:49:12,113.858498,22.6366,0,0
29777,12:49:42,113.858498,22.6366,0,0
29777,12:50:41,113.856201,22.632999,0,45
29777,12:51:41,113.849998,22.626801,0,30
29777,12:52:11,113.848396,22.6236,0,35
29777,12:53:11,113.837196,22.620199,0,41
29777,12:54:11,113.825996,22.6154,0,38
29777,12:55:11,113.816803,22.613199,0,33
29777,12:55:40,113.814301,22.617701,0,37
29777,12:56:42,113.812599,22.6264,0,34
29777,12:57:12,113.809898,22.627701,0,9
29777,12:58:12,113.809196,22.627399,0,0
29777,12:58:42,113.808601,22.6271,0,9
29777,12:59:42,113.807198,22.6224,0,25
29777,13:00:12,113.808403,22.621,0,15
29777,13:01:12,113.8125,22.623899,0,18
29777,13:01:41,113.812698,22.622999,0,12
29777,13:02:12,113.813004,22.6234,0,0
29777,13:02:42,113.813004,22.6234,0,0
29777,13:03:12,113.813004,22.6234,0,0
29777,13:03:42,113.813004,22.6234,0,0
29777,13:04:12,113.813004,22.6234,0,0
29777,13:04:42,113.813004,22.6234,0,0
29777,13:05:12,113.813004,22.6234,0,0
29777,13:05:42,113.813004,22.6234,0,0
29777,13:06:12,113.813004,22.6234,0,0
29777,13:09:12,113.813004,22.6234,0,0
29777,13:10:12,113.813004,22.6234,0,0
29777,13:11:42,113.813004,22.6234,0,0
29777,13:12:13,113.813004,22.6234,0,0
29777,13:12:42,113.813004,22.6234,0,0
29777,13:13:12,113.813004,22.6234,0,0
29777,13:13:42,113.813004,22.6234,0,0
29777,13:14:12,113.813004,22.6234,0,0
29777,13:15:12,113.813004,22.6234,0,0
29777,13:15:42,113.813004,22.6234,0,0
29777,13:17:13,113.813202,22.624001,0,0
29777,13:17:43,113.813202,22.624001,0,0
29777,13:18:12,113.813499,22.624701,0,9
29777,13:18:42,113.813499,22.625,0,0
29777,13:19:12,113.813499,22.625,0,0
29777,13:19:42,113.813499,22.625,0,0
29777,13:20:42,113.813499,22.625,0,0
29777,13:21:12,113.813499,22.625,0,0
29777,13:21:42,113.813499,22.625,0,0
29777,13:22:44,113.813499,22.625,0,0
29777,13:23:14,113.813499,22.625,0,0
29777,13:23:43,113.8134,22.6252,0,13
29777,13:24:13,113.812897,22.625999,0,0
29777,13:25:43,113.812897,22.625999,0,0
29777,13:27:13,113.812897,22.625999,0,0
29777,13:27:43,113.812897,22.625999,0,0
29777,13:28:13,113.812897,22.625999,0,0
29777,13:29:12,113.812897,22.625999,0,4
29777,13:30:12,113.812103,22.627701,0,11
29777,13:31:42,113.811897,22.627899,0,0
29777,13:32:12,113.811897,22.627899,0,0
29777,13:32:44,113.811897,22.627899,0,0
29777,13:34:13,113.811699,22.628,0,0
29777,13:34:43,113.811501,22.628,0,3
29777,13:35:13,113.811501,22.628,0,0
29777,13:36:13,113.811699,22.627899,0,0
29777,13:36:43,113.811401,22.627899,0,6
29777,13:37:13,113.809998,22.6269,0,9
29777,13:37:44,113.809998,22.626699,0,0
29777,13:38:44,113.809998,22.626699,0,0
29777,13:39:44,113.808197,22.624701,0,0
29777,13:40:43,113.809303,22.618999,0,33
29777,13:41:13,113.811699,22.614799,0,36
29777,13:41:43,113.814499,22.6105,0,35
29777,13:42:13,113.818802,22.6106,0,25
29777,13:43:43,113.830803,22.6175,0,35
29777,13:44:45,113.841202,22.621099,0,38
29777,13:45:44,113.849403,22.6241,0,6
29777,13:46:14,113.851799,22.624901,0,30
29777,13:47:14,113.855698,22.6322,0,35
29777,13:48:44,113.859001,22.6362,0,0
29777,13:49:44,113.860901,22.6418,0,37
29777,13:50:15,113.862,22.6469,0,34
29777,13:50:45,113.864197,22.651899,0,48
29777,13:51:14,113.870399,22.6558,0,53
29777,13:52:14,113.884399,22.658001,0,39
29777,13:53:14,113.894997,22.6588,0,36
29777,13:53:44,113.895401,22.6583,0,33
29777,13:54:14,113.892799,22.663401,0,37
29777,13:54:44,113.891602,22.6686,0,41
29777,13:55:14,113.889503,22.674999,0,50
29777,13:55:44,113.887802,22.681601,0,49
29777,13:57:13,113.886497,22.6999,0,44
29777,13:57:43,113.8843,22.7064,0,50
29777,13:58:43,113.880898,22.7194,0,45
29777,13:59:13,113.882004,22.7255,0,43
29777,13:59:43,113.883301,22.7311,0,41
29777,14:00:15,113.883102,22.7365,0,39
29777,14:01:15,113.880203,22.7423,0,17
29777,14:02:44,113.881302,22.739901,0,16
29777,14:04:14,113.886398,22.733999,0,19
29777,14:04:44,113.8862,22.7348,0,24
29777,14:05:14,113.885498,22.737,0,0
29777,14:06:14,113.885498,22.737,0,0
29777,14:07:14,113.885101,22.7377,0,14
29777,14:07:43,113.886803,22.738501,0,23
29777,14:08:45,113.895401,22.7393,0,30
29777,14:09:15,113.899902,22.739799,0,29
29777,14:09:45,113.902199,22.739,0,24
29777,14:11:15,113.902397,22.7302,0,0
29777,14:12:15,113.902496,22.7253,0,37
29777,14:12:44,113.902298,22.721901,0,13
29777,14:13:14,113.902,22.7195,0,4
29777,14:14:15,113.901802,22.718201,0,12
29777,14:14:45,113.901802,22.7176,0,0
29777,14:15:15,113.901802,22.7174,0,1
29777,14:15:45,113.901703,22.7173,0,0
29777,14:17:45,113.901703,22.7173,0,0
29777,14:18:14,113.901703,22.7173,0,0
29777,14:20:15,113.901703,22.7173,0,0
29777,14:20:45,113.901703,22.7173,0,0
29777,14:21:45,113.903503,22.711901,0,25
29777,14:23:15,113.907997,22.7082,0,28
29777,14:23:47,113.912003,22.7064,0,37
29777,14:25:16,113.913902,22.7005,0,31
29777,14:25:46,113.9151,22.695299,0,36
29777,14:26:16,113.9161,22.692801,0,0
29777,14:26:46,113.9161,22.692801,0,0
29777,14:27:16,113.9161,22.692801,0,0
29777,14:27:46,113.917397,22.6905,0,30
29777,14:28:16,113.920898,22.6877,0,27
29777,14:29:45,113.9245,22.6861,0,0
29777,14:30:15,113.9245,22.6861,0,0
29777,14:30:45,113.9245,22.6861,0,0
29777,14:31:15,113.9254,22.685699,0,13
29777,14:32:15,113.927803,22.6847,0,16
29777,14:32:45,113.928703,22.684299,0,0
29777,14:33:15,113.928703,22.684299,0,0
29777,14:34:17,113.929199,22.684,0,8
29777,14:35:16,113.931396,22.683201,0,0
29777,14:37:15,113.933197,22.6824,0,0
29777,14:37:45,113.933197,22.6824,0,0
29777,14:38:45,113.933197,22.680901,0,6
29777,14:39:15,113.932602,22.680201,0,13
29777,14:39:45,113.930702,22.6805,0,5
29777,14:40:15,113.93,22.6805,0,6
29777,14:40:45,113.928902,22.680599,0,0
29777,14:41:14,113.928398,22.680599,0,6
29777,14:43:44,113.930298,22.683599,0,0
29777,14:44:16,113.930298,22.683599,0,0
29777,14:45:16,113.931801,22.683001,0,0
29777,14:45:46,113.931999,22.683001,0,0
29777,14:46:16,113.932198,22.683001,0,1
29777,14:46:45,113.932602,22.683001,0,4
29777,14:47:15,113.934402,22.6831,0,10
29777,14:47:45,113.934601,22.682501,0,4
29777,14:48:45,113.9347,22.682501,0,0
29777,14:49:46,113.9347,22.682501,0,0
29777,14:50:16,113.9347,22.682501,0,4
29777,14:50:46,113.9347,22.6828,0,0
29777,14:51:16,113.9347,22.6828,0,0
29777,14:53:38,113.939499,22.6833,0,4
29777,14:54:09,113.942398,22.683599,0,25
29777,14:54:38,113.944,22.683701,0,0
29777,14:55:08,113.946198,22.684401,0,23
29777,14:56:08,113.947304,22.685699,0,0
29777,14:57:08,113.9496,22.688499,0,0
29777,14:58:08,113.950897,22.689301,0,0
29777,14:59:08,113.951599,22.6912,0,9
29777,15:00:09,113.952103,22.6919,0,6
29777,15:00:39,113.953102,22.6915,0,5
29777,15:02:24,113.952003,22.689199,0,13
29777,15:02:54,113.954102,22.687599,0,20
29777,15:03:24,113.956497,22.686501,0,20
29777,15:04:24,113.958,22.686701,0,0
29777,15:04:38,113.958,22.6868,0,5
29777,15:05:08,113.959602,22.686701,0,16
29777,15:05:38,113.963097,22.684601,0,32
29777,15:06:07,113.965302,22.684299,0,14
29777,15:07:07,113.972603,22.6821,0,26
29777,15:07:37,113.974998,22.679199,0,19
29777,15:08:37,113.978104,22.6759,0,20
29777,15:09:07,113.981697,22.674,0,34
29777,15:09:39,113.986198,22.6714,0,35
29777,15:10:39,113.9925,22.6667,0,20
29777,15:11:09,113.993797,22.6654,0,0
29777,15:12:08,113.993797,22.6654,0,0
29777,15:13:08,113.995796,22.6635,0,6
29777,15:13:38,113.9972,22.6625,0,22
29777,15:14:08,113.999397,22.66,0,26
29777,15:14:39,114.001503,22.657,0,29
29777,15:15:09,114.002296,22.6548,0,17
29777,15:15:39,114.000702,22.6542,0,2
29777,15:16:09,114.000702,22.6542,0,0
29777,15:16:39,114.000702,22.6542,0,0
29777,15:17:08,114.001198,22.654499,0,18
29777,15:17:38,114.003601,22.6541,0,21
29777,15:18:08,114.005501,22.651501,0,19
29777,15:18:38,114.007301,22.649,0,20
29777,15:19:08,114.008904,22.6467,0,24
29777,15:20:09,114.013802,22.6402,0,32
29777,15:21:09,114.017097,22.638201,0,22
29777,15:21:39,114.020203,22.6373,0,12
29777,15:23:38,114.020302,22.6373,0,0
29777,15:24:08,114.022697,22.6367,0,24
29777,15:25:39,114.024101,22.636101,0,0
29777,15:26:09,114.0243,22.6359,0,9
29777,15:27:39,114.025597,22.6406,0,0
29777,15:28:08,114.025299,22.6406,0,15
29777,15:28:38,114.022499,22.6413,0,0
29777,15:29:08,114.022499,22.6413,0,0
29777,15:30:39,114.0214,22.6392,0,3
29777,15:31:09,114.0205,22.637699,0,22
29777,15:33:09,114.016296,22.638901,0,21
29777,15:34:08,114.011002,22.6443,0,25
29777,15:34:38,114.008904,22.6472,0,4
29777,15:35:10,114.008904,22.6472,0,0
29777,15:35:40,114.008797,22.6474,0,13
29777,15:36:10,114.006798,22.65,0,33
29777,15:36:40,114.003899,22.6541,0,37
29777,15:37:10,114.001503,22.657301,0,34
29777,15:37:40,113.999199,22.6605,0,15
29777,15:39:39,114.0028,22.655399,0,11
29777,15:40:09,114.002899,22.655199,0,0
29777,15:41:09,114.003799,22.6539,0,30
29777,15:43:39,114.015297,22.639099,0,4
29777,15:45:40,114.026299,22.6357,0,37
29777,15:46:10,114.030602,22.6346,0,17
29777,15:48:40,114.031601,22.6343,0,0
29777,15:49:40,114.037903,22.632999,0,23
29777,15:50:11,114.038696,22.632999,0,0
29777,15:50:40,114.038696,22.632999,0,0
29777,15:52:10,114.042503,22.6325,0,7
29777,15:54:10,114.061302,22.629601,0,31
29777,15:54:40,114.063301,22.629801,0,14
29777,15:55:41,114.064201,22.6299,0,0
29777,15:56:10,114.064201,22.6299,0,0
29777,15:56:40,114.064201,22.6299,0,0
29777,15:57:10,114.064201,22.6299,0,0
29777,15:57:40,114.0644,22.629999,0,4
29777,15:59:10,114.071899,22.6299,0,17
29777,16:00:41,114.0737,22.629499,0,8
29777,16:01:11,114.075897,22.6292,0,17
29777,16:02:40,114.080704,22.6283,0,14
29777,16:03:10,114.083504,22.627899,0,26
29777,16:03:40,114.087303,22.628901,0,35
29777,16:04:10,114.091301,22.631599,0,33
29777,16:05:41,114.104103,22.624901,0,19
29777,16:06:41,114.108101,22.6224,0,0
29777,16:07:11,114.108398,22.6222,0,3
29777,16:08:10,114.111298,22.621599,0,0
29777,16:08:40,114.111603,22.6215,0,0
29777,16:09:10,114.111603,22.621599,0,0
29777,16:10:10,114.114799,22.621201,0,0
29777,16:12:12,114.121002,22.617399,0,43
29777,16:12:41,114.125099,22.6138,0,27
29777,16:13:11,114.127899,22.611401,0,24
29777,16:14:41,114.133301,22.6166,0,0
29777,16:15:41,114.1334,22.6166,0,3
29777,16:16:11,114.134903,22.618401,0,31
29777,16:16:41,114.136803,22.620701,0,7
29777,16:17:11,114.139603,22.6222,0,29
29777,16:17:41,114.144402,22.622601,0,36
29777,16:18:11,114.149696,22.623301,0,33
29777,16:23:11,114.149696,22.623301,0,0
29777,16:23:12,114.186096,22.6416,0,27
29777,16:23:42,114.189903,22.643499,0,29
29777,16:24:11,114.191399,22.6439,0,14
29777,16:25:11,114.197701,22.646099,0,34
29777,16:25:41,114.200798,22.6485,0,15
29777,16:27:12,114.198898,22.6474,0,26
29777,16:28:12,114.194801,22.645,0,0
29777,16:28:42,114.194801,22.645,0,0
29777,16:29:12,114.194099,22.644899,0,15
29777,16:29:41,114.192497,22.644501,0,9
29777,16:30:11,114.191399,22.6451,0,12
29777,16:32:12,114.187401,22.650101,0,17
29777,16:32:42,114.187202,22.6504,0,0
29777,16:33:12,114.187202,22.6504,0,0
29777,16:33:42,114.186501,22.650801,0,14
29777,16:34:42,114.179604,22.6471,0,1
29777,16:35:11,114.179604,22.6471,0,2
29777,16:35:41,114.179199,22.646799,0,0
29777,16:36:12,114.179199,22.646799,0,0
29777,16:36:42,114.179199,22.646799,0,0
29777,16:37:12,114.179001,22.6467,0,7
29777,16:37:42,114.181396,22.6476,0,6
29777,16:38:42,114.180099,22.647301,0,24
29777,16:40:41,114.176399,22.6458,0,7
29777,16:41:42,114.176498,22.6408,0,28
29777,16:42:12,114.176598,22.637899,0,0
29777,16:42:42,114.176598,22.637899,0,0
29777,16:43:42,114.175499,22.6373,0,0
29777,16:44:12,114.172897,22.6369,0,17
29777,16:44:42,114.172699,22.6369,0,0
29777,16:45:12,114.171204,22.6366,0,0
29777,16:45:42,114.171204,22.6366,0,0
29777,16:46:42,114.169601,22.6364,0,0
29777,16:47:42,114.160004,22.632299,0,35
29777,16:48:12,114.156403,22.628599,0,36
29777,16:49:12,114.146896,22.622999,0,37
29777,16:49:42,114.141602,22.6227,0,26
29777,16:50:12,114.139702,22.622601,0,14
29777,16:50:42,114.137604,22.621799,0,0
29777,16:52:13,114.137604,22.621799,0,0
29777,16:52:43,114.137604,22.622,0,0
29777,16:53:13,114.1362,22.620701,0,30
29777,16:54:43,114.134903,22.6168,0,9
29777,16:55:13,114.135597,22.615499,0,0
29777,16:55:43,114.135696,22.614599,0,6
29777,16:56:13,114.135803,22.6134,0,4
29777,16:56:44,114.135498,22.6122,0,9
29777,16:57:13,114.134697,22.6108,0,5
29777,16:57:43,114.134499,22.6103,0,0
29777,17:00:43,114.131401,22.6108,0,0
29777,17:01:13,114.131401,22.6108,0,0
29777,17:02:43,114.131897,22.6105,0,10
29777,17:03:43,114.133102,22.6103,0,15
29777,17:04:13,114.1334,22.6103,0,24
29777,17:04:43,114.130997,22.610901,0,19
29777,17:05:13,114.129501,22.6124,0,15
29777,17:05:43,114.131798,22.614799,0,22
29777,17:06:13,114.132202,22.615299,0,5
29777,17:06:44,114.132797,22.6161,0,12
29777,17:07:14,114.133499,22.6166,0,3
29777,17:07:44,114.134201,22.617201,0,2
29777,17:08:13,114.133003,22.616699,0,30
29777,17:08:43,114.127998,22.6117,0,39
29777,17:09:43,114.122002,22.6092,0,15
29777,17:10:13,114.120102,22.611401,0,10
29777,17:12:44,114.110497,22.6096,0,0
29777,17:13:44,114.110802,22.608601,0,0
29777,17:14:13,114.110802,22.608601,0,0
29777,17:16:13,114.112801,22.6054,0,0
29777,17:17:14,114.112999,22.605499,0,0
29777,17:18:14,114.112503,22.6036,0,4
29777,17:18:44,114.112198,22.6029,0,0
29777,17:19:13,114.112297,22.6028,0,0
29777,17:20:13,114.111801,22.6021,0,0
29777,17:22:14,114.112297,22.6031,0,4
29777,17:23:44,114.1129,22.6043,0,0
29777,17:24:14,114.1129,22.6043,0,0
29777,17:24:44,114.113098,22.6043,0,0
29777,17:26:43,114.112099,22.608601,0,0
29777,17:27:45,114.112396,22.608999,0,4
29777,17:28:45,114.112701,22.610901,0,10
29777,17:29:15,114.112198,22.6119,0,3
29777,17:29:45,114.1119,22.6129,0,11
29777,17:30:44,114.111397,22.6141,0,4
29777,17:31:14,114.111801,22.614401,0,0
29777,17:31:44,114.112198,22.6147,0,4
29777,17:32:45,114.113899,22.6152,0,6
29777,17:33:15,114.113899,22.616699,0,5
29777,17:33:45,114.1138,22.6175,0,11
29777,17:34:15,114.113098,22.619801,0,11
29777,17:34:45,114.112801,22.6213,0,7
29777,17:36:14,114.114502,22.626101,0,16
29777,17:36:44,114.116798,22.627701,0,21
29777,17:37:45,114.121399,22.6292,0,16
29777,17:38:15,114.1241,22.629801,0,17
29777,17:38:45,114.1259,22.631201,0,18
29777,17:39:45,114.1278,22.6332,0,0
29777,17:40:45,114.1278,22.6332,0,0
29777,17:41:15,114.1278,22.6332,0,0
29777,17:42:15,114.128403,22.6339,0,18
29777,17:42:45,114.129997,22.636499,0,6
29777,17:43:15,114.130203,22.638,0,18
29777,17:43:45,114.130501,22.6402,0,15
29777,17:44:15,114.130302,22.6413,0,0
29777,17:44:45,114.130302,22.6413,0,0
29777,17:45:15,114.130302,22.6413,0,0
29777,17:46:15,114.130302,22.6413,0,0
29777,17:47:45,114.130302,22.6413,0,0
29777,17:48:45,114.130302,22.6413,0,0
29777,17:49:15,114.130302,22.6413,0,0
29777,17:49:45,114.130302,22.6413,0,0
29777,17:50:45,114.130302,22.6413,0,0
29777,17:51:15,114.130302,22.6413,0,0
29777,17:52:15,114.130302,22.6413,0,0
29777,17:52:46,114.130302,22.6413,0,0
29777,17:53:15,114.130302,22.6413,0,0
29777,17:54:45,114.130302,22.6413,0,0
29777,17:55:45,114.130302,22.6413,0,0
29777,17:56:45,114.130302,22.6413,0,0
29777,17:57:15,114.130302,22.6413,0,0
29777,17:57:46,114.130302,22.6413,0,0
29777,17:58:16,114.130302,22.6413,0,0
29777,17:58:45,114.130302,22.6413,0,0
29777,18:00:15,114.130302,22.6413,0,0
29777,18:00:45,114.130302,22.6413,0,0
29777,18:01:15,114.130302,22.6413,0,0
29777,18:02:15,114.130203,22.6388,0,16
29777,18:02:47,114.130096,22.6367,0,7
29777,18:03:17,114.129799,22.6353,0,13
29777,18:03:46,114.128304,22.6339,0,6
29777,18:04:16,114.128197,22.6339,0,0
29777,18:04:46,114.128197,22.6339,0,0
29777,18:05:16,114.127403,22.632799,0,11
29777,18:05:46,114.125801,22.631001,0,17
29777,18:06:16,114.124199,22.629801,0,15
29777,18:07:47,114.117302,22.628,0,9
29777,18:08:47,114.114998,22.626499,0,2
29777,18:09:46,114.113602,22.6243,0,14
29777,18:10:16,114.112999,22.622999,0,12
29777,18:11:16,114.113297,22.618999,0,10
29777,18:11:46,114.113602,22.6182,0,0
29777,18:12:16,114.113602,22.6182,0,0
29777,18:12:47,114.113602,22.6182,0,0
29777,18:13:17,114.113602,22.6182,0,0
29777,18:13:47,114.113701,22.617599,0,5
29777,18:14:47,114.113899,22.615299,0,5
29777,18:21:16,114.1091,22.610701,0,0
29777,18:21:46,114.1091,22.610701,0,0
29777,18:22:16,114.108398,22.611099,0,7
29777,18:22:46,114.107498,22.610701,0,1
29777,18:23:47,114.106903,22.610399,0,0
29777,18:24:17,114.106201,22.6099,0,4
29777,18:24:47,114.106102,22.609699,0,0
29777,18:25:17,114.106102,22.609699,0,0
29777,18:26:46,114.105301,22.609501,0,0
29777,18:27:16,114.105301,22.609501,0,0
29777,18:28:17,114.103699,22.609501,0,0
29777,18:28:47,114.103699,22.609501,0,0
29777,18:29:17,114.103699,22.609501,0,0
29777,18:29:47,114.103699,22.609501,0,0
29777,18:30:17,114.103699,22.609501,0,0
29777,18:31:46,114.103699,22.609501,0,0
29777,18:32:16,114.103699,22.609501,0,0
29777,18:32:46,114.103699,22.609501,0,0
29777,18:33:18,114.103699,22.609501,0,0
29777,18:33:48,114.103699,22.609501,0,0
29777,18:34:48,114.103699,22.609501,0,0
29777,18:35:48,114.103699,22.609501,0,0
29777,18:36:47,114.103699,22.609501,0,0
29777,18:37:47,114.103798,22.609699,0,0
29777,18:38:18,114.103798,22.609699,0,0
29777,18:38:48,114.103798,22.609699,0,0
29777,18:39:18,114.103798,22.609699,0,0
29777,18:40:18,114.103798,22.609699,0,0
29777,18:41:48,114.1036,22.609501,0,0
29777,18:42:17,114.1036,22.609501,0,0
29777,18:42:47,114.103996,22.6098,0,3
29777,18:43:18,114.1036,22.6096,0,5
29777,18:43:48,114.103699,22.6094,0,3
29777,18:44:18,114.103203,22.6091,0,0
29777,18:44:48,114.103203,22.608999,0,2
29777,18:45:18,114.104103,22.609301,0,0
29777,18:45:48,114.104301,22.609301,0,0
29777,18:46:18,114.104897,22.609501,0,14
29777,18:46:48,114.106697,22.610201,0,18
29777,18:48:17,114.110603,22.609699,0,11
29777,18:48:48,114.113403,22.6096,0,24
29777,18:49:18,114.117599,22.610001,0,25
29777,18:49:48,114.119698,22.611099,0,6
29777,18:51:18,114.122002,22.6091,0,24
29777,18:51:48,114.119904,22.607,0,30
29777,18:52:48,114.118103,22.605801,0,0
29777,18:53:17,114.117699,22.6054,0,7
29777,18:54:48,114.121498,22.607401,0,1
29777,18:55:18,114.121696,22.607401,0,9
29777,18:55:48,114.124298,22.6089,0,0
29777,18:56:48,114.1287,22.611401,0,6
29777,18:58:48,114.129501,22.6112,0,1
29777,18:59:18,114.1297,22.611099,0,2
29777,19:00:18,114.130402,22.610901,0,0
29777,19:01:48,114.134003,22.6101,0,14
29777,19:04:48,114.146797,22.6096,0,25
29777,19:05:18,114.148598,22.608801,0,0
29777,19:05:23,114.148598,22.608801,0,0
29777,19:07:22,114.149696,22.608299,0,0
29777,19:07:52,114.149498,22.608601,0,18
29777,19:09:15,114.145401,22.610901,0,6
29777,19:10:15,114.1455,22.614,0,3
29777,19:11:15,114.147202,22.6147,0,20
29777,19:11:45,114.149597,22.6161,0,23
29777,19:12:14,114.150497,22.616501,0,0
29777,19:12:44,114.150497,22.616699,0,0
29777,19:13:44,114.151001,22.6185,0,7
29777,19:14:15,114.151299,22.619699,0,12
29777,19:14:45,114.151802,22.6213,0,12
29777,19:15:15,114.152199,22.6227,0,8
29777,19:16:45,114.153099,22.623501,0,0
29777,19:17:15,114.153198,22.623301,0,0
29777,19:18:14,114.153397,22.623199,0,0
29777,19:18:44,114.153198,22.623301,0,0
29777,19:19:15,114.153,22.6234,0,0
29777,19:19:45,114.153,22.6234,0,0
29777,19:20:15,114.153397,22.6241,0,11
29777,19:20:45,114.156097,22.6266,0,28
29777,19:21:15,114.157501,22.629499,0,34
29777,19:21:45,114.158798,22.630899,0,0
29777,19:22:44,114.164497,22.634501,0,43
29777,19:23:14,114.169296,22.636,0,24
29777,19:23:44,114.1717,22.6364,0,0
29777,19:24:15,114.1717,22.6364,0,0
29777,19:24:45,114.1717,22.6364,0,0
29777,19:25:15,114.1717,22.6364,0,0
29777,19:25:45,114.171303,22.6366,0,7
29777,19:26:15,114.1688,22.6362,0,25
29777,19:27:15,114.162498,22.634001,0,0
29777,19:27:45,114.162498,22.634001,0,0
29777,19:28:15,114.1623,22.6339,0,15
29777,19:29:15,114.158096,22.6308,0,0
29777,19:29:45,114.158096,22.6308,0,0
29777,19:32:15,114.146004,22.622601,0,9
29777,19:34:46,114.165604,22.635,0,41
29777,19:35:16,114.170601,22.6362,0,26
29777,19:35:46,114.174301,22.6367,0,18
29777,19:36:16,114.176201,22.6369,0,10
29777,19:36:46,114.178596,22.6376,0,18
29777,19:37:16,114.182297,22.6395,0,24
29777,19:38:16,114.1828,22.639799,0,0
29777,19:38:46,114.1828,22.639799,0,0
29777,19:39:16,114.183701,22.640301,0,29
29777,19:39:46,114.188103,22.642599,0,29
29777,19:40:16,114.191299,22.6439,0,0
29777,19:40:46,114.191704,22.6439,0,12
29777,19:41:16,114.193901,22.6444,0,15
29777,19:42:46,114.201698,22.649099,0,0
29777,19:43:46,114.201698,22.649099,0,0
29777,19:45:16,114.206703,22.6539,0,25
29777,19:46:16,114.212303,22.66,0,34
29777,19:47:16,114.215698,22.6675,0,24
29777,19:48:16,114.2164,22.670099,0,14
29777,19:49:47,114.220596,22.670799,0,14
29777,19:50:17,114.221199,22.671101,0,5
29777,19:52:16,114.2211,22.6735,0,12
29777,19:52:46,114.220703,22.674101,0,3
29777,19:53:16,114.219902,22.674601,0,7
29777,19:53:46,114.219398,22.674801,0,0
29777,19:54:16,114.219299,22.675301,0,17
29777,19:54:47,114.2201,22.6768,0,6
29777,19:55:17,114.218697,22.6751,0,23
29777,19:55:47,114.216599,22.6716,0,27
29777,19:56:16,114.215401,22.667999,0,26
29777,19:56:46,114.214401,22.6651,0,20
29777,19:57:16,114.213203,22.662201,0,13
29777,19:57:46,114.2117,22.6597,0,29
29777,19:58:16,114.209999,22.6581,0,0
29777,19:59:16,114.206703,22.654499,0,17
29777,19:59:47,114.205299,22.6527,0,8
29777,20:00:17,114.205299,22.652599,0,0
29777,20:00:47,114.2052,22.652599,0,4
29777,20:01:16,114.203598,22.650999,0,18
29777,20:02:46,114.200798,22.648899,0,0
29777,20:03:16,114.200798,22.648899,0,0
29777,20:04:16,114.199997,22.649,0,4
29777,20:05:17,114.199501,22.649599,0,6
29777,20:05:47,114.199097,22.650499,0,6
29777,20:06:46,114.196602,22.6518,0,13
29777,20:07:16,114.195198,22.6528,0,16
29777,20:07:46,114.194504,22.653099,0,1
29777,20:08:46,114.193497,22.6535,0,4
29777,20:09:46,114.192596,22.6553,0,6
29777,20:10:18,114.192802,22.656601,0,10
29777,20:11:18,114.194504,22.656401,0,0
29777,20:12:47,114.194801,22.6553,0,22
29777,20:14:47,114.1931,22.650299,0,10
29777,20:15:48,114.190498,22.6493,0,0
29777,20:16:18,114.188797,22.648399,0,4
29777,20:17:18,114.187103,22.648399,0,7
29777,20:18:17,114.185402,22.647499,0,10
29777,20:18:47,114.185997,22.646,0,22
29777,20:19:17,114.187798,22.6436,0,19
29777,20:20:18,114.183701,22.640699,0,0
29777,20:20:48,114.183701,22.640699,0,0
29777,20:21:18,114.183701,22.640699,0,0
29777,20:22:18,114.183601,22.6406,0,0
29777,20:22:48,114.183601,22.6406,0,0
29777,20:23:17,114.1819,22.6397,0,25
29777,20:24:47,114.177696,22.637699,0,0
29777,20:25:18,114.175499,22.637199,0,17
29777,20:25:48,114.1716,22.6366,0,25
29777,20:26:18,114.170799,22.6366,0,11
29777,20:26:48,114.167297,22.635799,0,24
29777,20:27:48,114.158798,22.6313,0,23
29777,20:28:47,114.151199,22.623699,0,36
29777,20:30:49,114.135498,22.619801,0,21
29777,20:31:19,114.134201,22.618299,0,14
29777,20:31:49,114.133301,22.6173,0,0
29777,20:32:19,114.133202,22.617599,0,1
29777,20:32:49,114.131599,22.6154,0,26
29777,20:33:19,114.129204,22.6129,0,23
29777,20:33:49,114.127098,22.6113,0,19
29777,20:34:18,114.125099,22.6113,0,16
29777,20:34:48,114.1231,22.6133,0,12
29777,20:35:18,114.125099,22.613701,0,18
29777,20:35:48,114.128403,22.611799,0,23
29777,20:36:18,114.1287,22.611601,0,0
29777,20:36:48,114.129204,22.6113,0,6
29777,20:37:48,114.129799,22.611099,0,0
29777,20:38:18,114.129799,22.611099,0,0
29777,20:38:48,114.130302,22.610901,0,7
29777,20:39:18,114.132797,22.6103,0,11
29777,20:40:49,114.136902,22.6094,0,0
29777,20:41:19,114.136902,22.6094,0,0
29777,20:41:49,114.137802,22.6092,0,14
29777,20:42:19,114.140602,22.6092,0,17
29777,20:42:49,114.143799,22.609699,0,21
29777,20:43:49,114.145203,22.6099,0,0
29777,20:45:18,114.141403,22.609501,0,9
29777,20:45:48,114.141296,22.610399,0,12
29777,20:46:18,114.141296,22.610901,0,0
29777,20:47:18,114.140099,22.611799,0,8
29777,20:47:48,114.139503,22.613001,0,11
29777,20:48:18,114.139603,22.6143,0,13
29777,20:48:48,114.139603,22.614401,0,0
29777,20:49:18,114.139999,22.6147,0,0
29777,20:49:48,114.139801,22.6138,0,7
29777,20:50:20,114.139603,22.612499,0,7
29777,20:50:49,114.138901,22.611401,0,5
29777,20:51:19,114.138702,22.610901,0,5
29777,20:52:19,114.138298,22.6101,0,0
29777,20:52:49,114.1381,22.6094,0,1
29777,20:53:19,114.136299,22.6096,0,22
29777,20:53:49,114.1334,22.6103,0,23
29777,20:54:19,114.130997,22.610901,0,12
29777,20:54:49,114.128197,22.6122,0,13
29777,20:55:19,114.127403,22.611401,0,18
29777,20:55:50,114.124901,22.6096,0,18
29777,20:56:19,114.122398,22.6087,0,14
29777,20:56:49,114.121696,22.609501,0,0
29777,20:57:49,114.124802,22.6108,0,21
29777,20:58:49,114.123596,22.613701,0,23
29777,20:59:19,114.127296,22.612499,0,34
29777,21:00:19,114.129402,22.6112,0,0
29777,21:01:20,114.129501,22.611099,0,3
29777,21:01:49,114.130302,22.610901,0,6
29777,21:02:49,114.136497,22.609501,0,19
29777,21:03:19,114.136803,22.609501,0,0
29777,21:03:49,114.136902,22.6094,0,6
29777,21:04:19,114.138496,22.6091,0,17
29777,21:06:50,114.1409,22.6091,0,0
29777,21:07:20,114.1409,22.609301,0,0
29777,21:07:49,114.140404,22.609301,0,22
29777,21:08:49,114.138603,22.609301,0,0
29777,21:09:49,114.138,22.6094,0,9
29777,21:10:19,114.135498,22.6099,0,0
29777,21:10:49,114.135498,22.6099,0,0
29777,21:11:50,114.134102,22.610201,0,19
29777,21:12:20,114.132103,22.610701,0,13
29777,21:13:19,114.125397,22.613701,0,32
29777,21:13:49,114.121696,22.616699,0,40
29777,21:14:19,114.117897,22.620701,0,31
29777,21:14:49,114.116203,22.6213,0,0
29777,21:15:19,114.116203,22.6213,0,0
29777,21:15:49,114.115501,22.621401,0,16
29777,21:16:21,114.111198,22.6217,0,24
29777,21:16:51,114.111397,22.6241,0,22
29777,21:17:21,114.1129,22.623699,0,9
29777,21:18:21,114.113403,22.6194,0,16
29777,21:18:50,114.113998,22.6168,0,20
29777,21:19:20,114.113899,22.6152,0,2
29777,21:19:50,114.113197,22.614901,0,5
29777,21:20:20,114.111603,22.6145,0,8
29777,21:20:50,114.110397,22.613899,0,3
29777,21:21:50,114.110901,22.611799,0,1
29777,21:22:20,114.110603,22.611401,0,3
29777,21:22:50,114.110497,22.6112,0,0
29777,21:23:49,114.110298,22.6108,0,0
29777,21:24:19,114.110199,22.6103,0,0
29777,21:26:20,114.106201,22.615101,0,13
29777,21:26:51,114.106201,22.6152,0,0
29777,21:29:21,114.104897,22.621201,0,16
29777,21:30:20,114.101799,22.625799,0,14
29777,21:31:20,114.101501,22.626699,0,0
29777,21:32:21,114.105698,22.6292,0,23
29777,21:32:51,114.1082,22.6304,0,21
29777,21:33:51,114.111099,22.629999,0,13
29777,21:34:21,114.111504,22.629101,0,3
29777,21:34:50,114.111702,22.6287,0,10
29777,21:35:20,114.112,22.628099,0,0
29777,21:35:50,114.111801,22.628599,0,4
29777,21:36:20,114.111702,22.628799,0,0
29777,21:36:51,114.111397,22.6292,0,8
29777,21:37:21,114.110703,22.6304,0,5
29777,21:38:21,114.109299,22.6308,0,4
29777,21:39:21,114.107697,22.6301,0,6
29777,21:41:20,114.101799,22.627399,0,0
29777,21:41:52,114.101799,22.627399,0,0
29777,21:42:22,114.101501,22.627199,0,3
29777,21:43:52,114.106201,22.623501,0,16
29777,21:44:22,114.109901,22.6217,0,31
29777,21:44:52,114.114098,22.6213,0,20
29777,21:46:21,114.117897,22.620501,0,29
29777,21:47:21,114.123596,22.6141,0,20
29777,21:47:51,114.122902,22.6136,0,0
29777,21:48:21,114.120697,22.612,0,29
29777,21:48:51,114.119003,22.6124,0,0
29777,21:49:21,114.118698,22.6124,0,0
29777,21:49:51,114.119202,22.611799,0,9
29777,21:51:20,114.111099,22.6096,0,17
29777,21:51:52,114.110703,22.609501,0,0
29777,21:52:52,114.111,22.6085,0,7
29777,21:53:22,114.111298,22.608,0,0
29777,21:54:52,114.112602,22.608,0,5
29777,21:55:22,114.112503,22.6089,0,0
29777,21:55:52,114.112602,22.6094,0,0
29777,21:56:22,114.112602,22.6092,0,9
29777,21:56:51,114.112602,22.608801,0,2
29777,21:58:52,114.119102,22.610701,0,0
29777,21:59:52,114.121597,22.6124,0,20
29777,22:00:52,114.122299,22.6129,0,5
29777,22:01:22,114.124001,22.614,0,17
29777,22:02:22,114.129898,22.611,0,12
29777,22:02:52,114.132599,22.610399,0,16
29777,22:04:52,114.143097,22.609501,0,27
29777,22:05:22,114.144897,22.609699,0,6
29777,22:05:52,114.145103,22.609699,0,0
29777,22:06:22,114.145103,22.609699,0,0
29777,22:06:52,114.146202,22.609699,0,18
29777,22:07:52,114.150902,22.6078,0,23
29777,22:08:22,114.155098,22.6089,0,26
29777,22:08:52,114.158699,22.6091,0,6
29777,22:09:22,114.158997,22.610001,0,10
29777,22:11:22,114.157997,22.6127,0,0
29777,22:11:52,114.157997,22.6127,0,0
29777,22:13:22,114.157997,22.6127,0,0
29777,22:14:52,114.158798,22.6108,0,6
29777,22:15:22,114.158897,22.6101,0,0
29777,22:15:52,114.158699,22.6092,0,9
29777,22:16:22,114.1558,22.6091,0,18
29777,22:19:22,114.150101,22.6082,0,0
29777,22:19:52,114.148903,22.608801,0,17
29777,22:20:22,114.146202,22.6098,0,9
29777,22:20:52,114.146004,22.6098,0,0
29777,22:21:52,114.144897,22.6098,0,9
29777,22:22:23,114.144699,22.6098,0,0
29777,22:22:53,114.142403,22.609501,0,19
29777,22:23:23,114.139702,22.609301,0,31
29777,22:23:52,114.138603,22.609301,0,0
29777,22:24:22,114.138603,22.609301,0,0
29777,22:25:22,114.1362,22.609699,0,9
29777,22:25:52,114.136101,22.609699,0,0
29777,22:26:22,114.134697,22.6101,0,7
29777,22:26:52,114.135498,22.6119,0,15
29777,22:27:54,114.135201,22.616501,0,21
29777,22:28:24,114.134499,22.617001,0,9
29777,22:30:23,114.131599,22.615101,0,0
29777,22:30:53,114.131599,22.615101,0,0
29777,22:32:23,114.127296,22.6129,0,9
29777,22:32:54,114.125504,22.6138,0,25
29777,22:33:54,114.118797,22.6201,0,29
29777,22:34:23,114.116402,22.621201,0,3
29777,22:35:23,114.112503,22.621599,0,26
29777,22:35:53,114.1082,22.622499,0,31
29777,22:36:23,114.104599,22.6248,0,28
29777,22:36:53,114.100601,22.628,0,34
29777,22:37:23,114.097099,22.6313,0,30
29777,22:38:24,114.086899,22.6306,0,36
29777,22:39:24,114.081703,22.6292,0,0
29777,22:39:53,114.079697,22.6287,0,25
29777,22:40:23,114.075203,22.629499,0,10
29777,22:41:53,114.071899,22.6301,0,37
29777,22:42:23,114.066299,22.630501,0,17
29777,22:42:54,114.066002,22.630501,0,0
29777,22:43:24,114.065697,22.6304,0,18
29777,22:43:54,114.0606,22.6297,0,42
29777,22:44:24,114.053596,22.6301,0,44
29777,22:45:23,114.0439,22.6325,0,24
29777,22:45:53,114.043701,22.6348,0,26
29777,22:46:23,114.0439,22.635099,0,0
29777,22:46:53,114.045303,22.637699,0,26
29777,22:47:23,114.0457,22.6383,0,0
29777,22:47:54,114.045898,22.639099,0,16
29777,22:50:53,114.038902,22.6521,0,2
29777,22:52:23,114.036003,22.6551,0,27
29777,22:52:55,114.037903,22.659401,0,35
29777,22:53:55,114.038101,22.6633,0,8
29777,22:54:25,114.037399,22.667101,0,30
29777,22:54:55,114.038803,22.671499,0,35
29777,22:55:25,114.039902,22.674299,0,0
29777,22:56:24,114.040199,22.6749,0,24
29777,22:57:24,114.043999,22.6807,0,29
29777,22:58:25,114.044403,22.6875,0,7
29777,22:58:55,114.044601,22.6917,0,40
29777,22:59:25,114.044601,22.6929,0,0
29777,23:00:55,114.044197,22.6933,0,23
29777,23:01:25,114.040703,22.693899,0,20
29777,23:01:54,114.037697,22.6943,0,3
29777,23:02:54,114.038002,22.6954,0,0
29777,23:04:24,114.038002,22.6954,0,0
29777,23:04:54,114.038002,22.6954,0,0
29777,23:05:25,114.037399,22.6966,0,0
29777,23:05:55,114.037498,22.695801,0,0
29777,23:06:25,114.037003,22.6947,0,11
29777,23:06:54,114.0373,22.6945,0,0
29777,23:07:24,114.0373,22.6945,0,0
29777,23:08:24,114.036697,22.694401,0,23
29777,23:08:54,114.035599,22.695801,0,0
29777,23:09:24,114.035599,22.695801,0,0
29777,23:10:56,114.0354,22.697201,0,4
29777,23:12:25,114.035698,22.6947,0,6
29777,23:12:55,114.038002,22.694099,0,8
29777,23:13:25,114.040001,22.6938,0,0
29777,23:13:55,114.040001,22.6938,0,0
29777,23:14:55,114.044296,22.690599,0,34
29777,23:17:26,114.0411,22.6745,0,28
29777,23:17:55,114.042999,22.6747,0,21
29777,23:18:55,114.049004,22.670099,0,18
29777,23:19:25,114.053101,22.6681,0,29
29777,23:19:55,114.054199,22.6675,0,0
29777,23:20:25,114.055496,22.666201,0,18
29777,23:20:56,114.0569,22.664301,0,8
29777,23:21:56,114.061401,22.661301,0,22
29777,23:23:25,114.066803,22.659901,0,20
29777,23:24:55,114.060898,22.6534,0,8
29777,23:25:56,114.061699,22.6527,0,20
29777,23:26:26,114.061302,22.649401,0,10
29777,23:26:56,114.061996,22.6527,0,10
29777,23:28:26,114.062202,22.653299,0,0
29777,23:29:25,114.062401,22.653999,0,0
29777,23:29:55,114.062798,22.6551,0,19
29777,23:30:25,114.064102,22.6569,0,0
29777,23:31:56,114.068901,22.663799,0,7
29777,23:32:26,114.068802,22.6637,0,0
29777,23:32:56,114.068802,22.6637,0,0
29777,23:33:26,114.068802,22.6637,0,0
29777,23:34:55,114.068802,22.6637,0,0
29777,23:35:25,114.068802,22.6637,0,0
29777,23:35:56,114.067802,22.6611,0,15
29777,23:37:56,114.066101,22.659201,0,31
29777,23:38:26,114.063599,22.656401,0,18
29777,23:38:56,114.0625,22.6551,0,5
29777,23:39:26,114.061401,22.6551,0,7
29777,23:39:55,114.061096,22.6551,0,0
29777,23:40:25,114.061897,22.655199,0,10
29777,23:40:55,114.062698,22.655001,0,0
29777,23:41:56,114.061302,22.653299,0,19
29777,23:42:26,114.057098,22.6541,0,29
29777,23:42:56,114.056099,22.6569,0,28
29777,23:43:26,114.055901,22.6609,0,4
29777,23:45:55,114.052902,22.6682,0,33
29777,23:46:27,114.048698,22.670401,0,21
29777,23:46:57,114.045799,22.6737,0,27
29777,23:47:27,114.043297,22.674801,0,13
29777,23:48:27,114.039001,22.6745,0,6
29777,23:49:57,114.034897,22.674101,0,34
29777,23:50:57,114.033897,22.6721,0,0
29777,23:51:27,114.033203,22.6707,0,29
29777,23:52:27,114.030296,22.6654,0,13
29777,23:53:57,114.0271,22.662399,0,26
