28321,00:00:52,111.138702,21.681499,0,0
28321,00:01:24,111.138702,21.681499,0,0
28321,00:01:54,111.138702,21.681499,0,0
28321,00:02:24,111.138702,21.681499,0,0
28321,00:02:54,111.138702,21.681499,0,0
28321,00:03:24,111.138702,21.681499,0,0
28321,00:04:24,111.138702,21.681499,0,0
28321,00:04:54,111.138702,21.681499,0,0
28321,00:05:24,111.138702,21.681499,0,0
28321,00:05:54,111.138702,21.681499,0,0
28321,00:06:23,111.138702,21.681499,0,0
28321,00:06:53,111.138702,21.681499,0,0
28321,00:07:23,111.138702,21.681499,0,0
28321,00:07:53,111.138702,21.681499,0,0
28321,00:10:23,111.138702,21.681499,0,0
28321,00:12:24,111.138702,21.681499,0,0
28321,00:13:24,111.138702,21.681499,0,0
28321,00:13:54,111.138702,21.681499,0,0
28321,00:14:54,111.138702,21.681499,0,0
28321,00:15:24,111.138702,21.681499,0,0
28321,00:15:54,111.138702,21.681499,0,0
28321,00:16:55,111.138702,21.681499,0,0
28321,00:19:54,111.138702,21.681499,0,0
28321,00:21:24,111.138702,21.681499,0,0
28321,00:21:55,111.138702,21.681499,0,0
28321,00:23:54,111.138702,21.681499,0,0
28321,00:24:54,111.138702,21.681499,0,0
28321,00:25:24,111.138702,21.681499,0,0
28321,00:25:54,111.138702,21.681499,0,0
28321,00:26:24,111.138702,21.681499,0,0
28321,00:27:26,111.138702,21.681499,0,0
28321,00:28:26,111.138702,21.681499,0,0
28321,00:29:55,111.138702,21.681499,0,0
28321,00:30:25,111.138702,21.681499,0,0
28321,00:30:55,111.138702,21.681499,0,0
28321,00:31:25,111.138702,21.681499,0,0
28321,00:31:55,111.138702,21.681499,0,0
28321,00:32:25,111.138702,21.681499,0,0
28321,00:33:25,111.138702,21.681499,0,0
28321,00:33:54,111.138702,21.681499,0,0
28321,00:34:24,111.138702,21.681499,0,0
28321,00:34:54,111.138702,21.681499,0,0
28321,00:35:54,111.138702,21.681499,0,0
28321,00:37:56,111.138702,21.681499,0,0
28321,00:38:26,111.138702,21.681499,0,0
28321,00:39:26,111.138702,21.681499,0,0
28321,00:40:25,111.138702,21.681499,0,0
28321,00:40:55,111.138702,21.681499,0,0
28321,00:41:25,111.138702,21.681499,0,0
28321,00:41:55,111.138702,21.681499,0,0
28321,00:42:25,111.138702,21.681499,0,0
28321,00:43:25,111.138702,21.681499,0,0
28321,00:45:24,111.138702,21.681499,0,0
28321,00:45:54,111.138702,21.681499,0,0
28321,00:46:24,111.138702,21.681499,0,0
28321,00:46:54,111.138702,21.681499,0,0
28321,00:47:26,111.138702,21.681499,0,0
28321,00:47:56,111.138702,21.681499,0,0
28321,00:48:26,111.138702,21.681499,0,0
28321,00:48:56,111.138702,21.681499,0,0
28321,00:49:26,111.138702,21.681499,0,0
28321,00:49:56,111.138702,21.681499,0,0
28321,00:50:55,111.138702,21.681499,0,0
28321,00:51:55,111.138702,21.681499,0,0
28321,00:52:56,111.138702,21.681499,0,0
28321,00:53:26,111.138702,21.681499,0,0
28321,00:53:56,111.138702,21.681499,0,0
28321,00:54:26,111.138702,21.681499,0,0
28321,00:55:56,111.138702,21.681499,0,0
28321,00:56:25,111.138702,21.681499,0,0
28321,00:56:55,111.138702,21.681499,0,0
28321,00:57:26,111.138702,21.681499,0,0
28321,00:57:56,111.138702,21.681499,0,0
28321,00:58:26,111.138702,21.681499,0,0
28321,00:58:56,111.138702,21.681499,0,0
28321,00:59:26,111.138702,21.681499,0,0
28321,00:59:56,111.138702,21.681499,0,0
28321,01:00:26,111.138702,21.681499,0,0
28321,01:01:55,111.138702,21.681499,0,0
28321,01:02:27,111.138702,21.681499,0,0
28321,01:03:27,111.138702,21.681499,0,0
28321,01:03:57,111.138702,21.681499,0,0
28321,01:04:57,111.138702,21.681499,0,0
28321,01:05:27,111.138702,21.681499,0,0
28321,01:06:27,111.138702,21.681499,0,0
28321,01:06:57,111.138702,21.681499,0,0
28321,01:07:56,111.138702,21.681499,0,0
28321,01:08:26,111.138702,21.681499,0,0
28321,01:08:56,111.138702,21.681499,0,0
28321,01:09:56,111.138702,21.681499,0,0
28321,01:10:26,111.138702,21.681499,0,0
28321,01:10:56,111.138702,21.681499,0,0
28321,01:11:26,111.138702,21.681499,0,0
28321,01:11:56,111.138702,21.681499,0,0
28321,01:12:26,111.138702,21.681499,0,0
28321,01:13:27,111.138702,21.681499,0,0
28321,01:14:27,111.138702,21.681499,0,0
28321,01:14:57,111.138702,21.681499,0,0
28321,01:15:27,111.138702,21.681499,0,0
28321,01:15:57,111.138702,21.681499,0,0
28321,01:16:27,111.138702,21.681499,0,0
28321,01:16:57,111.138702,21.681499,0,0
28321,01:17:27,111.138702,21.681499,0,0
28321,01:18:26,111.138702,21.681499,0,0
28321,01:18:56,111.138702,21.681499,0,0
28321,01:19:26,111.138702,21.681499,0,0
28321,01:20:26,111.138702,21.681499,0,0
28321,01:20:56,111.138702,21.681499,0,0
28321,01:23:27,111.138702,21.681499,0,0
28321,01:24:27,111.138702,21.681499,0,0
28321,01:25:27,111.138702,21.681499,0,0
28321,01:25:57,111.138702,21.681499,0,0
28321,01:26:27,111.138702,21.681499,0,0
28321,01:26:57,111.138702,21.681499,0,0
28321,01:27:59,111.138702,21.681499,0,0
28321,01:28:29,111.138702,21.681499,0,0
28321,01:28:58,111.138702,21.681499,0,0
28321,01:29:28,111.138702,21.681499,0,0
28321,01:29:58,111.138702,21.681499,0,0
28321,01:30:58,111.138702,21.681499,0,0
28321,01:31:58,111.138702,21.681499,0,0
28321,01:32:28,111.138702,21.681499,0,0
28321,01:32:58,111.138702,21.681499,0,0
28321,01:33:28,111.138702,21.681499,0,0
28321,01:33:58,111.138702,21.681499,0,0
28321,01:34:27,111.138702,21.681499,0,0
28321,01:35:27,111.138702,21.681499,0,0
28321,01:35:57,111.138702,21.681499,0,0
28321,01:36:27,111.138702,21.681499,0,0
28321,01:37:27,111.138702,21.681499,0,0
28321,01:38:29,111.138702,21.681499,0,0
28321,01:38:59,111.138702,21.681499,0,0
28321,01:39:29,111.138702,21.681499,0,0
28321,01:39:58,111.138702,21.681499,0,0
28321,01:41:28,111.138702,21.681499,0,0
28321,01:42:28,111.138702,21.681499,0,0
28321,01:43:28,111.138702,21.681499,0,0
28321,01:43:58,111.138702,21.681499,0,0
28321,01:44:28,111.138702,21.681499,0,0
28321,01:45:27,111.138702,21.681499,0,0
28321,01:46:57,111.138702,21.681499,0,0
28321,01:48:29,111.138702,21.681499,0,0
28321,01:48:59,111.138702,21.681499,0,0
28321,01:49:59,111.138702,21.681499,0,0
28321,01:50:58,111.138702,21.681499,0,0
28321,01:51:58,111.138702,21.681499,0,0
28321,01:52:28,111.138702,21.681499,0,0
28321,01:52:58,111.138702,21.681499,0,0
28321,01:53:29,111.138702,21.681499,0,0
28321,01:53:59,111.138702,21.681499,0,0
28321,01:54:29,111.138702,21.681499,0,0
28321,01:55:29,111.138702,21.681499,0,0
28321,01:55:59,111.138702,21.681499,0,0
28321,01:56:28,111.138702,21.681499,0,0
28321,01:57:28,111.138702,21.681499,0,0
28321,01:57:58,111.138702,21.681499,0,0
28321,01:58:29,111.138702,21.681499,0,0
28321,01:58:59,111.138702,21.681499,0,0
28321,01:59:29,111.138702,21.681499,0,0
28321,01:59:59,111.138702,21.681499,0,0
28321,02:00:29,111.138702,21.681499,0,0
28321,02:00:59,111.138702,21.681499,0,0
28321,02:01:29,111.138702,21.681499,0,0
28321,02:01:58,111.138702,21.681499,0,0
28321,02:02:28,111.138702,21.681499,0,0
28321,02:02:58,111.138702,21.681499,0,0
28321,02:03:30,111.138702,21.681499,0,0
28321,02:04:30,111.138702,21.681499,0,0
28321,02:05:00,111.138702,21.681499,0,0
28321,02:05:30,111.138702,21.681499,0,0
28321,02:06:00,111.138702,21.681499,0,0
28321,02:06:30,111.138702,21.681499,0,0
28321,02:07:00,111.138702,21.681499,0,0
28321,02:09:29,111.138702,21.681499,0,0
28321,02:09:59,111.138702,21.681499,0,0
28321,02:10:59,111.138702,21.681499,0,0
28321,02:11:29,111.138702,21.681499,0,0
28321,02:11:59,111.138702,21.681499,0,0
28321,02:12:28,111.138702,21.681499,0,0
28321,02:12:58,111.138702,21.681499,0,0
28321,02:14:30,111.138702,21.681499,0,0
28321,02:15:00,111.138702,21.681499,0,0
28321,02:16:00,111.138702,21.681499,0,0
28321,02:16:30,111.138702,21.681499,0,0
28321,02:17:59,111.138702,21.681499,0,0
28321,02:18:29,111.138702,21.681499,0,0
28321,02:19:29,111.138702,21.681499,0,0
28321,02:20:29,111.138702,21.681499,0,0
28321,02:21:29,111.138702,21.681499,0,0
28321,02:22:29,111.138702,21.681499,0,0
28321,02:22:59,111.138702,21.681499,0,0
28321,02:25:30,111.138702,21.681499,0,0
28321,02:26:00,111.138702,21.681499,0,0
28321,02:26:30,111.138702,21.681499,0,0
28321,02:27:30,111.138702,21.681499,0,0
28321,02:28:30,111.138702,21.681499,0,0
28321,02:29:31,111.138702,21.681499,0,0
28321,02:30:01,111.138702,21.681499,0,0
28321,02:30:31,111.138702,21.681499,0,0
28321,02:31:31,111.138702,21.681499,0,0
28321,02:32:01,111.138702,21.681499,0,0
28321,02:33:01,111.138702,21.681499,0,0
28321,02:34:31,111.138702,21.681499,0,0
28321,02:35:30,111.138702,21.681499,0,0
28321,02:36:00,111.138702,21.681499,0,0
28321,02:36:30,111.138702,21.681499,0,0
28321,02:37:00,111.138702,21.681499,0,0
28321,02:37:30,111.138702,21.681499,0,0
28321,02:39:00,111.138702,21.681499,0,0
28321,02:39:32,111.138702,21.681499,0,0
28321,02:41:01,111.138702,21.681499,0,0
28321,02:42:01,111.138702,21.681499,0,0
28321,02:42:31,111.138702,21.681499,0,0
28321,02:43:01,111.138702,21.681499,0,0
28321,02:43:31,111.138702,21.681499,0,0
28321,02:44:31,111.138702,21.681499,0,0
28321,02:45:01,111.138702,21.681499,0,0
28321,02:45:31,111.138702,21.681499,0,0
28321,02:46:00,111.138702,21.681499,0,0
28321,02:47:00,111.138702,21.681499,0,0
28321,02:47:30,111.138702,21.681499,0,0
28321,02:48:00,111.138702,21.681499,0,0
28321,02:48:30,111.138702,21.681499,0,0
28321,02:49:32,111.138702,21.681499,0,0
28321,02:50:02,111.138702,21.681499,0,0
28321,02:51:02,111.138702,21.681499,0,0
28321,02:52:31,111.138702,21.681499,0,0
28321,02:53:01,111.138702,21.681499,0,0
28321,02:53:31,111.138702,21.681499,0,0
28321,02:54:01,111.138702,21.681499,0,0
28321,02:54:32,111.138702,21.681499,0,0
28321,02:55:02,111.138702,21.681499,0,0
28321,02:55:32,111.138702,21.681499,0,0
28321,02:56:32,111.138702,21.681499,0,0
28321,02:57:01,111.138702,21.681499,0,0
28321,02:58:01,111.138702,21.681499,0,0
28321,02:58:31,111.138702,21.681499,0,0
28321,02:59:01,111.138702,21.681499,0,0
28321,02:59:32,111.138702,21.681499,0,0
28321,03:00:32,111.138702,21.681499,0,0
28321,03:01:02,111.138702,21.681499,0,0
28321,03:01:32,111.138702,21.681499,0,0
28321,03:02:02,111.138702,21.681499,0,0
28321,03:02:32,111.138702,21.681499,0,0
28321,03:03:01,111.138702,21.681499,0,0
28321,03:03:31,111.138702,21.681499,0,0
28321,03:04:33,111.138702,21.681499,0,0
28321,03:05:03,111.138702,21.681499,0,0
28321,03:05:33,111.138702,21.681499,0,0
28321,03:06:03,111.138702,21.681499,0,0
28321,03:06:33,111.138702,21.681499,0,0
28321,03:07:03,111.138702,21.681499,0,0
28321,03:07:33,111.138702,21.681499,0,0
28321,03:08:03,111.138702,21.681499,0,0
28321,03:09:32,111.138702,21.681499,0,0
28321,03:10:02,111.138702,21.681499,0,0
28321,03:10:32,111.138702,21.681499,0,0
28321,03:11:32,111.138702,21.681499,0,0
28321,03:12:32,111.138702,21.681499,0,0
28321,03:14:01,111.138702,21.681499,0,0
28321,03:14:31,111.138702,21.681499,0,0
28321,03:15:03,111.138702,21.681499,0,0
28321,03:15:33,111.138702,21.681499,0,0
28321,03:16:33,111.138702,21.681499,0,0
28321,03:17:03,111.138702,21.681499,0,0
28321,03:17:33,111.138702,21.681499,0,0
28321,03:18:03,111.138702,21.681499,0,0
28321,03:18:33,111.138702,21.681499,0,0
28321,03:19:03,111.138702,21.681499,0,0
28321,03:20:02,111.138702,21.681499,0,0
28321,03:20:32,111.138702,21.681499,0,0
28321,03:21:02,111.138702,21.681499,0,0
28321,03:22:02,111.138702,21.681499,0,0
28321,03:22:32,111.138702,21.681499,0,0
28321,03:23:02,111.138702,21.681499,0,0
28321,03:24:32,111.138702,21.681499,0,0
28321,03:25:03,111.138702,21.681499,0,0
28321,03:25:33,111.138702,21.681499,0,0
28321,03:26:03,111.138702,21.681499,0,0
28321,03:27:03,111.138702,21.681499,0,0
28321,03:27:33,111.138702,21.681499,0,0
28321,03:28:03,111.138702,21.681499,0,0
28321,03:29:33,111.138702,21.681499,0,0
28321,03:30:03,111.138702,21.681499,0,0
28321,03:30:32,111.138702,21.681499,0,0
28321,03:31:32,111.138702,21.681499,0,0
28321,03:32:32,111.138702,21.681499,0,0
28321,03:33:02,111.138702,21.681499,0,0
28321,03:33:32,111.138702,21.681499,0,0
28321,03:34:02,111.138702,21.681499,0,0
28321,03:34:32,111.138702,21.681499,0,0
28321,03:35:02,111.138702,21.681499,0,0
28321,03:36:03,111.138702,21.681499,0,0
28321,03:36:33,111.138702,21.681499,0,0
28321,03:37:03,111.138702,21.681499,0,0
28321,03:37:33,111.138702,21.681499,0,0
28321,03:38:03,111.138702,21.681499,0,0
28321,03:38:33,111.138702,21.681499,0,0
28321,03:40:03,111.138702,21.681499,0,0
28321,03:40:35,111.138702,21.681499,0,0
28321,03:41:34,111.138702,21.681499,0,0
28321,03:42:34,111.138702,21.681499,0,0
28321,03:43:04,111.138702,21.681499,0,0
28321,03:44:34,111.138702,21.681499,0,0
28321,03:45:34,111.138702,21.681499,0,0
28321,03:46:04,111.138702,21.681499,0,0
28321,03:46:34,111.138702,21.681499,0,0
28321,03:47:03,111.138702,21.681499,0,0
28321,03:47:33,111.138702,21.681499,0,0
28321,03:48:03,111.138702,21.681499,0,0
28321,03:49:03,111.138702,21.681499,0,0
28321,03:49:33,111.138702,21.681499,0,0
28321,03:50:34,111.138702,21.681499,0,0
28321,03:51:04,111.138702,21.681499,0,0
28321,03:51:34,111.138702,21.681499,0,0
28321,03:52:03,111.138702,21.681499,0,0
28321,03:53:03,111.138702,21.681499,0,0
28321,03:53:33,111.138702,21.681499,0,0
28321,03:54:03,111.138702,21.681499,0,0
28321,03:54:33,111.138702,21.681499,0,0
28321,03:55:03,111.138702,21.681499,0,0
28321,03:56:04,111.138702,21.681499,0,0
28321,03:56:34,111.138702,21.681499,0,0
28321,03:57:04,111.138702,21.681499,0,0
28321,03:57:34,111.138702,21.681499,0,0
28321,03:58:03,111.138702,21.681499,0,0
28321,03:58:33,111.138702,21.681499,0,0
28321,03:59:03,111.138702,21.681499,0,0
28321,04:00:03,111.138702,21.681499,0,0
28321,04:00:35,111.138702,21.681499,0,0
28321,04:01:05,111.138702,21.681499,0,0
28321,04:02:05,111.138702,21.681499,0,0
28321,04:02:35,111.138702,21.681499,0,0
28321,04:03:04,111.138702,21.681499,0,0
28321,04:04:34,111.138702,21.681499,0,0
28321,04:05:04,111.138702,21.681499,0,0
28321,04:05:34,111.138702,21.681499,0,0
28321,04:06:35,111.138702,21.681499,0,0
28321,04:07:05,111.138702,21.681499,0,0
28321,04:07:35,111.138702,21.681499,0,0
28321,04:08:05,111.138702,21.681499,0,0
28321,04:08:34,111.138702,21.681499,0,0
28321,04:09:04,111.138702,21.681499,0,0
28321,04:09:34,111.138702,21.681499,0,0
28321,04:10:34,111.138702,21.681499,0,0
28321,04:11:05,111.138702,21.681499,0,0
28321,04:11:35,111.138702,21.681499,0,0
28321,04:12:35,111.138702,21.681499,0,0
28321,04:13:05,111.138702,21.681499,0,0
28321,04:13:35,111.138702,21.681499,0,0
28321,04:14:04,111.138702,21.681499,0,0
28321,04:14:34,111.138702,21.681499,0,0
28321,04:15:04,111.138702,21.681499,0,0
28321,04:16:06,111.138702,21.681499,0,0
28321,04:17:06,111.138702,21.681499,0,0
28321,04:18:06,111.138702,21.681499,0,0
28321,04:18:36,111.138702,21.681499,0,0
28321,04:19:06,111.138702,21.681499,0,0
28321,04:21:35,111.138702,21.681499,0,0
28321,04:22:05,111.138702,21.681499,0,0
28321,04:23:05,111.138702,21.681499,0,0
28321,04:23:35,111.138702,21.681499,0,0
28321,04:24:05,111.138702,21.681499,0,0
28321,04:24:34,111.138702,21.681499,0,0
28321,04:25:04,111.138702,21.681499,0,0
28321,04:25:34,111.138702,21.681499,0,0
28321,04:26:06,111.138702,21.681499,0,0
28321,04:26:36,111.138702,21.681499,0,0
28321,04:27:06,111.138702,21.681499,0,0
28321,04:27:36,111.138702,21.681499,0,0
28321,04:29:06,111.138702,21.681499,0,0
28321,04:29:36,111.138702,21.681499,0,0
28321,04:30:05,111.138702,21.681499,0,0
28321,04:30:35,111.138702,21.681499,0,0
28321,04:31:05,111.138702,21.681499,0,0
28321,04:31:35,111.138702,21.681499,0,0
28321,04:32:05,111.138702,21.681499,0,0
28321,04:32:35,111.138702,21.681499,0,0
28321,04:33:05,111.138702,21.681499,0,0
28321,04:33:35,111.138702,21.681499,0,0
28321,04:34:35,111.138702,21.681499,0,0
28321,04:35:34,111.138702,21.681499,0,0
28321,04:36:04,111.138702,21.681499,0,0
28321,04:36:36,111.138702,21.681499,0,0
28321,04:37:06,111.138702,21.681499,0,0
28321,04:37:36,111.138702,21.681499,0,0
28321,04:38:06,111.138702,21.681499,0,0
28321,04:38:36,111.138702,21.681499,0,0
28321,04:39:06,111.138702,21.681499,0,0
28321,04:39:36,111.138702,21.681499,0,0
28321,04:41:05,111.138702,21.681499,0,0
28321,04:41:37,111.138702,21.681499,0,0
28321,04:42:37,111.138702,21.681499,0,0
28321,04:43:07,111.138702,21.681499,0,0
28321,04:43:37,111.138702,21.681499,0,0
28321,04:44:07,111.138702,21.681499,0,0
28321,04:45:07,111.138702,21.681499,0,0
28321,04:45:37,111.138702,21.681499,0,0
28321,04:46:07,111.138702,21.681499,0,0
28321,04:46:36,111.138702,21.681499,0,0
28321,04:47:06,111.138702,21.681499,0,0
28321,04:47:36,111.138702,21.681499,0,0
28321,04:48:06,111.138702,21.681499,0,0
28321,04:48:36,111.138702,21.681499,0,0
28321,04:49:36,111.138702,21.681499,0,0
28321,04:50:06,111.138702,21.681499,0,0
28321,04:50:36,111.138702,21.681499,0,0
28321,04:52:08,111.138702,21.681499,0,0
28321,04:52:37,111.138702,21.681499,0,0
28321,04:53:07,111.138702,21.681499,0,0
28321,04:53:37,111.138702,21.681499,0,0
28321,04:54:07,111.138702,21.681499,0,0
28321,04:54:37,111.138702,21.681499,0,0
28321,04:55:37,111.138702,21.681499,0,0
28321,04:56:07,111.138702,21.681499,0,0
28321,04:56:37,111.138702,21.681499,0,0
28321,04:58:06,111.138702,21.681499,0,0
28321,04:58:36,111.138702,21.681499,0,0
28321,04:59:06,111.138702,21.681499,0,0
28321,04:59:36,111.138702,21.681499,0,0
28321,05:00:06,111.138702,21.681499,0,0
28321,05:01:06,111.138702,21.681499,0,0
28321,05:01:36,111.138702,21.681499,0,0
28321,05:02:08,111.138702,21.681499,0,0
28321,05:02:38,111.138702,21.681499,0,0
28321,05:03:07,111.138702,21.681499,0,0
28321,05:03:37,111.138702,21.681499,0,0
28321,05:04:37,111.138702,21.681499,0,0
28321,05:05:07,111.138702,21.681499,0,0
28321,05:05:37,111.138702,21.681499,0,0
28321,05:06:07,111.138702,21.681499,0,0
28321,05:06:37,111.138702,21.681499,0,0
28321,05:07:08,111.138702,21.681499,0,0
28321,05:08:08,111.138702,21.681499,0,0
28321,05:10:07,111.138702,21.681499,0,0
28321,05:11:07,111.138702,21.681499,0,0
28321,05:14:07,111.138702,21.681499,0,0
28321,05:15:07,111.138702,21.681499,0,0
28321,05:15:37,111.138702,21.681499,0,0
28321,05:16:07,111.138702,21.681499,0,0
28321,05:16:37,111.138702,21.681499,0,0
28321,05:17:09,111.138702,21.681499,0,0
28321,05:17:39,111.138702,21.681499,0,0
28321,05:18:09,111.138702,21.681499,0,0
28321,05:18:39,111.138702,21.681499,0,0
28321,05:19:08,111.138702,21.681499,0,0
28321,05:19:38,111.138702,21.681499,0,0
28321,05:20:08,111.138702,21.681499,0,0
28321,05:20:38,111.138702,21.681499,0,0
28321,05:21:08,111.138702,21.681499,0,0
28321,05:21:38,111.138702,21.681499,0,0
28321,05:22:08,111.138702,21.681499,0,0
28321,05:22:38,111.138702,21.681499,0,0
28321,05:23:08,111.138702,21.681499,0,0
28321,05:24:08,111.138702,21.681499,0,0
28321,05:24:38,111.138702,21.681499,0,0
28321,05:25:37,111.138702,21.681499,0,0
28321,05:26:07,111.138702,21.681499,0,0
28321,05:26:37,111.138702,21.681499,0,0
28321,05:28:09,111.138702,21.681499,0,0
28321,05:29:09,111.138702,21.681499,0,0
28321,05:29:39,111.138702,21.681499,0,0
28321,05:30:08,111.138702,21.681499,0,0
28321,05:30:38,111.138702,21.681499,0,0
28321,05:31:08,111.138702,21.681499,0,0
28321,05:32:39,111.138702,21.681499,0,0
28321,05:33:09,111.138702,21.681499,0,0
28321,05:34:09,111.138702,21.681499,0,0
28321,05:34:39,111.138702,21.681499,0,0
28321,05:35:09,111.138702,21.681499,0,0
28321,05:35:38,111.138702,21.681499,0,0
28321,05:36:08,111.138702,21.681499,0,0
28321,05:36:38,111.138702,21.681499,0,0
28321,05:37:39,111.138702,21.681499,0,0
28321,05:39:09,111.138702,21.681499,0,0
28321,05:40:09,111.138702,21.681499,0,0
28321,05:40:39,111.138702,21.681499,0,0
28321,05:41:08,111.138702,21.681499,0,0
28321,05:41:38,111.138702,21.681499,0,0
28321,05:42:39,111.138702,21.681499,0,0
28321,05:43:09,111.138702,21.681499,0,0
28321,05:43:39,111.138702,21.681499,0,0
28321,05:44:09,111.138702,21.681499,0,0
28321,05:46:09,111.138702,21.681499,0,0
28321,05:46:38,111.138702,21.681499,0,0
28321,05:47:08,111.138702,21.681499,0,0
28321,05:47:39,111.138702,21.681499,0,0
28321,05:49:09,111.138702,21.681499,0,0
28321,05:50:39,111.138702,21.681499,0,0
28321,05:52:08,111.138702,21.681499,0,0
28321,05:54:10,111.138702,21.681499,0,0
28321,05:55:10,111.138702,21.681499,0,0
28321,05:56:10,111.138702,21.681499,0,0
28321,05:56:40,111.138702,21.681499,0,0
28321,05:57:10,111.138702,21.681499,0,0
28321,05:57:39,111.138702,21.681499,0,0
28321,05:58:09,111.138702,21.681499,0,0
28321,05:58:39,111.138702,21.681499,0,0
28321,05:59:09,111.138702,21.681499,0,0
28321,05:59:39,111.138702,21.681499,0,0
28321,06:01:09,111.138702,21.681499,0,0
28321,06:01:39,111.138702,21.681499,0,0
28321,06:02:39,111.138702,21.681499,0,0
28321,06:04:10,111.138702,21.681499,0,0
28321,06:05:40,111.138702,21.681499,0,0
28321,06:06:40,111.138702,21.681601,0,0
28321,06:07:40,111.138702,21.681601,0,0
28321,06:08:10,111.138702,21.681601,0,0
28321,06:08:39,111.138702,21.681601,0,0
28321,06:09:39,111.138702,21.681601,0,0
28321,06:10:09,111.138702,21.681601,0,0
28321,06:10:39,111.138702,21.681499,0,0
28321,06:12:09,111.138702,21.681499,0,0
28321,06:12:39,111.138702,21.681499,0,0
28321,06:14:10,111.138702,21.681499,0,0
28321,06:15:10,111.138702,21.681499,0,0
28321,06:16:10,111.138702,21.681499,0,0
28321,06:17:10,111.138702,21.681499,0,0
28321,06:17:40,111.138702,21.681499,0,0
28321,06:18:41,111.138702,21.681499,0,0
28321,06:19:40,111.138702,21.681499,0,0
28321,06:20:10,111.138702,21.681499,0,0
28321,06:20:40,111.138702,21.681499,0,0
28321,06:21:40,111.138702,21.681499,0,0
28321,06:22:10,111.138702,21.681499,0,0
28321,06:23:11,111.138702,21.681499,0,0
28321,06:23:41,111.138702,21.681499,0,0
28321,06:24:11,111.138702,21.681499,0,0
28321,06:24:40,111.138702,21.681499,0,0
28321,06:25:10,111.138702,21.681499,0,0
28321,06:25:40,111.138702,21.681499,0,0
28321,06:26:10,111.138702,21.681499,0,0
28321,06:27:10,111.138702,21.681499,0,0
28321,06:27:40,111.138702,21.681499,0,0
28321,06:28:42,111.138702,21.681499,0,0
28321,06:29:12,111.138702,21.681499,0,0
28321,06:29:42,111.138702,21.681499,0,0
28321,06:30:12,111.138702,21.681499,0,0
28321,06:30:41,111.138702,21.681499,0,0
28321,06:31:11,111.138702,21.681499,0,0
28321,06:32:11,111.138702,21.681499,0,0
28321,06:33:11,111.138702,21.681499,0,0
28321,06:33:41,111.138702,21.681499,0,0
28321,06:34:41,111.138702,21.681499,0,0
28321,06:35:11,111.138702,21.681499,0,0
28321,06:37:10,111.138702,21.681499,0,0
28321,06:37:40,111.138702,21.681499,0,0
28321,06:38:42,111.138702,21.681499,0,0
28321,06:39:12,111.138702,21.681499,0,0
28321,06:39:42,111.138702,21.681499,0,0
28321,06:40:42,111.138702,21.681499,0,0
28321,06:41:12,111.138702,21.681499,0,0
28321,06:41:41,111.138702,21.681499,0,0
28321,06:42:11,111.138702,21.681499,0,0
28321,06:42:41,111.138702,21.681499,0,0
28321,06:43:42,111.138702,21.681499,0,0
28321,06:44:12,111.138702,21.681499,0,0
28321,06:44:42,111.138702,21.681499,0,0
28321,06:45:12,111.138702,21.681499,0,0
28321,06:46:12,111.138702,21.681499,0,0
28321,06:47:41,111.138702,21.681499,0,0
28321,06:48:11,111.138702,21.681499,0,0
28321,06:48:42,111.138702,21.681499,0,0
28321,06:49:12,111.138702,21.681499,0,0
28321,06:49:42,111.138702,21.681499,0,0
28321,06:50:12,111.138702,21.681499,0,0
28321,06:50:42,111.138702,21.681499,0,0
28321,06:51:12,111.138702,21.681499,0,0
28321,06:51:42,111.138702,21.681499,0,0
28321,06:52:12,111.138702,21.681499,0,0
28321,06:52:42,111.138702,21.681499,0,0
28321,06:54:12,111.138702,21.681499,0,0
28321,06:54:42,111.138702,21.681499,0,0
28321,06:55:12,111.138702,21.681499,0,0
28321,06:56:42,111.138702,21.681499,0,0
28321,06:58:12,111.138702,21.681499,0,0
28321,06:58:41,111.138702,21.681499,0,0
28321,06:59:12,111.138702,21.681499,0,0
28321,06:59:42,111.138702,21.681499,0,0
28321,07:00:12,111.138702,21.681499,0,0
28321,07:01:12,111.138702,21.681499,0,0
28321,07:01:42,111.138702,21.681499,0,0
28321,07:04:43,111.138702,21.681499,0,0
28321,07:05:43,111.138702,21.681499,0,0
28321,07:06:13,111.138702,21.681499,0,0
28321,07:06:43,111.138702,21.681499,0,0
28321,07:08:13,111.138702,21.681499,0,0
28321,07:08:43,111.138702,21.681499,0,0
28321,07:09:43,111.138702,21.681499,0,0
28321,07:10:13,111.138702,21.681499,0,0
28321,07:10:43,111.138702,21.681499,0,0
28321,07:11:13,111.138702,21.681499,0,0
28321,07:12:13,111.138702,21.681499,0,0
28321,07:12:43,111.138702,21.681499,0,0
28321,07:13:13,111.138702,21.681499,0,0
28321,07:14:14,111.138702,21.681499,0,0
28321,07:14:44,111.138702,21.681499,0,0
28321,07:15:13,111.138702,21.681499,0,0
28321,07:15:43,111.138702,21.681499,0,0
28321,07:17:13,111.138702,21.681499,0,0
28321,07:17:43,111.138702,21.681499,0,0
28321,07:19:14,111.138702,21.681499,0,0
28321,07:19:44,111.138702,21.681499,0,0
28321,07:20:14,111.138702,21.681499,0,0
28321,07:20:43,111.138702,21.681499,0,0
28321,07:21:13,111.138702,21.681499,0,0
28321,07:21:43,111.138702,21.681499,0,0
28321,07:22:13,111.138702,21.681499,0,0
28321,07:22:43,111.138702,21.681499,0,0
28321,07:23:13,111.138702,21.681499,0,0
28321,07:24:13,111.138702,21.681499,0,0
28321,07:24:44,111.138702,21.681499,0,0
28321,07:25:14,111.138702,21.681499,0,0
28321,07:25:44,111.138702,21.681499,0,0
28321,07:26:13,111.138702,21.681499,0,0
28321,07:26:43,111.138702,21.681499,0,0
28321,07:27:13,111.138702,21.681499,0,0
28321,07:28:13,111.138702,21.681499,0,0
28321,07:29:13,111.138702,21.681499,0,0
28321,07:29:44,111.138702,21.681499,0,0
28321,07:30:14,111.138702,21.681499,0,0
28321,07:30:44,111.138702,21.681499,0,0
28321,07:31:43,111.138702,21.681499,0,0
28321,07:32:13,111.138702,21.681499,0,0
28321,07:32:43,111.138702,21.681499,0,0
28321,07:33:13,111.138702,21.681499,0,0
28321,07:33:43,111.138702,21.681499,0,0
28321,07:34:13,111.138702,21.681499,0,0
28321,07:35:14,111.138702,21.681499,0,0
28321,07:35:44,111.138702,21.681499,0,0
28321,07:36:44,111.138702,21.681499,0,0
28321,07:38:13,111.138496,21.681499,0,0
28321,07:38:44,111.138702,21.681499,0,2
28321,07:39:14,111.138702,21.681499,0,1
28321,07:39:44,111.138603,21.681499,0,0
28321,07:40:14,111.138603,21.681499,0,1
28321,07:41:44,111.138702,21.681499,0,0
28321,07:43:13,111.138603,21.681499,0,0
28321,07:43:44,111.138603,21.681499,0,0
28321,07:45:14,111.138496,21.681499,0,0
28321,07:46:14,111.138496,21.681499,0,0
28321,07:46:44,111.138496,21.681601,0,0
28321,07:47:14,111.138496,21.681601,0,0
28321,07:47:44,111.138702,21.6814,0,0
28321,07:48:14,111.138702,21.681499,0,0
28321,07:48:45,111.138603,21.681499,0,0
28321,07:49:15,111.138603,21.681499,0,0
28321,07:49:45,111.138603,21.681499,0,0
28321,07:50:15,111.138702,21.681499,0,0
28321,07:50:45,111.138702,21.681499,0,0
28321,07:51:15,111.138702,21.681499,0,0
28321,07:51:45,111.138603,21.681499,0,0
28321,07:52:45,111.138702,21.681499,0,1
28321,07:53:15,111.138702,21.681499,0,0
28321,07:54:14,111.138802,21.6814,0,0
28321,07:56:14,111.138603,21.681601,0,0
28321,07:56:44,111.138603,21.681499,0,0
28321,07:57:44,111.138603,21.681499,0,0
28321,07:58:14,111.138603,21.681499,0,0
28321,07:58:46,111.138603,21.681499,0,0
28321,07:59:45,111.138603,21.681499,0,0
28321,08:00:15,111.138603,21.681499,0,0
28321,08:00:45,111.138603,21.681499,0,0
28321,08:01:15,111.138603,21.681499,0,0
28321,08:02:15,111.138603,21.681499,0,0
28321,08:03:15,111.138603,21.681499,0,0
28321,08:03:46,111.138901,21.6814,0,0
28321,08:04:16,111.138603,21.681601,0,0
28321,08:04:46,111.138603,21.681601,0,0
28321,08:05:15,111.138603,21.681601,0,0
28321,08:06:45,111.138603,21.681601,0,0
28321,08:12:19,111.138603,21.681601,0,0
28321,08:18:17,111.138603,21.681601,0,0
28321,08:24:15,111.138603,21.681601,0,0
28321,08:29:17,111.138603,21.681601,0,0
28321,08:35:15,111.138603,21.681601,0,0
28321,08:40:17,111.138603,21.681601,0,0
28321,08:46:16,111.138603,21.681601,0,0
28321,08:52:14,111.138603,21.681601,0,0
28321,08:58:14,111.138603,21.681601,0,0
28321,09:04:13,111.138603,21.681601,0,0
28321,09:09:13,111.138603,21.681601,0,0
28321,09:14:13,111.138603,21.681601,0,0
28321,09:20:13,111.138603,21.681601,0,0
28321,09:26:13,111.138603,21.681601,0,0
28321,09:31:13,111.138603,21.681601,0,0
28321,09:37:13,111.138603,21.681601,0,0
28321,09:42:13,111.138603,21.681601,0,0
28321,09:48:13,111.138603,21.681601,0,0
28321,09:53:19,111.138603,21.681601,0,0
28321,09:59:13,111.138603,21.681601,0,0
28321,10:04:13,111.138603,21.681601,0,0
28321,10:10:12,111.138603,21.681601,0,0
28321,10:16:11,111.138603,21.681601,0,0
28321,10:21:11,111.138603,21.681601,0,0
28321,10:26:11,111.138603,21.681601,0,0
28321,10:31:13,111.138603,21.681601,0,0
28321,10:37:13,111.138603,21.681601,0,0
28321,10:43:13,111.138603,21.681601,0,0
28321,10:48:13,111.138603,21.681601,0,0
28321,10:54:13,111.138603,21.681601,0,0
28321,11:00:12,111.138603,21.681601,0,0
28321,11:06:13,111.138603,21.681601,0,0
28321,11:12:12,111.138603,21.681601,0,0
28321,11:17:15,111.138603,21.681601,0,0
28321,11:23:13,111.138603,21.681601,0,0
28321,11:29:13,111.138603,21.681601,0,0
28321,11:34:13,111.138603,21.681601,0,0
28321,11:39:13,111.138603,21.681601,0,0
28321,11:45:12,111.138603,21.681601,0,0
28321,11:50:13,111.138603,21.681601,0,0
28321,11:55:13,111.138603,21.681601,0,0
28321,12:00:13,111.138603,21.681601,0,0
28321,12:02:25,111.138603,21.681499,0,0
28321,12:04:06,111.138603,21.681499,0,0
28321,12:05:06,111.138603,21.681499,0,0
28321,12:06:06,111.138603,21.681499,0,0
28321,12:06:36,111.138603,21.681499,0,0
28321,12:07:06,111.138603,21.681499,0,0
28321,12:08:05,111.138603,21.681499,0,0
28321,12:09:05,111.138603,21.681499,0,0
28321,12:09:35,111.138603,21.681499,0,0
28321,12:10:05,111.138603,21.681499,0,0
28321,12:10:35,111.138603,21.681499,0,0
28321,12:11:05,111.138603,21.681499,0,0
28321,12:12:05,111.138603,21.681499,0,0
28321,12:13:35,111.138603,21.681499,0,0
28321,12:14:35,111.138603,21.681499,0,0
28321,12:15:35,111.138603,21.681499,0,0
28321,12:17:05,111.138603,21.681499,0,0
28321,12:17:35,111.138603,21.681499,0,0
28321,12:18:05,111.138603,21.681499,0,0
28321,12:18:35,111.138603,21.681499,0,0
28321,12:19:35,111.138603,21.681499,0,0
28321,12:20:05,111.138603,21.681499,0,0
28321,12:20:35,111.138603,21.681499,0,0
28321,12:21:05,111.138603,21.681499,0,0
28321,12:21:35,111.138603,21.681499,0,0
28321,12:22:05,111.138603,21.681499,0,0
28321,12:23:05,111.138603,21.681499,0,0
28321,12:24:35,111.138603,21.681499,0,0
28321,12:24:44,111.138603,21.681499,0,0
28321,12:25:44,111.138603,21.681499,0,0
28321,12:26:44,111.138603,21.681499,0,0
28321,12:27:14,111.138298,21.6812,0,6
28321,12:28:46,111.140404,21.681101,0,5
28321,12:29:15,111.140602,21.6821,0,8
28321,12:30:15,111.140602,21.684099,0,3
28321,12:30:45,111.140404,21.684999,0,8
28321,12:32:45,111.144096,21.689199,0,17
28321,12:33:45,111.1483,21.6919,0,13
28321,12:34:15,111.150703,21.692301,0,18
28321,12:36:14,111.159897,21.691401,0,13
28321,12:36:44,111.161903,21.690701,0,17
28321,12:37:14,111.163902,21.690001,0,16
28321,12:39:45,111.1744,21.684999,0,21
28321,12:40:15,111.175003,21.686501,0,18
28321,12:40:45,111.174202,21.688601,0,9
28321,12:41:15,111.173897,21.690701,0,10
28321,12:41:45,111.173897,21.6919,0,8
28321,12:43:15,111.175499,21.693001,0,3
28321,12:43:46,111.175903,21.6931,0,0
28321,12:44:46,111.176102,21.693199,0,6
28321,12:45:15,111.176598,21.693501,0,6
28321,12:46:15,111.176201,21.694799,0,4
28321,12:47:15,111.175903,21.6957,0,6
28321,12:48:15,111.1754,21.697201,0,6
28321,12:48:46,111.175598,21.6975,0,0
28321,12:49:16,111.175598,21.6975,0,0
28321,12:49:46,111.175598,21.6975,0,0
28321,12:49:59,111.175598,21.6975,0,0
28321,12:50:59,111.175598,21.6975,0,0
28321,12:51:29,111.175598,21.6975,0,0
28321,12:51:59,111.175598,21.6975,0,0
28321,12:52:29,111.175598,21.6975,0,0
28321,12:52:59,111.175598,21.6975,0,0
28321,12:53:59,111.175598,21.6975,0,0
28321,12:54:29,111.175598,21.6975,0,0
28321,12:54:59,111.175598,21.6975,0,0
28321,12:55:29,111.175598,21.6975,0,0
28321,12:55:59,111.175598,21.6975,0,0
28321,12:56:59,111.175598,21.6975,0,0
28321,12:57:29,111.175598,21.6975,0,0
28321,12:58:59,111.175598,21.6975,0,0
28321,12:59:59,111.175598,21.6975,0,0
28321,13:00:29,111.175598,21.6975,0,0
28321,13:00:59,111.175598,21.6975,0,0
28321,13:01:29,111.175598,21.6975,0,0
28321,13:02:29,111.175598,21.6975,0,0
28321,13:04:01,111.175598,21.6975,0,0
28321,13:04:31,111.175598,21.6975,0,0
28321,13:05:30,111.175598,21.6975,0,0
28321,13:06:00,111.175598,21.6975,0,0
28321,13:06:30,111.175598,21.6975,0,0
28321,13:09:00,111.175598,21.6975,0,0
28321,13:09:30,111.175598,21.6975,0,0
28321,13:10:00,111.175598,21.6975,0,0
28321,13:10:29,111.175598,21.6975,0,0
28321,13:10:59,111.175598,21.6975,0,0
28321,13:11:59,111.175598,21.6975,0,0
28321,13:12:29,111.175598,21.6975,0,0
28321,13:12:59,111.175598,21.6975,0,0
28321,13:13:59,111.175598,21.6975,0,0
28321,13:15:01,111.175598,21.6975,0,0
28321,13:15:31,111.175598,21.6975,0,0
28321,13:16:00,111.175598,21.6975,0,0
28321,13:16:30,111.175598,21.6975,0,0
28321,13:17:00,111.175598,21.6975,0,0
28321,13:17:30,111.175598,21.6975,0,0
28321,13:18:00,111.175598,21.6975,0,0
28321,13:19:00,111.175598,21.6975,0,0
28321,13:21:01,111.175598,21.6975,0,0
28321,13:21:30,111.175598,21.6975,0,0
28321,13:23:30,111.175598,21.6975,0,0
28321,13:24:31,111.175598,21.6975,0,0
28321,13:25:01,111.175598,21.6975,0,0
28321,13:25:31,111.175598,21.6975,0,0
28321,13:26:31,111.175598,21.6975,0,0
28321,13:27:30,111.175598,21.6975,0,0
28321,13:28:30,111.175598,21.6975,0,0
28321,13:29:32,111.175598,21.6975,0,0
28321,13:30:02,111.175598,21.6975,0,0
28321,13:31:32,111.175598,21.6975,0,0
28321,13:32:02,111.175598,21.6975,0,0
28321,13:32:31,111.175598,21.6975,0,0
28321,13:34:01,111.175598,21.6975,0,0
28321,13:34:31,111.175598,21.6975,0,0
28321,13:35:31,111.175598,21.6975,0,0
28321,13:36:01,111.175598,21.6975,0,0
28321,13:37:01,111.175598,21.6975,0,0
28321,13:37:31,111.175598,21.6975,0,0
28321,13:38:00,111.175598,21.6975,0,0
28321,13:39:00,111.175598,21.6975,0,0
28321,13:39:30,111.175598,21.6975,0,0
28321,13:42:32,111.175598,21.6975,0,0
28321,13:43:02,111.175598,21.6975,0,0
28321,13:45:02,111.175598,21.6975,0,0
28321,13:46:32,111.175598,21.6975,0,0
28321,13:50:02,111.175598,21.6975,0,0
28321,13:53:32,111.175598,21.6975,0,0
28321,13:54:01,111.175598,21.6975,0,0
28321,13:55:32,111.175598,21.6975,0,0
28321,13:56:02,111.175598,21.6975,0,0
28321,13:56:32,111.175598,21.6975,0,0
28321,13:57:32,111.175598,21.6975,0,0
28321,13:59:02,111.175598,21.6975,0,0
28321,13:59:32,111.175598,21.6975,0,0
28321,14:00:02,111.175598,21.6975,0,0
28321,14:01:02,111.175598,21.6975,0,0
28321,14:02:02,111.175598,21.6975,0,0
28321,14:04:02,111.175598,21.6975,0,0
28321,14:04:32,111.175598,21.6975,0,0
28321,14:05:02,111.175598,21.6975,0,0
28321,14:05:32,111.175598,21.6975,0,0
28321,14:06:02,111.175598,21.6975,0,0
28321,14:06:32,111.175598,21.6975,0,0
28321,14:07:02,111.175598,21.6975,0,0
28321,14:07:32,111.175598,21.6975,0,0
28321,14:08:02,111.175598,21.6975,0,0
28321,14:08:32,111.175598,21.6975,0,0
28321,14:09:02,111.175598,21.6975,0,0
28321,14:09:32,111.175598,21.6975,0,0
28321,14:10:02,111.175598,21.6975,0,0
28321,14:10:34,111.175598,21.6975,0,0
28321,14:12:33,111.175598,21.6975,0,0
28321,14:13:03,111.175598,21.6975,0,0
28321,14:14:03,111.175598,21.6975,0,0
28321,14:15:03,111.175598,21.6975,0,0
28321,14:17:03,111.175598,21.6975,0,0
28321,14:18:03,111.175598,21.6975,0,0
28321,14:19:33,111.175598,21.6975,0,0
28321,14:22:03,111.175598,21.6975,0,0
28321,14:23:03,111.175598,21.6975,0,0
28321,14:24:33,111.175598,21.6975,0,0
28321,14:25:34,111.175598,21.6975,0,0
28321,14:26:04,111.175598,21.6975,0,0
28321,14:26:33,111.175598,21.6975,0,0
28321,14:27:03,111.175598,21.6975,0,0
28321,14:27:33,111.175598,21.6975,0,0
28321,14:28:03,111.175598,21.6975,0,0
28321,14:28:33,111.175598,21.6975,0,0
28321,14:29:03,111.175598,21.6975,0,0
28321,14:29:33,111.175598,21.6975,0,0
28321,14:30:34,111.175598,21.6975,0,0
28321,14:31:04,111.175598,21.6975,0,0
28321,14:32:03,111.175598,21.6975,0,0
28321,14:32:33,111.175598,21.6975,0,0
28321,14:33:03,111.175598,21.6975,0,0
28321,14:34:33,111.175598,21.6975,0,0
28321,14:35:03,111.175598,21.6975,0,0
28321,14:35:33,111.175598,21.6975,0,0
28321,14:36:04,111.175598,21.6975,0,0
28321,14:37:04,111.175598,21.6975,0,0
28321,14:38:03,111.175598,21.6975,0,0
28321,14:38:33,111.175598,21.6975,0,0
28321,14:39:03,111.175598,21.6975,0,0
28321,14:39:33,111.175598,21.6975,0,0
28321,14:40:03,111.175598,21.6975,0,0
28321,14:40:33,111.175598,21.6975,0,0
28321,14:41:05,111.175598,21.6975,0,0
28321,14:41:35,111.175598,21.6975,0,0
28321,14:42:05,111.175598,21.6975,0,0
28321,14:43:04,111.175598,21.6975,0,0
28321,14:43:34,111.175598,21.6975,0,0
28321,14:45:04,111.175598,21.6975,0,0
28321,14:45:34,111.175598,21.6975,0,0
28321,14:46:05,111.175598,21.6975,0,0
28321,14:46:35,111.175598,21.6975,0,0
28321,14:47:05,111.175598,21.6975,0,0
28321,14:50:34,111.175598,21.6975,0,0
28321,14:51:05,111.175598,21.6975,0,0
28321,14:51:35,111.175598,21.6975,0,0
28321,14:52:05,111.175598,21.6975,0,0
28321,14:52:35,111.175598,21.6975,0,0
28321,14:53:05,111.175598,21.6975,0,0
28321,14:53:35,111.175598,21.6975,0,0
28321,14:54:04,111.175598,21.6975,0,0
28321,14:54:34,111.175598,21.6975,0,0
28321,14:55:04,111.175598,21.6975,0,0
28321,14:55:34,111.175598,21.6975,0,0
28321,14:57:05,111.175598,21.6975,0,0
28321,14:57:35,111.175598,21.6975,0,0
28321,14:58:35,111.175598,21.6975,0,0
28321,14:59:05,111.175598,21.6975,0,0
28321,15:00:34,111.175598,21.6975,0,0
28321,15:01:05,111.175598,21.6975,0,0
28321,15:01:35,111.175598,21.6975,0,0
28321,15:02:35,111.175598,21.6975,0,0
28321,15:05:34,111.172096,21.698099,0,14
28321,15:07:06,111.166901,21.697201,0,12
28321,15:07:36,111.168198,21.6961,0,9
28321,15:08:36,111.171204,21.694799,0,4
28321,15:09:06,111.171204,21.694799,0,0
28321,15:09:36,111.171204,21.694799,0,0
28321,15:10:35,111.171204,21.694799,0,0
28321,15:11:05,111.171204,21.694799,0,0
28321,15:11:36,111.171204,21.694799,0,0
28321,15:13:06,111.171204,21.694799,0,0
28321,15:13:36,111.171204,21.694799,0,0
28321,15:14:06,111.171204,21.694799,0,0
28321,15:14:36,111.171204,21.694799,0,0
28321,15:15:06,111.171204,21.694799,0,0
28321,15:16:36,111.171204,21.694799,0,0
28321,15:17:06,111.171204,21.694799,0,0
28321,15:17:36,111.171204,21.694799,0,0
28321,15:18:06,111.171204,21.694799,0,0
28321,15:19:06,111.171303,21.694799,0,5
28321,15:19:36,111.171898,21.694599,0,4
28321,15:20:06,111.172096,21.6938,0,9
28321,15:20:36,111.172401,21.6926,0,7
28321,15:21:36,111.172699,21.692101,0,0
28321,15:22:06,111.172997,21.6919,0,2
28321,15:23:06,111.173897,21.6901,0,16
28321,15:23:36,111.174301,21.687901,0,16
28321,15:24:06,111.175102,21.685801,0,10
28321,15:26:06,111.167503,21.6891,0,22
28321,15:27:06,111.162498,21.6908,0,5
28321,15:27:36,111.160599,21.691,0,13
28321,15:28:06,111.158401,21.691799,0,16
28321,15:28:36,111.155602,21.6922,0,16
28321,15:29:06,111.152901,21.692301,0,10
28321,15:29:36,111.150299,21.6922,0,22
28321,15:30:06,111.147499,21.691401,0,18
28321,15:30:36,111.144798,21.6896,0,21
28321,15:31:06,111.141899,21.687901,0,24
28321,15:32:37,111.140404,21.684601,0,10
28321,15:33:07,111.140701,21.6838,0,7
28321,15:33:37,111.140701,21.682699,0,9
28321,15:34:07,111.140503,21.6814,0,8
28321,15:35:07,111.138802,21.6807,0,7
28321,15:36:07,111.138603,21.681499,0,0
28321,15:36:37,111.138603,21.681499,0,0
28321,15:37:07,111.138603,21.681499,0,0
28321,15:37:36,111.138603,21.681499,0,0
28321,15:38:06,111.138603,21.681499,0,0
28321,15:38:36,111.138603,21.681499,0,0
28321,15:39:06,111.138603,21.681499,0,0
28321,15:39:36,111.138603,21.681499,0,0
28321,15:40:06,111.138603,21.681499,0,0
28321,15:43:37,111.138603,21.681499,0,0
28321,15:44:37,111.138603,21.681499,0,0
28321,15:45:07,111.138603,21.681499,0,0
28321,15:46:07,111.138603,21.681499,0,0
28321,15:46:37,111.138603,21.681499,0,0
28321,15:47:08,111.138603,21.681499,0,0
28321,15:47:38,111.138603,21.681499,0,0
28321,15:48:08,111.138603,21.681499,0,0
28321,15:48:37,111.138603,21.681499,0,0
28321,15:49:07,111.138603,21.681499,0,0
28321,15:49:37,111.138603,21.681499,0,0
28321,15:50:07,111.138603,21.681499,0,0
28321,15:51:37,111.138603,21.681499,0,0
28321,15:52:08,111.138603,21.681499,0,0
28321,15:52:38,111.138603,21.681499,0,0
28321,15:54:07,111.138603,21.681499,0,0
28321,15:55:07,111.138603,21.681499,0,0
28321,15:59:07,111.138603,21.681499,0,0
28321,15:59:37,111.138603,21.681499,0,0
28321,16:01:37,111.138603,21.681499,0,0
28321,16:02:38,111.138603,21.681499,0,0
28321,16:03:08,111.138603,21.681499,0,0
28321,16:04:07,111.138603,21.681499,0,0
28321,16:04:37,111.138603,21.681499,0,0
28321,16:05:07,111.138603,21.681499,0,0
28321,16:05:37,111.138603,21.681499,0,0
28321,16:06:07,111.138603,21.681499,0,0
28321,16:06:37,111.138603,21.681499,0,0
28321,16:07:07,111.138603,21.681499,0,0
28321,16:07:39,111.138603,21.681499,0,0
28321,16:08:09,111.138603,21.681499,0,0
28321,16:08:39,111.138603,21.681499,0,0
28321,16:09:09,111.138603,21.681499,0,0
28321,16:09:38,111.138603,21.681499,0,0
28321,16:10:08,111.138603,21.681499,0,0
28321,16:11:38,111.138603,21.681499,0,0
28321,16:12:08,111.138603,21.681499,0,0
28321,16:14:38,111.138603,21.681499,0,0
28321,16:15:07,111.138603,21.681499,0,0
28321,16:15:37,111.138603,21.681499,0,0
28321,16:16:07,111.138603,21.681499,0,0
28321,16:16:37,111.138603,21.681499,0,0
28321,16:17:39,111.138603,21.681499,0,0
28321,16:18:09,111.138603,21.681499,0,0
28321,16:18:39,111.138603,21.681499,0,0
28321,16:21:38,111.138603,21.681499,0,0
28321,16:22:39,111.138603,21.681499,0,0
28321,16:23:09,111.138603,21.681499,0,0
28321,16:23:39,111.138603,21.681499,0,0
28321,16:24:09,111.138603,21.681499,0,0
28321,16:24:39,111.138603,21.681499,0,0
28321,16:25:38,111.138603,21.681499,0,0
28321,16:26:08,111.138603,21.681499,0,0
28321,16:26:38,111.138603,21.681499,0,0
28321,16:27:38,111.138603,21.681499,0,0
28321,16:28:09,111.138603,21.681499,0,0
28321,16:28:39,111.138603,21.681499,0,0
28321,16:29:39,111.138603,21.681499,0,0
28321,16:30:09,111.138603,21.681499,0,0
28321,16:31:38,111.138603,21.681499,0,0
28321,16:34:40,111.138603,21.681499,0,0
28321,16:35:10,111.138603,21.681499,0,0
28321,16:35:40,111.138603,21.681499,0,0
28321,16:36:09,111.138603,21.681499,0,0
28321,16:36:39,111.138603,21.681499,0,0
28321,16:37:39,111.138603,21.681499,0,0
28321,16:38:09,111.138603,21.681499,0,0
28321,16:38:39,111.138603,21.681499,0,0
28321,16:39:39,111.138603,21.681499,0,0
28321,16:40:09,111.138603,21.681499,0,0
28321,16:42:38,111.138603,21.681499,0,0
28321,16:43:10,111.138603,21.681499,0,0
28321,16:43:40,111.138603,21.681499,0,0
28321,16:44:10,111.138603,21.681499,0,0
28321,16:44:40,111.138603,21.681499,0,0
28321,16:45:10,111.138603,21.681499,0,0
28321,16:45:40,111.138603,21.681499,0,0
28321,16:46:10,111.138603,21.681499,0,0
28321,16:46:40,111.138603,21.681499,0,0
28321,16:47:10,111.138603,21.681499,0,0
28321,16:47:39,111.138603,21.681499,0,0
28321,16:48:10,111.138603,21.681499,0,0
28321,16:48:40,111.138603,21.681499,0,0
28321,16:49:40,111.138603,21.681499,0,0
28321,16:51:10,111.138603,21.681499,0,0
28321,16:51:40,111.138603,21.681499,0,0
28321,16:52:10,111.138603,21.681499,0,0
28321,16:52:40,111.138603,21.681499,0,0
28321,16:53:10,111.138603,21.681499,0,0
28321,16:54:10,111.138603,21.681499,0,0
28321,16:54:40,111.138603,21.681499,0,0
28321,16:55:10,111.138603,21.681499,0,0
28321,16:55:40,111.138603,21.681499,0,0
28321,16:56:10,111.138603,21.681499,0,0
28321,16:57:10,111.138603,21.681499,0,0
28321,16:57:40,111.138603,21.681499,0,0
28321,16:59:41,111.138603,21.681499,0,0
28321,17:00:41,111.138603,21.681499,0,0
28321,17:01:11,111.138603,21.681499,0,0
28321,17:03:11,111.138603,21.681499,0,0
28321,17:03:40,111.138603,21.681499,0,0
28321,17:04:10,111.138603,21.681499,0,0
28321,17:05:40,111.138603,21.681499,0,0
28321,17:06:10,111.138603,21.681499,0,0
28321,17:06:40,111.138603,21.681499,0,0
28321,17:07:10,111.138603,21.681499,0,0
28321,17:07:40,111.138603,21.681499,0,0
28321,17:08:10,111.138603,21.681499,0,0
28321,17:09:11,111.138603,21.681499,0,0
28321,17:09:41,111.138603,21.681499,0,0
28321,17:10:11,111.138603,21.681499,0,0
28321,17:10:41,111.138603,21.681499,0,0
28321,17:11:11,111.138603,21.681499,0,0
28321,17:12:11,111.138603,21.681499,0,0
28321,17:12:41,111.138603,21.681499,0,0
28321,17:13:11,111.138603,21.681499,0,0
28321,17:13:42,111.138603,21.681499,0,0
28321,17:14:11,111.138603,21.681499,0,0
28321,17:15:41,111.138603,21.681499,0,0
28321,17:16:41,111.138603,21.681499,0,0
28321,17:17:11,111.138603,21.681499,0,0
28321,17:17:41,111.138603,21.681499,0,0
28321,17:18:11,111.138603,21.681499,0,0
28321,17:18:42,111.138603,21.681499,0,0
28321,17:19:41,111.138603,21.681499,0,0
28321,17:20:11,111.138603,21.681499,0,0
28321,17:22:41,111.138603,21.681499,0,0
28321,17:23:11,111.138603,21.681499,0,0
28321,17:23:43,111.138603,21.681499,0,0
28321,17:24:42,111.138603,21.681499,0,0
28321,17:25:12,111.138603,21.681499,0,0
28321,17:25:42,111.138603,21.681499,0,0
28321,17:26:12,111.138603,21.681499,0,0
28321,17:26:42,111.138603,21.681499,0,0
28321,17:27:12,111.138603,21.681499,0,0
28321,17:27:42,111.138603,21.681499,0,0
28321,17:28:12,111.138603,21.681499,0,0
28321,17:28:42,111.138603,21.681499,0,0
28321,17:29:41,111.138603,21.681499,0,0
28321,17:30:11,111.138603,21.681499,0,0
28321,17:30:41,111.138603,21.681499,0,0
28321,17:31:11,111.138603,21.681499,0,0
28321,17:31:41,111.138603,21.681499,0,0
28321,17:32:11,111.138603,21.681499,0,0
28321,17:33:11,111.138603,21.681499,0,0
28321,17:33:41,111.138603,21.681499,0,0
28321,17:34:13,111.138603,21.681499,0,0
28321,17:37:42,111.138603,21.681499,0,0
28321,17:38:12,111.138603,21.681499,0,0
28321,17:38:42,111.138603,21.681499,0,0
28321,17:39:13,111.138603,21.681499,0,0
28321,17:40:13,111.138603,21.681499,0,0
28321,17:40:43,111.138603,21.681499,0,0
28321,17:41:12,111.138603,21.681499,0,0
28321,17:42:12,111.138603,21.681499,0,0
28321,17:42:42,111.138603,21.681499,0,0
28321,17:43:12,111.138603,21.681499,0,0
28321,17:44:13,111.138603,21.681499,0,0
28321,17:44:43,111.138603,21.681499,0,0
28321,17:45:13,111.138603,21.681499,0,0
28321,17:45:43,111.138603,21.681499,0,0
28321,17:46:12,111.138603,21.681499,0,0
28321,17:46:42,111.138603,21.681499,0,0
28321,17:47:12,111.138603,21.681499,0,0
28321,17:47:42,111.138603,21.681499,0,0
28321,17:48:12,111.138603,21.681499,0,0
28321,17:48:42,111.138603,21.681499,0,0
28321,17:49:14,111.138603,21.681499,0,0
28321,17:49:43,111.138603,21.681499,0,0
28321,17:50:43,111.138603,21.681499,0,0
28321,17:51:13,111.138603,21.681499,0,0
28321,17:52:12,111.138603,21.681499,0,0
28321,17:53:12,111.138603,21.681499,0,0
28321,17:54:12,111.138603,21.681499,0,0
28321,17:55:43,111.138603,21.681499,0,0
28321,17:56:13,111.138603,21.681499,0,0
28321,17:56:43,111.138603,21.681499,0,0
28321,17:57:13,111.138603,21.681499,0,0
28321,17:57:42,111.138603,21.681499,0,0
28321,17:58:12,111.138603,21.681499,0,0
28321,17:58:42,111.138603,21.681499,0,0
28321,17:59:44,111.138603,21.681499,0,0
28321,18:00:14,111.138603,21.681499,0,0
28321,18:01:14,111.138603,21.681499,0,0
28321,18:02:14,111.138603,21.681499,0,0
28321,18:02:44,111.138603,21.681499,0,0
28321,18:03:13,111.138603,21.681499,0,0
28321,18:03:43,111.138603,21.681499,0,0
28321,18:04:13,111.138603,21.681499,0,0
28321,18:04:43,111.138603,21.681499,0,0
28321,18:05:43,111.138603,21.681499,0,0
28321,18:07:43,111.138603,21.681499,0,0
28321,18:08:13,111.138603,21.681499,0,0
28321,18:08:42,111.138603,21.681499,0,0
28321,18:09:12,111.138603,21.681499,0,0
28321,18:09:44,111.138603,21.681499,0,0
28321,18:10:14,111.138603,21.681499,0,0
28321,18:11:14,111.138603,21.681499,0,0
28321,18:11:44,111.138603,21.681499,0,0
28321,18:12:14,111.138603,21.681499,0,0
28321,18:12:44,111.138603,21.681499,0,0
28321,18:13:14,111.138603,21.681499,0,0
28321,18:13:43,111.138603,21.681499,0,0
28321,18:14:13,111.138603,21.681499,0,0
28321,18:14:45,111.138603,21.681499,0,0
28321,18:20:44,111.140503,21.6812,0,8
28321,18:21:44,111.140701,21.6838,0,9
28321,18:22:14,111.140404,21.684999,0,8
28321,18:23:14,111.140404,21.687201,0,14
28321,18:24:14,111.145798,21.690201,0,22
28321,18:24:43,111.148201,21.6919,0,18
28321,18:26:45,111.158501,21.6917,0,12
28321,18:27:15,111.160797,21.690901,0,17
28321,18:29:15,111.169899,21.6875,0,16
28321,18:30:14,111.172798,21.685101,0,22
28321,18:30:44,111.175102,21.685499,0,11
28321,18:31:44,111.173897,21.689899,0,15
28321,18:32:14,111.174004,21.691601,0,3
28321,18:33:14,111.173897,21.691601,0,0
28321,18:33:44,111.173897,21.691601,0,0
28321,18:34:14,111.174004,21.692101,0,6
28321,18:34:44,111.175003,21.692699,0,10
28321,18:35:45,111.175201,21.694201,0,7
28321,18:36:15,111.175102,21.6952,0,1
28321,18:36:45,111.175102,21.6952,0,0
28321,18:37:45,111.175102,21.6952,0,0
28321,18:38:15,111.175102,21.6952,0,0
28321,18:39:15,111.175102,21.6952,0,0
28321,18:39:45,111.175102,21.6952,0,0
28321,18:40:15,111.175102,21.6952,0,0
28321,18:40:44,111.175102,21.6952,0,0
28321,18:41:44,111.175102,21.6952,0,0
28321,18:42:14,111.175102,21.6952,0,0
28321,18:42:44,111.175102,21.6952,0,0
28321,18:43:44,111.175102,21.6952,0,0
28321,18:44:14,111.175102,21.6952,0,0
28321,18:44:44,111.175102,21.6952,0,0
28321,18:45:16,111.175102,21.6952,0,0
28321,18:45:46,111.175102,21.6952,0,0
28321,18:46:45,111.175102,21.6952,0,0
28321,18:47:15,111.175102,21.6952,0,0
28321,18:48:15,111.175102,21.6952,0,0
28321,18:50:15,111.175102,21.6952,0,0
28321,18:51:17,111.175102,21.6952,0,0
28321,18:51:46,111.175102,21.6952,0,0
28321,18:52:16,111.175102,21.6952,0,0
28321,18:52:46,111.175102,21.6952,0,0
28321,18:53:16,111.175102,21.6952,0,0
28321,18:53:46,111.175102,21.6952,0,0
28321,18:54:16,111.175102,21.6952,0,0
28321,18:54:46,111.175102,21.6952,0,0
28321,18:55:16,111.175102,21.6952,0,0
28321,18:56:16,111.175102,21.6952,0,0
28321,18:56:46,111.175102,21.6952,0,0
28321,18:57:15,111.175102,21.6952,0,0
28321,18:57:45,111.175102,21.6952,0,0
28321,18:58:45,111.175102,21.6952,0,0
28321,18:59:15,111.175102,21.6952,0,0
28321,18:59:45,111.175102,21.6952,0,0
28321,19:00:15,111.175102,21.6952,0,0
28321,19:00:47,111.175102,21.6952,0,0
28321,19:01:17,111.175102,21.6952,0,0
28321,19:01:47,111.175102,21.6952,0,0
28321,19:03:46,111.175102,21.6952,0,0
28321,19:04:16,111.175102,21.6952,0,0
28321,19:06:16,111.175301,21.6957,0,0
28321,19:06:46,111.175301,21.6957,0,0
28321,19:07:16,111.175301,21.6957,0,0
28321,19:07:46,111.175301,21.6957,0,0
28321,19:08:15,111.175301,21.6957,0,0
28321,19:08:45,111.175301,21.6957,0,0
28321,19:09:45,111.175301,21.6957,0,0
28321,19:10:47,111.175301,21.6957,0,0
28321,19:11:17,111.175301,21.6957,0,0
28321,19:13:17,111.175301,21.6957,0,0
28321,19:14:16,111.175301,21.6957,0,0
28321,19:14:46,111.175301,21.6957,0,0
28321,19:16:17,111.175301,21.6957,0,0
28321,19:17:17,111.175301,21.6957,0,0
28321,19:17:47,111.175301,21.6957,0,0
28321,19:18:17,111.175301,21.6957,0,0
28321,19:19:16,111.175301,21.6957,0,0
28321,19:20:46,111.175301,21.6957,0,0
28321,19:21:17,111.175301,21.6957,0,0
28321,19:21:58,111.175697,21.6959,0,0
28321,19:22:28,111.175903,21.695999,0,0
28321,19:22:58,111.175903,21.695999,0,0
28321,19:23:28,111.175797,21.6961,0,0
28321,19:23:58,111.175697,21.6964,0,3
28321,19:24:58,111.175697,21.6964,0,0
28321,19:26:30,111.175697,21.6964,0,0
28321,19:27:29,111.175697,21.6964,0,0
28321,19:27:59,111.175697,21.6964,0,0
28321,19:28:29,111.175697,21.6964,0,0
28321,19:29:29,111.175697,21.6964,0,0
28321,19:29:59,111.175697,21.6964,0,0
28321,19:30:59,111.175499,21.696899,0,7
28321,19:31:29,111.175201,21.698099,0,6
28321,19:31:59,111.173103,21.698099,0,19
28321,19:32:29,111.170403,21.698,0,23
28321,19:33:28,111.164398,21.6978,0,8
28321,19:33:58,111.1642,21.697901,0,0
28321,19:34:58,111.164001,21.6978,0,4
28321,19:35:28,111.164703,21.697701,0,13
28321,19:37:00,111.172096,21.6947,0,13
28321,19:37:30,111.173203,21.694401,0,8
28321,19:38:00,111.174202,21.694201,0,3
28321,19:38:29,111.1745,21.694201,0,6
28321,19:38:59,111.172997,21.6945,0,4
28321,19:39:29,111.172302,21.694599,0,0
28321,19:40:29,111.172302,21.694599,0,0
28321,19:40:59,111.172302,21.694599,0,0
28321,19:41:29,111.172302,21.694599,0,0
28321,19:41:59,111.172302,21.694599,0,3
28321,19:42:59,111.172401,21.6926,0,6
28321,19:44:58,111.175003,21.686501,0,23
28321,19:45:28,111.174896,21.685301,0,13
28321,19:46:30,111.171097,21.6861,0,12
28321,19:47:00,111.169998,21.6875,0,13
28321,19:48:00,111.166199,21.689501,0,19
28321,19:48:30,111.163696,21.6901,0,18
28321,19:49:00,111.162003,21.690701,0,15
28321,19:49:29,111.159599,21.691601,0,19
28321,19:51:31,111.148903,21.692101,0,22
28321,19:54:01,111.140404,21.6847,0,11
28321,19:55:00,111.1408,21.682699,0,8
28321,19:56:00,111.1399,21.680799,0,5
28321,19:56:30,111.139,21.680599,0,5
28321,19:57:00,111.138298,21.681101,0,8
28321,19:57:30,111.138603,21.681499,0,0
28321,19:58:00,111.138603,21.681499,0,0
28321,19:58:15,111.138603,21.681499,0,0
28321,19:58:45,111.138603,21.681499,0,0
28321,19:59:15,111.138603,21.681499,0,0
28321,20:00:44,111.138603,21.681499,0,0
28321,20:01:14,111.138603,21.681499,0,0
28321,20:01:46,111.138603,21.681499,0,0
28321,20:02:16,111.138603,21.681499,0,0
28321,20:02:46,111.138603,21.681499,0,0
28321,20:03:46,111.138603,21.681499,0,0
28321,20:04:16,111.138603,21.681499,0,0
28321,20:05:16,111.138603,21.681499,0,0
28321,20:05:45,111.138603,21.681499,0,0
28321,20:06:45,111.138603,21.681499,0,0
28321,20:07:15,111.138603,21.681499,0,0
28321,20:07:45,111.138603,21.681499,0,0
28321,20:08:45,111.138603,21.681499,0,0
28321,20:09:15,111.138603,21.681499,0,0
28321,20:09:45,111.138603,21.681499,0,0
28321,20:11:14,111.138603,21.681499,0,0
28321,20:12:16,111.138603,21.681499,0,0
28321,20:13:16,111.138603,21.681499,0,0
28321,20:14:16,111.138603,21.681499,0,0
28321,20:14:46,111.138603,21.681499,0,0
28321,20:16:16,111.138603,21.681499,0,0
28321,20:17:15,111.138603,21.681499,0,0
28321,20:17:45,111.138603,21.681499,0,0
28321,20:18:15,111.138603,21.681499,0,0
28321,20:18:45,111.138603,21.681499,0,0
28321,20:19:15,111.138603,21.681499,0,0
28321,20:19:45,111.138603,21.681499,0,0
28321,20:21:45,111.138603,21.681499,0,0
28321,20:22:16,111.138603,21.681499,0,0
28321,20:23:16,111.138603,21.681499,0,0
28321,20:23:46,111.138603,21.681499,0,0
28321,20:24:16,111.138603,21.681499,0,0
28321,20:25:16,111.138603,21.681499,0,0
28321,20:25:46,111.138603,21.681499,0,0
28321,20:26:46,111.138603,21.681499,0,0
28321,20:27:17,111.138603,21.681499,0,0
28321,20:27:46,111.138603,21.681499,0,0
28321,20:28:16,111.138603,21.681499,0,0
28321,20:29:16,111.138603,21.681499,0,0
28321,20:29:46,111.138603,21.681499,0,0
28321,20:30:16,111.138603,21.681499,0,0
28321,20:30:46,111.138603,21.681499,0,0
28321,20:31:16,111.138603,21.681499,0,0
28321,20:31:46,111.138603,21.681499,0,0
28321,20:32:17,111.138603,21.681499,0,0
28321,20:33:16,111.138603,21.681499,0,0
28321,20:33:46,111.138603,21.681499,0,0
28321,20:34:16,111.138603,21.681499,0,0
28321,20:34:46,111.138603,21.681499,0,0
28321,20:35:16,111.138603,21.681499,0,0
28321,20:35:46,111.138702,21.681499,0,0
28321,20:36:46,111.138702,21.681499,0,0
28321,20:37:18,111.138702,21.681499,0,0
28321,20:37:48,111.138702,21.681499,0,0
28321,20:38:18,111.138702,21.681499,0,0
28321,20:38:48,111.138702,21.681499,0,0
28321,20:40:47,111.138702,21.681499,0,0
28321,20:41:17,111.139,21.6814,0,0
28321,20:41:47,111.139,21.6814,0,0
28321,20:43:47,111.138702,21.681499,0,0
28321,20:44:46,111.138702,21.681499,0,0
28321,20:45:16,111.138702,21.681499,0,0
28321,20:45:46,111.138702,21.681499,0,0
28321,20:47:16,111.138702,21.681499,0,0
28321,20:47:48,111.138702,21.681499,0,0
28321,20:48:18,111.138702,21.681499,0,0
28321,20:48:48,111.138702,21.681499,0,0
28321,20:49:18,111.138702,21.681499,0,0
28321,20:51:17,111.138702,21.681499,0,0
28321,20:51:47,111.138702,21.681499,0,0
28321,20:52:17,111.138702,21.681499,0,0
28321,20:52:48,111.138702,21.681499,0,0
28321,20:53:48,111.138702,21.681499,0,0
28321,20:54:18,111.138702,21.681499,0,0
28321,20:54:48,111.138702,21.681499,0,0
28321,20:55:47,111.138702,21.681499,0,0
28321,20:56:17,111.138702,21.681499,0,0
28321,20:56:47,111.138702,21.681499,0,0
28321,20:58:18,111.138702,21.681499,0,0
28321,20:59:18,111.138702,21.681499,0,0
28321,20:59:48,111.138702,21.681499,0,0
28321,21:00:18,111.138702,21.681499,0,0
28321,21:01:17,111.138702,21.681499,0,0
28321,21:01:47,111.138702,21.681499,0,0
28321,21:02:49,111.138702,21.681499,0,0
28321,21:03:49,111.138702,21.681499,0,0
28321,21:04:49,111.138702,21.681499,0,0
28321,21:05:19,111.138702,21.681499,0,0
28321,21:06:48,111.138702,21.681499,0,0
28321,21:07:18,111.138603,21.681499,0,0
28321,21:07:48,111.138603,21.681499,0,0
28321,21:08:18,111.138702,21.681499,0,0
28321,21:09:48,111.138603,21.681499,0,0
28321,21:10:18,111.138603,21.681499,0,0
28321,21:10:48,111.138603,21.681499,0,0
28321,21:11:18,111.138603,21.681499,0,0
28321,21:12:17,111.138603,21.681499,0,0
28321,21:12:47,111.138603,21.681499,0,0
28321,21:13:19,111.138603,21.681499,0,0
28321,21:13:49,111.138603,21.681499,0,0
28321,21:14:19,111.138603,21.681499,0,0
28321,21:14:49,111.138603,21.681499,0,0
28321,21:15:19,111.138603,21.681499,0,0
28321,21:15:49,111.138702,21.681601,0,0
28321,21:16:49,111.138702,21.681601,0,0
28321,21:17:18,111.138702,21.681601,0,0
28321,21:17:48,111.138702,21.681601,0,0
28321,21:18:19,111.138702,21.681601,0,0
28321,21:18:49,111.138702,21.681601,0,0
28321,21:19:19,111.138702,21.681601,0,0
28321,21:20:19,111.138702,21.681601,0,0
28321,21:20:49,111.138702,21.681601,0,0
28321,21:21:19,111.138702,21.681601,0,0
28321,21:22:19,111.138702,21.681601,0,0
28321,21:22:48,111.138702,21.681601,0,0
28321,21:23:19,111.138702,21.681601,0,0
28321,21:23:49,111.138702,21.681601,0,0
28321,21:24:19,111.138702,21.681601,0,0
28321,21:24:49,111.138702,21.681601,0,0
28321,21:25:49,111.138702,21.681601,0,0
28321,21:26:49,111.138702,21.681601,0,0
28321,21:29:49,111.138702,21.681601,0,0
28321,21:30:49,111.138702,21.681601,0,0
28321,21:31:19,111.138702,21.681601,0,0
28321,21:32:19,111.138702,21.681601,0,0
28321,21:32:49,111.138702,21.681601,0,0
28321,21:33:49,111.138702,21.681601,0,0
28321,21:35:49,111.138702,21.681601,0,0
28321,21:36:19,111.138702,21.681601,0,0
28321,21:36:49,111.138702,21.681601,0,0
28321,21:37:49,111.138702,21.681601,0,0
28321,21:38:19,111.138702,21.681601,0,0
28321,21:38:50,111.138702,21.681601,0,0
28321,21:39:20,111.138702,21.681601,0,0
28321,21:39:50,111.138702,21.681601,0,0
28321,21:40:50,111.138702,21.681601,0,0
28321,21:41:20,111.138702,21.681601,0,0
28321,21:42:50,111.138702,21.681601,0,0
28321,21:43:50,111.138702,21.681601,0,0
28321,21:44:49,111.138702,21.681601,0,0
28321,21:45:19,111.138702,21.681601,0,0
28321,21:45:49,111.138702,21.681601,0,0
28321,21:46:19,111.138702,21.681601,0,0
28321,21:46:49,111.138702,21.681601,0,0
28321,21:47:19,111.138702,21.681601,0,0
28321,21:47:49,111.138702,21.681601,0,0
28321,21:48:19,111.138702,21.681601,0,0
28321,21:48:51,111.138702,21.681601,0,0
28321,21:50:20,111.138702,21.681601,0,0
28321,21:50:50,111.138702,21.681601,0,0
28321,21:51:20,111.138702,21.681601,0,0
28321,21:51:50,111.138702,21.681601,0,0
28321,21:52:20,111.138702,21.681601,0,0
28321,21:53:51,111.138702,21.681601,0,0
28321,21:55:20,111.138702,21.681601,0,0
28321,21:57:20,111.138702,21.681601,0,0
28321,21:57:50,111.138702,21.681601,0,0
28321,21:58:20,111.138702,21.681601,0,0
28321,21:58:51,111.138702,21.681601,0,0
28321,21:59:21,111.138702,21.681601,0,0
28321,21:59:51,111.138702,21.681601,0,0
28321,22:00:21,111.138702,21.681601,0,0
28321,22:00:50,111.138702,21.681601,0,0
28321,22:03:20,111.138702,21.681601,0,0
28321,22:05:22,111.138702,21.681601,0,0
28321,22:06:51,111.138702,21.681601,0,0
28321,22:07:51,111.138702,21.681601,0,0
28321,22:08:21,111.138702,21.681601,0,0
28321,22:08:51,111.138702,21.681601,0,0
28321,22:10:21,111.138702,21.681601,0,0
28321,22:11:20,111.138702,21.681601,0,0
28321,22:12:50,111.138702,21.681601,0,0
28321,22:13:20,111.138702,21.681601,0,0
28321,22:13:50,111.138702,21.681601,0,0
28321,22:14:22,111.138702,21.681601,0,0
28321,22:14:52,111.138702,21.681601,0,0
28321,22:15:22,111.138702,21.681601,0,0
28321,22:15:52,111.138702,21.681601,0,0
28321,22:16:22,111.138702,21.681601,0,0
28321,22:16:51,111.138702,21.681601,0,0
28321,22:17:21,111.138702,21.681601,0,0
28321,22:18:21,111.138702,21.681601,0,0
28321,22:18:51,111.138702,21.681601,0,0
28321,22:19:22,111.138702,21.681601,0,0
28321,22:19:52,111.138702,21.681601,0,0
28321,22:20:22,111.138702,21.681601,0,0
28321,22:20:52,111.138702,21.681601,0,0
28321,22:21:22,111.138702,21.681601,0,0
28321,22:22:51,111.138603,21.681499,0,0
28321,22:23:21,111.138603,21.681499,0,0
28321,22:23:51,111.138603,21.681499,0,0
28321,22:24:52,111.138603,21.681499,0,0
28321,22:25:22,111.138603,21.681499,0,0
28321,22:25:52,111.138603,21.681499,0,0
28321,22:27:22,111.138603,21.681499,0,0
28321,22:28:21,111.138603,21.681499,0,0
28321,22:28:51,111.138603,21.681499,0,0
28321,22:29:22,111.138603,21.681499,0,0
28321,22:29:52,111.138603,21.681499,0,0
28321,22:31:22,111.138603,21.681499,0,0
28321,22:31:52,111.138603,21.681499,0,0
28321,22:32:22,111.138603,21.681499,0,0
28321,22:32:52,111.138603,21.681499,0,0
28321,22:33:51,111.138603,21.681499,0,0
28321,22:34:22,111.138603,21.681499,0,0
28321,22:35:52,111.138603,21.681499,0,0
28321,22:36:52,111.138603,21.681499,0,0
28321,22:37:22,111.138603,21.681499,0,0
28321,22:39:21,111.138603,21.681499,0,0
28321,22:39:53,111.138603,21.681499,0,0
28321,22:40:23,111.138603,21.681499,0,0
28321,22:40:53,111.138603,21.681499,0,0
28321,22:41:23,111.138603,21.681499,0,0
28321,22:41:53,111.138603,21.681499,0,0
28321,22:42:23,111.138603,21.681499,0,0
28321,22:43:23,111.138603,21.681499,0,0
28321,22:43:53,111.138603,21.681499,0,0
28321,22:44:52,111.138603,21.681499,0,0
28321,22:45:22,111.138603,21.681499,0,0
28321,22:46:22,111.138603,21.681499,0,0
28321,22:46:52,111.138603,21.681499,0,0
28321,22:47:22,111.138603,21.681499,0,0
28321,22:47:52,111.138603,21.681499,0,0
28321,22:48:22,111.138603,21.681499,0,0
28321,22:48:52,111.138603,21.681499,0,0
28321,22:49:22,111.138603,21.681499,0,0
28321,22:49:54,111.138603,21.681499,0,0
28321,22:50:23,111.138603,21.681499,0,0
28321,22:50:53,111.138603,21.681499,0,0
28321,22:51:23,111.138603,21.681499,0,0
28321,22:51:53,111.138603,21.681499,0,0
28321,22:52:23,111.138603,21.681499,0,0
28321,22:53:23,111.138603,21.681499,0,0
28321,22:53:53,111.138603,21.681499,0,0
28321,22:54:23,111.138603,21.681499,0,0
28321,22:54:54,111.138603,21.681499,0,0
28321,22:56:23,111.138603,21.681499,0,0
28321,22:56:53,111.138603,21.681499,0,0
28321,22:57:53,111.138603,21.681499,0,0
28321,22:58:53,111.138603,21.681499,0,0
28321,23:01:53,111.138603,21.681499,0,0
28321,23:02:23,111.138603,21.681499,0,0
28321,23:03:23,111.138603,21.681499,0,0
28321,23:04:23,111.138603,21.681499,0,0
28321,23:04:53,111.138603,21.681499,0,0
28321,23:05:54,111.138603,21.681499,0,0
28321,23:06:53,111.138603,21.681499,0,0
28321,23:07:23,111.138603,21.681499,0,0
28321,23:08:23,111.138603,21.681499,0,0
28321,23:08:53,111.138603,21.681499,0,0
28321,23:09:53,111.138603,21.681499,0,0
28321,23:10:24,111.138603,21.681499,0,0
28321,23:10:54,111.138603,21.681499,0,0
28321,23:11:53,111.138603,21.681499,0,0
28321,23:12:23,111.138603,21.681499,0,0
28321,23:12:53,111.138603,21.681499,0,0
28321,23:13:23,111.138603,21.681499,0,0
28321,23:13:53,111.138603,21.681499,0,0
28321,23:14:23,111.138603,21.681499,0,0
28321,23:14:53,111.138603,21.681499,0,0
28321,23:15:25,111.138603,21.681499,0,0
28321,23:15:55,111.138603,21.681499,0,0
28321,23:17:24,111.138603,21.681499,0,0
28321,23:17:54,111.138603,21.681499,0,0
28321,23:18:24,111.138603,21.681499,0,0
28321,23:19:24,111.138603,21.681499,0,0
28321,23:19:54,111.138603,21.681499,0,0
28321,23:20:24,111.138603,21.681499,0,0
28321,23:20:54,111.138603,21.681499,0,0
28321,23:21:54,111.138603,21.681499,0,0
28321,23:22:53,111.138603,21.681499,0,0
28321,23:23:23,111.138603,21.681499,0,0
28321,23:23:53,111.138603,21.681499,0,0
28321,23:24:53,111.138603,21.681499,0,0
28321,23:25:25,111.138603,21.681499,0,0
28321,23:26:25,111.138603,21.681499,0,0
28321,23:26:55,111.138603,21.681499,0,0
28321,23:28:24,111.138603,21.681499,0,0
28321,23:29:24,111.138603,21.681499,0,0
28321,23:30:25,111.138603,21.681499,0,0
28321,23:31:55,111.138802,21.681601,0,0
28321,23:32:25,111.138802,21.681601,0,0
28321,23:33:25,111.138802,21.681601,0,0
28321,23:34:24,111.138802,21.681601,0,0
28321,23:34:54,111.138802,21.681601,0,0
28321,23:35:24,111.138603,21.681601,0,0
28321,23:36:25,111.138603,21.681601,0,0
28321,23:38:54,111.138603,21.681601,0,0
28321,23:39:24,111.138603,21.681601,0,0
28321,23:39:54,111.138603,21.681601,0,0
28321,23:40:24,111.138603,21.681601,0,0
28321,23:40:56,111.138603,21.681601,0,0
28321,23:41:56,111.138603,21.681601,0,0
28321,23:42:26,111.138603,21.681601,0,0
28321,23:42:56,111.138603,21.681601,0,0
28321,23:43:26,111.138603,21.681601,0,0
28321,23:44:55,111.138603,21.681601,0,0
28321,23:45:55,111.138603,21.681601,0,0
28321,23:46:25,111.138603,21.681601,0,0
28321,23:46:55,111.138603,21.681601,0,0
28321,23:47:25,111.138603,21.681601,0,0
28321,23:47:55,111.138603,21.681601,0,0
28321,23:48:25,111.138603,21.681601,0,0
28321,23:49:24,111.138603,21.681601,0,0
28321,23:50:56,111.138603,21.681601,0,0
28321,23:51:26,111.138603,21.681601,0,0
28321,23:51:56,111.138603,21.681601,0,0
28321,23:52:26,111.138603,21.681601,0,0
28321,23:52:56,111.138603,21.681601,0,0
28321,23:53:56,111.138603,21.681601,0,0
28321,23:59:55,111.138603,21.681601,0,0
