24916,00:00:48,114.235199,22.722483,0,41
24916,00:01:43,114.23362,22.72525,0,28
24916,00:02:39,114.232651,22.72525,0,33
24916,00:04:29,114.233482,22.723482,0,19
24916,00:05:23,114.23362,22.724117,0,4
24916,00:06:18,114.233582,22.727167,0,21
24916,00:07:13,114.237083,22.728416,0,30
24916,00:08:09,114.242599,22.7285,0,35
24916,00:09:04,114.245949,22.728567,0,20
24916,00:09:59,114.247581,22.732367,0,37
24916,00:10:53,114.249397,22.734966,0,26
24916,00:11:49,114.250198,22.735117,0,1
24916,00:12:43,114.253754,22.736151,0,23
24916,00:13:39,114.256371,22.735916,0,16
24916,00:14:34,114.261253,22.733917,0,35
24916,00:15:29,114.261253,22.733917,0,0
24916,00:16:23,114.263046,22.734934,0,14
24916,00:17:19,114.267052,22.7369,0,28
24916,00:18:13,114.267303,22.7367,0,2
24916,00:19:09,114.269279,22.73535,0,9
24916,00:20:04,114.269279,22.73535,0,0
24916,00:20:59,114.269279,22.73535,0,0
24916,00:21:53,114.269279,22.73535,0,0
24916,00:22:49,114.269279,22.73535,0,0
24916,00:23:43,114.267487,22.736532,0,12
24916,00:24:26,114.267014,22.736834,0,1
24916,00:24:41,114.265953,22.736317,0,28
24916,00:24:55,114.264381,22.735634,0,46
24916,00:25:11,114.262367,22.734632,0,52
24916,00:25:25,114.26123,22.733982,0,35
24916,00:25:41,114.259666,22.734467,0,37
24916,00:25:55,114.258163,22.735117,0,43
24916,00:26:11,114.256371,22.736,0,46
24916,00:26:25,114.254669,22.736383,0,46
24916,00:26:41,114.252563,22.735983,0,48
24916,00:26:55,114.251915,22.735832,0,16
24916,00:27:11,114.250916,22.735567,0,18
24916,00:27:25,114.250549,22.735268,0,7
24916,00:27:41,114.250534,22.735067,0,4
24916,00:27:55,114.250534,22.735067,0,0
24916,00:28:11,114.250534,22.735067,0,0
24916,00:28:25,114.250534,22.735067,0,0
24916,00:28:41,114.250534,22.735067,0,0
24916,00:28:55,114.250954,22.735367,0,9
24916,00:29:11,114.252449,22.735832,0,36
24916,00:29:25,114.254082,22.736217,0,43
24916,00:29:41,114.255966,22.736151,0,43
24916,00:30:11,114.256134,22.736082,0,0
24916,00:30:25,114.256134,22.736082,0,0
24916,00:30:41,114.256516,22.736233,0,7
24916,00:30:55,114.256653,22.7376,0,39
24916,00:31:11,114.256821,22.739349,0,42
24916,00:31:25,114.256836,22.739416,0,1
24916,00:31:41,114.256966,22.739767,0,4
24916,00:31:55,114.257301,22.740967,0,35
24916,00:32:11,114.257881,22.7423,0,35
24916,00:32:25,114.258064,22.742701,0,11
24916,00:32:41,114.258064,22.742701,0,0
24916,00:32:55,114.258064,22.742701,0,0
24916,00:33:11,114.258064,22.742701,0,0
24916,00:33:25,114.258064,22.742701,0,0
24916,00:33:41,114.258064,22.742701,0,0
24916,00:33:56,114.258064,22.742701,0,0
24916,00:34:25,114.258064,22.742701,0,0
24916,00:34:41,114.258064,22.742701,0,0
24916,00:34:55,114.258064,22.742701,0,0
24916,00:35:11,114.258064,22.742701,0,0
24916,00:35:26,114.258064,22.742701,0,0
24916,00:35:41,114.258064,22.742701,0,0
24916,00:36:26,114.258553,22.7439,0,13
24916,00:36:41,114.25882,22.744484,0,16
24916,00:36:56,114.259369,22.744783,0,17
24916,00:37:11,114.259468,22.744749,0,2
24916,00:37:25,114.260368,22.744667,0,17
24916,00:37:41,114.261383,22.744534,0,23
24916,00:37:55,114.262314,22.744417,0,24
24916,00:38:11,114.263184,22.744301,0,19
24916,00:38:25,114.263313,22.743467,0,23
24916,00:38:41,114.263451,22.742567,0,22
24916,00:38:55,114.263519,22.7418,0,21
24916,00:39:11,114.263702,22.740717,0,26
24916,00:39:25,114.264015,22.739782,0,27
24916,00:39:41,114.264565,22.738701,0,29
24916,00:39:55,114.265297,22.738001,0,27
24916,00:40:11,114.266083,22.737467,0,22
24916,00:40:26,114.266701,22.737083,0,17
24916,00:40:41,114.267235,22.736668,0,17
24916,00:40:55,114.267303,22.736601,0,1
24916,00:41:11,114.267952,22.736134,0,11
24916,00:41:41,114.269119,22.735483,0,13
24916,00:41:55,114.269318,22.73535,0,5
24916,00:42:11,114.269318,22.73535,0,0
24916,00:42:41,114.269318,22.73535,0,0
24916,00:42:56,114.269318,22.73535,0,0
24916,00:43:11,114.269318,22.73535,0,0
24916,00:43:25,114.269318,22.73535,0,0
24916,00:43:41,114.269318,22.73535,0,0
24916,00:43:56,114.269318,22.73535,0,0
24916,00:44:11,114.269318,22.73535,0,0
24916,00:44:26,114.269318,22.73535,0,0
24916,00:44:41,114.269318,22.73535,0,0
24916,00:44:56,114.269318,22.73535,0,0
24916,00:45:26,114.269318,22.73535,0,0
24916,00:45:41,114.269318,22.73535,0,0
24916,00:45:56,114.269318,22.73535,0,0
24916,00:46:11,114.269318,22.73535,0,0
24916,00:46:26,114.269318,22.73535,0,0
24916,00:46:56,114.269318,22.73535,0,0
24916,00:47:11,114.269318,22.73535,0,0
24916,00:47:26,114.269318,22.73535,0,0
24916,00:47:56,114.269318,22.73535,0,0
24916,00:48:11,114.269318,22.73535,0,0
24916,00:48:25,114.269318,22.73535,0,0
24916,00:48:41,114.269318,22.73535,0,0
24916,00:48:56,114.269318,22.73535,0,0
24916,00:49:11,114.269318,22.73535,0,0
24916,00:49:26,114.269318,22.73535,0,0
24916,00:49:41,114.269318,22.73535,0,0
24916,00:49:56,114.269318,22.73535,0,0
24916,00:50:11,114.269318,22.73535,0,0
24916,00:50:26,114.269318,22.73535,0,0
24916,00:50:41,114.269318,22.73535,0,0
24916,00:51:11,114.269318,22.73535,0,0
24916,00:51:26,114.269318,22.73535,0,0
24916,00:51:41,114.269318,22.73535,0,0
24916,00:51:56,114.269318,22.73535,0,0
24916,00:52:11,114.269318,22.73535,0,0
24916,00:52:26,114.269318,22.73535,0,0
24916,00:52:41,114.269318,22.73535,0,0
24916,00:52:56,114.269318,22.73535,0,0
24916,00:53:11,114.269318,22.73535,0,0
24916,00:53:26,114.269318,22.73535,0,0
24916,00:53:41,114.269318,22.73535,0,0
24916,00:53:56,114.269318,22.73535,0,0
24916,00:54:11,114.269318,22.73535,0,0
24916,00:54:26,114.269318,22.73535,0,0
24916,00:54:41,114.269318,22.73535,0,0
24916,00:54:56,114.269318,22.73535,0,0
24916,00:55:11,114.269318,22.73535,0,0
24916,00:55:26,114.269318,22.73535,0,0
24916,00:55:41,114.269318,22.73535,0,0
24916,00:55:56,114.269318,22.73535,0,0
24916,00:57:01,114.269501,22.735317,0,0
24916,00:57:56,114.269501,22.735317,0,0
24916,00:58:38,114.269501,22.735317,0,0
24916,00:59:33,114.270332,22.735867,0,8
24916,01:00:28,114.272797,22.735382,0,15
24916,01:01:23,114.274414,22.732883,0,22
24916,01:02:18,114.27755,22.730583,0,31
24916,01:03:13,114.283684,22.7274,0,48
24916,01:04:08,114.289886,22.724882,0,45
24916,01:05:03,114.29467,22.722733,0,34
24916,01:05:58,114.299469,22.720551,0,36
24916,01:06:53,114.302368,22.7187,0,24
24916,01:07:48,114.305054,22.721382,0,26
24916,01:08:43,114.305069,22.722433,0,5
24916,01:09:38,114.305336,22.721849,0,3
24916,01:10:33,114.303169,22.719784,0,17
24916,01:11:28,114.297714,22.721718,0,47
24916,01:12:23,114.290451,22.725166,0,59
24916,01:13:18,114.285347,22.7272,0,37
24916,01:14:13,114.280914,22.728582,0,29
24916,01:15:08,114.276901,22.733633,0,50
24916,01:16:03,114.271782,22.731466,0,37
24916,01:16:58,114.269516,22.732616,0,23
24916,01:17:53,114.266716,22.732283,0,15
24916,01:18:48,114.265518,22.732634,0,4
24916,01:19:43,114.261703,22.734068,0,27
24916,01:20:38,114.266632,22.736767,0,38
24916,01:21:33,114.268333,22.736017,0,11
24916,01:22:28,114.269318,22.73535,0,7
24916,01:23:23,114.269318,22.73535,0,0
24916,01:24:18,114.269318,22.73535,0,0
24916,01:25:13,114.269318,22.73535,0,0
24916,01:26:08,114.26783,22.736317,0,10
24916,01:27:03,114.264969,22.735733,0,21
24916,01:27:58,114.259247,22.734667,0,42
24916,01:29:48,114.254669,22.736483,0,13
24916,01:30:43,114.248932,22.734917,0,39
24916,01:32:33,114.248421,22.736349,0,0
24916,01:33:28,114.248421,22.736349,0,0
24916,01:34:23,114.24807,22.736967,0,2
24916,01:35:18,114.24807,22.736967,0,0
24916,01:36:13,114.24807,22.736967,0,0
24916,01:37:08,114.24807,22.736967,0,0
24916,01:38:03,114.24807,22.736967,0,0
24916,01:39:53,114.24807,22.736967,0,0
24916,01:40:48,114.24807,22.736967,0,0
24916,01:41:43,114.24865,22.736168,0,5
24916,01:42:38,114.24762,22.7363,0,7
24916,01:43:33,114.2491,22.736168,0,9
24916,01:44:28,114.250534,22.7358,0,12
24916,01:45:23,114.250999,22.735451,0,4
24916,01:46:18,114.256416,22.735884,0,37
24916,01:47:13,114.261002,22.733982,0,33
24916,01:48:08,114.262398,22.7346,0,8
24916,01:49:03,114.266899,22.73695,0,34
24916,01:49:58,114.268669,22.7358,0,12
24916,01:50:53,114.269318,22.735399,0,4
24916,01:51:48,114.269318,22.735399,0,0
24916,01:52:43,114.269318,22.735399,0,0
24916,01:53:39,114.269318,22.735399,0,0
24916,01:54:34,114.269318,22.735399,0,0
24916,01:55:28,114.268997,22.735567,0,2
24916,01:56:23,114.265869,22.737633,0,20
24916,01:57:18,114.263382,22.743032,0,43
24916,01:58:13,114.258736,22.7449,0,39
24916,01:59:08,114.252014,22.746483,0,46
24916,02:00:03,114.248253,22.750717,0,41
24916,02:00:58,114.243584,22.749166,0,36
24916,02:01:53,114.238998,22.749634,0,32
24916,02:02:48,114.235565,22.749884,0,23
24916,02:03:43,114.23262,22.749384,0,17
24916,02:04:39,114.239998,22.749283,0,47
24916,02:05:33,114.243698,22.749216,0,26
24916,02:06:28,114.244301,22.7481,0,8
24916,02:07:23,114.247101,22.743099,0,39
24916,02:09:13,114.247818,22.741249,0,3
24916,02:10:09,114.247437,22.736366,0,33
24916,02:11:03,114.250549,22.736032,0,23
24916,02:11:58,114.250732,22.735468,0,9
24916,02:12:53,114.254135,22.736217,0,22
24916,02:13:48,114.256416,22.733732,0,30
24916,02:14:43,114.258614,22.729418,0,34
24916,02:15:39,114.25898,22.728901,0,3
24916,02:16:33,114.261368,22.725599,0,29
24916,02:17:28,114.260666,22.725117,0,5
24916,02:18:23,114.260666,22.725117,0,0
24916,02:19:18,114.259666,22.72485,0,3
24916,02:20:13,114.257332,22.723232,0,21
24916,02:21:09,114.251732,22.720501,0,41
24916,02:22:03,114.245552,22.717983,0,46
24916,02:22:58,114.239502,22.712418,0,56
24916,02:23:53,114.241219,22.71365,0,32
24916,02:24:48,114.242897,22.71455,0,12
24916,02:25:43,114.242897,22.71455,0,0
24916,02:26:39,114.242897,22.71455,0,0
24916,02:27:33,114.242897,22.71455,0,0
24916,02:28:28,114.242897,22.71455,0,0
24916,02:29:23,114.24292,22.714582,0,0
24916,02:30:18,114.24292,22.714582,0,0
24916,02:31:13,114.24292,22.714582,0,0
24916,02:32:09,114.246902,22.718683,0,36
24916,02:33:03,114.250816,22.719883,0,26
24916,02:33:58,114.259369,22.723984,0,64
24916,02:34:53,114.259331,22.724783,0,6
24916,02:35:48,114.259331,22.724783,0,0
24916,02:36:43,114.259331,22.724783,0,0
24916,02:37:39,114.259331,22.724783,0,0
24916,02:38:34,114.259331,22.724783,0,0
24916,02:39:28,114.259331,22.724783,0,0
24916,02:40:23,114.259331,22.724783,0,0
24916,02:41:18,114.259331,22.724783,0,0
24916,02:43:09,114.257713,22.727568,0,21
24916,02:44:03,114.257065,22.7279,0,6
24916,02:45:53,114.251701,22.722799,0,18
24916,02:46:48,114.254021,22.724916,0,21
24916,02:47:43,114.257797,22.728251,0,34
24916,02:48:39,114.259697,22.730368,0,17
24916,02:49:34,114.261383,22.733133,0,23
24916,02:50:28,114.261383,22.733133,0,0
24916,02:51:23,114.261383,22.733133,0,0
24916,02:52:18,114.261383,22.733133,0,0
24916,02:53:13,114.261383,22.733133,0,0
24916,02:54:09,114.261169,22.733517,0,0
24916,02:55:04,114.258949,22.734783,0,17
24916,02:55:58,114.256599,22.737534,0,29
24916,02:56:53,114.256836,22.739433,0,11
24916,02:57:48,114.256416,22.736532,0,23
24916,02:58:43,114.256401,22.7362,0,2
24916,02:59:39,114.259537,22.734484,0,23
24916,03:00:34,114.261971,22.734367,0,17
24916,03:01:28,114.266914,22.73695,0,38
24916,03:02:23,114.267014,22.736868,0,0
24916,03:03:18,114.265717,22.737766,0,9
24916,03:04:13,114.26368,22.740932,0,27
24916,03:05:09,114.263,22.744383,0,24
24916,03:06:04,114.259247,22.744833,0,25
24916,03:06:58,114.259247,22.744833,0,0
24916,03:07:53,114.258484,22.74445,0,4
24916,03:08:48,114.258484,22.74445,0,0
24916,03:09:43,114.255219,22.74015,0,41
24916,03:10:39,114.25132,22.739082,0,31
24916,03:11:34,114.252068,22.739183,0,3
24916,03:12:29,114.252136,22.737568,0,9
24916,03:13:23,114.25235,22.736233,0,7
24916,03:14:18,114.250771,22.735483,0,11
24916,03:16:09,114.25695,22.7397,0,33
24916,03:17:04,114.258217,22.74295,0,24
24916,03:17:59,114.257149,22.741133,0,32
24916,03:18:53,114.256332,22.7362,0,37
24916,03:19:49,114.256317,22.73555,0,3
24916,03:20:43,114.252853,22.731199,0,41
24916,03:21:39,114.25042,22.7288,0,23
24916,03:22:34,114.247597,22.728067,0,28
24916,03:23:29,114.245766,22.728733,0,14
24916,03:24:23,114.245918,22.7302,0,9
24916,03:25:19,114.245918,22.7302,0,0
24916,03:26:13,114.245918,22.7302,0,0
24916,03:27:09,114.245918,22.7302,0,0
24916,03:28:04,114.245918,22.7302,0,0
24916,03:28:59,114.245918,22.7302,0,0
24916,03:29:53,114.245918,22.7302,0,0
24916,03:30:49,114.245918,22.7302,0,0
24916,03:31:43,114.245918,22.7302,0,0
24916,03:32:39,114.245918,22.7302,0,0
24916,03:33:34,114.245918,22.7302,0,0
24916,03:34:29,114.245918,22.7302,0,0
24916,03:35:23,114.245918,22.7302,0,0
24916,03:37:13,114.245918,22.7302,0,0
24916,03:38:09,114.245918,22.7302,0,0
24916,03:39:04,114.245918,22.7302,0,0
24916,03:39:59,114.245918,22.7302,0,0
24916,03:40:53,114.245918,22.7302,0,0
24916,03:41:49,114.245918,22.7302,0,0
24916,03:42:43,114.245918,22.7302,0,0
24916,03:43:39,114.245918,22.7302,0,0
24916,03:44:34,114.245918,22.7302,0,0
24916,03:45:29,114.245918,22.7302,0,0
24916,03:46:23,114.245918,22.7302,0,0
24916,03:47:19,114.245918,22.7302,0,0
24916,03:48:13,114.245918,22.7302,0,0
24916,03:49:09,114.245918,22.7302,0,0
24916,03:50:04,114.245918,22.7302,0,0
24916,03:50:59,114.245918,22.7302,0,0
24916,03:51:53,114.245918,22.7302,0,0
24916,03:52:49,114.245918,22.7302,0,0
24916,03:53:43,114.245918,22.7302,0,0
24916,03:54:39,114.245918,22.7302,0,0
24916,03:55:34,114.245918,22.7302,0,0
24916,03:56:29,114.245918,22.7302,0,0
24916,03:57:23,114.245918,22.7302,0,0
24916,03:58:19,114.245918,22.7302,0,0
24916,03:59:14,114.245918,22.7302,0,0
24916,04:00:09,114.245918,22.7302,0,0
24916,04:01:04,114.245918,22.7302,0,0
24916,04:01:59,114.245918,22.7302,0,0
24916,04:02:54,114.245918,22.7302,0,0
24916,04:03:49,114.245918,22.7302,0,0
24916,04:04:43,114.245918,22.7302,0,0
24916,04:05:39,114.245918,22.7302,0,0
24916,04:06:34,114.245918,22.7302,0,0
24916,04:07:29,114.245918,22.7302,0,0
24916,04:08:23,114.245918,22.7302,0,0
24916,04:09:19,114.245918,22.7302,0,0
24916,04:10:14,114.245918,22.7302,0,0
24916,04:11:09,114.245918,22.7302,0,0
24916,04:12:04,114.245918,22.7302,0,0
24916,04:12:59,114.245918,22.7302,0,0
24916,04:13:54,114.245819,22.733583,0,20
24916,04:14:49,114.247147,22.734167,0,9
24916,04:15:44,114.247147,22.734167,0,0
24916,04:16:39,114.25148,22.735567,0,27
24916,04:17:34,114.258766,22.734734,0,52
24916,04:18:29,114.26133,22.733833,0,18
24916,04:19:24,114.267166,22.732367,0,39
24916,04:20:19,114.269615,22.7307,0,21
24916,04:21:14,114.272881,22.731617,0,23
24916,04:22:09,114.280746,22.728367,0,67
24916,04:23:04,114.284653,22.727133,0,27
24916,04:23:59,114.289619,22.724983,0,35
24916,04:24:54,114.288918,22.725582,0,14
24916,04:25:49,114.283615,22.727667,0,36
24916,04:26:44,114.27755,22.732866,0,60
24916,04:27:39,114.272781,22.73325,0,42
24916,04:28:34,114.272163,22.736168,0,21
24916,04:29:29,114.272736,22.736816,0,4
24916,04:30:24,114.273003,22.736883,0,0
24916,04:31:19,114.273003,22.736883,0,0
24916,04:32:14,114.273003,22.736883,0,0
24916,04:34:04,114.273003,22.736883,0,0
24916,04:34:59,114.273003,22.736883,0,0
24916,04:35:54,114.273003,22.736883,0,0
24916,04:36:49,114.273003,22.736883,0,0
24916,04:37:44,114.273003,22.736883,0,0
24916,04:38:39,114.273003,22.736883,0,0
24916,04:39:34,114.273003,22.736883,0,0
24916,04:40:29,114.273003,22.736883,0,0
24916,04:41:24,114.273003,22.736883,0,0
24916,04:42:19,114.273003,22.736883,0,0
24916,04:43:14,114.273003,22.736883,0,0
24916,04:44:09,114.273003,22.736883,0,0
24916,04:45:04,114.273003,22.736883,0,0
24916,04:45:59,114.273003,22.736883,0,0
24916,04:46:54,114.273003,22.736883,0,0
24916,04:47:49,114.273003,22.736883,0,0
24916,04:48:44,114.273003,22.736883,0,0
24916,04:49:39,114.273003,22.736883,0,0
24916,04:50:34,114.273003,22.736883,0,0
24916,04:51:29,114.273003,22.736883,0,0
24916,04:52:24,114.273003,22.736883,0,0
24916,04:53:19,114.273003,22.736883,0,0
24916,04:54:14,114.273003,22.736883,0,0
24916,04:55:09,114.273003,22.736883,0,0
24916,04:56:04,114.273003,22.736883,0,0
24916,04:56:59,114.273003,22.736883,0,0
24916,04:57:54,114.273003,22.736883,0,0
24916,04:58:49,114.273003,22.736883,0,0
24916,04:59:44,114.273003,22.736883,0,0
24916,05:00:39,114.273003,22.736883,0,0
24916,05:01:34,114.273003,22.736883,0,0
24916,05:02:29,114.273003,22.736883,0,0
24916,05:03:24,114.273003,22.736883,0,0
24916,05:04:19,114.273003,22.736883,0,0
24916,05:05:14,114.273003,22.736883,0,0
24916,05:06:09,114.273003,22.736883,0,0
24916,05:07:04,114.273003,22.736883,0,0
24916,05:07:59,114.273003,22.736883,0,0
24916,05:08:54,114.273003,22.736883,0,0
24916,05:09:49,114.273003,22.736883,0,0
24916,05:10:44,114.273003,22.736883,0,0
24916,05:11:39,114.273003,22.736883,0,0
24916,05:12:34,114.273003,22.736883,0,0
24916,05:13:29,114.273003,22.736883,0,0
24916,05:14:24,114.273003,22.736883,0,0
24916,05:16:14,114.273003,22.736883,0,0
24916,05:17:09,114.273003,22.736883,0,0
24916,05:18:04,114.273003,22.736883,0,0
24916,05:18:59,114.273003,22.736883,0,0
24916,05:19:54,114.273003,22.736883,0,0
24916,05:21:44,114.273003,22.736883,0,0
24916,05:22:39,114.273003,22.736883,0,0
24916,05:23:34,114.273003,22.736883,0,0
24916,05:24:29,114.273003,22.736883,0,0
24916,05:25:24,114.273003,22.736883,0,0
24916,05:26:19,114.273003,22.736883,0,0
24916,05:27:14,114.273003,22.736883,0,0
24916,05:28:09,114.273003,22.736883,0,0
24916,05:29:04,114.273003,22.736883,0,0
24916,05:29:59,114.273003,22.736883,0,0
24916,05:30:54,114.273003,22.736883,0,0
24916,05:31:49,114.273003,22.736883,0,0
24916,05:32:44,114.273003,22.736883,0,0
24916,05:33:39,114.273003,22.736883,0,0
24916,05:34:34,114.273003,22.736883,0,0
24916,05:35:29,114.273003,22.736883,0,0
24916,05:36:24,114.273003,22.736883,0,0
24916,05:37:19,114.273003,22.736883,0,0
24916,05:38:14,114.273003,22.736883,0,0
24916,05:39:09,114.273003,22.736883,0,0
24916,05:40:04,114.273003,22.736883,0,0
24916,05:40:59,114.273003,22.736883,0,0
24916,05:41:54,114.273003,22.736883,0,0
24916,05:42:49,114.273003,22.736883,0,0
24916,05:43:44,114.273003,22.736883,0,0
24916,05:44:39,114.273003,22.736883,0,0
24916,05:45:34,114.273003,22.736883,0,0
24916,05:46:29,114.273003,22.736883,0,0
24916,05:47:24,114.273003,22.736883,0,0
24916,05:48:19,114.273003,22.736883,0,0
24916,05:49:14,114.273003,22.736883,0,0
24916,05:50:09,114.273003,22.736883,0,0
24916,05:51:04,114.273003,22.736883,0,0
24916,05:51:59,114.273003,22.736883,0,0
24916,05:52:54,114.273003,22.736883,0,0
24916,05:53:49,114.273003,22.736883,0,0
24916,05:54:44,114.273003,22.736883,0,0
24916,05:55:39,114.273003,22.736883,0,0
24916,05:56:34,114.273003,22.736883,0,0
24916,05:58:24,114.273003,22.736883,0,0
24916,05:59:19,114.273003,22.736883,0,0
24916,06:00:14,114.273003,22.736883,0,0
24916,06:01:09,114.273003,22.736883,0,0
24916,06:02:04,114.273003,22.736883,0,0
24916,06:02:59,114.273003,22.736883,0,0
24916,06:03:54,114.273003,22.736883,0,0
24916,06:04:49,114.273003,22.736883,0,0
24916,06:05:44,114.273003,22.736883,0,0
24916,06:06:39,114.273003,22.736883,0,0
24916,06:07:34,114.273003,22.736883,0,0
24916,06:08:29,114.273003,22.736883,0,0
24916,06:09:24,114.273003,22.736883,0,0
24916,06:10:19,114.273003,22.736883,0,0
24916,06:11:14,114.273003,22.736883,0,0
24916,06:12:09,114.273003,22.736883,0,0
24916,06:13:04,114.273132,22.737267,0,0
24916,06:13:59,114.273132,22.737267,0,0
24916,06:14:54,114.273132,22.737267,0,0
24916,06:15:49,114.273132,22.737267,0,0
24916,06:16:44,114.273132,22.737267,0,0
24916,06:17:39,114.273132,22.737267,0,0
24916,06:18:34,114.273132,22.737267,0,0
24916,06:19:29,114.274467,22.737034,0,7
24916,06:20:24,114.276451,22.737818,0,11
24916,06:21:19,114.276802,22.73745,0,4
24916,06:22:14,114.278397,22.73015,0,57
24916,06:23:09,114.281403,22.728149,0,24
24916,06:24:04,114.283249,22.727583,0,11
24916,06:24:59,114.289818,22.724951,0,47
24916,06:25:54,114.292984,22.723534,0,22
24916,06:26:49,114.30072,22.719566,0,59
24916,06:27:44,114.305901,22.712549,0,62
24916,06:28:39,114.306969,22.712067,0,7
24916,06:29:34,114.313614,22.708384,0,50
24916,06:30:29,114.318916,22.707684,0,43
24916,06:31:24,114.319916,22.70785,0,6
24916,06:32:19,114.321518,22.709682,0,20
24916,06:33:14,114.321518,22.709682,0,0
24916,06:34:09,114.320885,22.708183,0,12
24916,06:35:59,114.315781,22.707033,0,31
24916,06:36:54,114.309334,22.711332,0,53
24916,06:37:49,114.306465,22.71245,0,19
24916,06:38:44,114.302071,22.718399,0,52
24916,06:39:39,114.295547,22.7227,0,54
24916,06:40:34,114.291351,22.724483,0,29
24916,06:41:29,114.28672,22.726618,0,32
24916,06:42:24,114.282951,22.7279,0,24
24916,06:43:19,114.277969,22.73085,0,40
24916,06:44:14,114.273247,22.732183,0,50
24916,06:45:09,114.274216,22.733583,0,17
24916,06:46:04,114.274216,22.733583,0,0
24916,06:46:59,114.273315,22.7356,0,13
24916,06:47:54,114.272064,22.736282,0,10
24916,06:48:49,114.273064,22.736933,0,5
24916,06:49:44,114.273064,22.736933,0,0
24916,06:50:39,114.273064,22.736933,0,0
24916,06:51:34,114.273064,22.736933,0,0
24916,06:52:29,114.273064,22.736933,0,0
24916,06:53:24,114.273064,22.736933,0,0
24916,06:54:19,114.273064,22.736933,0,0
24916,06:55:14,114.273064,22.736933,0,0
24916,06:56:09,114.272049,22.7365,0,4
24916,06:57:04,114.273048,22.735268,0,8
24916,06:57:59,114.273682,22.733482,0,16
24916,06:59:49,114.265015,22.73275,0,28
24916,07:00:44,114.260948,22.732483,0,34
24916,07:01:39,114.258667,22.730101,0,25
24916,07:02:34,114.258667,22.730101,0,0
24916,07:03:29,114.258667,22.730101,0,0
24916,07:04:24,114.259567,22.730301,0,3
24916,07:05:19,114.261368,22.733084,0,23
24916,07:06:14,114.261368,22.733084,0,0
24916,07:07:09,114.261368,22.733084,0,0
24916,07:08:04,114.261368,22.733084,0,0
24916,07:08:59,114.261368,22.733084,0,0
24916,07:09:54,114.261368,22.733084,0,0
24916,07:10:49,114.260384,22.731417,0,13
24916,07:11:44,114.257103,22.731916,0,36
24916,07:12:39,114.255936,22.73415,0,34
24916,07:13:34,114.2528,22.73105,0,30
24916,07:14:29,114.250214,22.728582,0,24
24916,07:15:24,114.250214,22.728582,0,0
24916,07:16:19,114.250214,22.728582,0,0
24916,07:17:14,114.250214,22.728582,0,0
24916,07:18:09,114.250214,22.728582,0,0
24916,07:19:04,114.250214,22.728582,0,0
24916,07:19:59,114.250214,22.728582,0,0
24916,07:20:54,114.250214,22.728582,0,0
24916,07:21:49,114.250214,22.728582,0,0
24916,07:22:44,114.250214,22.728582,0,0
24916,07:23:39,114.250214,22.728582,0,0
24916,07:24:34,114.250214,22.728582,0,0
24916,07:25:29,114.250214,22.728582,0,0
24916,07:26:24,114.250214,22.728582,0,0
24916,07:27:19,114.250214,22.728582,0,0
24916,07:28:14,114.250214,22.728582,0,0
24916,07:30:04,114.250214,22.728582,0,0
24916,07:30:59,114.250214,22.728582,0,0
24916,07:31:54,114.250214,22.728582,0,0
24916,07:32:49,114.250214,22.728582,0,0
24916,07:33:44,114.250214,22.728582,0,0
24916,07:34:39,114.250214,22.728582,0,0
24916,07:35:34,114.250214,22.728582,0,0
24916,07:36:29,114.250214,22.728582,0,0
24916,07:37:24,114.250214,22.728582,0,0
24916,07:38:19,114.250214,22.728582,0,0
24916,07:39:14,114.250214,22.728582,0,0
24916,07:40:09,114.250214,22.728582,0,0
24916,07:41:04,114.250214,22.728582,0,0
24916,07:41:59,114.250214,22.728582,0,0
24916,07:42:54,114.250214,22.728582,0,0
24916,07:43:49,114.250214,22.728582,0,0
24916,07:44:44,114.250214,22.728582,0,0
24916,07:45:39,114.250214,22.728582,0,0
24916,07:45:55,114.249535,22.728083,1,14
24916,07:46:50,114.247932,22.726633,1,13
24916,07:47:45,114.247932,22.726633,1,0
24916,07:48:40,114.243469,22.722767,1,39
24916,07:49:35,114.237732,22.717533,1,54
24916,07:50:30,114.235298,22.715349,1,22
24916,07:51:25,114.233398,22.713633,1,16
24916,07:52:20,114.227982,22.708767,1,50
24916,07:53:15,114.223114,22.704451,1,45
24916,07:54:10,114.221069,22.705351,1,18
24916,07:54:32,114.220131,22.706118,0,16
24916,07:54:35,114.220131,22.706118,1,0
24916,07:55:29,114.214066,22.707767,1,44
24916,07:56:24,114.213547,22.717318,1,70
24916,07:57:19,114.213333,22.724466,1,51
24916,07:58:14,114.213303,22.726549,1,13
24916,07:59:09,114.213249,22.7297,1,22
24916,08:00:04,114.213249,22.7297,1,0
24916,08:00:59,114.213165,22.732134,1,15
24916,08:01:54,114.213181,22.732517,1,2
24916,08:02:49,114.213165,22.733316,1,3
24916,08:03:44,114.213165,22.733316,1,0
24916,08:04:39,114.212982,22.734016,1,4
24916,08:05:34,114.211517,22.733683,1,9
24916,08:06:29,114.211517,22.733683,1,0
24916,08:06:50,114.209297,22.732634,0,27
24916,08:06:53,114.208969,22.732384,1,53
24916,08:07:47,114.206299,22.725433,1,56
24916,08:08:42,114.212753,22.729834,1,58
24916,08:09:37,114.212784,22.729851,1,0
24916,08:10:32,114.212784,22.729851,1,0
24916,08:11:27,114.218414,22.731016,1,36
24916,08:12:22,114.218414,22.731016,1,0
24916,08:13:17,114.22332,22.731733,1,31
24916,08:14:12,114.231049,22.731867,1,49
24916,08:15:07,114.23188,22.731483,1,7
24916,08:15:45,114.232216,22.731518,0,1
24916,08:16:40,114.233315,22.728983,0,24
24916,08:17:35,114.230202,22.727333,0,26
24916,08:18:30,114.229179,22.726732,0,7
24916,08:19:25,114.229179,22.726732,0,0
24916,08:20:20,114.231133,22.7283,0,14
24916,08:21:15,114.2323,22.72855,0,7
24916,08:22:10,114.2323,22.72855,0,0
24916,08:23:05,114.233414,22.724951,0,27
24916,08:24:00,114.233566,22.725149,0,22
24916,08:24:55,114.234947,22.728382,0,29
24916,08:25:50,114.238335,22.728333,0,21
24916,08:26:45,114.238335,22.728333,0,0
24916,08:27:40,114.238335,22.728333,0,0
24916,08:28:35,114.238335,22.728333,0,0
24916,08:29:30,114.241203,22.7285,0,17
24916,08:30:25,114.2453,22.728683,0,25
24916,08:31:20,114.246986,22.728649,0,11
24916,08:32:15,114.247597,22.73105,0,18
24916,08:32:33,114.247597,22.731068,1,0
24916,08:33:28,114.247437,22.730667,1,31
24916,08:34:23,114.245384,22.724382,1,50
24916,08:35:18,114.243736,22.7229,1,14
24916,08:36:13,114.237564,22.717382,1,55
24916,08:37:08,114.230331,22.710751,1,68
24916,08:38:03,114.226997,22.707832,1,29
24916,08:38:58,114.222031,22.703182,1,47
24916,08:39:53,114.216751,22.697767,1,52
24916,08:40:48,114.216751,22.697767,1,0
24916,08:41:43,114.214516,22.695618,1,20
24916,08:42:38,114.207748,22.697849,1,59
24916,08:43:33,114.206467,22.699682,1,15
24916,08:44:28,114.20665,22.702049,1,22
24916,08:45:23,114.205734,22.703234,1,12
24916,08:45:39,114.205704,22.705067,0,45
24916,08:47:29,114.209503,22.711718,0,34
24916,08:48:24,114.207581,22.712418,0,17
24916,08:48:25,114.207581,22.712418,1,0
24916,08:49:19,114.207497,22.712717,1,2
24916,08:50:14,114.209816,22.717617,1,45
24916,08:51:09,114.212601,22.717617,1,18
24916,08:52:04,114.213837,22.721968,1,35
24916,08:52:59,114.218803,22.724167,1,47
24916,08:53:54,114.220314,22.7253,1,14
24916,08:54:49,114.221283,22.7288,1,30
24916,08:55:44,114.22332,22.729183,1,10
24916,08:56:39,114.223297,22.728951,1,0
24916,08:57:44,114.221634,22.728867,0,8
24916,08:57:48,114.221634,22.728867,1,0
24916,08:58:42,114.221397,22.725332,1,24
24916,08:59:37,114.224152,22.724199,1,23
24916,09:00:32,114.225464,22.722166,1,20
24916,09:01:27,114.228683,22.720583,1,31
24916,09:02:22,114.229767,22.716818,1,35
24916,09:03:17,114.225998,22.713583,1,35
24916,09:05:07,114.228371,22.709534,1,4
24916,09:06:02,114.2248,22.70575,1,37
24916,09:06:57,114.223785,22.70265,1,30
24916,09:07:31,114.223785,22.70265,0,0
24916,09:08:25,114.224701,22.702101,0,5
24916,09:09:20,114.223701,22.7045,0,25
24916,09:09:55,114.225784,22.706333,1,29
24916,09:10:49,114.228867,22.709232,1,26
24916,09:11:44,114.234482,22.714283,1,52
24916,09:12:39,114.238617,22.718,1,37
24916,09:13:34,114.239304,22.718599,1,6
24916,09:14:29,114.240631,22.719717,1,10
24916,09:15:24,114.240669,22.719732,1,0
24916,09:15:46,114.2416,22.720699,0,19
24916,09:15:49,114.241615,22.720716,1,3
24916,09:16:43,114.243652,22.722616,1,15
24916,09:17:38,114.245171,22.724016,1,12
24916,09:18:33,114.244614,22.726,1,17
24916,09:19:28,114.245819,22.726868,1,6
24916,09:20:23,114.24588,22.729,1,10
24916,09:21:11,114.245697,22.730017,0,5
24916,09:22:05,114.245697,22.730017,0,0
24916,09:23:00,114.245697,22.730017,0,0
24916,09:24:50,114.245697,22.730017,0,0
24916,09:25:45,114.243698,22.729567,0,12
24916,09:26:40,114.2416,22.72855,0,15
24916,09:27:35,114.23613,22.728468,0,36
24916,09:28:30,114.233566,22.7288,0,16
24916,09:29:25,114.233353,22.729099,0,29
24916,09:30:20,114.229668,22.726917,0,31
24916,09:31:15,114.229134,22.726316,0,4
24916,09:32:10,114.225571,22.725201,0,23
24916,09:33:05,114.224548,22.725183,0,6
24916,09:34:00,114.222534,22.725149,0,9
24916,09:34:55,114.217316,22.725082,0,34
24916,09:36:45,114.214996,22.725067,0,0
24916,09:37:40,114.217682,22.725033,0,17
24916,09:38:21,114.220917,22.725117,1,28
24916,09:39:15,114.223953,22.725149,1,19
24916,09:59:26,114.224182,22.725883,1,23
24916,09:59:45,114.224182,22.725883,0,0
24916,10:00:01,114.224152,22.725533,0,3
24916,10:00:49,114.22422,22.729418,0,32
24916,10:01:43,114.224236,22.7316,0,15
24916,10:02:38,114.224236,22.7316,0,0
24916,10:03:33,114.224266,22.734516,0,19
24916,10:04:28,114.225952,22.733316,0,18
24916,10:04:55,114.225952,22.733316,1,0
24916,10:05:49,114.225365,22.73185,1,9
24916,10:06:44,114.232864,22.731951,1,49
24916,10:07:39,114.234497,22.731983,1,10
24916,10:08:34,114.238914,22.732218,1,27
24916,10:10:22,114.238884,22.73485,1,0
24916,10:11:16,114.238884,22.73485,1,0
24916,10:12:00,114.2388,22.732567,0,18
24916,10:12:55,114.233635,22.732149,0,35
24916,10:13:49,114.229446,22.73205,0,26
24916,10:14:32,114.225616,22.731951,1,32
24916,10:15:26,114.230431,22.731899,1,37
24916,10:16:21,114.237465,22.732033,1,46
24916,10:17:16,114.242317,22.732651,1,32
24916,10:18:11,114.248634,22.734699,1,43
24916,10:19:07,114.25042,22.735233,1,12
24916,10:20:01,114.252434,22.735867,1,13
24916,10:20:56,114.256035,22.736082,1,24
24916,10:21:51,114.256035,22.736082,1,0
24916,10:22:46,114.261131,22.733932,1,35
24916,10:23:41,114.261131,22.733932,1,0
24916,10:24:37,114.263214,22.735067,1,15
24916,10:25:32,114.26783,22.73805,1,38
24916,10:26:26,114.274216,22.740784,1,49
24916,10:27:21,114.276932,22.7377,1,39
24916,10:28:16,114.277229,22.73855,1,9
24916,10:28:57,114.277229,22.73855,0,0
24916,10:29:51,114.277763,22.740633,0,13
24916,10:30:46,114.276917,22.738417,0,23
24916,10:31:41,114.276253,22.734632,0,27
24916,10:32:37,114.274284,22.73345,0,17
24916,10:33:32,114.274284,22.73345,0,0
24916,10:34:26,114.273369,22.732267,0,11
24916,10:36:16,114.272652,22.733217,0,5
24916,10:37:11,114.271103,22.732967,0,7
24916,10:38:07,114.267014,22.732367,0,26
24916,10:39:01,114.265953,22.73245,0,4
24916,10:39:56,114.262421,22.733566,0,24
24916,10:40:51,114.262421,22.733566,0,0
24916,10:41:46,114.260666,22.731882,0,19
24916,10:42:12,114.259834,22.730766,1,20
24916,10:43:07,114.257248,22.731716,1,24
24916,10:44:02,114.256386,22.735283,1,26
24916,10:44:56,114.256416,22.7355,1,0
24916,10:46:46,114.24778,22.73455,1,21
24916,10:47:41,114.247704,22.734533,1,0
24916,10:48:37,114.247704,22.734533,1,0
24916,10:49:32,114.240616,22.7323,1,48
24916,10:50:26,114.233833,22.732067,1,46
24916,10:52:16,114.231285,22.729967,1,39
24916,10:53:11,114.226379,22.730217,1,33
24916,10:54:07,114.226379,22.730217,1,0
24916,10:55:02,114.224083,22.7313,1,20
24916,10:55:05,114.224083,22.731417,0,14
24916,10:55:59,114.224083,22.731417,0,0
24916,10:56:55,114.223701,22.732533,0,5
24916,10:57:50,114.223701,22.732533,0,0
24916,10:58:45,114.223701,22.732533,0,0
24916,10:59:39,114.223953,22.732166,0,2
24916,11:00:34,114.223953,22.732166,0,0
24916,11:01:29,114.224014,22.730034,0,13
24916,11:01:55,114.22403,22.729601,1,6
24916,11:02:50,114.224281,22.72555,1,29
24916,11:03:44,114.224197,22.731417,1,42
24916,11:04:39,114.224167,22.73295,1,9
24916,11:05:34,114.227585,22.736366,1,46
24916,11:06:29,114.230118,22.740267,1,43
24916,11:07:25,114.235466,22.740667,1,36
24916,11:08:20,114.235466,22.740667,1,0
24916,11:09:14,114.239014,22.740717,1,22
24916,11:11:04,114.24295,22.741133,1,43
24916,11:11:59,114.237083,22.740717,1,50
24916,11:12:40,114.238731,22.738783,0,31
24916,11:12:53,114.238731,22.738783,1,0
24916,11:13:47,114.238747,22.73695,1,11
24916,11:14:43,114.23877,22.73255,1,29
24916,11:15:38,114.233284,22.731382,1,42
24916,11:16:33,114.233353,22.728733,1,18
24916,11:17:27,114.233353,22.728733,1,0
24916,11:18:22,114.233414,22.726833,1,12
24916,11:19:17,114.233414,22.722816,1,28
24916,11:20:13,114.233482,22.721268,1,9
24916,11:21:08,114.233582,22.7167,1,32
24916,11:22:03,114.2314,22.711733,1,44
24916,11:22:57,114.228981,22.709499,1,22
24916,11:23:53,114.228981,22.709499,1,0
24916,11:24:47,114.232468,22.706034,1,34
24916,11:25:43,114.229149,22.699917,1,49
24916,11:26:38,114.228767,22.699318,1,4
24916,11:27:33,114.228767,22.699318,1,0
24916,11:28:27,114.22628,22.69565,1,30
24916,11:29:23,114.225281,22.694317,1,11
24916,11:29:42,114.225281,22.694317,0,0
24916,11:29:45,114.225281,22.694317,1,0
24916,11:30:39,114.219986,22.694918,1,43
24916,11:31:35,114.21698,22.697367,1,24
24916,11:32:29,114.216881,22.697433,1,0
24916,11:33:25,114.216881,22.697433,1,0
24916,11:34:20,114.214081,22.700333,1,27
24916,11:35:15,114.213631,22.7104,1,73
24916,11:36:10,114.213516,22.720882,1,75
24916,11:37:05,114.218285,22.722151,1,38
24916,11:37:59,114.223717,22.722218,1,34
24916,11:38:55,114.224335,22.722532,1,4
24916,11:39:50,114.227036,22.725283,1,36
24916,11:40:45,114.228134,22.7269,1,15
24916,11:41:39,114.228653,22.727383,1,3
24916,11:42:35,114.22963,22.726883,1,3
24916,11:42:42,114.230019,22.72715,0,23
24916,11:43:37,114.233131,22.7283,0,23
24916,11:44:32,114.233467,22.723467,0,35
24916,11:45:27,114.233566,22.727768,0,30
24916,11:46:21,114.23822,22.728451,0,34
24916,11:47:17,114.241783,22.728483,0,21
24916,11:48:11,114.242653,22.728468,0,5
24916,11:49:07,114.245949,22.728533,0,20
24916,11:50:02,114.247536,22.726667,0,21
24916,11:50:57,114.247551,22.726418,0,0
24916,11:51:48,114.249031,22.727551,1,14
24916,11:52:43,114.247551,22.728132,1,16
24916,11:53:38,114.246696,22.728634,1,6
24916,11:54:33,114.244431,22.729834,1,26
24916,11:55:28,114.246033,22.728451,1,20
24916,11:56:23,114.24707,22.728567,1,7
24916,11:57:17,114.24707,22.728567,1,0
24916,11:58:13,114.247902,22.734533,1,43
24916,11:59:08,114.250153,22.735167,1,13
24916,12:00:03,114.255951,22.736168,1,39
24916,12:00:57,114.255951,22.736168,1,0
24916,12:01:53,114.256332,22.735968,1,1
24916,12:02:48,114.260948,22.734016,1,33
24916,12:03:43,114.265533,22.735968,1,33
24916,12:04:38,114.267715,22.736401,1,15
24916,12:06:27,114.272835,22.736799,1,17
24916,12:07:23,114.273033,22.73695,1,1
24916,12:08:18,114.273033,22.73695,1,0
24916,12:09:13,114.273033,22.73695,1,0
24916,12:10:08,114.273033,22.73695,1,0
24916,12:11:03,114.273033,22.73695,1,0
24916,12:11:58,114.273033,22.73695,1,0
24916,12:12:53,114.273033,22.73695,1,0
24916,12:13:48,114.273033,22.73695,1,0
24916,12:14:43,114.273033,22.73695,1,0
24916,12:15:38,114.273033,22.73695,1,0
24916,12:16:33,114.273033,22.73695,1,0
24916,12:17:28,114.273033,22.73695,1,0
24916,12:20:13,114.273033,22.73695,1,0
24916,12:20:24,114.273033,22.73695,1,0
24916,12:21:19,114.273033,22.73695,1,0
24916,12:22:14,114.273033,22.73695,1,0
24916,12:23:09,114.273033,22.73695,1,0
24916,12:24:04,114.273033,22.73695,1,0
24916,12:24:59,114.273033,22.73695,1,0
24916,12:25:54,114.273033,22.73695,1,0
24916,12:26:49,114.273033,22.73695,1,0
24916,12:27:44,114.273033,22.73695,1,0
24916,12:28:39,114.273033,22.73695,1,0
24916,12:30:29,114.273033,22.73695,1,0
24916,12:31:24,114.273033,22.73695,1,0
24916,12:32:19,114.273033,22.73695,1,0
24916,12:34:09,114.273033,22.73695,1,0
24916,12:37:49,114.273033,22.73695,1,0
24916,12:38:44,114.273033,22.73695,1,0
24916,12:40:34,114.273033,22.73695,1,0
24916,12:41:29,114.273033,22.73695,1,0
24916,12:42:24,114.273033,22.73695,1,0
24916,12:44:14,114.273033,22.73695,1,0
24916,12:45:09,114.273033,22.73695,1,0
24916,12:46:04,114.273033,22.73695,1,0
24916,12:46:59,114.273033,22.73695,1,0
24916,12:47:54,114.273033,22.73695,1,0
24916,12:50:39,114.273033,22.73695,1,0
24916,12:51:34,114.273033,22.73695,1,0
24916,12:52:29,114.273033,22.73695,1,0
24916,12:53:24,114.273033,22.73695,1,0
24916,12:54:19,114.273033,22.73695,1,0
24916,12:55:14,114.273033,22.73695,1,0
24916,12:56:09,114.273033,22.73695,1,0
24916,12:57:04,114.273033,22.73695,1,0
24916,12:57:59,114.273033,22.73695,1,0
24916,12:58:54,114.273033,22.73695,1,0
24916,12:59:49,114.273033,22.73695,1,0
24916,13:00:44,114.273033,22.73695,1,0
24916,13:01:39,114.273033,22.73695,1,0
24916,13:02:34,114.273033,22.73695,1,0
24916,13:03:29,114.273033,22.73695,1,0
24916,13:04:24,114.273033,22.73695,1,0
24916,13:06:14,114.273033,22.73695,1,0
24916,13:07:09,114.273033,22.73695,1,0
24916,13:08:04,114.273033,22.73695,1,0
24916,13:08:59,114.273033,22.73695,1,0
24916,13:09:54,114.273033,22.73695,1,0
24916,13:10:49,114.273033,22.73695,1,0
24916,13:11:44,114.273033,22.73695,1,0
24916,13:12:39,114.273033,22.73695,1,0
24916,13:13:34,114.273033,22.73695,1,0
24916,13:14:29,114.273033,22.73695,1,0
24916,13:15:24,114.273033,22.73695,1,0
24916,13:16:19,114.273033,22.73695,1,0
24916,13:17:14,114.273033,22.73695,1,0
24916,13:18:09,114.273033,22.73695,1,0
24916,13:19:04,114.273033,22.73695,1,0
24916,13:19:59,114.273033,22.73695,1,0
24916,13:20:54,114.273033,22.73695,1,0
24916,13:21:49,114.273033,22.73695,1,0
24916,13:22:44,114.273033,22.73695,1,0
24916,13:23:18,114.273033,22.73695,0,0
24916,13:24:13,114.272133,22.736532,0,4
24916,13:25:08,114.273247,22.735332,0,9
24916,13:26:03,114.273949,22.733917,0,7
24916,13:26:58,114.2714,22.733084,0,19
24916,13:27:53,114.268082,22.732533,0,21
24916,13:28:48,114.266731,22.732349,0,7
24916,13:29:43,114.263603,22.73315,0,19
24916,13:30:38,114.262337,22.733583,0,9
24916,13:31:33,114.25988,22.730783,0,28
24916,13:32:28,114.258965,22.729683,0,9
24916,13:33:23,114.257568,22.72835,0,12
24916,13:34:18,114.254082,22.727583,0,31
24916,13:35:13,114.251297,22.724632,0,27
24916,13:36:08,114.249901,22.722116,0,20
24916,13:36:51,114.249916,22.722082,1,0
24916,13:37:46,114.253632,22.7248,1,30
24916,13:38:41,114.257118,22.7278,1,31
24916,13:39:36,114.257118,22.7278,1,0
24916,13:40:31,114.260033,22.730833,1,26
24916,13:41:26,114.262283,22.733534,1,26
24916,13:43:16,114.265579,22.729401,1,20
24916,13:44:11,114.264771,22.726667,1,21
24916,13:45:06,114.266296,22.72365,1,23
24916,13:46:01,114.267616,22.723333,1,8
24916,13:46:39,114.267616,22.723333,0,0
24916,13:47:34,114.267082,22.723249,0,2
24916,13:48:29,114.263496,22.722166,0,23
24916,13:49:24,114.259315,22.720716,0,29
24916,13:50:19,114.258484,22.720417,0,6
24916,13:50:23,114.258484,22.720417,1,0
24916,13:51:18,114.262848,22.721901,1,28
24916,13:52:13,114.264915,22.722532,1,13
24916,13:53:08,114.265068,22.726334,1,37
24916,13:54:03,114.266464,22.728117,1,16
24916,13:54:58,114.266464,22.728117,1,0
24916,13:55:53,114.268967,22.729717,1,18
24916,13:56:21,114.269485,22.730717,0,20
24916,13:57:16,114.267998,22.732134,0,14
24916,13:58:11,114.266953,22.732401,0,5
24916,13:59:06,114.265152,22.7327,0,10
24916,14:00:01,114.262169,22.733633,0,17
24916,14:00:56,114.261971,22.7337,0,1
24916,14:01:51,114.261971,22.7337,0,0
24916,14:02:46,114.25975,22.7306,0,27
24916,14:03:41,114.259033,22.729668,0,8
24916,14:05:31,114.26133,22.725683,0,32
24916,14:06:26,114.26133,22.725683,0,0
24916,14:07:21,114.26133,22.725683,0,0
24916,14:08:16,114.262932,22.722218,0,25
24916,14:09:11,114.264015,22.717567,0,33
24916,14:10:06,114.264702,22.71155,0,43
24916,14:11:01,114.2649,22.710533,0,5
24916,14:11:56,114.264381,22.70685,0,32
24916,14:12:51,114.2668,22.703583,0,30
24916,14:13:46,114.269852,22.700033,0,32
24916,14:14:41,114.272186,22.696833,0,27
24916,14:15:36,114.272682,22.695168,0,9
24916,14:16:31,114.275414,22.694082,0,25
24916,14:17:26,114.281631,22.694166,0,41
24916,14:18:21,114.282021,22.692333,0,13
24916,14:19:16,114.277214,22.69105,0,39
24916,14:20:11,114.275452,22.69105,0,10
24916,14:21:06,114.272881,22.693283,0,31
24916,14:22:01,114.272881,22.69385,0,3
24916,14:22:56,114.27285,22.695868,0,12
24916,14:23:51,114.272667,22.6964,0,2
24916,14:24:46,114.271713,22.697933,0,11
24916,14:25:41,114.26857,22.701866,0,35
24916,14:26:36,114.264885,22.70575,0,37
24916,14:27:31,114.262604,22.709967,0,34
24916,14:28:26,114.262466,22.711201,0,7
24916,14:28:56,114.262352,22.712217,1,12
24916,14:29:50,114.26178,22.716583,1,30
24916,14:30:45,114.261353,22.71895,1,14
24916,14:31:40,114.259964,22.722668,1,27
24916,14:32:35,114.259064,22.724783,1,11
24916,14:33:30,114.257668,22.728333,1,27
24916,14:34:25,114.258232,22.729282,1,6
24916,14:35:11,114.257896,22.730066,0,4
24916,14:36:06,114.261017,22.726151,0,33
24916,14:37:01,114.261147,22.725918,0,1
24916,14:37:56,114.261147,22.725918,0,0
24916,14:38:51,114.262917,22.722567,0,25
24916,14:39:32,114.262886,22.723083,1,14
24916,14:40:27,114.264282,22.726851,1,34
24916,14:41:22,114.264282,22.726851,1,0
24916,14:42:17,114.266914,22.728468,1,19
24916,14:43:12,114.270981,22.730749,1,31
24916,14:44:07,114.27523,22.732817,1,30
24916,14:45:02,114.276619,22.735117,1,44
24916,14:45:57,114.277481,22.740549,1,39
24916,14:46:52,114.277733,22.743383,1,19
24916,14:47:47,114.278152,22.750084,1,48
24916,14:48:42,114.27813,22.750351,1,1
24916,14:49:37,114.276947,22.750868,1,10
24916,14:50:32,114.275085,22.750816,1,12
24916,14:51:27,114.274414,22.750967,1,3
24916,14:52:22,114.274986,22.750616,1,5
24916,14:53:01,114.277916,22.749268,0,41
24916,14:53:56,114.277382,22.74305,0,44
24916,14:54:51,114.272484,22.743233,0,34
24916,14:55:46,114.266716,22.743933,0,38
24916,14:56:41,114.26265,22.74445,0,27
24916,14:57:36,114.259567,22.74485,0,20
24916,14:58:31,114.261185,22.744551,0,10
24916,14:59:26,114.26152,22.744516,0,0
24916,15:00:13,114.26152,22.744516,1,0
24916,15:01:07,114.26017,22.744734,1,11
24916,15:02:02,114.259117,22.7449,1,6
24916,15:02:57,114.25843,22.744167,1,6
24916,15:03:52,114.256371,22.737467,1,51
24916,15:04:47,114.256264,22.736383,1,7
24916,15:05:42,114.256264,22.736383,1,0
24916,15:06:37,114.257202,22.73135,1,35
24916,15:07:32,114.258514,22.729334,1,15
24916,15:09:22,114.255783,22.725883,1,2
24916,15:10:10,114.256767,22.725849,0,9
24916,15:11:04,114.258385,22.726067,0,10
24916,15:11:59,114.259315,22.724751,0,10
24916,15:12:54,114.259315,22.724751,0,0
24916,15:13:49,114.259315,22.724751,0,0
24916,15:14:44,114.259315,22.724751,0,0
24916,15:15:39,114.259315,22.724751,0,0
24916,15:16:34,114.259315,22.724751,0,0
24916,15:17:29,114.257286,22.728317,0,27
24916,15:18:24,114.254204,22.727699,0,29
24916,15:19:19,114.251549,22.725,0,24
24916,15:19:58,114.250183,22.723316,1,21
24916,15:20:52,114.2509,22.722418,1,15
24916,15:21:47,114.255447,22.726433,1,41
24916,15:22:42,114.25853,22.725866,1,33
24916,15:23:37,114.260384,22.724501,1,21
24916,15:24:32,114.264336,22.726851,1,29
24916,15:25:27,114.269501,22.73,1,40
24916,15:26:22,114.269585,22.730034,1,0
24916,15:27:17,114.269585,22.730034,1,0
24916,15:28:12,114.27623,22.732616,1,48
24916,15:29:07,114.280647,22.728434,1,41
24916,15:30:02,114.283386,22.727516,1,19
24916,15:30:57,114.287819,22.725918,1,30
24916,15:31:52,114.288666,22.725517,1,6
24916,15:32:47,114.289169,22.72525,1,1
24916,15:33:42,114.290352,22.724701,1,8
24916,15:34:37,114.291367,22.724266,1,4
24916,15:35:32,114.292366,22.72385,1,5
24916,15:36:27,114.292366,22.72385,1,0
24916,15:37:22,114.294418,22.723,1,12
24916,15:38:17,114.300369,22.719967,1,45
24916,15:39:12,114.300529,22.719999,1,8
24916,15:40:07,114.29763,22.721817,1,22
24916,15:41:02,114.29763,22.721817,1,0
24916,15:41:17,114.2967,22.7222,0,21
24916,15:41:20,114.296432,22.722334,1,37
24916,15:42:14,114.293716,22.723516,1,20
24916,15:43:09,114.293282,22.723734,1,0
24916,15:44:04,114.288849,22.725634,1,30
24916,15:44:59,114.28347,22.727699,1,38
24916,15:45:54,114.2827,22.727917,1,4
24916,15:47:44,114.275948,22.733282,1,46
24916,15:48:39,114.273285,22.732233,1,19
24916,15:49:14,114.273285,22.732233,0,0
24916,15:50:09,114.272369,22.733217,0,6
24916,15:51:04,114.271332,22.733084,0,6
24916,15:51:14,114.271332,22.733084,1,0
24916,15:52:09,114.267815,22.732317,1,23
24916,15:53:04,114.268631,22.731583,1,7
24916,15:53:59,114.269386,22.730766,1,2
24916,15:54:54,114.269386,22.730766,1,0
24916,15:55:49,114.269386,22.730766,1,0
24916,15:56:44,114.265182,22.727682,1,36
24916,15:57:39,114.266403,22.7281,1,19
24916,15:58:34,114.266403,22.7281,1,0
24916,15:59:13,114.26918,22.729782,0,29
24916,16:00:07,114.26947,22.72995,0,2
24916,16:01:02,114.270149,22.730316,0,3
24916,16:01:57,114.27533,22.732651,0,38
24916,16:02:52,114.274246,22.733383,0,8
24916,16:03:47,114.271553,22.73315,0,14
24916,16:04:39,114.271484,22.73315,1,0
24916,16:05:33,114.268631,22.7325,1,12
24916,16:06:28,114.267685,22.732468,1,4
24916,16:07:23,114.263947,22.733101,1,25
24916,16:08:18,114.261932,22.733749,1,13
24916,16:09:13,114.261932,22.733749,1,0
24916,16:10:08,114.260849,22.734051,1,6
24916,16:11:03,114.25737,22.735518,1,25
24916,16:11:58,114.256531,22.73715,1,13
24916,16:12:53,114.253082,22.740467,1,47
24916,16:13:48,114.248116,22.74115,1,31
24916,16:14:43,114.249016,22.743082,1,15
24916,16:15:38,114.247551,22.742733,1,10
24916,16:16:19,114.24662,22.744049,0,15
24916,16:17:13,114.247353,22.739799,0,32
24916,16:18:08,114.244301,22.736683,0,40
24916,16:19:03,114.238998,22.736567,0,34
24916,16:19:58,114.238998,22.736567,0,0
24916,16:21:48,114.239769,22.732134,0,11
24916,16:22:43,114.246284,22.733917,0,45
24916,16:23:38,114.2463,22.733917,0,0
24916,16:24:33,114.249702,22.73505,0,21
24916,16:25:28,114.250648,22.73535,0,5
24916,16:26:23,114.255768,22.736267,0,35
24916,16:28:13,114.260864,22.734051,0,25
24916,16:29:08,114.260864,22.734051,0,0
24916,16:30:03,114.262337,22.734632,0,10
24916,16:30:58,114.267097,22.736816,0,36
24916,16:31:53,114.269119,22.735533,0,14
24916,16:32:48,114.269485,22.735416,0,1
24916,16:33:43,114.269852,22.736082,0,3
24916,16:34:38,114.270416,22.737066,0,5
24916,16:35:33,114.270416,22.737066,0,0
24916,16:36:28,114.270416,22.737066,0,0
24916,16:37:23,114.270416,22.737066,0,0
24916,16:38:18,114.270416,22.737066,0,0
24916,16:39:13,114.270416,22.737066,0,0
24916,16:40:08,114.270416,22.737066,0,0
24916,16:41:03,114.270416,22.737066,0,0
24916,16:41:58,114.270416,22.737066,0,0
24916,16:42:53,114.270416,22.737066,0,0
24916,16:43:48,114.270416,22.737066,0,0
24916,16:44:43,114.269836,22.737066,0,2
24916,16:45:38,114.2686,22.736067,0,7
24916,16:46:33,114.2686,22.736067,0,0
24916,16:47:28,114.266899,22.737017,0,9
24916,16:48:23,114.264954,22.738268,0,11
24916,16:49:18,114.262032,22.739384,0,22
24916,16:50:13,114.261169,22.739367,0,5
24916,16:51:08,114.259247,22.739401,0,9
24916,16:52:53,114.258934,22.743834,0,33
24916,16:53:48,114.259087,22.743668,0,2
24916,16:54:43,114.260513,22.744717,0,20
24916,16:55:38,114.263252,22.743834,0,21
24916,16:56:33,114.263618,22.741217,0,18
24916,16:57:28,114.264214,22.739416,0,11
24916,16:58:23,114.265999,22.737534,0,15
24916,16:59:18,114.26712,22.736767,0,5
24916,17:00:13,114.266182,22.736567,0,6
24916,17:01:08,114.261887,22.734449,0,32
24916,17:02:03,114.265198,22.732634,0,31
24916,17:02:58,114.266769,22.732349,0,11
24916,17:03:53,114.268181,22.732599,0,5
24916,17:04:48,114.271149,22.733049,0,19
24916,17:05:43,114.27298,22.732918,0,9
24916,17:06:38,114.272049,22.731716,0,11
24916,17:08:28,114.270134,22.732849,0,5
24916,17:09:23,114.268318,22.732634,0,10
24916,17:10:18,114.266281,22.732401,0,11
24916,17:11:13,114.265984,22.732401,0,0
24916,17:12:08,114.267097,22.732384,0,6
24916,17:13:03,114.268333,22.731768,0,10
24916,17:13:58,114.268753,22.73135,0,0
24916,17:14:53,114.269218,22.7309,0,2
24916,17:15:48,114.269218,22.7309,0,0
24916,17:16:43,114.270515,22.730534,0,8
24916,17:17:38,114.276482,22.732349,0,43
24916,17:18:33,114.280518,22.728483,0,39
24916,17:19:28,114.281052,22.728268,0,3
24916,17:20:23,114.281052,22.728268,0,0
24916,17:21:18,114.286369,22.726566,0,36
24916,17:22:13,114.290085,22.724716,0,28
24916,17:23:08,114.288231,22.720783,0,31
24916,17:24:03,114.288231,22.720783,0,0
24916,17:24:58,114.288834,22.71995,0,7
24916,17:25:53,114.28965,22.721983,0,13
24916,17:26:48,114.29023,22.724266,0,14
24916,17:27:43,114.290298,22.724382,0,0
24916,17:28:38,114.290298,22.724382,0,0
24916,17:29:33,114.290352,22.724916,0,2
24916,17:30:28,114.287331,22.7264,0,22
24916,17:31:23,114.285454,22.72715,0,12
24916,17:32:18,114.282753,22.728001,0,17
24916,17:33:13,114.282753,22.728001,0,0
24916,17:34:08,114.281235,22.728468,0,6
24916,17:35:03,114.279419,22.729467,0,12
24916,17:35:58,114.276932,22.7321,0,23
24916,17:36:53,114.277229,22.738701,0,48
24916,17:37:48,114.278152,22.742434,0,29
24916,17:38:43,114.278351,22.742399,0,1
24916,17:39:38,114.278435,22.742468,0,16
24916,17:40:33,114.278435,22.742468,0,0
24916,17:41:28,114.278435,22.742468,0,0
24916,17:43:18,114.277046,22.739218,0,27
24916,17:44:13,114.276421,22.735167,0,29
24916,17:45:08,114.274536,22.7335,0,18
24916,17:46:03,114.272934,22.733282,0,6
24916,17:46:58,114.272865,22.732,0,5
24916,17:47:53,114.272163,22.73175,0,2
24916,17:49:43,114.271347,22.7327,0,3
24916,17:51:33,114.266319,22.732317,0,20
24916,17:52:28,114.2659,22.732349,0,1
24916,17:53:23,114.265717,22.730217,0,12
24916,17:54:18,114.265602,22.728901,0,7
24916,17:55:13,114.265564,22.728268,0,3
24916,17:56:08,114.265564,22.728268,0,0
24916,17:57:03,114.265152,22.727583,0,2
24916,17:57:58,114.264847,22.726683,0,7
24916,17:58:53,114.26683,22.726084,0,16
24916,17:59:48,114.270683,22.727449,0,27
24916,18:00:43,114.272202,22.729883,0,24
24916,18:01:38,114.272133,22.730949,0,7
24916,18:02:33,114.273697,22.731934,0,10
24916,18:03:28,114.274483,22.732834,0,16
24916,18:04:23,114.272064,22.731649,0,18
24916,18:05:18,114.271553,22.7325,0,3
24916,18:06:13,114.271103,22.732983,0,3
24916,18:07:08,114.268814,22.732582,0,13
24916,18:08:03,114.267319,22.732416,0,7
24916,18:08:59,114.26577,22.731216,0,15
24916,18:09:53,114.265701,22.730534,0,4
24916,18:10:48,114.265617,22.729383,0,2
24916,18:11:43,114.265503,22.728216,0,3
24916,18:12:38,114.265503,22.728216,0,0
24916,18:13:33,114.265503,22.728216,0,0
24916,18:14:28,114.265503,22.728216,0,0
24916,18:20:53,114.265785,22.731251,0,11
24916,18:21:48,114.267418,22.732433,0,14
24916,18:22:43,114.271149,22.733049,0,25
24916,18:23:38,114.274315,22.733517,0,19
24916,18:24:33,114.276253,22.734432,0,16
24916,18:25:29,114.277946,22.735283,0,7
24916,18:26:23,114.280701,22.736168,0,19
24916,18:27:18,114.282753,22.736532,0,10
24916,18:28:13,114.284386,22.736483,0,10
24916,18:29:08,114.2827,22.736483,0,9
24916,18:30:03,114.280998,22.736168,0,8
24916,18:30:58,114.278267,22.735382,0,18
24916,18:31:53,114.276703,22.734617,0,11
24916,18:32:48,114.275169,22.733601,0,11
24916,18:33:43,114.274399,22.733467,0,5
24916,18:34:38,114.272934,22.732834,0,9
24916,18:35:33,114.273148,22.732349,0,3
24916,18:36:29,114.274101,22.7334,0,13
24916,18:37:23,114.275864,22.732634,0,12
24916,18:38:18,114.278214,22.730316,0,24
24916,18:39:13,114.283363,22.727484,0,40
24916,18:40:08,114.287132,22.7262,0,27
24916,18:41:03,114.289665,22.725,0,18
24916,18:41:58,114.289665,22.725,0,0
24916,18:42:53,114.2939,22.723118,0,29
24916,18:43:48,114.299553,22.720551,0,42
24916,18:44:44,114.301636,22.71875,0,17
24916,18:45:39,114.304184,22.720833,0,26
24916,18:46:33,114.305183,22.721451,0,8
24916,18:47:28,114.302269,22.718884,0,25
24916,18:48:23,114.2985,22.721382,0,32
24916,18:49:18,114.294701,22.723133,0,28
24916,18:50:14,114.293198,22.723766,0,6
24916,18:51:09,114.289536,22.725384,0,25
24916,18:52:03,114.28672,22.7267,0,19
24916,18:52:58,114.285454,22.7272,0,8
24916,18:53:53,114.285454,22.7272,0,0
24916,18:54:48,114.283348,22.727833,0,12
24916,18:55:44,114.279015,22.729733,0,28
24916,18:56:39,114.274918,22.732767,0,49
24916,18:57:33,114.270981,22.731083,0,29
24916,18:58:28,114.270981,22.731083,0,0
24916,18:59:23,114.268501,22.729733,0,17
24916,19:00:18,114.26355,22.726667,0,39
24916,19:01:14,114.259735,22.728283,0,33
24916,19:02:09,114.257217,22.731833,0,30
24916,19:03:03,114.256485,22.734734,0,21
24916,19:03:58,114.256485,22.734734,0,0
24916,19:04:53,114.254967,22.733368,0,18
24916,19:05:48,114.252151,22.730368,0,29
24916,19:06:44,114.250381,22.728767,0,14
24916,19:07:39,114.247833,22.7271,0,20
24916,19:08:33,114.247551,22.729816,0,18
24916,19:09:28,114.249603,22.735001,0,45
24916,19:10:23,114.249786,22.73505,0,1
24916,19:11:18,114.251747,22.735649,0,10
24916,19:12:14,114.25605,22.736032,0,27
24916,19:13:09,114.25708,22.731701,0,32
24916,19:14:03,114.2584,22.729683,0,16
24916,19:14:58,114.256035,22.726967,0,26
24916,19:15:53,114.257248,22.727966,0,15
24916,19:16:48,114.258186,22.728783,0,7
24916,19:17:44,114.261086,22.726282,0,29
24916,19:18:39,114.261536,22.725634,0,2
24916,19:19:34,114.264481,22.726851,0,21
24916,19:20:28,114.266434,22.728083,0,15
24916,19:21:23,114.266434,22.728083,0,0
24916,19:22:18,114.266434,22.728083,0,0
24916,19:23:14,114.266434,22.728083,0,0
24916,19:24:09,114.266434,22.728083,0,0
24916,19:25:04,114.266434,22.728083,0,0
24916,19:25:58,114.266434,22.728083,0,0
24916,19:26:53,114.266434,22.728083,0,0
24916,19:27:48,114.266434,22.728083,0,0
24916,19:28:44,114.266434,22.728083,0,0
24916,19:29:39,114.266434,22.728083,0,0
24916,19:30:34,114.266434,22.728083,0,0
24916,19:31:28,114.266434,22.728083,0,0
24916,19:32:24,114.266434,22.728083,0,0
24916,19:33:18,114.266434,22.728083,0,0
24916,19:34:14,114.266434,22.728083,0,0
24916,19:35:09,114.266434,22.728083,0,0
24916,19:39:44,114.266434,22.728083,0,0
24916,19:39:50,114.266434,22.728083,0,0
24916,19:40:45,114.266434,22.728083,0,0
24916,19:41:40,114.266434,22.728083,0,0
24916,19:42:34,114.266434,22.728083,0,0
24916,19:46:15,114.266434,22.728083,0,0
24916,19:46:40,114.266434,22.728083,0,0
24916,19:47:36,114.266434,22.728083,0,0
24916,19:48:30,114.266434,22.728083,0,0
24916,19:49:26,114.266434,22.728083,0,0
24916,19:50:21,114.266434,22.728083,0,0
24916,19:51:16,114.266434,22.728083,0,0
24916,19:52:10,114.266434,22.728083,0,0
24916,19:53:06,114.266434,22.728083,0,0
24916,19:54:00,114.266434,22.728083,0,0
24916,19:54:56,114.266434,22.728083,0,0
24916,19:55:51,114.266434,22.728083,0,0
24916,19:56:46,114.266434,22.728083,0,0
24916,19:57:40,114.266434,22.728083,0,0
24916,19:58:36,114.266434,22.728083,0,0
24916,19:59:30,114.266434,22.728083,0,0
24916,20:00:26,114.266434,22.728083,0,0
24916,20:01:21,114.266434,22.728083,0,0
24916,20:03:10,114.266434,22.728083,0,0
24916,20:04:06,114.266434,22.728083,0,0
24916,20:05:01,114.266434,22.728083,0,0
24916,20:05:56,114.266434,22.728083,0,0
24916,20:06:51,114.266434,22.728083,0,0
24916,20:07:46,114.266434,22.728083,0,0
24916,20:08:41,114.266434,22.728083,0,0
24916,20:09:36,114.266434,22.728083,0,0
24916,20:10:31,114.266434,22.728083,0,0
24916,20:11:26,114.266434,22.728083,0,0
24916,20:11:27,114.266434,22.728083,0,0
24916,20:21:58,114.276451,22.732384,0,18
24916,20:22:20,114.277817,22.73085,0,36
24916,20:23:15,114.281517,22.728132,0,30
24916,20:24:10,114.284851,22.72715,0,23
24916,20:25:05,114.285629,22.728483,0,8
24916,20:26:00,114.287399,22.731449,0,22
24916,20:26:55,114.288216,22.734083,0,18
24916,20:27:50,114.288216,22.734083,0,0
24916,20:28:45,114.28688,22.73275,0,19
24916,20:29:40,114.282181,22.7362,0,40
24916,20:30:35,114.279404,22.735884,0,16
24916,20:31:30,114.277763,22.735216,0,8
24916,20:33:20,114.275017,22.733583,0,15
24916,20:34:15,114.273582,22.7349,0,14
24916,20:35:10,114.272285,22.735933,0,12
24916,20:36:05,114.272285,22.735933,0,0
24916,20:37:00,114.272285,22.735933,0,0
24916,20:37:55,114.272285,22.735933,0,0
24916,20:38:50,114.272285,22.735933,0,0
24916,20:39:45,114.272285,22.735933,0,0
24916,20:40:40,114.272285,22.735933,0,0
24916,20:41:35,114.272285,22.735933,0,0
24916,20:42:30,114.272285,22.735933,0,0
24916,20:43:25,114.272285,22.735933,0,0
24916,20:44:20,114.273102,22.735567,0,5
24916,20:45:15,114.273399,22.735451,0,0
24916,20:46:10,114.273399,22.735451,0,0
24916,20:47:05,114.273399,22.735451,0,0
24916,20:48:00,114.273399,22.735451,0,0
24916,20:48:55,114.273399,22.735451,0,0
24916,20:49:50,114.273399,22.735451,0,0
24916,20:50:45,114.273399,22.735451,0,0
24916,20:51:40,114.273399,22.735451,0,0
24916,20:52:35,114.273399,22.735451,0,0
24916,20:53:30,114.273399,22.735451,0,0
24916,20:54:25,114.273399,22.735451,0,0
24916,20:55:20,114.273399,22.735451,0,0
24916,20:56:15,114.273399,22.735451,0,0
24916,20:57:10,114.273399,22.735451,0,0
24916,20:58:05,114.273918,22.734167,0,7
24916,20:59:00,114.273918,22.734167,0,0
24916,20:59:55,114.273918,22.734167,0,0
24916,21:00:50,114.273918,22.734167,0,0
24916,21:01:45,114.273918,22.734167,0,0
24916,21:02:40,114.273918,22.734167,0,0
24916,21:03:35,114.273918,22.734167,0,0
24916,21:04:30,114.273918,22.734167,0,0
24916,21:05:25,114.273918,22.734167,0,0
24916,21:06:20,114.273918,22.734167,0,0
24916,21:07:15,114.273918,22.734167,0,0
24916,21:08:10,114.273918,22.734167,0,0
24916,21:09:05,114.273918,22.734167,0,0
24916,21:10:00,114.273918,22.734167,0,0
24916,21:10:55,114.273918,22.734167,0,0
24916,21:11:50,114.273918,22.734167,0,0
24916,21:17:54,114.273949,22.733883,0,0
24916,21:18:16,114.274086,22.733683,0,2
24916,21:19:11,114.273552,22.732317,0,11
24916,21:20:06,114.273232,22.732134,0,2
24916,21:21:01,114.273232,22.732134,0,0
24916,21:21:56,114.273232,22.732134,0,0
24916,21:22:51,114.273232,22.732134,0,0
24916,21:23:46,114.273232,22.732134,0,0
24916,21:23:47,114.273232,22.732134,0,0
24916,21:23:48,114.273232,22.732134,0,0
24916,21:40:52,114.257568,22.74155,0,25
24916,21:41:11,114.258286,22.743151,0,35
24916,21:42:05,114.258514,22.744484,0,14
24916,21:43:00,114.258514,22.744484,0,0
24916,21:43:56,114.258514,22.744484,0,0
24916,21:44:51,114.258514,22.744484,0,0
24916,21:45:46,114.258514,22.744484,0,0
24916,21:46:40,114.258514,22.744484,0,0
24916,21:47:36,114.258514,22.744484,0,0
24916,21:48:30,114.258514,22.744484,0,0
24916,21:50:21,114.258514,22.744484,0,0
24916,21:51:16,114.258514,22.744484,0,0
24916,21:52:10,114.258514,22.744484,0,0
24916,21:53:06,114.258514,22.744484,0,0
24916,21:54:00,114.258514,22.744484,0,0
24916,21:54:56,114.257683,22.742233,0,14
24916,21:55:51,114.256798,22.740433,0,12
24916,21:56:46,114.256516,22.738466,0,12
24916,21:57:40,114.256401,22.7362,0,16
24916,21:58:36,114.256401,22.7362,0,0
24916,21:59:30,114.25753,22.73535,0,9
24916,22:00:26,114.262466,22.7335,0,33
24916,22:01:21,114.265579,22.7325,0,20
24916,22:02:16,114.266785,22.732317,0,7
24916,22:03:10,114.267166,22.732384,0,2
24916,22:04:06,114.269203,22.732634,0,9
24916,22:05:00,114.269753,22.732733,0,2
24916,22:05:56,114.272148,22.733101,0,11
24916,22:06:51,114.273087,22.732367,0,7
24916,22:07:46,114.273117,22.732233,0,0
24916,22:08:40,114.273117,22.732233,0,0
24916,22:09:36,114.273117,22.732233,0,0
24916,22:10:30,114.273117,22.732233,0,0
24916,22:11:26,114.273117,22.732233,0,0
24916,22:12:21,114.273117,22.732233,0,0
24916,22:13:16,114.273117,22.732233,0,0
24916,22:14:10,114.273117,22.732233,0,0
24916,22:15:06,114.273117,22.732233,0,0
24916,22:16:01,114.273117,22.732233,0,0
24916,22:16:56,114.273117,22.732233,0,0
24916,22:17:51,114.272202,22.731617,0,0
24916,22:18:46,114.272064,22.731567,0,0
24916,22:19:41,114.272064,22.731567,0,0
24916,22:20:36,114.272064,22.731567,0,0
24916,22:21:30,114.272064,22.731567,0,0
24916,22:22:26,114.272064,22.731567,0,0
24916,22:23:21,114.272064,22.731567,0,0
24916,22:24:16,114.272064,22.731567,0,0
24916,22:25:10,114.272064,22.731567,0,0
24916,22:26:06,114.272064,22.731567,0,0
24916,22:27:01,114.271599,22.731367,0,1
24916,22:27:56,114.269768,22.7321,0,17
24916,22:28:51,114.270615,22.732849,0,8
24916,22:29:46,114.27108,22.732866,0,0
24916,22:30:41,114.27108,22.732866,0,0
24916,22:31:36,114.272736,22.733133,0,7
24916,22:32:31,114.273117,22.732468,0,4
24916,22:33:26,114.273018,22.73205,0,0
24916,22:34:21,114.273018,22.73205,0,0
24916,22:35:16,114.273018,22.73205,0,0
24916,22:36:11,114.271034,22.730801,0,32
24916,22:37:06,114.277466,22.731216,0,50
24916,22:38:01,114.281967,22.727966,0,38
24916,22:38:56,114.284332,22.7272,0,16
24916,22:39:51,114.289948,22.724899,0,39
24916,22:40:46,114.289948,22.724899,0,0
24916,22:41:41,114.294815,22.722799,0,34
24916,22:42:36,114.301285,22.719049,0,51
24916,22:43:31,114.305351,22.721367,0,38
24916,22:44:26,114.311401,22.723534,0,43
24916,22:45:21,114.31752,22.726433,0,46
24916,22:46:16,114.318604,22.724417,0,15
24916,22:47:11,114.318604,22.724417,0,0
24916,22:48:06,114.318604,22.724417,0,0
24916,22:49:01,114.316269,22.726017,0,22
24916,22:49:56,114.309647,22.722782,0,49
24916,22:50:51,114.303864,22.7206,0,41
24916,22:51:46,114.301186,22.719549,0,26
24916,22:52:41,114.294785,22.723017,0,47
24916,22:53:36,114.289986,22.725183,0,34
24916,22:54:31,114.286568,22.726683,0,23
24916,22:55:26,114.280197,22.728832,0,45
24916,22:56:21,114.27552,22.733032,0,55
24916,22:57:16,114.26757,22.729134,0,60
24916,22:58:11,114.264717,22.727333,0,22
24916,22:59:06,114.265167,22.726133,0,13
24916,23:00:01,114.265167,22.726133,0,0
24916,23:00:56,114.265335,22.727432,0,7
24916,23:01:51,114.268646,22.7295,0,26
24916,23:02:46,114.268402,22.731667,0,22
24916,23:03:41,114.269867,22.7327,0,18
24916,23:04:36,114.272163,22.733101,0,13
24916,23:05:31,114.27285,22.734484,0,11
24916,23:07:21,114.272102,22.736233,0,1
24916,23:08:16,114.272102,22.736233,0,0
24916,23:09:11,114.271713,22.736334,0,0
24916,23:10:06,114.270432,22.737183,0,10
24916,23:11:01,114.270432,22.737183,0,0
24916,23:11:56,114.270432,22.737183,0,0
24916,23:12:51,114.270432,22.737183,0,0
24916,23:13:46,114.270432,22.737183,0,0
24916,23:14:41,114.270432,22.737183,0,0
24916,23:15:36,114.270432,22.737183,0,0
24916,23:16:31,114.270432,22.737183,0,0
24916,23:17:26,114.270432,22.737183,0,0
24916,23:18:21,114.270432,22.737183,0,0
24916,23:19:16,114.270432,22.737183,0,0
24916,23:20:11,114.270432,22.737183,0,0
24916,23:21:06,114.270432,22.737183,0,0
24916,23:22:01,114.270432,22.737183,0,0
24916,23:22:56,114.270432,22.737183,0,0
24916,23:23:51,114.270432,22.737183,0,0
24916,23:24:46,114.270432,22.737183,0,0
24916,23:25:41,114.270432,22.737183,0,0
24916,23:26:36,114.270432,22.737183,0,0
24916,23:27:31,114.270432,22.737183,0,0
24916,23:28:26,114.270432,22.737183,0,0
24916,23:29:21,114.270432,22.737183,0,0
24916,23:30:16,114.270432,22.737183,0,0
24916,23:31:11,114.270432,22.737183,0,0
24916,23:32:06,114.270432,22.737183,0,0
24916,23:33:01,114.270432,22.737183,0,0
24916,23:33:56,114.270432,22.737183,0,0
24916,23:34:51,114.270432,22.737183,0,0
24916,23:35:46,114.269547,22.736782,0,5
24916,23:36:41,114.267601,22.736483,0,16
24916,23:37:36,114.266403,22.73735,0,6
24916,23:38:31,114.263931,22.739901,0,25
24916,23:39:26,114.263283,22.743517,0,26
24916,23:40:21,114.260071,22.744734,0,26
24916,23:41:16,114.25827,22.743799,0,14
24916,23:42:11,114.25647,22.739634,0,32
24916,23:44:01,114.261253,22.7339,0,31
24916,23:45:51,114.265785,22.732416,0,29
24916,23:46:46,114.266052,22.732416,0,4
24916,23:47:41,114.266052,22.732416,0,0
24916,23:48:36,114.266586,22.732317,0,8
24916,23:49:31,114.268936,22.732616,0,15
24916,23:50:26,114.269684,22.732117,0,2
24916,23:51:21,114.266182,22.728251,0,44
24916,23:52:16,114.264801,22.727432,0,10
24916,23:53:11,114.266563,22.723267,0,30
24916,23:57:47,114.260269,22.721832,0,29
