32343,00:00:06,113.997864,22.529467,1,69
32343,00:01:01,113.988731,22.524418,1,71
32343,00:01:56,113.977386,22.522949,1,77
32343,00:02:51,113.965332,22.522882,1,80
32343,00:04:41,113.943184,22.524733,1,70
32343,00:05:36,113.936798,22.524668,1,49
32343,00:06:31,113.935699,22.521683,1,20
32343,00:07:26,113.934502,22.5184,1,24
32343,00:08:15,113.931915,22.516916,0,26
32343,00:09:10,113.931915,22.516916,0,0
32343,00:10:05,113.931816,22.518999,0,12
32343,00:11:00,113.932648,22.521683,0,19
32343,00:11:55,113.928314,22.523968,0,33
32343,00:12:50,113.930267,22.527983,0,29
32343,00:13:45,113.927071,22.52845,0,21
32343,00:14:40,113.925148,22.528967,1,8
32343,00:15:35,113.926964,22.534733,1,38
32343,00:16:30,113.924431,22.5306,1,42
32343,00:17:25,113.921768,22.526518,1,39
32343,00:18:20,113.916618,22.527617,1,30
32343,00:19:16,113.914536,22.526167,1,13
32343,00:20:11,113.914032,22.522833,1,22
32343,00:21:06,113.912781,22.5203,1,16
32343,00:22:01,113.910019,22.518433,1,22
32343,00:22:38,113.908699,22.516333,0,22
32343,00:23:34,113.90863,22.516001,0,0
32343,00:24:29,113.909935,22.518167,0,15
32343,00:25:12,113.912819,22.520132,1,27
32343,00:26:07,113.913933,22.522034,1,11
32343,00:27:02,113.914635,22.526632,1,31
32343,00:27:57,113.913765,22.530701,1,31
32343,00:28:52,113.914413,22.5352,1,32
32343,00:29:47,113.914917,22.538834,1,24
32343,00:30:42,113.915131,22.541483,1,16
32343,00:31:37,113.918701,22.543034,1,28
32343,00:32:32,113.9188,22.543034,1,0
32343,00:33:27,113.925903,22.54265,1,38
32343,00:34:22,113.93705,22.542601,1,73
32343,00:35:17,113.94677,22.543051,1,64
32343,00:36:12,113.948669,22.543118,1,12
32343,00:37:07,113.958649,22.543266,1,61
32343,00:38:02,113.959999,22.543966,1,11
32343,00:38:57,113.962234,22.546749,1,32
32343,00:39:53,113.963631,22.546749,1,3
32343,00:40:12,113.96373,22.545982,0,1
32343,00:41:07,113.96373,22.545982,0,0
32343,00:42:02,113.963501,22.548651,0,13
32343,00:42:57,113.961685,22.549683,0,10
32343,00:43:52,113.9617,22.549683,0,0
32343,00:44:47,113.96138,22.552549,0,19
32343,00:45:22,113.963448,22.551582,0,20
32343,00:46:18,113.967133,22.552233,0,21
32343,00:47:13,113.972168,22.549683,0,46
32343,00:48:08,113.973351,22.545383,0,37
32343,00:49:03,113.973785,22.540733,0,33
32343,00:49:58,113.979347,22.539583,0,31
32343,00:51:48,113.986916,22.541283,0,31
32343,00:52:43,113.991631,22.541483,0,30
32343,00:53:38,113.991783,22.543133,0,46
32343,00:54:33,113.998817,22.546017,0,49
32343,00:55:29,114.00663,22.549101,0,58
32343,01:00:43,114.026581,22.555918,0,47
32343,01:01:38,114.033867,22.553717,0,55
32343,01:02:17,114.038879,22.556168,0,42
32343,01:03:12,114.043831,22.556717,0,33
32343,01:04:08,114.04155,22.560949,0,32
32343,01:05:03,114.041054,22.566532,0,50
32343,01:05:59,114.045853,22.567301,0,28
32343,01:06:54,114.052597,22.567118,0,40
32343,01:07:49,114.058037,22.568832,0,35
32343,01:08:44,114.060349,22.57025,0,21
32343,01:09:39,114.061951,22.5688,0,26
32343,01:10:34,114.06105,22.5625,0,54
32343,01:11:29,114.061317,22.559032,0,47
32343,01:12:24,114.067368,22.557917,0,42
32343,01:13:19,114.074364,22.558083,0,45
32343,01:14:14,114.083015,22.560368,0,65
32343,01:15:09,114.090218,22.56695,0,71
32343,01:16:04,114.094635,22.566668,0,35
32343,01:16:59,114.094635,22.566668,0,0
32343,01:17:54,114.094635,22.566668,0,0
32343,01:18:49,114.094582,22.561399,0,34
32343,01:19:44,114.094917,22.55975,0,11
32343,01:20:39,114.096848,22.559668,0,1
32343,01:21:34,114.098915,22.559633,0,5
32343,01:22:29,114.098999,22.558849,0,5
32343,01:23:24,114.10463,22.55855,0,33
32343,01:24:19,114.115166,22.558634,0,70
32343,01:25:14,114.115585,22.558268,0,6
32343,01:26:09,114.115585,22.558268,0,0
32343,01:27:04,114.115585,22.558268,0,0
32343,01:27:59,114.115585,22.558268,0,0
32343,01:29:49,114.115585,22.558268,0,0
32343,01:30:44,114.115585,22.558268,0,0
32343,01:32:34,114.116302,22.559383,0,2
32343,01:33:29,114.11898,22.557716,0,21
32343,01:34:24,114.118164,22.5527,0,30
32343,01:35:20,114.116951,22.551416,0,11
32343,01:39:58,114.118668,22.547817,0,0
32343,01:40:27,114.118668,22.547817,0,0
32343,01:41:23,114.118668,22.547817,0,0
32343,01:42:18,114.118668,22.547817,0,0
32343,01:43:13,114.118668,22.547817,0,0
32343,01:44:08,114.118668,22.547817,0,0
32343,01:45:03,114.118668,22.547817,0,0
32343,01:45:58,114.118668,22.547817,0,0
32343,01:46:53,114.118668,22.547817,0,0
32343,01:47:48,114.118668,22.547817,0,0
32343,01:48:43,114.118668,22.547817,0,0
32343,01:49:38,114.118668,22.547817,0,0
32343,01:50:33,114.118668,22.547817,0,0
32343,01:51:28,114.118668,22.547817,0,0
32343,01:52:23,114.118668,22.547817,0,0
32343,01:53:18,114.118668,22.547817,0,0
32343,01:54:13,114.118668,22.547817,0,0
32343,01:55:08,114.118668,22.547817,0,0
32343,01:56:03,114.118668,22.547817,0,0
32343,01:56:58,114.118668,22.547817,0,0
32343,02:01:38,114.118332,22.54755,0,0
32343,02:01:50,114.118332,22.54755,0,0
32343,02:02:46,114.118332,22.54755,0,0
32343,02:03:41,114.118332,22.54755,0,0
32343,02:04:36,114.118332,22.54755,0,0
32343,02:06:26,114.118332,22.54755,0,0
32343,02:07:21,114.118332,22.54755,0,0
32343,02:08:16,114.118332,22.54755,0,0
32343,02:08:43,114.118332,22.54755,1,0
32343,02:09:38,114.121483,22.547649,1,19
32343,02:10:33,114.118332,22.546568,1,17
32343,02:11:28,114.117615,22.543633,1,26
32343,02:12:23,114.117615,22.543633,1,0
32343,02:13:18,114.119499,22.542032,1,17
32343,02:14:13,114.11972,22.541218,1,6
32343,02:15:08,114.118935,22.540617,1,7
32343,02:15:56,114.119347,22.539717,0,3
32343,02:16:51,114.119667,22.539583,0,0
32343,02:17:46,114.119682,22.540733,0,5
32343,02:18:41,114.118286,22.543383,0,21
32343,02:19:36,114.116783,22.548283,0,34
32343,02:20:31,114.118614,22.553766,0,43
32343,02:21:26,114.120201,22.558483,0,43
32343,02:22:21,114.11808,22.567217,0,65
32343,02:23:16,114.117668,22.575268,0,59
32343,02:24:11,114.11557,22.579683,0,36
32343,02:25:06,114.11557,22.579683,0,0
32343,02:26:01,114.11557,22.579683,0,0
32343,02:26:56,114.11557,22.579683,0,0
32343,02:27:51,114.11557,22.579683,0,0
32343,02:28:46,114.11557,22.579683,0,0
32343,02:29:41,114.11557,22.579683,0,0
32343,02:30:36,114.11557,22.579683,0,0
32343,02:31:31,114.11557,22.579683,0,0
32343,02:32:26,114.11557,22.579683,0,0
32343,02:33:21,114.11557,22.579683,0,0
32343,02:34:16,114.11557,22.579683,0,0
32343,02:35:11,114.11528,22.57995,0,2
32343,02:36:06,114.112579,22.585432,0,42
32343,02:37:01,114.11187,22.587267,0,14
32343,02:37:56,114.11187,22.587267,0,0
32343,02:38:51,114.11187,22.587267,0,0
32343,02:39:46,114.11187,22.587267,0,0
32343,02:40:41,114.11187,22.587267,0,0
32343,02:41:02,114.11187,22.587267,1,0
32343,02:41:57,114.109619,22.592983,1,41
32343,02:42:52,114.11483,22.6017,1,72
32343,02:43:47,114.122704,22.608017,1,70
32343,02:44:42,114.130783,22.613667,1,66
32343,02:45:37,114.133949,22.61725,1,33
32343,02:46:32,114.135735,22.619432,1,17
32343,02:47:27,114.137314,22.621099,1,16
32343,02:48:22,114.136353,22.623983,1,19
32343,02:49:17,114.133583,22.628468,1,41
32343,02:49:47,114.135231,22.6264,0,33
32343,02:50:42,114.135483,22.625267,0,6
32343,02:51:37,114.130798,22.620832,0,44
32343,02:53:27,114.120834,22.612034,0,57
32343,02:54:22,114.117935,22.6115,0,31
32343,02:55:17,114.115982,22.611483,0,6
32343,02:56:12,114.115982,22.611483,0,0
32343,02:57:07,114.115982,22.611483,0,0
32343,02:58:02,114.115982,22.611483,0,0
32343,02:58:57,114.115982,22.611483,0,0
32343,02:59:52,114.115982,22.611483,0,0
32343,03:00:47,114.115982,22.611483,0,0
32343,03:01:42,114.115982,22.611483,0,0
32343,03:02:37,114.115982,22.611483,0,0
32343,03:03:32,114.115982,22.611483,0,0
32343,03:04:27,114.115982,22.611483,0,0
32343,03:05:22,114.115982,22.611483,0,0
32343,03:06:17,114.115982,22.611483,0,0
32343,03:07:12,114.115982,22.611483,0,0
32343,03:08:07,114.115982,22.611483,0,0
32343,03:09:02,114.115982,22.611483,0,0
32343,03:09:57,114.115982,22.611483,0,0
32343,03:10:52,114.115982,22.611483,0,0
32343,03:11:47,114.115982,22.611483,0,0
32343,03:12:42,114.115982,22.611483,0,0
32343,03:13:37,114.115982,22.611483,0,0
32343,03:14:32,114.115982,22.611483,0,0
32343,03:15:27,114.115982,22.611483,0,0
32343,03:16:22,114.115982,22.611483,0,0
32343,03:17:17,114.115982,22.611483,0,0
32343,03:18:12,114.115982,22.611483,0,0
32343,03:19:07,114.115982,22.611483,0,0
32343,03:20:02,114.115982,22.611483,0,0
32343,03:20:57,114.115982,22.611483,0,0
32343,03:21:52,114.115982,22.611483,0,0
32343,03:22:47,114.115982,22.611483,0,0
32343,03:23:42,114.115982,22.611483,0,0
32343,03:24:37,114.115982,22.611483,0,0
32343,03:25:32,114.115982,22.611483,0,0
32343,03:26:27,114.115982,22.611483,0,0
32343,03:27:22,114.115982,22.611483,0,0
32343,03:28:17,114.115982,22.611483,0,0
32343,03:29:12,114.115982,22.611483,0,0
32343,03:30:07,114.115982,22.611483,0,0
32343,03:31:02,114.115982,22.611483,0,0
32343,03:31:57,114.115982,22.611483,0,0
32343,03:32:52,114.115982,22.611483,0,0
32343,03:33:47,114.115982,22.611483,0,0
32343,03:34:42,114.115982,22.611483,0,0
32343,03:35:37,114.115982,22.611483,0,0
32343,03:36:32,114.115982,22.611483,0,0
32343,03:37:27,114.115982,22.611483,0,0
32343,03:38:22,114.115982,22.611483,0,0
32343,03:39:17,114.115982,22.611483,0,0
32343,03:40:12,114.115982,22.611483,0,0
32343,03:41:07,114.115982,22.611483,0,0
32343,03:42:02,114.115982,22.611483,0,0
32343,03:42:57,114.115982,22.611483,0,0
32343,03:43:52,114.115982,22.611483,0,0
32343,03:44:47,114.115982,22.611483,0,0
32343,03:45:42,114.115982,22.611483,0,0
32343,03:46:37,114.115982,22.611483,0,0
32343,03:47:32,114.115982,22.611483,0,0
32343,03:48:27,114.115982,22.611483,0,0
32343,03:49:22,114.115982,22.611483,0,0
32343,03:50:17,114.115982,22.611483,0,0
32343,03:51:12,114.115982,22.611483,0,0
32343,03:52:07,114.115982,22.611483,0,0
32343,03:53:02,114.115982,22.611483,0,0
32343,03:53:57,114.115982,22.611483,0,0
32343,03:54:52,114.115982,22.611483,0,0
32343,03:55:47,114.115982,22.611483,0,0
32343,03:56:42,114.115982,22.611483,0,0
32343,03:57:38,114.115982,22.611483,0,0
32343,03:58:33,114.115982,22.611483,0,0
32343,03:59:28,114.115982,22.611483,0,0
32343,04:00:23,114.115982,22.611483,0,0
32343,04:01:18,114.115982,22.611483,0,0
32343,04:02:13,114.115982,22.611483,0,0
32343,04:03:08,114.115982,22.611483,0,0
32343,04:04:03,114.115982,22.611483,0,0
32343,04:04:58,114.115982,22.611483,0,0
32343,04:05:53,114.115982,22.611483,0,0
32343,04:06:48,114.115982,22.611483,0,0
32343,04:07:43,114.115982,22.611483,0,0
32343,04:08:38,114.115982,22.611483,0,0
32343,04:09:33,114.115982,22.611483,0,0
32343,04:10:28,114.115982,22.611483,0,0
32343,04:11:23,114.115982,22.611483,0,0
32343,04:12:18,114.115982,22.611483,0,0
32343,04:13:13,114.115982,22.611483,0,0
32343,04:14:08,114.115982,22.611483,0,0
32343,04:15:03,114.115982,22.611483,0,0
32343,04:15:58,114.115982,22.611483,0,0
32343,04:16:53,114.115982,22.611483,0,0
32343,04:17:48,114.115982,22.611483,0,0
32343,04:18:43,114.115982,22.611483,0,0
32343,04:19:38,114.115982,22.611483,0,0
32343,04:20:33,114.115982,22.611483,0,0
32343,04:21:28,114.115982,22.611483,0,0
32343,04:22:23,114.115982,22.611483,0,0
32343,04:23:18,114.115982,22.611483,0,0
32343,04:24:13,114.115982,22.611483,0,0
32343,04:25:08,114.115982,22.611483,0,0
32343,04:26:03,114.115982,22.611483,0,0
32343,04:26:58,114.115982,22.611483,0,0
32343,04:27:53,114.115982,22.611483,0,0
32343,04:28:48,114.115982,22.611483,0,0
32343,04:29:43,114.115982,22.611483,0,0
32343,04:30:38,114.115982,22.611483,0,0
32343,04:32:29,114.115982,22.611483,0,0
32343,04:33:24,114.115982,22.611483,0,0
32343,04:34:19,114.115982,22.611483,0,0
32343,04:35:14,114.11573,22.615816,0,30
32343,04:36:09,114.115463,22.62085,0,36
32343,04:37:04,114.114929,22.621367,0,4
32343,04:37:59,114.111435,22.622883,0,37
32343,04:38:54,114.11087,22.626118,0,21
32343,04:39:49,114.108971,22.628233,0,19
32343,04:40:44,114.110115,22.630501,0,10
32343,04:41:39,114.109383,22.630934,0,11
32343,04:42:34,114.109383,22.630934,0,0
32343,04:43:29,114.109383,22.630934,0,0
32343,04:44:24,114.109383,22.630934,0,0
32343,04:45:19,114.109383,22.630934,0,0
32343,04:46:14,114.109383,22.630934,0,0
32343,04:47:09,114.109383,22.630934,0,0
32343,04:48:04,114.109383,22.630934,0,0
32343,04:48:59,114.109383,22.630934,0,0
32343,04:49:54,114.109383,22.630934,0,0
32343,04:50:49,114.109383,22.630934,0,0
32343,04:51:44,114.109383,22.630934,0,0
32343,04:52:39,114.109383,22.630934,0,0
32343,04:53:34,114.109383,22.630934,0,0
32343,04:54:29,114.109383,22.630934,0,0
32343,04:55:24,114.109383,22.630934,0,0
32343,04:56:19,114.109383,22.630934,0,0
32343,04:57:14,114.109383,22.630934,0,0
32343,04:58:09,114.109383,22.630934,0,0
32343,04:59:04,114.109383,22.630934,0,0
32343,04:59:59,114.109383,22.630934,0,0
32343,05:00:54,114.109383,22.630934,0,0
32343,05:01:49,114.109383,22.630934,0,0
32343,05:02:44,114.109383,22.630934,0,0
32343,05:04:34,114.109383,22.630934,0,0
32343,05:05:29,114.109383,22.630934,0,0
32343,05:06:24,114.109383,22.630934,0,0
32343,05:07:19,114.109383,22.630934,0,0
32343,05:08:14,114.109383,22.630934,0,0
32343,05:09:09,114.109383,22.630934,0,0
32343,05:10:04,114.109383,22.630934,0,0
32343,05:10:59,114.109383,22.630934,0,0
32343,05:12:49,114.109383,22.630934,0,0
32343,05:13:44,114.109383,22.630934,0,0
32343,05:14:39,114.109383,22.630934,0,0
32343,05:15:34,114.109383,22.630934,0,0
32343,05:16:29,114.106796,22.629749,0,15
32343,05:17:24,114.104034,22.628633,0,18
32343,05:18:19,114.1017,22.627434,0,15
32343,05:19:14,114.101364,22.626734,0,1
32343,05:20:09,114.104553,22.621616,0,43
32343,05:21:04,114.105934,22.615816,0,42
32343,05:21:59,114.105934,22.615816,0,0
32343,05:22:54,114.107368,22.610733,0,40
32343,05:23:49,114.104919,22.609449,0,18
32343,05:24:44,114.105682,22.609533,0,3
32343,05:25:39,114.105682,22.609533,0,0
32343,05:26:34,114.107719,22.610783,0,14
32343,05:27:29,114.1073,22.613367,0,18
32343,05:28:24,114.10685,22.615517,0,17
32343,05:29:19,114.108101,22.617416,0,19
32343,05:30:14,114.107849,22.617167,0,10
32343,05:30:32,114.108101,22.61635,1,16
32343,05:31:27,114.106796,22.61405,1,22
32343,05:32:22,114.109497,22.610018,1,34
32343,05:33:17,114.1129,22.605,1,42
32343,05:34:12,114.112518,22.604033,1,6
32343,05:35:05,114.11232,22.603533,0,3
32343,05:36:00,114.11232,22.603533,0,0
32343,05:36:55,114.112885,22.604401,0,4
32343,05:37:50,114.112579,22.607218,0,18
32343,05:38:25,114.112602,22.607849,1,6
32343,05:39:20,114.112503,22.605667,1,13
32343,05:39:42,114.112503,22.605667,0,0
32343,05:40:37,114.112846,22.604982,0,3
32343,05:41:32,114.112602,22.60795,0,19
32343,05:42:27,114.112701,22.610216,0,10
32343,05:43:22,114.112366,22.612017,0,8
32343,05:44:17,114.111633,22.613916,0,11
32343,05:45:12,114.110252,22.614634,0,2
32343,05:46:07,114.108215,22.6159,0,12
32343,05:47:02,114.108147,22.615999,0,3
32343,05:47:57,114.109932,22.614599,0,12
32343,05:48:52,114.111465,22.613832,0,4
32343,05:49:47,114.112083,22.6124,0,8
32343,05:50:42,114.112663,22.610933,0,3
32343,05:51:37,114.112419,22.6094,0,7
32343,05:52:32,114.112602,22.607918,0,6
32343,05:52:49,114.112602,22.607918,1,0
32343,05:53:44,114.113068,22.604467,1,16
32343,05:54:39,114.112236,22.60095,1,24
32343,05:55:34,114.112747,22.599833,1,9
32343,05:56:29,114.109047,22.591034,1,68
32343,05:57:24,114.112984,22.5842,1,56
32343,05:58:19,114.11557,22.578632,1,45
32343,05:59:14,114.117599,22.56995,1,65
32343,06:00:09,114.119148,22.5613,1,63
32343,06:01:04,114.124451,22.558617,1,55
32343,06:01:59,114.127235,22.556967,1,24
32343,06:02:54,114.130882,22.55435,1,24
32343,06:03:49,114.130882,22.55435,1,0
32343,06:03:50,114.130882,22.55435,0,0
32343,06:04:34,114.132347,22.554667,1,8
32343,06:05:29,114.128403,22.556566,1,24
32343,06:06:24,114.124313,22.554449,1,43
32343,06:08:14,114.108749,22.558767,1,72
32343,06:09:09,114.10347,22.558666,1,33
32343,06:10:59,114.099113,22.558617,1,0
32343,06:11:54,114.091187,22.55855,1,50
32343,06:12:49,114.091187,22.55855,1,0
32343,06:13:44,114.085236,22.558367,1,38
32343,06:14:39,114.073631,22.558201,1,77
32343,06:15:34,114.068016,22.558149,1,37
32343,06:16:29,114.068016,22.558149,1,0
32343,06:17:24,114.068016,22.558149,1,0
32343,06:18:19,114.067596,22.552549,1,38
32343,06:19:14,114.063019,22.551533,1,38
32343,06:20:09,114.063019,22.551533,1,0
32343,06:20:44,114.061836,22.551634,0,9
32343,06:21:39,114.059631,22.551018,0,35
32343,06:22:34,114.064552,22.551149,0,29
32343,06:23:22,114.066101,22.551033,1,11
32343,06:24:17,114.067986,22.555782,1,42
32343,06:25:12,114.074814,22.558117,1,60
32343,06:26:07,114.081535,22.558033,1,52
32343,06:26:44,114.081215,22.558901,0,21
32343,06:27:39,114.081352,22.55435,0,30
32343,06:28:34,114.081482,22.553932,0,3
32343,06:29:29,114.084351,22.554951,0,13
32343,06:30:24,114.086571,22.557068,0,17
32343,06:31:19,114.090218,22.5583,0,25
32343,06:32:14,114.09063,22.558317,0,2
32343,06:33:09,114.094566,22.556517,0,36
32343,06:34:04,114.096436,22.555099,0,12
32343,06:35:33,114.100716,22.55505,0,12
32343,06:36:29,114.101898,22.557966,0,19
32343,06:37:24,114.101486,22.5585,0,6
32343,06:38:19,114.101486,22.5585,0,0
32343,06:39:14,114.101486,22.5585,0,0
32343,06:40:09,114.101486,22.5585,0,0
32343,06:41:04,114.106232,22.558533,0,25
32343,06:41:59,114.1166,22.558701,0,69
32343,06:42:54,114.11953,22.560667,0,46
32343,06:43:49,114.122398,22.563066,0,26
32343,06:44:44,114.121849,22.567667,0,33
32343,06:45:39,114.121849,22.567682,0,0
32343,06:46:34,114.121849,22.567682,0,0
32343,06:47:29,114.121849,22.567682,0,0
32343,06:48:24,114.121849,22.567682,0,0
32343,06:49:19,114.121849,22.567682,0,0
32343,06:50:14,114.121849,22.567682,0,0
32343,06:51:09,114.121849,22.567682,0,0
32343,06:52:04,114.121849,22.567682,0,0
32343,06:52:59,114.121849,22.567682,0,0
32343,06:53:54,114.121849,22.567682,0,0
32343,06:54:49,114.121849,22.567682,0,0
32343,06:55:44,114.121849,22.567682,0,0
32343,06:56:39,114.121849,22.567682,0,0
32343,06:57:34,114.121849,22.567682,0,0
32343,06:58:29,114.121849,22.567682,0,0
32343,06:59:24,114.121849,22.567682,0,0
32343,06:59:33,114.121849,22.567682,1,0
32343,07:00:28,114.118446,22.565517,1,23
32343,07:02:18,114.116615,22.577618,1,40
32343,07:03:13,114.112534,22.576567,1,40
32343,07:04:08,114.103821,22.57295,1,65
32343,07:05:03,114.095284,22.568518,1,65
32343,07:05:58,114.087486,22.566799,1,53
32343,07:06:53,114.081947,22.572201,1,55
32343,07:07:48,114.072701,22.570168,1,67
32343,07:08:43,114.061897,22.568283,1,73
32343,07:09:38,114.051003,22.564966,1,78
32343,07:10:33,114.039848,22.563499,1,76
32343,07:11:28,114.028603,22.561632,1,76
32343,07:12:23,114.017433,22.560284,1,75
32343,07:13:18,114.006737,22.557283,1,75
32343,07:14:13,113.996216,22.556067,1,72
32343,07:15:08,113.985481,22.558916,1,76
32343,07:16:03,113.974419,22.556633,1,76
32343,07:16:58,113.963318,22.557083,1,75
32343,07:17:53,113.952965,22.5564,1,69
32343,07:19:43,113.933884,22.555468,1,63
32343,07:20:38,113.929115,22.559217,1,52
32343,07:21:33,113.929169,22.566633,1,52
32343,07:22:28,113.927086,22.566517,1,41
32343,07:24:18,113.919563,22.574883,1,50
32343,07:25:13,113.914116,22.577417,1,55
32343,07:26:08,113.907166,22.584883,1,71
32343,07:27:06,113.898666,22.593782,1,60
32343,07:27:37,113.893303,22.598101,1,83
32343,07:28:33,113.883781,22.605734,1,83
32343,07:29:28,113.877136,22.61515,1,81
32343,07:30:23,113.868179,22.621468,1,76
32343,07:31:18,113.857063,22.62565,1,80
32343,07:32:13,113.849632,22.628401,1,64
32343,07:33:08,113.850052,22.6271,1,9
32343,07:34:06,113.846619,22.6227,1,52
32343,07:34:42,113.839653,22.620817,1,74
32343,07:35:38,113.829285,22.617001,1,73
32343,07:36:33,113.819786,22.612568,1,71
32343,07:37:28,113.81398,22.618151,1,64
32343,07:38:23,113.812836,22.625799,1,59
32343,07:39:11,113.809135,22.627283,0,39
32343,07:40:06,113.809135,22.627283,0,0
32343,07:41:01,113.807251,22.626383,0,8
32343,07:41:56,113.808815,22.620016,0,53
32343,07:42:51,113.81353,22.611483,0,69
32343,07:43:46,113.818832,22.610649,0,40
32343,07:44:41,113.826767,22.615618,0,65
32343,07:45:36,113.8367,22.619917,0,73
32343,07:46:31,113.84623,22.622232,0,66
32343,07:47:26,113.84848,22.621599,0,17
32343,07:48:21,113.850014,22.619883,0,13
32343,07:49:16,113.852531,22.616383,0,28
32343,07:50:11,113.856117,22.609667,0,53
32343,07:51:06,113.8619,22.602917,0,60
32343,07:52:01,113.86692,22.595217,0,64
32343,07:52:56,113.870369,22.589367,0,47
32343,07:53:51,113.871201,22.588449,0,6
32343,07:54:46,113.872368,22.587133,0,5
32343,07:55:41,113.877785,22.58135,0,54
32343,07:56:36,113.883652,22.575733,0,55
32343,07:57:31,113.887032,22.572582,0,30
32343,07:58:26,113.889297,22.570482,0,19
32343,07:59:21,113.89045,22.569283,0,9
32343,08:00:16,113.893471,22.565983,0,29
32343,08:01:11,113.897079,22.562668,0,34
32343,08:02:06,113.901604,22.559349,0,37
32343,08:03:05,113.903618,22.557484,0,10
32343,08:03:44,113.905014,22.555683,0,15
32343,08:04:10,113.905067,22.555017,1,8
32343,08:05:05,113.907036,22.552999,1,20
32343,08:06:00,113.909286,22.54855,1,30
32343,08:06:55,113.909584,22.546049,1,15
32343,08:07:50,113.909653,22.545183,1,4
32343,08:08:45,113.909653,22.545183,1,0
32343,08:09:40,113.909653,22.545183,1,0
32343,08:10:35,113.913933,22.543633,1,22
32343,08:12:25,113.915154,22.543249,1,0
32343,08:13:20,113.918404,22.543034,1,18
32343,08:14:16,113.918404,22.543034,1,0
32343,08:15:10,113.919235,22.543016,1,4
32343,08:16:05,113.9245,22.542732,1,32
32343,08:17:00,113.927101,22.543367,1,29
32343,08:17:56,113.927483,22.5453,1,11
32343,08:18:51,113.928169,22.54715,1,2
32343,08:19:46,113.930031,22.5494,1,8
32343,08:20:41,113.930534,22.5492,1,0
32343,08:21:36,113.930702,22.547333,1,11
32343,08:23:26,113.930817,22.544582,1,4
32343,08:24:21,113.931099,22.543734,1,1
32343,08:24:33,113.931099,22.543734,0,0
32343,08:25:28,113.931282,22.543667,0,0
32343,08:26:23,113.92807,22.542999,0,14
32343,08:27:18,113.920631,22.5436,0,48
32343,08:28:13,113.920349,22.543867,0,0
32343,08:29:08,113.920349,22.543867,0,0
32343,08:30:03,113.919998,22.543583,0,0
32343,08:31:54,113.919998,22.543583,0,0
32343,08:32:49,113.919685,22.543133,0,0
32343,08:33:44,113.919632,22.543133,0,0
32343,08:34:42,113.919418,22.54315,0,0
32343,08:34:55,113.919418,22.54315,0,0
32343,08:35:51,113.919121,22.542233,0,5
32343,08:36:46,113.919785,22.536283,0,42
32343,08:37:41,113.919983,22.535767,0,3
32343,08:38:36,113.919983,22.535767,0,0
32343,08:39:31,113.921486,22.535233,0,11
32343,08:39:37,113.921486,22.535233,1,0
32343,08:40:32,113.922615,22.535534,1,5
32343,08:41:27,113.922615,22.535534,1,0
32343,08:46:05,113.923386,22.521732,1,2
32343,08:46:12,113.923386,22.521732,1,0
32343,08:47:07,113.922585,22.52,1,2
32343,08:48:03,113.922432,22.519768,1,1
32343,08:48:58,113.921997,22.5187,1,4
32343,08:49:53,113.922768,22.519333,1,10
32343,08:50:20,113.922768,22.519333,0,0
32343,08:51:16,113.922768,22.519333,0,0
32343,08:51:27,113.922981,22.51935,1,1
32343,08:51:56,113.923416,22.520718,1,13
32343,08:52:52,113.923897,22.522383,1,5
32343,08:53:47,113.927216,22.524633,1,34
32343,08:54:42,113.931099,22.524151,1,24
32343,08:55:37,113.942352,22.524332,1,68
32343,08:56:33,113.952431,22.523483,1,67
32343,08:57:28,113.96302,22.522682,1,71
32343,08:58:23,113.973969,22.522766,1,73
32343,08:59:18,113.9851,22.523417,1,75
32343,09:01:08,114.000267,22.529917,1,46
32343,09:02:03,114.010269,22.529734,1,66
32343,09:02:58,114.016647,22.53125,1,44
32343,09:03:53,114.019669,22.532133,1,20
32343,09:04:48,114.026718,22.530951,1,46
32343,09:05:43,114.036118,22.530416,1,63
32343,09:06:38,114.043137,22.531116,1,46
32343,09:07:33,114.053215,22.531418,1,67
32343,09:08:28,114.062737,22.531418,1,64
32343,09:09:23,114.072014,22.531616,1,60
32343,09:10:18,114.078232,22.532917,1,42
32343,09:11:13,114.083069,22.537216,1,49
32343,09:15:39,114.107735,22.541451,1,5
32343,09:16:34,114.107735,22.541451,1,0
32343,09:18:24,114.110901,22.544233,1,17
32343,09:19:19,114.110397,22.548067,1,26
32343,09:20:14,114.109833,22.554483,1,45
32343,09:21:09,114.114769,22.553749,1,34
32343,09:22:05,114.114769,22.553749,1,0
32343,09:22:59,114.114769,22.553749,1,0
32343,09:24:32,114.113365,22.550068,0,5
32343,09:25:13,114.113365,22.550068,1,0
32343,09:26:11,114.110352,22.548,1,21
32343,09:27:05,114.109848,22.554983,1,51
32343,09:28:01,114.112434,22.558018,1,26
32343,09:28:56,114.11972,22.559299,1,49
32343,09:29:54,114.119316,22.561632,1,4
32343,09:30:12,114.118652,22.56345,1,36
32343,09:31:08,114.117897,22.570732,1,52
32343,09:32:03,114.11647,22.577284,1,49
32343,09:32:59,114.114464,22.582983,1,42
32343,09:33:54,114.110451,22.588751,1,46
32343,09:34:49,114.111664,22.597033,1,63
32343,09:35:44,114.116814,22.604116,1,61
32343,09:36:39,114.12458,22.609034,1,63
32343,09:37:34,114.128754,22.611532,1,33
32343,09:38:29,114.126282,22.613449,1,27
32343,09:39:24,114.120033,22.618982,1,57
32343,09:59:50,114.111397,22.628851,1,0
32343,10:00:45,114.111397,22.628851,1,0
32343,10:01:40,114.111267,22.629683,1,3
32343,10:02:35,114.110886,22.630516,1,6
32343,10:03:30,114.109001,22.628767,1,17
32343,10:04:25,114.109032,22.628767,1,0
32343,10:05:20,114.109032,22.628767,1,0
32343,10:06:15,114.109032,22.628767,1,0
32343,10:07:10,114.109032,22.628767,1,0
32343,10:08:05,114.109032,22.628767,1,0
32343,10:09:00,114.109032,22.628767,1,0
32343,10:10:53,114.109482,22.628866,1,0
32343,10:11:48,114.109482,22.628866,1,0
32343,10:11:49,114.109482,22.628866,1,0
32343,10:12:44,114.109482,22.628866,1,0
32343,10:13:39,114.109482,22.628866,1,0
32343,10:14:34,114.109482,22.628866,1,0
32343,10:15:30,114.109482,22.628866,1,0
32343,10:16:25,114.109482,22.628866,1,0
32343,10:17:20,114.109482,22.628866,1,0
32343,10:18:15,114.109482,22.628866,1,0
32343,10:19:10,114.109482,22.628866,1,0
32343,10:20:05,114.109482,22.628866,1,0
32343,10:21:00,114.109482,22.628866,1,0
32343,10:21:55,114.109482,22.628866,1,0
32343,10:22:50,114.108803,22.628834,1,0
32343,10:23:45,114.10878,22.628883,1,0
32343,10:24:40,114.10878,22.628883,1,0
32343,10:26:30,114.10878,22.628883,1,0
32343,10:27:25,114.10878,22.628883,1,0
32343,10:28:20,114.10878,22.628883,1,0
32343,10:29:15,114.10878,22.628883,1,0
32343,10:30:10,114.10878,22.628883,1,0
32343,10:31:05,114.10878,22.628883,1,0
32343,10:32:00,114.10878,22.628883,1,0
32343,10:32:55,114.10878,22.628883,1,0
32343,10:34:45,114.10878,22.628883,1,0
32343,10:35:40,114.10878,22.628883,1,0
32343,10:36:35,114.10878,22.628883,1,0
32343,10:37:30,114.10878,22.628883,1,0
32343,10:38:25,114.10878,22.628883,1,0
32343,10:39:20,114.10878,22.628883,1,0
32343,10:40:15,114.10878,22.628883,1,0
32343,10:41:10,114.10878,22.628883,1,0
32343,10:42:05,114.10878,22.628883,1,0
32343,10:43:00,114.10878,22.628883,1,0
32343,10:43:55,114.10878,22.628883,1,0
32343,10:44:50,114.10878,22.628883,1,0
32343,10:46:40,114.10878,22.628883,1,0
32343,10:47:35,114.10878,22.628883,1,0
32343,10:48:31,114.10878,22.628883,1,0
32343,10:49:26,114.10878,22.628883,1,0
32343,10:50:21,114.10878,22.628883,1,0
32343,10:51:16,114.10878,22.628883,1,0
32343,10:51:53,114.10878,22.628883,0,0
32343,10:52:48,114.10878,22.628883,0,0
32343,10:53:43,114.10862,22.629351,0,0
32343,10:54:38,114.109283,22.630167,0,3
32343,10:55:33,114.110382,22.631083,0,6
32343,10:56:28,114.108704,22.630667,0,9
32343,10:57:23,114.105637,22.62915,0,21
32343,10:58:18,114.104301,22.628651,0,9
32343,10:59:13,114.107018,22.629883,0,19
32343,11:00:08,114.110367,22.631184,0,25
32343,11:01:03,114.1119,22.628201,0,23
32343,11:01:58,114.111015,22.629967,0,12
32343,11:02:53,114.110352,22.631317,0,6
32343,11:03:48,114.107849,22.630217,0,18
32343,11:04:43,114.107681,22.63015,0,1
32343,11:05:38,114.1035,22.628283,0,27
32343,11:06:33,114.1017,22.62735,0,13
32343,11:07:28,114.101898,22.625067,0,13
32343,11:08:24,114.103935,22.622732,0,17
32343,11:09:19,114.104568,22.621599,0,6
32343,11:11:09,114.105682,22.616432,0,23
32343,11:11:21,114.105682,22.616432,1,0
32343,11:12:16,114.107117,22.612101,1,31
32343,11:13:11,114.107498,22.610916,1,7
32343,11:14:06,114.105453,22.6096,1,12
32343,11:15:01,114.103897,22.609301,1,7
32343,11:15:56,114.100166,22.607733,1,25
32343,11:16:51,114.099815,22.607117,1,2
32343,11:17:46,114.099548,22.606182,1,6
32343,11:17:50,114.099548,22.606182,0,0
32343,11:18:45,114.099236,22.602699,0,23
32343,11:19:40,114.101982,22.597433,0,40
32343,11:20:35,114.101967,22.59725,0,1
32343,11:21:30,114.100883,22.601133,0,22
32343,11:22:25,114.099518,22.605083,0,28
32343,11:23:20,114.099632,22.606167,0,5
32343,11:24:15,114.099747,22.607483,0,8
32343,11:25:10,114.099747,22.607483,0,0
32343,11:26:05,114.099365,22.608,0,1
32343,11:27:00,114.098732,22.608282,0,4
32343,11:27:55,114.099503,22.607718,0,5
32343,11:28:50,114.098701,22.607,0,4
32343,11:29:26,114.098267,22.606733,1,5
32343,11:30:21,114.099335,22.607082,1,6
32343,11:31:16,114.099503,22.605618,1,14
32343,11:32:11,114.099968,22.601883,1,27
32343,11:33:06,114.101433,22.598566,1,18
32343,11:34:01,114.102402,22.59375,1,32
32343,11:34:56,114.105049,22.592817,1,17
32343,11:35:51,114.107132,22.59255,1,14
32343,11:36:46,114.109169,22.594233,1,16
32343,11:37:41,114.111519,22.599033,1,37
32343,11:38:36,114.115303,22.600149,1,30
32343,11:39:31,114.119316,22.597717,1,32
32343,11:40:26,114.119698,22.5949,1,17
32343,11:45:44,114.130402,22.581667,1,19
32343,11:46:40,114.130486,22.580183,1,9
32343,11:46:43,114.130486,22.580183,0,0
32343,11:47:38,114.130486,22.580183,0,0
32343,11:47:59,114.130486,22.580183,1,0
32343,11:48:54,114.128151,22.57795,1,24
32343,11:49:49,114.123497,22.5772,1,30
32343,11:50:44,114.117233,22.576851,1,36
32343,11:51:39,114.114182,22.577368,1,35
32343,11:52:34,114.113647,22.571518,1,40
32343,11:53:29,114.112503,22.567383,1,31
32343,11:54:24,114.1119,22.562416,1,34
32343,11:55:19,114.109665,22.55415,1,63
32343,11:56:15,114.110214,22.548134,1,43
32343,11:57:10,114.109367,22.546516,1,9
32343,11:58:06,114.110886,22.542017,1,31
32343,12:02:44,114.111549,22.532066,1,17
32343,12:02:45,114.111549,22.532017,1,15
32343,12:02:52,114.111519,22.53195,0,3
32343,12:03:48,114.111519,22.53195,0,0
32343,12:04:43,114.112068,22.531134,0,8
32343,12:05:38,114.112068,22.531134,0,0
32343,12:05:55,114.112068,22.531134,1,0
32343,12:06:50,114.111267,22.53545,1,29
32343,12:07:45,114.110214,22.54085,1,36
32343,12:08:40,114.110313,22.541233,1,2
32343,12:09:35,114.11058,22.5418,1,0
32343,12:10:30,114.110649,22.546749,1,34
32343,12:11:25,114.110435,22.548933,1,12
32343,12:12:20,114.109779,22.553049,1,27
32343,12:13:15,114.111252,22.557417,1,33
32343,12:14:10,114.109619,22.558817,1,43
32343,12:15:05,114.10685,22.56185,1,33
32343,12:16:00,114.106331,22.56225,1,3
32343,12:16:55,114.101898,22.5618,1,28
32343,12:18:07,114.101616,22.566868,0,10
32343,12:19:02,114.101517,22.568268,0,6
32343,12:19:57,114.105034,22.5707,0,29
32343,12:20:52,114.10733,22.572033,0,17
32343,12:21:47,114.10788,22.571699,0,6
32343,12:22:26,114.107697,22.571083,1,2
32343,12:23:21,114.107697,22.568701,1,12
32343,12:24:16,114.107567,22.567467,1,4
32343,12:25:11,114.107567,22.567467,1,0
32343,12:26:06,114.107666,22.56695,1,2
32343,12:27:01,114.107666,22.56695,1,0
32343,12:27:56,114.108681,22.566601,1,8
32343,12:28:51,114.117767,22.5681,1,64
32343,12:29:21,114.117867,22.566099,0,0
32343,12:29:49,114.117867,22.566099,0,0
32343,12:30:45,114.118164,22.5648,0,8
32343,12:31:34,114.118401,22.563417,1,10
32343,12:32:29,114.11937,22.559799,1,23
32343,12:34:19,114.117767,22.56995,1,45
32343,12:37:59,114.113647,22.600267,1,69
32343,12:38:54,114.1203,22.606733,1,65
32343,12:39:50,114.1269,22.610518,1,50
32343,12:40:45,114.127335,22.6129,1,32
32343,12:41:40,114.12252,22.615767,1,38
32343,12:42:35,114.120132,22.621634,1,49
32343,12:44:25,114.122116,22.627951,1,34
32343,12:45:20,114.12793,22.628782,1,45
32343,12:45:41,114.128517,22.629168,0,13
32343,12:46:36,114.128517,22.629168,0,0
32343,12:47:31,114.128517,22.628283,0,7
32343,12:50:16,114.121101,22.625282,0,5
32343,12:51:11,114.119553,22.6206,0,36
32343,12:52:06,114.116234,22.621218,0,23
32343,12:56:23,114.118263,22.606133,0,36
32343,12:57:18,114.117683,22.605534,0,5
32343,12:58:13,114.115433,22.602667,0,23
32343,12:59:01,114.11573,22.601717,1,9
32343,12:59:56,114.117264,22.602867,1,9
32343,13:00:51,114.120667,22.603201,1,9
32343,13:01:47,114.122536,22.603832,1,10
32343,13:02:07,114.122597,22.604267,0,6
32343,13:03:02,114.122597,22.604267,0,0
32343,13:03:57,114.122597,22.604267,0,0
32343,13:04:52,114.122597,22.604267,0,0
32343,13:05:47,114.122269,22.603333,0,1
32343,13:06:24,114.121986,22.603367,1,2
32343,13:07:19,114.118652,22.603451,1,13
32343,13:08:14,114.115898,22.601851,1,18
32343,13:09:05,114.115349,22.602301,1,4
32343,13:10:00,114.111565,22.597366,1,44
32343,13:10:55,114.109734,22.588617,1,66
32343,13:11:50,114.11348,22.58345,1,44
32343,13:12:46,114.11618,22.577482,1,45
32343,13:13:40,114.117386,22.576283,1,33
32343,13:14:36,114.123482,22.575768,1,40
32343,13:15:31,114.124283,22.573233,1,16
32343,13:16:26,114.126183,22.570351,1,23
32343,13:17:21,114.132149,22.571716,1,38
32343,13:18:05,114.134621,22.570583,0,21
32343,13:19:00,114.134621,22.570583,0,0
32343,13:19:38,114.134621,22.570583,1,0
32343,13:20:33,114.137352,22.568583,1,21
32343,13:21:28,114.135567,22.56645,1,15
32343,13:22:23,114.132347,22.562782,1,32
32343,13:23:18,114.12603,22.5597,1,44
32343,13:24:13,114.125633,22.559483,1,4
32343,13:25:08,114.124153,22.558701,1,9
32343,13:26:03,114.119431,22.555082,1,40
32343,13:26:58,114.118217,22.552999,1,15
32343,13:27:53,114.116951,22.5511,1,9
32343,13:28:31,114.116447,22.550167,0,7
32343,13:29:11,114.116447,22.550167,1,0
32343,13:30:06,114.116714,22.548883,1,6
32343,13:31:01,114.11747,22.545033,1,24
32343,13:31:56,114.117683,22.5441,1,6
32343,13:32:51,114.117683,22.5441,1,0
32343,13:33:46,114.117569,22.544033,1,1
32343,13:34:41,114.117264,22.546249,1,15
32343,13:35:36,114.116547,22.549,1,18
32343,13:35:37,114.116547,22.549,1,18
32343,13:41:07,114.125366,22.566183,1,27
32343,13:42:05,114.12513,22.566999,1,8
32343,13:42:17,114.12513,22.566999,1,0
32343,13:43:03,114.124847,22.565033,1,19
32343,13:43:58,114.124733,22.562099,1,16
32343,13:44:53,114.124718,22.5592,1,16
32343,13:45:48,114.11908,22.55455,1,50
32343,13:46:43,114.117569,22.554583,1,9
32343,13:46:56,114.117783,22.554916,0,0
32343,13:47:51,114.117897,22.554268,0,1
32343,13:48:46,114.11718,22.551634,0,20
32343,13:49:21,114.116653,22.551933,1,3
32343,13:50:16,114.114304,22.552816,1,22
32343,13:51:11,114.113548,22.550583,1,9
32343,13:52:07,114.11113,22.547817,1,23
32343,13:53:57,114.110718,22.54775,1,0
32343,13:54:52,114.109596,22.546551,1,11
32343,13:55:47,114.110031,22.542267,1,27
32343,13:56:42,114.110603,22.53875,1,21
32343,14:01:21,114.078079,22.534134,1,35
32343,14:02:16,114.074585,22.53195,1,29
32343,14:02:21,114.073982,22.53195,1,42
32343,14:03:17,114.066765,22.5319,1,46
32343,14:04:12,114.06218,22.532766,1,35
32343,14:05:07,114.062881,22.526934,1,44
32343,14:06:02,114.06147,22.521584,1,39
32343,14:06:57,114.061279,22.521433,1,1
32343,14:07:52,114.061317,22.520733,1,5
32343,14:08:47,114.062752,22.518967,1,16
32343,14:09:42,114.062767,22.517616,1,16
32343,14:10:37,114.062767,22.517616,1,0
32343,14:11:33,114.062767,22.517616,1,0
32343,14:12:02,114.062752,22.518167,0,0
32343,14:12:57,114.063232,22.518883,0,5
32343,14:13:52,114.062317,22.519966,0,9
32343,14:14:34,114.061279,22.521183,1,13
32343,14:15:29,114.063248,22.525232,1,30
32343,14:16:24,114.063118,22.52915,1,26
32343,14:17:19,114.063065,22.534849,1,40
32343,14:18:14,114.061203,22.535633,1,14
32343,14:19:09,114.058464,22.5355,1,15
32343,14:20:04,114.058464,22.5355,1,0
32343,14:20:59,114.057098,22.535299,1,7
32343,14:21:54,114.053734,22.535433,1,18
32343,14:22:49,114.049553,22.535418,1,24
32343,14:23:44,114.048347,22.535418,1,6
32343,14:24:39,114.047951,22.536934,1,11
32343,14:25:34,114.04792,22.537933,1,5
32343,14:26:30,114.047852,22.539133,1,6
32343,14:27:25,114.046814,22.539482,1,2
32343,14:28:35,114.045998,22.539333,0,0
32343,14:30:25,114.045349,22.539316,0,10
32343,14:31:20,114.04615,22.542334,0,26
32343,14:32:15,114.050133,22.542282,0,27
32343,14:33:10,114.058167,22.542534,0,53
32343,14:34:05,114.068047,22.542749,0,66
32343,14:35:00,114.071899,22.541883,0,29
32343,14:36:47,114.070984,22.538782,1,24
32343,14:37:42,114.067581,22.542467,1,43
32343,14:38:37,114.063736,22.543083,1,47
32343,14:39:32,114.06073,22.54425,1,23
32343,14:40:27,114.05925,22.545601,1,11
32343,14:41:22,114.057999,22.5459,1,4
32343,14:42:14,114.057999,22.547033,0,3
32343,14:43:09,114.062737,22.547501,0,24
32343,14:44:04,114.067253,22.54755,0,22
32343,14:44:59,114.068047,22.542101,0,47
32343,14:45:54,114.070663,22.542749,0,17
32343,14:46:49,114.071869,22.541582,0,14
32343,14:47:37,114.071869,22.541582,1,0
32343,14:48:32,114.071884,22.538982,1,16
32343,14:49:27,114.071953,22.535982,1,19
32343,14:50:22,114.075035,22.534616,1,19
32343,14:50:47,114.075371,22.533899,0,15
32343,14:51:42,114.075371,22.533899,0,0
32343,14:51:51,114.075371,22.533899,1,0
32343,14:52:46,114.077148,22.535982,1,15
32343,14:53:41,114.077751,22.538401,1,11
32343,14:54:36,114.076614,22.540199,1,13
32343,14:55:31,114.07618,22.542084,1,9
32343,14:56:26,114.076134,22.542618,1,3
32343,14:57:21,114.076134,22.542618,1,0
32343,14:58:16,114.076233,22.545067,1,15
32343,14:59:11,114.076202,22.545366,1,0
32343,15:00:06,114.076248,22.547216,1,9
32343,15:01:01,114.076149,22.550501,1,22
32343,15:01:56,114.078453,22.554533,1,32
32343,15:02:51,114.083031,22.560699,1,53
32343,15:03:46,114.086533,22.565832,1,43
32343,15:04:41,114.085686,22.570383,1,36
32343,15:05:36,114.089851,22.570049,1,29
32343,15:05:46,114.090431,22.570084,0,20
32343,15:06:41,114.090797,22.570133,0,0
32343,15:07:36,114.092682,22.570118,0,15
32343,15:08:59,114.092682,22.570118,1,0
32343,15:09:54,114.093933,22.572117,1,13
32343,15:10:49,114.097214,22.573584,1,23
32343,15:11:44,114.098335,22.576418,1,21
32343,15:12:39,114.09877,22.577667,1,9
32343,15:13:34,114.09877,22.577667,1,0
32343,15:14:29,114.099602,22.578484,1,4
32343,15:15:24,114.10273,22.581432,1,31
32343,15:16:19,114.10392,22.582582,1,12
32343,15:17:14,114.103882,22.584017,1,10
32343,15:18:09,114.10363,22.584333,1,1
32343,15:18:26,114.10363,22.584333,0,0
32343,15:19:21,114.103882,22.5821,0,15
32343,15:20:16,114.103897,22.581751,0,2
32343,15:21:11,114.104782,22.578617,0,22
32343,15:22:06,114.104851,22.578417,0,1
32343,15:23:01,114.106918,22.574249,0,32
32343,15:23:56,114.107269,22.573566,0,5
32343,15:24:51,114.107666,22.57295,0,1
32343,15:25:46,114.107666,22.57295,0,0
32343,15:26:41,114.107666,22.57295,0,0
32343,15:27:36,114.107552,22.570749,0,13
32343,15:28:00,114.107552,22.570749,1,0
32343,15:28:55,114.10762,22.567966,1,17
32343,15:29:50,114.106033,22.566233,1,14
32343,15:30:45,114.104401,22.565268,1,12
32343,15:31:40,114.101616,22.564817,1,12
32343,15:32:35,114.101753,22.562817,1,14
32343,15:33:30,114.101753,22.562817,1,0
32343,15:34:25,114.101753,22.562817,1,0
32343,15:35:20,114.101753,22.562817,1,0
32343,15:36:15,114.101753,22.562817,1,0
32343,15:37:10,114.101753,22.562817,1,0
32343,15:38:05,114.101753,22.562817,1,0
32343,15:39:00,114.101616,22.558867,1,19
32343,15:39:55,114.099533,22.558617,1,8
32343,15:40:50,114.099533,22.558617,1,0
32343,15:41:45,114.099136,22.557516,1,4
32343,15:42:40,114.099297,22.5546,1,19
32343,15:43:35,114.099281,22.553284,1,4
32343,15:44:30,114.099281,22.553284,1,0
32343,15:45:25,114.099281,22.553284,1,0
32343,15:46:20,114.099281,22.553284,1,0
32343,15:47:15,114.099281,22.553284,1,0
32343,15:48:10,114.099281,22.553284,1,0
32343,15:49:05,114.099281,22.553284,1,0
32343,15:50:00,114.09938,22.552383,1,1
32343,15:50:55,114.09938,22.552383,1,0
32343,15:51:50,114.09938,22.552383,1,0
32343,15:52:45,114.099419,22.554083,1,12
32343,15:53:40,114.099518,22.554867,1,3
32343,15:54:00,114.099518,22.555267,0,7
32343,15:54:24,114.099518,22.555267,1,0
32343,15:55:19,114.099548,22.555517,1,0
32343,15:56:14,114.099503,22.55625,1,1
32343,15:57:09,114.100502,22.557949,1,13
32343,15:58:04,114.103371,22.558517,1,17
32343,15:58:59,114.105583,22.558533,1,13
32343,15:59:54,114.113899,22.558767,1,55
32343,16:00:49,114.120567,22.559032,1,46
32343,16:01:32,114.119553,22.560568,1,13
32343,16:02:28,114.118736,22.562834,1,14
32343,16:03:23,114.118134,22.566267,1,18
32343,16:04:18,114.117851,22.5732,1,48
32343,16:05:13,114.115799,22.578632,1,41
32343,16:06:08,114.117882,22.58005,1,23
32343,16:07:03,114.119682,22.579018,1,13
32343,16:07:58,114.119682,22.579018,1,0
32343,16:07:58,114.119682,22.579018,0,0
32343,16:08:22,114.119682,22.579018,1,0
32343,16:09:17,114.122734,22.577232,1,22
32343,16:10:13,114.117767,22.5769,1,30
32343,16:11:08,114.117554,22.574966,1,41
32343,16:12:03,114.116798,22.568916,1,44
32343,16:12:58,114.110619,22.566433,1,48
32343,16:13:53,114.10762,22.566851,1,20
32343,16:14:36,114.10762,22.566851,0,0
32343,16:15:31,114.10762,22.566851,0,0
32343,16:15:36,114.10762,22.566851,1,0
32343,16:16:31,114.107765,22.570032,1,16
32343,16:17:26,114.107903,22.571699,1,9
32343,16:18:21,114.107903,22.571699,1,0
32343,16:19:16,114.107101,22.574467,1,13
32343,16:20:11,114.1129,22.576366,1,38
32343,16:21:06,114.117203,22.576332,1,28
32343,16:22:01,114.117149,22.576082,1,17
32343,16:22:56,114.114868,22.580883,1,36
32343,16:23:51,114.113182,22.584667,1,28
32343,16:24:34,114.112381,22.586201,0,14
32343,16:25:29,114.111816,22.586933,0,1
32343,16:26:24,114.109596,22.592817,0,45
32343,16:27:19,114.112267,22.598249,0,42
32343,16:28:14,114.115967,22.603117,0,42
32343,16:29:09,114.122368,22.607901,0,56
32343,16:30:04,114.128197,22.611334,0,46
32343,16:30:59,114.126686,22.611,0,34
32343,16:31:54,114.122986,22.613117,0,28
32343,16:32:49,114.120949,22.612118,0,14
32343,16:33:44,114.120903,22.612083,0,0
32343,16:34:39,114.120903,22.612083,0,0
32343,16:35:34,114.119652,22.611317,0,4
32343,16:36:29,114.114265,22.609617,0,38
32343,16:37:24,114.109398,22.610382,0,33
32343,16:38:19,114.109398,22.610382,0,0
32343,16:39:14,114.109131,22.610649,0,0
32343,16:40:09,114.109131,22.610649,0,0
32343,16:41:04,114.109131,22.610649,0,0
32343,16:41:59,114.108566,22.6112,0,0
32343,16:42:56,114.105652,22.609783,0,16
32343,16:43:51,114.10363,22.60935,0,10
32343,16:44:46,114.10363,22.60935,0,0
32343,16:45:41,114.10363,22.60935,0,0
32343,16:46:36,114.10363,22.60935,0,0
32343,16:47:31,114.10363,22.60935,0,0
32343,16:48:26,114.10363,22.60935,0,0
32343,16:49:21,114.10363,22.60935,0,0
32343,16:50:16,114.10363,22.60935,0,0
32343,16:51:11,114.10363,22.60935,0,0
32343,16:52:06,114.10363,22.60935,0,0
32343,16:53:01,114.10363,22.60935,0,0
32343,16:53:56,114.10363,22.60935,0,0
32343,16:54:51,114.10363,22.60935,0,0
32343,16:55:47,114.10363,22.60935,0,0
32343,16:56:42,114.10363,22.60935,0,0
32343,16:57:38,114.102219,22.608717,0,5
32343,16:58:33,114.102219,22.608717,0,0
32343,16:59:28,114.099319,22.604349,0,35
32343,17:00:23,114.100899,22.600967,0,25
32343,17:01:18,114.101967,22.5979,0,22
32343,17:02:13,114.102386,22.593634,0,27
32343,17:03:08,114.106216,22.592716,0,27
32343,17:04:03,114.106697,22.590532,0,18
32343,17:04:58,114.102966,22.5881,0,30
32343,17:05:53,114.100967,22.581949,0,48
32343,17:06:48,114.098984,22.578283,0,30
32343,17:07:43,114.098633,22.575884,0,14
32343,17:08:38,114.098534,22.575733,0,1
32343,17:09:27,114.098534,22.575733,1,0
32343,17:11:17,114.099152,22.576651,1,26
32343,17:11:54,114.099899,22.580816,1,33
32343,17:12:49,114.09893,22.584267,1,25
32343,17:13:46,114.098114,22.590767,1,9
32343,17:14:41,114.098717,22.600134,1,60
32343,17:14:59,114.09742,22.602818,1,65
32343,17:15:55,114.092903,22.612167,1,72
32343,17:16:50,114.091034,22.619049,1,51
32343,17:17:48,114.090698,22.620016,1,3
32343,17:18:20,114.089615,22.624332,1,53
32343,17:19:16,114.089203,22.632833,1,60
32343,17:20:11,114.086151,22.632883,1,41
32343,17:22:01,114.086121,22.632816,1,0
32343,17:22:56,114.084419,22.629833,1,23
32343,17:23:51,114.080521,22.62775,1,29
32343,17:24:46,114.079453,22.62545,1,16
32343,17:25:41,114.078018,22.62105,1,32
32343,17:26:36,114.075134,22.618168,1,28
32343,17:27:31,114.071587,22.614384,1,36
32343,17:28:26,114.06765,22.617451,1,43
32343,17:29:21,114.067703,22.62295,1,41
32343,17:30:16,114.069321,22.624083,1,15
32343,17:30:39,114.069771,22.62405,0,0
32343,17:31:34,114.069771,22.62405,0,0
32343,17:32:29,114.069321,22.623318,0,7
32343,17:33:09,114.06897,22.623068,1,3
32343,17:34:04,114.06897,22.623068,1,0
32343,17:34:54,114.06897,22.623068,0,0
32343,17:35:14,114.068314,22.623034,1,5
32343,17:36:09,114.063217,22.622683,1,34
32343,17:36:57,114.058952,22.624783,0,38
32343,17:37:52,114.055618,22.624468,0,23
32343,17:38:47,114.055603,22.620617,0,26
32343,17:39:42,114.055603,22.619499,0,7
32343,17:40:37,114.055603,22.619499,0,0
32343,17:41:32,114.055321,22.613333,0,43
32343,17:43:22,114.050415,22.604883,0,23
32343,17:43:35,114.050415,22.604883,1,0
32343,17:44:30,114.04512,22.604401,1,34
32343,17:45:25,114.043449,22.601534,1,34
32343,17:46:20,114.044479,22.597317,1,31
32343,17:46:29,114.044647,22.597166,0,9
32343,17:47:10,114.045013,22.597033,1,0
32343,17:49:00,114.052902,22.586468,1,44
32343,17:49:55,114.053566,22.583332,1,23
32343,17:50:50,114.054619,22.581318,1,15
32343,17:51:45,114.055885,22.579283,1,15
32343,17:52:40,114.057449,22.578466,1,9
32343,17:53:35,114.059868,22.577534,1,17
32343,17:54:30,114.061249,22.572783,1,36
32343,17:55:25,114.06208,22.567118,1,41
32343,17:56:20,114.06337,22.568367,1,23
32343,17:57:15,114.068703,22.569067,1,34
32343,17:58:10,114.071815,22.569418,1,20
32343,17:59:05,114.075233,22.57135,1,24
32343,18:00:00,114.080917,22.571951,1,40
32343,18:00:55,114.082184,22.57135,1,9
32343,18:01:50,114.08287,22.5721,1,4
32343,18:02:45,114.08313,22.572634,1,2
32343,18:03:40,114.08313,22.572634,1,0
32343,18:04:35,114.083717,22.573299,1,4
32343,18:05:30,114.085632,22.572582,1,8
32343,18:06:25,114.089783,22.571632,1,22
32343,18:07:20,114.093201,22.571983,1,20
32343,18:08:15,114.093582,22.573334,1,7
32343,18:08:21,114.093567,22.5734,0,3
32343,18:09:16,114.093765,22.5728,0,3
32343,18:10:11,114.096703,22.573067,0,18
32343,18:10:55,114.096748,22.573067,1,0
32343,18:11:50,114.098282,22.5746,1,12
32343,18:12:33,114.098534,22.576433,1,16
32343,18:13:29,114.098801,22.577732,1,6
32343,18:14:24,114.09893,22.5804,1,18
32343,18:21:29,114.098396,22.5772,0,1
32343,18:22:24,114.098396,22.5772,0,0
32343,18:22:57,114.098236,22.576067,1,3
32343,18:23:52,114.098267,22.575733,1,0
32343,18:24:47,114.098465,22.574533,1,7
32343,18:25:42,114.099052,22.576233,1,22
32343,18:26:37,114.099197,22.57695,1,1
32343,18:27:32,114.099831,22.582518,1,40
32343,18:29:25,114.098869,22.59935,1,51
32343,18:30:20,114.093933,22.608749,1,76
32343,18:31:16,114.091118,22.61865,1,72
32343,18:33:06,114.088852,22.630716,1,68
32343,18:34:01,114.087448,22.634283,1,45
32343,18:34:56,114.086151,22.632799,1,14
32343,18:35:51,114.086151,22.632799,1,0
32343,18:36:46,114.085464,22.630167,1,17
32343,18:37:41,114.082603,22.629551,1,16
32343,18:38:36,114.07682,22.629232,1,39
32343,18:39:31,114.069267,22.630568,1,50
32343,18:40:26,114.068298,22.630617,1,3
32343,18:41:21,114.066147,22.630617,1,12
32343,18:42:16,114.06517,22.632799,1,13
32343,18:43:11,114.06517,22.632799,1,0
32343,18:44:06,114.063133,22.637966,1,37
32343,18:45:02,114.063133,22.637966,1,0
32343,18:45:57,114.063133,22.637966,1,0
32343,18:46:52,114.06163,22.641968,1,28
32343,18:47:47,114.062614,22.642567,0,6
32343,18:48:42,114.06382,22.643232,0,4
32343,18:49:37,114.064514,22.643883,0,4
32343,18:50:32,114.059669,22.644417,0,38
32343,18:51:27,114.057503,22.644449,0,14
32343,18:52:22,114.05587,22.644484,0,8
32343,18:53:17,114.05497,22.64455,0,4
32343,18:54:12,114.05497,22.64455,0,0
32343,18:55:07,114.05497,22.64455,0,0
32343,18:56:02,114.05497,22.64455,0,0
32343,18:56:57,114.055031,22.64015,0,33
32343,18:58:47,114.055054,22.639982,0,0
32343,18:59:45,114.055252,22.638218,0,11
32343,19:00:06,114.055252,22.638218,0,0
32343,19:01:01,114.055252,22.638218,0,0
32343,19:01:56,114.055252,22.638218,0,0
32343,19:02:52,114.055283,22.636351,0,10
32343,19:03:47,114.055283,22.636351,0,0
32343,19:04:42,114.055283,22.636351,0,0
32343,19:05:05,114.055283,22.636351,1,0
32343,19:06:00,114.055466,22.633783,1,16
32343,19:06:55,114.055466,22.633783,1,0
32343,19:07:50,114.055519,22.628532,1,34
32343,19:08:45,114.055534,22.626467,1,12
32343,19:09:41,114.055534,22.626467,1,0
32343,19:10:36,114.055534,22.626467,1,0
32343,19:11:31,114.055534,22.626467,1,0
32343,19:12:26,114.052719,22.625366,1,9
32343,19:13:21,114.05085,22.625366,1,4
32343,19:14:16,114.050285,22.624132,1,7
32343,19:15:11,114.048965,22.622,1,19
32343,19:16:06,114.046532,22.62125,1,14
32343,19:17:01,114.040749,22.619383,1,40
32343,19:17:56,114.039581,22.618784,1,6
32343,19:18:25,114.039047,22.618517,0,7
32343,19:19:20,114.038399,22.6182,0,3
32343,19:20:15,114.038399,22.6182,0,0
32343,19:21:10,114.038399,22.6182,0,0
32343,19:22:05,114.037697,22.617767,0,2
32343,19:23:00,114.037697,22.617767,0,0
32343,19:23:55,114.037102,22.617434,0,2
32343,19:24:50,114.038498,22.614483,0,23
32343,19:25:45,114.040604,22.608967,0,40
32343,19:26:33,114.040649,22.608816,1,1
32343,19:27:28,114.042503,22.606649,1,17
32343,19:28:23,114.043282,22.6029,1,26
32343,19:29:18,114.043831,22.599966,1,19
32343,19:29:19,114.043831,22.599966,1,19
32343,19:33:57,114.045349,22.596083,1,0
32343,19:34:52,114.046516,22.5951,1,6
32343,19:35:47,114.0466,22.593283,1,10
32343,19:36:41,114.041183,22.59285,1,40
32343,19:37:37,114.031067,22.594933,1,68
32343,19:38:32,114.0205,22.592983,1,72
32343,19:39:27,114.00975,22.590117,1,75
32343,19:40:22,113.998421,22.590267,1,76
32343,19:41:17,113.990135,22.587067,1,60
32343,19:42:12,113.979614,22.586267,1,71
32343,19:43:07,113.968765,22.584,1,77
32343,19:44:57,113.964386,22.564716,1,67
32343,19:45:52,113.956581,22.564051,1,54
32343,19:46:47,113.952797,22.567017,1,37
32343,19:47:42,113.952034,22.567568,1,6
32343,19:48:37,113.951385,22.5686,1,4
32343,19:49:32,113.951385,22.5686,1,0
32343,19:50:27,113.950615,22.570133,1,7
32343,19:51:22,113.950615,22.570133,1,0
32343,19:52:17,113.950165,22.571051,1,4
32343,19:53:12,113.950165,22.571051,1,0
32343,19:54:07,113.949814,22.573467,1,16
32343,19:55:02,113.949669,22.578466,1,35
32343,19:55:27,113.949585,22.579218,0,12
32343,19:56:22,113.950401,22.57925,0,2
32343,19:57:17,113.9515,22.578817,0,4
32343,19:58:12,113.95343,22.575216,0,29
32343,19:59:07,113.954414,22.574217,0,7
32343,20:00:02,113.955048,22.573584,0,5
32343,20:00:57,113.956703,22.573,0,2
32343,20:01:50,113.958435,22.572849,1,4
32343,20:02:45,113.960632,22.57225,1,6
32343,20:03:40,113.962067,22.5707,1,3
32343,20:04:35,113.962067,22.5707,1,0
32343,20:05:30,113.966614,22.56875,1,31
32343,20:06:25,113.969299,22.56625,1,26
32343,20:07:20,113.96698,22.562933,1,28
32343,20:08:15,113.96698,22.562933,1,0
32343,20:09:03,113.968452,22.562183,0,11
32343,20:09:58,113.968903,22.561968,0,1
32343,20:10:53,113.970413,22.561501,0,7
32343,20:11:48,113.972519,22.560667,0,5
32343,20:12:43,113.975983,22.559717,0,23
32343,20:13:38,113.978447,22.5597,0,13
32343,20:14:33,113.980782,22.561117,0,18
32343,20:15:28,113.982933,22.554832,0,53
32343,20:16:23,113.979897,22.550333,0,36
32343,20:17:18,113.981979,22.548668,0,18
32343,20:18:13,113.990517,22.543734,0,69
32343,20:19:08,113.998718,22.546232,0,58
32343,20:20:03,114.003433,22.546883,0,30
32343,20:20:58,114.006264,22.548733,0,23
32343,20:22:48,114.008934,22.552168,0,8
32343,20:23:43,114.011383,22.555416,0,26
32343,20:24:38,114.015152,22.5553,0,23
32343,20:25:33,114.023415,22.555401,0,53
32343,20:26:24,114.028534,22.555967,1,37
32343,20:27:19,114.032913,22.553883,1,31
32343,20:28:14,114.0355,22.551517,1,30
32343,20:30:04,114.039749,22.552668,1,6
32343,20:30:35,114.039764,22.550501,0,26
32343,20:31:30,114.039948,22.549549,0,5
32343,20:32:25,114.043404,22.550249,0,22
32343,20:33:20,114.04747,22.550783,0,24
32343,20:34:15,114.050949,22.550417,0,26
32343,20:34:43,114.050949,22.550417,1,0
32343,20:35:38,114.050919,22.54995,1,0
32343,20:36:33,114.051064,22.550934,1,8
32343,20:37:28,114.05098,22.55125,1,0
32343,20:38:23,114.044334,22.551468,1,47
32343,20:39:19,114.043869,22.556868,1,35
32343,20:40:14,114.041214,22.561583,1,38
32343,20:41:09,114.040604,22.564568,1,28
32343,20:42:04,114.033752,22.5625,1,50
32343,20:42:59,114.022881,22.560516,1,74
32343,20:43:54,114.012817,22.559732,1,67
32343,20:44:49,114.00312,22.555933,1,70
32343,20:45:44,113.993866,22.556984,1,63
32343,20:46:39,113.9842,22.558649,1,68
32343,20:47:34,113.974136,22.556601,1,69
32343,20:48:29,113.963234,22.557051,1,74
32343,20:49:24,113.952103,22.556334,1,74
32343,20:50:19,113.941498,22.555384,1,71
32343,20:51:14,113.932747,22.555384,1,59
32343,20:52:09,113.922081,22.555668,1,70
32343,20:53:04,113.913818,22.554483,1,57
32343,20:53:59,113.907883,22.551983,1,44
32343,20:54:54,113.904831,22.556299,1,39
32343,20:55:49,113.897369,22.5627,1,67
32343,20:56:44,113.892151,22.56715,1,53
32343,20:57:39,113.888313,22.565067,1,40
32343,20:58:34,113.88765,22.565701,1,5
32343,20:59:29,113.883385,22.569817,1,34
32343,21:00:24,113.883614,22.572132,1,18
32343,21:01:19,113.883835,22.572968,1,5
32343,21:01:37,113.883751,22.573717,0,3
32343,21:02:32,113.883751,22.573717,0,0
32343,21:03:27,113.884018,22.572517,0,6
32343,21:04:22,113.8825,22.571518,0,6
32343,21:06:12,113.887779,22.565283,0,23
32343,21:07:07,113.889183,22.563883,0,11
32343,21:08:02,113.889183,22.563883,0,0
32343,21:08:57,113.889183,22.563883,0,0
32343,21:09:52,113.893318,22.565701,0,29
32343,21:10:47,113.893936,22.565317,0,4
32343,21:11:42,113.893936,22.565317,0,0
32343,21:11:45,113.893936,22.565317,1,0
32343,21:12:40,113.898903,22.561333,1,40
32343,21:13:39,113.903534,22.55755,1,1
32343,21:14:34,113.904518,22.556368,1,3
32343,21:14:46,113.904716,22.556116,1,0
32343,21:15:42,113.907417,22.552217,1,31
32343,21:16:37,113.909401,22.548149,1,29
32343,21:17:32,113.909767,22.545033,1,20
32343,21:18:27,113.913902,22.543751,1,26
32343,21:19:22,113.918671,22.542982,1,31
32343,21:20:17,113.918671,22.542982,1,0
32343,21:21:12,113.924286,22.542749,1,34
32343,21:22:07,113.927048,22.53825,1,41
32343,21:23:02,113.924797,22.531183,1,53
32343,21:23:58,113.923866,22.526951,1,29
32343,21:24:53,113.930168,22.524599,1,52
32343,21:25:48,113.940781,22.524401,1,71
32343,21:26:43,113.949387,22.523832,1,58
32343,21:27:38,113.96048,22.522717,1,74
32343,21:29:28,113.981117,22.522867,1,66
32343,21:30:23,113.989403,22.524599,1,57
32343,21:31:18,113.995964,22.52845,1,52
32343,21:32:13,114.004715,22.52985,1,60
32343,21:33:08,114.013733,22.530617,1,61
32343,21:34:03,114.021233,22.532066,1,50
32343,21:34:58,114.029587,22.530251,1,56
32343,21:35:53,114.038284,22.53055,1,58
32343,21:36:48,114.047249,22.531166,1,59
32343,21:37:43,114.054451,22.531334,1,47
32343,21:38:39,114.058647,22.52935,1,36
32343,21:39:34,114.058899,22.5285,1,6
32343,21:40:29,114.059349,22.529249,1,4
32343,21:41:09,114.06115,22.529284,0,3
32343,21:42:04,114.062035,22.529383,0,0
32343,21:42:26,114.062553,22.529333,1,1
32343,21:43:21,114.062881,22.526699,1,17
32343,21:44:16,114.062965,22.533318,1,45
32343,21:45:11,114.062683,22.5354,1,15
32343,21:46:06,114.062897,22.536217,1,5
32343,21:47:01,114.06292,22.537333,1,2
32343,21:47:56,114.067917,22.538183,1,32
32343,21:48:51,114.066032,22.53195,1,49
32343,21:50:41,114.052299,22.531532,1,51
32343,21:51:36,114.044182,22.531401,1,54
32343,21:52:31,114.034851,22.530466,1,63
32343,21:53:26,114.026985,22.531099,1,53
32343,21:54:21,114.024452,22.535784,1,39
32343,21:55:16,114.022881,22.541782,1,44
32343,21:56:11,114.025497,22.545467,1,42
32343,21:57:06,114.029449,22.546499,1,27
32343,21:57:32,114.02977,22.545816,0,9
32343,21:58:27,114.02977,22.545816,0,0
32343,21:59:15,114.02977,22.545816,1,0
32343,22:00:10,114.032387,22.547199,1,21
32343,22:00:11,114.032387,22.547199,1,21
32343,22:04:48,114.043999,22.550133,1,0
32343,22:05:43,114.044083,22.550533,1,0
32343,22:05:53,114.044083,22.550533,1,0
32343,22:06:49,114.044083,22.550533,1,0
32343,22:07:44,114.044266,22.554533,1,28
32343,22:08:39,114.044121,22.556267,1,12
32343,22:09:34,114.04303,22.558268,1,14
32343,22:10:29,114.039635,22.564533,1,50
32343,22:11:24,114.042084,22.567017,1,27
32343,22:12:19,114.044868,22.567417,1,14
32343,22:13:06,114.04808,22.567183,0,21
32343,22:14:02,114.04808,22.567183,0,0
32343,22:14:57,114.049553,22.567183,0,0
32343,22:15:52,114.050285,22.567118,0,2
32343,22:16:47,114.052086,22.56715,0,2
32343,22:17:42,114.053596,22.567083,0,5
32343,22:18:10,114.055496,22.567682,1,17
32343,22:19:05,114.058464,22.568916,1,18
32343,22:20:00,114.060318,22.570932,1,20
32343,22:20:55,114.061417,22.57115,1,8
32343,22:21:50,114.061134,22.574083,1,20
32343,22:22:45,114.062431,22.577984,1,37
32343,22:23:40,114.055702,22.579683,1,48
32343,22:24:35,114.052414,22.5879,1,63
32343,22:25:30,114.047882,22.5947,1,59
32343,22:26:25,114.045937,22.599283,1,42
32343,22:26:36,114.045586,22.599333,0,10
32343,22:27:31,114.045586,22.599333,0,0
32343,22:28:25,114.044586,22.599684,0,12
32343,22:29:20,114.045715,22.603783,0,38
32343,22:30:16,114.04377,22.6049,0,35
32343,22:31:11,114.044281,22.598301,0,47
32343,22:32:06,114.047318,22.5942,0,37
32343,22:33:01,114.052567,22.587383,0,61
32343,22:33:56,114.056213,22.579033,0,65
32343,22:34:51,114.065567,22.576468,0,65
32343,22:35:46,114.067368,22.571167,0,40
32343,22:36:06,114.067368,22.571167,1,0
32343,22:37:01,114.067566,22.563667,1,51
32343,22:37:56,114.067719,22.556999,1,47
32343,22:38:51,114.067848,22.551233,1,41
32343,22:39:46,114.067848,22.551233,1,0
32343,22:40:41,114.07032,22.551001,1,15
32343,22:41:36,114.075447,22.551416,1,34
32343,22:42:31,114.080704,22.551517,1,31
32343,22:43:26,114.081482,22.551649,1,5
32343,22:44:21,114.084381,22.551582,1,18
32343,22:45:16,114.087448,22.5516,1,20
32343,22:46:11,114.087486,22.549299,1,16
32343,22:46:13,114.087486,22.549299,0,0
32343,22:46:52,114.087486,22.549299,1,0
32343,22:47:47,114.084183,22.54925,1,17
32343,22:48:42,114.084099,22.550734,1,9
32343,22:49:37,114.086349,22.553432,1,31
32343,22:50:32,114.084602,22.555933,1,23
32343,22:51:27,114.081779,22.55825,1,36
32343,22:52:22,114.076897,22.558283,1,45
32343,22:53:17,114.068069,22.558216,1,58
32343,22:54:12,114.065681,22.558083,1,14
32343,22:55:07,114.05825,22.562149,1,60
32343,22:56:02,114.055916,22.562483,1,13
32343,22:56:57,114.04895,22.561216,1,50
32343,22:57:52,114.043915,22.557051,1,44
32343,22:58:47,114.043915,22.557051,1,0
32343,22:59:31,114.04203,22.556868,0,15
32343,23:00:26,114.04203,22.556868,0,0
32343,23:01:21,114.042099,22.556334,0,21
32343,23:02:16,114.044182,22.55135,0,46
32343,23:03:11,114.04953,22.550949,0,40
32343,23:03:13,114.04953,22.550949,1,0
32343,23:04:08,114.050636,22.551167,1,6
32343,23:05:03,114.056053,22.551167,1,33
32343,23:05:10,114.056267,22.551167,0,10
32343,23:06:05,114.059151,22.551216,0,14
32343,23:06:20,114.059937,22.551184,1,20
32343,23:07:15,114.062599,22.547649,1,39
32343,23:08:10,114.062668,22.539217,1,59
32343,23:09:05,114.06295,22.532682,1,46
32343,23:09:58,114.06292,22.527149,0,41
32343,23:10:48,114.06292,22.527149,1,0
32343,23:11:43,114.063187,22.528749,1,13
32343,23:12:38,114.066254,22.531418,1,37
32343,23:13:33,114.068268,22.532633,1,44
32343,23:14:28,114.068886,22.54175,1,66
32343,23:15:24,114.06813,22.547268,1,40
32343,23:16:19,114.070114,22.547951,1,14
32343,23:17:14,114.075813,22.54715,1,39
32343,23:18:09,114.076233,22.546984,1,1
32343,23:19:03,114.080971,22.546833,1,29
32343,23:19:05,114.0811,22.546883,0,22
32343,23:19:36,114.0811,22.546883,1,0
32343,23:20:31,114.083717,22.547318,1,7
32343,23:21:26,114.084732,22.547234,1,3
32343,23:22:21,114.090286,22.5471,1,36
32343,23:23:16,114.091133,22.55135,1,33
32343,23:24:11,114.091164,22.553682,1,15
32343,23:25:06,114.091064,22.558067,1,31
32343,23:26:01,114.091064,22.558067,1,0
32343,23:26:59,114.089867,22.560499,1,3
32343,23:27:10,114.089569,22.5613,1,21
32343,23:27:11,114.089531,22.561382,0,35
32343,23:28:07,114.089386,22.561684,0,2
32343,23:29:02,114.087433,22.566032,0,31
32343,23:29:57,114.093735,22.567966,0,45
32343,23:30:52,114.094498,22.564867,0,21
32343,23:31:42,114.094452,22.564217,1,3
32343,23:32:37,114.094704,22.566233,1,11
32343,23:33:32,114.098953,22.5693,1,43
32343,23:34:27,114.099167,22.568649,1,29
32343,23:35:22,114.099251,22.576782,1,59
32343,23:37:13,114.099632,22.582951,1,37
32343,23:38:11,114.098152,22.590767,1,19
32343,23:38:56,114.098969,22.598249,1,44
32343,23:39:52,114.099533,22.604282,1,47
32343,23:40:11,114.09967,22.605284,0,22
32343,23:41:06,114.099464,22.605167,0,3
32343,23:42:01,114.101097,22.599617,0,43
32343,23:42:56,114.101868,22.59745,0,11
32343,23:43:51,114.103836,22.5928,0,36
32343,23:45:41,114.103554,22.588367,0,26
32343,23:46:36,114.100716,22.580967,0,59
32343,23:47:31,114.098564,22.573183,0,56
32343,23:48:26,114.09903,22.566601,0,41
32343,23:48:37,114.09903,22.566601,1,0
32343,23:49:32,114.099113,22.571733,1,35
32343,23:50:27,114.099586,22.577967,1,45
32343,23:51:22,114.101379,22.583851,1,42
32343,23:52:17,114.104614,22.58885,1,45
32343,23:53:12,114.107735,22.592484,1,35
