36800,00:00:06,114.030701,22.6227,0,0
36800,00:00:20,114.030701,22.6227,0,0
36800,00:01:06,114.030701,22.622698,0,0
36800,00:02:06,114.030685,22.622696,0,0
36800,00:03:06,114.030685,22.622688,0,0
36800,00:04:06,114.03067,22.622704,0,0
36800,00:05:06,114.03067,22.622707,0,0
36800,00:06:05,114.03067,22.622707,0,0
36800,00:07:06,114.030663,22.622713,0,0
36800,00:08:06,114.03067,22.622742,0,0
36800,00:09:06,114.03067,22.622725,0,0
36800,00:10:06,114.030701,22.622707,0,0
36800,00:11:06,114.030807,22.622679,0,0
36800,00:11:49,114.030807,22.622679,0,0
36800,00:12:06,114.030853,22.622675,0,0
36800,00:13:06,114.030762,22.6227,0,0
36800,00:14:06,114.030739,22.622709,0,0
36800,00:15:06,114.030724,22.622717,0,0
36800,00:16:06,114.030731,22.622713,0,0
36800,00:17:06,114.030731,22.622721,0,0
36800,00:17:33,114.030731,22.622721,0,0
36800,00:18:06,114.030716,22.622715,0,0
36800,00:19:06,114.030724,22.622723,0,0
36800,00:20:06,114.030701,22.622715,0,0
36800,00:21:06,114.03067,22.622721,0,0
36800,00:22:06,114.030685,22.622721,0,0
36800,00:23:18,114.030708,22.622702,0,0
36800,00:24:06,114.030708,22.622704,0,0
36800,00:25:06,114.030701,22.622715,0,0
36800,00:26:06,114.030701,22.622719,0,0
36800,00:27:06,114.030716,22.622704,0,0
36800,00:28:06,114.030716,22.622711,0,0
36800,00:29:03,114.030716,22.622711,0,0
36800,00:29:06,114.030724,22.622726,0,0
36800,00:30:06,114.030716,22.622738,0,0
36800,00:31:06,114.030708,22.622723,0,0
36800,00:32:06,114.030663,22.622763,0,0
36800,00:33:06,114.030663,22.622765,0,0
36800,00:34:06,114.030655,22.622757,0,0
36800,00:34:48,114.030655,22.622757,0,0
36800,00:35:06,114.03067,22.622744,0,0
36800,00:36:06,114.03067,22.622742,0,0
36800,00:37:06,114.030655,22.62274,0,0
36800,00:38:06,114.03067,22.622728,0,0
36800,00:39:06,114.03067,22.622707,0,0
36800,00:40:06,114.030685,22.622707,0,0
36800,00:40:34,114.030685,22.622707,0,0
36800,00:41:06,114.030716,22.622711,0,0
36800,00:42:06,114.030708,22.622704,0,0
36800,00:43:06,114.030724,22.622709,0,0
36800,00:44:06,114.030701,22.622707,0,0
36800,00:45:06,114.030701,22.622707,0,0
36800,00:46:06,114.030708,22.622719,0,0
36800,00:46:19,114.030708,22.622719,0,0
36800,00:47:06,114.030708,22.622728,0,0
36800,00:48:06,114.030708,22.622721,0,0
36800,00:49:06,114.030708,22.622726,0,0
36800,00:50:06,114.030708,22.622704,0,0
36800,00:51:06,114.030739,22.622717,0,0
36800,00:52:03,114.030739,22.622717,0,0
36800,00:52:06,114.030716,22.622709,0,0
36800,00:53:06,114.030708,22.62273,0,0
36800,00:54:06,114.030724,22.622738,0,0
36800,00:55:06,114.030724,22.622713,0,0
36800,00:56:06,114.030685,22.622705,0,0
36800,00:57:06,114.03067,22.622734,0,0
36800,00:57:47,114.03067,22.622734,0,0
36800,00:58:06,114.030685,22.622707,0,0
36800,00:59:06,114.030685,22.622719,0,0
36800,01:00:06,114.030685,22.62274,0,0
36800,01:01:06,114.030678,22.622742,0,0
36800,01:02:06,114.030678,22.622738,0,0
36800,01:03:06,114.030716,22.622719,0,0
36800,01:03:30,114.030716,22.622719,0,0
36800,01:04:06,114.030701,22.622713,0,0
36800,01:05:05,114.030693,22.622747,0,0
36800,01:06:05,114.030724,22.622734,0,0
36800,01:07:05,114.030693,22.622751,0,0
36800,01:08:05,114.030724,22.622738,0,0
36800,01:09:05,114.03067,22.622713,0,0
36800,01:09:15,114.03067,22.622713,0,0
36800,01:10:05,114.030663,22.622698,0,0
36800,01:11:05,114.030655,22.622705,0,0
36800,01:12:05,114.030693,22.622744,0,0
36800,01:13:05,114.030647,22.622726,0,0
36800,01:14:05,114.03067,22.622746,0,0
36800,01:15:00,114.03067,22.622746,0,0
36800,01:15:05,114.030663,22.622723,0,0
36800,01:16:05,114.030647,22.622711,0,0
36800,01:17:05,114.030678,22.622709,0,0
36800,01:18:05,114.03067,22.622692,0,0
36800,01:19:05,114.030693,22.622698,0,0
36800,01:20:05,114.030716,22.622702,0,0
36800,01:20:45,114.030716,22.622702,0,0
36800,01:21:05,114.030708,22.622725,0,0
36800,01:22:05,114.030701,22.622755,0,0
36800,01:23:05,114.030739,22.62274,0,0
36800,01:24:05,114.030724,22.622738,0,0
36800,01:25:05,114.030724,22.622713,0,0
36800,01:26:05,114.030731,22.622713,0,0
36800,01:26:29,114.030731,22.622713,0,0
36800,01:27:05,114.030731,22.622726,0,0
36800,01:28:05,114.030693,22.622705,0,0
36800,01:29:05,114.030724,22.622774,0,0
36800,01:30:05,114.030762,22.622753,0,0
36800,01:31:05,114.030739,22.622728,0,0
36800,01:32:05,114.030693,22.62273,0,0
36800,01:32:14,114.030693,22.62273,0,0
36800,01:33:05,114.030655,22.622725,0,0
36800,01:34:05,114.030647,22.622719,0,0
36800,01:35:05,114.030693,22.622692,0,0
36800,01:36:05,114.030685,22.622705,0,0
36800,01:37:05,114.030708,22.622707,0,0
36800,01:37:58,114.030708,22.622707,0,0
36800,01:39:05,114.030693,22.622726,0,0
36800,01:40:05,114.030678,22.622713,0,0
36800,01:41:05,114.030693,22.62273,0,0
36800,01:42:05,114.03067,22.622721,0,0
36800,01:43:05,114.030685,22.622734,0,0
36800,01:43:43,114.030685,22.622734,0,0
36800,01:44:05,114.030685,22.62274,0,0
36800,01:45:05,114.030678,22.622738,0,0
36800,01:46:05,114.030685,22.622721,0,0
36800,01:47:05,114.030693,22.62273,0,0
36800,01:48:05,114.030708,22.622721,0,0
36800,01:49:05,114.030701,22.62274,0,0
36800,01:49:27,114.030701,22.62274,0,0
36800,01:50:05,114.030663,22.622723,0,0
36800,01:51:05,114.030701,22.622732,0,0
36800,01:52:05,114.030685,22.622723,0,0
36800,01:53:05,114.03067,22.622761,0,0
36800,01:54:05,114.030663,22.622749,0,0
36800,01:55:13,114.030663,22.622757,0,0
36800,01:56:05,114.030624,22.622753,0,0
36800,01:57:05,114.030632,22.622757,0,0
36800,01:58:05,114.030632,22.622725,0,0
36800,01:59:05,114.030647,22.622726,0,0
36800,02:00:05,114.030663,22.622723,0,0
36800,02:00:57,114.030663,22.622723,0,0
36800,02:01:05,114.030663,22.62273,0,0
36800,02:02:05,114.030678,22.622725,0,0
36800,02:03:05,114.030693,22.622732,0,0
36800,02:04:05,114.030716,22.622751,0,0
36800,02:05:05,114.030708,22.622734,0,0
36800,02:06:05,114.030739,22.62277,0,0
36800,02:06:41,114.030739,22.62277,0,0
36800,02:07:05,114.030807,22.622782,0,0
36800,02:08:05,114.030769,22.622747,0,0
36800,02:09:05,114.030724,22.622725,0,0
36800,02:10:05,114.030701,22.622725,0,0
36800,02:11:05,114.030685,22.622732,0,0
36800,02:12:25,114.030701,22.622717,0,0
36800,02:13:05,114.030731,22.622746,0,0
36800,02:14:05,114.030731,22.622738,0,0
36800,02:15:05,114.030746,22.622765,0,0
36800,02:16:05,114.030815,22.622746,0,0
36800,02:17:05,114.030785,22.622726,0,0
36800,02:18:05,114.030792,22.622684,0,0
36800,02:18:09,114.030792,22.622684,0,0
36800,02:19:05,114.030754,22.62269,0,0
36800,02:20:05,114.030777,22.622696,0,0
36800,02:21:05,114.030754,22.622704,0,0
36800,02:22:05,114.030716,22.622704,0,0
36800,02:23:05,114.030701,22.622723,0,0
36800,02:23:58,114.030701,22.622723,0,0
36800,02:24:05,114.030701,22.622707,0,0
36800,02:25:05,114.030708,22.622702,0,0
36800,02:26:05,114.030685,22.622709,0,0
36800,02:27:05,114.030746,22.622702,0,0
36800,02:28:05,114.030754,22.622698,0,0
36800,02:29:05,114.030724,22.622698,0,0
36800,02:29:42,114.030724,22.622698,0,0
36800,02:30:05,114.030685,22.622709,0,0
36800,02:31:05,114.030678,22.622705,0,0
36800,02:32:05,114.03067,22.622698,0,0
36800,02:33:05,114.03067,22.622707,0,0
36800,02:34:05,114.030678,22.622688,0,0
36800,02:35:05,114.030731,22.622683,0,0
36800,02:35:27,114.030731,22.622683,0,0
36800,02:36:05,114.030724,22.622684,0,0
36800,02:37:05,114.030754,22.622667,0,0
36800,02:38:05,114.030716,22.622681,0,0
36800,02:39:05,114.030716,22.622681,0,0
36800,02:40:05,114.030731,22.622681,0,0
36800,02:41:05,114.030754,22.622671,0,0
36800,02:41:10,114.030754,22.622671,0,0
36800,02:42:05,114.030762,22.622684,0,0
36800,02:43:05,114.030739,22.622698,0,0
36800,02:44:05,114.030724,22.622677,0,0
36800,02:45:05,114.030708,22.622662,0,0
36800,02:46:05,114.030701,22.622663,0,0
36800,02:46:55,114.030701,22.622663,0,0
36800,02:47:05,114.030701,22.622656,0,0
36800,02:48:05,114.030716,22.622658,0,0
36800,02:49:05,114.030731,22.622692,0,0
36800,02:50:05,114.030716,22.622692,0,0
36800,02:51:05,114.030685,22.622686,0,0
36800,02:52:05,114.030678,22.622698,0,0
36800,02:52:39,114.030678,22.622698,0,0
36800,02:54:05,114.030685,22.622684,0,0
36800,02:55:05,114.03067,22.622707,0,0
36800,02:56:05,114.03067,22.622717,0,0
36800,02:57:05,114.030655,22.622707,0,0
36800,02:58:05,114.03064,22.622705,0,0
36800,02:58:23,114.03064,22.622705,0,0
36800,02:59:05,114.03064,22.622692,0,0
36800,03:00:05,114.030594,22.622721,0,0
36800,03:01:05,114.030594,22.622713,0,0
36800,03:02:05,114.030602,22.622707,0,0
36800,03:03:05,114.030609,22.622688,0,0
36800,03:04:05,114.030663,22.622717,0,0
36800,03:04:07,114.030663,22.622717,0,0
36800,03:05:05,114.030693,22.622705,0,0
36800,03:06:05,114.030678,22.622728,0,0
36800,03:07:05,114.03067,22.622688,0,0
36800,03:08:05,114.030663,22.622705,0,0
36800,03:09:05,114.030655,22.6227,0,0
36800,03:09:50,114.030655,22.6227,0,0
36800,03:10:05,114.030647,22.622692,0,0
36800,03:11:05,114.030685,22.622692,0,0
36800,03:12:05,114.030701,22.622696,0,0
36800,03:13:05,114.030685,22.62269,0,0
36800,03:14:05,114.030678,22.622684,0,0
36800,03:15:05,114.030678,22.622698,0,0
36800,03:15:34,114.030678,22.622698,0,0
36800,03:16:05,114.030678,22.622692,0,0
36800,03:17:05,114.03067,22.622696,0,0
36800,03:18:05,114.030678,22.622705,0,0
36800,03:19:05,114.030693,22.622707,0,0
36800,03:20:05,114.03067,22.622707,0,0
36800,03:21:05,114.030685,22.622715,0,0
36800,03:21:17,114.030685,22.622715,0,0
36800,03:22:05,114.030685,22.622709,0,0
36800,03:23:05,114.030685,22.622713,0,0
36800,03:24:05,114.030678,22.622707,0,0
36800,03:25:05,114.03067,22.622711,0,0
36800,03:26:05,114.030663,22.622713,0,0
36800,03:27:01,114.030663,22.622713,0,0
36800,03:27:05,114.030647,22.622721,0,0
36800,03:28:05,114.030647,22.622715,0,0
36800,03:29:05,114.030655,22.622723,0,0
36800,03:30:05,114.03067,22.622711,0,0
36800,03:31:05,114.030647,22.622707,0,0
36800,03:32:05,114.030655,22.622698,0,0
36800,03:32:45,114.030655,22.622698,0,0
36800,03:33:05,114.030655,22.622698,0,0
36800,03:34:05,114.030678,22.622711,0,0
36800,03:35:05,114.030685,22.622702,0,0
36800,03:36:05,114.030678,22.622707,0,0
36800,03:37:05,114.030685,22.6227,0,0
36800,03:38:05,114.030678,22.6227,0,0
36800,03:38:29,114.030678,22.6227,0,0
36800,03:39:05,114.03067,22.622711,0,0
36800,03:40:05,114.030678,22.622723,0,0
36800,03:41:05,114.030663,22.622726,0,0
36800,03:42:05,114.03067,22.622715,0,0
36800,03:43:05,114.03067,22.622728,0,0
36800,03:44:05,114.030655,22.622721,0,0
36800,03:44:13,114.030655,22.622721,0,0
36800,03:45:05,114.03067,22.622717,0,0
36800,03:46:05,114.030663,22.622715,0,0
36800,03:47:05,114.03067,22.622713,0,0
36800,03:48:05,114.03064,22.622719,0,0
36800,03:49:05,114.03064,22.622711,0,0
36800,03:49:58,114.03064,22.622711,0,0
36800,03:50:05,114.030632,22.62274,0,0
36800,03:51:05,114.030632,22.622753,0,0
36800,03:52:05,114.03064,22.622738,0,0
36800,03:53:05,114.030663,22.622723,0,0
36800,03:54:05,114.03067,22.622713,0,0
36800,03:55:05,114.030685,22.622723,0,0
36800,03:55:42,114.030685,22.622723,0,0
36800,03:56:05,114.030678,22.622705,0,0
36800,03:57:05,114.030685,22.622726,0,0
36800,03:58:05,114.030663,22.6227,0,0
36800,03:59:05,114.03067,22.622692,0,0
36800,04:00:05,114.03067,22.622692,0,0
36800,04:01:26,114.030647,22.622721,0,0
36800,04:02:05,114.030602,22.622723,0,0
36800,04:03:05,114.030525,22.622641,0,0
36800,04:04:05,114.030602,22.622692,0,0
36800,04:05:05,114.03064,22.622681,0,0
36800,04:06:05,114.030663,22.62269,0,0
36800,04:07:05,114.030685,22.622702,0,0
36800,04:07:10,114.030685,22.622702,0,0
36800,04:08:05,114.030701,22.622719,0,0
36800,04:09:05,114.030663,22.622684,0,0
36800,04:10:05,114.030647,22.622688,0,0
36800,04:11:05,114.030663,22.622696,0,0
36800,04:12:05,114.030685,22.622709,0,0
36800,04:12:54,114.030685,22.622709,0,0
36800,04:13:05,114.030708,22.622698,0,0
36800,04:14:05,114.030701,22.622702,0,0
36800,04:15:05,114.030708,22.622707,0,0
36800,04:16:05,114.030724,22.622711,0,0
36800,04:17:05,114.030716,22.622715,0,0
36800,04:18:41,114.030701,22.622709,0,0
36800,04:19:05,114.030701,22.622725,0,0
36800,04:20:05,114.030708,22.622723,0,0
36800,04:21:05,114.030708,22.622715,0,0
36800,04:22:05,114.030693,22.6227,0,0
36800,04:23:05,114.030663,22.622704,0,0
36800,04:24:05,114.030663,22.622707,0,0
36800,04:24:25,114.030663,22.622707,0,0
36800,04:25:05,114.030693,22.622709,0,0
36800,04:26:05,114.030685,22.622723,0,0
36800,04:27:05,114.030708,22.62274,0,0
36800,04:28:05,114.030716,22.62273,0,0
36800,04:29:05,114.030739,22.622728,0,0
36800,04:30:05,114.030724,22.622746,0,0
36800,04:30:08,114.030724,22.622746,0,0
36800,04:31:05,114.030701,22.622726,0,0
36800,04:32:05,114.030716,22.622768,0,0
36800,04:33:05,114.030724,22.622784,0,0
36800,04:34:05,114.030716,22.622765,0,0
36800,04:35:52,114.030716,22.622778,0,0
36800,04:36:05,114.030693,22.622761,0,0
36800,04:37:05,114.030693,22.622759,0,0
36800,04:38:05,114.030693,22.622751,0,0
36800,04:39:05,114.030693,22.622766,0,0
36800,04:40:05,114.030685,22.622732,0,0
36800,04:41:05,114.030685,22.622717,0,0
36800,04:41:36,114.030685,22.622717,0,0
36800,04:42:05,114.030678,22.622709,0,0
36800,04:43:05,114.030678,22.622717,0,0
36800,04:44:05,114.030693,22.622711,0,0
36800,04:45:05,114.030693,22.622704,0,0
36800,04:46:05,114.030693,22.622732,0,0
36800,04:47:05,114.03067,22.622719,0,0
36800,04:47:19,114.03067,22.622719,0,0
36800,04:48:05,114.030655,22.622732,0,0
36800,04:49:05,114.030663,22.622734,0,0
36800,04:50:05,114.030685,22.622711,0,0
36800,04:51:05,114.030693,22.622713,0,0
36800,04:52:05,114.030693,22.622723,0,0
36800,04:53:03,114.030693,22.622723,0,0
36800,04:53:05,114.030693,22.622707,0,0
36800,04:54:05,114.030708,22.622696,0,0
36800,04:55:05,114.030708,22.622707,0,0
36800,04:56:05,114.030701,22.622713,0,0
36800,04:57:05,114.030685,22.622715,0,0
36800,04:58:05,114.030685,22.622734,0,0
36800,04:58:47,114.030685,22.622734,0,0
36800,04:59:05,114.030685,22.622715,0,0
36800,05:00:05,114.030693,22.622715,0,0
36800,05:01:05,114.030701,22.622717,0,0
36800,05:02:05,114.030716,22.6227,0,0
36800,05:03:05,114.030724,22.6227,0,0
36800,05:04:05,114.030724,22.622692,0,0
36800,05:04:31,114.030724,22.622692,0,0
36800,05:05:05,114.030708,22.6227,0,0
36800,05:06:05,114.030701,22.622709,0,0
36800,05:07:05,114.030701,22.622702,0,0
36800,05:08:05,114.030701,22.622723,0,0
36800,05:09:05,114.030693,22.622717,0,0
36800,05:10:05,114.030708,22.622719,0,0
36800,05:10:15,114.030708,22.622719,0,0
36800,05:11:05,114.030708,22.622705,0,0
36800,05:12:05,114.030693,22.622702,0,0
36800,05:13:05,114.030701,22.622713,0,0
36800,05:14:05,114.030716,22.622705,0,0
36800,05:15:05,114.030693,22.622704,0,0
36800,05:15:59,114.030693,22.622704,0,0
36800,05:17:05,114.030708,22.622726,0,0
36800,05:18:05,114.030701,22.622725,0,0
36800,05:19:05,114.030693,22.622738,0,0
36800,05:20:05,114.030693,22.622723,0,0
36800,05:21:05,114.030701,22.622738,0,0
36800,05:21:43,114.030701,22.622738,0,0
36800,05:22:05,114.030693,22.622728,0,0
36800,05:23:05,114.030701,22.622732,0,0
36800,05:24:05,114.030693,22.622719,0,0
36800,05:25:05,114.030693,22.622732,0,0
36800,05:26:05,114.030701,22.622715,0,0
36800,05:27:05,114.030693,22.622719,0,0
36800,05:27:26,114.030693,22.622719,0,0
36800,05:28:05,114.030724,22.62274,0,0
36800,05:29:05,114.030716,22.622717,0,0
36800,05:30:05,114.030739,22.622728,0,0
36800,05:31:05,114.030731,22.622719,0,0
36800,05:32:05,114.030739,22.622721,0,0
36800,05:33:09,114.030731,22.622698,0,0
36800,05:34:05,114.030701,22.622686,0,0
36800,05:35:04,114.030708,22.62273,0,0
36800,05:36:04,114.030663,22.622717,0,0
36800,05:37:04,114.030693,22.622719,0,0
36800,05:38:04,114.030701,22.622707,0,0
36800,05:38:53,114.030701,22.622707,0,0
36800,05:39:04,114.030716,22.622707,0,0
36800,05:40:04,114.030701,22.622698,0,0
36800,05:41:04,114.030693,22.6227,0,0
36800,05:42:04,114.030708,22.6227,0,0
36800,05:43:04,114.030701,22.622704,0,0
36800,05:44:04,114.03109,22.623703,0,22
36800,05:44:37,114.03109,22.623703,0,0
36800,05:45:04,114.034523,22.624342,0,34
36800,05:46:04,114.036324,22.618811,0,47
36800,05:47:04,114.035141,22.616282,0,2
36800,05:47:30,114.035156,22.616348,0,0
36800,05:48:04,114.035133,22.616385,0,0
36800,05:49:04,114.035133,22.616392,0,0
36800,05:50:04,114.035149,22.616421,0,0
36800,05:50:20,114.035149,22.616421,0,0
36800,05:51:04,114.035126,22.616358,0,0
36800,05:52:04,114.035126,22.6164,0,0
36800,05:53:04,114.035065,22.61668,0,0
36800,05:54:04,114.035057,22.616611,0,0
36800,05:55:04,114.035072,22.616543,0,0
36800,05:56:04,114.035072,22.616556,0,0
36800,05:56:04,114.035072,22.616543,0,0
36800,05:57:04,114.035088,22.616518,0,0
36800,05:58:04,114.036499,22.617178,0,26
36800,05:59:04,114.03756,22.613203,0,39
36800,06:01:04,114.035507,22.616808,0,37
36800,06:01:48,114.035507,22.616808,0,0
36800,06:02:04,114.035324,22.622103,0,47
36800,06:03:04,114.033379,22.628023,0,46
36800,06:04:04,114.032394,22.629578,0,0
36800,06:04:37,114.032379,22.629528,0,0
36800,06:05:04,114.032394,22.62952,0,0
36800,06:06:04,114.032379,22.62949,0,0
36800,06:07:04,114.03241,22.629528,0,0
36800,06:07:32,114.03241,22.629528,0,0
36800,06:08:04,114.032478,22.629587,0,0
36800,06:09:04,114.032471,22.629564,0,0
36800,06:10:04,114.034218,22.625338,0,0
36800,06:11:04,114.034439,22.625156,0,15
36800,06:12:04,114.030464,22.625654,0,18
36800,06:13:04,114.030304,22.625715,0,0
36800,06:13:15,114.030304,22.625715,0,0
36800,06:14:04,114.030182,22.625668,0,0
36800,06:15:04,114.030273,22.629354,0,52
36800,06:16:04,114.032349,22.632456,0,43
36800,06:18:04,114.031677,22.636923,0,31
36800,06:18:59,114.031677,22.636923,0,0
36800,06:19:01,114.031654,22.636417,0,0
36800,06:19:04,114.031654,22.636419,0,0
36800,06:20:04,114.031746,22.636246,0,15
36800,06:21:04,114.032051,22.634483,1,0
36800,06:22:04,114.032028,22.634459,1,0
36800,06:23:04,114.032173,22.6318,1,44
36800,06:24:04,114.034073,22.625565,1,53
36800,06:24:43,114.034073,22.625565,1,0
36800,06:25:04,114.036095,22.619349,1,47
36800,06:26:04,114.033012,22.6152,1,21
36800,06:27:04,114.02951,22.612688,1,17
36800,06:27:46,114.027016,22.612961,0,19
36800,06:28:04,114.026894,22.612667,0,1
36800,06:29:04,114.028625,22.61256,0,20
36800,06:30:04,114.029106,22.612125,0,0
36800,06:30:29,114.029106,22.612125,0,0
36800,06:31:04,114.03196,22.614592,0,19
36800,06:32:04,114.032104,22.614693,0,0
36800,06:33:04,114.029869,22.618317,0,54
36800,06:34:04,114.02874,22.623533,0,40
36800,06:35:04,114.034035,22.625074,0,1
36800,06:36:04,114.035164,22.625427,0,12
36800,06:36:13,114.035164,22.625427,0,0
36800,06:37:04,114.035416,22.62549,0,0
36800,06:37:31,114.035408,22.625479,1,7
36800,06:38:04,114.034508,22.625225,1,0
36800,06:39:04,114.034958,22.622808,1,56
36800,06:40:04,114.036652,22.617195,1,31
36800,06:41:04,114.030396,22.613365,1,47
36800,06:41:57,114.030396,22.613365,1,0
36800,06:42:04,114.02774,22.612564,1,36
36800,06:42:18,114.027008,22.612988,0,17
36800,06:43:04,114.026817,22.612337,0,10
36800,06:44:04,114.028374,22.611713,0,35
36800,06:45:04,114.029579,22.612494,0,35
36800,06:46:04,114.031624,22.615891,0,46
36800,06:47:04,114.028084,22.623051,0,36
36800,06:47:41,114.028084,22.623051,0,0
36800,06:48:04,114.030754,22.624163,0,1
36800,06:49:04,114.034653,22.623962,0,36
36800,06:50:04,114.035896,22.619892,0,40
36800,06:51:04,114.038429,22.614683,0,16
36800,06:52:04,114.04039,22.611151,0,26
36800,06:53:04,114.040413,22.610855,0,0
36800,06:53:25,114.040413,22.610855,0,0
36800,06:53:28,114.040398,22.610785,1,10
36800,06:54:04,114.040756,22.609072,1,31
36800,06:55:04,114.040405,22.615206,1,37
36800,06:56:04,114.04158,22.619682,1,44
36800,06:57:04,114.04702,22.621412,1,26
36800,06:58:04,114.045792,22.621071,1,6
36800,06:59:04,114.042915,22.628035,1,86
36800,06:59:08,114.045792,22.621071,1,0
36800,07:00:04,114.047981,22.640884,1,92
36800,07:01:04,114.049652,22.654142,1,92
36800,07:02:04,114.048973,22.6682,1,91
36800,07:03:04,114.049835,22.681063,1,74
36800,07:04:52,114.045525,22.683767,1,0
36800,07:05:04,114.031174,22.683952,1,93
36800,07:06:04,114.016212,22.686382,1,97
36800,07:07:04,114.001701,22.688606,1,91
36800,07:08:04,113.98761,22.690771,1,88
36800,07:09:04,113.973877,22.687126,1,87
36800,07:10:04,113.959236,22.684288,1,97
36800,07:10:37,113.959236,22.684288,1,0
36800,07:11:04,113.945976,22.677767,1,94
36800,07:12:04,113.933601,22.670368,1,91
36800,07:13:04,113.922112,22.660793,1,100
36800,07:14:04,113.906303,22.659155,1,100
36800,07:15:04,113.890427,22.659019,1,89
36800,07:16:04,113.875122,22.656721,1,96
36800,07:16:22,113.875122,22.656721,1,0
36800,07:17:04,113.862679,22.649652,1,96
36800,07:19:04,113.858208,22.635717,1,41
36800,07:20:04,113.850723,22.62969,1,61
36800,07:21:04,113.847687,22.623222,1,66
36800,07:22:04,113.836273,22.61989,1,75
36800,07:22:06,113.847687,22.623222,1,0
36800,07:23:04,113.82518,22.615038,1,71
36800,07:24:04,113.816635,22.613438,1,61
36800,07:25:04,113.811951,22.622692,1,60
36800,07:26:01,113.809952,22.627762,0,18
36800,07:26:05,113.809837,22.62771,0,15
36800,07:27:05,113.809464,22.627523,0,0
36800,07:27:08,113.809448,22.627504,1,4
36800,07:27:50,113.809448,22.627504,1,0
36800,07:29:05,113.808403,22.620834,1,64
36800,07:30:05,113.813286,22.611954,1,59
36800,07:32:05,113.829323,22.616825,1,67
36800,07:33:05,113.840424,22.620888,1,74
36800,07:33:35,113.840424,22.620888,1,0
36800,07:34:05,113.850388,22.624958,1,55
36800,07:35:05,113.856834,22.625261,1,64
36800,07:36:05,113.86718,22.621702,1,70
36800,07:37:05,113.877075,22.615028,1,79
36800,07:38:05,113.884354,22.604971,1,83
36800,07:39:05,113.894409,22.597158,1,74
36800,07:39:20,113.894409,22.597158,1,0
36800,07:40:05,113.903603,22.588594,1,76
36800,07:41:05,113.911491,22.580173,1,72
36800,07:42:05,113.918556,22.573008,1,50
36800,07:43:05,113.922508,22.568413,1,45
36800,07:44:05,113.92672,22.56502,1,2
36800,07:45:05,113.928963,22.563501,1,34
36800,07:45:05,113.92672,22.56502,1,0
36800,07:46:05,113.928627,22.555874,1,47
36800,07:47:05,113.928268,22.548286,1,31
36800,07:48:05,113.927254,22.546047,1,20
36800,07:49:05,113.926964,22.541918,1,44
36800,07:50:05,113.926071,22.533621,1,54
36800,07:50:49,113.926071,22.533621,1,0
36800,07:51:05,113.924332,22.527782,1,22
36800,07:52:05,113.927483,22.524927,1,60
36800,07:53:05,113.934677,22.524368,1,40
36800,07:54:05,113.934731,22.519009,1,30
36800,07:55:05,113.933304,22.514891,1,49
36800,07:56:05,113.932739,22.508951,1,32
36800,07:56:33,113.933304,22.514891,1,0
36800,07:57:05,113.932732,22.508514,1,0
36800,07:58:05,113.932724,22.504457,1,44
36800,07:59:05,113.930351,22.502808,1,0
36800,08:00:05,113.929916,22.501144,1,3
36800,08:00:09,113.929924,22.501144,0,0
36800,08:00:59,113.930023,22.501163,1,5
36800,08:01:05,113.93,22.501026,1,15
36800,08:02:05,113.929482,22.498156,1,1
36800,08:02:16,113.929924,22.501144,0,0
36800,08:03:05,113.929436,22.498207,1,0
36800,08:04:05,113.929451,22.495756,1,53
36800,08:05:05,113.930679,22.491524,1,47
36800,08:06:05,113.93145,22.489626,1,0
36800,08:07:05,113.934296,22.485426,1,27
36800,08:08:00,113.934296,22.485426,1,0
36800,08:08:05,113.930687,22.484745,1,1
36800,08:09:05,113.926437,22.486233,1,27
36800,08:10:05,113.925011,22.486715,1,16
36800,08:11:05,113.92028,22.488241,1,0
36800,08:12:05,113.919273,22.488426,1,20
36800,08:13:05,113.913857,22.486368,1,35
36800,08:13:44,113.913857,22.486368,1,0
36800,08:14:05,113.910385,22.485088,1,30
36800,08:14:47,113.908531,22.485901,0,0
36800,08:15:05,113.908524,22.48591,0,0
36800,08:16:05,113.908279,22.486012,0,0
36800,08:17:05,113.90873,22.485773,0,0
36800,08:18:05,113.911438,22.484632,0,26
36800,08:19:05,113.91069,22.483194,0,25
36800,08:19:27,113.91069,22.483194,0,0
36800,08:20:05,113.911591,22.482622,0,3
36800,08:21:05,113.911903,22.482712,0,0
36800,08:22:05,113.911789,22.482613,0,9
36800,08:23:05,113.912567,22.484795,0,41
36800,08:24:05,113.918213,22.48856,0,50
36800,08:25:05,113.918976,22.488535,0,0
36800,08:25:13,113.918976,22.488535,0,0
36800,08:26:05,113.924355,22.486919,0,8
36800,08:27:05,113.926888,22.486078,0,41
36800,08:28:05,113.934029,22.485119,0,25
36800,08:29:05,113.936127,22.486773,0,42
36800,08:30:05,113.93895,22.489241,0,34
36800,08:30:20,113.940468,22.489958,1,44
36800,08:30:57,113.940468,22.489958,1,0
36800,08:31:05,113.946617,22.490812,1,52
36800,08:32:05,113.946701,22.494316,1,19
36800,08:33:05,113.946785,22.502811,1,56
36800,08:34:05,113.947456,22.512615,1,60
36800,08:35:05,113.948845,22.520647,1,14
36800,08:36:41,113.949043,22.522385,1,0
36800,08:37:05,113.954201,22.523222,1,61
36800,08:38:05,113.959358,22.522659,1,25
36800,08:39:05,113.962646,22.522614,1,11
36800,08:40:05,113.967682,22.522673,1,51
36800,08:41:05,113.976212,22.522713,1,65
36800,08:42:05,113.985085,22.523348,1,41
36800,08:42:25,113.985085,22.523348,1,0
36800,08:43:05,113.992294,22.525854,1,46
36800,08:44:05,113.998955,22.529568,1,23
36800,08:45:05,114.00441,22.529779,1,41
36800,08:46:05,114.01107,22.529854,1,29
36800,08:47:05,114.016228,22.530867,1,27
36800,08:48:05,114.018639,22.526897,1,24
36800,08:48:13,114.018639,22.526897,1,0
36800,08:49:05,114.024086,22.523478,1,31
36800,08:50:05,114.024574,22.523153,1,0
36800,08:51:05,114.029999,22.520205,1,51
36800,08:52:05,114.035576,22.517246,1,36
36800,08:53:56,114.037552,22.516172,1,0
36800,08:54:05,114.040939,22.514708,1,14
36800,08:55:05,114.043488,22.512583,1,44
36800,08:56:05,114.044334,22.51243,1,0
36800,08:57:05,114.048561,22.512335,1,28
36800,08:58:05,114.054382,22.513477,1,18
36800,08:59:05,114.055206,22.513823,1,24
36800,08:59:40,114.055206,22.513823,1,0
36800,09:00:05,114.057404,22.514494,0,0
36800,09:00:35,114.057465,22.514523,1,0
36800,09:01:05,114.057312,22.514875,1,0
36800,09:02:05,114.055916,22.514231,1,0
36800,09:03:05,114.054153,22.514927,1,32
36800,09:04:05,114.050667,22.517159,1,38
36800,09:05:05,114.050926,22.517891,1,0
36800,09:05:24,114.050926,22.517891,1,0
36800,09:06:05,114.051064,22.519634,1,51
36800,09:07:05,114.051483,22.525377,1,0
36800,09:08:05,114.051491,22.525396,1,0
36800,09:09:05,114.049202,22.525688,1,35
36800,09:11:05,114.045128,22.527943,1,17
36800,09:11:09,114.045128,22.527943,1,0
36800,09:12:05,114.044434,22.530134,1,14
36800,09:12:45,114.042969,22.530046,0,2
36800,09:13:05,114.042847,22.530094,0,0
36800,09:14:05,114.042084,22.530319,0,0
36800,09:15:05,114.041878,22.530661,0,2
36800,09:15:05,114.041878,22.530661,1,2
36800,09:16:05,114.042824,22.531,1,12
36800,09:16:54,114.042824,22.531,1,0
36800,09:17:05,114.044678,22.531183,1,15
36800,09:18:05,114.050064,22.531269,1,43
36800,09:19:05,114.057335,22.531347,1,59
36800,09:20:05,114.064323,22.531437,1,27
36800,09:21:05,114.069229,22.530754,1,31
36800,09:22:05,114.068161,22.538374,1,73
36800,09:22:40,114.068161,22.538374,1,0
36800,09:23:05,114.073952,22.542883,1,31
36800,09:23:23,114.074493,22.542578,0,0
36800,09:24:05,114.074593,22.542444,0,1
36800,09:24:46,114.074593,22.542364,1,4
36800,09:25:05,114.074608,22.541876,1,13
36800,09:26:05,114.076164,22.541212,1,6
36800,09:28:05,114.075958,22.540363,1,1
36800,09:28:26,114.075958,22.540363,1,0
36800,09:29:05,114.075974,22.54031,1,0
36800,09:30:05,114.072731,22.538904,1,19
36800,09:31:05,114.072487,22.53886,1,0
36800,09:32:05,114.07209,22.534264,1,61
36800,09:33:05,114.067436,22.531919,1,39
36800,09:34:05,114.063171,22.533466,1,36
36800,09:34:12,114.063171,22.533466,1,0
36800,09:34:13,114.063194,22.533848,0,5
36800,09:34:51,114.063171,22.533873,1,1
36800,09:35:05,114.06311,22.534019,1,5
36800,09:36:05,114.062973,22.536539,1,31
36800,09:37:05,114.06295,22.537086,1,0
36800,09:38:05,114.062836,22.53743,1,20
36800,09:39:05,114.059776,22.537567,1,41
36800,09:39:57,114.059776,22.537567,1,0
36800,09:40:05,114.058365,22.537554,1,0
36800,09:41:05,114.058342,22.537571,1,0
36800,09:42:05,114.055908,22.537493,1,56
36800,09:43:05,114.051529,22.537371,1,28
36800,09:44:05,114.049278,22.539389,1,32
36800,09:44:59,114.04808,22.540998,0,0
36800,09:45:05,114.048088,22.541039,0,0
36800,09:45:43,114.048088,22.541039,0,0
36800,09:46:05,114.047829,22.539902,0,15
36800,09:46:38,114.047401,22.53953,1,10
36800,09:47:05,114.04837,22.541052,1,35
36800,09:48:05,114.051033,22.542433,1,58
36800,09:48:24,114.051033,22.542433,1,0
36800,09:49:05,114.061478,22.542637,1,52
36800,09:50:05,114.067787,22.542416,1,32
36800,09:51:05,114.06839,22.545864,1,6
36800,09:51:28,114.06839,22.545864,1,0
36800,09:52:05,114.069778,22.546684,1,0
36800,09:53:05,114.069771,22.547693,1,4
36800,09:54:05,114.072861,22.547808,1,40
36800,09:55:05,114.075325,22.547171,1,0
36800,09:56:04,114.075325,22.547161,1,0
36800,09:57:04,114.07637,22.546986,1,9
36800,09:57:14,114.07637,22.546986,1,0
36800,09:58:03,114.078362,22.546995,0,2
36800,09:58:04,114.078362,22.546995,0,2
36800,09:58:57,114.078362,22.546995,0,0
36800,09:59:04,114.078629,22.547752,0,20
36800,09:59:24,114.078636,22.548199,1,4
36800,10:00:04,114.078606,22.548923,1,0
36800,10:01:04,114.078491,22.548206,1,21
36800,10:02:04,114.080299,22.54711,1,10
36800,10:03:01,114.080299,22.54711,1,0
36800,10:03:04,114.08374,22.547178,1,9
36800,10:04:04,114.084236,22.545614,1,21
36800,10:05:04,114.085518,22.543873,1,14
36800,10:05:23,114.084908,22.543385,0,22
36800,10:06:04,114.082741,22.543142,0,38
36800,10:07:04,114.076813,22.543171,0,26
36800,10:08:04,114.076195,22.544861,0,11
36800,10:08:47,114.076195,22.544861,0,0
36800,10:09:04,114.076195,22.546537,0,0
36800,10:09:42,114.076195,22.546537,0,0
36800,10:10:04,114.076172,22.546846,0,28
36800,10:11:04,114.076103,22.548735,0,18
36800,10:12:04,114.076096,22.55072,0,0
36800,10:13:04,114.07634,22.551781,0,32
36800,10:14:04,114.077667,22.553528,0,0
36800,10:14:33,114.077667,22.553528,0,0
36800,10:15:04,114.077644,22.55353,0,0
36800,10:16:04,114.080025,22.556494,0,47
36800,10:17:04,114.084412,22.562714,0,34
36800,10:18:04,114.088577,22.562963,0,51
36800,10:19:04,114.089508,22.561203,0,0
36800,10:20:04,114.089996,22.561066,0,28
36800,10:20:19,114.089996,22.561066,0,0
36800,10:21:04,114.094597,22.561424,0,11
36800,10:22:04,114.095718,22.560787,0,6
36800,10:23:04,114.096161,22.560654,0,0
36800,10:23:15,114.096169,22.560633,0,0
36800,10:24:04,114.096214,22.560568,0,0
36800,10:25:04,114.096184,22.560648,0,0
36800,10:26:03,114.096184,22.560648,0,0
36800,10:26:04,114.096191,22.560583,0,0
36800,10:27:04,114.096222,22.560545,0,0
36800,10:28:04,114.096214,22.560575,0,0
36800,10:29:04,114.096184,22.560646,0,0
36800,10:30:04,114.096191,22.56061,0,0
36800,10:31:04,114.096184,22.560585,0,0
36800,10:31:23,114.096184,22.560585,0,0
36800,10:31:48,114.096184,22.560585,0,0
36800,10:32:04,114.096657,22.560696,0,1
36800,10:33:04,114.096741,22.561543,0,5
36800,10:34:04,114.095329,22.561514,0,0
36800,10:35:04,114.093391,22.561447,0,24
36800,10:36:04,114.089943,22.561083,0,0
36800,10:37:04,114.08992,22.561092,0,0
36800,10:37:34,114.089943,22.561083,0,0
36800,10:39:04,114.084999,22.558409,0,48
36800,10:40:04,114.081642,22.559202,0,4
36800,10:40:36,114.08123,22.558786,1,0
36800,10:41:04,114.080299,22.557432,1,31
36800,10:41:56,114.080299,22.557432,1,0
36800,10:42:04,114.077866,22.554083,1,0
36800,10:42:12,114.077866,22.554083,1,0
36800,10:43:04,114.076958,22.552921,1,45
36800,10:43:20,114.077866,22.554083,1,0
36800,10:44:04,114.070282,22.551062,1,46
36800,10:45:04,114.068916,22.551044,1,0
36800,10:46:04,114.067802,22.549109,1,40
36800,10:47:04,114.067642,22.54421,1,56
36800,10:48:04,114.068016,22.535425,1,56
36800,10:49:04,114.063187,22.531878,1,49
36800,10:49:07,114.063187,22.531878,1,0
36800,10:50:04,114.063034,22.5285,1,55
36800,10:51:04,114.062424,22.522709,1,47
36800,10:52:04,114.061394,22.521566,1,0
36800,10:52:39,114.061394,22.521566,1,0
36800,10:53:04,114.061401,22.521566,1,0
36800,10:54:04,114.058907,22.520741,1,17
36800,10:54:26,114.058907,22.521654,0,3
36800,10:54:53,114.058907,22.521654,0,0
36800,10:56:04,114.058594,22.523317,0,19
36800,10:56:23,114.058556,22.523827,1,2
36800,10:57:04,114.058372,22.525787,1,13
36800,10:58:04,114.059395,22.52599,1,7
36800,10:59:04,114.055229,22.525799,1,45
36800,11:00:04,114.05188,22.525763,1,0
36800,11:00:39,114.05188,22.525763,1,0
36800,11:01:04,114.05014,22.525827,1,9
36800,11:02:04,114.045639,22.525753,1,27
36800,11:03:04,114.044807,22.530457,1,50
36800,11:04:04,114.046265,22.53726,1,40
36800,11:04:38,114.048149,22.537304,0,8
36800,11:05:04,114.048149,22.537327,0,0
36800,11:06:04,114.049957,22.535856,0,12
36800,11:06:27,114.049957,22.535856,0,0
36800,11:06:51,114.048363,22.535448,1,0
36800,11:07:04,114.048096,22.535378,1,2
36800,11:08:04,114.048065,22.535446,1,0
36800,11:09:04,114.047699,22.534664,1,33
36800,11:10:04,114.047882,22.532373,1,16
36800,11:11:04,114.043564,22.532063,1,19
36800,11:12:04,114.044014,22.531109,1,30
36800,11:12:12,114.044014,22.531109,1,0
36800,11:13:04,114.051598,22.531384,1,57
36800,11:14:04,114.06134,22.531591,1,64
36800,11:15:04,114.070053,22.531691,1,36
36800,11:16:04,114.075722,22.531656,1,30
36800,11:17:04,114.076759,22.531837,1,10
36800,11:17:56,114.076759,22.531837,1,0
36800,11:18:04,114.077728,22.532373,1,7
36800,11:19:04,114.078453,22.533537,1,14
36800,11:20:04,114.07914,22.535027,1,11
36800,11:21:04,114.083778,22.537357,1,56
36800,11:23:04,114.100471,22.537834,1,40
36800,11:23:39,114.100471,22.537834,1,0
36800,11:24:04,114.105789,22.538473,1,49
36800,11:24:49,114.105789,22.538473,1,0
36800,11:26:04,114.106705,22.541092,1,0
36800,11:27:04,114.10482,22.542221,1,29
36800,11:27:26,114.104507,22.543318,0,11
36800,11:29:04,114.102089,22.543642,1,31
36800,11:29:23,114.104187,22.543182,1,0
36800,11:30:04,114.105598,22.544586,1,0
36800,11:33:04,114.111115,22.542631,1,34
36800,11:34:04,114.110397,22.546902,1,13
36800,11:35:04,114.110031,22.551256,1,38
36800,11:35:08,114.110031,22.551256,1,0
36800,11:36:04,114.110779,22.553974,1,35
36800,11:37:04,114.112473,22.551283,1,19
36800,11:37:34,114.113144,22.550171,0,5
36800,11:38:00,114.113235,22.550116,1,0
36800,11:38:03,114.113243,22.55011,1,0
36800,11:39:15,114.110634,22.54775,1,9
36800,11:40:16,114.110321,22.548656,1,29
36800,11:40:52,114.110321,22.548656,1,0
36800,11:41:16,114.109795,22.55397,1,19
36800,11:42:16,114.112251,22.559319,1,39
36800,11:43:16,114.10675,22.558739,1,37
36800,11:44:16,114.104126,22.560467,1,5
36800,11:44:19,114.104126,22.560472,0,0
36800,11:45:16,114.104141,22.561033,0,14
36800,11:46:16,114.104141,22.561033,0,0
36800,11:46:37,114.104187,22.561543,0,0
36800,11:47:16,114.104355,22.56171,0,0
36800,11:47:23,114.10434,22.561712,1,0
36800,11:48:16,114.10421,22.561686,1,0
36800,11:50:16,114.104019,22.55912,1,0
36800,11:51:16,114.106651,22.558661,1,54
36800,11:52:21,114.106651,22.558661,1,0
36800,11:53:16,114.121246,22.557657,1,42
36800,11:54:16,114.125259,22.553272,1,0
36800,11:55:16,114.125809,22.5499,1,0
36800,11:56:16,114.12587,22.549866,1,0
36800,11:57:01,114.12587,22.549866,1,0
36800,11:57:16,114.126724,22.549772,1,9
36800,11:57:55,114.128159,22.550201,0,0
36800,11:58:05,114.128159,22.550201,0,0
36800,11:58:16,114.128242,22.550133,0,0
36800,11:58:25,114.128258,22.550123,1,2
36800,11:59:16,114.128349,22.550463,1,9
36800,12:00:16,114.127243,22.552664,1,14
36800,12:01:16,114.127563,22.555105,1,47
36800,12:02:16,114.128181,22.556345,1,0
36800,12:03:16,114.130882,22.560463,1,50
36800,12:03:48,114.130882,22.560463,1,0
36800,12:04:16,114.131676,22.561666,1,0
36800,12:05:16,114.132736,22.562981,1,47
36800,12:06:16,114.135246,22.565926,1,0
36800,12:07:16,114.13562,22.566393,1,21
36800,12:07:47,114.13562,22.566393,1,0
36800,12:08:16,114.136078,22.566954,1,0
36800,12:09:16,114.136093,22.566942,1,0
36800,12:09:32,114.136093,22.566942,1,0
36800,12:10:17,114.13739,22.568123,1,30
36800,12:11:16,114.136818,22.569363,0,6
36800,12:11:17,114.13681,22.569368,0,3
36800,12:12:17,114.137253,22.568407,0,21
36800,12:12:49,114.136032,22.566917,1,0
36800,12:13:17,114.134842,22.565487,1,26
36800,12:14:17,114.131767,22.562298,1,32
36800,12:15:17,114.126129,22.559921,1,36
36800,12:15:18,114.126129,22.559921,1,0
36800,12:17:17,114.119179,22.554619,1,26
36800,12:18:17,114.117676,22.552017,1,25
36800,12:18:37,114.117676,22.552017,1,0
36800,12:19:13,114.116547,22.549591,0,1
36800,12:19:17,114.116547,22.549587,0,0
36800,12:20:17,114.116707,22.549307,1,14
36800,12:21:04,114.116707,22.549307,1,0
36800,12:21:17,114.11689,22.547235,1,29
36800,12:22:17,114.117004,22.546873,1,7
36800,12:23:17,114.116768,22.545145,1,8
36800,12:24:17,114.116035,22.544708,1,16
36800,12:25:17,114.11293,22.544342,1,5
36800,12:25:52,114.112274,22.544144,0,4
36800,12:26:17,114.111961,22.544237,0,0
36800,12:26:49,114.111961,22.544237,0,0
36800,12:27:17,114.111824,22.544245,0,0
36800,12:27:40,114.111565,22.544098,1,0
36800,12:28:17,114.11142,22.545355,1,33
36800,12:29:12,114.11142,22.545355,1,0
36800,12:29:17,114.113586,22.545811,1,0
36800,12:29:27,114.113586,22.545811,1,0
36800,12:30:17,114.116951,22.546577,1,0
36800,12:30:50,114.117973,22.546728,0,34
36800,12:31:17,114.118515,22.546753,0,0
36800,12:31:22,114.11853,22.546757,1,0
36800,12:32:17,114.120628,22.547197,1,19
36800,12:32:35,114.120628,22.547197,1,0
36800,12:33:17,114.125793,22.547371,1,28
36800,12:34:17,114.125755,22.545143,1,13
36800,12:35:17,114.123802,22.541067,1,57
36800,12:36:17,114.118027,22.540001,1,43
36800,12:37:17,114.110695,22.537886,1,49
36800,12:38:17,114.105385,22.53842,1,24
36800,12:38:20,114.105385,22.53842,1,0
36800,12:39:51,114.105385,22.53842,1,0
36800,12:40:11,114.105957,22.539488,0,2
36800,12:40:17,114.105965,22.539476,0,1
36800,12:41:17,114.104683,22.539783,0,15
36800,12:43:17,114.108894,22.541704,0,0
36800,12:44:10,114.108894,22.541704,0,0
36800,12:44:17,114.111069,22.542028,0,8
36800,12:45:16,114.110428,22.546722,0,24
36800,12:46:17,114.110413,22.547302,0,15
36800,12:47:16,114.110168,22.550241,0,38
36800,12:48:16,114.110291,22.556362,0,48
36800,12:49:16,114.112007,22.563637,0,60
36800,12:49:55,114.112007,22.563637,0,0
36800,12:50:16,114.112518,22.567299,0,32
36800,12:50:44,114.112518,22.567299,0,0
36800,12:51:16,114.113983,22.573893,0,32
36800,12:52:16,114.114182,22.575884,0,33
36800,12:53:16,114.111732,22.576733,0,40
36800,12:54:16,114.106239,22.574591,0,29
36800,12:55:16,114.099983,22.571587,0,37
36800,12:55:40,114.099983,22.571587,0,0
36800,12:56:16,114.099159,22.576725,0,1
36800,12:57:16,114.099617,22.578182,0,13
36800,12:57:52,114.09967,22.578344,0,0
36800,12:58:16,114.099686,22.5784,0,0
36800,12:58:23,114.099709,22.578403,0,0
36800,12:59:16,114.099709,22.5784,0,0
36800,13:00:16,114.099762,22.578386,0,0
36800,13:01:16,114.099747,22.578382,0,0
36800,13:01:18,114.099709,22.5784,0,0
36800,13:01:26,114.099709,22.5784,0,0
36800,13:02:16,114.099709,22.578402,0,0
36800,13:03:16,114.099762,22.578287,0,5
36800,13:04:16,114.099358,22.578609,0,0
36800,13:04:38,114.099495,22.578547,0,0
36800,13:05:16,114.099541,22.578688,0,0
36800,13:06:16,114.099632,22.578688,0,0
36800,13:07:10,114.099632,22.578688,0,0
36800,13:07:16,114.099586,22.578808,0,0
36800,13:08:16,114.09938,22.578762,0,0
36800,13:09:16,114.099724,22.578768,0,0
36800,13:10:16,114.099678,22.578772,0,0
36800,13:11:16,114.099556,22.57877,0,0
36800,13:12:05,114.099556,22.57877,0,0
36800,13:12:55,114.099472,22.57881,0,0
36800,13:13:16,114.099396,22.578733,0,0
36800,13:14:16,114.099472,22.578749,0,0
36800,13:15:16,114.099678,22.578766,0,0
36800,13:16:16,114.09948,22.578455,0,3
36800,13:18:16,114.099808,22.578068,0,3
36800,13:18:40,114.099808,22.578068,0,0
36800,13:19:16,114.099167,22.578159,0,1
36800,13:20:16,114.099693,22.578203,0,1
36800,13:21:16,114.099495,22.578245,0,3
36800,13:22:16,114.099304,22.578455,0,7
36800,13:22:51,114.099304,22.578455,0,0
36800,13:23:16,114.099548,22.578545,0,1
36800,13:24:16,114.099449,22.578365,0,2
36800,13:24:25,114.099449,22.578365,0,0
36800,13:25:16,114.099594,22.578287,0,2
36800,13:26:16,114.099899,22.578373,0,2
36800,13:27:16,114.099525,22.578487,0,1
36800,13:27:53,114.099426,22.578386,0,0
36800,13:28:16,114.09948,22.578333,0,0
36800,13:29:16,114.099556,22.578354,0,1
36800,13:30:10,114.099556,22.578354,0,0
36800,13:30:16,114.099525,22.578312,0,4
36800,13:31:16,114.099609,22.578508,0,4
36800,13:32:16,114.099724,22.5788,0,4
36800,13:33:01,114.099548,22.578722,0,0
36800,13:33:16,114.099579,22.578781,0,0
36800,13:33:39,114.099579,22.578781,0,0
36800,13:35:16,114.099411,22.578512,0,0
36800,13:35:55,114.099411,22.578512,0,0
36800,13:36:16,114.099594,22.578478,0,0
36800,13:37:16,114.099556,22.578424,0,0
36800,13:38:16,114.099449,22.578569,0,0
36800,13:39:16,114.099342,22.578527,0,0
36800,13:40:16,114.099167,22.578777,0,3
36800,13:41:16,114.100853,22.581335,0,13
36800,13:41:41,114.100853,22.581335,0,0
36800,13:42:16,114.099159,22.57844,0,3
36800,13:43:16,114.098671,22.575314,0,27
36800,13:44:13,114.098671,22.575314,0,0
36800,13:44:16,114.098877,22.570877,0,21
36800,13:44:30,114.098877,22.570877,0,0
36800,13:45:16,114.096443,22.569344,0,28
36800,13:46:16,114.092796,22.568085,0,35
36800,13:47:16,114.088173,22.566839,0,35
36800,13:47:26,114.092796,22.568085,0,0
36800,13:48:16,114.087952,22.564184,0,63
36800,13:49:16,114.08947,22.561357,0,8
36800,13:50:16,114.093246,22.561405,0,41
36800,13:51:16,114.094337,22.561417,0,0
36800,13:52:16,114.095909,22.560778,0,14
36800,13:53:11,114.095909,22.560778,0,0
36800,13:53:16,114.096245,22.560719,0,1
36800,13:53:35,114.096283,22.560719,0,0
36800,13:54:16,114.096306,22.56057,0,0
36800,13:55:01,114.096306,22.56057,0,0
36800,13:55:16,114.096336,22.560528,0,0
36800,13:56:16,114.096375,22.560545,0,0
36800,13:57:16,114.096329,22.560434,0,0
36800,13:58:16,114.096329,22.560429,0,0
36800,13:58:56,114.096329,22.560429,0,0
36800,13:59:16,114.096344,22.560402,0,0
36800,14:00:16,114.096352,22.560457,0,0
36800,14:01:16,114.096359,22.560518,0,0
36800,14:01:29,114.096352,22.56052,0,0
36800,14:02:16,114.096321,22.560598,0,0
36800,14:03:16,114.096275,22.560549,0,0
36800,14:04:16,114.096283,22.560505,0,0
36800,14:04:41,114.096283,22.560505,0,0
36800,14:05:16,114.096313,22.560595,0,0
36800,14:05:47,114.096313,22.560595,0,0
36800,14:06:16,114.096321,22.560574,0,0
36800,14:07:16,114.096252,22.560574,0,0
36800,14:09:16,114.096237,22.560583,0,0
36800,14:10:16,114.096214,22.560577,0,0
36800,14:10:27,114.096214,22.560577,0,0
36800,14:11:16,114.096573,22.560652,0,1
36800,14:12:16,114.09671,22.561493,0,0
36800,14:13:16,114.095993,22.561546,0,16
36800,14:14:16,114.093513,22.561445,0,29
36800,14:15:16,114.090752,22.561382,1,17
36800,14:16:12,114.090752,22.561382,1,0
36800,14:16:16,114.090591,22.559137,1,29
36800,14:17:16,114.09465,22.557749,1,21
36800,14:18:38,114.096931,22.555592,0,3
36800,14:19:16,114.096893,22.555588,0,1
36800,14:20:16,114.096947,22.552858,0,23
36800,14:21:16,114.093185,22.551868,0,16
36800,14:21:56,114.093185,22.551868,0,0
36800,14:22:16,114.091354,22.551834,0,0
36800,14:23:16,114.091331,22.551832,0,0
36800,14:24:16,114.0886,22.551764,0,3
36800,14:25:48,114.084625,22.55171,1,0
36800,14:26:16,114.082825,22.551731,1,34
36800,14:27:07,114.082825,22.551731,1,0
36800,14:27:16,114.081833,22.551886,1,19
36800,14:27:41,114.081833,22.551886,1,0
36800,14:28:16,114.081474,22.556803,1,28
36800,14:29:16,114.083527,22.561283,1,48
36800,14:30:16,114.086784,22.566914,1,32
36800,14:31:16,114.083946,22.571268,1,31
36800,14:31:31,114.083511,22.571598,0,0
36800,14:32:16,114.083458,22.571625,0,5
36800,14:33:02,114.083458,22.57163,1,2
36800,14:33:16,114.082832,22.57205,1,31
36800,14:33:24,114.082832,22.57205,1,0
36800,14:34:16,114.07988,22.573126,1,3
36800,14:35:16,114.082764,22.573561,1,38
36800,14:36:16,114.081825,22.572037,1,41
36800,14:37:16,114.085999,22.567966,1,23
36800,14:37:53,114.085999,22.567966,1,0
36800,14:38:16,114.090912,22.567369,1,44
36800,14:39:09,114.090912,22.567369,1,0
36800,14:39:16,114.098305,22.569717,1,61
36800,14:40:16,114.106491,22.574425,1,51
36800,14:41:16,114.10878,22.575756,1,8
36800,14:42:16,114.11055,22.576342,1,11
36800,14:43:16,114.114288,22.576395,1,47
36800,14:44:16,114.117683,22.572044,1,45
36800,14:44:56,114.117683,22.572044,1,0
36800,14:45:16,114.117935,22.566658,1,48
36800,14:46:16,114.119331,22.560484,1,35
36800,14:47:16,114.120018,22.559704,1,1
36800,14:48:16,114.120049,22.561031,1,15
36800,14:48:42,114.120049,22.561031,1,0
36800,14:49:16,114.122932,22.562042,1,9
36800,14:49:37,114.123444,22.562111,0,20
36800,14:50:16,114.124092,22.562061,0,7
36800,14:50:43,114.124092,22.562061,0,0
36800,14:51:16,114.124802,22.559202,0,4
36800,14:52:16,114.123108,22.5581,0,39
36800,14:53:16,114.118828,22.554087,0,0
36800,14:53:19,114.118813,22.554094,1,0
36800,14:54:16,114.117592,22.552155,1,44
36800,14:55:16,114.116455,22.548994,1,6
36800,14:56:16,114.11676,22.548262,1,18
36800,14:56:27,114.11676,22.548262,1,0
36800,14:57:16,114.116913,22.547045,1,0
36800,14:58:16,114.117004,22.546539,1,21
36800,14:59:16,114.117004,22.546539,1,0
36800,15:00:11,114.114052,22.544254,0,0
36800,15:00:16,114.113998,22.544245,0,0
36800,15:01:16,114.113731,22.545145,0,0
36800,15:02:11,114.113731,22.545145,0,0
36800,15:02:16,114.113075,22.545877,0,31
36800,15:03:16,114.10746,22.545006,0,8
36800,15:04:16,114.102516,22.544098,0,37
36800,15:05:16,114.100105,22.543667,0,0
36800,15:06:16,114.100121,22.543669,0,0
36800,15:07:16,114.096069,22.54352,0,50
36800,15:07:55,114.096069,22.54352,0,0
36800,15:09:57,114.096069,22.54352,0,0
36800,15:10:16,114.084747,22.543213,0,41
36800,15:10:22,114.084747,22.543213,0,0
36800,15:11:16,114.081871,22.543238,0,0
36800,15:12:16,114.078873,22.543165,0,31
36800,15:13:16,114.077095,22.543125,0,19
36800,15:13:39,114.077095,22.543125,0,0
36800,15:14:16,114.076271,22.544477,0,0
36800,15:15:16,114.076225,22.546408,0,28
36800,15:16:16,114.076172,22.550201,0,0
36800,15:17:16,114.076385,22.551863,0,34
36800,15:18:16,114.078636,22.554688,0,26
36800,15:19:16,114.080742,22.557154,0,7
36800,15:19:23,114.080742,22.557154,0,0
36800,15:20:16,114.08223,22.559282,0,10
36800,15:21:16,114.077438,22.558334,0,36
36800,15:22:16,114.07,22.558233,0,41
36800,15:23:16,114.067825,22.562082,0,38
36800,15:24:16,114.067665,22.566959,0,1
36800,15:25:05,114.067673,22.566921,1,5
36800,15:25:08,114.067665,22.566959,0,0
36800,15:25:16,114.067665,22.567408,1,29
36800,15:26:16,114.067535,22.570223,1,24
36800,15:27:16,114.066742,22.575207,1,32
36800,15:28:16,114.061081,22.578106,1,56
36800,15:29:16,114.05452,22.581814,1,40
36800,15:30:16,114.051666,22.588554,1,54
36800,15:30:52,114.051666,22.588554,1,0
36800,15:31:16,114.04657,22.595778,1,49
36800,15:32:14,114.045761,22.598658,0,6
36800,15:32:16,114.045677,22.598694,0,14
36800,15:34:16,114.043648,22.60243,0,43
36800,15:35:16,114.04248,22.603107,0,29
36800,15:36:16,114.039032,22.607006,0,0
36800,15:36:37,114.039032,22.607006,0,0
36800,15:37:16,114.038712,22.607395,0,29
36800,15:38:16,114.033279,22.614023,0,49
36800,15:39:16,114.032692,22.614727,0,0
36800,15:40:16,114.029785,22.618507,0,25
36800,15:40:32,114.029762,22.61865,0,0
36800,15:41:16,114.029755,22.618668,0,0
36800,15:42:12,114.029755,22.618668,0,0
36800,15:42:16,114.029747,22.618673,0,0
36800,15:42:23,114.029747,22.618673,0,0
36800,15:42:29,114.029747,22.618673,0,0
36800,15:43:16,114.029755,22.618664,0,0
36800,15:44:16,114.029762,22.61866,0,0
36800,15:45:16,114.029816,22.618656,0,0
36800,15:46:16,114.029785,22.618654,0,0
36800,15:47:16,114.029785,22.618666,0,0
36800,15:48:07,114.029785,22.618666,0,0
36800,15:48:16,114.029785,22.618677,0,0
36800,15:49:16,114.028946,22.620262,0,51
36800,15:50:16,114.027863,22.623228,0,0
36800,15:51:16,114.027847,22.623228,0,0
36800,15:52:16,114.029366,22.618683,0,23
36800,15:52:58,114.029366,22.618683,0,0
36800,15:53:16,114.028702,22.618172,0,23
36800,15:53:19,114.028702,22.618172,0,0
36800,15:53:24,114.028137,22.617983,1,35
36800,15:53:48,114.025543,22.61647,0,61
36800,15:53:52,114.025543,22.61647,0,0
36800,15:54:16,114.021217,22.614042,0,76
36800,15:55:16,114.019676,22.61191,0,36
36800,15:56:16,114.022331,22.609816,0,23
36800,15:57:16,114.022026,22.611086,0,7
36800,15:58:16,114.021957,22.610928,0,1
36800,15:59:16,114.021744,22.610264,0,8
36800,15:59:36,114.021744,22.610264,0,0
36800,16:00:16,114.022377,22.608622,0,39
36800,16:01:16,114.023903,22.604385,0,0
36800,16:02:16,114.025345,22.597542,0,62
36800,16:03:16,114.022911,22.593573,0,63
36800,16:03:47,114.022911,22.593573,0,0
36800,16:04:16,114.03476,22.59429,0,70
36800,16:05:16,114.045586,22.592012,0,71
36800,16:05:20,114.045586,22.592012,0,0
36800,16:06:16,114.052307,22.587757,0,69
36800,16:07:16,114.057465,22.578552,0,69
36800,16:08:16,114.066589,22.575298,0,44
36800,16:09:16,114.067482,22.570038,0,49
36800,16:10:16,114.067627,22.563309,0,7
36800,16:11:05,114.067627,22.563309,0,0
36800,16:11:16,114.067612,22.561172,0,28
36800,16:12:16,114.06768,22.558502,0,0
36800,16:13:16,114.06768,22.558485,0,0
36800,16:14:16,114.067764,22.553379,0,68
36800,16:15:16,114.067741,22.551752,0,0
36800,16:16:16,114.067764,22.547712,0,39
36800,16:16:48,114.067764,22.547712,0,0
36800,16:17:16,114.067772,22.541519,0,58
36800,16:18:16,114.068092,22.533901,0,76
36800,16:19:16,114.067688,22.530663,0,9
36800,16:20:16,114.067001,22.530994,0,6
36800,16:21:16,114.068916,22.531477,0,26
36800,16:22:16,114.071999,22.531677,0,22
36800,16:22:33,114.071999,22.531677,0,0
36800,16:23:16,114.075645,22.531717,0,13
36800,16:24:16,114.077225,22.531973,0,13
36800,16:25:07,114.077225,22.531973,0,0
36800,16:25:16,114.0784,22.533499,0,7
36800,16:25:26,114.0784,22.533499,0,0
36800,16:26:16,114.079231,22.535383,0,21
36800,16:27:16,114.084007,22.537428,0,21
36800,16:28:16,114.088974,22.537493,0,26
36800,16:28:18,114.084007,22.537428,0,0
36800,16:29:16,114.09697,22.537989,0,45
36800,16:30:16,114.101387,22.53783,0,11
36800,16:31:16,114.102562,22.537998,0,4
36800,16:33:16,114.109924,22.537539,0,32
36800,16:34:04,114.109924,22.537539,0,0
36800,16:34:16,114.111275,22.535089,0,22
36800,16:35:16,114.111427,22.532858,0,0
36800,16:35:53,114.111427,22.532858,0,0
36800,16:36:16,114.111511,22.532087,0,0
36800,16:36:45,114.111511,22.532091,1,3
36800,16:37:16,114.111725,22.532362,1,19
36800,16:38:16,114.111252,22.535282,1,13
36800,16:39:16,114.110649,22.538782,1,8
36800,16:39:49,114.110649,22.538782,1,0
36800,16:40:16,114.110405,22.54137,1,0
36800,16:41:16,114.110451,22.541426,1,0
36800,16:42:16,114.110558,22.541958,1,14
36800,16:43:16,114.110939,22.544443,1,47
36800,16:44:16,114.115097,22.546188,1,25
36800,16:45:16,114.11692,22.546457,1,0
36800,16:45:36,114.11692,22.546457,1,0
36800,16:46:16,114.116936,22.546473,1,7
36800,16:46:42,114.116936,22.546473,1,0
36800,16:47:16,114.121902,22.546864,1,0
36800,16:48:04,114.121445,22.546801,0,0
36800,16:48:16,114.121414,22.546793,0,0
36800,16:49:16,114.121635,22.546812,0,5
36800,16:50:16,114.122696,22.547432,0,44
36800,16:51:16,114.124771,22.547844,0,12
36800,16:51:21,114.122696,22.547432,0,0
36800,16:51:42,114.124321,22.547932,1,3
36800,16:52:16,114.121803,22.547422,1,53
36800,16:53:16,114.11718,22.546696,1,0
36800,16:54:16,114.116936,22.546759,1,1
36800,16:55:16,114.113174,22.546019,1,35
36800,16:56:16,114.110497,22.546766,1,2
36800,16:57:06,114.110497,22.546766,1,0
36800,16:57:16,114.110497,22.546766,1,0
36800,16:58:16,114.111336,22.541704,1,19
36800,16:59:16,114.112076,22.537533,1,32
36800,17:00:16,114.114304,22.534801,1,21
36800,17:00:27,114.114365,22.534731,0,1
36800,17:01:16,114.113441,22.534241,0,6
36800,17:01:40,114.113533,22.534204,1,1
36800,17:02:16,114.115196,22.535303,1,31
36800,17:02:52,114.115196,22.535303,1,0
36800,17:03:16,114.11911,22.539747,1,40
36800,17:04:16,114.111534,22.538033,1,51
36800,17:05:16,114.102737,22.538334,1,51
36800,17:06:16,114.099693,22.54051,1,0
36800,17:07:16,114.099579,22.541998,1,9
36800,17:08:02,114.099579,22.541998,1,0
36800,17:08:38,114.099533,22.542162,1,0
36800,17:09:16,114.099525,22.542152,1,0
36800,17:10:16,114.099564,22.542526,1,12
36800,17:11:16,114.099571,22.542833,1,0
36800,17:12:16,114.099571,22.542854,1,0
36800,17:13:16,114.099663,22.54364,1,22
36800,17:14:15,114.099533,22.549618,1,28
36800,17:14:24,114.099533,22.549618,1,0
36800,17:16:16,114.099525,22.554245,1,0
36800,17:17:15,114.099525,22.554852,1,0
36800,17:18:15,114.099503,22.554853,1,0
36800,17:18:51,114.099503,22.554853,1,0
36800,17:19:15,114.099861,22.555111,1,7
36800,17:19:20,114.099907,22.555138,0,0
36800,17:20:10,114.099907,22.555138,0,0
36800,17:20:15,114.099777,22.555162,0,0
36800,17:21:15,114.09993,22.555037,0,1
36800,17:21:53,114.099968,22.555042,1,4
36800,17:22:15,114.100502,22.555176,1,4
36800,17:23:15,114.101677,22.557072,1,19
36800,17:24:15,114.101936,22.558475,1,44
36800,17:25:15,114.103806,22.558617,1,0
36800,17:25:55,114.103806,22.558617,1,0
36800,17:26:15,114.103828,22.558632,1,0
36800,17:27:15,114.107025,22.560968,1,67
36800,17:28:15,114.107101,22.565584,1,31
36800,17:29:15,114.107483,22.566799,1,14
36800,17:29:38,114.107483,22.566799,1,0
36800,17:30:15,114.107651,22.567753,1,0
36800,17:31:15,114.107529,22.569466,1,11
36800,17:31:39,114.107529,22.569466,1,0
36800,17:32:15,114.107613,22.570187,1,0
36800,17:32:19,114.10762,22.570185,0,0
36800,17:33:15,114.107651,22.570917,0,36
36800,17:34:15,114.107864,22.571955,0,0
36800,17:35:15,114.107834,22.57214,0,9
36800,17:36:15,114.107811,22.56986,0,10
36800,17:36:16,114.107811,22.569838,1,9
36800,17:37:15,114.107895,22.571812,1,0
36800,17:37:23,114.107895,22.571812,1,0
36800,17:38:15,114.107986,22.571817,1,0
36800,17:39:15,114.10714,22.574524,1,17
36800,17:40:11,114.10714,22.574524,1,0
36800,17:40:15,114.111092,22.576363,1,46
36800,17:41:15,114.117386,22.576344,1,38
36800,17:42:15,114.115753,22.578865,1,17
36800,17:43:09,114.115753,22.578865,1,0
36800,17:43:15,114.117607,22.580212,1,4
36800,17:44:15,114.118484,22.57966,1,3
36800,17:45:15,114.119492,22.579344,1,19
36800,17:46:15,114.12088,22.579262,1,0
36800,17:47:15,114.121262,22.579317,1,0
36800,17:48:15,114.121284,22.579403,1,0
36800,17:48:54,114.121284,22.579403,1,0
36800,17:49:15,114.123787,22.579372,1,20
36800,17:50:15,114.128471,22.579681,1,15
36800,17:50:57,114.128471,22.579681,1,0
36800,17:51:15,114.129654,22.579626,1,11
36800,17:53:15,114.130402,22.582323,1,20
36800,17:54:15,114.128723,22.585482,1,40
36800,17:54:39,114.128723,22.585482,1,0
36800,17:55:15,114.127922,22.587091,1,0
36800,17:56:15,114.128487,22.587885,1,7
36800,17:56:58,114.128761,22.589462,0,1
36800,17:57:15,114.128708,22.58989,0,0
36800,17:58:15,114.128777,22.589718,0,8
36800,17:59:15,114.128609,22.587936,0,7
36800,17:59:55,114.128082,22.587576,1,8
36800,18:00:15,114.127945,22.586422,1,9
36800,18:00:27,114.127945,22.586422,1,0
36800,18:01:15,114.13044,22.581779,1,49
36800,18:01:37,114.127945,22.586422,1,0
36800,18:02:15,114.130669,22.580366,1,0
36800,18:03:15,114.130539,22.579226,1,15
36800,18:04:15,114.126534,22.577484,1,37
36800,18:05:15,114.12188,22.576988,1,34
36800,18:06:13,114.12188,22.576988,1,0
36800,18:06:15,114.111488,22.576584,1,64
36800,18:07:15,114.103477,22.572899,1,50
36800,18:08:15,114.099144,22.568701,1,52
36800,18:09:15,114.098846,22.564976,1,15
36800,18:10:15,114.096771,22.564629,1,25
36800,18:11:15,114.095062,22.564663,1,0
36800,18:11:59,114.095062,22.564663,1,0
36800,18:12:14,114.094589,22.563667,0,0
36800,18:12:15,114.094589,22.563667,0,0
36800,18:12:35,114.094589,22.563667,0,0
36800,18:13:15,114.094574,22.562998,0,2
36800,18:14:00,114.09462,22.56361,1,19
36800,18:14:15,114.094589,22.564568,1,23
36800,18:21:15,114.129906,22.577675,1,56
36800,18:22:15,114.137962,22.571299,1,90
36800,18:23:06,114.137962,22.571299,1,0
36800,18:23:15,114.140602,22.560774,1,36
36800,18:23:30,114.137962,22.571299,1,0
36800,18:24:15,114.139236,22.555431,1,24
36800,18:25:15,114.13842,22.555849,1,7
36800,18:27:15,114.140846,22.555788,1,4
36800,18:28:15,114.143303,22.55554,1,31
36800,18:29:15,114.151672,22.556555,1,56
36800,18:29:15,114.143303,22.55554,1,0
36800,18:30:15,114.157738,22.560917,1,9
36800,18:31:15,114.158455,22.561037,1,7
36800,18:32:15,114.158157,22.560308,1,15
36800,18:33:15,114.157425,22.563032,1,28
36800,18:33:52,114.157425,22.563032,1,0
36800,18:34:15,114.160706,22.564358,1,0
36800,18:35:03,114.160706,22.564358,1,0
36800,18:35:15,114.163292,22.56436,1,8
36800,18:35:56,114.165138,22.564339,0,0
36800,18:36:16,114.165154,22.564337,0,0
36800,18:37:10,114.164955,22.564419,1,4
36800,18:38:16,114.160553,22.562632,1,54
36800,18:39:16,114.153503,22.558002,1,58
36800,18:40:16,114.145546,22.555546,1,40
36800,18:40:48,114.145546,22.555546,1,0
36800,18:41:16,114.141548,22.55587,1,15
36800,18:42:16,114.13868,22.554823,1,36
36800,18:43:16,114.136322,22.550261,1,46
36800,18:44:16,114.128815,22.548567,1,9
36800,18:45:16,114.128571,22.549061,1,0
36800,18:46:16,114.12851,22.549706,1,7
36800,18:46:33,114.12851,22.549706,1,0
36800,18:47:50,114.127853,22.550022,1,10
36800,18:48:16,114.127243,22.549782,1,1
36800,18:49:16,114.12719,22.549702,1,0
36800,18:50:16,114.127213,22.549675,1,0
36800,18:51:16,114.126541,22.549704,1,0
36800,18:52:16,114.126511,22.549715,1,0
36800,18:52:18,114.126541,22.549704,1,0
36800,18:53:16,114.126518,22.549772,1,0
36800,18:54:16,114.125923,22.552523,1,0
36800,18:55:16,114.125954,22.552532,1,0
36800,18:55:18,114.125923,22.552523,1,0
36800,18:56:16,114.123466,22.555443,1,48
36800,18:57:16,114.116814,22.558912,1,73
36800,18:58:03,114.116814,22.558912,1,0
36800,18:58:16,114.104919,22.55876,1,18
36800,18:59:16,114.101227,22.558697,1,4
36800,19:00:16,114.097305,22.558653,1,42
36800,19:01:16,114.094757,22.558678,1,0
36800,19:02:16,114.094681,22.558811,1,0
36800,19:03:16,114.094696,22.558926,1,0
36800,19:03:49,114.094696,22.558926,1,0
36800,19:04:16,114.094666,22.559402,1,5
36800,19:05:16,114.094666,22.559862,1,7
36800,19:05:58,114.094696,22.558926,1,0
36800,19:06:16,114.095978,22.559828,1,1
36800,19:07:16,114.096901,22.5599,1,0
36800,19:08:16,114.097794,22.55995,1,3
36800,19:08:48,114.097916,22.559977,0,0
36800,19:09:16,114.097931,22.559992,0,0
36800,19:09:34,114.097794,22.55995,1,0
36800,19:10:16,114.098145,22.560007,0,1
36800,19:11:16,114.098442,22.559847,0,2
36800,19:12:16,114.09906,22.560028,0,0
36800,19:13:16,114.099197,22.560061,0,0
36800,19:14:02,114.099182,22.559513,1,9
36800,19:14:16,114.098969,22.558859,1,24
36800,19:15:16,114.091263,22.558537,1,0
36800,19:15:19,114.098969,22.558859,1,0
36800,19:16:16,114.091255,22.558514,1,0
36800,19:16:48,114.091255,22.558514,1,0
36800,19:17:16,114.091248,22.558504,1,0
36800,19:18:16,114.080666,22.558355,1,85
36800,19:19:16,114.068314,22.558149,1,26
36800,19:20:16,114.06813,22.558144,1,0
36800,19:21:02,114.06813,22.558144,1,0
36800,19:21:16,114.067749,22.555868,1,72
36800,19:22:16,114.06778,22.548189,1,27
36800,19:23:16,114.067474,22.54286,1,58
36800,19:24:16,114.068115,22.534824,1,61
36800,19:25:16,114.067101,22.527142,1,56
36800,19:26:16,114.066742,22.522463,1,49
36800,19:26:46,114.066742,22.522463,1,0
36800,19:27:16,114.068069,22.521479,1,8
36800,19:27:38,114.068069,22.521479,1,0
36800,19:29:16,114.06675,22.52247,0,42
36800,19:30:16,114.066917,22.524021,0,53
36800,19:31:16,114.067619,22.524277,0,0
36800,19:32:16,114.067665,22.524328,0,0
36800,19:32:30,114.067665,22.524328,0,0
36800,19:33:16,114.067642,22.52433,0,0
36800,19:34:16,114.06765,22.524319,0,0
36800,19:35:16,114.06794,22.523922,0,0
36800,19:35:32,114.067802,22.523951,1,3
36800,19:36:16,114.067345,22.526411,1,49
36800,19:37:16,114.068535,22.532763,1,27
36800,19:38:10,114.068535,22.532763,1,0
36800,19:38:14,114.068535,22.532763,1,0
36800,19:38:16,114.065117,22.531937,1,34
36800,19:39:16,114.062981,22.531609,1,50
36800,19:40:16,114.061462,22.527676,1,5
36800,19:41:16,114.061081,22.527588,1,0
36800,19:42:16,114.060425,22.527632,1,4
36800,19:43:16,114.060394,22.527647,1,0
36800,19:44:00,114.060394,22.527647,1,0
36800,19:44:16,114.060295,22.527641,1,0
36800,19:45:16,114.060043,22.527611,1,1
36800,19:46:16,114.060028,22.527555,1,0
36800,19:47:16,114.058365,22.527596,1,3
36800,19:47:43,114.058151,22.527613,0,0
36800,19:48:16,114.057076,22.527637,0,12
36800,19:49:16,114.056992,22.526993,0,1
36800,19:49:45,114.056992,22.526993,0,0
36800,19:50:16,114.057007,22.525965,0,1
36800,19:51:16,114.052376,22.525675,0,34
36800,19:52:16,114.051476,22.528315,0,48
36800,19:53:16,114.055588,22.53137,0,24
36800,19:54:16,114.058365,22.530087,0,14
36800,19:55:28,114.059006,22.528378,0,0
36800,19:56:16,114.058235,22.534243,0,37
36800,19:57:16,114.059143,22.535341,0,16
36800,19:58:16,114.059822,22.53388,0,11
36800,19:59:16,114.060646,22.534397,0,27
36800,19:59:43,114.060646,22.534397,0,0
36800,20:00:16,114.058174,22.536322,0,6
36800,20:01:12,114.058174,22.536322,0,0
36800,20:01:16,114.057915,22.536407,0,0
36800,20:02:16,114.057945,22.536856,0,0
36800,20:03:16,114.057861,22.536776,0,0
36800,20:04:16,114.056206,22.537424,0,0
36800,20:05:16,114.053108,22.537502,0,32
36800,20:05:40,114.051437,22.537228,1,15
36800,20:06:56,114.051437,22.537228,1,0
36800,20:07:16,114.047279,22.537357,1,43
36800,20:08:16,114.044426,22.534361,1,43
36800,20:09:16,114.044739,22.526663,1,13
36800,20:10:16,114.044037,22.525072,1,16
36800,20:10:34,114.044037,22.525072,1,0
36800,20:11:16,114.042175,22.523172,1,5
36800,20:12:39,114.039177,22.524139,0,1
36800,20:12:39,114.039772,22.52384,1,0
36800,20:13:16,114.039047,22.524248,0,0
36800,20:14:16,114.038307,22.523691,0,14
36800,20:15:16,114.037804,22.523638,0,0
36800,20:16:16,114.037796,22.523653,0,0
36800,20:17:16,114.037437,22.52371,0,9
36800,20:17:57,114.033531,22.525824,1,49
36800,20:18:16,114.032967,22.52619,1,0
36800,20:18:24,114.032967,22.52619,1,0
36800,20:19:16,114.032982,22.526222,1,0
36800,20:20:16,114.029549,22.528231,1,37
36800,20:21:05,114.029549,22.528231,1,0
36800,20:21:16,114.026001,22.530703,1,13
36800,20:22:16,114.025726,22.531122,1,7
36800,20:23:16,114.025482,22.531792,1,5
36800,20:24:09,114.025482,22.531792,1,0
36800,20:24:16,114.025375,22.532206,1,3
36800,20:25:16,114.025253,22.532833,1,12
36800,20:26:16,114.024994,22.534147,1,33
36800,20:27:16,114.024887,22.536938,1,16
36800,20:28:16,114.023804,22.536802,1,23
36800,20:28:27,114.023621,22.536764,0,0
36800,20:29:53,114.022293,22.536579,0,0
36800,20:30:16,114.019615,22.536091,0,0
36800,20:31:16,114.019569,22.536077,0,0
36800,20:31:51,114.019569,22.536077,0,0
36800,20:32:16,114.019188,22.537277,0,0
36800,20:33:16,114.018944,22.538403,0,20
36800,20:34:16,114.024826,22.539415,0,0
36800,20:34:25,114.024986,22.539476,1,19
36800,20:35:16,114.030952,22.540541,1,53
36800,20:35:38,114.030952,22.540541,1,0
36800,20:36:16,114.039261,22.54203,1,5
36800,20:37:16,114.043541,22.541327,1,44
36800,20:38:16,114.044403,22.533863,1,34
36800,20:39:16,114.043388,22.530937,1,6
36800,20:40:16,114.049728,22.531298,1,64
36800,20:41:16,114.059097,22.531433,1,51
36800,20:41:23,114.049728,22.531298,1,0
36800,20:42:16,114.062592,22.529423,1,16
36800,20:43:01,114.06218,22.530407,0,1
36800,20:43:16,114.062233,22.530451,0,0
36800,20:44:16,114.060814,22.530651,0,11
36800,20:45:16,114.059525,22.530504,0,10
36800,20:46:16,114.05954,22.529499,0,0
36800,20:47:08,114.05954,22.529499,0,0
36800,20:47:16,114.060654,22.529737,0,10
36800,20:48:16,114.06218,22.529638,0,10
36800,20:48:29,114.062721,22.529522,1,6
36800,20:49:16,114.063133,22.527124,1,30
36800,20:50:16,114.063026,22.535238,1,6
36800,20:51:16,114.062973,22.535206,1,0
36800,20:52:16,114.061462,22.531858,1,34
36800,20:52:57,114.061462,22.531858,1,0
36800,20:53:14,114.061462,22.531858,1,0
36800,20:53:16,114.052536,22.531521,1,57
36800,20:53:34,114.052536,22.531521,1,0
36800,20:54:16,114.041534,22.531082,1,70
36800,20:55:16,114.030617,22.530228,1,63
36800,20:56:16,114.020981,22.53219,1,49
36800,20:57:16,114.013603,22.530647,1,70
36800,20:58:16,114.003235,22.530178,1,69
36800,20:58:42,114.013603,22.530647,1,0
36800,20:59:16,113.992249,22.526058,1,71
36800,21:00:16,113.981026,22.523041,1,75
36800,21:01:16,113.968048,22.522926,1,65
36800,21:02:16,113.958542,22.523039,1,56
36800,21:03:56,113.958542,22.523039,1,0
36800,21:04:27,113.958542,22.523039,1,0
36800,21:06:16,113.950081,22.533115,1,66
36800,21:07:16,113.950821,22.538612,1,25
36800,21:08:16,113.950035,22.54199,1,33
36800,21:09:16,113.948189,22.543385,1,46
36800,21:10:12,113.958542,22.523039,1,0
36800,21:10:16,113.944771,22.546001,1,9
36800,21:11:16,113.945877,22.54891,1,20
36800,21:12:16,113.946106,22.55271,1,16
36800,21:14:16,113.946014,22.550938,0,21
36800,21:14:49,113.94635,22.550558,1,9
36800,21:15:02,113.94635,22.550558,1,0
36800,21:15:16,113.947716,22.550671,1,19
36800,21:15:56,113.94635,22.550558,1,0
36800,21:16:16,113.94854,22.555487,1,25
36800,21:17:16,113.953545,22.551468,1,65
36800,21:18:16,113.953636,22.541285,1,66
36800,21:19:16,113.950935,22.536638,1,62
36800,21:20:16,113.949745,22.530188,1,29
36800,21:21:16,113.948273,22.522438,1,38
36800,21:21:41,113.948273,22.522438,1,0
36800,21:22:16,113.954201,22.523226,1,71
36800,21:23:16,113.966064,22.522709,1,79
36800,21:24:16,113.979469,22.522749,1,85
36800,21:25:16,113.989868,22.524679,1,65
36800,21:25:37,113.989868,22.524679,1,0
36800,21:26:16,113.999268,22.52973,1,73
36800,21:27:16,114.009949,22.529739,1,69
36800,21:27:26,114.009949,22.529739,1,0
36800,21:28:16,114.018944,22.53191,1,49
36800,21:29:16,114.02726,22.530727,1,69
36800,21:30:16,114.036705,22.530275,1,65
36800,21:31:16,114.040825,22.52993,1,2
36800,21:31:58,114.040886,22.529413,0,1
36800,21:32:16,114.040901,22.529411,0,0
36800,21:33:11,114.040901,22.529411,0,0
36800,21:33:16,114.040627,22.530357,0,3
36800,21:33:31,114.040688,22.530478,1,7
36800,21:34:16,114.044334,22.531107,1,32
36800,21:35:15,114.044792,22.531511,1,31
36800,21:36:09,114.044792,22.531511,1,0
36800,21:36:16,114.043732,22.531488,1,28
36800,21:36:27,114.043732,22.531488,1,0
36800,21:37:15,114.044685,22.529709,1,36
36800,21:38:15,114.045029,22.527332,1,33
36800,21:38:56,114.045029,22.527332,1,0
36800,21:39:15,114.044914,22.526867,1,0
36800,21:40:15,114.044807,22.526508,1,5
36800,21:41:15,114.044952,22.529177,1,61
36800,21:42:15,114.049721,22.531239,1,65
36800,21:43:15,114.058098,22.531166,1,30
36800,21:44:15,114.05899,22.528452,1,18
36800,21:44:26,114.059067,22.52809,0,0
36800,21:44:40,114.059067,22.52809,0,0
36800,21:45:15,114.059082,22.528097,0,0
36800,21:46:15,114.05957,22.526525,0,9
36800,21:46:55,114.05957,22.526525,0,0
36800,21:47:15,114.058311,22.532402,0,49
36800,21:48:15,114.059128,22.535353,0,22
36800,21:48:40,114.059494,22.535421,1,20
36800,21:49:15,114.061958,22.535578,1,44
36800,21:50:15,114.062927,22.536266,1,42
36800,21:50:27,114.062927,22.536266,1,0
36800,21:51:15,114.063004,22.537338,1,4
36800,21:52:15,114.062714,22.545906,1,52
36800,21:53:15,114.06263,22.550842,1,0
36800,21:54:15,114.062737,22.550861,1,0
36800,21:55:15,114.062698,22.553019,1,40
36800,21:56:12,114.062698,22.553019,1,0
36800,21:56:15,114.062592,22.559546,1,82
36800,21:57:34,114.062592,22.559546,1,0
36800,21:58:15,114.061928,22.570852,1,8
36800,21:59:15,114.057304,22.571182,1,23
36800,22:00:15,114.05323,22.571194,1,35
36800,22:01:15,114.048409,22.571293,1,24
36800,22:01:56,114.048409,22.571293,1,0
36800,22:02:15,114.042709,22.570507,1,10
36800,22:03:15,114.040039,22.57024,1,24
36800,22:03:45,114.03949,22.571571,0,0
36800,22:04:15,114.039406,22.571648,0,0
36800,22:04:44,114.039246,22.571724,1,3
36800,22:05:15,114.039604,22.571119,1,29
36800,22:06:15,114.040085,22.569958,1,10
36800,22:07:15,114.035713,22.568048,1,1
36800,22:07:41,114.035713,22.568048,1,0
36800,22:08:15,114.035583,22.568132,1,0
36800,22:09:15,114.036217,22.566282,1,40
36800,22:10:15,114.039688,22.562416,1,39
36800,22:11:15,114.047714,22.565027,1,88
36800,22:12:15,114.059586,22.566916,1,56
36800,22:13:15,114.062035,22.569773,1,51
36800,22:13:25,114.062035,22.569773,1,0
36800,22:15:15,114.057411,22.578657,1,41
36800,22:16:15,114.054108,22.58271,1,29
36800,22:17:15,114.051636,22.588669,1,37
36800,22:18:15,114.045006,22.594181,1,17
36800,22:19:03,114.045006,22.594181,1,0
36800,22:19:10,114.045006,22.594181,1,0
36800,22:19:15,114.043343,22.596283,1,44
36800,22:20:15,114.038597,22.599922,1,61
36800,22:24:55,114.038597,22.599922,1,0
36800,22:26:15,114.032219,22.608604,0,0
36800,22:27:15,114.029518,22.612122,0,0
36800,22:28:15,114.02829,22.611805,0,54
36800,22:29:15,114.022438,22.608868,0,10
36800,22:29:42,114.038597,22.599922,1,0
36800,22:30:15,114.021812,22.610075,0,17
36800,22:30:41,114.038597,22.599922,1,0
36800,22:33:15,114.021736,22.610279,1,18
36800,22:34:15,114.023331,22.608578,1,47
36800,22:35:15,114.029045,22.612103,1,1
36800,22:36:15,114.033615,22.613235,1,71
36800,22:36:25,114.033615,22.613235,1,0
36800,22:37:15,114.039322,22.606316,1,57
36800,22:38:15,114.042,22.603132,1,0
36800,22:39:15,114.042648,22.602299,1,42
36800,22:40:15,114.045975,22.596092,1,58
36800,22:41:15,114.052826,22.586832,1,80
36800,22:42:10,114.052826,22.586832,1,0
36800,22:42:15,114.057236,22.578503,1,37
36800,22:43:15,114.066895,22.574778,1,42
36800,22:44:15,114.067551,22.566025,1,89
36800,22:45:15,114.067719,22.558393,1,0
36800,22:46:15,114.067726,22.558409,1,0
36800,22:47:15,114.071701,22.558083,1,78
36800,22:47:55,114.071701,22.558083,1,0
36800,22:48:15,114.085999,22.558273,1,77
36800,22:49:15,114.09655,22.558428,1,60
36800,22:50:15,114.099365,22.554255,1,56
36800,22:51:12,114.099365,22.554255,1,0
36800,22:51:15,114.09951,22.551952,1,0
36800,22:52:15,114.100174,22.551992,1,25
36800,22:52:37,114.10051,22.552073,0,0
36800,22:53:15,114.100464,22.552235,0,1
36800,22:53:26,114.100479,22.552252,1,5
36800,22:53:38,114.100464,22.552235,0,0
36800,22:54:15,114.102631,22.552917,1,6
36800,22:55:15,114.104225,22.552849,1,17
36800,22:58:15,114.105675,22.546738,1,0
36800,22:59:15,114.112503,22.545973,1,62
36800,22:59:22,114.112503,22.545973,1,0
36800,23:00:15,114.113663,22.546129,1,6
36800,23:01:15,114.11425,22.546141,1,0
36800,23:01:59,114.11425,22.546141,1,0
36800,23:02:15,114.115494,22.546432,1,0
36800,23:03:15,114.11615,22.546579,1,1
36800,23:04:15,114.116447,22.546427,1,10
36800,23:05:08,114.116447,22.546427,1,0
36800,23:06:15,114.126839,22.548,1,24
36800,23:07:15,114.129196,22.548473,1,0
36800,23:08:15,114.131607,22.548855,1,17
36800,23:09:15,114.139252,22.549849,1,34
36800,23:10:15,114.142075,22.548767,1,24
36800,23:10:28,114.14183,22.548382,0,1
36800,23:10:53,114.142075,22.548767,1,0
36800,23:11:15,114.141953,22.548498,0,15
36800,23:12:15,114.141685,22.550159,0,20
36800,23:13:15,114.13813,22.549828,0,35
36800,23:14:15,114.130203,22.548702,0,19
36800,23:16:15,114.126183,22.548056,0,0
36800,23:16:38,114.126183,22.548054,0,0
36800,23:16:59,114.126122,22.548037,1,12
36800,23:17:15,114.124252,22.547663,1,60
36800,23:18:15,114.117256,22.546549,1,0
36800,23:19:15,114.115471,22.546265,1,61
36800,23:20:15,114.106613,22.544758,1,0
36800,23:21:15,114.102409,22.543903,1,48
36800,23:22:15,114.099518,22.543358,1,21
36800,23:22:23,114.099518,22.543358,1,0
36800,23:23:22,114.099518,22.543358,1,0
36800,23:24:15,114.088089,22.537607,1,68
36800,23:25:15,114.078552,22.534615,1,56
36800,23:26:15,114.070488,22.531828,1,55
36800,23:27:15,114.060638,22.531969,1,28
36800,23:27:59,114.0597,22.533543,0,0
36800,23:28:08,114.0597,22.533543,0,0
36800,23:28:15,114.059662,22.533487,0,0
36800,23:29:15,114.058517,22.533718,0,15
36800,23:30:10,114.058548,22.535208,1,23
36800,23:30:15,114.058907,22.535273,1,39
36800,23:31:15,114.060516,22.532993,1,42
36800,23:32:15,114.052422,22.531685,1,72
36800,23:33:15,114.044701,22.532728,1,42
36800,23:33:53,114.044701,22.532728,1,0
36800,23:34:07,114.044701,22.532728,1,0
36800,23:34:15,114.044403,22.543467,1,75
36800,23:35:15,114.044296,22.551306,1,50
36800,23:36:15,114.04393,22.556402,1,0
36800,23:37:15,114.043526,22.556849,1,30
36800,23:38:15,114.037361,22.556057,1,49
36800,23:39:15,114.034775,22.554728,1,36
36800,23:39:37,114.034775,22.554728,1,0
36800,23:40:15,114.029732,22.556425,1,1
36800,23:41:15,114.02977,22.557922,1,25
36800,23:42:15,114.028236,22.559269,1,12
36800,23:42:58,114.027466,22.559954,0,0
36800,23:43:15,114.027443,22.560007,0,0
36800,23:44:15,114.027321,22.560061,0,4
36800,23:44:53,114.027321,22.560061,0,0
36800,23:45:15,114.029243,22.558462,0,21
36800,23:45:20,114.027321,22.560061,0,0
36800,23:46:15,114.03112,22.555231,0,43
36800,23:47:15,114.034248,22.550943,0,28
36800,23:48:00,114.035728,22.55163,1,18
36800,23:48:15,114.034744,22.55109,1,32
36800,23:49:15,114.033539,22.553276,1,0
36800,23:50:15,114.029579,22.556498,1,28
36800,23:51:03,114.029579,22.556498,1,0
36800,23:51:15,114.024826,22.561647,1,45
36800,23:52:15,114.024239,22.561073,1,29
36800,23:53:15,114.013687,22.55999,1,69
