32002,00:00:46,114.017197,22.653999,0,18
32002,00:01:46,114.0186,22.6549,0,0
32002,00:02:16,114.0186,22.6551,0,3
32002,00:03:16,114.021202,22.6572,0,15
32002,00:04:15,114.024498,22.655899,0,14
32002,00:04:46,114.024902,22.6555,0,0
32002,00:06:16,114.028603,22.658199,0,6
32002,00:07:16,114.029503,22.658701,0,15
32002,00:07:46,114.031303,22.6584,0,18
32002,00:08:16,114.033401,22.656601,0,17
32002,00:08:46,114.0345,22.6556,0,10
32002,00:09:16,114.035301,22.6549,0,0
32002,00:09:46,114.036102,22.6542,0,20
32002,00:10:16,114.0382,22.652399,0,11
32002,00:10:46,114.0383,22.6523,0,0
32002,00:11:46,114.039001,22.652,0,19
32002,00:12:16,114.042,22.650801,0,11
32002,00:12:46,114.044296,22.65,0,25
32002,00:15:16,114.045303,22.649401,0,6
32002,00:15:46,114.042999,22.6506,0,4
32002,00:16:16,114.0429,22.6506,0,0
32002,00:16:46,114.042702,22.6506,0,7
32002,00:17:16,114.042,22.649599,0,6
32002,00:17:46,114.041901,22.649099,0,0
32002,00:18:16,114.041901,22.649099,0,0
32002,00:18:46,114.041901,22.649099,0,0
32002,00:19:16,114.041901,22.649099,0,0
32002,00:20:17,114.041901,22.649099,0,0
32002,00:20:46,114.041901,22.649099,0,0
32002,00:21:16,114.041901,22.649099,0,0
32002,00:22:16,114.041901,22.649099,0,0
32002,00:23:16,114.041901,22.649099,0,0
32002,00:23:46,114.041901,22.6492,0,0
32002,00:24:16,114.041901,22.6492,0,0
32002,00:24:46,114.041901,22.6492,0,0
32002,00:25:47,114.041901,22.6492,0,0
32002,00:26:16,114.041901,22.6492,0,0
32002,00:26:46,114.041901,22.6492,0,0
32002,00:27:46,114.041801,22.6493,0,0
32002,00:28:16,114.041801,22.6493,0,0
32002,00:28:46,114.041801,22.6493,0,0
32002,00:29:16,114.041801,22.6493,0,0
32002,00:30:18,114.041801,22.6493,0,0
32002,00:31:18,114.041901,22.6492,0,0
32002,00:31:47,114.041901,22.6492,0,0
32002,00:32:17,114.041901,22.6492,0,0
32002,00:32:47,114.041901,22.6492,0,0
32002,00:33:17,114.041901,22.6492,0,0
32002,00:34:47,114.041901,22.6492,0,0
32002,00:35:17,114.041901,22.6492,0,0
32002,00:35:47,114.041901,22.6492,0,0
32002,00:36:17,114.041901,22.6492,0,0
32002,00:36:47,114.041901,22.6492,0,0
32002,00:37:46,114.041901,22.6492,0,0
32002,00:38:46,114.041901,22.6492,0,0
32002,00:39:16,114.041901,22.6492,0,0
32002,00:40:18,114.041901,22.6492,0,0
32002,00:40:48,114.041901,22.6492,0,0
32002,00:41:18,114.041901,22.6492,0,0
32002,00:41:48,114.041901,22.6492,0,0
32002,00:42:18,114.041901,22.6492,0,0
32002,00:42:47,114.041901,22.6492,0,0
32002,00:43:47,114.041901,22.6492,0,0
32002,00:44:17,114.041901,22.6492,0,0
32002,00:44:47,114.041901,22.6492,0,0
32002,00:45:48,114.041901,22.6492,0,0
32002,00:46:18,114.041702,22.649099,0,0
32002,00:46:48,114.041702,22.649099,0,0
32002,00:47:18,114.041702,22.649099,0,0
32002,00:50:17,114.041801,22.6492,0,0
32002,00:51:18,114.041801,22.6492,0,0
32002,00:51:48,114.041801,22.6492,0,0
32002,00:52:18,114.041801,22.6492,0,0
32002,00:52:48,114.041801,22.6492,0,0
32002,00:53:48,114.041801,22.649099,0,0
32002,00:54:17,114.041801,22.649099,0,0
32002,00:55:17,114.041801,22.649099,0,0
32002,00:55:48,114.041801,22.649099,0,0
32002,00:56:48,114.041801,22.649099,0,0
32002,00:57:18,114.041801,22.649099,0,0
32002,00:57:48,114.041801,22.649099,0,0
32002,00:58:18,114.041801,22.649099,0,0
32002,00:58:48,114.041801,22.649099,0,0
32002,00:59:47,114.041801,22.649099,0,0
32002,01:00:17,114.041801,22.649099,0,0
32002,01:01:18,114.041801,22.649099,0,0
32002,01:03:18,114.041801,22.649099,0,0
32002,01:03:48,114.041801,22.649099,0,0
32002,01:04:18,114.041801,22.649099,0,0
32002,01:05:17,114.041801,22.649099,0,0
32002,01:05:49,114.041801,22.649099,0,0
32002,01:06:19,114.041801,22.649099,0,0
32002,01:06:49,114.041801,22.649099,0,0
32002,01:07:49,114.041801,22.649099,0,0
32002,01:08:19,114.041801,22.649099,0,0
32002,01:08:49,114.041801,22.649099,0,0
32002,01:09:19,114.041801,22.649099,0,0
32002,01:10:19,114.041801,22.649099,0,0
32002,01:10:49,114.041801,22.649099,0,0
32002,01:11:19,114.041801,22.649099,0,0
32002,01:11:49,114.041801,22.649099,0,0
32002,01:12:19,114.041801,22.649099,0,0
32002,01:12:49,114.041801,22.649099,0,0
32002,01:13:19,114.041801,22.649099,0,0
32002,01:14:19,114.041801,22.649099,0,0
32002,01:14:49,114.041801,22.649099,0,0
32002,01:15:19,114.041801,22.6492,0,0
32002,01:15:48,114.041801,22.6492,0,0
32002,01:16:19,114.041801,22.6492,0,0
32002,01:17:49,114.041801,22.6492,0,0
32002,01:18:49,114.041801,22.6492,0,0
32002,01:19:19,114.041801,22.6492,0,0
32002,01:20:49,114.041801,22.6492,0,0
32002,01:22:19,114.041801,22.649099,0,0
32002,01:22:49,114.041801,22.649099,0,0
32002,01:23:19,114.041801,22.649099,0,0
32002,01:23:49,114.041801,22.649099,0,0
32002,01:25:19,114.041801,22.649099,0,0
32002,01:25:49,114.041801,22.6492,0,0
32002,01:28:19,114.041801,22.6492,0,0
32002,01:30:19,114.041801,22.6492,0,0
32002,01:30:49,114.041801,22.6492,0,0
32002,01:31:20,114.041801,22.6492,0,0
32002,01:32:19,114.041801,22.6492,0,0
32002,01:32:49,114.041801,22.6492,0,0
32002,01:33:19,114.041801,22.6492,0,0
32002,01:33:49,114.041801,22.6492,0,0
32002,01:34:19,114.041801,22.6492,0,0
32002,01:34:49,114.041801,22.6492,0,0
32002,01:35:19,114.041801,22.6492,0,0
32002,01:36:51,114.041801,22.6492,0,0
32002,01:37:20,114.041801,22.6492,0,0
32002,01:37:50,114.041801,22.6492,0,0
32002,01:38:20,114.041801,22.649099,0,0
32002,01:39:20,114.041801,22.649099,0,0
32002,01:41:51,114.041801,22.6492,0,0
32002,01:43:20,114.041702,22.649401,0,0
32002,01:46:20,114.041702,22.649099,0,0
32002,01:47:21,114.041702,22.649099,0,0
32002,01:47:51,114.041702,22.649099,0,0
32002,01:50:50,114.041702,22.649099,0,0
32002,01:52:51,114.036301,22.648001,0,23
32002,01:53:21,114.0383,22.651699,0,19
32002,01:53:50,114.038399,22.652,0,0
32002,01:54:50,114.038498,22.6521,0,6
32002,01:55:20,114.040001,22.655001,0,31
32002,01:55:50,114.039001,22.6572,0,21
32002,01:57:21,114.0373,22.666,0,31
32002,01:58:21,114.0401,22.674299,0,16
32002,01:58:51,114.041702,22.6744,0,0
32002,01:59:20,114.043602,22.674801,0,21
32002,01:59:50,114.046501,22.6728,0,30
32002,02:00:20,114.048897,22.6702,0,13
32002,02:01:20,114.0541,22.667601,0,25
32002,02:01:52,114.052696,22.664499,0,31
32002,02:03:22,114.052299,22.658199,0,41
32002,02:03:52,114.052803,22.652901,0,36
32002,02:04:22,114.053497,22.648701,0,31
32002,02:05:21,114.054703,22.6425,0,34
32002,02:06:21,114.055397,22.6364,0,0
32002,02:06:51,114.055397,22.6364,0,0
32002,02:07:21,114.055496,22.635,0,26
32002,02:07:51,114.055496,22.6336,0,0
32002,02:08:21,114.055603,22.631201,0,28
32002,02:09:51,114.055603,22.626801,0,25
32002,02:10:20,114.055298,22.6252,0,0
32002,02:11:20,114.055199,22.625099,0,0
32002,02:12:22,114.055603,22.6294,0,13
32002,02:13:22,114.046799,22.6318,0,39
32002,02:13:52,114.041199,22.6329,0,31
32002,02:14:22,114.039299,22.6334,0,12
32002,02:15:22,114.031998,22.634501,0,12
32002,02:15:51,114.028198,22.635401,0,33
32002,02:16:21,114.022499,22.6369,0,43
32002,02:16:51,114.017197,22.6385,0,28
32002,02:17:52,114.009499,22.6464,0,40
32002,02:18:52,114.010399,22.649401,0,0
32002,02:19:22,114.010399,22.649401,0,0
32002,02:19:52,114.010597,22.649599,0,12
32002,02:20:52,114.007401,22.653799,0,9
32002,02:21:51,114.005402,22.6562,0,12
32002,02:23:52,113.998001,22.662001,0,0
32002,02:24:22,113.998001,22.662001,0,0
32002,02:24:52,113.9972,22.6621,0,9
32002,02:25:22,113.995903,22.6626,0,10
32002,02:26:21,113.9963,22.662901,0,0
32002,02:26:51,113.9963,22.662901,0,0
32002,02:27:22,113.9963,22.662901,0,0
32002,02:27:52,113.996201,22.662901,0,0
32002,02:28:22,113.996201,22.662901,0,0
32002,02:28:52,113.996201,22.662901,0,0
32002,02:29:52,113.996201,22.662901,0,0
32002,02:30:52,113.996201,22.662901,0,0
32002,02:31:52,113.996201,22.662901,0,0
32002,02:32:22,113.997902,22.6619,0,26
32002,02:32:52,114.001198,22.6576,0,46
32002,02:33:22,114.003899,22.6555,0,23
32002,02:34:22,114.007301,22.653999,0,4
32002,02:35:22,114.007202,22.653999,0,0
32002,02:35:52,114.007202,22.653999,0,0
32002,02:37:21,114.007004,22.653999,0,0
32002,02:37:53,114.007004,22.653999,0,0
32002,02:39:23,114.007004,22.653999,0,0
32002,02:39:53,114.007004,22.653999,0,0
32002,02:40:23,114.007004,22.653999,0,0
32002,02:40:53,114.007004,22.653999,0,0
32002,02:41:23,114.007004,22.653999,0,0
32002,02:41:53,114.007004,22.653999,0,0
32002,02:42:23,114.007004,22.653999,0,0
32002,02:42:52,114.007004,22.653999,0,0
32002,02:43:22,114.007004,22.653999,0,0
32002,02:43:52,114.007004,22.653999,0,0
32002,02:44:52,114.007004,22.653999,0,0
32002,02:45:22,114.007004,22.653999,0,0
32002,02:45:52,114.007004,22.653999,0,0
32002,02:46:52,114.007004,22.653999,0,0
32002,02:47:54,114.007004,22.653999,0,0
32002,02:48:23,114.007004,22.653999,0,0
32002,02:49:23,114.007004,22.653999,0,0
32002,02:50:53,114.007004,22.653999,0,0
32002,02:51:53,114.007004,22.653999,0,0
32002,02:52:54,114.007004,22.653999,0,0
32002,02:53:24,114.007004,22.653999,0,0
32002,02:53:53,114.007004,22.653999,0,0
32002,02:54:53,114.007004,22.653999,0,0
32002,02:55:23,114.007004,22.653999,0,0
32002,02:55:53,114.007004,22.653999,0,0
32002,02:56:23,114.007004,22.653999,0,0
32002,02:57:23,114.007004,22.653999,0,0
32002,02:57:54,114.007004,22.653999,0,0
32002,02:58:24,114.007004,22.653999,0,0
32002,02:58:54,114.007004,22.653999,0,0
32002,02:59:23,114.007004,22.653999,0,0
32002,02:59:53,114.007004,22.653999,0,0
32002,03:00:23,114.007004,22.653999,0,0
32002,03:00:53,114.007004,22.653999,0,0
32002,03:01:53,114.007004,22.653999,0,0
32002,03:02:23,114.007004,22.653999,0,0
32002,03:02:55,114.007004,22.653999,0,0
32002,03:03:24,114.007004,22.653999,0,0
32002,03:03:54,114.007004,22.653999,0,0
32002,03:04:24,114.007004,22.653999,0,0
32002,03:05:23,114.007004,22.653999,0,0
32002,03:05:53,114.007004,22.653999,0,0
32002,03:06:23,114.007004,22.653999,0,0
32002,03:06:53,114.007004,22.653999,0,0
32002,03:07:23,114.007004,22.653999,0,0
32002,03:08:24,114.007004,22.653999,0,0
32002,03:09:24,114.007004,22.653999,0,0
32002,03:09:54,114.007004,22.653999,0,0
32002,03:10:24,114.007004,22.653999,0,0
32002,03:10:53,114.007004,22.653999,0,0
32002,03:11:23,114.007004,22.653999,0,0
32002,03:11:53,114.007004,22.653999,0,0
32002,03:12:53,114.007004,22.653999,0,0
32002,03:13:25,114.007004,22.653999,0,0
32002,03:13:55,114.007004,22.653999,0,0
32002,03:14:25,114.007004,22.653999,0,0
32002,03:14:55,114.007004,22.653999,0,0
32002,03:15:25,114.007004,22.653999,0,0
32002,03:16:24,114.007004,22.653999,0,0
32002,03:17:24,114.007004,22.653999,0,0
32002,03:17:54,114.007004,22.653999,0,0
32002,03:18:24,114.007004,22.653999,0,0
32002,03:18:54,114.007004,22.653999,0,0
32002,03:19:54,114.007004,22.653999,0,0
32002,03:20:54,114.007004,22.653999,0,0
32002,03:21:23,114.007004,22.653999,0,0
32002,03:22:53,114.007004,22.653999,0,0
32002,03:23:25,114.007004,22.653999,0,0
32002,03:23:55,114.007004,22.653999,0,0
32002,03:24:25,114.007004,22.653999,0,0
32002,03:24:55,114.007004,22.653999,0,0
32002,03:25:25,114.007004,22.653999,0,0
32002,03:25:55,114.007004,22.653999,0,0
32002,03:26:25,114.007004,22.653999,0,0
32002,03:26:54,114.007004,22.653999,0,0
32002,03:27:24,114.007004,22.653999,0,0
32002,03:29:26,114.007004,22.653999,0,0
32002,03:29:56,114.007004,22.653999,0,0
32002,03:30:26,114.007004,22.653999,0,0
32002,03:30:56,114.007004,22.653999,0,0
32002,03:31:26,114.007004,22.653999,0,0
32002,03:31:56,114.007004,22.653999,0,0
32002,03:32:25,114.007004,22.653999,0,0
32002,03:32:55,114.007004,22.653999,0,0
32002,03:33:25,114.007004,22.653999,0,0
32002,03:33:55,114.007004,22.653999,0,0
32002,03:34:25,114.007004,22.653999,0,0
32002,03:35:25,114.007004,22.653999,0,0
32002,03:35:55,114.007004,22.653999,0,0
32002,03:36:25,114.007004,22.653999,0,0
32002,03:36:55,114.007004,22.653999,0,0
32002,03:37:25,114.007004,22.653999,0,0
32002,03:37:54,114.007004,22.653999,0,0
32002,03:40:26,114.007004,22.653999,0,0
32002,03:41:26,114.007004,22.653999,0,0
32002,03:41:56,114.007004,22.653999,0,0
32002,03:44:25,114.007004,22.653999,0,0
32002,03:44:55,114.007004,22.653999,0,0
32002,03:45:25,114.007004,22.653999,0,0
32002,03:45:55,114.007004,22.653999,0,0
32002,03:46:25,114.007004,22.653999,0,0
32002,03:46:55,114.007004,22.653999,0,0
32002,03:47:55,114.007004,22.653999,0,0
32002,03:48:25,114.007004,22.653999,0,0
32002,03:49:26,114.007004,22.653999,0,0
32002,03:49:56,114.007004,22.653999,0,0
32002,03:50:26,114.007004,22.653999,0,0
32002,03:50:56,114.007004,22.653999,0,0
32002,03:51:26,114.007004,22.653999,0,0
32002,03:51:56,114.007004,22.653999,0,0
32002,03:53:26,114.007004,22.653999,0,0
32002,03:53:57,114.007004,22.653999,0,0
32002,03:54:26,114.007004,22.653999,0,0
32002,03:55:26,114.007004,22.653999,0,0
32002,03:55:56,114.007004,22.653999,0,0
32002,03:56:26,114.007004,22.653999,0,0
32002,03:56:56,114.007004,22.653999,0,0
32002,03:57:26,114.007004,22.653999,0,0
32002,03:57:56,114.007004,22.653999,0,0
32002,03:58:26,114.007004,22.653999,0,0
32002,03:58:57,114.007004,22.653999,0,0
32002,03:59:26,114.007004,22.653999,0,0
32002,04:00:26,114.007004,22.653999,0,0
32002,04:00:56,114.007004,22.653999,0,0
32002,04:01:56,114.007004,22.653999,0,0
32002,04:03:26,114.007103,22.653999,0,0
32002,04:03:56,114.007103,22.653999,0,0
32002,04:04:28,114.007103,22.653999,0,0
32002,04:05:27,114.007103,22.653999,0,0
32002,04:05:57,114.007103,22.653999,0,0
32002,04:06:27,114.007103,22.653999,0,0
32002,04:06:57,114.007103,22.653999,0,0
32002,04:07:27,114.007103,22.653999,0,0
32002,04:07:57,114.007103,22.653999,0,0
32002,04:08:27,114.007103,22.653999,0,0
32002,04:10:26,114.007103,22.653999,0,0
32002,04:10:56,114.007103,22.653999,0,0
32002,04:11:26,114.007103,22.653999,0,0
32002,04:11:56,114.007103,22.653999,0,0
32002,04:12:56,114.007103,22.653999,0,0
32002,04:13:56,114.007103,22.653999,0,0
32002,04:14:27,114.007103,22.653999,0,0
32002,04:14:57,114.007103,22.653999,0,0
32002,04:15:56,114.007202,22.6539,0,0
32002,04:16:26,114.007401,22.6541,0,0
32002,04:16:56,114.007401,22.6541,0,0
32002,04:17:26,114.007401,22.6541,0,0
32002,04:18:56,114.007202,22.6539,0,0
32002,04:19:58,114.007202,22.6539,0,0
32002,04:20:28,114.007202,22.6539,0,0
32002,04:21:27,114.007202,22.6539,0,0
32002,04:21:57,114.007401,22.6541,0,0
32002,04:22:57,114.007202,22.6539,0,0
32002,04:24:58,114.007202,22.6539,0,0
32002,04:25:58,114.007202,22.6539,0,0
32002,04:26:28,114.007202,22.6539,0,0
32002,04:26:58,114.008102,22.6528,0,23
32002,04:27:57,114.008202,22.648399,0,16
32002,04:28:27,114.006798,22.6507,0,5
32002,04:28:57,114.006897,22.6507,0,0
32002,04:29:28,114.006897,22.6507,0,0
32002,04:29:58,114.006897,22.6507,0,0
32002,04:30:58,114.006897,22.6507,0,0
32002,04:31:28,114.006897,22.6507,0,0
32002,04:31:58,114.006897,22.6507,0,0
32002,04:32:28,114.006897,22.6507,0,0
32002,04:32:57,114.006897,22.6507,0,0
32002,04:33:27,114.006897,22.6507,0,0
32002,04:34:58,114.006897,22.6507,0,0
32002,04:35:58,114.006897,22.6507,0,0
32002,04:36:58,114.006897,22.6507,0,0
32002,04:37:28,114.006897,22.6507,0,0
32002,04:37:58,114.006897,22.6507,0,0
32002,04:38:57,114.006897,22.6507,0,0
32002,04:39:27,114.006401,22.6511,0,2
32002,04:39:58,114.006203,22.6511,0,3
32002,04:40:28,114.006599,22.6509,0,7
32002,04:40:58,114.006699,22.650801,0,0
32002,04:41:28,114.006699,22.650801,0,0
32002,04:41:58,114.006699,22.650801,0,0
32002,04:42:28,114.006699,22.650801,0,0
32002,04:42:58,114.006699,22.650801,0,0
32002,04:43:28,114.006699,22.650801,0,0
32002,04:43:57,114.006699,22.650801,0,0
32002,04:44:58,114.006699,22.650801,0,0
32002,04:45:28,114.006699,22.650801,0,0
32002,04:45:58,114.006699,22.650801,0,0
32002,04:46:28,114.006699,22.650801,0,0
32002,04:46:58,114.006699,22.650801,0,0
32002,04:47:28,114.006699,22.650801,0,0
32002,04:47:58,114.006699,22.650801,0,0
32002,04:48:58,114.006699,22.650801,0,0
32002,04:49:27,114.006699,22.650801,0,0
32002,04:49:59,114.006699,22.650801,0,0
32002,04:50:29,114.006699,22.650801,0,0
32002,04:51:59,114.006699,22.6509,0,0
32002,04:52:29,114.006798,22.650801,0,0
32002,04:52:59,114.006798,22.650801,0,0
32002,04:54:29,114.006798,22.650801,0,0
32002,04:54:59,114.006798,22.650801,0,0
32002,04:57:29,114.006798,22.650801,0,0
32002,04:57:59,114.006798,22.650801,0,0
32002,04:58:29,114.006798,22.650801,0,0
32002,04:58:59,114.006798,22.650801,0,0
32002,05:00:29,114.006798,22.650801,0,0
32002,05:00:59,114.006798,22.650801,0,0
32002,05:01:29,114.006798,22.650801,0,0
32002,05:01:59,114.006798,22.650801,0,0
32002,05:02:29,114.006798,22.650801,0,0
32002,05:02:59,114.006798,22.650801,0,0
32002,05:03:29,114.006798,22.650801,0,0
32002,05:03:59,114.006798,22.650801,0,0
32002,05:04:59,114.006798,22.650801,0,0
32002,05:05:59,114.006798,22.650801,0,0
32002,05:06:29,114.006798,22.650801,0,0
32002,05:06:59,114.006798,22.650801,0,0
32002,05:07:29,114.006798,22.650801,0,0
32002,05:08:29,114.006798,22.650801,0,0
32002,05:08:59,114.006798,22.650801,0,0
32002,05:09:29,114.006798,22.650801,0,0
32002,05:10:30,114.006798,22.650801,0,0
32002,05:11:29,114.006798,22.650801,0,0
32002,05:11:59,114.006798,22.650801,0,0
32002,05:12:29,114.006798,22.650801,0,0
32002,05:12:59,114.006798,22.650801,0,0
32002,05:13:29,114.006798,22.650801,0,0
32002,05:13:59,114.006798,22.650801,0,0
32002,05:16:01,114.006798,22.650801,0,0
32002,05:16:31,114.006798,22.650801,0,0
32002,05:17:00,114.006798,22.650801,0,0
32002,05:17:30,114.006798,22.650801,0,0
32002,05:18:00,114.006798,22.650801,0,0
32002,05:18:30,114.006798,22.650801,0,0
32002,05:19:00,114.006798,22.650801,0,0
32002,05:19:30,114.006798,22.650801,0,0
32002,05:20:00,114.006798,22.650801,0,0
32002,05:21:00,114.006798,22.650801,0,0
32002,05:22:29,114.006798,22.650801,0,0
32002,05:22:59,114.006798,22.650801,0,0
32002,05:23:29,114.006798,22.650801,0,0
32002,05:24:59,114.006798,22.650801,0,0
32002,05:25:31,114.006798,22.650801,0,0
32002,05:26:01,114.006798,22.650801,0,0
32002,05:27:01,114.006798,22.650801,0,0
32002,05:27:31,114.006798,22.650801,0,0
32002,05:28:00,114.006798,22.650801,0,0
32002,05:28:30,114.006798,22.650801,0,0
32002,05:29:00,114.006798,22.650801,0,0
32002,05:30:00,114.006798,22.650801,0,0
32002,05:30:30,114.006798,22.650801,0,0
32002,05:31:01,114.006798,22.650801,0,0
32002,05:32:01,114.006798,22.650801,0,0
32002,05:32:31,114.006798,22.650801,0,0
32002,05:33:00,114.006798,22.650801,0,0
32002,05:34:00,114.006798,22.650801,0,0
32002,05:34:30,114.006798,22.650801,0,0
32002,05:35:00,114.006798,22.650801,0,0
32002,05:35:30,114.006798,22.650801,0,0
32002,05:36:01,114.006798,22.650801,0,0
32002,05:36:31,114.006798,22.650801,0,0
32002,05:37:01,114.006798,22.650801,0,0
32002,05:37:31,114.006798,22.650801,0,0
32002,05:38:01,114.006798,22.650801,0,0
32002,05:39:00,114.006798,22.650801,0,0
32002,05:39:30,114.006798,22.650801,0,0
32002,05:40:00,114.006798,22.650801,0,0
32002,05:41:01,114.006798,22.650801,0,0
32002,05:41:31,114.006798,22.650801,0,0
32002,05:42:01,114.006798,22.650801,0,0
32002,05:43:31,114.006798,22.650801,0,0
32002,05:44:01,114.006798,22.650801,0,0
32002,05:45:00,114.006798,22.650801,0,0
32002,05:45:30,114.006798,22.650801,0,0
32002,05:46:01,114.006798,22.650801,0,0
32002,05:46:31,114.006798,22.650801,0,0
32002,05:48:31,114.006798,22.650801,0,0
32002,05:49:01,114.006798,22.650801,0,0
32002,05:49:31,114.006798,22.650801,0,0
32002,05:50:00,114.006798,22.650801,0,0
32002,05:50:30,114.006798,22.650801,0,0
32002,05:52:31,114.006798,22.650801,0,0
32002,05:53:01,114.006798,22.650801,0,0
32002,05:53:31,114.006798,22.650801,0,0
32002,05:54:01,114.006798,22.650801,0,0
32002,05:54:31,114.006798,22.650801,0,0
32002,05:56:02,114.006798,22.650801,0,0
32002,05:56:32,114.006798,22.650801,0,0
32002,05:57:02,114.006798,22.650801,0,0
32002,05:57:32,114.006798,22.650801,0,0
32002,05:58:02,114.006798,22.650801,0,0
32002,05:59:02,114.006798,22.650801,0,0
32002,05:59:32,114.006798,22.650801,0,0
32002,06:00:32,114.006798,22.650801,0,0
32002,06:01:01,114.006798,22.650801,0,0
32002,06:01:32,114.006798,22.650801,0,0
32002,06:02:02,114.006798,22.650801,0,0
32002,06:02:32,114.006798,22.650801,0,0
32002,06:03:02,114.006798,22.650801,0,0
32002,06:03:32,114.006798,22.650801,0,0
32002,06:04:02,114.006798,22.650801,0,0
32002,06:04:32,114.006798,22.650801,0,0
32002,06:05:02,114.006798,22.650801,0,0
32002,06:05:32,114.006798,22.650801,0,0
32002,06:06:32,114.006798,22.650801,0,0
32002,06:08:32,114.006798,22.650801,0,0
32002,06:09:02,114.006798,22.650801,0,0
32002,06:10:02,114.006798,22.650801,0,0
32002,06:10:32,114.006798,22.650801,0,0
32002,06:11:02,114.006798,22.650801,0,0
32002,06:11:33,114.006798,22.650801,0,0
32002,06:12:33,114.006798,22.650801,0,0
32002,06:13:03,114.006798,22.650801,0,0
32002,06:14:03,114.006798,22.650801,0,0
32002,06:15:03,114.006798,22.650801,0,0
32002,06:16:03,114.006798,22.650801,0,0
32002,06:16:33,114.006798,22.650801,0,0
32002,06:17:03,114.006798,22.650801,0,0
32002,06:18:02,114.006798,22.650801,0,0
32002,06:20:02,114.006798,22.650801,0,0
32002,06:20:32,114.006798,22.650801,0,0
32002,06:21:02,114.006798,22.650801,0,0
32002,06:22:34,114.006798,22.650801,0,0
32002,06:23:03,114.006798,22.650801,0,0
32002,06:23:33,114.006798,22.650801,0,0
32002,06:24:03,114.006798,22.650801,0,0
32002,06:24:33,114.006798,22.650801,0,0
32002,06:25:03,114.006798,22.650801,0,0
32002,06:26:03,114.006798,22.650801,0,0
32002,06:26:33,114.006798,22.650801,0,0
32002,06:27:03,114.006798,22.650801,0,0
32002,06:27:33,114.006798,22.650801,0,0
32002,06:28:02,114.006798,22.650801,0,0
32002,06:28:32,114.006798,22.650801,0,0
32002,06:29:02,114.006798,22.650801,0,0
32002,06:29:32,114.006798,22.650801,0,0
32002,06:30:02,114.006798,22.650801,0,0
32002,06:30:32,114.006798,22.650801,0,0
32002,06:31:02,114.006798,22.650801,0,0
32002,06:32:04,114.006798,22.650801,0,0
32002,06:33:33,114.006798,22.650801,0,0
32002,06:34:03,114.006798,22.650801,0,0
32002,06:35:33,114.006798,22.650801,0,0
32002,06:36:03,114.006798,22.650801,0,0
32002,06:36:33,114.006798,22.650801,0,0
32002,06:37:05,114.006798,22.650801,0,0
32002,06:37:35,114.006798,22.650801,0,0
32002,06:38:35,114.006798,22.650801,0,0
32002,06:39:04,114.006798,22.650801,0,0
32002,06:39:34,114.006798,22.650801,0,0
32002,06:40:04,114.006798,22.650801,0,0
32002,06:41:04,114.006798,22.650801,0,0
32002,06:41:34,114.006798,22.650801,0,0
32002,06:42:04,114.006302,22.6511,0,5
32002,06:42:34,114.004997,22.6528,0,20
32002,06:43:34,114.005402,22.656401,0,7
32002,06:44:04,114.007103,22.6541,0,18
32002,06:44:33,114.008499,22.6523,0,14
32002,06:45:03,114.009697,22.650801,0,7
32002,06:46:03,114.013702,22.651199,0,14
32002,06:46:33,114.016701,22.6537,0,29
32002,06:47:05,114.018303,22.654499,0,7
32002,06:47:35,114.019897,22.656099,0,32
32002,06:48:05,114.022499,22.6579,0,0
32002,06:48:35,114.022499,22.6579,0,6
32002,06:49:35,114.026604,22.6609,0,33
32002,06:50:04,114.030098,22.663601,0,39
32002,06:50:34,114.030502,22.6644,0,0
32002,06:51:04,114.030502,22.6644,0,0
32002,06:52:04,114.033096,22.67,0,39
32002,06:54:04,114.0373,22.667999,0,28
32002,06:55:33,114.0373,22.658501,0,0
32002,06:56:03,114.038002,22.6577,0,17
32002,06:56:33,114.040298,22.656401,0,17
32002,06:57:35,114.040604,22.6513,0,32
32002,06:58:05,114.041901,22.6495,0,20
32002,06:58:35,114.041397,22.649401,0,0
32002,06:59:05,114.041199,22.6493,0,0
32002,06:59:35,114.0411,22.649099,0,0
32002,07:00:05,114.0411,22.6493,0,0
32002,07:01:04,114.041199,22.6495,0,0
32002,07:01:34,114.0411,22.6492,0,0
32002,07:02:04,114.0411,22.6492,0,0
32002,07:03:04,114.041199,22.6493,0,0
32002,07:03:34,114.041199,22.649401,0,0
32002,07:04:04,114.041199,22.649401,0,0
32002,07:04:34,114.041199,22.649401,0,0
32002,07:06:33,114.041298,22.649401,0,0
32002,07:07:03,114.041298,22.649401,0,0
32002,07:07:35,114.041298,22.649401,0,0
32002,07:08:05,114.041199,22.6492,0,0
32002,07:08:35,114.041199,22.6492,0,0
32002,07:09:05,114.041199,22.6492,0,0
32002,07:09:35,114.041199,22.6492,0,0
32002,07:10:05,114.041199,22.6492,0,0
32002,07:12:04,114.041199,22.6492,0,0
32002,07:12:36,114.041199,22.6492,0,0
32002,07:13:06,114.041199,22.649099,0,0
32002,07:13:36,114.041298,22.6493,0,0
32002,07:14:06,114.041298,22.6493,0,0
32002,07:15:06,114.041298,22.6493,0,0
32002,07:16:36,114.041199,22.6492,0,0
32002,07:17:05,114.0411,22.649099,0,0
32002,07:17:35,114.041199,22.649099,0,0
32002,07:18:05,114.041199,22.649099,0,0
32002,07:18:35,114.041199,22.649099,0,0
32002,07:20:05,114.041298,22.6492,0,0
32002,07:20:35,114.041298,22.6492,0,0
32002,07:22:05,114.041298,22.6492,0,0
32002,07:22:34,114.041298,22.6492,0,0
32002,07:23:36,114.041298,22.6492,0,0
32002,07:24:06,114.041298,22.6492,0,0
32002,07:24:36,114.041298,22.6492,0,0
32002,07:25:06,114.041298,22.6493,0,0
32002,07:26:06,114.041298,22.6492,0,0
32002,07:26:36,114.041298,22.6492,0,0
32002,07:27:06,114.041298,22.6492,0,0
32002,07:27:36,114.041298,22.6493,0,0
32002,07:29:05,114.041298,22.648399,0,18
32002,07:30:05,114.037102,22.6469,0,28
32002,07:30:35,114.035103,22.646,0,25
32002,07:31:05,114.0336,22.643499,0,12
32002,07:31:35,114.031303,22.6437,0,24
32002,07:32:05,114.028198,22.6448,0,7
32002,07:32:35,114.028099,22.6448,0,0
32002,07:33:36,114.028099,22.6448,0,0
32002,07:34:06,114.028099,22.6448,0,0
32002,07:35:36,114.025101,22.640699,0,23
32002,07:36:36,114.022202,22.642099,0,0
32002,07:37:06,114.022202,22.642099,0,0
32002,07:38:07,114.022301,22.642099,0,0
32002,07:39:06,114.022301,22.642099,0,0
32002,07:39:36,114.022301,22.642099,0,0
32002,07:40:36,114.022301,22.642099,0,0
32002,07:41:06,114.021896,22.640699,0,9
32002,07:41:36,114.021599,22.6397,0,9
32002,07:42:06,114.021103,22.637899,0,5
32002,07:42:36,114.021103,22.637899,0,0
32002,07:43:07,114.021599,22.6369,0,24
32002,07:44:36,114.025497,22.6311,0,0
32002,07:45:06,114.025497,22.6311,0,0
32002,07:46:36,114.027397,22.624201,0,10
32002,07:47:06,114.028297,22.621599,0,25
32002,07:48:38,114.032204,22.615101,0,0
32002,07:49:08,114.032204,22.615101,0,0
32002,07:49:38,114.032204,22.615101,0,0
32002,07:50:07,114.032204,22.615101,0,0
32002,07:50:37,114.033699,22.615601,0,22
32002,07:51:07,114.035103,22.6164,0,0
32002,07:51:37,114.0364,22.6171,0,19
32002,07:52:07,114.037498,22.6164,0,0
32002,07:52:37,114.0383,22.6152,0,0
32002,07:53:07,114.038696,22.6145,0,10
32002,07:53:37,114.037498,22.6131,0,11
32002,07:54:07,114.036301,22.612,0,6
32002,07:54:37,114.035202,22.611799,0,17
32002,07:55:06,114.032997,22.614401,0,8
32002,07:56:36,114.029198,22.6194,0,29
32002,07:57:36,114.027199,22.6255,0,29
32002,07:58:06,114.025597,22.6308,0,38
32002,07:58:38,114.024696,22.6353,0,11
32002,07:59:38,114.025299,22.6387,0,36
32002,08:00:08,114.026497,22.6418,0,26
32002,08:02:07,114.027603,22.644501,0,0
32002,08:03:37,114.023804,22.646601,0,14
32002,08:04:07,114.022903,22.650101,0,25
32002,08:04:37,114.0214,22.652201,0,0
32002,08:05:07,114.0214,22.652201,0,0
32002,08:05:37,114.0214,22.652201,0,0
32002,08:06:06,114.020599,22.6532,0,5
32002,08:07:06,114.017601,22.656601,0,21
32002,08:08:06,114.015404,22.6569,0,1
32002,08:08:38,114.015602,22.6567,0,7
32002,08:09:08,114.014603,22.6565,0,0
32002,08:09:38,114.014603,22.656099,0,11
32002,08:10:08,114.0158,22.654499,0,10
32002,08:10:12,114.0214,22.652201,0,0
32002,08:10:38,114.016296,22.6539,0,0
32002,08:11:08,114.016296,22.6539,0,0
32002,08:11:37,114.017097,22.6542,0,2
32002,08:12:07,114.017899,22.654699,0,0
32002,08:12:37,114.018799,22.655199,0,13
32002,08:13:07,114.020599,22.6569,0,19
32002,08:13:38,114.022499,22.658001,0,9
32002,08:14:38,114.027,22.652901,0,21
32002,08:15:38,114.029701,22.650299,0,22
32002,08:16:08,114.031601,22.648399,0,17
32002,08:16:38,114.029602,22.646601,0,0
32002,08:17:07,114.029503,22.6464,0,11
32002,08:17:37,114.027901,22.6448,0,14
32002,08:18:07,114.030502,22.643801,0,26
32002,08:18:38,114.032097,22.643299,0,0
32002,08:19:08,114.0326,22.6432,0,10
32002,08:20:08,114.032402,22.6401,0,11
32002,08:20:38,114.031898,22.637899,0,29
32002,08:21:08,114.032097,22.635099,0,10
32002,08:21:38,114.030701,22.634701,0,28
32002,08:22:08,114.025597,22.6362,0,18
32002,08:22:37,114.024399,22.636299,0,0
32002,08:23:07,114.024399,22.636299,0,5
32002,08:23:37,114.025002,22.632999,0,33
32002,08:24:09,114.025398,22.6311,0,0
32002,08:24:39,114.025398,22.6311,0,0
32002,08:25:09,114.025398,22.6311,0,0
32002,08:25:39,114.0261,22.628599,0,29
32002,08:26:09,114.027199,22.624901,0,18
32002,08:26:39,114.027802,22.622999,0,21
32002,08:27:09,114.028702,22.620001,0,15
32002,08:27:38,114.028603,22.618,0,22
32002,08:28:08,114.026802,22.6171,0,0
32002,08:28:38,114.026802,22.6171,0,0
32002,08:29:08,114.026703,22.616199,0,24
32002,08:29:38,114.027496,22.614,0,22
32002,08:30:08,114.026398,22.6131,0,0
32002,08:30:38,114.026398,22.6131,0,0
32002,08:31:10,114.026001,22.6122,0,15
32002,08:31:40,114.027199,22.610701,0,0
32002,08:32:10,114.027397,22.6108,0,8
32002,08:32:40,114.029198,22.612101,0,9
32002,08:33:09,114.031601,22.614201,0,17
32002,08:34:39,114.031998,22.6145,0,0
32002,08:35:39,114.033302,22.6154,0,11
32002,08:36:09,114.034302,22.6159,0,16
32002,08:36:39,114.036301,22.6171,0,9
32002,08:37:09,114.0364,22.6171,0,0
32002,08:37:39,114.0364,22.6171,0,0
32002,08:38:08,114.036697,22.618099,0,23
32002,08:38:38,114.0355,22.621599,0,20
32002,08:39:08,114.034698,22.6241,0,20
32002,08:39:38,114.034599,22.6248,0,0
32002,08:40:38,114.033997,22.625999,0,20
32002,08:41:10,114.033302,22.628401,0,23
32002,08:42:10,114.032204,22.6308,0,9
32002,08:42:40,114.032402,22.6325,0,12
32002,08:43:10,114.032402,22.6332,0,0
32002,08:43:39,114.032402,22.6332,0,0
32002,08:44:09,114.032097,22.634701,0,14
32002,08:46:09,114.033096,22.641899,0,0
32002,08:46:39,114.032799,22.6409,0,12
32002,08:47:09,114.031998,22.6388,0,21
32002,08:47:39,114.031898,22.637199,0,10
32002,08:48:09,114.032097,22.6357,0,11
32002,08:48:39,114.031998,22.634399,0,11
32002,08:49:08,114.028397,22.635401,0,34
32002,08:50:08,114.025002,22.6364,0,17
32002,08:52:40,114.027397,22.624399,0,0
32002,08:53:40,114.027397,22.624399,0,0
32002,08:54:39,114.027702,22.623699,0,20
32002,08:55:09,114.028801,22.6199,0,33
32002,08:56:40,114.029701,22.6127,0,0
32002,08:57:10,114.029701,22.6127,0,0
32002,08:57:40,114.029503,22.612101,0,21
32002,08:58:40,114.030296,22.608,0,0
32002,08:59:10,114.030502,22.608,0,13
32002,08:59:40,114.031799,22.6087,0,9
32002,09:00:09,114.030502,22.6105,0,31
32002,09:01:09,114.026703,22.6166,0,0
32002,09:01:40,114.026703,22.6166,0,0
32002,09:03:10,114.0242,22.6234,0,0
32002,09:03:40,114.0242,22.6234,0,0
32002,09:04:40,114.024399,22.621401,0,23
32002,09:05:09,114.022797,22.620001,0,3
32002,09:05:15,114.022797,22.620001,0,0
32002,09:05:45,114.022797,22.620001,0,0
32002,09:06:15,114.023598,22.620399,0,15
32002,09:06:46,114.024803,22.620501,0,13
32002,09:07:16,114.0243,22.6234,0,16
32002,09:07:46,114.027397,22.6234,0,8
32002,09:08:15,114.027496,22.6234,0,0
32002,09:08:45,114.027496,22.6234,0,0
32002,09:09:45,114.029404,22.623699,0,21
32002,09:10:15,114.030197,22.624001,0,0
32002,09:11:15,114.033699,22.624901,0,10
32002,09:11:46,114.034401,22.624901,0,11
32002,09:13:42,114.0355,22.621799,0,9
32002,09:14:12,114.0345,22.624701,0,3
32002,09:14:42,114.0345,22.624701,0,0
32002,09:15:42,114.0345,22.624701,0,0
32002,09:16:41,114.0336,22.627501,0,15
32002,09:17:13,114.032898,22.6294,0,15
32002,09:17:43,114.032204,22.6304,0,8
32002,09:18:13,114.032097,22.631701,0,13
32002,09:18:43,114.032303,22.633699,0,13
32002,09:19:13,114.031898,22.635599,0,12
32002,09:20:13,114.032303,22.6397,0,31
32002,09:20:43,114.033302,22.642401,0,0
32002,09:21:13,114.033302,22.642401,0,0
32002,09:22:12,114.033401,22.6425,0,0
32002,09:22:42,114.033501,22.6429,0,15
32002,09:23:12,114.0345,22.6448,0,23
32002,09:23:42,114.035797,22.646999,0,0
32002,09:24:12,114.035797,22.646999,0,0
32002,09:24:42,114.035797,22.646999,0,0
32002,09:26:42,114.038399,22.651899,0,0
32002,09:27:13,114.038399,22.651899,0,0
32002,09:27:43,114.038498,22.6521,0,7
32002,09:29:13,114.038902,22.6572,0,5
32002,09:30:13,114.037498,22.6581,0,0
32002,09:31:43,114.033798,22.6609,0,0
32002,09:32:14,114.032799,22.6621,0,29
32002,09:33:13,114.030602,22.664499,0,0
32002,09:34:13,114.027802,22.667801,0,20
32002,09:34:43,114.027603,22.6681,0,0
32002,09:35:13,114.025398,22.6707,0,30
32002,09:36:13,114.025002,22.671101,0,0
32002,09:37:14,114.025002,22.671101,0,0
32002,09:37:44,114.025002,22.671101,0,0
32002,09:39:13,114.0252,22.6721,0,2
32002,09:39:43,114.025299,22.6721,0,0
32002,09:40:13,114.025299,22.6721,0,0
32002,09:41:43,114.0243,22.6724,0,14
32002,09:42:15,114.023499,22.6738,0,0
32002,09:42:45,114.0233,22.674101,0,0
32002,09:43:44,114.021896,22.6765,0,13
32002,09:45:44,114.011902,22.681499,0,26
32002,09:46:44,114.006302,22.683001,0,17
32002,09:47:44,114.005096,22.6826,0,6
32002,09:48:14,114.005203,22.6814,0,10
32002,09:48:43,114.005302,22.6805,0,4
32002,09:49:13,114.004997,22.680099,0,7
32002,09:49:43,114.004898,22.680201,0,0
32002,09:50:13,114.004898,22.680201,0,0
32002,09:50:43,114.004898,22.680201,0,0
32002,09:51:13,114.004898,22.680201,0,0
32002,09:51:43,114.004898,22.680201,0,0
32002,09:52:45,114.004601,22.680401,0,2
32002,09:53:45,114.003601,22.6812,0,0
32002,09:54:15,114.003304,22.681499,0,3
32002,09:55:14,114.000298,22.682199,0,25
32002,09:55:44,113.998596,22.6819,0,0
32002,09:56:44,113.997597,22.683901,0,23
32002,09:57:14,113.997299,22.684799,0,5
32002,09:57:45,113.996803,22.6861,0,0
32002,09:58:45,113.997704,22.681601,0,18
32002,09:59:44,113.992401,22.677999,0,0
32002,10:00:44,113.992401,22.677999,0,8
32002,10:01:14,113.990601,22.677299,0,0
32002,10:01:44,113.990402,22.6772,0,11
32002,10:02:45,113.988701,22.6766,0,0
32002,10:03:15,113.988701,22.6766,0,1
32002,10:04:15,113.986,22.6812,0,2
32002,10:05:14,113.985603,22.684299,0,23
32002,10:06:44,113.988297,22.6852,0,0
32002,10:07:14,113.9888,22.685699,0,16
32002,10:07:46,113.987701,22.688299,0,18
32002,10:08:16,113.986603,22.6915,0,9
32002,10:09:16,113.984901,22.6929,0,25
32002,10:09:46,113.982597,22.6929,0,21
32002,10:10:16,113.979599,22.6929,0,22
32002,10:10:46,113.975899,22.6929,0,20
32002,10:11:15,113.972298,22.693701,0,27
32002,10:11:45,113.971603,22.6954,0,20
32002,10:12:15,113.969704,22.6966,0,12
32002,10:13:45,113.966499,22.6957,0,15
32002,10:14:15,113.969398,22.696501,0,14
32002,10:14:45,113.971199,22.695999,0,15
32002,10:15:45,113.973396,22.693001,0,16
32002,10:16:44,113.978699,22.692801,0,18
32002,10:17:14,113.981903,22.692801,0,23
32002,10:17:44,113.984802,22.692801,0,23
32002,10:18:16,113.986603,22.692101,0,9
32002,10:18:46,113.986504,22.6919,0,5
32002,10:19:16,113.986504,22.6905,0,20
32002,10:19:46,113.987999,22.687099,0,29
32002,10:24:15,113.974297,22.680401,0,20
32002,10:24:45,113.9711,22.684401,0,42
32002,10:25:15,113.967796,22.688999,0,35
32002,10:26:45,113.965698,22.687599,0,15
32002,10:27:14,113.962997,22.685301,0,41
32002,10:28:16,113.950798,22.681101,0,38
32002,10:28:46,113.9459,22.677799,0,37
32002,10:29:46,113.9356,22.6712,0,39
32002,10:30:46,113.927498,22.6656,0,40
32002,10:31:46,113.917999,22.6593,0,36
32002,10:32:16,113.911697,22.6591,0,48
32002,10:32:45,113.9039,22.659201,0,52
32002,10:33:15,113.895798,22.6593,0,54
32002,10:33:45,113.887703,22.658701,0,50
32002,10:34:15,113.880997,22.6577,0,39
32002,10:35:15,113.8675,22.6549,0,47
32002,10:35:45,113.862801,22.649799,0,50
32002,10:36:15,113.860802,22.6425,0,52
32002,10:37:15,113.858803,22.6371,0,0
32002,10:37:44,113.858803,22.6371,0,0
32002,10:38:16,113.858803,22.6371,0,0
32002,10:38:46,113.858597,22.636801,0,0
32002,10:39:16,113.858398,22.636299,0,11
32002,10:39:46,113.855904,22.6327,0,44
32002,10:40:46,113.849899,22.626801,0,30
32002,10:41:16,113.848999,22.6241,0,32
32002,10:41:46,113.843697,22.621901,0,37
32002,10:42:16,113.838203,22.620399,0,41
32002,10:43:47,113.822304,22.6138,0,33
32002,10:45:17,113.812698,22.620501,0,37
32002,10:46:17,113.810799,22.628099,0,24
32002,10:47:17,113.808701,22.627001,0,0
32002,10:47:47,113.808502,22.6271,0,1
32002,10:48:17,113.807503,22.6264,0,22
32002,10:49:16,113.808403,22.621,0,18
32002,10:49:46,113.809898,22.623301,0,38
32002,10:51:16,113.813103,22.623699,0,0
32002,10:52:16,113.813202,22.623899,0,10
32002,10:52:46,113.813103,22.6257,0,14
32002,10:53:16,113.812798,22.6262,0,0
32002,10:53:48,113.812798,22.6262,0,0
32002,10:54:17,113.812798,22.6262,0,0
32002,10:55:17,113.812798,22.6262,0,0
32002,10:56:17,113.812798,22.6262,0,0
32002,10:56:47,113.812798,22.6262,0,0
32002,10:57:17,113.812798,22.6262,0,0
32002,10:58:17,113.812798,22.6262,0,0
32002,10:58:47,113.812798,22.6262,0,0
32002,10:59:47,113.812798,22.6262,0,0
32002,11:00:16,113.812798,22.6262,0,0
32002,11:01:16,113.812401,22.627001,0,0
32002,11:01:46,113.812401,22.627001,0,0
32002,11:02:16,113.812401,22.627001,0,0
32002,11:02:46,113.812401,22.627001,0,0
32002,11:03:16,113.811996,22.627701,0,0
32002,11:03:48,113.811996,22.627701,0,0
32002,11:04:18,113.811996,22.627701,0,0
32002,11:04:48,113.811996,22.627701,0,0
32002,11:05:17,113.811996,22.627701,0,0
32002,11:06:17,113.811501,22.628099,0,0
32002,11:06:47,113.811501,22.628,0,0
32002,11:07:47,113.811699,22.627899,0,0
32002,11:08:17,113.811699,22.627899,0,0
32002,11:08:49,113.811699,22.627899,0,0
32002,11:09:49,113.811699,22.627899,0,0
32002,11:10:19,113.811699,22.627899,0,0
32002,11:11:18,113.811996,22.6278,0,0
32002,11:11:48,113.811996,22.6278,0,0
32002,11:13:18,113.8116,22.628,0,0
32002,11:14:18,113.8116,22.628,0,0
32002,11:15:18,113.809898,22.6273,0,0
32002,11:15:48,113.809898,22.6273,0,0
32002,11:16:17,113.809898,22.6273,0,0
32002,11:16:47,113.809898,22.6273,0,0
32002,11:17:17,113.809898,22.6273,0,0
32002,11:17:47,113.809898,22.6273,0,0
32002,11:18:17,113.809898,22.6273,0,0
32002,11:18:47,113.809898,22.6273,0,0
32002,11:19:19,113.809898,22.6273,0,0
32002,11:19:49,113.809898,22.6273,0,0
32002,11:20:19,113.809898,22.6273,0,0
32002,11:20:49,113.809898,22.6273,0,0
32002,11:22:18,113.809998,22.6266,0,0
32002,11:22:48,113.809998,22.6266,0,0
32002,11:23:18,113.809998,22.6266,0,0
32002,11:24:48,113.810204,22.6264,0,0
32002,11:25:18,113.810204,22.6264,0,0
32002,11:25:48,113.810204,22.6264,0,0
32002,11:26:18,113.810303,22.6264,0,4
32002,11:26:48,113.809303,22.625401,0,10
32002,11:27:17,113.806801,22.624001,0,17
32002,11:28:17,113.809799,22.6182,0,37
32002,11:28:47,113.812599,22.6131,0,40
32002,11:29:49,113.820602,22.6127,0,33
32002,11:31:49,113.836197,22.6159,0,33
32002,11:32:19,113.837502,22.613001,0,0
32002,11:33:18,113.837502,22.613001,0,0
32002,11:33:48,113.838402,22.611099,0,31
32002,11:35:19,113.8423,22.603201,0,36
32002,11:35:49,113.843498,22.600599,0,0
32002,11:36:49,113.846703,22.5949,0,37
32002,11:37:49,113.855698,22.586599,0,45
32002,11:38:18,113.859001,22.584499,0,23
32002,11:38:48,113.860703,22.5832,0,0
32002,11:39:18,113.860802,22.583099,0,0
32002,11:39:49,113.860802,22.583099,0,0
32002,11:40:19,113.860802,22.583099,0,7
32002,11:41:49,113.862099,22.5818,0,0
32002,11:42:19,113.862099,22.5818,0,0
32002,11:42:49,113.862099,22.5818,0,0
32002,11:43:19,113.862099,22.5818,0,0
32002,11:43:48,113.862701,22.5814,0,10
32002,11:44:49,113.8629,22.5812,0,0
32002,11:45:19,113.8629,22.5812,0,0
32002,11:45:49,113.8629,22.5812,0,0
32002,11:46:19,113.8629,22.5812,0,0
32002,11:46:49,113.8629,22.5812,0,0
32002,11:47:19,113.8629,22.5811,0,9
32002,11:47:49,113.865303,22.579,0,36
32002,11:49:49,113.874901,22.572001,0,0
32002,11:50:19,113.874901,22.572001,0,0
32002,11:50:49,113.874901,22.572001,0,0
32002,11:51:19,113.874901,22.572001,0,0
32002,11:53:49,113.880699,22.562401,0,35
32002,11:54:19,113.877197,22.559401,0,21
32002,11:54:51,113.875603,22.5581,0,2
32002,11:56:20,113.8806,22.5592,0,29
32002,11:56:50,113.881401,22.5569,0,26
32002,11:57:20,113.880898,22.5564,0,0
32002,11:57:50,113.8806,22.555,0,28
32002,11:58:20,113.880501,22.552999,0,0
32002,11:58:50,113.8806,22.5527,0,0
32002,11:59:51,113.8806,22.5527,0,0
32002,12:00:21,113.8806,22.5527,0,0
32002,12:00:50,113.880699,22.554701,0,25
32002,12:01:20,113.880699,22.5555,0,0
32002,12:01:50,113.881897,22.5571,0,7
32002,12:03:10,113.883698,22.558701,0,22
32002,12:03:40,113.884804,22.559601,0,6
32002,12:03:41,113.884804,22.559601,0,6
32002,12:05:10,113.894203,22.5548,0,19
32002,12:06:10,113.894997,22.5583,0,12
32002,12:07:40,113.896599,22.5597,0,0
32002,12:08:12,113.896599,22.5597,0,0
32002,12:08:42,113.896599,22.5597,0,0
32002,12:09:12,113.896599,22.5597,0,0
32002,12:09:42,113.896599,22.5597,0,0
32002,12:10:11,113.896797,22.559601,0,0
32002,12:14:41,113.896599,22.559799,0,0
32002,12:15:11,113.896599,22.559799,0,0
32002,12:15:41,113.896599,22.559799,0,0
32002,12:16:10,113.896599,22.559799,0,0
32002,12:17:40,113.896599,22.559799,0,0
32002,12:19:42,113.896599,22.559799,0,0
32002,12:20:12,113.896599,22.559799,0,0
32002,12:20:42,113.896599,22.559799,0,0
32002,12:21:12,113.896599,22.559799,0,0
32002,12:21:41,113.896599,22.559799,0,0
32002,12:22:11,113.896599,22.559799,0,0
32002,12:22:41,113.896599,22.559799,0,0
32002,12:23:40,113.896599,22.559799,0,0
32002,12:24:10,113.896599,22.559799,0,0
32002,12:24:40,113.896599,22.559799,0,0
32002,12:25:40,113.896202,22.5595,0,11
32002,12:26:10,113.895401,22.5588,0,6
32002,12:26:40,113.897202,22.557301,0,21
32002,12:27:10,113.899101,22.5578,0,30
32002,12:27:39,113.902603,22.560801,0,28
32002,12:28:41,113.903702,22.5618,0,0
32002,12:30:11,113.903702,22.5618,0,0
32002,12:30:41,113.902397,22.560699,0,23
32002,12:31:11,113.902,22.5604,0,0
32002,12:31:41,113.901398,22.560499,0,13
32002,12:32:11,113.900902,22.5611,0,0
32002,12:32:40,113.901299,22.5606,0,12
32002,12:33:10,113.901398,22.560499,0,0
32002,12:34:41,113.904297,22.562201,0,15
32002,12:35:11,113.906502,22.5641,0,0
32002,12:35:41,113.906502,22.5641,0,0
32002,12:36:41,113.908997,22.567301,0,3
32002,12:37:11,113.908997,22.568199,0,16
32002,12:37:41,113.908897,22.570299,0,11
32002,12:38:41,113.908997,22.5711,0,16
32002,12:39:41,113.906898,22.5765,0,12
32002,12:40:11,113.907097,22.578699,0,30
32002,12:41:11,113.908897,22.580299,0,0
32002,12:41:41,113.909103,22.5804,0,8
32002,12:42:11,113.911201,22.582199,0,23
32002,12:42:41,113.913803,22.584499,0,11
32002,12:43:11,113.915802,22.586201,0,17
32002,12:44:12,113.9179,22.5881,0,7
32002,12:44:42,113.917999,22.5881,0,0
32002,12:45:12,113.917999,22.5881,0,0
32002,12:45:12,113.907097,22.578699,0,0
32002,12:45:42,113.917503,22.589399,0,27
32002,12:46:12,113.9151,22.5928,0,31
32002,12:47:12,113.917702,22.6028,0,48
32002,12:47:42,113.920799,22.608999,0,49
32002,12:49:41,113.921204,22.626301,0,44
32002,12:50:11,113.921303,22.6327,0,50
32002,12:52:11,113.915199,22.652201,0,33
32002,12:52:41,113.915298,22.653099,0,0
32002,12:53:11,113.915398,22.6539,0,23
32002,12:57:12,113.923401,22.6744,0,31
32002,12:57:42,113.925598,22.677299,0,24
32002,12:58:12,113.926598,22.679701,0,17
32002,12:59:13,113.929604,22.683701,0,12
32002,12:59:43,113.931801,22.683001,0,4
32002,13:00:13,113.932701,22.683001,0,0
32002,13:01:42,113.935699,22.6831,0,19
32002,13:02:12,113.938103,22.6831,0,14
32002,13:02:42,113.940804,22.6835,0,26
32002,13:03:12,113.944,22.683701,0,17
32002,13:03:42,113.946602,22.6847,0,25
32002,13:04:43,113.952103,22.689199,0,18
32002,13:05:13,113.954903,22.6868,0,24
32002,13:05:42,113.957703,22.686701,0,14
32002,13:09:43,113.958199,22.6868,0,0
32002,13:10:43,113.958199,22.6868,0,0
32002,13:11:12,113.957703,22.686701,0,0
32002,13:11:42,113.958199,22.6868,0,0
32002,13:12:12,113.958199,22.6868,0,0
32002,13:12:42,113.958199,22.6868,0,0
32002,13:13:12,113.958199,22.6868,0,0
32002,13:13:42,113.958199,22.6868,0,0
32002,13:14:13,113.958199,22.6868,0,0
32002,13:14:43,113.958199,22.6868,0,0
32002,13:15:13,113.958199,22.6868,0,0
32002,13:15:43,113.958199,22.6868,0,0
32002,13:17:12,113.958199,22.6868,0,0
32002,13:17:42,113.958199,22.6868,0,0
32002,13:18:12,113.958199,22.6868,0,0
32002,13:18:42,113.958298,22.686899,0,0
32002,13:19:12,113.959396,22.686899,0,13
32002,13:20:14,113.967003,22.6842,0,28
32002,13:20:44,113.9711,22.6835,0,33
32002,13:22:43,113.984398,22.6723,0,0
32002,13:23:13,113.984398,22.6723,0,0
32002,13:24:13,113.988098,22.676201,0,21
32002,13:24:43,113.9907,22.6772,0,19
32002,13:25:13,113.994003,22.678801,0,32
32002,13:25:43,113.994904,22.6793,0,0
32002,13:28:12,114.002998,22.6817,0,3
32002,13:29:12,114.004898,22.680099,0,9
32002,13:30:14,114.004898,22.6821,0,21
32002,13:30:44,114.005302,22.682899,0,7
32002,13:31:14,114.005997,22.683001,0,11
32002,13:31:44,114.007896,22.683201,0,9
32002,13:32:14,114.011101,22.681801,0,31
32002,13:32:44,114.015297,22.680901,0,29
32002,13:33:43,114.020897,22.678499,0,18
32002,13:34:13,114.021896,22.677099,0,10
32002,13:34:44,114.023499,22.6772,0,19
32002,13:35:44,114.026199,22.6738,0,0
32002,13:36:14,114.0261,22.672501,0,23
32002,13:36:44,114.025497,22.6721,0,0
32002,13:38:13,114.026398,22.6695,0,16
32002,13:38:43,114.026901,22.6679,0,19
32002,13:39:13,114.024399,22.6661,0,0
32002,13:39:43,114.0233,22.6653,0,13
32002,13:40:13,114.022003,22.6642,0,9
32002,13:40:43,114.020897,22.6635,0,0
32002,13:42:43,114.020699,22.6604,0,7
32002,13:43:13,114.020699,22.6605,0,6
32002,13:43:42,114.019798,22.661501,0,11
32002,13:44:12,114.020103,22.662901,0,9
32002,13:44:44,114.021599,22.664,0,15
32002,13:46:14,114.023804,22.665501,0,0
32002,13:46:44,114.023903,22.665701,0,0
32002,13:47:14,114.023903,22.665701,0,0
32002,13:49:43,114.025703,22.660299,0,13
32002,13:50:14,114.027397,22.6616,0,10
32002,13:50:44,114.029404,22.660101,0,18
32002,13:51:14,114.031097,22.658701,0,19
32002,13:51:44,114.032997,22.657101,0,22
32002,13:52:14,114.034599,22.6556,0,12
32002,13:52:44,114.035103,22.6537,0,24
32002,13:53:44,114.030899,22.6495,0,20
32002,13:54:43,114.027397,22.6525,0,24
32002,13:55:15,114.0252,22.655199,0,7
32002,13:55:45,114.026199,22.656099,0,6
32002,13:56:15,114.026802,22.6565,0,0
32002,13:57:45,114.029404,22.658701,0,11
32002,13:58:15,114.0299,22.659,0,0
32002,13:58:45,114.030296,22.659599,0,17
32002,13:59:15,114.027901,22.6616,0,15
32002,13:59:45,114.030098,22.6639,0,16
32002,14:01:15,114.029602,22.665899,0,28
32002,14:01:45,114.027802,22.667801,0,0
32002,14:02:45,114.025703,22.6703,0,19
32002,14:03:45,114.025803,22.672001,0,0
32002,14:04:15,114.026398,22.672501,0,0
32002,14:04:45,114.026398,22.672501,0,0
32002,14:05:45,114.028198,22.672701,0,8
32002,14:06:15,114.028503,22.6723,0,0
32002,14:06:45,114.028603,22.672199,0,0
32002,14:07:15,114.028702,22.672001,0,5
32002,14:09:15,114.027298,22.6682,0,17
32002,14:09:45,114.025398,22.6667,0,18
32002,14:11:15,114.024002,22.6656,0,12
32002,14:11:45,114.023003,22.6649,0,5
32002,14:12:15,114.0214,22.663799,0,12
32002,14:13:15,114.0196,22.6626,0,6
32002,14:14:15,114.018204,22.6618,0,16
32002,14:14:45,114.016098,22.660801,0,9
32002,14:15:46,114.013397,22.6614,0,23
32002,14:17:15,114.0121,22.662701,0,13
32002,14:17:45,114.011597,22.6632,0,0
32002,14:18:15,114.011299,22.6635,0,7
32002,14:18:45,114.009102,22.6618,0,24
32002,14:20:15,114.0084,22.661301,0,0
32002,14:20:46,114.007896,22.6604,0,4
32002,14:21:16,114.007797,22.6593,0,3
32002,14:21:46,114.007698,22.658899,0,6
32002,14:22:15,114.0075,22.6586,0,0
32002,14:23:45,114.005203,22.6586,0,11
32002,14:24:45,114.003899,22.6555,0,10
32002,14:25:46,114.003502,22.6553,0,0
32002,14:26:16,114.001701,22.6546,0,21
32002,14:27:16,114.000702,22.654301,0,8
32002,14:27:45,114.002701,22.6549,0,3
32002,14:28:15,114.002701,22.6549,0,0
32002,14:29:45,114.003899,22.6556,0,8
32002,14:30:15,114.004799,22.6562,0,5
32002,14:30:47,114.0056,22.656,0,20
32002,14:32:17,114.004997,22.6572,0,9
32002,14:33:16,114.006104,22.658001,0,9
32002,14:34:16,114.0075,22.658701,0,0
32002,14:34:46,114.007896,22.659,0,0
32002,14:35:16,114.007896,22.659,0,0
32002,14:35:46,114.007896,22.659,0,0
32002,14:37:46,114.008499,22.661301,0,10
32002,14:38:16,114.0103,22.662701,0,13
32002,14:38:45,114.011597,22.663,0,0
32002,14:39:45,114.013397,22.665199,0,21
32002,14:40:15,114.015297,22.6658,0,9
32002,14:40:47,114.016701,22.6656,0,18
32002,14:41:16,114.018097,22.6637,0,7
32002,14:42:46,114.022003,22.6588,0,10
32002,14:43:16,114.021301,22.6574,0,21
32002,14:43:46,114.018898,22.6556,0,7
32002,14:44:15,114.017502,22.656799,0,12
32002,14:44:45,114.017303,22.657101,0,9
32002,14:45:15,114.016701,22.6577,0,0
32002,14:45:45,114.016403,22.658001,0,13
32002,14:46:18,114.014801,22.659901,0,0
32002,14:46:48,114.014801,22.659901,0,0
32002,14:47:18,114.014801,22.659901,0,0
32002,14:47:48,114.014801,22.659901,0,0
32002,14:48:18,114.014801,22.659901,0,0
32002,14:48:48,114.014297,22.660101,0,12
32002,14:49:18,114.012604,22.659201,0,12
32002,14:49:47,114.010803,22.658501,0,0
32002,14:51:17,114.007698,22.6588,0,3
32002,14:52:47,114.005501,22.658501,0,0
32002,14:53:17,114.005501,22.658501,0,0
32002,14:53:47,114.005302,22.6586,0,0
32002,14:56:18,114.003899,22.66,0,0
32002,14:57:18,114.003304,22.6604,0,6
32002,14:57:48,114.003098,22.6609,0,0
32002,14:58:18,114.003098,22.6609,0,0
32002,14:59:18,114.003098,22.6609,0,0
32002,15:00:18,114.002296,22.663601,0,29
32002,15:00:48,114.000198,22.667,0,28
32002,15:02:47,113.9963,22.670401,0,18
32002,15:03:17,113.993797,22.673599,0,16
32002,15:03:47,113.993797,22.6737,0,0
32002,15:04:17,113.993797,22.6737,0,0
32002,15:04:47,113.993599,22.6744,0,21
32002,15:05:17,113.992203,22.677799,0,5
32002,15:05:47,113.989899,22.677099,0,19
32002,15:06:19,113.989403,22.676701,0,0
32002,15:06:48,113.989502,22.6768,0,8
32002,15:07:18,113.990601,22.6772,0,10
32002,15:08:18,113.993401,22.674,0,7
32002,15:09:48,113.996696,22.6698,0,5
32002,15:10:48,113.998901,22.667999,0,15
32002,15:12:18,114.001503,22.6616,0,17
32002,15:13:17,113.998901,22.6623,0,0
32002,15:13:47,113.999802,22.6619,0,16
32002,15:14:17,114.000397,22.661699,0,0
32002,15:15:47,114.004601,22.6611,0,7
32002,15:16:17,114.005402,22.660999,0,5
32002,15:16:49,114.0056,22.660999,0,3
32002,15:18:18,114.007004,22.660999,0,15
32002,15:18:48,114.007698,22.6609,0,0
32002,15:19:18,114.007698,22.6609,0,0
32002,15:19:48,114.007698,22.6609,0,0
32002,15:20:18,114.007698,22.6609,0,0
32002,15:20:48,114.008202,22.6611,0,12
32002,15:21:49,114.010597,22.663,0,0
32002,15:22:49,114.011497,22.6637,0,17
32002,15:24:18,114.015503,22.665899,0,12
32002,15:25:18,114.015701,22.666,0,0
32002,15:25:48,114.015999,22.666,0,11
32002,15:26:49,114.015198,22.668301,0,0
32002,15:27:19,114.015198,22.668301,0,0
32002,15:27:49,114.015198,22.668301,0,0
32002,15:28:19,114.0149,22.668501,0,6
32002,15:28:48,114.013802,22.6702,0,18
32002,15:30:18,114.007599,22.6766,0,19
32002,15:30:48,114.007202,22.677099,0,0
32002,15:31:50,114.009598,22.6745,0,13
32002,15:32:50,114.012703,22.6719,0,4
32002,15:33:50,114.014297,22.6696,0,10
32002,15:34:49,114.014297,22.6693,0,0
32002,15:35:19,114.014297,22.6693,0,0
32002,15:35:49,114.015701,22.6672,0,16
32002,15:36:19,114.015602,22.6661,0,6
32002,15:36:49,114.015297,22.666,0,5
32002,15:37:19,114.013199,22.665199,0,18
32002,15:37:49,114.0121,22.664301,0,0
32002,15:38:49,114.011398,22.663601,0,15
32002,15:39:49,114.014297,22.660299,0,8
32002,15:40:18,114.013199,22.659599,0,10
32002,15:40:48,114.012398,22.6591,0,0
32002,15:43:20,114.016296,22.6537,0,3
32002,15:43:50,114.017303,22.6542,0,0
32002,15:44:20,114.018204,22.654499,0,14
32002,15:46:13,114.012398,22.6591,0,0
32002,15:47:19,114.025002,22.6555,0,14
32002,15:48:49,114.031197,22.6492,0,31
32002,15:49:19,114.033501,22.6481,0,16
32002,15:49:49,114.035004,22.6476,0,15
32002,15:50:19,114.035599,22.6474,0,0
32002,15:50:49,114.035599,22.6474,0,0
32002,15:51:18,114.035698,22.6474,0,9
32002,15:51:48,114.037697,22.6507,0,38
32002,15:53:50,114.044296,22.6499,0,0
32002,15:54:20,114.045799,22.648399,0,25
32002,15:59:20,114.035004,22.647699,0,21
32002,16:00:20,114.032402,22.6486,0,0
32002,16:01:20,114.032402,22.6486,0,0
32002,16:01:50,114.030502,22.649799,0,27
32002,16:02:20,114.028099,22.6518,0,17
32002,16:02:50,114.027901,22.652,0,0
32002,16:04:20,114.025497,22.655701,0,0
32002,16:04:50,114.026001,22.6562,0,6
32002,16:05:20,114.027,22.657,0,3
32002,16:05:50,114.028397,22.6579,0,11
32002,16:06:20,114.029404,22.6586,0,12
32002,16:06:50,114.0289,22.6583,0,0
32002,16:07:21,114.028702,22.658199,0,8
32002,16:09:20,114.025803,22.6544,0,27
32002,16:09:50,114.028503,22.651199,0,20
32002,16:10:20,114.031799,22.648701,0,18
32002,16:11:20,114.035599,22.6474,0,0
32002,16:12:20,114.035599,22.6474,0,0
32002,16:13:20,114.038902,22.6462,0,30
32002,16:14:50,114.040199,22.6457,0,17
32002,16:15:20,114.044601,22.644199,0,38
32002,16:15:50,114.046097,22.6441,0,18
32002,16:16:20,114.046097,22.645599,0,20
32002,16:16:50,114.045601,22.648899,0,14
32002,16:17:52,114.043098,22.6506,0,0
32002,16:18:22,114.042297,22.6509,0,20
32002,16:18:52,114.038597,22.652201,0,13
32002,16:19:21,114.037102,22.6497,0,27
32002,16:19:51,114.035301,22.6476,0,20
32002,16:20:21,114.032303,22.648701,0,0
32002,16:20:51,114.032303,22.648701,0,0
32002,16:21:21,114.032303,22.648701,0,0
32002,16:21:51,114.032303,22.648701,0,0
32002,16:22:51,114.0317,22.649,0,15
32002,16:23:21,114.0289,22.650999,0,29
32002,16:23:51,114.026398,22.6537,0,34
32002,16:24:21,114.024101,22.6548,0,13
32002,16:24:50,114.023201,22.6541,0,0
32002,16:25:20,114.023102,22.653999,0,9
32002,16:25:50,114.022003,22.6532,0,0
32002,16:28:22,114.019203,22.6511,0,3
32002,16:29:52,114.0186,22.646799,0,0
32002,16:30:21,114.0186,22.646799,0,0
32002,16:30:51,114.0186,22.646799,0,0
32002,16:31:51,114.019402,22.6462,0,0
32002,16:32:21,114.019402,22.645901,0,0
32002,16:33:22,114.019501,22.646099,0,0
32002,16:33:52,114.019302,22.646099,0,0
32002,16:34:22,114.019402,22.6458,0,0
32002,16:34:52,114.019203,22.6458,0,2
32002,16:35:51,114.019203,22.646,0,4
32002,16:36:51,114.019302,22.646099,0,0
32002,16:38:22,114.019402,22.6462,0,0
32002,16:38:52,114.019402,22.6462,0,0
32002,16:39:22,114.019302,22.6465,0,0
32002,16:39:52,114.019302,22.6465,0,0
32002,16:40:52,114.019302,22.6464,0,0
32002,16:41:51,114.019302,22.647301,0,0
32002,16:42:51,114.019302,22.647301,0,0
32002,16:43:22,114.019302,22.647301,0,0
32002,16:43:52,114.019302,22.647301,0,0
32002,16:44:22,114.019302,22.647301,0,0
32002,16:44:52,114.019302,22.647301,0,0
32002,16:45:22,114.019302,22.647301,0,0
32002,16:45:52,114.019302,22.647301,0,0
32002,16:46:52,114.019302,22.646099,0,1
32002,16:48:22,114.019501,22.646299,0,0
32002,16:48:52,114.019501,22.646299,0,0
32002,16:49:52,114.019501,22.646299,0,0
32002,16:50:22,114.019501,22.646299,0,0
32002,16:50:52,114.019501,22.646299,0,0
32002,16:51:22,114.019501,22.646299,0,0
32002,16:51:53,114.019501,22.646299,0,0
32002,16:52:22,114.019501,22.646299,0,0
32002,16:52:52,114.019501,22.646299,0,0
32002,16:53:52,114.019501,22.646299,0,0
32002,16:54:53,114.019501,22.6462,0,5
32002,16:55:53,114.0233,22.6451,0,21
32002,16:56:23,114.0224,22.642401,0,9
32002,16:56:53,114.022102,22.6416,0,7
32002,16:57:23,114.019798,22.642099,0,21
32002,16:57:52,114.0168,22.6429,0,5
32002,16:58:22,114.016296,22.643101,0,16
32002,16:58:52,114.014999,22.6441,0,0
32002,16:59:22,114.013702,22.6457,0,27
32002,16:59:53,114.014999,22.647699,0,24
32002,17:00:23,114.015602,22.6481,0,0
32002,17:00:53,114.0158,22.648399,0,13
32002,17:02:23,114.0158,22.654499,0,3
32002,17:02:53,114.014999,22.655701,0,5
32002,17:03:22,114.014503,22.6563,0,3
32002,17:03:52,114.013496,22.6562,0,13
32002,17:04:22,114.012299,22.655399,0,15
32002,17:04:54,114.012901,22.652201,0,7
32002,17:05:23,114.011299,22.651899,0,9
32002,17:05:53,114.010201,22.6511,0,6
32002,17:06:53,114.007698,22.6535,0,0
32002,17:07:23,114.007698,22.6535,0,0
32002,17:09:22,114.007698,22.6535,0,0
32002,17:09:52,114.007698,22.6535,0,0
32002,17:10:23,114.007698,22.6535,0,0
32002,17:12:23,114.007698,22.6535,0,0
32002,17:12:53,114.007698,22.6535,0,0
32002,17:13:53,114.007698,22.6535,0,0
32002,17:14:22,114.007698,22.6535,0,0
32002,17:14:52,114.007698,22.6535,0,0
32002,17:15:54,114.007698,22.6535,0,0
32002,17:16:24,114.007698,22.6535,0,0
32002,17:16:54,114.007698,22.6535,0,0
32002,17:17:24,114.007698,22.6535,0,0
32002,17:17:54,114.007599,22.6534,0,0
32002,17:18:24,114.007599,22.6534,0,0
32002,17:18:54,114.007599,22.6534,0,0
32002,17:19:24,114.007599,22.6534,0,0
32002,17:19:53,114.007599,22.6534,0,0
32002,17:20:23,114.007599,22.6534,0,0
32002,17:21:53,114.007599,22.6534,0,0
32002,17:22:23,114.007599,22.6534,0,0
32002,17:22:53,114.007797,22.6535,0,0
32002,17:23:53,114.007797,22.6535,0,0
32002,17:24:53,114.008003,22.653,0,14
32002,17:25:25,114.009697,22.650801,0,16
32002,17:28:54,114.018097,22.6539,0,0
32002,17:29:24,114.018097,22.6539,0,0
32002,17:29:54,114.018204,22.654301,0,0
32002,17:30:25,114.018204,22.654499,0,0
32002,17:30:55,114.018204,22.654499,0,0
32002,17:31:24,114.018303,22.6544,0,0
32002,17:32:24,114.019203,22.6556,0,17
32002,17:33:54,114.024803,22.6556,0,13
32002,17:34:54,114.027199,22.6528,0,0
32002,17:35:24,114.027496,22.6523,0,12
32002,17:36:25,114.029602,22.650299,0,0
32002,17:36:54,114.031303,22.649099,0,0
32002,17:37:54,114.031303,22.649099,0,0
32002,17:38:24,114.031403,22.649,0,7
32002,17:39:24,114.035004,22.6476,0,6
32002,17:39:54,114.034203,22.6479,0,13
32002,17:41:26,114.0326,22.6485,0,0
32002,17:41:56,114.0326,22.6485,0,0
32002,17:42:25,114.031601,22.649,0,10
32002,17:42:55,114.029999,22.650299,0,17
32002,17:43:25,114.028099,22.651699,0,4
32002,17:45:55,114.025299,22.655001,0,0
32002,17:47:54,114.022903,22.657801,0,9
32002,17:48:24,114.022903,22.6579,0,0
32002,17:49:24,114.022797,22.6579,0,0
32002,17:51:56,114.014999,22.655399,0,0
32002,17:52:26,114.014999,22.6555,0,4
32002,17:52:56,114.014603,22.6562,0,3
32002,17:53:25,114.014397,22.656401,0,0
32002,17:53:55,114.014397,22.656401,0,0
32002,17:54:25,114.013702,22.6572,0,10
32002,17:54:55,114.012604,22.658701,0,8
32002,17:55:25,114.0112,22.6588,0,6
32002,17:55:55,114.009499,22.6586,0,22
32002,17:56:25,114.007896,22.660101,0,11
32002,17:56:55,114.007896,22.660999,0,7
32002,17:57:25,114.005699,22.6611,0,15
32002,17:58:25,114.0037,22.6612,0,0
32002,17:58:55,114.0037,22.6612,0,0
32002,17:59:54,114.003098,22.6614,0,14
32002,18:00:24,114.001999,22.6644,0,27
32002,18:01:26,113.997498,22.669399,0,6
32002,18:01:56,113.997398,22.669399,0,0
32002,18:02:26,113.997398,22.669399,0,0
32002,18:03:26,113.996101,22.670601,0,26
32002,18:03:56,113.993797,22.6737,0,13
32002,18:04:25,113.993797,22.673901,0,0
32002,18:07:26,113.9907,22.677401,0,4
32002,18:08:26,113.9907,22.6772,0,0
32002,18:08:56,113.9907,22.6772,0,0
32002,18:09:26,113.9907,22.6772,0,0
32002,18:09:56,113.9907,22.6772,0,0
32002,18:10:25,113.9907,22.6772,0,0
32002,18:10:55,113.9907,22.6772,0,0
32002,18:11:56,113.9907,22.6772,0,0
32002,18:12:26,113.991096,22.677401,0,13
32002,18:12:56,113.992599,22.676399,0,21
32002,18:13:26,113.993401,22.6744,0,0
32002,18:13:56,113.9935,22.674,0,16
32002,18:14:26,113.994797,22.6716,0,24
32002,18:14:56,113.9963,22.6703,0,0
32002,18:20:57,114.006897,22.660999,0,9
32002,18:21:26,114.007103,22.660999,0,0
32002,18:21:56,114.008102,22.660999,0,7
32002,18:22:26,114.009697,22.6623,0,16
32002,18:22:56,114.0103,22.6628,0,0
32002,18:23:26,114.0103,22.6628,0,0
32002,18:23:56,114.010902,22.6632,0,3
32002,18:24:56,114.013802,22.665501,0,3
32002,18:25:26,114.015099,22.665701,0,14
32002,18:25:56,114.016701,22.6661,0,18
32002,18:26:58,114.020203,22.6681,0,0
32002,18:27:27,114.020203,22.6681,0,0
32002,18:29:27,114.020599,22.6691,0,0
32002,18:29:57,114.020599,22.6691,0,0
32002,18:30:27,114.020599,22.6691,0,0
32002,18:30:57,114.021896,22.667801,0,15
32002,18:31:27,114.022797,22.666901,0,0
32002,18:31:57,114.023399,22.666401,0,0
32002,18:32:27,114.024101,22.6658,0,8
32002,18:32:56,114.025703,22.6639,0,7
32002,18:33:26,114.026497,22.663,0,0
32002,18:33:56,114.027199,22.6619,0,7
32002,18:35:26,114.023598,22.659,0,22
32002,18:36:26,114.023003,22.658701,0,0
32002,18:36:58,114.022499,22.6584,0,15
32002,18:37:28,114.020103,22.6565,0,20
32002,18:40:27,114.0196,22.654301,0,12
32002,18:40:57,114.020798,22.6528,0,0
32002,18:41:27,114.020798,22.6528,0,0
32002,18:41:58,114.021004,22.6527,0,11
32002,18:42:58,114.019699,22.6514,0,0
32002,18:45:57,114.018303,22.651199,0,4
32002,18:46:27,114.0177,22.651899,0,10
32002,18:46:58,114.017097,22.6528,0,8
32002,18:48:28,114.0159,22.654499,0,12
32002,18:48:58,114.014702,22.656099,0,14
32002,18:49:57,114.012497,22.659,0,4
32002,18:51:27,114.008003,22.6598,0,13
32002,18:53:28,114.004303,22.6611,0,15
32002,18:54:28,114.003899,22.6612,0,0
32002,18:55:27,114.002701,22.6623,0,20
32002,18:55:57,114.001701,22.665199,0,21
32002,18:56:58,113.998001,22.669001,0,11
32002,18:57:28,113.998299,22.671,0,14
32002,18:57:58,113.998703,22.6737,0,25
32002,18:58:58,114.000397,22.6752,0,0
32002,18:59:58,114.000397,22.6752,0,0
32002,19:00:28,113.999603,22.674999,0,14
32002,19:00:57,113.998001,22.6749,0,14
32002,19:01:27,113.997498,22.675699,0,0
32002,19:01:57,113.997299,22.6759,0,0
32002,19:02:59,113.993896,22.6742,0,0
32002,19:03:29,113.993896,22.6742,0,0
32002,19:04:59,113.989304,22.673599,0,18
32002,19:05:29,113.988403,22.676001,0,3
32002,19:05:58,113.988403,22.676001,0,0
32002,19:06:28,113.988403,22.676001,0,0
32002,19:06:58,113.988403,22.676001,0,0
32002,19:07:29,113.988297,22.676201,0,9
32002,19:07:59,113.9879,22.6772,0,0
32002,19:08:29,113.987,22.6791,0,22
32002,19:08:59,113.986,22.6812,0,7
32002,19:09:59,113.986,22.681299,0,0
32002,19:10:29,113.986,22.681499,0,7
32002,19:10:59,113.988701,22.681601,0,15
32002,19:11:58,113.9897,22.6817,0,0
32002,19:12:29,113.9897,22.6817,0,0
32002,19:13:59,113.9897,22.6817,0,0
32002,19:14:29,113.9897,22.6817,0,0
32002,19:14:59,113.9897,22.6817,0,0
32002,19:15:59,113.9897,22.6817,0,0
32002,19:16:29,113.9897,22.6817,0,0
32002,19:17:29,113.9897,22.6817,0,0
32002,19:17:59,113.9897,22.6817,0,0
32002,19:18:29,113.9897,22.6817,0,0
32002,19:18:59,113.989899,22.6817,0,7
32002,19:19:59,113.991798,22.678301,0,16
32002,19:20:29,113.9907,22.677401,0,7
32002,19:21:29,113.989799,22.677099,0,0
32002,19:23:29,113.9851,22.672701,0,0
32002,19:23:59,113.9851,22.672701,0,0
32002,19:24:59,113.986397,22.671101,0,5
32002,19:25:29,113.989098,22.6695,0,15
32002,19:25:59,113.990898,22.6682,0,18
32002,19:26:29,113.9925,22.6667,0,15
32002,19:27:30,113.996002,22.663601,0,21
32002,19:27:59,113.997299,22.662399,0,0
32002,19:28:29,113.997299,22.662399,0,0
32002,19:28:59,113.997299,22.662399,0,0
32002,19:31:29,114.007301,22.648899,0,7
32002,19:31:59,114.007401,22.647699,0,17
32002,19:33:00,114.006897,22.647699,0,1
32002,19:33:29,114.007004,22.6481,0,3
32002,19:33:59,114.007301,22.6481,0,0
32002,19:34:59,114.006798,22.6474,0,0
32002,19:35:59,114.001602,22.644199,0,24
32002,19:36:29,113.999397,22.643499,0,18
32002,19:36:59,113.998596,22.6467,0,27
32002,19:37:29,113.998398,22.6493,0,19
32002,19:38:01,113.999901,22.650299,0,6
32002,19:39:00,114.000099,22.6514,0,12
32002,19:41:00,114.000603,22.6542,0,0
32002,19:42:30,114.002602,22.6548,0,0
32002,19:43:01,114.002602,22.6548,0,0
32002,19:43:31,114.002998,22.6549,0,7
32002,19:45:30,113.995499,22.664301,0,10
32002,19:46:00,113.993896,22.665701,0,11
32002,19:47:00,113.9897,22.669201,0,28
32002,19:47:30,113.985802,22.6717,0,35
32002,19:48:01,113.981201,22.6744,0,36
32002,19:48:31,113.977203,22.6775,0,26
32002,19:49:01,113.974197,22.6805,0,28
32002,19:49:30,113.971497,22.6838,0,30
32002,19:50:00,113.967003,22.684299,0,30
32002,19:50:30,113.963303,22.6847,0,31
32002,19:51:00,113.960403,22.686399,0,9
32002,19:52:00,113.959396,22.687,0,9
32002,19:52:30,113.958298,22.686899,0,14
32002,19:53:00,113.955498,22.6866,0,21
32002,19:54:30,113.9506,22.6898,0,8
32002,19:55:29,113.950104,22.690399,0,0
32002,19:55:59,113.9505,22.689899,0,12
32002,19:56:59,113.950798,22.6896,0,0
32002,19:57:59,113.950897,22.689501,0,9
32002,19:59:01,113.952301,22.689199,0,0
32002,19:59:31,113.952301,22.689199,0,0
32002,20:00:31,113.955101,22.686701,0,24
32002,20:01:00,113.957603,22.686701,0,15
32002,20:02:00,113.958,22.686701,0,0
32002,20:02:30,113.958,22.686701,0,0
32002,20:03:00,113.958,22.686701,0,0
32002,20:03:31,113.958,22.686701,0,0
32002,20:04:01,113.958,22.686701,0,0
32002,20:04:31,113.958,22.686701,0,0
32002,20:05:01,113.958,22.686701,0,0
32002,20:06:01,113.958099,22.6868,0,4
32002,20:07:30,113.964699,22.684299,0,22
32002,20:08:31,113.971397,22.6833,0,23
32002,20:09:31,113.9729,22.681601,0,0
32002,20:11:31,113.977699,22.6763,0,19
32002,20:12:01,113.979797,22.6751,0,21
32002,20:12:30,113.983498,22.672899,0,31
32002,20:13:00,113.987701,22.670401,0,34
32002,20:13:32,113.990501,22.668501,0,21
32002,20:14:02,113.9925,22.6667,0,20
32002,20:15:02,113.994102,22.665199,0,6
32002,20:16:02,113.996902,22.662701,0,0
32002,20:17:02,113.9991,22.6605,0,16
32002,20:19:02,114.000702,22.654301,0,6
32002,20:19:32,114.002403,22.6549,0,11
32002,20:20:02,114.003998,22.653601,0,20
32002,20:20:32,114.005898,22.650999,0,25
32002,20:21:02,114.007797,22.648199,0,15
32002,20:21:32,114.006599,22.646999,0,3
32002,20:23:32,114.008102,22.647699,0,0
32002,20:24:02,114.008102,22.647699,0,0
32002,20:24:32,114.010002,22.649099,0,24
32002,20:26:02,114.0159,22.6532,0,9
32002,20:26:32,114.016899,22.653099,0,7
32002,20:27:32,114.0187,22.6507,0,0
32002,20:28:02,114.0187,22.6507,0,0
32002,20:28:32,114.018898,22.6506,0,0
32002,20:29:32,114.020203,22.651699,0,0
32002,20:30:32,114.021301,22.6525,0,7
32002,20:31:32,114.023399,22.6541,0,15
32002,20:32:02,114.025299,22.6548,0,17
32002,20:32:32,114.027199,22.652599,0,5
32002,20:33:02,114.027298,22.6525,0,7
32002,20:34:03,114.029198,22.6506,0,16
32002,20:34:32,114.031403,22.649,0,10
32002,20:35:02,114.031502,22.649,0,0
32002,20:35:32,114.031502,22.649,0,0
32002,20:36:32,114.030701,22.6497,0,0
32002,20:38:32,114.0252,22.655199,0,0
32002,20:39:03,114.0252,22.655199,0,0
32002,20:39:33,114.0252,22.655199,0,0
32002,20:40:32,114.023003,22.6583,0,16
32002,20:41:02,114.024597,22.659401,0,8
32002,20:41:32,114.026001,22.6605,0,2
32002,20:42:32,114.026703,22.6611,0,0
32002,20:44:03,114.027298,22.6616,0,0
32002,20:44:33,114.027298,22.6616,0,0
32002,20:45:03,114.027298,22.6616,0,0
32002,20:47:02,114.024498,22.6661,0,15
32002,20:48:32,114.028702,22.6667,0,5
32002,20:49:34,114.030098,22.6642,0,15
32002,20:50:04,114.028099,22.662399,0,12
32002,20:50:34,114.026398,22.6611,0,12
32002,20:51:04,114.025299,22.660299,0,7
32002,20:51:33,114.024803,22.66,0,0
32002,20:52:03,114.024803,22.66,0,0
32002,20:52:33,114.024399,22.6598,0,0
32002,20:53:03,114.023102,22.658899,0,16
32002,20:53:33,114.0215,22.6577,0,0
32002,20:54:03,114.0214,22.657801,0,0
32002,20:54:33,114.020302,22.6581,0,10
32002,20:55:03,114.018898,22.6584,0,8
32002,20:56:03,114.017601,22.6586,0,0
32002,20:56:33,114.016998,22.658199,0,8
32002,20:57:02,114.016701,22.6581,0,0
32002,20:57:32,114.016502,22.6579,0,0
32002,20:58:02,114.016602,22.6577,0,0
32002,20:58:32,114.016602,22.6577,0,0
32002,20:59:02,114.017097,22.657101,0,0
32002,21:02:04,114.022102,22.6577,0,20
32002,21:04:03,114.027397,22.652399,0,0
32002,21:04:34,114.027397,22.652399,0,0
32002,21:05:04,114.028801,22.6509,0,27
32002,21:05:34,114.031303,22.649,0,0
32002,21:06:04,114.031303,22.649,0,0
32002,21:07:34,114.0354,22.647499,0,0
32002,21:08:33,114.035599,22.647301,0,0
32002,21:09:34,114.039101,22.646099,0,21
32002,21:10:04,114.040802,22.645399,0,20
32002,21:10:34,114.043602,22.644501,0,28
32002,21:11:04,114.046097,22.643801,0,9
32002,21:11:34,114.046097,22.644199,0,0
32002,21:12:04,114.046097,22.6443,0,5
32002,21:12:34,114.046097,22.6458,0,16
32002,21:13:04,114.0457,22.648701,0,19
32002,21:13:33,114.043297,22.650499,0,23
32002,21:14:03,114.041,22.6513,0,10
32002,21:14:35,114.038902,22.652201,0,11
32002,21:15:05,114.039597,22.654301,0,15
32002,21:16:35,114.038696,22.657301,0,6
32002,21:17:05,114.037598,22.6581,0,0
32002,21:17:35,114.037598,22.6581,0,0
32002,21:19:34,114.0308,22.6651,0,3
32002,21:20:34,114.031097,22.6656,0,0
32002,21:21:34,114.0317,22.6667,0,19
32002,21:22:04,114.032402,22.668501,0,0
32002,21:23:04,114.031601,22.667299,0,10
32002,21:23:34,114.030998,22.666599,0,0
32002,21:24:04,114.030502,22.665199,0,5
32002,21:25:05,114.029198,22.666201,0,2
32002,21:26:05,114.029198,22.6663,0,0
32002,21:27:05,114.028503,22.6691,0,9
32002,21:28:05,114.031799,22.6691,0,17
32002,21:28:35,114.033501,22.6709,0,25
32002,21:29:35,114.038002,22.6703,0,0
32002,21:30:05,114.038002,22.6703,0,0
32002,21:30:34,114.038498,22.6702,0,10
32002,21:31:04,114.039597,22.6735,0,23
32002,21:32:34,114.043602,22.679399,0,9
32002,21:33:04,114.043602,22.679501,0,0
32002,21:34:04,114.044098,22.6821,0,30
32002,21:34:34,114.044403,22.6866,0,33
32002,21:36:35,114.044701,22.6929,0,0
32002,21:37:05,114.044701,22.693399,0,15
32002,21:37:35,114.044502,22.697001,0,22
32002,21:38:05,114.044502,22.698099,0,0
32002,21:39:05,114.044197,22.702801,0,28
32002,21:39:35,114.043297,22.705299,0,30
32002,21:40:06,114.041801,22.7099,0,34
32002,21:40:36,114.042702,22.7118,0,2
32002,21:42:05,114.040802,22.714899,0,21
32002,21:42:35,114.040298,22.7145,0,0
32002,21:43:05,114.039398,22.712799,0,23
32002,21:44:05,114.036598,22.7127,0,23
32002,21:44:35,114.037003,22.7145,0,0
32002,21:45:06,114.036697,22.715099,0,5
32002,21:45:36,114.035599,22.7148,0,9
32002,21:46:06,114.034103,22.714899,0,12
32002,21:47:05,114.031403,22.716801,0,21
32002,21:47:35,114.028503,22.718,0,25
32002,21:48:05,114.024696,22.7199,0,29
32002,21:48:35,114.022301,22.722799,0,24
32002,21:49:05,114.021599,22.7255,0,19
32002,21:50:06,114.0214,22.7309,0,0
32002,21:50:36,114.0214,22.7309,0,0
32002,21:51:06,114.0214,22.7309,0,0
32002,21:53:35,114.011597,22.735001,0,5
32002,21:54:05,114.008499,22.7355,0,20
32002,21:55:05,114.005798,22.7348,0,7
32002,21:56:36,114.008202,22.7353,0,21
32002,21:58:05,114.020401,22.7318,0,19
32002,21:58:35,114.020798,22.7316,0,0
32002,21:59:05,114.021103,22.7314,0,7
32002,21:59:35,114.022903,22.730499,0,23
32002,22:01:37,114.030197,22.7272,0,24
32002,22:02:07,114.0336,22.7272,0,14
32002,22:02:37,114.034103,22.725401,0,0
32002,22:03:07,114.034103,22.725401,0,3
32002,22:03:36,114.034897,22.7227,0,24
32002,22:04:06,114.035698,22.719299,0,27
32002,22:06:06,114.037903,22.7152,0,10
32002,22:07:06,114.040001,22.716101,0,9
32002,22:07:36,114.040703,22.714899,0,8
32002,22:08:06,114.039597,22.7136,0,11
32002,22:09:35,114.037598,22.7064,0,0
32002,22:11:37,114.0364,22.7017,0,28
32002,22:13:07,114.035599,22.6954,0,14
32002,22:14:36,114.033798,22.683901,0,28
32002,22:16:07,114.033897,22.6838,0,46
32002,22:16:37,114.041397,22.683901,0,49
32002,22:17:07,114.046501,22.681601,0,38
32002,22:18:07,114.048798,22.668699,0,50
32002,22:18:37,114.049103,22.6619,0,48
32002,22:20:07,114.0485,22.642099,0,51
32002,22:20:37,114.045097,22.6362,0,49
32002,22:21:07,114.042999,22.629601,0,51
32002,22:22:37,114.044502,22.610201,0,28
32002,22:23:37,114.043999,22.608101,0,0
32002,22:24:37,114.043999,22.608,0,0
32002,22:25:37,114.043701,22.6038,0,32
32002,22:26:07,114.043503,22.601101,0,14
32002,22:27:07,114.0448,22.598499,0,0
32002,22:27:37,114.0448,22.598499,0,0
32002,22:28:07,114.0448,22.598499,0,0
32002,22:29:07,114.045097,22.5987,0,0
32002,22:29:37,114.043999,22.6001,0,20
32002,22:30:07,114.044098,22.603201,0,17
32002,22:31:37,114.052597,22.6061,0,19
32002,22:32:07,114.053902,22.607599,0,10
32002,22:32:37,114.0541,22.607901,0,0
32002,22:34:37,114.055496,22.6082,0,3
32002,22:35:07,114.058197,22.6082,0,22
32002,22:36:09,114.060204,22.612499,0,19
32002,22:37:08,114.061699,22.614,0,0
32002,22:37:38,114.062103,22.6143,0,8
32002,22:38:08,114.063004,22.614799,0,11
32002,22:38:38,114.064796,22.615999,0,5
32002,22:39:38,114.067299,22.617399,0,6
32002,22:40:08,114.067398,22.6173,0,0
32002,22:41:09,114.069504,22.614,0,34
32002,22:41:39,114.0718,22.6129,0,26
32002,22:42:38,114.078003,22.620399,0,38
32002,22:43:08,114.079697,22.625099,0,33
32002,22:44:08,114.0877,22.629101,0,27
32002,22:44:38,114.091499,22.631599,0,35
32002,22:45:08,114.096603,22.631399,0,35
32002,22:45:38,114.099098,22.6292,0,15
32002,22:46:39,114.0998,22.6283,0,0
32002,22:48:08,114.101097,22.6271,0,0
32002,22:48:38,114.101799,22.626499,0,17
32002,22:49:08,114.104301,22.6248,0,24
32002,22:50:08,114.106102,22.6236,0,14
32002,22:50:38,114.108902,22.622101,0,29
32002,22:51:39,114.114098,22.6213,0,1
32002,22:52:09,114.1147,22.621201,0,9
32002,22:52:39,114.117699,22.6206,0,29
32002,22:53:39,114.123199,22.6147,0,25
32002,22:54:08,114.122803,22.613501,0,0
32002,22:54:38,114.122803,22.613501,0,0
32002,22:55:08,114.122803,22.613501,0,0
32002,22:55:38,114.122002,22.6129,0,20
32002,22:57:09,114.121597,22.6126,0,0
32002,22:59:09,114.121597,22.6126,0,0
32002,22:59:38,114.121597,22.6126,0,0
32002,23:00:08,114.121597,22.6126,0,0
32002,23:00:38,114.121597,22.6126,0,0
32002,23:01:39,114.121597,22.6126,0,0
32002,23:02:39,114.121597,22.6126,0,0
32002,23:03:39,114.121597,22.6126,0,0
32002,23:04:39,114.121597,22.6126,0,0
32002,23:05:08,114.121597,22.6126,0,0
32002,23:05:38,114.121597,22.6126,0,0
32002,23:06:08,114.121597,22.6126,0,0
32002,23:07:39,114.121597,22.6126,0,0
32002,23:09:09,114.121597,22.6126,0,0
32002,23:10:09,114.121597,22.6126,0,0
32002,23:10:38,114.121597,22.6126,0,0
32002,23:11:39,114.120499,22.611799,0,0
32002,23:12:39,114.115601,22.6096,0,24
32002,23:13:09,114.112297,22.609501,0,24
32002,23:13:39,114.110802,22.609501,0,0
32002,23:14:39,114.111099,22.608299,0,0
32002,23:15:09,114.111298,22.608,0,0
32002,23:16:39,114.112602,22.6056,0,17
32002,23:17:09,114.112999,22.605101,0,5
32002,23:18:09,114.112503,22.603901,0,4
32002,23:19:09,114.111801,22.6031,0,2
32002,23:20:09,114.111198,22.6026,0,0
32002,23:22:10,114.111603,22.6022,0,10
32002,23:22:40,114.112099,22.603001,0,6
32002,23:23:10,114.112198,22.6033,0,0
32002,23:24:10,114.112602,22.604401,0,0
32002,23:25:40,114.111702,22.6073,0,0
32002,23:26:10,114.111504,22.607401,0,0
32002,23:26:40,114.110703,22.6089,0,16
32002,23:27:41,114.117401,22.6099,0,29
32002,23:28:10,114.119797,22.6113,0,0
32002,23:28:40,114.119797,22.6113,0,0
32002,23:29:10,114.120102,22.611401,0,13
32002,23:29:40,114.122597,22.6131,0,14
32002,23:31:10,114.129501,22.611099,0,0
32002,23:32:11,114.130501,22.6108,0,0
32002,23:32:41,114.130501,22.6108,0,0
32002,23:33:11,114.130699,22.610001,0,18
32002,23:33:40,114.130402,22.6084,0,13
32002,23:34:10,114.130402,22.607401,0,0
32002,23:34:40,114.130501,22.6073,0,0
32002,23:35:10,114.130501,22.608601,0,11
32002,23:36:10,114.130798,22.6108,0,6
32002,23:37:11,114.123199,22.6152,0,37
32002,23:38:11,114.114799,22.621401,0,30
32002,23:39:10,114.107101,22.623301,0,23
32002,23:39:40,114.104599,22.6248,0,30
32002,23:40:10,114.100502,22.628099,0,38
32002,23:40:40,114.096497,22.6315,0,32
32002,23:41:10,114.091599,22.632401,0,35
32002,23:41:40,114.087196,22.630699,0,34
32002,23:42:11,114.082199,22.6294,0,24
32002,23:42:41,114.081398,22.629,0,12
32002,23:43:11,114.077904,22.629,0,31
32002,23:44:11,114.075203,22.629601,0,7
32002,23:45:10,114.066498,22.630501,0,23
32002,23:46:10,114.066002,22.630501,0,0
32002,23:46:40,114.062599,22.6299,0,31
32002,23:47:10,114.056702,22.629601,0,40
32002,23:47:41,114.0504,22.6308,0,42
32002,23:48:41,114.039101,22.633101,0,35
32002,23:49:11,114.032997,22.6341,0,31
32002,23:49:41,114.028397,22.6353,0,39
32002,23:50:10,114.0224,22.636999,0,44
32002,23:50:40,114.017403,22.638399,0,17
32002,23:51:40,114.014801,22.639799,0,31
32002,23:52:10,114.011497,22.643499,0,37
32002,23:53:41,114.0037,22.6553,0,20
