33547,00:00:19,114.059799,22.5266,0,0
33547,00:00:49,114.059799,22.5266,0,0
33547,00:02:19,114.059799,22.5266,0,0
33547,00:03:19,114.059799,22.5266,0,0
33547,00:04:49,114.059799,22.5266,0,0
33547,00:06:19,114.059799,22.5266,0,0
33547,00:07:19,114.059799,22.5266,0,0
33547,00:07:49,114.059799,22.5266,0,0
33547,00:08:19,114.059799,22.5266,0,0
33547,00:10:19,114.059799,22.5266,0,0
33547,00:11:49,114.059799,22.5266,0,0
33547,00:12:19,114.059799,22.5266,0,0
33547,00:12:49,114.059799,22.5266,0,0
33547,00:13:19,114.059799,22.5266,0,0
33547,00:13:49,114.059799,22.5266,0,0
33547,00:15:19,114.059799,22.5266,0,0
33547,00:15:49,114.059799,22.5266,0,0
33547,00:16:19,114.059799,22.5266,0,0
33547,00:16:49,114.059799,22.5266,0,0
33547,00:17:19,114.059799,22.5266,0,0
33547,00:17:49,114.059799,22.5266,0,0
33547,00:18:19,114.059799,22.5266,0,0
33547,00:19:19,114.059799,22.5266,0,0
33547,00:19:49,114.059799,22.5266,0,0
33547,00:20:19,114.059799,22.5266,0,0
33547,00:20:49,114.059799,22.5266,0,0
33547,00:21:19,114.059799,22.5266,0,0
33547,00:21:49,114.059799,22.5266,0,0
33547,00:22:19,114.059799,22.5266,0,0
33547,00:23:19,114.059799,22.5266,0,0
33547,00:23:49,114.059799,22.5266,0,0
33547,00:24:49,114.059799,22.5266,0,0
33547,00:25:49,114.059799,22.5266,0,0
33547,00:26:19,114.059799,22.5266,0,0
33547,00:26:49,114.059799,22.5266,0,0
33547,00:27:19,114.059799,22.5266,0,0
33547,00:27:49,114.059799,22.5266,0,0
33547,00:28:19,114.059799,22.5266,0,0
33547,00:28:49,114.059799,22.5266,0,0
33547,00:29:19,114.059799,22.5266,0,0
33547,00:29:49,114.059799,22.5266,0,0
33547,00:30:19,114.059799,22.5266,0,0
33547,00:31:49,114.059799,22.5266,0,0
33547,00:32:19,114.059799,22.5266,0,0
33547,00:33:20,114.059799,22.5266,0,0
33547,00:34:50,114.059799,22.5266,0,0
33547,00:35:20,114.059799,22.5266,0,0
33547,00:35:50,114.059799,22.5266,0,0
33547,00:36:20,114.059799,22.5266,0,0
33547,00:37:20,114.059799,22.5266,0,0
33547,00:38:50,114.059799,22.5266,0,0
33547,00:39:50,114.059799,22.5266,0,0
33547,00:41:20,114.059799,22.5266,0,0
33547,00:41:50,114.059799,22.5266,0,0
33547,00:42:50,114.059799,22.5266,0,0
33547,00:44:20,114.059799,22.5266,0,0
33547,00:45:51,114.059799,22.5266,0,0
33547,00:46:21,114.059799,22.5266,0,0
33547,00:46:51,114.059799,22.5266,0,0
33547,00:47:21,114.059799,22.5266,0,0
33547,00:47:51,114.059799,22.5266,0,0
33547,00:48:21,114.059799,22.5266,0,0
33547,00:49:21,114.059799,22.5266,0,0
33547,00:49:51,114.059799,22.5266,0,0
33547,00:50:21,114.059799,22.5266,0,0
33547,00:50:51,114.059799,22.5266,0,0
33547,00:51:21,114.059799,22.5266,0,0
33547,00:52:21,114.059799,22.5266,0,0
33547,00:52:51,114.059799,22.5266,0,0
33547,00:53:21,114.059799,22.5266,0,0
33547,00:53:51,114.059799,22.5266,0,0
33547,00:56:21,114.059799,22.5266,0,0
33547,00:56:51,114.059799,22.5266,0,0
33547,00:58:51,114.059799,22.5266,0,0
33547,00:59:04,114.059799,22.5266,0,0
33547,00:59:11,114.059799,22.5266,0,0
33547,00:59:52,114.059799,22.5266,0,0
33547,01:00:22,114.059799,22.5266,0,0
33547,01:02:21,114.059799,22.5266,0,0
33547,01:02:51,114.059799,22.5266,0,0
33547,01:03:21,114.059799,22.5266,0,0
33547,01:04:21,114.059799,22.5266,0,0
33547,01:04:51,114.059799,22.5266,0,0
33547,01:05:51,114.059799,22.5266,0,0
33547,01:06:21,114.059799,22.5266,0,0
33547,01:07:51,114.059799,22.5266,0,0
33547,01:09:21,114.059799,22.5266,0,0
33547,01:09:51,114.059799,22.5266,0,0
33547,01:10:21,114.059799,22.5266,0,0
33547,01:10:51,114.059799,22.5266,0,0
33547,01:11:51,114.059799,22.5266,0,0
33547,01:12:21,114.059799,22.5266,0,0
33547,01:12:51,114.059799,22.5266,0,0
33547,01:14:21,114.059799,22.5266,0,0
33547,01:14:51,114.059799,22.5266,0,0
33547,01:15:21,114.059799,22.5266,0,0
33547,01:16:51,114.059799,22.5266,0,0
33547,01:16:53,114.059799,22.5266,0,0
33547,01:16:59,114.059799,22.526699,0,0
33547,01:17:22,114.059799,22.526699,0,0
33547,01:17:52,114.059799,22.526699,0,0
33547,01:18:22,114.059799,22.526699,0,0
33547,01:19:20,114.059799,22.526699,0,0
33547,01:19:50,114.059799,22.526699,0,0
33547,01:20:50,114.059799,22.526699,0,0
33547,01:21:20,114.059799,22.526699,0,0
33547,01:21:50,114.059799,22.526699,0,0
33547,01:22:20,114.059799,22.526699,0,0
33547,01:22:50,114.059799,22.526699,0,0
33547,01:23:20,114.059799,22.526699,0,0
33547,01:23:50,114.059799,22.526699,0,0
33547,01:24:20,114.059799,22.526699,0,0
33547,01:24:50,114.059799,22.526699,0,0
33547,01:25:20,114.059799,22.526699,0,0
33547,01:25:50,114.059799,22.526699,0,0
33547,01:26:20,114.059799,22.526699,0,0
33547,01:26:47,114.059799,22.526699,0,0
33547,01:26:50,114.059799,22.526699,0,0
33547,01:26:55,114.059502,22.526699,0,0
33547,01:27:22,114.059502,22.526699,0,0
33547,01:28:22,114.059502,22.526699,0,0
33547,01:29:51,114.059502,22.526699,0,0
33547,01:29:58,114.059601,22.5266,0,0
33547,01:30:22,114.059601,22.5266,0,0
33547,01:30:50,114.059601,22.5266,0,0
33547,01:31:20,114.059601,22.5266,0,0
33547,01:31:50,114.059601,22.5266,0,0
33547,01:32:20,114.059601,22.5266,0,0
33547,01:33:21,114.059601,22.5266,0,0
33547,01:33:51,114.059601,22.5266,0,0
33547,01:34:51,114.059601,22.5266,0,0
33547,01:35:21,114.059601,22.5266,0,0
33547,01:36:51,114.059601,22.5266,0,0
33547,01:37:21,114.059601,22.5266,0,0
33547,01:37:51,114.059601,22.5266,0,0
33547,01:38:21,114.059601,22.5266,0,0
33547,01:39:21,114.059601,22.5266,0,0
33547,01:41:51,114.059601,22.5266,0,0
33547,01:43:21,114.059601,22.5266,0,0
33547,01:44:51,114.059601,22.5266,0,0
33547,01:45:21,114.059601,22.5266,0,0
33547,01:45:51,114.059601,22.5266,0,0
33547,01:46:21,114.059601,22.5266,0,0
33547,01:47:21,114.059601,22.5266,0,0
33547,01:48:51,114.059601,22.5266,0,0
33547,01:50:21,114.059601,22.5266,0,0
33547,01:50:51,114.059601,22.5266,0,0
33547,01:51:21,114.059601,22.5266,0,0
33547,01:51:51,114.059601,22.5266,0,0
33547,01:52:21,114.059601,22.5266,0,0
33547,01:52:51,114.059601,22.5266,0,0
33547,01:53:21,114.059601,22.5266,0,0
33547,01:53:51,114.059601,22.5266,0,0
33547,01:55:21,114.059601,22.5266,0,0
33547,01:55:51,114.059601,22.5266,0,0
33547,01:56:51,114.059601,22.5266,0,0
33547,01:57:21,114.059601,22.5266,0,0
33547,01:57:51,114.059601,22.5266,0,0
33547,01:58:51,114.059601,22.5266,0,0
33547,01:59:21,114.059601,22.5266,0,0
33547,01:59:51,114.059601,22.5266,0,0
33547,02:00:21,114.059601,22.5266,0,0
33547,02:02:21,114.059601,22.5266,0,0
33547,02:03:51,114.059601,22.5266,0,0
33547,02:04:21,114.059601,22.5266,0,0
33547,02:04:51,114.059601,22.5266,0,0
33547,02:05:21,114.059601,22.5266,0,0
33547,02:06:21,114.059601,22.5266,0,0
33547,02:06:51,114.059601,22.5266,0,0
33547,02:07:21,114.059601,22.5266,0,0
33547,02:07:51,114.059601,22.5266,0,0
33547,02:08:21,114.059601,22.5266,0,0
33547,02:09:21,114.059601,22.5266,0,0
33547,02:09:51,114.059601,22.5266,0,0
33547,02:11:21,114.059601,22.5266,0,0
33547,02:11:51,114.059601,22.5266,0,0
33547,02:12:51,114.059601,22.5266,0,0
33547,02:13:21,114.059601,22.5266,0,0
33547,02:13:51,114.059601,22.5266,0,0
33547,02:14:21,114.059601,22.5266,0,0
33547,02:14:51,114.059601,22.5266,0,0
33547,02:15:21,114.059601,22.5266,0,0
33547,02:15:51,114.059601,22.5266,0,0
33547,02:16:21,114.059601,22.5266,0,0
33547,02:16:51,114.059601,22.5266,0,0
33547,02:17:51,114.059601,22.5266,0,0
33547,02:18:51,114.059601,22.5266,0,0
33547,02:19:51,114.059601,22.5266,0,0
33547,02:20:21,114.059601,22.5266,0,0
33547,02:20:51,114.059601,22.5266,0,0
33547,02:21:21,114.059601,22.5266,0,0
33547,02:21:51,114.059601,22.5266,0,0
33547,02:22:21,114.059601,22.5266,0,0
33547,02:22:51,114.059601,22.5266,0,0
33547,02:23:51,114.059601,22.5266,0,0
33547,02:24:21,114.059601,22.5266,0,0
33547,02:25:21,114.059601,22.5266,0,0
33547,02:25:51,114.059601,22.5266,0,0
33547,02:26:21,114.059601,22.5266,0,0
33547,02:27:21,114.059601,22.5266,0,0
33547,02:27:51,114.059601,22.5266,0,0
33547,02:28:21,114.059601,22.5266,0,0
33547,02:29:21,114.059601,22.5266,0,0
33547,02:29:51,114.059601,22.5266,0,0
33547,02:31:51,114.059601,22.5266,0,0
33547,02:32:51,114.059601,22.5266,0,0
33547,02:33:21,114.059601,22.5266,0,0
33547,02:33:51,114.059601,22.5266,0,0
33547,02:34:21,114.059601,22.5266,0,0
33547,02:34:51,114.059601,22.5266,0,0
33547,02:35:51,114.059601,22.5266,0,0
33547,02:36:21,114.059601,22.5266,0,0
33547,02:37:51,114.059601,22.5266,0,0
33547,02:38:21,114.059601,22.5266,0,0
33547,02:39:51,114.059601,22.5266,0,0
33547,02:40:21,114.059601,22.5266,0,0
33547,02:40:51,114.059601,22.5266,0,0
33547,02:41:21,114.059601,22.5266,0,0
33547,02:41:51,114.059601,22.5266,0,0
33547,02:42:21,114.059601,22.5266,0,0
33547,02:42:51,114.059601,22.5266,0,0
33547,02:43:21,114.059601,22.5266,0,0
33547,02:44:21,114.059601,22.5266,0,0
33547,02:44:51,114.059601,22.5266,0,0
33547,02:46:51,114.059601,22.5266,0,0
33547,02:48:21,114.059601,22.5266,0,0
33547,02:49:21,114.059601,22.5266,0,0
33547,02:49:51,114.059601,22.5266,0,0
33547,02:50:51,114.059601,22.5266,0,0
33547,02:51:51,114.059601,22.5266,0,0
33547,02:52:21,114.059601,22.5266,0,0
33547,02:52:51,114.059601,22.5266,0,0
33547,02:53:21,114.059601,22.5266,0,0
33547,02:54:21,114.059601,22.5266,0,0
33547,02:54:51,114.059601,22.5266,0,0
33547,02:55:21,114.059601,22.5266,0,0
33547,02:55:51,114.059601,22.5266,0,0
33547,02:56:21,114.059601,22.5266,0,0
33547,02:56:51,114.059601,22.5266,0,0
33547,02:57:51,114.059601,22.5266,0,0
33547,02:58:51,114.059601,22.5266,0,0
33547,02:59:21,114.059601,22.5266,0,0
33547,02:59:51,114.059601,22.5266,0,0
33547,03:01:51,114.059601,22.5266,0,0
33547,03:02:21,114.059601,22.5266,0,0
33547,03:02:51,114.059601,22.5266,0,0
33547,03:03:21,114.059601,22.5266,0,0
33547,03:03:51,114.059601,22.5266,0,0
33547,03:04:51,114.059601,22.5266,0,0
33547,03:05:21,114.059601,22.5266,0,0
33547,03:05:51,114.059601,22.5266,0,0
33547,03:06:21,114.059601,22.5266,0,0
33547,03:07:21,114.059601,22.5266,0,0
33547,03:07:51,114.059601,22.5266,0,0
33547,03:08:21,114.059601,22.5266,0,0
33547,03:09:21,114.059601,22.5266,0,0
33547,03:12:21,114.059601,22.5266,0,0
33547,03:12:51,114.059601,22.5266,0,0
33547,03:13:21,114.059601,22.5266,0,0
33547,03:13:51,114.059601,22.5266,0,0
33547,03:14:21,114.059601,22.5266,0,0
33547,03:15:21,114.059601,22.5266,0,0
33547,03:15:51,114.059601,22.5266,0,0
33547,03:16:51,114.059601,22.5266,0,0
33547,03:18:21,114.059601,22.5266,0,0
33547,03:19:21,114.059601,22.5266,0,0
33547,03:19:51,114.059601,22.5266,0,0
33547,03:21:21,114.059601,22.5266,0,0
33547,03:22:51,114.059601,22.5266,0,0
33547,03:24:21,114.059601,22.5266,0,0
33547,03:24:51,114.059601,22.5266,0,0
33547,03:25:21,114.059601,22.5266,0,0
33547,03:25:51,114.059601,22.5266,0,0
33547,03:26:21,114.059601,22.5266,0,0
33547,03:26:51,114.059601,22.5266,0,0
33547,03:27:21,114.059601,22.5266,0,0
33547,03:27:51,114.059601,22.5266,0,0
33547,03:28:51,114.059601,22.5266,0,0
33547,03:29:51,114.059601,22.5266,0,0
33547,03:30:21,114.059601,22.5266,0,0
33547,03:30:51,114.059601,22.5266,0,0
33547,03:31:21,114.059601,22.5266,0,0
33547,03:31:51,114.059601,22.5266,0,0
33547,03:32:21,114.059601,22.5266,0,0
33547,03:32:51,114.059601,22.5266,0,0
33547,03:33:21,114.059601,22.5266,0,0
33547,03:33:51,114.059601,22.5266,0,0
33547,03:34:21,114.059601,22.5266,0,0
33547,03:34:51,114.059601,22.5266,0,0
33547,03:35:51,114.059601,22.5266,0,0
33547,03:36:21,114.059601,22.5266,0,0
33547,03:36:52,114.059601,22.5266,0,0
33547,03:37:22,114.059601,22.5266,0,0
33547,03:37:52,114.059601,22.5266,0,0
33547,03:38:52,114.059601,22.5266,0,0
33547,03:39:22,114.059601,22.5266,0,0
33547,03:40:52,114.059601,22.5266,0,0
33547,03:41:22,114.059601,22.5266,0,0
33547,03:41:52,114.059601,22.5266,0,0
33547,03:42:22,114.059601,22.5266,0,0
33547,03:42:52,114.059601,22.5266,0,0
33547,03:44:22,114.059601,22.5266,0,0
33547,03:45:52,114.059601,22.5266,0,0
33547,03:47:22,114.059601,22.5266,0,0
33547,03:47:52,114.059601,22.5266,0,0
33547,03:48:22,114.059601,22.5266,0,0
33547,03:48:52,114.059601,22.5266,0,0
33547,03:49:52,114.059601,22.5266,0,0
33547,03:51:22,114.059601,22.5266,0,0
33547,03:51:52,114.059601,22.5266,0,0
33547,03:52:52,114.059601,22.5266,0,0
33547,03:53:22,114.059601,22.5266,0,0
33547,03:53:52,114.059601,22.5266,0,0
33547,03:54:22,114.059601,22.5266,0,0
33547,03:54:52,114.059601,22.5266,0,0
33547,03:55:22,114.059601,22.5266,0,0
33547,03:55:52,114.059601,22.5266,0,0
33547,03:56:22,114.059601,22.5266,0,0
33547,03:58:22,114.059601,22.5266,0,0
33547,03:58:52,114.059601,22.5266,0,0
33547,03:59:52,114.059601,22.5266,0,0
33547,04:01:22,114.059601,22.5266,0,0
33547,04:03:22,114.059601,22.5266,0,0
33547,04:03:52,114.059601,22.5266,0,0
33547,04:04:52,114.059601,22.5266,0,0
33547,04:06:22,114.059601,22.5266,0,0
33547,04:07:22,114.059601,22.5266,0,0
33547,04:07:52,114.059601,22.5266,0,0
33547,04:08:22,114.059601,22.5266,0,0
33547,04:09:22,114.059601,22.5266,0,0
33547,04:09:52,114.059601,22.5266,0,0
33547,04:10:22,114.059601,22.5266,0,0
33547,04:11:22,114.059601,22.5266,0,0
33547,04:11:52,114.059601,22.5266,0,0
33547,04:12:22,114.059601,22.5266,0,0
33547,04:12:52,114.059601,22.5266,0,0
33547,04:13:22,114.059601,22.5266,0,0
33547,04:13:52,114.059601,22.5266,0,0
33547,04:14:22,114.059601,22.5266,0,0
33547,04:14:52,114.059601,22.5266,0,0
33547,04:15:22,114.059601,22.5266,0,0
33547,04:15:52,114.059601,22.5266,0,0
33547,04:16:52,114.059601,22.5266,0,0
33547,04:19:22,114.059601,22.5266,0,0
33547,04:21:22,114.059601,22.5266,0,0
33547,04:21:52,114.059601,22.5266,0,0
33547,04:23:22,114.059601,22.5266,0,0
33547,04:24:22,114.059601,22.5266,0,0
33547,04:24:52,114.059601,22.5266,0,0
33547,04:25:22,114.059601,22.5266,0,0
33547,04:25:52,114.059601,22.5266,0,0
33547,04:26:52,114.059601,22.5266,0,0
33547,04:27:52,114.059601,22.5266,0,0
33547,04:28:52,114.059601,22.5266,0,0
33547,04:29:22,114.059601,22.5266,0,0
33547,04:30:53,114.059601,22.5266,0,0
33547,04:31:23,114.059601,22.5266,0,0
33547,04:31:53,114.059601,22.5266,0,0
33547,04:32:23,114.059601,22.5266,0,0
33547,04:32:53,114.059601,22.5266,0,0
33547,04:34:23,114.059601,22.5266,0,0
33547,04:34:53,114.059601,22.5266,0,0
33547,04:35:53,114.059601,22.5266,0,0
33547,04:36:53,114.059601,22.5266,0,0
33547,04:37:23,114.059601,22.5266,0,0
33547,04:37:53,114.059601,22.5266,0,0
33547,04:38:53,114.059601,22.5266,0,0
33547,04:39:23,114.059601,22.5266,0,0
33547,04:40:23,114.059601,22.5266,0,0
33547,04:40:53,114.059601,22.5266,0,0
33547,04:41:23,114.059601,22.5266,0,0
33547,04:41:53,114.059601,22.5266,0,0
33547,04:42:53,114.059601,22.5266,0,0
33547,04:43:53,114.059601,22.5266,0,0
33547,04:44:53,114.059601,22.5266,0,0
33547,04:45:23,114.059601,22.5266,0,0
33547,04:45:53,114.059601,22.5266,0,0
33547,04:46:23,114.059601,22.5266,0,0
33547,04:46:53,114.059601,22.5266,0,0
33547,04:47:23,114.059601,22.5266,0,0
33547,04:48:23,114.059601,22.5266,0,0
33547,04:48:53,114.059601,22.5266,0,0
33547,04:49:23,114.059601,22.5266,0,0
33547,04:50:53,114.059601,22.5266,0,0
33547,04:51:23,114.059601,22.5266,0,0
33547,04:51:53,114.059601,22.5266,0,0
33547,04:52:23,114.059601,22.5266,0,0
33547,04:53:23,114.059601,22.5266,0,0
33547,04:53:53,114.059601,22.5266,0,0
33547,04:55:23,114.059601,22.5266,0,0
33547,04:55:53,114.059601,22.5266,0,0
33547,04:57:23,114.059601,22.5266,0,0
33547,04:57:53,114.059601,22.5266,0,0
33547,04:58:53,114.059601,22.5266,0,0
33547,04:59:53,114.059601,22.5266,0,0
33547,05:01:23,114.059601,22.5266,0,0
33547,05:01:53,114.059601,22.5266,0,0
33547,05:02:53,114.059601,22.5266,0,0
33547,05:03:23,114.059601,22.5266,0,0
33547,05:03:53,114.059601,22.5266,0,0
33547,05:05:53,114.059601,22.5266,0,0
33547,05:06:23,114.059601,22.5266,0,0
33547,05:06:53,114.059601,22.5266,0,0
33547,05:07:23,114.059601,22.5266,0,0
33547,05:08:53,114.059601,22.5266,0,0
33547,05:09:23,114.059601,22.5266,0,0
33547,05:11:53,114.059601,22.5266,0,0
33547,05:12:53,114.059601,22.5266,0,0
33547,05:13:53,114.059601,22.5266,0,0
33547,05:14:23,114.059601,22.5266,0,0
33547,05:16:53,114.059601,22.5266,0,0
33547,05:17:53,114.059601,22.5266,0,0
33547,05:18:23,114.059601,22.5266,0,0
33547,05:18:53,114.059601,22.5266,0,0
33547,05:19:23,114.059601,22.5266,0,0
33547,05:19:53,114.059601,22.5266,0,0
33547,05:20:23,114.059601,22.5266,0,0
33547,05:20:53,114.059601,22.5266,0,0
33547,05:22:23,114.059601,22.5266,0,0
33547,05:22:53,114.059601,22.5266,0,0
33547,05:23:23,114.059601,22.5266,0,0
33547,05:23:53,114.059601,22.5266,0,0
33547,05:24:53,114.059601,22.5266,0,0
33547,05:25:23,114.059601,22.5266,0,0
33547,05:25:53,114.059601,22.5266,0,0
33547,05:26:23,114.059601,22.5266,0,0
33547,05:26:53,114.059601,22.5266,0,0
33547,05:27:23,114.059601,22.5266,0,0
33547,05:28:53,114.059601,22.5266,0,0
33547,05:29:23,114.059601,22.5266,0,0
33547,05:29:53,114.059601,22.5266,0,0
33547,05:30:23,114.059601,22.5266,0,0
33547,05:30:53,114.059601,22.5266,0,0
33547,05:31:53,114.059601,22.5266,0,0
33547,05:32:23,114.059601,22.5266,0,0
33547,05:32:53,114.059601,22.5266,0,0
33547,05:33:23,114.059601,22.5266,0,0
33547,05:33:53,114.059601,22.5266,0,0
33547,05:34:53,114.059601,22.5266,0,0
33547,05:35:23,114.059601,22.5266,0,0
33547,05:35:53,114.059601,22.5266,0,0
33547,05:36:23,114.059601,22.5266,0,0
33547,05:36:53,114.059601,22.5266,0,0
33547,05:37:23,114.059601,22.5266,0,0
33547,05:37:53,114.059601,22.5266,0,0
33547,05:38:53,114.059601,22.5266,0,0
33547,05:40:53,114.059601,22.5266,0,0
33547,05:41:53,114.059601,22.5266,0,0
33547,05:42:40,114.059601,22.5266,0,0
33547,05:43:11,114.0606,22.5266,0,7
33547,05:43:41,114.0606,22.5264,0,0
33547,05:44:11,114.0606,22.5264,0,0
33547,05:45:11,114.059799,22.5268,0,5
33547,05:45:41,114.059303,22.527599,0,22
33547,05:46:41,114.058098,22.5352,0,0
33547,05:47:11,114.058098,22.5352,0,0
33547,05:47:41,114.0578,22.535101,0,14
33547,05:48:11,114.0578,22.532,0,20
33547,05:48:41,114.053703,22.5317,0,31
33547,05:49:11,114.049202,22.5317,0,31
33547,05:50:41,114.031601,22.5303,0,38
33547,05:52:11,114.015602,22.5313,0,30
33547,05:52:41,114.015297,22.534201,0,19
33547,05:53:11,114.012398,22.535601,0,26
33547,05:54:41,114.007401,22.5347,0,13
33547,05:55:11,114.007896,22.5348,0,0
33547,05:56:11,114.007896,22.5348,0,0
33547,05:56:15,114.007896,22.5348,0,0
33547,05:57:15,114.007896,22.5348,0,0
33547,05:57:42,114.007896,22.5348,0,0
33547,05:58:12,114.007896,22.5348,0,0
33547,05:58:42,114.007896,22.5348,0,0
33547,05:59:12,114.007896,22.5348,0,0
33547,05:59:42,114.007896,22.5348,0,0
33547,06:00:12,114.007896,22.5348,0,0
33547,06:00:47,114.007896,22.5348,0,0
33547,06:05:18,114.007896,22.5348,0,0
33547,06:05:48,114.007896,22.5348,0,0
33547,06:06:18,114.007896,22.5348,0,0
33547,06:06:48,114.007896,22.5348,0,0
33547,06:07:18,114.007896,22.5348,0,0
33547,06:08:18,114.007896,22.5348,0,0
33547,06:08:48,114.007896,22.5348,0,0
33547,06:09:18,114.007896,22.5348,0,0
33547,06:12:18,114.007896,22.5348,0,0
33547,06:12:48,114.007896,22.5348,0,0
33547,06:13:18,114.007896,22.5348,0,0
33547,06:14:18,114.007896,22.5348,0,0
33547,06:14:48,114.007896,22.5348,0,0
33547,06:15:18,114.007896,22.5348,0,0
33547,06:15:48,114.007896,22.5348,0,0
33547,06:16:48,114.007896,22.5348,0,0
33547,06:18:18,114.007896,22.5348,0,0
33547,06:18:48,114.007896,22.5348,0,0
33547,06:19:48,114.007896,22.5348,0,0
33547,06:20:18,114.007896,22.5348,0,0
33547,06:20:48,114.007896,22.5348,0,0
33547,06:21:18,114.007896,22.5348,0,0
33547,06:21:48,114.007896,22.5348,0,0
33547,06:24:14,114.007896,22.5348,0,0
33547,06:24:44,114.007896,22.5348,0,0
33547,06:25:14,114.007896,22.5348,0,0
33547,06:25:44,114.007896,22.5348,0,0
33547,06:26:14,114.007896,22.5348,0,0
33547,06:26:44,114.007896,22.5348,0,0
33547,06:27:14,114.007896,22.5348,0,0
33547,06:27:44,114.007896,22.5348,0,0
33547,06:28:14,114.007896,22.5348,0,0
33547,06:28:44,114.007896,22.5348,0,0
33547,06:29:14,114.007896,22.5348,0,0
33547,06:29:44,114.007896,22.5348,0,0
33547,06:30:14,114.007896,22.5348,0,0
33547,06:30:44,114.007896,22.5348,0,0
33547,06:31:14,114.007896,22.5348,0,0
33547,06:31:44,114.007896,22.5348,0,0
33547,06:32:14,114.007896,22.5348,0,0
33547,06:32:44,114.007896,22.5348,0,0
33547,06:32:57,114.007896,22.5348,0,0
33547,06:33:27,114.007896,22.5348,0,0
33547,06:33:57,114.007896,22.5348,0,0
33547,06:34:34,114.007896,22.5348,0,0
33547,06:36:10,114.007896,22.5348,0,0
33547,06:37:10,114.007896,22.5348,0,0
33547,06:37:23,114.014603,22.530701,0,30
33547,06:38:10,114.007896,22.5348,0,0
33547,06:39:53,114.038902,22.5305,0,18
33547,06:40:23,114.039398,22.530701,0,1
33547,06:40:53,114.039398,22.530701,0,0
33547,06:41:52,114.039398,22.530701,0,0
33547,06:43:22,114.039398,22.530701,0,0
33547,06:43:52,114.039398,22.530701,0,0
33547,06:44:22,114.039398,22.530701,0,0
33547,06:45:22,114.039398,22.530701,0,0
33547,06:45:52,114.039398,22.530701,0,0
33547,06:46:52,114.039398,22.530701,0,0
33547,06:47:52,114.039398,22.5305,0,0
33547,06:48:22,114.039703,22.5306,0,0
33547,06:48:52,114.039703,22.5306,0,0
33547,06:49:52,114.039703,22.5306,0,0
33547,06:50:22,114.039703,22.5306,0,0
33547,06:50:52,114.039703,22.5306,0,0
33547,06:52:22,114.039703,22.5306,0,0
33547,06:53:22,114.040802,22.5299,0,0
33547,06:53:52,114.041,22.5287,0,10
33547,06:54:22,114.040901,22.5285,0,0
33547,06:54:52,114.040901,22.5285,0,0
33547,06:55:22,114.040901,22.5285,0,0
33547,06:55:52,114.040901,22.5285,0,0
33547,06:56:52,114.040901,22.5285,0,0
33547,06:57:22,114.040901,22.5285,0,0
33547,06:57:52,114.040901,22.5285,0,0
33547,06:58:52,114.040901,22.5285,0,0
33547,07:00:22,114.0411,22.528601,0,5
33547,07:00:52,114.042,22.527201,0,15
33547,07:01:22,114.043503,22.527599,0,0
33547,07:01:52,114.044098,22.5277,0,4
33547,07:02:22,114.044899,22.526899,0,24
33547,07:02:52,114.044601,22.5261,0,0
33547,07:03:23,114.044601,22.5261,0,0
33547,07:04:53,114.0448,22.5256,0,0
33547,07:05:22,114.045502,22.5257,0,15
33547,07:05:52,114.0467,22.5257,0,0
33547,07:06:22,114.049103,22.5256,0,20
33547,07:06:52,114.051102,22.525801,0,10
33547,07:07:23,114.051201,22.525801,0,0
33547,07:08:23,114.0513,22.525801,0,8
33547,07:08:53,114.051498,22.5284,0,25
33547,07:09:23,114.0522,22.5313,0,20
33547,07:09:53,114.055901,22.5313,0,23
33547,07:10:23,114.059303,22.531401,0,34
33547,07:11:53,114.063202,22.5285,0,27
33547,07:12:23,114.063103,22.5331,0,35
33547,07:13:53,114.065399,22.537901,0,0
33547,07:14:23,114.065399,22.537901,0,0
33547,07:14:53,114.065399,22.537901,0,0
33547,07:15:23,114.065399,22.537901,0,0
33547,07:15:53,114.065399,22.537901,0,0
33547,07:16:23,114.065399,22.537901,0,0
33547,07:16:53,114.065399,22.537901,0,0
33547,07:17:23,114.065399,22.537901,0,0
33547,07:17:53,114.065399,22.537901,0,0
33547,07:18:23,114.065399,22.537901,0,0
33547,07:19:23,114.065399,22.537901,0,0
33547,07:20:53,114.066498,22.5322,0,25
33547,07:21:23,114.063499,22.531799,0,23
33547,07:21:53,114.059097,22.531799,0,24
33547,07:22:23,114.053497,22.531601,0,37
33547,07:22:53,114.048401,22.5315,0,36
33547,07:23:23,114.042503,22.5313,0,40
33547,07:24:23,114.030502,22.5303,0,41
33547,07:25:23,114.024902,22.5338,0,34
33547,07:25:53,114.023804,22.538099,0,29
33547,07:26:23,114.022797,22.5424,0,30
33547,07:26:53,114.022003,22.5459,0,23
33547,07:27:23,114.0205,22.5487,0,27
33547,07:27:53,114.017899,22.552099,0,34
33547,07:28:23,114.015503,22.5567,0,38
33547,07:28:53,114.015099,22.559799,0,14
33547,07:29:11,114.014801,22.5613,0,0
33547,07:29:20,114.014099,22.5616,0,15
33547,07:29:53,114.010201,22.558901,0,36
33547,07:30:23,114.005203,22.5567,0,37
33547,07:30:53,113.999802,22.555901,0,34
33547,07:31:53,113.989403,22.559,0,38
33547,07:32:53,113.979897,22.561501,0,30
33547,07:35:23,113.974899,22.561899,0,8
33547,07:35:53,113.974998,22.5616,0,1
33547,07:36:23,113.975998,22.5613,0,5
33547,07:37:23,113.976097,22.561399,0,0
33547,07:38:23,113.976097,22.561399,0,0
33547,07:38:53,113.976097,22.561399,0,0
33547,07:39:23,113.976097,22.561399,0,0
33547,07:39:53,113.974899,22.5618,0,6
33547,07:40:53,113.975403,22.562799,0,3
33547,07:41:23,113.975403,22.562799,0,0
33547,07:41:53,113.975403,22.562799,0,0
33547,07:42:23,113.976402,22.562901,0,21
33547,07:42:53,113.9776,22.562201,0,0
33547,07:43:23,113.9776,22.562201,0,0
33547,07:44:23,113.978104,22.562,0,5
33547,07:44:53,113.979698,22.561501,0,10
33547,07:45:53,113.983002,22.556,0,35
33547,07:46:23,113.982903,22.554399,0,0
33547,07:46:43,113.982002,22.5529,0,0
33547,07:46:54,113.981102,22.5518,0,30
33547,07:48:53,113.986099,22.5452,0,21
33547,07:50:23,113.990997,22.5438,0,0
33547,07:51:23,113.999901,22.5464,0,33
33547,07:51:53,114.003899,22.546801,0,30
33547,07:52:23,114.005402,22.5473,0,0
33547,07:52:53,114.006699,22.546499,0,0
33547,07:53:23,114.006699,22.546499,0,0
33547,07:53:53,114.006599,22.546801,0,9
33547,07:55:23,114.006401,22.548901,0,0
33547,07:55:53,114.006401,22.548901,0,0
33547,07:56:23,114.006599,22.549101,0,10
33547,07:58:23,114.013199,22.5508,0,10
33547,07:58:53,114.015404,22.5476,0,34
33547,07:59:53,114.017197,22.5439,0,13
33547,08:00:23,114.017502,22.5424,0,0
33547,08:01:23,114.017502,22.5424,0,0
33547,08:01:53,114.017899,22.5411,0,0
33547,08:02:53,114.017502,22.538799,0,20
33547,08:03:23,114.014801,22.5383,0,0
33547,08:03:53,114.014801,22.5383,0,0
33547,08:04:53,114.013603,22.538,0,14
33547,08:05:23,114.010002,22.5375,0,22
33547,08:05:53,114.006401,22.5369,0,10
33547,08:06:23,114.0065,22.5371,0,9
33547,08:06:53,114.007896,22.5376,0,0
33547,08:08:23,114.008301,22.5378,0,6
33547,08:09:53,114.006203,22.5369,0,13
33547,08:10:18,114.004402,22.5364,0,0
33547,08:10:23,114.004402,22.5364,0,0
33547,08:10:25,114.004402,22.5364,0,14
33547,08:11:23,113.997902,22.5354,0,22
33547,08:11:53,113.994797,22.5352,0,20
33547,08:12:23,113.993896,22.5354,0,0
33547,08:12:53,113.993896,22.5354,0,0
33547,08:13:24,113.993103,22.535601,0,13
33547,08:13:54,113.992203,22.539,0,27
33547,08:14:24,113.991699,22.5422,0,14
33547,08:14:54,113.991402,22.542801,0,15
33547,08:15:24,113.9907,22.5415,0,14
33547,08:15:54,113.987999,22.5415,0,12
33547,08:16:24,113.986198,22.542101,0,16
33547,08:16:54,113.985497,22.544201,0,12
33547,08:17:24,113.985397,22.5446,0,0
33547,08:17:54,113.985397,22.5446,0,0
33547,08:18:24,113.985397,22.5446,0,0
33547,08:18:54,113.985397,22.5446,0,2
33547,08:19:24,113.985802,22.5439,0,16
33547,08:20:24,113.987602,22.5415,0,12
33547,08:20:54,113.989998,22.5417,0,17
33547,08:21:24,113.991798,22.5406,0,29
33547,08:22:24,113.9925,22.5359,0,0
33547,08:22:54,113.9925,22.5359,0,0
33547,08:23:24,113.9925,22.5359,0,0
33547,08:23:54,113.992996,22.5327,0,30
33547,08:24:24,113.993202,22.5312,0,20
33547,08:24:54,113.993797,22.527399,0,24
33547,08:25:24,113.992996,22.5252,0,20
33547,08:25:54,113.994698,22.5273,0,28
33547,08:26:24,113.998299,22.5294,0,37
33547,08:26:54,114.0028,22.5299,0,27
33547,08:27:24,114.007401,22.529499,0,28
33547,08:27:54,114.011803,22.5301,0,31
33547,08:28:24,114.0149,22.5308,0,4
33547,08:29:24,114.0168,22.5312,0,8
33547,08:29:54,114.018501,22.531799,0,16
33547,08:30:24,114.020203,22.5322,0,12
33547,08:30:54,114.021103,22.532,0,6
33547,08:31:24,114.022202,22.5319,0,12
33547,08:31:54,114.025597,22.531099,0,33
33547,08:32:24,114.0299,22.530199,0,30
33547,08:32:54,114.034698,22.530199,0,42
33547,08:33:24,114.039902,22.530701,0,20
33547,08:36:24,114.044098,22.531099,0,6
33547,08:37:24,114.0457,22.5312,0,3
33547,08:38:54,114.045197,22.5306,0,0
33547,08:39:24,114.0448,22.531,0,7
33547,08:40:24,114.044701,22.536699,0,18
33547,08:40:54,114.046898,22.5373,0,3
33547,08:41:24,114.047203,22.537399,0,10
33547,08:42:54,114.0504,22.537399,0,9
33547,08:43:24,114.051804,22.537399,0,12
33547,08:43:54,114.054398,22.5376,0,35
33547,08:44:24,114.057602,22.5375,0,15
33547,08:46:24,114.0578,22.5375,0,0
33547,08:46:54,114.057999,22.539101,0,17
33547,08:47:54,114.0588,22.542,0,22
33547,08:48:24,114.061996,22.5422,0,30
33547,08:48:54,114.065804,22.542601,0,29
33547,08:50:54,114.068001,22.547001,0,0
33547,08:51:54,114.068001,22.547001,0,0
33547,08:52:24,114.068001,22.5497,0,32
33547,08:52:54,114.068001,22.550501,0,0
33547,08:53:24,114.068001,22.550501,0,0
33547,08:54:54,114.067902,22.555901,0,32
33547,08:55:54,114.0709,22.558001,0,19
33547,08:56:24,114.075401,22.5581,0,26
33547,08:56:54,114.078499,22.558001,0,23
33547,08:57:54,114.085098,22.563601,0,34
33547,08:58:24,114.088203,22.5665,0,27
33547,08:59:24,114.090599,22.5658,0,0
33547,09:00:24,114.090599,22.565201,0,0
33547,09:00:54,114.090599,22.565201,0,0
33547,09:01:24,114.090599,22.565201,0,0
33547,09:01:54,114.090599,22.565201,0,0
33547,09:02:24,114.090599,22.565201,0,0
33547,09:02:54,114.090599,22.565201,0,0
33547,09:03:24,114.090599,22.565201,0,0
33547,09:03:54,114.090599,22.565201,0,0
33547,09:04:24,114.090599,22.565201,0,0
33547,09:04:54,114.090599,22.565201,0,0
33547,09:05:24,114.090599,22.5662,0,13
33547,09:05:54,114.0923,22.567499,0,31
33547,09:06:24,114.096001,22.568501,0,28
33547,09:07:24,114.099197,22.5667,0,1
33547,09:08:24,114.099098,22.572901,0,23
33547,09:08:54,114.098999,22.5758,0,12
33547,09:09:24,114.099197,22.576599,0,0
33547,09:09:54,114.099297,22.577299,0,8
33547,09:10:54,114.098701,22.576,0,0
33547,09:12:24,114.098602,22.5737,0,8
33547,09:13:25,114.098503,22.570499,0,8
33547,09:14:25,114.101799,22.5714,0,24
33547,09:14:55,114.1054,22.5737,0,31
33547,09:15:56,114.113297,22.5763,0,31
33547,09:16:26,114.117104,22.5748,0,28
33547,09:16:56,114.117699,22.5707,0,32
33547,09:17:57,114.1185,22.5634,0,24
33547,09:18:27,114.1194,22.5604,0,19
33547,09:18:45,114.1194,22.559799,0,0
33547,09:19:27,114.119797,22.5609,0,6
33547,09:20:27,114.123398,22.562099,0,12
33547,09:20:57,114.123596,22.562099,0,0
33547,09:21:27,114.124802,22.562,0,11
33547,09:21:57,114.124901,22.5604,0,10
33547,09:22:27,114.125099,22.5599,0,4
33547,09:22:57,114.125603,22.558701,0,15
33547,09:23:28,114.126701,22.5578,0,8
33547,09:23:58,114.127998,22.5567,0,0
33547,09:24:28,114.128098,22.556601,0,0
33547,09:25:28,114.130302,22.554399,0,0
33547,09:25:58,114.130302,22.554399,0,0
33547,09:26:28,114.130302,22.554399,0,0
33547,09:26:58,114.130302,22.554399,0,0
33547,09:27:28,114.130302,22.554199,0,5
33547,09:28:28,114.129799,22.551901,0,11
33547,09:30:28,114.133598,22.549999,0,9
33547,09:30:58,114.134598,22.550501,0,16
33547,09:31:58,114.135902,22.553301,0,14
33547,09:32:28,114.135902,22.553699,0,0
33547,09:32:58,114.135902,22.553699,0,2
33547,09:33:58,114.135902,22.5518,0,0
33547,09:34:28,114.135902,22.5508,0,12
33547,09:35:58,114.132599,22.549101,0,8
33547,09:36:58,114.128601,22.548401,0,25
33547,09:37:28,114.126602,22.5481,0,0
33547,09:38:28,114.126602,22.5481,0,0
33547,09:38:58,114.126602,22.5481,0,0
33547,09:39:28,114.126099,22.548,0,16
33547,09:39:58,114.123497,22.547501,0,21
33547,09:40:28,114.119499,22.546801,0,31
33547,09:40:58,114.116898,22.546499,0,15
33547,09:41:28,114.1129,22.545601,0,25
33547,09:41:58,114.109001,22.5453,0,32
33547,09:44:28,114.100098,22.543699,0,0
33547,09:44:58,114.100098,22.543699,0,0
33547,09:45:28,114.100098,22.543699,0,0
33547,09:46:28,114.094498,22.543501,0,31
33547,09:47:58,114.091499,22.5434,0,0
33547,09:48:28,114.091499,22.5434,0,0
33547,09:48:58,114.090698,22.5434,0,25
33547,09:49:28,114.088402,22.543301,0,0
33547,09:49:58,114.088402,22.543301,0,0
33547,09:50:28,114.085197,22.5432,0,19
33547,09:50:58,114.084198,22.5438,0,0
33547,09:51:28,114.084099,22.543699,0,6
33547,09:51:58,114.082497,22.5432,0,16
33547,09:52:28,114.079903,22.5432,0,28
33547,09:52:58,114.0765,22.5431,0,0
33547,09:53:28,114.0765,22.5431,0,0
33547,09:53:58,114.076302,22.5431,0,14
33547,09:54:28,114.071999,22.5431,0,15
33547,09:54:58,114.071602,22.5432,0,19
33547,09:55:28,114.068703,22.543301,0,18
33547,09:55:58,114.067802,22.541401,0,38
33547,09:56:58,114.066498,22.538601,0,14
33547,09:57:58,114.063103,22.537901,0,5
33547,09:58:28,114.062798,22.5418,0,38
33547,09:58:58,114.062798,22.5462,0,25
33547,10:00:28,114.062897,22.551001,0,0
33547,10:01:28,114.062897,22.551001,0,0
33547,10:01:58,114.062798,22.553499,0,31
33547,10:03:28,114.062401,22.566401,0,3
33547,10:03:58,114.062401,22.566999,0,4
33547,10:04:58,114.062401,22.568001,0,0
33547,10:05:28,114.062302,22.568701,0,6
33547,10:06:58,114.060699,22.576099,0,15
33547,10:07:28,114.061699,22.5772,0,18
33547,10:08:28,114.059303,22.578501,0,20
33547,10:08:58,114.056198,22.5793,0,24
33547,10:09:58,114.053902,22.5833,0,9
33547,10:10:28,114.053398,22.5846,0,9
33547,10:10:58,114.052803,22.5872,0,30
33547,10:11:28,114.049698,22.590401,0,37
33547,10:11:58,114.047096,22.5951,0,39
33547,10:12:28,114.045403,22.599001,0,27
33547,10:12:58,114.043602,22.602699,0,34
33547,10:13:28,114.044403,22.607,0,22
33547,10:13:58,114.044701,22.607901,0,0
33547,10:14:58,114.044098,22.6194,0,49
33547,10:15:28,114.0429,22.626101,0,49
33547,10:15:58,114.0438,22.6329,0,47
33547,10:16:28,114.046898,22.639,0,48
33547,10:16:58,114.049599,22.644899,0,39
33547,10:17:28,114.049896,22.6499,0,32
33547,10:17:58,114.049698,22.6551,0,40
33547,10:18:28,114.049797,22.6602,0,3
33547,10:19:59,114.052498,22.6549,0,0
33547,10:20:29,114.052498,22.6549,0,0
33547,10:20:59,114.052498,22.6549,0,0
33547,10:21:59,114.055603,22.6539,0,11
33547,10:22:29,114.055702,22.6539,0,0
33547,10:22:59,114.056297,22.6539,0,14
33547,10:24:29,114.060699,22.653299,0,0
33547,10:25:59,114.058601,22.649099,0,0
33547,10:26:29,114.058601,22.649099,0,0
33547,10:26:59,114.058601,22.649099,0,0
33547,10:27:29,114.057404,22.649099,0,14
33547,10:27:59,114.054703,22.649,0,22
33547,10:29:59,114.054199,22.6448,0,0
33547,10:30:29,114.054199,22.6448,0,0
33547,10:30:59,114.054199,22.6448,0,0
33547,10:31:29,114.054901,22.6411,0,36
33547,10:31:59,114.055298,22.6367,0,14
33547,10:32:29,114.055298,22.636499,0,0
33547,10:32:59,114.055298,22.636499,0,0
33547,10:33:29,114.055298,22.636499,0,0
33547,10:34:29,114.055298,22.636499,0,0
33547,10:35:29,114.055397,22.6334,0,15
33547,10:35:59,114.055397,22.6301,0,2
33547,10:36:29,114.055397,22.6301,0,0
33547,10:37:29,114.055496,22.625401,0,0
33547,10:37:59,114.055603,22.622999,0,32
33547,10:38:29,114.055603,22.6196,0,10
33547,10:38:59,114.055603,22.619499,0,0
33547,10:40:59,114.054199,22.608601,0,13
33547,10:41:29,114.052399,22.6061,0,27
33547,10:42:29,114.046402,22.6042,0,24
33547,10:43:59,114.0438,22.5987,0,4
33547,10:44:29,114.043701,22.5984,0,2
33547,10:46:59,114.0466,22.5949,0,4
33547,10:47:29,114.046898,22.594,0,14
33547,10:47:59,114.045502,22.592699,0,19
33547,10:48:29,114.042,22.5928,0,17
33547,10:48:59,114.037903,22.5937,0,34
33547,10:49:59,114.027298,22.594801,0,41
33547,10:50:29,114.021599,22.593399,0,37
33547,10:50:59,114.0159,22.5916,0,33
33547,10:51:29,114.013901,22.591101,0,10
33547,10:51:59,114.013,22.5912,0,7
33547,10:52:29,114.011803,22.592501,0,12
33547,10:52:59,114.010399,22.593201,0,16
33547,10:53:29,114.009804,22.590099,0,29
33547,10:53:49,114.009697,22.5891,0,0
33547,10:54:59,114.009697,22.5891,0,0
33547,10:55:29,114.009697,22.5891,0,0
33547,10:55:59,114.009697,22.5891,0,0
33547,10:56:29,114.009697,22.5891,0,0
33547,10:56:59,114.009697,22.5891,0,0
33547,10:57:29,114.009697,22.5891,0,0
33547,10:57:59,114.009697,22.5891,0,0
33547,10:58:29,114.009697,22.5891,0,0
33547,10:58:35,114.009697,22.5891,0,24
33547,10:59:59,114.0159,22.5548,0,32
33547,11:00:59,114.020699,22.5476,0,27
33547,11:01:29,114.020699,22.544901,0,21
33547,11:01:59,114.018097,22.544399,0,0
33547,11:02:29,114.021599,22.5448,0,39
33547,11:03:29,114.032799,22.547501,0,31
33547,11:03:59,114.034203,22.547899,0,0
33547,11:04:29,114.034798,22.546,0,17
33547,11:04:59,114.035202,22.5438,0,6
33547,11:05:29,114.035301,22.543501,0,0
33547,11:05:59,114.035301,22.543501,0,0
33547,11:06:59,114.032204,22.5413,0,29
33547,11:07:29,114.031502,22.5411,0,0
33547,11:08:59,114.022102,22.5396,0,20
33547,11:09:59,114.014297,22.538099,0,2
33547,11:10:29,114.012802,22.5378,0,28
33547,11:10:59,114.007896,22.537001,0,34
33547,11:11:29,114.003899,22.536301,0,0
33547,11:11:59,114.003899,22.536301,0,0
33547,11:12:29,114.003197,22.535999,0,11
33547,11:12:59,114.005898,22.5359,0,20
33547,11:13:29,114.007301,22.5347,0,1
33547,11:13:59,114.007301,22.5347,0,0
33547,11:14:29,114.007301,22.5347,0,0
33547,11:14:59,114.007301,22.5347,0,0
33547,11:15:29,114.007301,22.5347,0,0
33547,11:15:59,114.0075,22.5347,0,0
33547,11:16:59,114.007599,22.5347,0,0
33547,11:17:29,114.007599,22.5347,0,0
33547,11:17:59,114.007698,22.5348,0,0
33547,11:19:29,114.007698,22.5348,0,0
33547,11:19:59,114.007698,22.5348,0,0
33547,11:20:59,114.007698,22.5348,0,0
33547,11:21:29,114.007896,22.5348,0,0
33547,11:21:59,114.007896,22.5348,0,0
33547,11:23:29,114.007896,22.5348,0,0
33547,11:23:51,114.007896,22.5348,0,0
33547,11:23:54,114.007896,22.5348,0,0
33547,11:24:09,114.007896,22.5348,0,0
33547,11:24:30,114.007896,22.5348,0,0
33547,11:24:55,114.007797,22.5354,0,0
33547,11:25:48,114.007797,22.5354,0,0
33547,11:26:18,114.007797,22.5354,0,0
33547,11:26:48,114.007797,22.5354,0,0
33547,11:27:18,114.007797,22.5354,0,0
33547,11:28:48,114.007797,22.5354,0,0
33547,11:29:18,114.007797,22.5354,0,0
33547,11:30:18,114.007797,22.5354,0,0
33547,11:30:48,114.007797,22.5354,0,0
33547,11:31:18,114.007797,22.5354,0,0
33547,11:32:48,114.007797,22.5354,0,0
33547,11:33:18,114.007797,22.5354,0,0
33547,11:33:48,114.007797,22.5354,0,0
33547,11:34:18,114.007797,22.5354,0,0
33547,11:34:48,114.007797,22.5354,0,0
33547,11:35:48,114.007797,22.5354,0,0
33547,11:36:18,114.007797,22.5354,0,0
33547,11:36:48,114.007797,22.5354,0,0
33547,11:37:18,114.007797,22.5354,0,0
33547,11:37:48,114.007797,22.5354,0,0
33547,11:38:18,114.007797,22.5354,0,0
33547,11:39:18,114.007797,22.5354,0,0
33547,11:40:48,114.007797,22.5354,0,0
33547,11:41:18,114.007797,22.5354,0,0
33547,11:42:49,114.007797,22.5354,0,0
33547,11:43:19,114.007797,22.5354,0,0
33547,11:43:49,114.007797,22.5354,0,0
33547,11:44:49,114.007797,22.5354,0,0
33547,11:46:19,114.007797,22.5354,0,0
33547,11:46:49,114.007797,22.5354,0,0
33547,11:47:19,114.007797,22.5354,0,0
33547,11:48:19,114.007797,22.5354,0,0
33547,11:48:49,114.007797,22.5354,0,0
33547,11:50:19,114.007797,22.5354,0,0
33547,11:50:49,114.007797,22.5354,0,0
33547,11:51:19,114.007797,22.5354,0,0
33547,11:51:49,114.007797,22.5354,0,0
33547,11:52:19,114.007797,22.5354,0,0
33547,11:52:49,114.007797,22.5354,0,0
33547,11:53:19,114.007797,22.5354,0,0
33547,11:53:49,114.007797,22.5354,0,0
33547,11:54:49,114.007797,22.5354,0,0
33547,11:55:19,114.007797,22.5354,0,0
33547,11:56:19,114.007797,22.5354,0,0
33547,11:57:19,114.007797,22.5354,0,0
33547,11:57:49,114.007797,22.5354,0,0
33547,11:58:19,114.007797,22.5354,0,0
33547,11:59:19,114.007797,22.5354,0,0
33547,11:59:49,114.007797,22.5354,0,0
33547,12:00:19,114.007797,22.5354,0,0
33547,12:00:49,114.007797,22.5354,0,0
33547,12:01:19,114.007797,22.5354,0,0
33547,12:01:49,114.007797,22.5354,0,0
33547,12:02:49,114.007797,22.5354,0,0
33547,12:03:19,114.007797,22.5354,0,0
33547,12:03:49,114.007797,22.5354,0,0
33547,12:04:19,114.007797,22.5354,0,0
33547,12:05:19,114.007797,22.5354,0,0
33547,12:05:49,114.007797,22.5354,0,0
33547,12:07:49,114.007797,22.5354,0,0
33547,12:08:19,114.007797,22.5354,0,0
33547,12:09:49,114.007797,22.5354,0,0
33547,12:11:19,114.007797,22.5354,0,0
33547,12:11:49,114.007797,22.5354,0,0
33547,12:12:49,114.007797,22.5354,0,0
33547,12:13:19,114.007797,22.5354,0,0
33547,12:14:19,114.007797,22.5354,0,0
33547,12:14:49,114.007797,22.5354,0,0
33547,12:15:19,114.007797,22.5354,0,0
33547,12:15:49,114.007797,22.5354,0,0
33547,12:16:49,114.007797,22.5354,0,0
33547,12:17:49,114.007797,22.5354,0,0
33547,12:18:19,114.007797,22.5354,0,0
33547,12:18:49,114.007797,22.5354,0,0
33547,12:20:19,114.007797,22.5354,0,0
33547,12:20:49,114.007797,22.5354,0,0
33547,12:21:19,114.007797,22.5354,0,0
33547,12:22:19,114.007797,22.5354,0,0
33547,12:23:19,114.007797,22.5354,0,0
33547,12:23:49,114.007797,22.5354,0,0
33547,12:24:19,114.007797,22.5354,0,0
33547,12:24:49,114.007797,22.5354,0,0
33547,12:25:19,114.007797,22.5354,0,0
33547,12:26:19,114.007797,22.5354,0,0
33547,12:26:49,114.007797,22.5354,0,0
33547,12:27:19,114.007797,22.5354,0,0
33547,12:27:49,114.007797,22.5354,0,0
33547,12:28:19,114.007797,22.5354,0,0
33547,12:29:19,114.007797,22.5354,0,0
33547,12:29:34,114.007797,22.5354,0,0
33547,12:30:34,114.007797,22.5354,0,0
33547,12:31:04,114.007797,22.5354,0,0
33547,12:31:28,114.007797,22.5354,0,8
33547,12:32:35,114.007896,22.535999,0,0
33547,12:34:05,114.013901,22.5376,0,21
33547,12:34:35,114.016296,22.538,0,10
33547,12:35:05,114.018898,22.5383,0,10
33547,12:35:35,114.019096,22.5376,0,3
33547,12:36:35,114.019203,22.5366,0,0
33547,12:37:05,114.019501,22.5355,0,14
33547,12:37:35,114.0196,22.5347,0,0
33547,12:38:05,114.020897,22.534599,0,14
33547,12:38:35,114.022301,22.5348,0,0
33547,12:39:05,114.023201,22.535,0,6
33547,12:39:35,114.0242,22.535,0,13
33547,12:40:05,114.024597,22.533501,0,5
33547,12:40:35,114.024902,22.532801,0,7
33547,12:41:05,114.026398,22.5298,0,31
33547,12:41:35,114.029404,22.5278,0,20
33547,12:42:05,114.031799,22.526501,0,28
33547,12:44:05,114.0373,22.5238,0,0
33547,12:45:05,114.0382,22.523899,0,12
33547,12:45:34,114.038803,22.525299,0,7
33547,12:46:04,114.038597,22.527,0,1
33547,12:46:34,114.038597,22.527,0,0
33547,12:47:04,114.0392,22.5273,0,15
33547,12:47:34,114.0401,22.527201,0,0
33547,12:50:34,114.042,22.5306,0,0
33547,12:52:04,114.0513,22.5296,0,22
33547,12:53:04,114.051399,22.526199,0,0
33547,12:55:34,114.057404,22.525801,0,7
33547,12:56:34,114.058403,22.525,0,6
33547,12:57:34,114.058403,22.523701,0,1
33547,12:58:04,114.058197,22.5236,0,0
33547,12:58:34,114.057701,22.523701,0,0
33547,12:59:04,114.057701,22.523701,0,0
33547,13:00:04,114.059402,22.5236,0,14
33547,13:01:04,114.059799,22.5236,0,0
33547,13:01:54,114.059799,22.5256,0,0
33547,13:02:35,114.059196,22.528099,0,15
33547,13:03:34,114.059799,22.531401,0,25
33547,13:04:04,114.064102,22.5315,0,25
33547,13:04:34,114.069603,22.531601,0,37
33547,13:05:34,114.078499,22.533501,0,27
33547,13:06:04,114.0802,22.536301,0,23
33547,13:06:34,114.081802,22.5375,0,22
33547,13:06:35,114.081802,22.5375,0,0
33547,13:07:05,114.081497,22.540001,0,8
33547,13:08:34,114.080803,22.5406,0,13
33547,13:09:04,114.078499,22.5404,0,0
33547,13:11:35,114.0755,22.5401,0,12
33547,13:12:35,114.075104,22.540001,0,20
33547,13:13:05,114.077301,22.5401,0,0
33547,13:13:35,114.077301,22.5401,0,0
33547,13:14:05,114.077904,22.5401,0,23
33547,13:15:05,114.081398,22.539301,0,19
33547,13:15:35,114.0812,22.5364,0,20
33547,13:16:35,114.089996,22.5378,0,41
33547,13:17:05,114.095901,22.538099,0,41
33547,13:19:05,114.111801,22.537901,0,17
33547,13:20:05,114.118202,22.5376,0,28
33547,13:21:05,114.127296,22.542999,0,35
33547,13:22:05,114.135101,22.5476,0,21
33547,13:23:05,114.138702,22.552799,0,14
33547,13:25:05,114.141899,22.5555,0,0
33547,13:25:35,114.143799,22.5553,0,5
33547,13:26:05,114.1437,22.554001,0,5
33547,13:26:35,114.143501,22.5529,0,0
33547,13:27:05,114.143303,22.5518,0,12
33547,13:27:35,114.143204,22.5506,0,0
33547,13:28:05,114.143204,22.5506,0,0
33547,13:29:05,114.142303,22.549,0,19
33547,13:29:35,114.141899,22.5483,0,0
33547,13:30:05,114.1427,22.549601,0,17
33547,13:31:05,114.142899,22.5499,0,0
33547,13:32:05,114.141296,22.5501,0,10
33547,13:32:35,114.139801,22.5499,0,5
33547,13:33:05,114.137398,22.549801,0,22
33547,13:33:35,114.138199,22.552099,0,16
33547,13:34:05,114.139099,22.553499,0,5
33547,13:34:13,114.139198,22.553499,0,0
33547,13:34:23,114.138702,22.5536,0,11
33547,13:34:36,114.138,22.5527,0,16
33547,13:35:35,114.135399,22.5485,0,19
33547,13:36:35,114.130699,22.5448,0,37
33547,13:37:05,114.1259,22.542299,0,37
33547,13:37:35,114.121201,22.539301,0,26
33547,13:38:35,114.118103,22.540001,0,14
33547,13:39:05,114.115196,22.5389,0,22
33547,13:40:05,114.107697,22.5373,0,35
33547,13:41:05,114.099297,22.5382,0,37
33547,13:42:05,114.088997,22.5378,0,31
33547,13:43:05,114.079597,22.5362,0,25
33547,13:43:35,114.077499,22.5331,0,30
33547,13:44:05,114.074699,22.5319,0,28
33547,13:44:35,114.070702,22.5319,0,23
33547,13:45:35,114.063103,22.5319,0,21
33547,13:46:05,114.062897,22.5322,0,23
33547,13:47:05,114.061798,22.5277,0,9
33547,13:47:36,114.060097,22.527599,0,0
33547,13:48:06,114.060097,22.527599,0,0
33547,13:49:36,114.058502,22.525801,0,6
33547,13:50:06,114.057198,22.525801,0,4
33547,13:51:06,114.055702,22.5257,0,22
33547,13:52:06,114.0522,22.5256,0,0
33547,13:54:06,114.044899,22.5257,0,13
33547,13:54:36,114.044701,22.5257,0,0
33547,13:55:06,114.043503,22.5249,0,5
33547,13:55:36,114.042603,22.524799,0,10
33547,13:56:06,114.041702,22.5247,0,0
33547,13:57:06,114.041,22.527201,0,4
33547,13:57:36,114.042603,22.527399,0,11
33547,13:58:06,114.042801,22.527901,0,0
33547,13:58:36,114.042397,22.529301,0,16
33547,13:59:06,114.041901,22.530399,0,4
33547,13:59:36,114.041901,22.530701,0,0
33547,14:00:36,114.044502,22.531099,0,7
33547,14:01:06,114.0476,22.5312,0,19
33547,14:01:36,114.051399,22.5312,0,17
33547,14:02:36,114.059402,22.531401,0,29
33547,14:03:06,114.063904,22.5315,0,24
33547,14:04:06,114.069397,22.5312,0,13
33547,14:05:36,114.069,22.5422,0,32
33547,14:06:36,114.068001,22.547001,0,15
33547,14:07:06,114.067902,22.549801,0,13
33547,14:08:06,114.067902,22.5557,0,22
33547,14:08:36,114.067902,22.557199,0,9
33547,14:10:06,114.076103,22.558201,0,20
33547,14:10:36,114.079498,22.558001,0,21
33547,14:11:06,114.082397,22.559601,0,24
33547,14:11:37,114.084099,22.5623,0,22
33547,14:12:37,114.089401,22.566799,0,26
33547,14:13:37,114.096703,22.569,0,35
33547,14:14:37,114.105499,22.573799,0,24
33547,14:15:07,114.108704,22.5756,0,23
33547,14:16:07,114.115303,22.576401,0,15
33547,14:16:37,114.117996,22.5762,0,18
33547,14:17:07,114.116798,22.576599,0,26
33547,14:19:37,114.112503,22.585899,0,0
33547,14:20:07,114.112297,22.586201,0,14
33547,14:20:37,114.111298,22.5874,0,17
33547,14:21:37,114.112297,22.5854,0,12
33547,14:22:07,114.1138,22.5832,0,23
33547,14:23:37,114.117599,22.5748,0,38
33547,14:25:07,114.117996,22.566,0,10
33547,14:25:37,114.118797,22.5625,0,33
33547,14:26:07,114.119904,22.5585,0,9
33547,14:26:37,114.120499,22.556601,0,26
33547,14:27:07,114.119003,22.5543,0,0
33547,14:28:07,114.117798,22.552601,0,4
33547,14:29:07,114.117401,22.551901,0,0
33547,14:29:37,114.117401,22.551901,0,0
33547,14:30:07,114.117401,22.5518,0,0
33547,14:30:37,114.117104,22.551399,0,0
33547,14:31:07,114.116203,22.5525,0,21
33547,14:31:37,114.115799,22.552999,0,0
33547,14:32:07,114.115799,22.552999,0,0
33547,14:32:37,114.115799,22.552999,0,0
33547,14:33:07,114.114899,22.5536,0,13
33547,14:33:37,114.1138,22.552,0,7
33547,14:34:07,114.113602,22.550699,0,7
33547,14:34:37,114.112801,22.549299,0,12
33547,14:35:07,114.111702,22.548,0,11
33547,14:35:37,114.111504,22.547899,0,12
33547,14:36:37,114.108299,22.5471,0,0
33547,14:37:07,114.107697,22.5485,0,15
33547,14:38:07,114.1073,22.551399,0,12
33547,14:38:37,114.107201,22.5516,0,0
33547,14:39:07,114.1073,22.5515,0,0
33547,14:39:37,114.107597,22.549101,0,9
33547,14:40:37,114.109497,22.5473,0,0
33547,14:41:37,114.109901,22.544701,0,26
33547,14:42:07,114.1101,22.543301,0,0
33547,14:42:37,114.1101,22.5432,0,0
33547,14:43:07,114.110298,22.541401,0,20
33547,14:43:37,114.110703,22.5383,0,3
33547,14:44:37,114.110901,22.5373,0,25
33547,14:46:07,114.113998,22.5317,0,0
33547,14:46:37,114.113998,22.5317,0,0
33547,14:47:07,114.113998,22.5317,0,0
33547,14:47:14,114.113998,22.5317,0,10
33547,14:48:07,114.114403,22.5357,0,0
33547,14:48:37,114.114304,22.5357,0,0
33547,14:49:07,114.112801,22.535999,0,0
33547,14:51:07,114.112801,22.535999,0,0
33547,14:51:37,114.112801,22.535999,0,2
33547,14:52:37,114.111702,22.539801,0,28
33547,14:53:07,114.111504,22.540899,0,0
33547,14:53:37,114.111298,22.542101,0,15
33547,14:54:07,114.110901,22.5439,0,19
33547,14:54:37,114.110497,22.547001,0,6
33547,14:55:37,114.110397,22.5478,0,15
33547,14:56:07,114.110199,22.5502,0,8
33547,14:56:37,114.109802,22.553499,0,25
33547,14:57:07,114.110298,22.556299,0,21
33547,14:57:37,114.112701,22.559401,0,18
33547,14:58:37,114.106903,22.561701,0,15
33547,14:59:07,114.106697,22.5623,0,11
33547,14:59:37,114.104301,22.5618,0,0
33547,15:00:07,114.104301,22.5618,0,0
33547,15:02:07,114.103996,22.5644,0,18
33547,15:03:37,114.1017,22.564699,0,5
33547,15:05:07,114.101799,22.564699,0,0
33547,15:05:37,114.103401,22.5648,0,9
33547,15:06:37,114.103897,22.563101,0,0
33547,15:07:07,114.103897,22.562901,0,12
33547,15:07:37,114.103996,22.562201,0,0
33547,15:08:07,114.103996,22.562201,0,0
33547,15:09:07,114.103996,22.561199,0,8
33547,15:09:37,114.103897,22.559,0,10
33547,15:10:07,114.101898,22.558701,0,7
33547,15:11:07,114.099403,22.558599,0,0
33547,15:11:37,114.099403,22.558599,0,0
33547,15:12:07,114.099403,22.558599,0,0
33547,15:12:37,114.099403,22.558599,0,0
33547,15:13:07,114.099297,22.558599,0,0
33547,15:13:37,114.099297,22.556,0,18
33547,15:15:38,114.099197,22.553499,0,0
33547,15:17:38,114.099297,22.552799,0,0
33547,15:18:38,114.099297,22.552799,0,0
33547,15:19:08,114.099297,22.552799,0,0
33547,15:20:07,114.099297,22.5522,0,12
33547,15:20:37,114.099403,22.5492,0,30
33547,15:21:07,114.099403,22.5478,0,0
33547,15:21:38,114.099403,22.5474,0,20
33547,15:22:08,114.099503,22.5453,0,0
33547,15:22:38,114.099503,22.5445,0,12
33547,15:23:08,114.099503,22.5443,0,0
33547,15:25:08,114.103996,22.5432,0,4
33547,15:25:38,114.1054,22.543501,0,6
33547,15:26:08,114.1054,22.5436,0,0
33547,15:27:08,114.106499,22.542101,0,0
33547,15:27:38,114.106499,22.542101,0,0
33547,15:28:08,114.1073,22.541401,0,11
33547,15:29:38,114.107697,22.5415,0,0
33547,15:30:38,114.109398,22.5417,0,0
33547,15:31:08,114.109398,22.5417,0,0
33547,15:32:38,114.110298,22.5418,0,18
33547,15:33:08,114.112602,22.5422,0,15
33547,15:33:38,114.1129,22.542299,0,0
33547,15:34:08,114.113701,22.5424,0,15
33547,15:34:38,114.114998,22.5427,0,4
33547,15:35:38,114.117104,22.5432,0,0
33547,15:36:08,114.117104,22.5432,0,0
33547,15:37:08,114.117996,22.5438,0,12
33547,15:37:38,114.117203,22.546301,0,0
33547,15:38:08,114.117203,22.546301,0,0
33547,15:40:08,114.117104,22.5509,0,0
33547,15:40:38,114.117104,22.5509,0,0
33547,15:41:08,114.117302,22.551399,0,20
33547,15:43:08,114.119499,22.560101,0,19
33547,15:44:38,114.118599,22.563601,0,2
33547,15:45:08,114.1185,22.564199,0,3
33547,15:46:08,114.117699,22.569599,0,19
33547,15:46:38,114.117897,22.5735,0,35
33547,15:47:08,114.116402,22.5774,0,27
33547,15:48:38,114.111298,22.587601,0,30
33547,15:49:38,114.111198,22.596201,0,31
33547,15:50:38,114.114197,22.6001,0,15
33547,15:51:38,114.113503,22.6001,0,0
33547,15:52:08,114.113197,22.6003,0,2
33547,15:54:08,114.113297,22.6042,0,0
33547,15:54:38,114.113297,22.6042,0,0
33547,15:55:08,114.113197,22.6043,0,0
33547,15:55:38,114.112999,22.604601,0,0
33547,15:56:08,114.112999,22.6028,0,25
33547,15:57:08,114.112198,22.601101,0,0
33547,15:59:08,114.112099,22.600901,0,9
33547,15:59:38,114.113998,22.5998,0,14
33547,15:59:40,114.114098,22.5998,0,13
33547,16:00:10,114.113998,22.6005,0,19
33547,16:00:40,114.114899,22.601601,0,0
33547,16:01:38,114.116302,22.603399,0,19
33547,16:02:38,114.117699,22.605101,0,14
33547,16:03:08,114.120399,22.606899,0,23
33547,16:04:39,114.131798,22.614799,0,0
33547,16:05:09,114.131798,22.614799,0,0
33547,16:05:39,114.132004,22.615101,0,12
33547,16:06:09,114.133301,22.6168,0,1
33547,16:06:39,114.133499,22.616699,0,0
33547,16:07:09,114.134003,22.6173,0,7
33547,16:07:39,114.131599,22.615101,0,34
33547,16:08:09,114.1278,22.611601,0,36
33547,16:09:09,114.118401,22.6061,0,37
33547,16:09:39,114.115898,22.603201,0,29
33547,16:10:09,114.112701,22.5994,0,36
33547,16:11:39,114.110397,22.5877,0,23
33547,16:12:09,114.111198,22.5865,0,0
33547,16:12:39,114.111702,22.586,0,16
33547,16:13:09,114.113998,22.583,0,29
33547,16:13:39,114.114899,22.5798,0,21
33547,16:14:09,114.115501,22.577499,0,15
33547,16:14:39,114.1138,22.576799,0,21
33547,16:15:39,114.113602,22.5716,0,35
33547,16:16:09,114.112396,22.566999,0,26
33547,16:16:39,114.111801,22.5623,0,35
33547,16:17:09,114.111099,22.557501,0,41
33547,16:17:39,114.109703,22.553801,0,21
33547,16:18:39,114.109901,22.551399,0,1
33547,16:19:39,114.109901,22.551399,0,0
33547,16:20:09,114.110199,22.549601,0,10
33547,16:21:39,114.110298,22.5488,0,12
33547,16:22:39,114.109703,22.547199,0,3
33547,16:23:09,114.109901,22.5453,0,24
33547,16:23:39,114.110199,22.5424,0,1
33547,16:24:09,114.110199,22.5424,0,0
33547,16:24:39,114.110199,22.5424,0,0
33547,16:25:09,114.110199,22.5424,0,0
33547,16:25:39,114.110497,22.5406,0,25
33547,16:26:09,114.110901,22.536501,0,19
33547,16:26:39,114.111099,22.535999,0,0
33547,16:27:09,114.111298,22.534201,0,21
33547,16:27:40,114.112099,22.531601,0,18
33547,16:28:10,114.113998,22.5317,0,3
33547,16:28:40,114.114098,22.5317,0,0
33547,16:29:18,114.114098,22.5317,0,4
33547,16:29:40,114.1147,22.534201,0,15
33547,16:30:10,114.114403,22.535601,0,0
33547,16:31:10,114.113403,22.5359,0,7
33547,16:31:40,114.112999,22.5359,0,0
33547,16:32:10,114.112999,22.5359,0,0
33547,16:32:40,114.112999,22.5359,0,0
33547,16:33:10,114.112999,22.5359,0,0
33547,16:34:10,114.112297,22.5368,0,7
33547,16:34:40,114.112,22.5378,0,12
33547,16:35:10,114.111801,22.5399,0,23
33547,16:35:40,114.111504,22.5413,0,0
33547,16:36:10,114.111504,22.5413,0,0
33547,16:36:40,114.111298,22.5425,0,16
33547,16:37:10,114.110497,22.546499,0,32
33547,16:38:10,114.108299,22.5471,0,0
33547,16:38:40,114.108299,22.5471,0,0
33547,16:39:40,114.106697,22.5466,0,20
33547,16:40:10,114.105301,22.548401,0,29
33547,16:40:40,114.105301,22.5511,0,0
33547,16:41:40,114.104103,22.553801,0,11
33547,16:42:10,114.104103,22.5562,0,22
33547,16:43:40,114.104103,22.559999,0,0
33547,16:44:10,114.104103,22.560699,0,20
33547,16:45:10,114.104103,22.5613,0,0
33547,16:45:40,114.105598,22.562,0,0
33547,16:48:40,114.104103,22.561399,0,9
33547,16:49:10,114.106003,22.562099,0,13
33547,16:50:10,114.1064,22.5623,0,0
33547,16:50:40,114.106903,22.563,0,17
33547,16:51:40,114.107399,22.566299,0,0
33547,16:52:40,114.107498,22.5669,0,9
33547,16:53:10,114.107697,22.567499,0,0
33547,16:53:40,114.107697,22.567801,0,6
33547,16:54:10,114.107697,22.568701,0,4
33547,16:54:40,114.107697,22.569401,0,5
33547,16:55:10,114.107597,22.569799,0,0
33547,16:56:10,114.107697,22.5686,0,11
33547,16:56:40,114.107597,22.567499,0,14
33547,16:57:40,114.107498,22.566999,0,0
33547,16:58:10,114.107498,22.566999,0,0
33547,16:59:40,114.106796,22.562401,0,0
33547,17:00:40,114.1054,22.559,0,15
33547,17:01:10,114.104103,22.559799,0,25
33547,17:02:10,114.104103,22.561199,0,0
33547,17:02:40,114.104103,22.561199,0,0
33547,17:03:10,114.104103,22.5613,0,0
33547,17:03:40,114.103996,22.5644,0,20
33547,17:04:10,114.103996,22.5646,0,0
33547,17:04:40,114.103996,22.5646,0,0
33547,17:06:40,114.103897,22.569799,0,0
33547,17:07:10,114.103897,22.569799,0,0
33547,17:07:40,114.103897,22.569799,0,0
33547,17:08:10,114.102798,22.5718,0,17
33547,17:09:40,114.111298,22.5763,0,15
33547,17:10:10,114.115501,22.576401,0,22
33547,17:10:40,114.117699,22.576401,0,21
33547,17:11:10,114.116699,22.5769,0,26
33547,17:11:40,114.115402,22.5798,0,4
33547,17:12:40,114.118896,22.579399,0,11
33547,17:13:40,114.120697,22.5791,0,0
33547,17:14:40,114.121201,22.5793,0,5
33547,17:15:10,114.121696,22.5793,0,0
33547,17:15:40,114.121696,22.5793,0,0
33547,17:16:40,114.121902,22.5793,0,0
33547,17:17:10,114.122002,22.5793,0,3
33547,17:17:40,114.122597,22.5793,0,3
33547,17:19:10,114.129402,22.579599,0,0
33547,17:19:40,114.130302,22.579599,0,10
33547,17:20:40,114.130501,22.5819,0,9
33547,17:21:10,114.130501,22.5833,0,11
33547,17:22:10,114.129303,22.5851,0,0
33547,17:22:40,114.129303,22.5851,0,0
33547,17:24:10,114.130402,22.5837,0,16
33547,17:25:10,114.130501,22.5788,0,12
33547,17:26:10,114.125504,22.5774,0,12
33547,17:27:10,114.120003,22.576799,0,25
33547,17:27:40,114.115402,22.5767,0,32
33547,17:30:40,114.0989,22.566401,0,12
33547,17:31:10,114.097198,22.566299,0,13
33547,17:31:40,114.095299,22.566401,0,16
33547,17:32:10,114.095001,22.566299,0,0
33547,17:32:40,114.094803,22.566299,0,5
33547,17:35:10,114.090599,22.564501,0,4
33547,17:35:40,114.090599,22.563101,0,8
33547,17:36:40,114.089996,22.5611,0,0
33547,17:37:10,114.089996,22.5611,0,0
33547,17:37:40,114.089996,22.5611,0,0
33547,17:38:10,114.089699,22.560801,0,12
33547,17:39:10,114.086601,22.558399,0,28
33547,17:39:40,114.0811,22.5583,0,40
33547,17:40:10,114.075798,22.5583,0,33
33547,17:41:10,114.071899,22.5583,0,0
33547,17:41:40,114.071404,22.558201,0,0
33547,17:42:10,114.071404,22.558201,0,0
33547,17:42:40,114.071404,22.558201,0,0
33547,17:43:40,114.070999,22.558201,0,12
33547,17:44:40,114.068802,22.558201,0,0
33547,17:46:10,114.068497,22.558201,0,16
33547,17:46:40,114.064301,22.5581,0,32
33547,17:47:10,114.062103,22.5597,0,18
33547,17:47:40,114.0625,22.556299,0,31
33547,17:48:40,114.0597,22.551399,0,29
33547,17:50:10,114.057899,22.551399,0,10
33547,17:52:11,114.057899,22.539801,0,14
33547,17:52:41,114.056396,22.5396,0,0
33547,17:53:11,114.055702,22.5396,0,16
33547,17:53:41,114.053596,22.5396,0,18
33547,17:54:41,114.053299,22.539301,0,0
33547,17:55:11,114.053398,22.538,0,0
33547,17:56:11,114.053299,22.535801,0,0
33547,17:57:11,114.051697,22.5354,0,13
33547,17:58:11,114.048698,22.5317,0,29
33547,17:58:41,114.045303,22.531601,0,8
33547,17:59:11,114.044502,22.5315,0,3
33547,17:59:41,114.043503,22.531401,0,6
33547,18:01:11,114.0392,22.530899,0,9
33547,18:01:41,114.038002,22.5308,0,6
33547,18:02:41,114.035103,22.5305,0,13
33547,18:03:11,114.033798,22.530399,0,0
33547,18:04:11,114.032097,22.5303,0,5
33547,18:05:11,114.030197,22.530399,0,13
33547,18:05:41,114.028397,22.530701,0,22
33547,18:06:11,114.023697,22.5319,0,40
33547,18:08:11,114.015503,22.533899,0,21
33547,18:09:11,114.011803,22.534901,0,11
33547,18:09:41,114.009201,22.5341,0,35
33547,18:12:11,114.008003,22.534901,0,0
33547,18:12:41,114.008003,22.534901,0,0
33547,18:13:11,114.008003,22.534901,0,0
33547,18:13:41,114.008003,22.534901,0,0
33547,18:14:11,114.008003,22.534901,0,0
33547,18:21:41,114.008003,22.534901,0,0
33547,18:22:11,114.008003,22.534901,0,0
33547,18:23:11,114.008003,22.534901,0,0
33547,18:23:41,114.008003,22.534901,0,0
33547,18:24:11,114.008003,22.534901,0,0
33547,18:24:41,114.008003,22.534901,0,0
33547,18:25:11,114.008003,22.534901,0,0
33547,18:25:41,114.008003,22.534901,0,0
33547,18:26:11,114.008003,22.534901,0,0
33547,18:26:41,114.008003,22.534901,0,0
33547,18:27:11,114.008003,22.534901,0,0
33547,18:28:41,114.008003,22.534901,0,0
33547,18:30:41,114.008003,22.534901,0,0
33547,18:31:11,114.008003,22.534901,0,0
33547,18:31:41,114.008003,22.534901,0,0
33547,18:32:11,114.008003,22.534901,0,0
33547,18:32:41,114.008003,22.534901,0,0
33547,18:33:11,114.008003,22.534901,0,0
33547,18:33:41,114.008003,22.534901,0,0
33547,18:34:11,114.008003,22.534901,0,0
33547,18:34:41,114.008003,22.534901,0,0
33547,18:35:11,114.008003,22.534901,0,0
33547,18:35:41,114.008003,22.534901,0,0
33547,18:36:11,114.008003,22.534901,0,0
33547,18:37:11,114.008003,22.534901,0,0
33547,18:37:41,114.008003,22.534901,0,0
33547,18:38:41,114.008003,22.534901,0,0
33547,18:39:11,114.008003,22.534901,0,0
33547,18:39:41,114.008003,22.534901,0,0
33547,18:40:11,114.008003,22.534901,0,0
33547,18:40:41,114.008003,22.534901,0,0
33547,18:41:11,114.008003,22.534901,0,0
33547,18:41:41,114.008003,22.534901,0,0
33547,18:42:11,114.008003,22.534901,0,0
33547,18:42:41,114.008003,22.534901,0,0
33547,18:43:11,114.008003,22.534901,0,0
33547,18:44:11,114.008003,22.534901,0,0
33547,18:44:41,114.008003,22.534901,0,0
33547,18:45:41,114.008003,22.534901,0,0
33547,18:46:11,114.008003,22.534901,0,0
33547,18:46:41,114.008003,22.534901,0,0
33547,18:47:41,114.008003,22.534901,0,0
33547,18:48:11,114.008003,22.534901,0,0
33547,18:49:11,114.008003,22.534901,0,0
33547,18:49:41,114.008003,22.534901,0,0
33547,18:51:11,114.008003,22.534901,0,0
33547,18:52:11,114.008003,22.534901,0,0
33547,18:52:41,114.008003,22.534901,0,0
33547,18:53:11,114.008003,22.534901,0,0
33547,18:53:41,114.008003,22.534901,0,0
33547,18:54:11,114.008003,22.534901,0,0
33547,18:54:41,114.008003,22.534901,0,0
33547,18:55:11,114.008003,22.534901,0,0
33547,18:55:41,114.008003,22.534901,0,0
33547,18:56:11,114.008003,22.534901,0,0
33547,18:56:41,114.008003,22.534901,0,0
33547,18:57:11,114.008003,22.534901,0,0
33547,18:58:11,114.008003,22.534901,0,0
33547,18:58:41,114.008003,22.534901,0,0
33547,18:59:11,114.008003,22.534901,0,0
33547,19:02:11,114.008003,22.534901,0,0
33547,19:03:11,114.008003,22.534901,0,0
33547,19:03:41,114.008003,22.534901,0,0
33547,19:04:11,114.008003,22.534901,0,0
33547,19:04:41,114.008003,22.534901,0,0
33547,19:05:11,114.008003,22.534901,0,0
33547,19:05:41,114.008003,22.534901,0,0
33547,19:06:11,114.008003,22.534901,0,0
33547,19:06:41,114.008003,22.534901,0,0
33547,19:07:11,114.008003,22.534901,0,0
33547,19:07:41,114.008003,22.534901,0,0
33547,19:08:41,114.008003,22.534901,0,0
33547,19:09:11,114.008003,22.534901,0,0
33547,19:10:11,114.008003,22.534901,0,0
33547,19:11:11,114.008003,22.534901,0,0
33547,19:11:41,114.008003,22.534901,0,0
33547,19:12:11,114.008003,22.534901,0,0
33547,19:13:11,114.008003,22.534901,0,0
33547,19:14:40,114.008003,22.534901,0,0
33547,19:15:10,114.008003,22.534901,0,0
33547,19:15:40,114.008003,22.534901,0,0
33547,19:16:10,114.008003,22.534901,0,0
33547,19:16:39,114.008003,22.534901,0,8
33547,19:16:42,114.008003,22.534901,0,8
33547,19:17:12,114.005402,22.534599,0,0
33547,19:17:41,114.005402,22.534599,0,0
33547,19:18:11,114.0065,22.534201,0,18
33547,19:18:41,114.011398,22.5338,0,21
33547,19:19:11,114.012604,22.5315,0,24
33547,19:19:41,114.0121,22.5299,0,16
33547,19:20:41,114.017998,22.5317,0,27
33547,19:21:11,114.022499,22.5319,0,29
33547,19:21:41,114.027397,22.5308,0,38
33547,19:22:11,114.032303,22.5301,0,35
33547,19:22:41,114.036797,22.530399,0,16
33547,19:23:11,114.039398,22.530701,0,24
33547,19:23:41,114.043999,22.5312,0,31
33547,19:25:40,114.0513,22.5261,0,0
33547,19:26:40,114.048599,22.5257,0,4
33547,19:27:10,114.047501,22.5257,0,3
33547,19:27:40,114.045303,22.5257,0,2
33547,19:28:10,114.045403,22.5256,0,0
33547,19:30:10,114.046898,22.5257,0,0
33547,19:30:40,114.047897,22.5256,0,13
33547,19:31:10,114.049698,22.5257,0,12
33547,19:31:40,114.051201,22.525801,0,0
33547,19:32:10,114.051201,22.525801,0,0
33547,19:33:10,114.051498,22.525801,0,12
33547,19:34:10,114.056297,22.525801,0,5
33547,19:35:10,114.056999,22.525801,0,0
33547,19:36:10,114.058601,22.525801,0,0
33547,19:37:10,114.059303,22.525801,0,0
33547,19:37:40,114.0597,22.5261,0,5
33547,19:38:10,114.059303,22.5278,0,8
33547,19:39:40,114.058296,22.5352,0,0
33547,19:41:10,114.058197,22.536699,0,12
33547,19:41:40,114.056999,22.5376,0,21
33547,19:42:10,114.056099,22.537701,0,9
33547,19:42:40,114.054703,22.5376,0,0
33547,19:43:40,114.054703,22.5376,0,0
33547,19:44:10,114.054703,22.5376,0,0
33547,19:44:40,114.054703,22.5376,0,0
33547,19:46:10,114.0522,22.537901,0,18
33547,19:47:10,114.048203,22.5375,0,18
33547,19:49:40,114.043503,22.531,0,4
33547,19:50:10,114.046097,22.5312,0,24
33547,19:51:40,114.0513,22.5287,0,0
33547,19:52:10,114.0513,22.5287,0,0
33547,19:53:40,114.0485,22.5257,0,2
33547,19:54:40,114.044899,22.5257,0,0
33547,19:55:10,114.044899,22.5257,0,0
33547,19:55:41,114.044899,22.5257,0,0
33547,19:56:11,114.044899,22.5257,0,0
33547,19:56:41,114.044098,22.5254,0,9
33547,19:57:11,114.0429,22.523199,0,14
33547,19:57:41,114.042702,22.5235,0,4
33547,19:58:41,114.042503,22.5233,0,8
33547,19:59:11,114.042397,22.522301,0,14
33547,19:59:41,114.042099,22.521601,0,0
33547,20:00:41,114.044098,22.519899,0,32
33547,20:03:11,114.0606,22.520901,0,4
33547,20:04:11,114.060501,22.5231,0,0
33547,20:04:41,114.060303,22.5238,0,15
33547,20:05:11,114.059998,22.5249,0,8
33547,20:05:41,114.0597,22.525999,0,13
33547,20:06:41,114.058998,22.5289,0,17
33547,20:07:11,114.058403,22.531601,0,23
33547,20:07:41,114.058296,22.5347,0,4
33547,20:08:41,114.057999,22.5368,0,1
33547,20:09:11,114.057999,22.5368,0,0
33547,20:09:41,114.057999,22.5368,0,0
33547,20:10:11,114.057999,22.5368,0,0
33547,20:10:41,114.058098,22.5371,0,11
33547,20:11:11,114.055901,22.5376,0,15
33547,20:11:42,114.054802,22.5376,0,0
33547,20:12:12,114.054802,22.5376,0,0
33547,20:12:42,114.054497,22.5375,0,14
33547,20:13:12,114.050797,22.5375,0,34
33547,20:13:42,114.0476,22.5375,0,18
33547,20:14:42,114.044403,22.5436,0,39
33547,20:15:42,114.044403,22.5502,0,0
33547,20:16:43,114.044403,22.5502,0,0
33547,20:17:13,114.044403,22.5508,0,14
33547,20:18:12,114.043999,22.556601,0,0
33547,20:19:12,114.043999,22.556601,0,0
33547,20:19:42,114.0429,22.5585,0,38
33547,20:21:42,114.0355,22.567699,0,0
33547,20:23:42,114.034302,22.567499,0,23
33547,20:24:12,114.033401,22.566799,0,0
33547,20:25:12,114.033401,22.566799,0,0
33547,20:25:42,114.0317,22.567101,0,29
33547,20:26:12,114.028603,22.568001,0,10
33547,20:27:12,114.027199,22.5686,0,0
33547,20:28:12,114.029999,22.5667,0,24
33547,20:28:42,114.0299,22.5637,0,10
33547,20:30:42,114.021896,22.560499,0,24
33547,20:31:12,114.018898,22.560499,0,15
33547,20:31:42,114.014999,22.560301,0,26
33547,20:32:12,114.014198,22.561199,0,16
33547,20:32:42,114.015297,22.5571,0,39
33547,20:33:12,114.017799,22.551901,0,41
33547,20:34:12,114.022202,22.5446,0,28
33547,20:34:42,114.022598,22.541599,0,18
33547,20:35:42,114.019402,22.539,0,29
33547,20:36:43,114.009598,22.537201,0,35
33547,20:37:42,114.003601,22.5361,0,7
33547,20:39:12,114.007797,22.5348,0,10
33547,20:39:17,114.007896,22.534901,0,0
33547,20:39:42,114.007896,22.534901,0,0
33547,20:40:12,114.007896,22.534901,0,0
33547,20:40:18,114.007896,22.534901,0,0
33547,20:40:48,114.007896,22.534901,0,0
33547,20:41:18,114.007896,22.534901,0,0
33547,20:41:48,114.007896,22.534901,0,0
33547,20:42:18,114.007896,22.534901,0,0
33547,20:43:18,114.007896,22.534901,0,0
33547,20:43:48,114.007896,22.534901,0,0
33547,20:44:18,114.007896,22.534901,0,0
33547,20:45:18,114.007896,22.534901,0,0
33547,20:45:48,114.007896,22.534901,0,0
33547,20:46:48,114.007896,22.534901,0,0
33547,20:47:48,114.007896,22.534901,0,0
33547,20:48:18,114.007896,22.534901,0,0
33547,20:48:48,114.007896,22.534901,0,0
33547,20:49:18,114.007896,22.534901,0,0
33547,20:49:48,114.007896,22.534901,0,0
33547,20:50:18,114.007896,22.534901,0,0
33547,20:50:48,114.007896,22.534901,0,0
33547,20:51:18,114.007896,22.534901,0,0
33547,20:52:18,114.007896,22.534901,0,0
33547,20:53:48,114.007896,22.534901,0,0
33547,20:55:48,114.007896,22.534901,0,0
33547,20:56:18,114.007896,22.534901,0,0
33547,20:56:48,114.007896,22.534901,0,0
33547,20:57:48,114.007896,22.534901,0,0
33547,20:58:48,114.007896,22.534901,0,0
33547,20:59:18,114.007896,22.534901,0,0
33547,20:59:47,114.007896,22.534901,0,0
33547,21:00:47,114.007896,22.534901,0,0
33547,21:01:48,114.011597,22.533001,0,40
33547,21:02:18,114.012199,22.533001,0,12
33547,21:02:48,114.015297,22.532101,0,22
33547,21:04:18,114.019501,22.532801,0,8
33547,21:05:48,114.022697,22.534401,0,0
33547,21:06:48,114.022697,22.5348,0,6
33547,21:07:18,114.024101,22.535101,0,4
33547,21:07:48,114.024597,22.533501,0,9
33547,21:08:18,114.025398,22.531799,0,28
33547,21:08:48,114.028702,22.528299,0,28
33547,21:09:48,114.031998,22.5273,0,12
33547,21:10:48,114.032799,22.5287,0,6
33547,21:11:18,114.033096,22.5299,0,22
33547,21:11:48,114.037598,22.530399,0,27
33547,21:12:48,114.0373,22.5289,0,4
33547,21:13:48,114.036697,22.529301,0,0
33547,21:14:18,114.036697,22.529301,0,3
33547,21:14:48,114.037003,22.5291,0,0
33547,21:14:49,114.037003,22.5291,0,0
33547,21:15:19,114.037003,22.5291,0,0
33547,21:15:49,114.036903,22.5291,0,0
33547,21:16:49,114.036903,22.5291,0,0
33547,21:17:19,114.036903,22.5291,0,0
33547,21:17:49,114.036903,22.5291,0,0
33547,21:18:19,114.036903,22.5291,0,0
33547,21:18:49,114.036903,22.5291,0,0
33547,21:19:49,114.037102,22.528999,0,0
33547,21:20:19,114.037102,22.528999,0,0
33547,21:20:49,114.037003,22.5291,0,0
33547,21:22:19,114.037003,22.528999,0,0
33547,21:23:19,114.037003,22.528999,0,0
33547,21:23:49,114.037003,22.528999,0,0
33547,21:24:19,114.037003,22.528999,0,0
33547,21:24:49,114.036903,22.529499,0,1
33547,21:25:49,114.037102,22.528999,0,0
33547,21:27:19,114.037102,22.528999,0,0
33547,21:27:49,114.037102,22.528999,0,0
33547,21:28:19,114.037102,22.528999,0,0
33547,21:28:49,114.037102,22.528999,0,0
33547,21:29:49,114.037102,22.528999,0,0
33547,21:30:49,114.037102,22.528999,0,0
33547,21:31:49,114.037102,22.528999,0,0
33547,21:32:19,114.037102,22.528999,0,0
33547,21:32:49,114.037102,22.528999,0,0
33547,21:33:49,114.037102,22.528999,0,0
33547,21:34:49,114.037102,22.528999,0,0
33547,21:35:49,114.037102,22.528999,0,0
33547,21:36:19,114.037102,22.528999,0,0
33547,21:36:49,114.037102,22.528999,0,2
33547,21:37:49,114.037102,22.528999,0,2
33547,21:39:19,114.037003,22.5291,0,0
33547,21:40:19,114.036797,22.5289,0,0
33547,21:40:49,114.036797,22.5289,0,0
33547,21:41:19,114.036903,22.528999,0,0
33547,21:41:49,114.036697,22.5291,0,4
33547,21:42:19,114.036797,22.529301,0,0
33547,21:42:49,114.036797,22.529301,0,0
33547,21:43:19,114.036797,22.5292,0,0
33547,21:43:49,114.036797,22.5292,0,0
33547,21:44:19,114.036797,22.5292,0,0
33547,21:44:49,114.036797,22.5292,0,0
33547,21:45:49,114.036797,22.5292,0,0
33547,21:46:19,114.036797,22.5292,0,0
33547,21:46:49,114.036797,22.5292,0,0
33547,21:47:19,114.036903,22.5291,0,0
33547,21:47:49,114.036903,22.5291,0,0
33547,21:48:19,114.036903,22.5291,0,0
33547,21:48:49,114.036903,22.5291,0,0
33547,21:49:49,114.036903,22.5291,0,0
33547,21:50:19,114.036903,22.5291,0,0
33547,21:51:19,114.036903,22.5291,0,0
33547,21:51:49,114.036903,22.5291,0,0
33547,21:52:19,114.036903,22.5291,0,0
33547,21:52:49,114.036903,22.5291,0,0
33547,21:53:19,114.036903,22.5291,0,0
33547,21:53:49,114.036903,22.5291,0,0
33547,21:54:19,114.036903,22.5291,0,0
33547,21:54:49,114.036903,22.5291,0,0
33547,21:56:19,114.036903,22.529301,0,0
33547,21:57:49,114.036697,22.5294,0,0
33547,21:58:19,114.036697,22.529301,0,0
33547,21:59:19,114.036697,22.529301,0,0
33547,21:59:49,114.036697,22.529301,0,0
33547,22:00:49,114.036598,22.5294,0,0
33547,22:01:19,114.036797,22.5292,0,2
33547,22:02:49,114.036697,22.5294,0,0
33547,22:03:49,114.036697,22.5294,0,0
33547,22:04:19,114.036598,22.529499,0,0
33547,22:04:49,114.036598,22.529499,0,0
33547,22:05:19,114.0364,22.529499,0,0
33547,22:06:19,114.0364,22.529499,0,0
33547,22:06:49,114.0364,22.529499,0,0
33547,22:07:49,114.0364,22.529499,0,0
33547,22:08:19,114.0364,22.529499,0,0
33547,22:08:49,114.0364,22.529499,0,0
33547,22:09:19,114.036697,22.529301,0,3
33547,22:10:19,114.036598,22.5294,0,0
33547,22:10:49,114.036598,22.5294,0,0
33547,22:11:49,114.036598,22.5294,0,0
33547,22:12:49,114.036598,22.529499,0,0
33547,22:13:19,114.036598,22.529499,0,0
33547,22:14:11,114.036598,22.529499,0,0
33547,22:14:20,114.036598,22.529499,0,0
33547,22:14:50,114.036598,22.529499,0,0
33547,22:15:49,114.037102,22.529499,0,0
33547,22:16:49,114.037102,22.529499,0,0
33547,22:17:19,114.037102,22.529499,0,0
33547,22:17:49,114.036903,22.5292,0,0
33547,22:18:02,114.036903,22.5292,0,0
33547,22:18:20,114.036903,22.5292,0,0
33547,22:19:20,114.036903,22.5292,0,0
33547,22:22:49,114.037003,22.5289,0,0
33547,22:23:19,114.037003,22.5289,0,0
33547,22:23:49,114.037003,22.5289,0,0
33547,22:24:19,114.037003,22.5289,0,0
33547,22:24:49,114.037003,22.5289,0,0
33547,22:25:19,114.036598,22.529499,0,0
33547,22:26:19,114.036697,22.5296,0,0
33547,22:26:49,114.036697,22.5296,0,0
33547,22:27:19,114.036697,22.5296,0,0
33547,22:29:49,114.036903,22.529301,0,0
33547,22:30:19,114.036797,22.529301,0,0
33547,22:30:26,114.036797,22.529301,0,3
33547,22:30:46,114.036797,22.529301,0,0
33547,22:30:50,114.036797,22.529301,0,0
33547,22:31:09,114.036797,22.529301,0,0
33547,22:31:20,114.036797,22.529301,0,0
33547,22:31:49,114.036903,22.529301,0,0
33547,22:32:49,114.036697,22.529499,0,0
33547,22:33:14,114.036697,22.529499,0,0
33547,22:33:19,114.036697,22.529499,0,0
33547,22:34:20,114.037003,22.5292,0,0
33547,22:34:45,114.037003,22.5292,0,0
33547,22:34:50,114.037102,22.529301,0,2
33547,22:35:49,114.037102,22.529301,0,0
33547,22:36:49,114.037102,22.529301,0,0
33547,22:37:19,114.037102,22.529301,0,2
33547,22:37:40,114.037102,22.529301,0,0
33547,22:37:49,114.037102,22.529301,0,0
33547,22:38:20,114.036598,22.5292,0,0
33547,22:38:26,114.036598,22.5292,0,7
33547,22:38:38,114.036598,22.5292,0,0
33547,22:38:50,114.0364,22.529499,0,0
33547,22:39:20,114.0364,22.529499,0,0
33547,22:40:49,114.0364,22.5294,0,0
33547,22:41:19,114.0364,22.5294,0,0
33547,22:41:58,114.037003,22.529699,0,0
33547,22:42:09,114.037003,22.529699,0,1
33547,22:42:32,114.037003,22.529699,0,0
33547,22:42:41,114.037003,22.529699,0,0
33547,22:42:56,114.037003,22.529699,0,0
33547,22:43:00,114.037003,22.529699,0,0
33547,22:43:36,114.0373,22.529301,0,0
33547,22:43:59,114.0373,22.529301,0,0
33547,22:44:00,114.0373,22.529301,0,0
33547,22:44:30,114.037003,22.529499,0,2
33547,22:44:40,114.037003,22.529499,0,0
33547,22:44:50,114.037003,22.529499,0,0
33547,22:45:00,114.037003,22.529499,0,0
33547,22:45:30,114.037003,22.529499,0,0
33547,22:45:41,114.037003,22.5296,0,0
33547,22:45:50,114.037003,22.5296,0,0
33547,22:46:00,114.037003,22.5296,0,0
33547,22:46:08,114.036903,22.5294,0,0
33547,22:46:14,114.036697,22.529499,0,0
33547,22:46:45,114.036201,22.5296,0,0
33547,22:47:00,114.0364,22.529499,0,0
33547,22:47:30,114.036301,22.529499,0,0
33547,22:48:00,114.036301,22.529499,0,0
33547,22:49:00,114.036598,22.529699,0,0
33547,22:49:21,114.036903,22.529499,0,0
33547,22:49:27,114.036903,22.529499,0,0
33547,22:49:30,114.036903,22.529499,0,0
33547,22:49:59,114.036697,22.5296,0,0
33547,22:50:54,114.036598,22.5294,0,0
33547,22:51:01,114.036598,22.5294,0,0
33547,22:51:25,114.036301,22.529499,0,0
33547,22:51:30,114.036301,22.529499,0,0
33547,22:51:32,114.036301,22.529499,0,0
33547,22:52:00,114.036301,22.529499,0,0
33547,22:52:01,114.036301,22.529499,0,0
33547,22:52:14,114.036301,22.529499,0,3
33547,22:52:25,114.036598,22.5292,0,0
33547,22:53:00,114.036598,22.5292,0,0
33547,22:53:30,114.036598,22.5292,0,0
33547,22:54:00,114.036598,22.5292,0,0
33547,22:54:23,114.037201,22.5296,0,1
33547,22:54:30,114.036797,22.529499,0,4
33547,22:55:00,114.036903,22.5294,0,1
33547,22:55:11,114.036903,22.5294,0,0
33547,22:55:21,114.036903,22.5294,0,0
33547,22:55:30,114.036797,22.5294,0,2
33547,22:55:48,114.036598,22.5294,0,0
33547,22:56:20,114.036598,22.5294,0,0
33547,22:56:27,114.036598,22.5294,0,4
33547,22:56:30,114.0364,22.529301,0,16
33547,22:56:51,114.035599,22.5291,0,7
33547,22:56:53,114.035599,22.5291,0,0
33547,22:57:00,114.035599,22.5291,0,0
33547,22:57:30,114.035599,22.5291,0,0
33547,22:57:41,114.035599,22.5291,0,0
33547,22:58:00,114.035599,22.5291,0,0
33547,22:58:24,114.035599,22.5291,0,1
33547,22:58:25,114.035599,22.5291,0,0
33547,22:58:59,114.036797,22.528999,0,0
33547,22:59:20,114.036797,22.528999,0,6
33547,22:59:46,114.036797,22.528999,0,0
33547,23:00:00,114.036797,22.528999,0,0
33547,23:00:30,114.036598,22.5294,0,0
33547,23:00:35,114.036598,22.5294,0,0
33547,23:01:30,114.036598,22.5294,0,0
33547,23:01:31,114.036598,22.5294,0,0
33547,23:01:44,114.036598,22.5294,0,0
33547,23:02:00,114.036598,22.5294,0,0
33547,23:02:30,114.036598,22.5294,0,0
33547,23:03:00,114.036598,22.5294,0,0
33547,23:03:30,114.036102,22.5294,0,0
33547,23:04:00,114.036102,22.5294,0,0
33547,23:05:00,114.036102,22.5294,0,0
33547,23:05:30,114.036903,22.528999,0,0
33547,23:05:35,114.036903,22.528999,0,0
33547,23:05:54,114.036903,22.528999,0,0
33547,23:06:00,114.036797,22.528999,0,2
33547,23:06:07,114.036797,22.528999,0,0
33547,23:06:22,114.036797,22.528999,0,6
33547,23:06:25,114.036797,22.528999,0,0
33547,23:06:30,114.036797,22.528999,0,0
33547,23:06:39,114.036797,22.528999,0,2
33547,23:07:01,114.036903,22.529301,0,3
33547,23:07:31,114.037102,22.5291,0,0
33547,23:08:38,114.036903,22.5291,0,0
33547,23:09:30,114.036903,22.528999,0,0
33547,23:10:01,114.036903,22.528999,0,0
33547,23:10:31,114.037003,22.5292,0,0
33547,23:11:01,114.035301,22.5294,0,19
33547,23:12:30,114.036003,22.5294,0,0
33547,23:13:00,114.036903,22.5292,0,6
33547,23:14:30,114.035103,22.5289,0,0
33547,23:15:30,114.036697,22.529499,0,0
33547,23:15:31,114.036697,22.529499,0,9
33547,23:16:00,114.0364,22.5298,0,0
33547,23:16:10,114.0364,22.5298,0,0
33547,23:17:00,114.035202,22.530199,0,8
33547,23:17:23,114.033798,22.529301,0,0
33547,23:17:30,114.033798,22.529301,0,0
33547,23:17:44,114.033798,22.529301,0,18
33547,23:17:47,114.033798,22.529301,0,0
33547,23:18:01,114.033798,22.529301,0,0
33547,23:18:20,114.033798,22.529301,0,1
33547,23:18:40,114.033798,22.529301,0,5
33547,23:18:42,114.033798,22.529301,0,0
33547,23:18:50,114.033798,22.529301,0,2
33547,23:19:30,114.033798,22.529301,0,0
33547,23:20:00,114.033798,22.529301,0,0
33547,23:20:01,114.033798,22.529301,0,12
33547,23:20:05,114.033798,22.529301,0,0
33547,23:20:17,114.0308,22.535601,0,70
33547,23:20:31,114.028099,22.5387,0,64
33547,23:21:01,114.024803,22.5427,0,50
33547,23:21:22,114.024002,22.543501,0,23
33547,23:21:58,114.024002,22.543501,0,0
33547,23:22:07,114.024002,22.543501,0,2
33547,23:22:22,114.024002,22.543501,0,0
33547,23:22:32,114.024002,22.543501,0,1
33547,23:22:44,114.0299,22.5375,0,0
33547,23:22:59,114.0299,22.5375,0,0
33547,23:23:01,114.0299,22.5375,0,0
33547,23:23:02,114.0299,22.5375,0,0
33547,23:23:20,114.0299,22.5375,0,5
33547,23:23:28,114.0299,22.5375,0,0
33547,23:23:30,114.0299,22.5375,0,0
33547,23:24:06,114.0299,22.5375,0,1
33547,23:24:31,114.0299,22.5375,0,0
33547,23:24:36,114.0299,22.5375,0,0
33547,23:24:49,114.0299,22.5375,0,6
33547,23:25:00,114.036201,22.528999,0,7
33547,23:25:30,114.036201,22.528999,0,0
33547,23:25:38,114.036201,22.528999,0,0
33547,23:27:30,114.036201,22.5289,0,3
33547,23:27:34,114.036201,22.5289,0,0
33547,23:28:00,114.036201,22.5289,0,0
33547,23:28:30,114.036201,22.5289,0,3
33547,23:28:33,114.036201,22.5289,0,0
33547,23:28:43,114.036201,22.5289,0,0
33547,23:29:00,114.036201,22.5289,0,0
33547,23:29:30,114.036201,22.5289,0,0
33547,23:29:35,114.036201,22.5289,0,0
33547,23:30:14,114.036201,22.5289,0,0
33547,23:30:16,114.036201,22.5289,0,0
33547,23:30:26,114.036201,22.5289,0,0
33547,23:30:31,114.036201,22.5289,0,0
33547,23:30:37,114.036201,22.5289,0,0
33547,23:31:01,114.036201,22.5289,0,0
33547,23:31:31,114.036201,22.5289,0,0
33547,23:32:01,114.036201,22.5289,0,0
33547,23:32:07,114.036201,22.5289,0,0
33547,23:32:23,114.036201,22.5289,0,0
33547,23:32:31,114.037003,22.529301,0,2
33547,23:33:29,114.036903,22.529301,0,0
33547,23:33:31,114.036903,22.529301,0,0
33547,23:33:57,114.036903,22.529301,0,0
33547,23:34:42,114.036903,22.529301,0,1
33547,23:35:30,114.036598,22.528999,0,0
33547,23:36:00,114.036697,22.528999,0,0
33547,23:36:01,114.036697,22.528999,0,0
33547,23:36:09,114.036697,22.528999,0,2
33547,23:36:23,114.036499,22.5291,0,0
33547,23:36:31,114.036499,22.5291,0,0
33547,23:36:32,114.036499,22.5291,0,0
33547,23:36:39,114.036499,22.5291,0,0
33547,23:37:01,114.036499,22.5291,0,0
33547,23:37:30,114.036499,22.5291,0,0
33547,23:38:11,114.036499,22.5291,0,0
33547,23:38:21,114.036499,22.5291,0,1
33547,23:38:31,114.036499,22.5291,0,0
33547,23:39:01,114.036697,22.529301,0,3
33547,23:39:26,114.036697,22.529301,0,0
33547,23:39:31,114.036697,22.529301,0,0
33547,23:39:34,114.036697,22.529301,0,0
33547,23:39:42,114.036697,22.529301,0,0
33547,23:39:46,114.036797,22.528999,0,0
33547,23:39:54,114.036797,22.528999,0,0
33547,23:40:01,114.036797,22.528999,0,0
33547,23:40:20,114.036797,22.528999,0,0
33547,23:40:31,114.036797,22.528999,0,1
33547,23:41:01,114.036797,22.528999,0,1
33547,23:41:24,114.037399,22.5296,0,0
33547,23:41:31,114.037399,22.5296,0,0
33547,23:42:01,114.037399,22.5296,0,0
33547,23:42:26,114.037399,22.5296,0,2
33547,23:42:33,114.037399,22.5296,0,0
33547,23:43:21,114.037102,22.5291,0,1
33547,23:43:27,114.037102,22.5291,0,0
33547,23:43:31,114.037102,22.5291,0,0
33547,23:43:33,114.037102,22.5291,0,2
33547,23:43:34,114.037102,22.5291,0,0
33547,23:44:01,114.037102,22.5291,0,0
33547,23:45:01,114.037201,22.5292,0,0
33547,23:45:15,114.037201,22.5292,0,6
33547,23:45:31,114.037201,22.5292,0,1
33547,23:45:41,114.037201,22.5292,0,0
33547,23:45:46,114.037201,22.5292,0,5
33547,23:46:00,114.036499,22.5289,0,0
33547,23:46:01,114.036499,22.5289,0,0
33547,23:46:10,114.036499,22.5289,0,1
33547,23:46:29,114.036499,22.5289,0,0
33547,23:46:43,114.036499,22.5289,0,0
33547,23:46:49,114.036499,22.5289,0,0
33547,23:47:02,114.036499,22.5289,0,0
33547,23:47:09,114.036499,22.5289,0,0
33547,23:47:31,114.036499,22.5289,0,0
33547,23:47:38,114.036499,22.5289,0,0
33547,23:47:39,114.036499,22.5289,0,0
33547,23:48:01,114.036499,22.5289,0,0
33547,23:48:06,114.036499,22.5289,0,0
33547,23:49:01,114.036499,22.5289,0,0
33547,23:49:23,114.036499,22.5289,0,0
33547,23:49:31,114.036499,22.5289,0,0
33547,23:50:00,114.036903,22.529301,0,0
33547,23:50:59,114.036903,22.529301,0,0
33547,23:51:09,114.036903,22.529301,0,0
33547,23:53:00,114.036903,22.529301,0,0
33547,23:53:27,114.036903,22.529301,0,0
33547,23:53:30,114.036903,22.529301,0,0
33547,23:53:40,114.036903,22.529301,0,4
33547,23:53:49,114.036903,22.529301,0,0
33547,23:53:58,114.036903,22.529301,0,1
33547,23:54:01,114.036903,22.529301,0,1
