31226,00:00:21,114.103897,22.552799,0,27
31226,00:01:10,114.101501,22.552401,1,16
31226,00:03:10,114.099503,22.553699,1,55
31226,00:03:40,114.099297,22.5578,1,27
31226,00:04:40,114.098701,22.558599,1,37
31226,00:05:11,114.094002,22.5585,1,68
31226,00:05:41,114.090401,22.5585,1,44
31226,00:06:11,114.085602,22.558399,1,66
31226,00:06:41,114.079399,22.5583,1,79
31226,00:07:11,114.072998,22.558201,1,72
31226,00:07:41,114.066902,22.5581,1,66
31226,00:08:11,114.061401,22.5592,1,72
31226,00:09:11,114.060501,22.562799,1,11
31226,00:11:29,114.059998,22.5625,0,22
31226,00:11:59,114.058701,22.5623,0,16
31226,00:13:00,114.0625,22.5602,0,59
31226,00:13:30,114.0625,22.555201,0,64
31226,00:14:00,114.062599,22.5516,0,29
31226,00:14:30,114.062599,22.5485,0,37
31226,00:15:31,114.062599,22.5473,0,31
31226,00:16:31,114.063004,22.5389,0,50
31226,00:17:01,114.061203,22.5376,0,33
31226,00:17:31,114.0588,22.5376,0,44
31226,00:20:22,114.062103,22.5376,1,31
31226,00:21:52,114.062897,22.538601,1,42
31226,00:22:22,114.063103,22.5425,1,35
31226,00:22:53,114.067802,22.5427,1,62
31226,00:23:23,114.073097,22.5429,1,75
31226,00:23:53,114.0783,22.5431,1,48
31226,00:24:53,114.082603,22.5431,1,46
31226,00:25:23,114.0877,22.543301,1,55
31226,00:26:53,114.092102,22.543301,1,46
31226,00:27:23,114.096497,22.5434,1,64
31226,00:29:23,114.107201,22.5448,1,38
31226,00:41:34,114.110397,22.542,1,31
31226,00:42:04,114.113197,22.5425,1,11
31226,00:42:34,114.1138,22.5425,1,35
31226,00:46:28,114.118401,22.5399,0,33
31226,01:02:47,114.114502,22.538799,1,16
31226,01:03:17,114.113701,22.5408,1,35
31226,01:04:47,114.1138,22.5455,1,25
31226,01:05:48,114.115799,22.5462,1,55
31226,01:06:48,114.123497,22.547501,1,61
31226,01:07:48,114.125999,22.5488,1,38
31226,01:09:18,114.125999,22.5516,1,57
31226,01:09:48,114.126701,22.5539,1,40
31226,01:10:18,114.127403,22.555,1,16
31226,01:10:48,114.126099,22.553101,1,18
31226,01:11:19,114.125801,22.5509,1,57
31226,01:12:19,114.127602,22.5481,1,55
31226,01:13:19,114.1297,22.5485,1,24
31226,01:14:19,114.134697,22.549299,1,62
31226,01:15:56,114.137703,22.549801,0,31
31226,01:16:26,114.137398,22.551001,0,20
31226,01:17:57,114.137901,22.5518,0,38
31226,01:18:39,114.139099,22.5536,0,7
31226,01:18:58,114.137703,22.5522,0,31
31226,01:19:57,114.133698,22.5499,0,18
31226,01:21:27,114.130798,22.5509,0,14
31226,01:23:28,114.127602,22.549999,0,9
31226,01:41:53,114.125801,22.5464,1,44
31226,01:42:53,114.125702,22.5424,1,40
31226,01:43:23,114.1213,22.5394,1,74
31226,01:43:53,114.118202,22.5401,1,40
31226,01:44:23,114.113503,22.538401,1,66
31226,01:45:24,114.102997,22.5382,1,48
31226,01:45:54,114.097801,22.5383,1,74
31226,01:46:54,114.085602,22.5375,1,75
31226,01:47:24,114.079903,22.5364,1,66
31226,01:47:54,114.077003,22.532101,1,59
31226,01:48:24,114.071404,22.5319,1,68
31226,01:49:24,114.062202,22.5327,1,37
31226,01:50:24,114.061897,22.527901,1,9
31226,01:50:54,114.059998,22.5278,1,3
31226,01:52:24,114.058197,22.527599,0,14
31226,01:53:54,114.056801,22.5259,0,18
31226,01:54:54,114.051498,22.5268,0,40
31226,02:11:52,114.051903,22.5285,0,11
31226,02:11:55,114.051903,22.5285,0,1
31226,02:12:25,114.053299,22.528601,0,16
31226,02:12:55,114.053398,22.5273,0,11
31226,02:13:24,114.054802,22.5273,0,12
31226,02:14:24,114.0569,22.527901,0,12
31226,02:14:54,114.057198,22.528999,0,3
31226,02:16:01,114.0569,22.530001,1,11
31226,02:16:31,114.054802,22.5303,1,24
31226,02:17:01,114.053802,22.531,1,14
31226,02:17:32,114.057098,22.531401,1,64
31226,02:18:02,114.0625,22.5315,1,64
31226,02:19:02,114.0737,22.5317,1,75
31226,02:20:32,114.086998,22.537399,1,70
31226,02:21:02,114.092796,22.538099,1,72
31226,02:21:32,114.098701,22.538099,1,68
31226,02:22:02,114.104202,22.537901,1,64
31226,02:22:32,114.1091,22.5376,1,68
31226,02:23:32,114.116997,22.539301,1,18
31226,02:24:02,114.117699,22.5397,1,37
31226,02:25:44,114.1185,22.542,0,20
31226,02:26:14,114.119904,22.5418,0,12
31226,02:27:45,114.121002,22.5413,0,16
31226,02:51:52,114.126404,22.5425,1,14
31226,02:52:52,114.1269,22.5481,1,44
31226,02:53:22,114.131104,22.5487,1,61
31226,03:09:22,114.135498,22.5488,1,27
31226,03:09:52,114.133102,22.546101,1,44
31226,03:10:22,114.128403,22.5436,1,74
31226,03:10:52,114.1231,22.540501,1,74
31226,03:11:52,114.115601,22.539101,1,70
31226,03:12:22,114.109901,22.5378,1,68
31226,03:12:52,114.105103,22.537701,1,25
31226,03:13:22,114.106796,22.5399,1,44
31226,03:15:46,114.107597,22.541401,0,35
31226,03:18:16,114.115196,22.5457,0,14
31226,03:28:18,114.116997,22.546499,0,18
31226,03:28:48,114.117401,22.5481,0,27
31226,03:29:18,114.119102,22.547701,0,16
31226,03:29:48,114.121696,22.547899,0,33
31226,03:30:48,114.122803,22.549299,0,24
31226,03:35:19,114.1259,22.549601,0,18
31226,03:35:49,114.1259,22.5522,0,29
31226,03:37:19,114.125,22.553801,0,37
31226,03:37:49,114.122704,22.556299,0,48
31226,03:38:19,114.120399,22.5595,0,53
31226,03:39:20,114.118103,22.5665,0,38
31226,03:39:50,114.119301,22.568399,0,42
31226,03:40:50,114.122101,22.571501,0,11
31226,03:41:20,114.124199,22.5723,0,16
31226,03:42:20,114.125801,22.573299,0,33
31226,03:43:20,114.128403,22.5749,0,14
31226,03:43:50,114.130699,22.5748,0,31
31226,03:44:20,114.132698,22.5742,0,31
31226,03:44:50,114.134102,22.572599,0,31
31226,03:45:21,114.134399,22.570801,0,33
31226,03:46:51,114.135201,22.565901,0,38
31226,03:47:21,114.132797,22.563101,0,51
31226,03:47:51,114.131599,22.5616,0,37
31226,03:48:21,114.129402,22.558399,0,55
31226,03:49:21,114.129799,22.5553,0,31
31226,04:25:25,114.129402,22.5515,0,14
31226,04:26:55,114.128799,22.557199,0,38
31226,04:34:02,114.1259,22.548401,1,16
31226,04:34:32,114.1259,22.5466,1,44
31226,04:35:32,114.1259,22.5427,1,42
31226,04:36:32,114.119202,22.5396,1,50
31226,04:38:03,114.104897,22.537701,1,59
31226,04:39:03,114.095001,22.5382,1,62
31226,04:39:33,114.089897,22.538,1,61
31226,04:41:34,114.073997,22.5319,1,64
31226,04:42:04,114.068604,22.5319,1,68
31226,04:45:04,114.0355,22.5305,1,70
31226,04:45:34,114.0298,22.530399,1,70
31226,04:47:35,114.0093,22.5299,1,64
31226,04:49:35,113.990097,22.525,1,55
31226,04:50:35,113.980904,22.5233,1,51
31226,04:51:05,113.977798,22.5243,1,46
31226,04:51:35,113.977699,22.5247,1,44
31226,04:52:05,113.977203,22.5214,1,38
31226,04:52:35,113.978203,22.5224,1,7
31226,05:24:36,113.979103,22.5224,1,25
31226,05:25:06,113.9814,22.522699,1,33
31226,05:26:07,113.988503,22.524099,1,44
31226,05:26:37,113.991997,22.5256,1,51
31226,05:27:07,113.995399,22.5277,1,42
31226,05:32:37,113.997803,22.5292,1,48
31226,05:33:07,114.001801,22.530001,1,51
31226,05:34:37,114.016098,22.531099,1,57
31226,05:35:07,114.0205,22.5322,1,53
31226,05:35:38,114.025002,22.5313,1,59
31226,05:37:43,114.0457,22.531401,1,66
31226,05:38:09,114.050003,22.531401,1,64
31226,05:38:39,114.055199,22.5315,1,61
31226,05:39:09,114.060303,22.531601,1,62
31226,05:39:38,114.065399,22.5317,1,59
31226,05:40:08,114.070602,22.5317,1,61
31226,05:40:38,114.075798,22.531799,1,61
31226,05:41:39,114.082397,22.5373,1,61
31226,05:42:09,114.087502,22.537399,1,62
31226,05:42:39,114.092499,22.538099,1,59
31226,05:43:09,114.097702,22.538099,1,62
31226,05:43:39,114.1026,22.538,1,46
31226,05:44:09,114.106003,22.5385,0,53
31226,05:46:09,114.110901,22.5455,0,57
31226,05:46:39,114.115303,22.5462,0,68
31226,05:50:40,114.119797,22.5466,0,16
31226,05:51:10,114.122498,22.5474,0,51
31226,05:52:11,114.124199,22.5487,0,11
31226,05:53:41,114.123001,22.5487,0,11
31226,05:54:11,114.122597,22.5501,0,18
31226,05:54:41,114.122299,22.5515,0,7
31226,05:55:41,114.120697,22.552299,0,3
31226,06:02:43,114.120499,22.552,0,12
31226,06:03:16,114.118698,22.552,1,14
31226,06:03:47,114.118301,22.552999,1,33
31226,06:04:17,114.119698,22.555401,1,24
31226,06:04:47,114.121498,22.557199,1,27
31226,06:05:47,114.113998,22.558901,1,59
31226,06:07:17,114.113701,22.5721,1,62
31226,06:09:18,114.109802,22.576599,1,51
31226,06:09:48,114.106499,22.5749,1,51
31226,06:10:18,114.1026,22.572599,1,48
31226,06:11:18,114.099098,22.5672,1,53
31226,06:12:39,114.096397,22.566401,0,33
31226,06:14:40,114.094498,22.5634,0,37
31226,06:15:41,114.094704,22.561501,0,18
31226,06:16:11,114.097198,22.561501,0,35
31226,06:16:41,114.099197,22.5604,0,42
31226,06:17:34,114.097504,22.558701,1,51
31226,06:20:04,114.090897,22.558399,1,25
31226,06:22:30,114.088402,22.5518,0,38
31226,06:23:00,114.086601,22.5527,0,27
31226,06:23:30,114.088402,22.5548,0,35
31226,06:26:01,114.081299,22.554001,0,22
31226,06:27:31,114.076797,22.552601,0,53
31226,06:29:01,114.067802,22.5492,0,48
31226,06:31:32,114.068001,22.538,0,75
31226,06:32:02,114.0681,22.5322,0,74
31226,06:33:02,114.066299,22.5263,0,18
31226,06:34:03,114.063301,22.521601,0,37
31226,06:34:33,114.0616,22.520599,0,33
31226,06:36:33,114.060097,22.524099,0,42
31226,06:38:03,114.057999,22.525801,0,18
31226,06:39:03,114.051598,22.5263,0,29
31226,06:41:34,114.0532,22.5313,0,48
31226,06:42:04,114.057503,22.5313,0,55
31226,06:42:34,114.062798,22.531401,0,68
31226,06:43:34,114.0746,22.531799,0,70
31226,06:44:04,114.0784,22.533701,0,64
31226,06:44:19,114.078903,22.534599,0,48
31226,06:45:05,114.087196,22.537399,0,68
31226,06:45:35,114.092598,22.538099,0,68
31226,06:45:39,114.093597,22.538099,1,70
31226,06:46:39,114.104401,22.5378,1,53
31226,06:47:09,114.108597,22.537399,1,62
31226,06:47:39,114.113701,22.5383,1,55
31226,06:48:09,114.117302,22.539499,1,37
31226,06:48:39,114.117699,22.5371,1,37
31226,06:50:10,114.114899,22.5348,1,5
31226,06:52:00,114.113998,22.534599,0,3
31226,06:53:29,114.115303,22.534901,0,20
31226,06:53:31,114.115303,22.535,0,18
31226,06:54:00,114.117699,22.537001,0,42
31226,06:57:00,114.119904,22.5415,0,22
31226,06:58:01,114.121201,22.5397,0,3
31226,06:58:31,114.121498,22.5408,0,11
31226,07:00:01,114.121101,22.5394,0,24
31226,07:01:31,114.119301,22.5397,0,20
31226,07:02:01,114.118896,22.540001,0,7
31226,07:03:31,114.117798,22.5399,0,35
31226,07:04:32,114.110001,22.5378,0,59
31226,07:05:32,114.101196,22.538401,0,50
31226,07:06:02,114.096603,22.538401,0,55
31226,07:06:32,114.0952,22.539499,0,24
31226,07:07:02,114.095001,22.5413,0,9
31226,07:08:03,114.090599,22.5415,0,12
31226,07:08:33,114.0895,22.540701,0,27
31226,07:09:33,114.089996,22.538099,0,48
31226,07:10:03,114.0867,22.5378,0,12
31226,07:10:33,114.086502,22.539499,0,11
31226,07:13:28,114.0867,22.5408,1,22
31226,07:14:28,114.091202,22.5397,1,51
31226,07:15:28,114.100304,22.538099,1,70
31226,07:16:59,114.1157,22.539,1,70
31226,07:17:29,114.118103,22.537701,1,29
31226,07:19:31,114.113899,22.534599,1,7
31226,07:19:43,114.113899,22.5345,0,16
31226,07:20:43,114.1166,22.5357,0,50
31226,07:21:43,114.118698,22.5375,0,50
31226,07:22:12,114.118797,22.5401,0,24
31226,07:22:42,114.116203,22.539301,0,27
31226,07:23:12,114.112602,22.538099,0,57
31226,07:23:42,114.107697,22.5373,0,62
31226,07:24:12,114.103897,22.538099,0,51
31226,07:24:42,114.099098,22.5383,0,59
31226,07:25:12,114.093399,22.5383,0,68
31226,07:26:13,114.083603,22.5376,0,38
31226,07:26:43,114.0802,22.5368,0,44
31226,07:27:13,114.078003,22.5338,0,35
31226,07:27:43,114.075401,22.532,0,53
31226,07:28:13,114.070999,22.5319,0,46
31226,07:28:43,114.066101,22.5319,0,62
31226,07:29:13,114.061203,22.5319,0,40
31226,07:29:43,114.061096,22.5338,0,29
31226,07:35:14,114.0625,22.534201,0,3
31226,07:41:45,114.062599,22.534,0,9
31226,07:42:15,114.062897,22.533199,0,35
31226,07:50:46,114.062599,22.5229,0,40
31226,07:51:46,114.058197,22.5196,0,55
31226,07:52:16,114.053902,22.5184,0,55
31226,07:53:16,114.0513,22.5221,0,62
31226,07:54:17,114.051598,22.5266,0,40
31226,07:54:47,114.051598,22.527901,0,11
31226,07:55:47,114.051697,22.5284,0,7
31226,07:56:17,114.052902,22.528299,0,5
31226,08:10:21,114.053497,22.528601,0,16
31226,08:14:30,114.051598,22.530199,1,40
31226,08:15:00,114.053703,22.5313,1,40
31226,08:15:30,114.056801,22.5313,1,20
31226,08:16:00,114.058296,22.5303,1,27
31226,08:19:00,114.057899,22.5366,1,9
31226,08:21:31,114.056198,22.537399,1,27
31226,08:22:01,114.055901,22.5385,1,9
31226,08:23:24,114.057899,22.538799,0,29
31226,08:25:24,114.057899,22.539101,0,20
31226,08:27:55,114.060799,22.542101,0,14
31226,08:28:55,114.062897,22.540001,0,11
31226,08:30:56,114.062698,22.539,0,22
31226,08:39:13,114.067497,22.5418,1,38
31226,08:39:43,114.068001,22.537701,1,51
31226,08:40:13,114.068001,22.533701,1,40
31226,08:40:43,114.066101,22.532,1,27
31226,08:42:13,114.058296,22.5319,1,53
31226,08:43:13,114.048798,22.5317,1,18
31226,08:43:43,114.048103,22.5317,1,11
31226,08:49:44,114.044403,22.5317,1,1
31226,08:50:45,114.044502,22.5261,1,50
31226,08:51:45,114.041298,22.521601,1,3
31226,08:55:44,114.040497,22.5224,0,11
31226,08:56:15,114.040703,22.523199,0,3
31226,08:56:52,114.040703,22.523199,1,3
31226,08:58:22,114.038696,22.525,1,18
31226,08:58:52,114.037498,22.5256,1,22
31226,08:59:22,114.036003,22.526199,1,14
31226,08:59:52,114.034698,22.526699,1,14
31226,09:00:22,114.033997,22.525801,1,5
31226,09:04:23,114.033699,22.525801,1,18
31226,09:06:23,114.032997,22.526199,1,18
31226,09:06:53,114.0326,22.5264,1,3
31226,09:07:53,114.031898,22.527,1,14
31226,09:08:23,114.031303,22.5273,1,7
31226,09:10:23,114.023102,22.532101,1,11
31226,09:10:53,114.0224,22.5322,1,5
31226,09:11:23,114.021698,22.5322,1,7
31226,09:11:53,114.019096,22.532101,1,53
31226,09:12:24,114.016701,22.531401,1,37
31226,09:13:24,114.007401,22.5298,1,53
31226,09:14:24,113.996696,22.5289,1,68
31226,09:15:24,113.987602,22.524,1,72
31226,09:17:24,113.964302,22.5228,1,72
31226,09:17:54,113.958702,22.5229,1,64
31226,09:18:24,113.954102,22.523399,1,44
31226,09:18:54,113.950104,22.524,1,46
31226,09:19:24,113.9459,22.524401,1,48
31226,09:19:54,113.941597,22.5249,1,64
31226,09:20:25,113.938698,22.525801,1,40
31226,09:20:55,113.936501,22.523701,1,50
31226,09:22:46,113.933502,22.5208,0,7
31226,09:24:04,113.934097,22.517099,1,37
31226,09:26:03,113.936401,22.5135,1,25
31226,09:26:33,113.936401,22.5126,1,37
31226,09:27:03,113.936401,22.510099,1,33
31226,09:28:33,113.936996,22.5079,1,42
31226,09:31:49,113.943199,22.506399,0,12
31226,09:32:49,113.945198,22.506701,0,12
31226,09:37:34,113.944702,22.5075,1,46
31226,09:38:04,113.943199,22.5079,1,37
31226,09:38:34,113.946198,22.507999,1,33
31226,09:39:34,113.946899,22.509501,1,25
31226,09:40:04,113.947601,22.513,1,55
31226,09:40:34,113.948196,22.516701,1,48
31226,09:41:34,113.949303,22.5252,1,42
31226,09:42:04,113.949898,22.528999,1,24
31226,09:42:35,113.949997,22.5317,1,42
31226,09:43:05,113.9505,22.5355,1,46
31226,09:51:36,113.951797,22.5378,1,9
31226,09:52:06,113.950699,22.538601,1,9
31226,09:53:06,113.9487,22.539499,1,38
31226,09:53:36,113.945396,22.539301,1,1
31226,09:54:37,113.941704,22.5394,1,48
31226,09:55:07,113.940804,22.540501,1,42
31226,09:56:38,113.940697,22.5457,1,33
31226,09:59:00,113.940598,22.5478,0,31
31226,09:59:30,113.940598,22.5495,0,16
31226,10:00:00,113.941002,22.5499,0,3
31226,10:00:30,113.942398,22.549801,0,18
31226,10:01:00,113.944298,22.548599,0,27
31226,10:01:30,113.9459,22.549,0,22
31226,10:02:00,113.945999,22.5504,0,9
31226,10:02:31,113.947098,22.550501,0,14
31226,10:03:01,113.948898,22.5511,0,27
31226,10:03:31,113.948601,22.5543,0,38
31226,10:04:01,113.949997,22.555901,0,44
31226,10:05:31,113.960701,22.555901,0,31
31226,10:06:01,113.961197,22.553301,0,24
31226,10:08:01,113.9627,22.551901,0,9
31226,10:08:32,113.9636,22.5516,0,12
31226,10:09:32,113.965302,22.552099,0,3
31226,10:11:02,113.968697,22.552601,0,37
31226,10:13:31,113.972198,22.550301,1,18
31226,10:14:01,113.973999,22.5485,1,38
31226,10:15:01,113.973396,22.545,1,46
31226,10:20:27,113.9748,22.541201,0,37
31226,10:20:57,113.9776,22.540899,0,24
31226,10:21:57,113.9795,22.5396,0,24
31226,10:22:27,113.981796,22.539499,0,27
31226,10:22:57,113.983902,22.539301,0,20
31226,10:23:57,113.985397,22.5387,0,5
31226,10:24:44,113.987,22.5392,1,22
31226,10:25:14,113.986801,22.541201,1,20
31226,10:26:14,113.985199,22.5446,1,27
31226,10:26:44,113.982399,22.545799,1,48
31226,10:27:14,113.9804,22.5473,1,44
31226,10:27:44,113.977798,22.5478,1,35
31226,10:28:44,113.972702,22.5492,1,37
31226,10:29:44,113.972099,22.552,1,16
31226,10:30:14,113.970299,22.552601,1,11
31226,10:30:45,113.969902,22.553699,1,3
31226,10:32:01,113.969704,22.554199,0,9
31226,10:33:01,113.969704,22.553101,0,25
31226,10:33:31,113.970802,22.552401,0,7
31226,10:34:01,113.972198,22.5516,0,20
31226,10:35:01,113.9739,22.5485,0,33
31226,10:35:31,113.976196,22.5485,0,35
31226,10:36:01,113.978302,22.547199,0,16
31226,10:36:32,113.980904,22.5473,0,46
31226,10:37:32,113.984901,22.544701,0,3
31226,10:38:23,113.986099,22.5432,1,24
31226,10:38:53,113.986397,22.5418,1,18
31226,10:39:23,113.986702,22.5408,1,18
31226,10:39:53,113.986702,22.5389,1,29
31226,10:40:23,113.984398,22.539,1,27
31226,10:40:54,113.982399,22.5394,1,14
31226,10:41:54,113.9785,22.5401,1,35
31226,10:42:24,113.977501,22.5397,1,12
31226,10:43:25,113.977203,22.539499,0,11
31226,10:43:55,113.977203,22.539499,0,7
31226,10:44:56,113.978104,22.5389,0,9
31226,10:45:22,113.978996,22.5392,0,14
31226,10:45:27,113.978996,22.5394,0,12
31226,10:45:57,113.980103,22.5396,0,25
31226,10:46:56,113.983902,22.5394,0,24
31226,10:47:56,113.985603,22.5387,0,18
31226,10:48:26,113.9869,22.5399,0,29
31226,10:48:56,113.987198,22.541599,0,16
31226,10:49:26,113.989197,22.541599,0,31
31226,10:49:56,113.9916,22.541401,0,29
31226,10:50:47,113.992203,22.5397,1,14
31226,10:51:17,113.991798,22.542601,1,50
31226,10:51:33,113.992302,22.5438,1,38
31226,10:51:48,113.993896,22.544399,1,37
31226,10:52:18,113.996101,22.5453,1,42
31226,10:52:47,113.999702,22.5464,1,22
31226,10:53:17,114.002602,22.546801,1,42
31226,10:53:47,114.005501,22.5481,1,31
31226,10:54:17,114.006699,22.549299,1,33
31226,10:54:47,114.008904,22.552099,1,22
31226,10:55:47,114.010101,22.555,1,46
31226,10:56:17,114.014503,22.555401,1,48
31226,10:57:12,113.991798,22.542601,1,0
31226,10:57:48,114.015701,22.556801,1,40
31226,10:58:18,114.014999,22.5599,1,50
31226,10:58:48,114.014397,22.5637,1,40
31226,10:59:18,114.013603,22.566299,1,25
31226,10:59:48,114.012901,22.5676,1,18
31226,11:00:18,114.011902,22.5693,1,33
31226,11:04:20,114.013901,22.5905,1,55
31226,11:04:49,114.0186,22.592199,1,70
31226,11:05:19,114.023201,22.5938,1,53
31226,11:05:49,114.027802,22.5947,1,53
31226,11:06:19,114.032303,22.5947,1,53
31226,11:06:49,114.036598,22.5938,1,51
31226,11:07:19,114.041199,22.5926,1,70
31226,11:07:49,114.0466,22.5914,1,68
31226,11:08:19,114.050003,22.591999,1,50
31226,11:08:49,114.048103,22.5947,1,42
31226,11:09:19,114.047302,22.5973,1,48
31226,11:09:49,114.044502,22.599701,1,25
31226,11:10:19,114.043701,22.6028,1,66
31226,11:10:50,114.044601,22.6075,1,7
31226,11:12:20,114.044601,22.6087,1,42
31226,11:12:50,114.0448,22.6133,1,75
31226,11:13:20,114.044098,22.619699,1,79
31226,11:13:50,114.043198,22.624001,1,55
31226,11:14:20,114.043602,22.627501,1,48
31226,11:15:20,114.046501,22.631701,1,57
31226,11:16:20,114.044296,22.632401,1,22
31226,11:17:21,114.039299,22.633301,1,9
31226,11:17:51,114.039597,22.635401,1,37
31226,11:20:59,114.0401,22.638901,0,7
31226,11:21:29,114.040703,22.639799,0,7
31226,11:22:29,114.039902,22.641001,0,44
31226,11:22:59,114.0373,22.641899,0,42
31226,11:23:29,114.034203,22.642799,0,38
31226,11:25:30,114.033302,22.6427,0,25
31226,11:26:01,114.032997,22.6413,0,35
31226,11:26:31,114.031799,22.6376,0,46
31226,11:27:00,114.031898,22.635099,0,22
31226,11:28:00,114.032097,22.6343,0,9
31226,11:28:30,114.032303,22.632799,0,24
31226,11:30:00,114.0326,22.629499,0,27
31226,11:31:01,114.033997,22.6266,0,14
31226,11:32:32,114.033302,22.6248,1,12
31226,11:34:02,114.030602,22.6241,1,14
31226,11:34:32,114.028,22.6236,1,12
31226,11:37:03,114.028503,22.6208,1,62
31226,11:37:33,114.031097,22.616301,1,72
31226,11:39:33,114.027,22.6131,1,22
31226,11:41:23,114.027,22.6126,0,14
31226,11:41:32,114.027496,22.6115,0,27
31226,11:42:02,114.029404,22.612,0,24
31226,11:42:32,114.031502,22.6091,0,27
31226,11:49:33,114.035698,22.6054,0,48
31226,11:51:03,114.038002,22.606501,0,42
31226,11:51:33,114.040001,22.6054,0,42
31226,11:52:03,114.042,22.603001,0,14
31226,11:54:04,114.043602,22.6005,0,37
31226,11:54:34,114.044403,22.597401,0,38
31226,11:55:34,114.048599,22.591801,0,70
31226,11:56:04,114.051201,22.588699,0,48
31226,11:56:34,114.053001,22.5858,0,40
31226,11:57:04,114.0541,22.582399,0,53
31226,11:57:34,114.056297,22.578899,0,48
31226,11:58:04,114.059601,22.577801,0,42
31226,11:58:34,114.060898,22.5744,0,59
31226,11:59:05,114.061996,22.5695,0,68
31226,12:02:16,114.057503,22.5504,0,37
31226,12:02:45,114.057701,22.5474,0,37
31226,12:03:17,114.057899,22.5467,1,20
31226,12:08:17,114.057999,22.5492,1,14
31226,12:09:17,114.062202,22.5513,1,20
31226,12:10:48,114.062698,22.5571,1,81
31226,12:11:18,114.0625,22.5632,1,83
31226,12:11:48,114.062302,22.568701,1,51
31226,12:12:18,114.061302,22.573,1,55
31226,12:12:48,114.060699,22.5763,1,33
31226,12:13:48,114.058998,22.5786,1,48
31226,12:14:18,114.056396,22.5791,1,24
31226,12:14:48,114.054497,22.5821,1,55
31226,12:16:18,114.049698,22.591,1,66
31226,12:16:49,114.044899,22.5926,1,68
31226,12:17:49,114.038101,22.593599,1,51
31226,12:18:19,114.034302,22.594601,1,46
31226,12:18:49,114.0298,22.594999,1,59
31226,12:19:49,114.024803,22.5968,1,62
31226,12:20:19,114.0261,22.601299,1,72
31226,12:22:46,114.025101,22.6059,1,18
31226,12:24:30,114.028198,22.6047,1,22
31226,12:24:47,114.029099,22.602699,1,44
31226,12:25:17,114.031502,22.599501,1,62
31226,12:25:47,114.035202,22.597601,1,59
31226,12:28:17,114.044601,22.5949,1,24
31226,12:28:47,114.047096,22.591801,1,42
31226,12:29:18,114.050301,22.5895,1,53
31226,12:29:48,114.053101,22.5856,1,68
31226,12:30:18,114.055099,22.5805,1,74
31226,12:31:18,114.065598,22.576401,1,66
31226,12:32:18,114.066101,22.569901,1,40
31226,12:33:18,114.067398,22.567801,1,7
31226,12:33:48,114.068802,22.569,1,31
31226,12:34:18,114.071701,22.569401,1,42
31226,12:34:48,114.074997,22.5714,1,66
31226,12:35:19,114.080498,22.572399,1,62
31226,12:36:19,114.086197,22.567301,1,55
31226,12:39:19,114.091103,22.5611,1,24
31226,12:39:36,114.0914,22.5604,1,20
31226,12:40:06,114.0924,22.559799,1,7
31226,12:41:06,114.093697,22.5585,1,40
31226,12:42:06,114.094101,22.558399,1,18
31226,12:42:36,114.094597,22.557199,1,7
31226,12:43:36,114.094704,22.5555,1,22
31226,12:44:37,114.0961,22.5539,1,9
31226,12:44:38,114.0961,22.5539,1,14
31226,12:45:07,114.096298,22.553301,1,20
31226,12:48:16,114.096199,22.551901,0,33
31226,12:48:46,114.093399,22.5518,0,42
31226,12:52:57,114.091202,22.544201,0,11
31226,12:53:57,114.091103,22.540899,0,33
31226,12:54:27,114.091103,22.539499,0,20
31226,12:54:57,114.090103,22.538099,0,46
31226,12:55:27,114.0858,22.5375,0,59
31226,12:55:57,114.080803,22.537001,0,61
31226,12:57:57,114.067398,22.5319,0,57
31226,12:58:27,114.062698,22.532101,0,61
31226,13:00:57,114.058098,22.534401,0,50
31226,13:01:27,114.058701,22.529699,0,66
31226,13:02:58,114.0569,22.527599,0,18
31226,13:03:28,114.056602,22.5275,0,11
31226,13:03:58,114.055199,22.5278,0,11
31226,18:08:30,114.052597,22.5282,0,12
31226,18:09:00,114.052803,22.5284,0,25
31226,18:10:00,114.0541,22.5305,0,11
31226,18:11:01,114.055702,22.5299,0,11
31226,19:23:02,114.055,22.528299,0,16
31226,19:24:02,114.056702,22.5273,0,14
31226,19:28:02,114.058899,22.529301,0,44
31226,19:29:03,114.0634,22.531401,0,12
31226,19:29:33,114.065804,22.531401,0,37
31226,19:30:03,114.068001,22.5292,0,38
31226,19:30:33,114.066597,22.526199,0,38
31226,19:33:33,114.067703,22.523899,0,22
31226,19:34:03,114.068199,22.5238,0,7
31226,19:35:15,114.067101,22.525101,1,31
31226,19:35:45,114.0681,22.528601,1,62
31226,19:36:15,114.068398,22.532301,1,40
31226,19:37:15,114.067596,22.5329,1,33
31226,19:37:45,114.0681,22.5299,1,51
31226,19:38:15,114.067299,22.5287,1,18
31226,19:38:45,114.066597,22.5271,1,16
31226,19:39:45,114.0653,22.5243,1,25
31226,19:40:45,114.064796,22.5235,1,18
31226,19:42:15,114.064003,22.5224,1,18
31226,19:44:16,114.062401,22.5205,1,7
31226,19:46:16,114.061699,22.5205,1,11
31226,19:46:46,114.061401,22.520901,1,7
31226,19:47:16,114.061897,22.519899,1,11
31226,19:49:33,114.061401,22.5194,0,7
31226,19:50:37,114.0597,22.518101,1,35
31226,19:51:37,114.054604,22.5152,1,29
31226,19:52:37,114.048401,22.5142,1,61
31226,19:53:37,114.0448,22.5142,1,14
31226,19:54:07,114.041603,22.5147,1,55
31226,19:55:38,114.036797,22.5166,1,27
31226,19:58:00,114.0364,22.5194,0,12
31226,19:59:30,114.0392,22.5168,0,20
31226,20:01:00,114.047203,22.5187,0,61
31226,20:02:01,114.050301,22.515699,0,5
31226,20:05:31,114.050499,22.5147,0,18
31226,20:06:31,114.051003,22.5179,0,16
31226,20:07:01,114.054398,22.5184,0,59
31226,20:07:32,114.058601,22.5198,0,44
31226,20:12:32,114.058601,22.530899,0,42
31226,20:13:33,114.065002,22.5315,0,42
31226,20:14:03,114.068001,22.5296,0,44
31226,20:14:33,114.066597,22.5263,0,46
31226,20:15:03,114.064903,22.5233,0,22
31226,20:15:33,114.064796,22.5231,0,14
31226,20:17:03,114.064697,22.5219,0,38
31226,20:18:03,114.067497,22.523899,0,27
31226,20:18:33,114.068001,22.523899,0,12
31226,20:19:34,114.067001,22.5252,1,33
31226,20:20:34,114.068298,22.532301,1,38
31226,20:22:34,114.059601,22.531799,1,35
31226,20:24:04,114.045799,22.531401,1,72
31226,20:24:34,114.040001,22.531,1,72
31226,20:25:35,114.030602,22.5305,1,37
31226,20:26:35,114.029297,22.532,1,20
31226,20:28:11,114.028198,22.5368,0,37
31226,20:28:41,114.027603,22.537399,0,35
31226,20:29:41,114.026901,22.5357,0,9
31226,20:43:43,114.025398,22.5357,0,18
31226,20:46:29,114.023598,22.5368,1,5
31226,20:47:30,114.022202,22.535801,1,16
31226,20:49:30,114.019897,22.533001,1,12
31226,20:50:00,114.018402,22.532101,1,31
31226,20:50:30,114.0149,22.531,1,62
31226,20:51:00,114.009499,22.5299,1,68
31226,20:51:30,114.005096,22.5299,1,61
31226,20:52:30,113.9944,22.5277,1,64
31226,20:53:00,113.989799,22.5249,1,72
31226,20:53:31,113.984299,22.5235,1,70
31226,20:54:01,113.9785,22.523001,1,68
31226,20:54:31,113.9729,22.5229,1,68
31226,20:55:01,113.967102,22.5229,1,68
31226,20:57:31,113.937202,22.524599,1,74
31226,20:58:31,113.927597,22.5254,1,27
31226,21:00:02,113.925201,22.531799,1,46
31226,21:01:32,113.927101,22.540899,1,42
31226,21:02:02,113.926903,22.5441,1,33
31226,21:04:02,113.919098,22.5438,1,14
31226,21:05:02,113.918503,22.5504,1,51
31226,21:05:33,113.918503,22.552999,1,7
31226,21:06:49,113.918503,22.5536,1,18
31226,21:07:19,113.919601,22.5553,1,44
31226,21:08:49,113.934799,22.5553,1,68
31226,21:09:49,113.946404,22.555401,1,72
31226,21:10:49,113.958603,22.556499,1,70
31226,21:11:20,113.964203,22.5571,1,70
31226,21:11:50,113.969597,22.5574,1,64
31226,21:13:20,113.985497,22.558701,1,74
31226,21:14:20,113.995201,22.556299,1,55
31226,21:14:50,113.999802,22.5557,1,57
31226,21:15:20,114.004402,22.556101,1,55
31226,21:16:20,114.0149,22.559999,1,74
31226,21:16:50,114.021004,22.560101,1,72
31226,21:17:21,114.026199,22.561001,1,72
31226,21:19:21,114.045601,22.5648,1,59
31226,21:20:53,114.056999,22.565701,1,62
31226,21:21:22,114.064796,22.5686,1,25
31226,21:21:52,114.066399,22.5688,1,25
31226,21:22:25,114.067398,22.568899,1,20
31226,21:23:22,114.070396,22.569401,1,16
31226,21:24:22,114.072098,22.5697,1,5
31226,21:25:22,114.074699,22.571199,1,14
31226,21:25:52,114.075897,22.571899,1,18
31226,21:27:23,114.078598,22.5725,1,11
31226,21:27:53,114.079803,22.5725,1,11
31226,21:28:23,114.081001,22.572201,1,20
31226,21:28:53,114.081902,22.572001,1,11
31226,21:29:23,114.082603,22.5718,1,11
31226,21:29:53,114.084,22.5709,1,22
31226,21:30:23,114.085098,22.5697,1,7
31226,21:30:53,114.085503,22.568899,1,5
31226,21:31:23,114.085899,22.5681,1,12
31226,21:34:24,114.102097,22.5718,1,62
31226,21:34:54,114.105904,22.5741,1,46
31226,21:36:24,114.118301,22.576599,1,68
31226,21:36:54,114.124298,22.576799,1,72
31226,21:37:24,114.130402,22.5777,1,72
31226,21:37:54,114.136398,22.5758,1,79
31226,21:38:24,114.137802,22.570601,1,85
31226,21:38:54,114.138496,22.5648,1,83
31226,21:39:25,114.140602,22.560699,1,44
31226,21:39:55,114.139702,22.557301,1,40
31226,21:40:25,114.139297,22.555401,1,37
31226,21:41:25,114.143402,22.5555,1,40
31226,21:41:55,114.147697,22.5557,1,62
31226,21:42:55,114.156898,22.5606,1,74
31226,21:43:55,114.1689,22.562799,1,74
31226,21:44:25,114.1745,22.562201,1,72
31226,21:44:55,114.178497,22.559401,1,53
31226,21:45:57,114.188004,22.555901,1,74
31226,21:48:57,114.217796,22.5571,1,27
31226,21:50:56,114.222504,22.5534,1,22
31226,21:51:27,114.223297,22.552601,1,16
31226,21:52:54,114.226898,22.554399,1,27
31226,21:55:47,114.229202,22.556,0,7
31226,21:57:47,114.227303,22.5518,0,24
31226,21:58:47,114.226196,22.5494,0,33
31226,22:10:50,114.227997,22.549,0,33
31226,22:11:20,114.229202,22.5497,0,24
31226,22:15:21,114.230003,22.5543,0,14
31226,22:15:59,114.229797,22.555599,1,20
31226,22:18:29,114.221603,22.557199,1,74
31226,22:23:08,114.192497,22.556601,1,61
31226,22:23:50,114.187302,22.556101,1,68
31226,22:24:01,114.182404,22.5567,1,53
31226,22:25:01,114.1735,22.5627,1,75
31226,22:26:01,114.160896,22.5625,1,75
31226,22:26:31,114.155403,22.5595,1,79
31226,22:27:31,114.144699,22.5555,1,55
31226,22:28:01,114.140297,22.5569,1,55
31226,22:28:31,114.138603,22.554899,1,46
31226,22:29:01,114.137703,22.552,1,42
31226,22:29:31,114.133904,22.549299,1,59
31226,22:31:31,114.125801,22.548,1,27
31226,22:32:01,114.123001,22.547501,1,46
31226,22:32:31,114.118599,22.5467,1,46
31226,22:33:01,114.115799,22.546301,1,37
31226,22:34:02,114.112297,22.545401,1,44
31226,22:35:02,114.108498,22.5469,1,5
31226,22:35:32,114.109596,22.5471,1,22
31226,22:36:02,114.1101,22.5434,1,44
31226,22:38:02,114.110603,22.5389,1,37
31226,22:38:32,114.111298,22.5347,1,55
31226,22:39:02,114.112999,22.531601,1,51
31226,22:40:19,114.114502,22.531799,0,22
31226,22:40:22,114.1147,22.532,0,29
31226,22:40:52,114.115196,22.534599,0,35
31226,22:41:22,114.1175,22.5366,0,5
31226,22:41:51,114.119301,22.5378,0,44
31226,22:43:57,114.118896,22.5403,1,3
31226,22:44:57,114.116302,22.5413,1,5
31226,22:50:58,114.115799,22.5434,1,25
31226,22:51:28,114.115097,22.5457,1,29
31226,22:51:59,114.115601,22.5462,1,1
31226,22:53:59,114.117302,22.546801,1,24
31226,22:54:29,114.116699,22.548401,1,3
31226,22:54:59,114.116501,22.5497,1,7
31226,22:56:29,114.117699,22.552401,1,40
31226,22:56:59,114.1194,22.555,1,29
31226,22:57:29,114.1203,22.556101,1,27
31226,22:58:00,114.121101,22.558001,1,40
31226,22:58:30,114.119499,22.561001,1,48
31226,23:00:01,114.1185,22.5709,1,31
31226,23:01:58,114.121498,22.5714,1,22
31226,23:02:28,114.124397,22.5723,1,16
31226,23:02:58,114.1241,22.5741,1,25
31226,23:04:57,114.124496,22.5793,0,33
31226,23:05:27,114.125702,22.5784,0,16
31226,23:06:44,114.123001,22.5777,1,38
31226,23:07:14,114.122902,22.577801,1,40
31226,23:09:14,114.123901,22.574499,1,46
31226,23:09:45,114.124496,22.5769,1,50
31226,23:13:15,114.135201,22.5762,1,14
31226,23:13:45,114.136902,22.5755,1,33
31226,23:14:45,114.137901,22.575199,1,24
31226,23:15:15,114.1381,22.573299,1,57
31226,23:15:46,114.137802,22.5697,1,55
31226,23:18:16,114.137901,22.565201,1,55
31226,23:19:16,114.139801,22.563101,1,57
31226,23:19:46,114.139801,22.558001,1,68
31226,23:20:16,114.138298,22.5557,1,37
31226,23:20:46,114.143898,22.5555,1,72
31226,23:21:48,114.154701,22.558901,1,79
31226,23:22:48,114.165901,22.5627,1,74
31226,23:23:18,114.171997,22.562799,1,75
31226,23:23:48,114.176903,22.560499,1,59
31226,23:31:50,114.231102,22.557301,1,66
31226,23:32:50,114.239998,22.564699,1,46
31226,23:35:35,114.232697,22.561001,0,14
31226,23:36:24,114.234299,22.5592,1,25
31226,23:37:24,114.240501,22.5641,1,12
31226,23:38:25,114.237396,22.5625,0,44
31226,23:38:55,114.234497,22.559601,0,20
31226,23:39:25,114.231697,22.5578,0,46
31226,23:42:31,114.230003,22.553101,1,40
31226,23:44:02,114.230301,22.556801,1,53
31226,23:47:02,114.247398,22.570801,1,38
31226,23:47:32,114.249001,22.573,1,55
31226,23:49:02,114.2491,22.582701,1,5
31226,23:49:32,114.2463,22.5837,1,68
