23306,00:05:48,113.92836,22.544849,0,0
23306,00:11:32,113.92836,22.544849,0,0
23306,00:17:16,113.92836,22.544849,0,0
23306,00:23:01,113.92836,22.544849,0,0
23306,00:28:45,113.92836,22.544849,0,0
23306,00:34:30,113.92836,22.544849,0,0
23306,00:40:17,113.92836,22.544849,0,0
23306,00:46:02,113.92836,22.544849,0,0
23306,00:51:46,113.92836,22.544849,0,0
23306,00:57:30,113.92836,22.544849,0,0
23306,00:59:03,113.856987,22.5791,1,0
23306,01:03:14,113.856987,22.5791,1,0
23306,01:08:57,113.856987,22.5791,1,0
23306,01:14:42,113.856987,22.5791,1,0
23306,01:20:28,113.856987,22.5791,1,0
23306,01:26:12,113.856987,22.5791,1,0
23306,01:31:57,113.856987,22.5791,1,0
23306,01:37:41,113.856987,22.5791,1,0
23306,01:43:26,113.856987,22.5791,1,0
23306,01:49:10,113.856987,22.5791,1,0
23306,01:54:56,113.856987,22.5791,1,0
23306,02:00:40,113.856987,22.5791,1,0
23306,02:06:24,113.856987,22.5791,1,0
23306,02:12:08,113.856987,22.5791,1,0
23306,02:17:52,113.856987,22.5791,1,0
23306,02:18:13,114.013489,22.543583,1,0
23306,02:23:41,114.013489,22.543583,1,0
23306,02:29:25,114.013489,22.543583,1,0
23306,02:35:10,114.013489,22.543583,1,0
23306,02:40:54,114.013489,22.543583,1,0
23306,02:46:38,114.013489,22.543583,1,0
23306,02:52:22,114.013489,22.543583,1,0
23306,02:52:32,114.034439,22.522104,0,6
23306,02:58:06,114.034439,22.522104,0,0
23306,03:03:50,114.034439,22.522104,0,0
23306,03:07:43,114.075005,22.537283,1,11
23306,03:09:34,114.075005,22.537283,1,0
23306,03:15:17,114.075005,22.537283,1,0
23306,03:17:19,114.089432,22.541428,0,6
23306,03:21:01,114.089432,22.541428,0,0
23306,03:25:10,114.10099,22.54113,1,20
23306,03:26:44,114.10099,22.54113,1,0
23306,03:32:28,114.10099,22.54113,1,0
23306,03:36:20,114.089516,22.539303,0,12
23306,03:38:12,114.089516,22.539303,0,0
23306,03:43:56,114.089516,22.539303,0,0
23306,03:44:32,114.121552,22.543787,1,13
23306,03:49:41,114.121552,22.543787,1,0
23306,03:55:25,114.121552,22.543787,1,0
23306,04:01:09,114.121552,22.543787,1,0
23306,04:06:53,114.121552,22.543787,1,0
23306,04:12:37,114.121552,22.543787,1,0
23306,04:18:25,114.121552,22.543787,1,0
23306,04:24:08,114.121552,22.543787,1,0
23306,04:29:51,114.121552,22.543787,1,0
23306,04:35:35,114.121552,22.543787,1,0
23306,04:41:19,114.121552,22.543787,1,0
23306,04:47:02,114.121552,22.543787,1,0
23306,04:52:46,114.121552,22.543787,1,0
23306,04:58:30,114.121552,22.543787,1,0
23306,05:04:14,114.121552,22.543787,1,0
23306,05:09:58,114.121552,22.543787,1,0
23306,05:15:42,114.121552,22.543787,1,0
23306,05:21:26,114.121552,22.543787,1,0
23306,05:27:09,114.121552,22.543787,1,0
23306,05:32:53,114.121552,22.543787,1,0
23306,05:38:36,114.121552,22.543787,1,0
23306,08:31:04,114.051529,22.526901,0,16
23306,08:36:24,114.051529,22.526901,0,0
23306,08:37:18,114.063179,22.533865,1,0
23306,08:40:36,114.067184,22.538872,0,17
23306,08:42:08,114.067184,22.538872,0,0
23306,08:47:56,114.067184,22.538872,0,0
23306,08:50:10,114.045547,22.539249,1,0
23306,08:53:39,114.045547,22.539249,1,0
23306,08:59:23,114.045547,22.539249,1,0
23306,09:03:42,114.059181,22.527767,0,22
23306,09:05:07,114.059181,22.527767,0,0
23306,09:10:51,114.059181,22.527767,0,0
23306,09:16:37,114.059181,22.527767,0,0
23306,09:21:32,114.107414,22.546879,1,2
23306,09:21:40,114.107246,22.546865,0,16
23306,09:22:22,114.107246,22.546865,0,0
23306,09:28:08,114.107246,22.546865,0,0
23306,09:33:54,114.107246,22.546865,0,0
23306,09:37:15,114.107246,22.546865,0,0
23306,09:39:40,114.107246,22.546865,0,0
23306,09:45:25,114.107246,22.546865,0,0
23306,09:47:57,114.107246,22.546865,0,0
23306,09:50:40,114.062866,22.529423,1,6
23306,09:51:11,114.062866,22.529423,1,0
23306,09:53:38,114.059624,22.526756,0,8
23306,09:56:56,114.059624,22.526756,0,0
23306,09:58:53,114.059624,22.526756,0,0
23306,10:02:42,114.059624,22.526756,0,0
23306,10:05:17,114.111076,22.532892,1,0
23306,10:06:02,114.111176,22.532799,0,11
23306,10:08:29,114.111176,22.532799,0,0
23306,10:09:37,114.111176,22.532799,0,0
23306,10:14:16,114.111176,22.532799,0,0
23306,10:20:02,114.111176,22.532799,0,0
23306,10:20:16,114.128128,22.550198,1,0
23306,10:20:47,114.128212,22.5502,0,8
23306,10:25:46,114.128212,22.5502,0,0
23306,10:28:23,114.138222,22.553167,1,30
23306,10:28:58,114.137978,22.552605,0,13
23306,10:31:04,114.137978,22.552605,0,0
23306,10:31:31,114.137978,22.552605,0,0
23306,10:37:17,114.137978,22.552605,0,0
23306,10:41:47,114.137978,22.552605,0,0
23306,10:43:03,114.137978,22.552605,0,0
23306,10:44:03,114.06115,22.542088,1,0
23306,10:48:49,114.06115,22.542088,1,0
23306,10:52:31,114.06115,22.542088,1,0
23306,10:54:36,114.06115,22.542088,1,0
23306,11:00:22,114.06115,22.542088,1,0
23306,11:03:14,114.06115,22.542088,1,0
23306,11:06:10,114.06115,22.542088,1,0
23306,11:11:55,114.06115,22.542088,1,0
23306,11:13:57,114.06115,22.542088,1,0
23306,11:17:39,114.06115,22.542088,1,0
23306,11:23:23,114.06115,22.542088,1,0
23306,11:24:40,114.06115,22.542088,1,0
23306,11:29:06,114.06115,22.542088,1,0
23306,11:34:50,114.06115,22.542088,1,0
23306,11:35:23,114.06115,22.542088,1,0
23306,11:40:35,114.06115,22.542088,1,0
23306,11:46:08,114.06115,22.542088,1,0
23306,11:46:20,114.06115,22.542088,1,0
23306,11:52:04,114.06115,22.542088,1,0
23306,11:56:52,114.06115,22.542088,1,0
23306,11:57:48,114.06115,22.542088,1,0
23306,12:03:31,114.06115,22.542088,1,0
23306,12:07:35,114.06115,22.542088,1,0
23306,12:09:15,114.06115,22.542088,1,0
23306,12:15:01,114.06115,22.542088,1,0
23306,12:18:18,114.06115,22.542088,1,0
23306,12:20:46,114.06115,22.542088,1,0
23306,12:26:32,114.06115,22.542088,1,0
23306,12:29:02,114.06115,22.542088,1,0
23306,12:32:17,114.06115,22.542088,1,0
23306,12:38:03,114.06115,22.542088,1,0
23306,12:39:45,114.06115,22.542088,1,0
23306,12:43:52,114.06115,22.542088,1,0
23306,12:49:38,114.06115,22.542088,1,0
23306,12:50:29,114.06115,22.542088,1,0
23306,16:51:04,114.045364,22.525841,0,0
23306,16:56:49,114.045364,22.525841,0,0
23306,17:02:34,114.037437,22.552465,1,0
23306,17:08:20,114.039803,22.546835,0,0
23306,17:14:07,114.034561,22.541647,1,0
23306,17:19:52,114.016632,22.538721,0,0
23306,17:25:38,114.016632,22.538721,0,0
23306,17:31:22,114.016632,22.538721,0,0
23306,17:37:06,114.063019,22.517775,0,0
23306,17:42:51,114.063019,22.517775,0,0
23306,17:48:37,114.064224,22.532003,0,0
23306,17:54:22,114.064224,22.532003,0,0
23306,18:00:09,114.064224,22.532003,0,0
23306,18:05:55,114.064224,22.532003,0,0
23306,18:11:41,114.059074,22.51812,1,0
23306,18:23:12,114.057541,22.514532,0,0
23306,18:28:58,114.057541,22.514532,0,0
23306,18:34:43,114.052383,22.538134,0,0
23306,18:40:30,114.052383,22.538134,0,0
23306,18:46:16,114.052383,22.538134,0,0
23306,18:52:02,114.05706,22.527752,1,0
23306,18:57:45,114.05706,22.527752,1,0
23306,19:03:32,114.056847,22.537647,0,0
23306,19:09:16,114.056847,22.537647,0,0
23306,19:15:02,114.056847,22.537647,0,0
23306,19:20:46,114.0336,22.570047,1,0
23306,19:26:29,114.043861,22.556124,0,0
23306,19:32:13,114.043861,22.556124,0,0
23306,19:37:57,114.052391,22.528503,0,0
23306,19:43:43,114.059433,22.526539,1,0
23306,19:49:28,114.051682,22.525913,0,0
23306,19:55:11,114.051682,22.525913,0,0
23306,20:00:55,114.09053,22.543465,1,0
23306,20:06:39,114.085083,22.543276,0,0
23306,20:12:22,114.085083,22.543276,0,0
23306,20:18:06,114.085083,22.543276,0,0
23306,20:23:51,114.093964,22.572363,1,0
23306,20:29:36,114.084068,22.562473,0,0
23306,20:35:20,114.084068,22.562473,0,0
23306,20:41:06,114.084068,22.562473,0,0
23306,20:46:51,114.084068,22.562473,0,0
23306,20:52:40,114.022758,22.554785,0,0
