28966,00:00:31,114.031998,22.6346,1,3
28966,00:01:01,114.032204,22.631901,1,48
28966,00:02:02,114.032501,22.630501,1,11
28966,00:02:32,114.032997,22.629101,1,38
28966,00:03:02,114.033997,22.626101,1,38
28966,00:04:03,114.034897,22.6234,1,42
28966,00:06:52,114.033997,22.6262,1,44
28966,00:07:22,114.033096,22.628799,1,42
28966,00:07:52,114.032204,22.6304,1,24
28966,00:10:24,114.025597,22.636299,1,50
28966,00:11:54,114.024399,22.6366,1,29
28966,00:12:25,114.021301,22.6374,1,1
28966,00:13:25,114.021301,22.6387,1,38
28966,00:16:06,114.0214,22.6392,0,14
28966,00:22:53,114.021004,22.637699,1,22
28966,00:23:24,114.023399,22.6364,1,46
28966,00:23:54,114.024902,22.633301,1,55
28966,00:24:54,114.025398,22.6308,1,20
28966,00:26:55,114.028801,22.6236,1,46
28966,00:27:25,114.031197,22.623199,1,24
28966,00:27:55,114.031799,22.622101,1,12
28966,00:29:20,114.031502,22.6217,0,20
28966,00:29:50,114.031403,22.6227,0,18
28966,00:30:20,114.030602,22.624201,0,22
28966,00:30:50,114.027901,22.623699,0,29
28966,00:31:43,114.026497,22.6278,1,51
28966,00:32:13,114.025703,22.630699,1,27
28966,00:32:43,114.024902,22.634399,1,59
28966,00:33:44,114.024696,22.6359,1,14
28966,00:34:14,114.025497,22.639099,1,51
28966,00:34:44,114.026604,22.642099,1,59
28966,00:35:45,114.027496,22.6451,1,27
28966,00:36:15,114.024101,22.6464,1,27
28966,00:36:45,114.023102,22.6497,1,55
28966,00:37:15,114.020699,22.653099,1,46
28966,00:39:16,114.018402,22.6558,1,31
28966,00:39:47,114.016701,22.657801,1,7
28966,00:41:10,114.0158,22.6586,0,29
28966,00:41:40,114.016899,22.6574,0,37
28966,00:42:10,114.018501,22.6555,0,9
28966,00:43:40,114.019302,22.6546,0,31
28966,00:44:58,114.021797,22.652901,1,29
28966,00:45:28,114.024101,22.654699,1,40
28966,00:45:58,114.024902,22.655399,1,18
28966,00:46:28,114.022903,22.657801,1,33
28966,00:48:29,114.020897,22.660101,1,50
28966,00:49:30,114.018097,22.663799,1,50
28966,00:50:00,114.015999,22.666901,1,46
28966,00:51:00,114.013901,22.670099,1,55
28966,00:52:00,114.007797,22.6763,1,35
28966,00:52:31,114.005699,22.676701,1,29
28966,00:53:01,114.003304,22.675301,1,42
28966,00:54:01,114.000099,22.6751,1,44
28966,00:54:33,113.997498,22.675699,1,40
28966,00:55:03,113.996002,22.678301,1,37
28966,00:55:33,113.995499,22.679701,1,20
28966,00:56:55,113.997398,22.6812,0,18
28966,00:57:56,113.9972,22.681101,0,40
28966,00:58:26,113.995102,22.6796,0,16
28966,00:58:56,113.992599,22.678101,0,20
28966,00:59:56,113.992302,22.677,0,38
28966,01:01:28,113.993401,22.674101,0,7
28966,01:01:58,113.994797,22.671499,0,50
28966,01:03:53,113.999802,22.6654,1,38
28966,01:04:23,113.9991,22.6626,1,29
28966,01:04:54,113.998199,22.6616,1,40
28966,01:05:24,114.0009,22.6579,1,68
28966,01:05:54,114.003799,22.6539,1,59
28966,01:06:24,114.007004,22.6495,1,77
28966,01:06:55,114.009804,22.6455,1,57
28966,01:07:55,114.016098,22.6387,1,3
28966,01:08:55,114.017197,22.638201,1,48
28966,01:09:25,114.021698,22.6369,1,61
28966,01:09:55,114.024498,22.6353,1,44
28966,01:10:25,114.025299,22.6311,1,27
28966,01:10:56,114.025703,22.6297,1,48
28966,01:11:56,114.028702,22.6201,1,64
28966,01:12:26,114.031303,22.6161,1,61
28966,01:13:58,114.032204,22.615101,1,9
28966,01:14:59,114.033997,22.615801,1,22
28966,01:15:49,114.0373,22.6168,0,35
28966,01:16:49,114.038902,22.6138,0,29
28966,01:17:19,114.040001,22.611799,0,35
28966,01:17:50,114.040604,22.6092,0,37
28966,01:18:20,114.039001,22.6077,0,7
28966,01:19:50,114.037697,22.606501,0,44
28966,01:25:21,114.017303,22.620001,1,25
28966,01:25:51,114.014999,22.623301,1,66
28966,01:26:21,114.013397,22.625601,1,22
28966,01:26:53,114.011703,22.628201,1,9
28966,01:27:53,114.011497,22.628599,1,33
28966,01:28:54,114.009003,22.632099,1,53
28966,01:29:24,114.006599,22.636101,1,44
28966,01:30:24,114.006302,22.6367,1,20
28966,01:30:55,114.004303,22.6402,1,64
28966,01:31:55,114.005699,22.6464,1,48
28966,01:36:28,114.023903,22.659,1,37
28966,01:36:58,114.026001,22.6605,1,46
28966,01:37:58,114.028999,22.6628,1,53
28966,01:40:45,114.0298,22.6639,0,16
28966,01:41:15,114.027802,22.662001,0,25
28966,01:41:45,114.028999,22.6604,0,42
28966,01:42:15,114.029999,22.658899,0,18
28966,01:42:45,114.028198,22.6577,0,27
28966,01:43:50,114.026001,22.6562,1,24
28966,01:44:51,114.022102,22.658899,1,44
28966,01:45:21,114.019798,22.6616,1,42
28966,01:45:51,114.019402,22.662001,1,11
28966,01:46:53,114.021202,22.663601,1,9
28966,01:47:23,114.021896,22.6642,1,11
28966,01:48:24,114.0214,22.663799,1,14
28966,01:48:54,114.020302,22.663099,1,20
28966,01:49:55,114.0196,22.6626,1,20
28966,01:51:01,114.022598,22.658001,0,24
28966,01:51:33,114.024696,22.6556,0,37
28966,01:52:03,114.0233,22.6541,0,33
28966,01:52:33,114.021301,22.652599,0,14
28966,02:00:05,114.021202,22.652599,0,1
28966,02:01:05,114.023399,22.6481,0,37
28966,02:01:35,114.0233,22.6453,0,38
28966,02:02:05,114.0224,22.6422,0,35
28966,02:03:05,114.021599,22.6397,0,11
28966,02:03:35,114.021004,22.6378,0,38
28966,02:04:06,114.019798,22.634701,0,42
28966,02:05:06,114.019203,22.6336,0,12
28966,02:05:36,114.021202,22.631599,0,50
28966,02:06:08,114.023399,22.627701,0,48
28966,02:07:31,114.024101,22.6238,1,20
28966,02:08:01,114.027603,22.623301,1,24
28966,02:08:33,114.029099,22.6194,1,59
28966,02:09:03,114.0317,22.6157,1,53
28966,02:09:33,114.034203,22.615801,1,38
28966,02:10:04,114.0354,22.6166,1,22
28966,02:11:04,114.037697,22.617599,1,38
28966,02:11:34,114.040703,22.6189,1,25
28966,02:12:46,114.040802,22.615801,0,29
28966,02:13:16,114.039001,22.6145,0,20
28966,02:14:18,114.039101,22.613501,0,38
28966,02:14:48,114.040497,22.610701,0,24
28966,02:16:18,114.041298,22.608101,0,35
28966,02:16:48,114.0429,22.6057,0,38
28966,02:17:19,114.043297,22.603001,0,38
28966,02:17:49,114.043098,22.601299,0,3
28966,02:18:19,114.043098,22.6012,0,1
28966,02:28:51,114.043098,22.601299,0,5
28966,02:29:51,114.044296,22.599501,0,27
28966,02:30:22,114.044502,22.5993,0,35
28966,02:30:52,114.043602,22.6021,0,38
28966,02:31:52,114.042198,22.603201,0,35
28966,02:32:21,114.039703,22.606199,0,53
28966,02:32:51,114.037903,22.6084,0,25
28966,02:33:52,114.0345,22.612499,0,44
28966,02:34:22,114.032402,22.615101,0,31
28966,02:34:52,114.031303,22.6164,0,31
28966,02:35:53,114.027901,22.622999,0,27
28966,02:36:21,114.026497,22.623699,0,38
28966,02:37:53,114.019302,22.622999,0,46
28966,02:38:23,114.016602,22.626801,0,66
28966,02:38:53,114.014198,22.630301,0,46
28966,02:39:53,114.011902,22.633699,0,25
28966,02:40:24,114.011101,22.634501,0,1
28966,02:40:54,114.011398,22.634199,0,3
28966,02:41:54,114.0112,22.634399,0,3
28966,06:27:33,114.011902,22.6336,0,20
28966,06:28:03,114.012802,22.6322,0,22
28966,06:28:33,114.013901,22.6306,0,24
28966,06:35:05,114.016502,22.6397,0,35
28966,06:36:35,114.016403,22.6387,0,29
28966,06:37:05,114.015297,22.6359,0,29
28966,06:37:35,114.012901,22.6371,0,29
28966,06:38:05,114.011299,22.6392,0,48
28966,06:38:35,114.009003,22.6385,0,24
28966,06:39:35,114.008797,22.638201,0,25
28966,06:40:06,114.011398,22.6388,0,42
28966,06:45:10,114.011398,22.6388,0,0
28966,06:45:38,114.016098,22.6485,0,27
28966,06:46:08,114.018097,22.650101,0,31
28966,06:47:09,114.016602,22.653299,0,16
28966,06:48:09,114.016296,22.6539,0,29
28966,06:48:39,114.015099,22.655399,0,31
28966,06:49:09,114.014801,22.6569,0,27
28966,06:49:39,114.016602,22.658001,0,18
28966,06:50:09,114.017197,22.659,0,22
28966,06:50:40,114.016197,22.660601,0,20
28966,06:51:10,114.017303,22.661301,0,18
28966,06:51:40,114.0196,22.6625,0,24
28966,06:52:10,114.021004,22.663601,0,22
28966,06:52:40,114.022499,22.6646,0,24
28966,06:53:10,114.023804,22.665701,0,11
28966,06:53:41,114.025803,22.667101,0,35
28966,06:55:12,114.027298,22.6681,0,12
28966,06:55:42,114.025597,22.6705,0,46
28966,06:56:12,114.024498,22.6719,0,40
28966,06:56:42,114.023804,22.6731,0,22
28966,06:57:13,114.0243,22.6712,0,35
28966,06:57:43,114.021698,22.669201,0,18
28966,06:58:43,114.021301,22.669001,0,14
28966,07:00:13,114.021103,22.668699,0,18
28966,07:00:43,114.022598,22.667101,0,25
28966,07:01:13,114.023598,22.6654,0,29
28966,07:01:43,114.021896,22.664301,0,24
28966,07:02:13,114.0205,22.6632,0,14
28966,07:02:42,114.019203,22.6621,0,22
28966,07:03:12,114.020798,22.6602,0,22
28966,07:03:43,114.022301,22.658199,0,16
28966,07:04:13,114.020401,22.6567,0,35
28966,07:04:43,114.018303,22.6558,0,27
28966,07:05:12,114.016899,22.657499,0,22
28966,07:06:13,114.017197,22.658501,0,14
28966,07:06:43,114.016998,22.659401,0,5
28966,07:07:13,114.016098,22.6607,0,14
28966,07:07:43,114.017998,22.6616,0,31
28966,07:08:14,114.018799,22.6621,0,1
28966,07:09:14,114.020103,22.662901,0,14
28966,07:10:30,114.019302,22.662399,1,24
28966,07:11:00,114.020599,22.6604,1,27
28966,07:11:31,114.022301,22.658199,1,16
28966,07:12:01,114.019798,22.6562,1,44
28966,07:12:31,114.018799,22.6551,1,14
28966,07:13:02,114.019699,22.6542,1,12
28966,07:14:02,114.021202,22.6523,1,48
28966,07:14:32,114.021202,22.6502,1,25
28966,07:15:03,114.019402,22.6486,1,27
28966,07:15:33,114.018402,22.646099,1,35
28966,07:16:03,114.017601,22.644199,1,24
28966,07:16:33,114.0168,22.642099,1,31
28966,07:18:35,114.016701,22.640699,1,1
28966,07:19:05,114.016701,22.640499,1,5
28966,07:21:32,114.016502,22.6392,0,3
28966,07:22:02,114.016197,22.638,0,18
28966,07:22:33,114.015701,22.6364,0,1
28966,07:23:03,114.016296,22.638,0,18
28966,07:24:33,114.016403,22.638399,0,12
28966,07:25:03,114.016502,22.639099,0,1
28966,07:25:38,114.0159,22.639099,1,40
28966,07:26:09,114.012299,22.642401,1,68
28966,07:26:39,114.009201,22.646601,1,61
28966,07:27:09,114.0084,22.647699,1,1
28966,07:30:38,114.0065,22.6472,0,22
28966,07:31:52,114.005699,22.6516,1,77
28966,07:32:22,114.002502,22.655899,1,66
28966,07:32:52,113.999702,22.66,1,74
28966,07:33:53,113.999298,22.662201,1,18
28966,07:34:23,113.999603,22.6635,1,29
28966,07:34:53,113.999802,22.6656,1,35
28966,07:36:08,114.000397,22.6667,0,25
28966,07:36:38,114.002098,22.663601,0,51
28966,07:37:09,114.002197,22.661301,0,27
28966,07:37:39,113.999496,22.6621,0,42
28966,07:38:09,113.998596,22.662201,0,18
28966,07:38:39,114.000504,22.661699,0,27
28966,07:41:58,114.006401,22.660999,1,44
28966,07:42:29,114.007896,22.660299,1,18
28966,07:42:59,114.008202,22.658899,1,22
28966,07:43:29,114.010803,22.657301,1,46
28966,07:44:30,114.012604,22.654301,1,42
28966,07:46:30,114.0149,22.649599,1,59
28966,07:48:00,114.0159,22.648399,1,20
28966,07:48:31,114.018402,22.6465,1,16
28966,07:49:01,114.021599,22.6462,1,44
28966,07:52:34,114.028198,22.644699,1,37
28966,07:53:04,114.0308,22.6437,1,48
28966,07:53:34,114.033897,22.6436,1,35
28966,07:54:05,114.035103,22.6458,1,5
28966,07:55:35,114.0355,22.6472,1,25
28966,07:56:05,114.0345,22.6453,1,12
28966,07:56:35,114.034401,22.645399,1,7
28966,07:57:05,114.033997,22.645599,1,7
28966,07:58:40,114.034103,22.6458,0,1
28966,07:59:10,114.034203,22.646799,0,25
28966,07:59:40,114.035004,22.6476,0,14
28966,08:00:10,114.033501,22.648199,0,24
28966,08:01:40,114.032097,22.6486,0,27
28966,08:02:11,114.029701,22.6504,0,35
28966,08:03:00,114.026802,22.6532,1,55
28966,08:03:30,114.025497,22.655701,1,27
28966,08:04:00,114.027,22.6569,1,37
28966,08:04:30,114.029198,22.6584,1,25
28966,08:06:00,114.0308,22.6595,1,37
28966,08:06:31,114.033997,22.661301,1,25
28966,08:07:01,114.036697,22.662701,1,48
28966,08:08:01,114.037804,22.6642,1,44
28966,08:08:33,114.037903,22.6689,1,66
28966,08:12:03,114.0354,22.671301,0,50
28966,08:12:33,114.033798,22.6719,0,24
28966,08:13:03,114.032402,22.669201,0,16
28966,08:13:33,114.030602,22.669701,0,29
28966,08:14:04,114.028801,22.669201,0,24
28966,08:14:34,114.028,22.6675,0,46
28966,08:15:04,114.030098,22.665001,0,33
28966,08:16:03,114.026398,22.663099,0,38
28966,08:16:33,114.024696,22.6651,0,7
28966,08:17:04,114.0242,22.6658,0,12
28966,08:18:04,114.0215,22.6639,0,29
28966,08:18:34,114.019897,22.6628,0,18
28966,08:19:04,114.019997,22.6612,0,42
28966,08:19:34,114.021202,22.6597,0,40
28966,08:20:04,114.022003,22.657801,0,33
28966,08:20:56,114.019096,22.6556,1,31
28966,08:21:58,114.019997,22.653799,1,7
28966,08:22:28,114.020599,22.653,1,27
28966,08:23:59,114.021004,22.652599,1,20
28966,08:24:29,114.022797,22.6502,1,48
28966,08:24:59,114.023598,22.6471,1,20
28966,08:26:00,114.0224,22.642401,1,24
28966,08:28:00,114.021896,22.6409,1,35
28966,08:29:45,114.021103,22.638,1,20
28966,08:31:45,114.0215,22.6369,1,42
28966,08:33:46,114.024002,22.636299,1,12
28966,08:34:18,114.025299,22.6387,1,53
28966,08:39:20,114.037102,22.6577,1,16
28966,08:40:50,114.037598,22.658701,1,42
28966,08:41:20,114.0382,22.663,1,44
28966,08:41:50,114.037804,22.664101,1,44
28966,08:42:21,114.037804,22.668699,1,61
28966,08:42:51,114.039299,22.672701,1,55
28966,08:43:21,114.041901,22.6745,1,48
28966,08:44:23,114.048401,22.670401,1,40
28966,08:44:53,114.051903,22.668501,1,61
28966,08:45:23,114.054199,22.6675,1,12
28966,08:45:54,114.055099,22.666599,1,22
28966,08:47:00,114.055702,22.665899,0,1
28966,08:47:30,114.056099,22.6653,0,12
28966,08:48:31,114.0569,22.6642,0,1
28966,08:49:01,114.0578,22.6633,0,14
28966,08:51:31,114.057297,22.6639,0,18
28966,08:52:01,114.0569,22.6642,0,1
28966,08:53:30,114.056198,22.6653,0,12
28966,08:55:31,114.054604,22.6672,0,27
28966,08:56:01,114.051598,22.668699,0,50
28966,08:56:31,114.048401,22.6705,0,29
28966,08:57:03,114.0466,22.6728,0,51
28966,08:57:33,114.0448,22.674801,0,11
28966,08:58:03,114.042198,22.6747,0,24
28966,09:00:34,114.039497,22.6737,0,50
28966,09:01:34,114.038498,22.670601,1,38
28966,09:02:04,114.039902,22.6742,1,12
28966,09:04:05,114.041496,22.6765,1,64
28966,09:05:35,114.043701,22.6796,1,20
28966,09:06:05,114.044197,22.683399,1,62
28966,09:07:36,114.044502,22.6887,1,53
28966,09:08:06,114.044601,22.692301,1,3
28966,09:08:36,114.044701,22.6933,1,38
28966,09:09:08,114.044502,22.696699,1,38
28966,09:12:09,114.041199,22.6996,1,33
28966,09:13:49,114.041801,22.6992,0,25
28966,09:14:19,114.040199,22.6961,0,48
28966,09:14:49,114.039101,22.694099,0,48
28966,09:17:20,114.035797,22.6945,0,16
28966,09:18:20,114.034798,22.687901,0,51
28966,09:18:50,114.033897,22.684099,0,44
28966,09:19:20,114.032799,22.6807,0,61
28966,09:19:50,114.031303,22.677999,0,33
28966,09:20:20,114.0299,22.675301,0,37
28966,09:20:50,114.027802,22.6749,0,33
28966,09:21:21,114.026001,22.674601,0,12
28966,09:22:21,114.0252,22.674999,0,14
28966,09:23:53,114.024399,22.6761,0,22
28966,09:24:23,114.025497,22.674601,0,9
28966,09:24:53,114.026398,22.6735,0,24
28966,09:25:23,114.027397,22.673201,0,22
28966,09:27:25,114.029701,22.670601,0,16
28966,09:27:55,114.029198,22.6695,0,27
28966,09:30:21,114.029198,22.666201,1,35
28966,09:33:23,114.0327,22.6691,1,33
28966,09:34:24,114.036797,22.6707,1,24
28966,09:37:50,114.034103,22.6719,0,25
28966,09:38:20,114.032501,22.6693,0,35
28966,09:38:50,114.030296,22.6698,0,29
28966,09:39:20,114.029404,22.669701,0,1
28966,09:40:21,114.032097,22.669001,0,5
28966,09:42:21,114.032898,22.6695,0,46
28966,09:42:51,114.035103,22.6714,0,53
28966,09:44:23,114.037102,22.6705,0,9
28966,09:46:24,114.038399,22.6702,0,24
28966,09:46:54,114.0401,22.672199,0,40
28966,09:47:24,114.041496,22.671,0,44
28966,09:47:54,114.043602,22.669701,0,5
28966,09:48:55,114.045197,22.6695,0,1
28966,09:49:25,114.043602,22.669701,0,29
28966,09:49:55,114.041702,22.6709,0,35
28966,09:50:25,114.041298,22.6712,0,14
28966,09:51:25,114.039597,22.6737,0,46
28966,09:53:25,114.039803,22.6745,0,14
28966,09:53:56,114.038597,22.6712,0,46
28966,09:54:26,114.037598,22.6684,0,40
28966,09:54:56,114.0373,22.665001,0,57
28966,09:56:28,114.038002,22.662701,0,42
28966,09:56:58,114.037399,22.6588,0,27
28966,09:57:28,114.038597,22.657301,0,38
28966,09:57:59,114.040199,22.6555,0,40
28966,09:58:29,114.038597,22.652399,0,3
28966,10:01:00,114.039902,22.6516,0,42
28966,10:01:30,114.042603,22.6506,0,33
28966,10:02:00,114.0448,22.6497,0,31
28966,10:02:30,114.046097,22.647301,0,31
28966,10:03:00,114.046097,22.644699,0,27
28966,10:04:00,114.046097,22.643801,0,11
28966,10:05:01,114.046097,22.6453,0,5
28966,10:05:31,114.045403,22.6439,0,35
28966,10:06:03,114.042099,22.6451,0,24
28966,10:06:40,114.040398,22.6457,1,3
28966,10:07:41,114.039597,22.645901,1,44
28966,10:08:11,114.0364,22.6472,1,24
28966,10:09:13,114.0355,22.647499,1,35
28966,10:09:43,114.032501,22.648399,1,27
28966,10:12:14,114.030899,22.647699,1,55
28966,10:14:15,114.028198,22.6455,1,18
28966,10:14:45,114.027199,22.643801,1,18
28966,10:15:15,114.025902,22.640699,1,24
28966,10:16:46,114.025101,22.638599,1,59
28966,10:17:16,114.024696,22.6348,1,42
28966,10:17:46,114.025299,22.631599,1,20
28966,10:18:48,114.025902,22.629299,1,46
28966,10:19:18,114.027,22.6255,1,35
28966,10:19:48,114.027496,22.623699,1,11
28966,10:22:20,114.0289,22.619699,1,61
28966,10:22:50,114.027802,22.617701,1,53
28966,10:24:20,114.027901,22.614401,1,5
28966,10:24:50,114.026703,22.613501,1,7
28966,10:30:21,114.027702,22.6112,1,31
28966,10:31:23,114.031303,22.613899,1,44
28966,10:32:53,114.032303,22.615101,1,25
28966,10:33:24,114.0298,22.618299,1,70
28966,10:33:54,114.028,22.622801,1,31
28966,10:35:25,114.027802,22.6236,1,37
28966,10:35:55,114.026497,22.627701,1,62
28966,10:36:25,114.025299,22.6322,1,51
28966,10:36:55,114.024803,22.6357,1,31
28966,10:37:25,114.027901,22.635201,1,57
28966,10:37:55,114.0317,22.6341,1,31
28966,10:39:00,114.032303,22.632099,0,16
28966,10:40:01,114.032204,22.630199,0,14
28966,10:42:03,114.032303,22.631201,0,12
28966,10:42:38,114.032402,22.6334,1,22
28966,10:45:10,114.032303,22.634001,1,29
28966,10:45:40,114.031799,22.636801,1,35
28966,10:46:10,114.0326,22.640499,1,38
28966,10:46:36,114.033699,22.642799,1,27
28966,10:47:10,114.035896,22.6423,1,18
28966,10:48:40,114.037804,22.641701,1,14
28966,10:54:16,114.036201,22.647301,1,14
28966,10:54:48,114.0326,22.648399,1,38
28966,10:56:49,114.031601,22.648899,1,38
28966,10:57:19,114.028603,22.651199,1,33
28966,10:58:19,114.025398,22.6549,1,48
28966,11:00:20,114.024101,22.6563,1,38
28966,11:01:20,114.022797,22.6579,1,14
28966,11:01:50,114.020699,22.6569,1,61
28966,11:02:51,114.019501,22.656,1,5
28966,11:03:21,114.018097,22.6551,1,24
28966,11:05:00,114.016998,22.6544,1,20
28966,11:05:30,114.016701,22.6539,1,18
28966,11:07:00,114.018799,22.6553,1,24
28966,11:07:30,114.020897,22.6569,1,38
28966,11:08:00,114.022903,22.6576,1,16
28966,11:08:30,114.023804,22.656601,1,16
28966,11:10:01,114.024597,22.6556,1,20
28966,11:10:33,114.026802,22.653099,1,42
28966,11:11:33,114.028297,22.6514,1,35
28966,11:12:03,114.0308,22.649401,1,35
28966,11:14:04,114.031898,22.6486,1,22
28966,11:15:05,114.0327,22.6483,0,9
28966,11:17:36,114.032097,22.648701,0,20
28966,11:18:21,114.029503,22.6504,1,48
28966,11:18:53,114.026497,22.6535,1,51
28966,11:20:23,114.023903,22.656601,1,44
28966,11:21:24,114.022903,22.657801,1,16
28966,11:21:54,114.0205,22.6567,1,53
28966,11:22:24,114.017799,22.6549,1,37
28966,11:23:23,114.017303,22.6537,0,3
28966,11:24:23,114.017899,22.654301,0,3
28966,11:25:24,114.017998,22.654499,0,1
28966,11:25:54,114.018997,22.6555,0,20
28966,11:26:24,114.020401,22.656799,0,25
28966,11:26:54,114.023201,22.6586,0,44
28966,11:27:24,114.024002,22.659,0,1
28966,11:56:31,114.025803,22.6605,0,37
28966,11:57:03,114.028297,22.6611,0,31
28966,11:58:14,114.031197,22.658501,1,29
28966,11:58:44,114.033302,22.6567,1,53
28966,11:59:14,114.035301,22.6549,1,20
28966,11:59:44,114.034103,22.651501,1,66
28966,12:00:15,114.031197,22.6492,1,40
28966,12:02:04,114.027298,22.652599,0,44
28966,12:02:34,114.025299,22.6551,0,27
28966,12:03:04,114.026802,22.656601,0,20
28966,12:03:35,114.028503,22.6579,0,27
28966,12:04:05,114.028603,22.6584,0,5
28966,12:05:39,114.027397,22.657101,1,12
28966,12:06:10,114.026001,22.656,1,25
28966,12:10:11,114.021202,22.6598,1,46
28966,12:11:43,114.0186,22.663,1,33
28966,12:12:13,114.016998,22.665501,1,25
28966,12:14:44,114.0159,22.667101,1,50
28966,12:15:14,114.014099,22.6698,1,44
28966,12:16:15,114.0103,22.6742,1,40
28966,12:16:45,114.008301,22.6758,1,31
28966,12:17:15,114.009201,22.676901,1,31
28966,12:17:45,114.009903,22.677,1,22
28966,12:18:15,114.011398,22.6777,1,14
28966,12:20:21,114.009804,22.677,0,11
28966,12:21:21,114.009399,22.676901,0,24
28966,12:21:51,114.007797,22.676399,0,3
28966,12:22:23,114.0093,22.674601,0,25
28966,12:23:10,114.011398,22.673401,1,33
28966,12:24:10,114.014198,22.6695,1,22
28966,12:24:41,114.014503,22.669001,1,20
28966,12:25:11,114.016098,22.666599,1,29
28966,12:26:13,114.017601,22.6644,1,16
28966,12:26:43,114.018204,22.663601,1,16
28966,12:28:14,114.018898,22.6625,1,16
28966,12:28:44,114.020302,22.660801,1,18
28966,12:29:14,114.0215,22.659401,1,1
28966,12:30:15,114.022598,22.658001,1,24
28966,12:30:45,114.0242,22.656099,1,37
28966,12:31:15,114.026398,22.653601,1,53
28966,12:32:45,114.0289,22.6509,1,55
28966,12:35:16,114.032501,22.648399,1,44
28966,12:37:18,114.038498,22.646299,1,53
28966,12:38:19,114.042397,22.644899,1,33
28966,12:38:49,114.045601,22.6436,1,25
28966,12:39:20,114.045898,22.641001,1,35
28966,12:41:20,114.045799,22.638599,1,25
28966,12:41:50,114.048897,22.637899,1,44
28966,12:42:20,114.051598,22.6373,1,33
28966,12:42:50,114.054001,22.636101,1,22
28966,12:43:21,114.055496,22.635401,1,29
28966,12:44:21,114.057899,22.6334,1,35
28966,12:44:53,114.0606,22.634199,1,31
28966,12:45:23,114.062798,22.635401,1,27
28966,12:45:53,114.064201,22.635,1,46
28966,12:47:54,114.064903,22.6332,1,9
28966,12:48:24,114.064201,22.6355,1,16
28966,12:48:55,114.063904,22.636,1,33
28966,12:49:25,114.062798,22.6385,1,16
28966,12:51:25,114.062103,22.639,1,20
28966,12:51:55,114.060402,22.6387,1,22
28966,12:52:25,114.058998,22.638201,1,5
28966,12:53:26,114.057404,22.637199,1,25
28966,12:54:58,114.055702,22.636101,1,24
28966,12:55:28,114.053001,22.6367,1,38
28966,12:56:29,114.051804,22.6373,1,3
28966,12:56:59,114.049599,22.637899,1,44
28966,12:57:29,114.046501,22.638399,1,33
28966,12:58:30,114.045197,22.6378,1,29
28966,12:59:00,114.043701,22.635,1,40
28966,12:59:30,114.041496,22.632799,1,55
28966,13:00:00,114.036102,22.633499,1,70
28966,13:01:30,114.032799,22.634199,1,22
28966,13:02:01,114.029999,22.634899,1,50
28966,13:02:31,114.025497,22.636101,1,61
28966,13:03:01,114.020302,22.6376,1,62
28966,13:03:33,114.016197,22.638901,1,35
28966,13:04:03,114.013,22.641399,1,55
28966,13:04:33,114.010201,22.645399,1,70
28966,13:05:03,114.008598,22.647499,1,5
28966,13:05:34,114.006798,22.65,1,68
28966,13:06:04,114.003799,22.6542,1,61
28966,13:06:34,114.001198,22.6579,1,72
28966,13:07:04,113.998398,22.6618,1,33
28966,13:08:05,113.993301,22.666201,1,61
28966,13:08:35,113.989197,22.6696,1,70
28966,13:09:05,113.9842,22.6726,1,72
28966,13:10:05,113.975403,22.6791,1,53
28966,13:10:35,113.973099,22.6821,1,59
28966,13:11:06,113.968803,22.6842,1,57
28966,13:11:36,113.9636,22.684601,1,68
28966,13:12:06,113.960602,22.686199,1,7
28966,13:14:08,113.951401,22.689501,1,14
28966,13:15:09,113.951302,22.6894,1,7
28966,13:16:10,113.945297,22.6863,1,64
28966,13:16:40,113.941498,22.686501,1,38
28966,13:17:10,113.938499,22.6873,1,46
28966,13:17:40,113.937103,22.689899,1,48
28966,13:18:10,113.935097,22.691401,1,9
28966,13:19:10,113.934303,22.6901,1,16
28966,13:19:40,113.933403,22.690001,1,9
28966,13:20:10,113.933296,22.6891,1,9
28966,13:21:11,113.933197,22.687201,1,29
28966,13:21:41,113.933701,22.686501,1,12
28966,13:22:13,113.933502,22.684401,1,42
28966,13:22:43,113.933197,22.683201,1,16
28966,13:24:14,113.936096,22.6831,1,33
28966,13:24:44,113.939102,22.683201,1,20
28966,13:26:15,113.944901,22.6838,1,35
28966,13:26:45,113.947601,22.685801,1,7
28966,13:27:45,113.949402,22.688299,1,42
28966,13:28:15,113.952103,22.689301,1,38
28966,13:28:45,113.955101,22.686701,1,51
28966,13:29:16,113.957901,22.686701,1,46
28966,13:29:46,113.9599,22.6866,1,29
28966,13:30:16,113.963402,22.684601,1,62
28966,13:30:48,113.967598,22.684099,1,46
28966,13:32:18,113.9785,22.6756,1,64
28966,13:32:49,113.983803,22.6728,1,77
28966,13:33:19,113.988998,22.6696,1,70
28966,13:33:49,113.992401,22.666901,1,35
28966,13:34:20,113.995003,22.664499,1,51
28966,13:36:20,113.998001,22.661699,1,35
28966,13:36:50,114.000999,22.6579,1,74
28966,13:38:21,114.004501,22.652901,1,57
28966,13:38:51,114.007103,22.6492,1,40
28966,13:39:21,114.008301,22.6476,1,33
28966,13:39:53,114.0103,22.6448,1,50
28966,13:40:23,114.012901,22.6413,1,57
28966,13:40:53,114.015503,22.639,1,18
28966,13:41:24,114.016098,22.637501,1,38
28966,13:42:24,114.015602,22.636,1,12
28966,13:42:54,114.018097,22.634199,1,37
28966,13:44:25,114.018799,22.6336,1,1
28966,13:44:55,114.021202,22.6315,1,55
28966,13:46:25,114.0233,22.627899,1,62
28966,13:46:55,114.0242,22.623199,1,59
28966,13:47:56,114.025497,22.618099,1,55
28966,13:48:58,114.026299,22.6168,1,27
28966,13:49:58,114.026497,22.613199,1,7
28966,14:01:51,114.030899,22.6168,1,59
28966,14:02:21,114.028603,22.621201,1,55
28966,14:04:24,114.030602,22.6241,1,1
28966,14:04:54,114.030602,22.6252,1,46
28966,14:05:24,114.029999,22.627199,1,11
28966,14:05:55,114.030197,22.629299,1,31
28966,14:06:25,114.031502,22.630199,1,9
28966,14:07:25,114.032204,22.630501,1,22
28966,14:07:55,114.032303,22.632099,1,12
28966,14:08:25,114.032303,22.633301,1,9
28966,14:09:45,114.032204,22.631701,0,33
28966,14:10:15,114.032204,22.631201,0,11
28966,14:10:41,114.032303,22.6329,0,24
28966,14:11:31,114.032303,22.6332,1,1
28966,14:12:03,114.030899,22.634701,1,44
28966,14:12:33,114.026604,22.636,1,61
28966,14:13:03,114.022797,22.636999,1,55
28966,14:16:20,114.021896,22.640699,0,20
28966,14:16:50,114.022202,22.6416,0,31
28966,14:17:20,114.0224,22.6425,0,35
28966,14:17:50,114.020203,22.642,0,20
28966,14:18:26,114.0187,22.642401,1,20
28966,14:19:28,114.018501,22.6465,1,18
28966,14:20:28,114.020897,22.65,1,31
28966,14:20:58,114.021896,22.651501,1,38
28966,14:21:29,114.0215,22.6521,1,7
28966,14:21:59,114.0224,22.6534,1,25
28966,14:22:29,114.024101,22.654699,1,27
28966,14:25:00,114.025002,22.6553,1,33
28966,14:25:30,114.0271,22.6569,1,29
28966,14:26:00,114.028999,22.6583,1,25
28966,14:27:00,114.031601,22.66,1,38
28966,14:27:31,114.032997,22.6619,1,51
28966,14:28:01,114.030701,22.6647,1,20
28966,14:28:31,114.031898,22.667601,1,57
28966,14:29:03,114.033798,22.6714,1,37
28966,14:30:33,114.033897,22.6717,1,5
28966,14:31:04,114.0354,22.6751,1,48
28966,14:32:34,114.0355,22.676001,1,33
28966,14:33:05,114.033302,22.6772,1,29
28966,14:33:35,114.032799,22.6775,1,5
28966,14:35:35,114.0327,22.6775,1,1
28966,14:36:05,114.031998,22.677799,1,12
28966,14:37:06,114.033302,22.6814,1,46
28966,14:37:36,114.032402,22.681101,1,64
28966,14:38:06,114.031197,22.6817,1,9
28966,14:38:38,114.030701,22.681999,1,22
28966,14:39:08,114.031799,22.683701,1,70
28966,14:39:38,114.037804,22.683901,1,81
28966,14:40:09,114.0438,22.683599,1,48
28966,14:40:39,114.047401,22.681101,1,66
28966,14:41:09,114.050499,22.683901,1,75
28966,14:41:39,114.0495,22.6891,1,72
28966,14:42:10,114.050301,22.695,1,81
28966,14:43:10,114.047501,22.707899,1,94
28966,14:43:40,114.044998,22.714199,1,90
28966,14:44:10,114.041901,22.7199,1,72
28966,14:45:10,114.0354,22.7299,1,79
28966,14:45:41,114.030197,22.7346,1,77
28966,14:46:11,114.025703,22.739401,1,85
28966,14:46:41,114.024902,22.745899,1,92
28966,14:47:11,114.0261,22.7528,1,90
28966,14:47:43,114.028,22.759899,1,92
28966,14:48:13,114.030701,22.7658,1,74
28966,14:48:43,114.033997,22.770599,1,83
28966,14:49:14,114.0373,22.776199,1,83
28966,14:49:44,114.0373,22.7829,1,79
28966,14:50:14,114.0373,22.7883,1,77
28966,14:50:44,114.0373,22.7945,1,75
28966,14:51:15,114.0373,22.800501,1,79
28966,14:51:45,114.035698,22.806601,1,90
28966,14:52:15,114.030899,22.8116,1,85
28966,14:52:45,114.024696,22.815001,1,83
28966,14:53:15,114.018097,22.817301,1,85
28966,14:53:45,114.012604,22.8218,1,88
28966,14:54:15,114.008698,22.827,1,88
28966,14:54:45,114.004997,22.832399,1,87
28966,14:55:16,114.000298,22.837601,1,83
28966,14:55:46,113.995499,22.841999,1,74
28966,14:56:16,113.990303,22.8461,1,81
28966,14:57:18,113.982399,22.8554,1,79
28966,14:57:48,113.981102,22.860901,1,42
28966,14:58:19,113.981003,22.861401,1,3
28966,14:59:19,113.980797,22.8629,1,44
28966,14:59:49,113.9823,22.8664,1,53
28966,15:00:20,113.985603,22.869699,1,42
28966,15:00:50,113.988701,22.8722,1,53
28966,15:02:20,113.992302,22.876101,1,29
28966,15:03:20,113.993401,22.877501,1,53
28966,15:04:21,113.9935,22.8843,1,14
28966,15:04:51,113.993401,22.881901,1,3
28966,15:06:23,113.993599,22.883301,1,50
28966,15:06:53,113.993599,22.8857,1,29
28966,15:07:23,113.993301,22.889299,1,53
28966,15:07:54,113.992699,22.892799,1,38
28966,15:08:24,113.992798,22.8962,1,48
28966,15:08:54,113.9944,22.9,1,51
28966,15:09:24,113.995102,22.9032,1,37
28966,15:09:55,113.995102,22.9058,1,37
28966,15:10:25,113.995499,22.9077,1,22
28966,15:10:55,113.996696,22.910601,1,42
28966,15:11:25,113.997498,22.912701,1,12
28966,15:11:55,113.998199,22.9142,1,20
28966,15:12:25,114.000099,22.9146,1,33
28966,15:12:55,114.002403,22.914499,1,27
28966,15:13:26,114.0037,22.913601,1,18
28966,15:13:56,114.005402,22.9135,1,9
28966,15:15:58,114.005997,22.9135,1,3
28966,15:16:30,114.004898,22.9135,0,3
28966,15:17:00,114.003998,22.913601,0,12
28966,15:17:30,114.002899,22.914499,0,20
28966,15:18:00,113.999802,22.9147,0,33
28966,15:18:30,113.999199,22.9147,0,3
28966,15:19:00,113.998001,22.914101,0,35
28966,15:19:30,113.997101,22.911699,0,16
28966,15:20:00,113.996101,22.909201,0,38
28966,15:20:30,113.995102,22.9065,0,48
28966,15:21:00,113.994904,22.902901,0,50
28966,15:21:30,113.994797,22.9018,0,14
28966,15:22:00,113.994102,22.8993,0,46
28966,15:22:30,113.992599,22.895901,0,48
28966,15:24:01,113.992599,22.893299,0,3
28966,15:26:03,113.992996,22.889999,0,57
28966,15:26:31,113.9935,22.886299,0,48
28966,15:27:03,113.993599,22.8822,0,40
28966,15:27:33,113.9935,22.8783,0,55
28966,15:28:03,113.991798,22.875601,0,44
28966,15:28:33,113.990303,22.8741,0,38
28966,15:29:04,113.987701,22.8715,0,42
28966,15:29:34,113.984703,22.868999,0,46
28966,15:30:04,113.982201,22.866501,0,46
28966,15:30:34,113.980003,22.8636,0,42
28966,15:31:05,113.9786,22.8605,0,33
28966,15:31:35,113.9785,22.8601,0,24
28966,15:32:05,113.9804,22.860901,0,27
28966,15:32:35,113.980698,22.8601,0,22
28966,15:33:05,113.982002,22.857,0,62
28966,15:33:35,113.984001,22.851299,0,90
28966,15:34:05,113.989502,22.8465,0,94
28966,15:34:35,113.994797,22.842501,0,77
28966,15:35:05,113.998901,22.8389,0,59
28966,15:35:35,114.002701,22.8347,0,79
28966,15:36:05,114.0065,22.8305,0,66
28966,15:36:35,114.008598,22.827101,0,48
28966,15:37:36,114.015602,22.819099,0,81
28966,15:38:06,114.020699,22.8162,0,33
28966,15:38:36,114.025703,22.814501,0,68
28966,15:39:08,114.031601,22.8111,0,88
28966,15:39:38,114.036003,22.805799,0,88
28966,15:40:08,114.037201,22.799101,0,81
28966,15:40:38,114.037201,22.7924,0,88
28966,15:41:08,114.037201,22.785801,0,83
28966,15:41:38,114.037102,22.7803,0,62
28966,15:42:08,114.037003,22.7773,0,55
28966,15:42:38,114.040901,22.7782,0,12
28966,15:43:08,114.041298,22.7787,0,35
28966,15:44:09,114.041603,22.781099,0,22
28966,15:44:39,114.038002,22.7808,0,46
28966,15:45:09,114.033699,22.781,0,51
28966,15:47:10,114.030502,22.780399,0,38
28966,15:47:40,114.030098,22.7768,0,51
28966,15:48:10,114.030296,22.772699,0,51
28966,15:48:40,114.030701,22.768999,0,48
28966,15:49:10,114.032898,22.7659,0,51
28966,15:49:40,114.033302,22.763599,0,31
28966,15:50:11,114.0336,22.760401,0,53
28966,15:50:41,114.0317,22.757299,0,40
28966,15:51:11,114.030899,22.756001,0,14
28966,15:51:41,114.030296,22.753799,0,40
28966,15:52:10,114.030197,22.7509,0,44
28966,15:52:41,114.029297,22.749201,0,25
28966,15:53:11,114.027603,22.7472,0,42
28966,15:53:41,114.026802,22.7437,0,57
28966,15:54:11,114.028198,22.7407,0,22
28966,15:54:41,114.028999,22.738899,0,27
28966,15:55:11,114.031303,22.736401,0,29
28966,15:55:43,114.033203,22.7349,0,31
28966,15:56:11,114.035103,22.733101,0,29
28966,15:56:41,114.035797,22.731199,0,38
28966,15:57:13,114.038399,22.726601,0,74
28966,15:57:43,114.041199,22.7225,0,35
28966,15:59:13,114.042503,22.717501,0,42
28966,15:59:44,114.042801,22.715599,0,35
28966,16:00:14,114.039902,22.714199,0,48
28966,16:02:15,114.0383,22.709299,0,42
28966,16:02:45,114.037697,22.707701,0,5
28966,16:03:15,114.037804,22.707001,0,33
28966,16:03:45,114.037102,22.704399,0,25
28966,16:04:15,114.036201,22.7013,0,57
28966,16:05:15,114.0355,22.6984,0,3
28966,16:05:45,114.0354,22.6978,0,5
28966,16:11:04,114.035896,22.694401,0,33
28966,16:11:34,114.039001,22.694,0,31
28966,16:12:04,114.040298,22.6938,0,38
28966,16:12:34,114.043701,22.693199,0,35
28966,16:13:05,114.044296,22.689699,0,64
28966,16:14:05,114.044296,22.6873,0,24
28966,16:14:35,114.044098,22.683901,0,68
28966,16:15:05,114.0439,22.681101,0,1
28966,16:17:04,114.043404,22.679399,0,50
28966,16:17:34,114.040703,22.6759,0,51
28966,16:18:34,114.039299,22.673401,0,53
28966,16:19:05,114.037697,22.6688,0,61
28966,16:19:35,114.037201,22.6651,0,50
28966,16:20:05,114.037903,22.6604,0,68
28966,16:20:35,114.036301,22.656401,0,51
28966,16:21:07,114.0354,22.654301,0,40
28966,16:21:37,114.033699,22.650999,0,46
28966,16:24:38,114.0298,22.646999,0,57
28966,16:25:09,114.026299,22.6455,0,61
28966,16:26:39,114.024002,22.6464,0,5
28966,16:27:09,114.023003,22.644501,0,51
28966,16:27:39,114.022102,22.6416,0,27
28966,16:28:09,114.021301,22.639,0,40
28966,16:29:40,114.020897,22.6378,0,14
28966,16:30:10,114.020103,22.6353,0,29
28966,16:32:10,114.018501,22.632999,0,42
28966,16:32:42,114.014503,22.630501,0,37
28966,16:33:42,114.011497,22.634199,0,12
28966,16:37:12,114.011597,22.6341,0,24
28966,16:37:42,114.012703,22.6325,0,37
28966,16:39:12,114.014198,22.630301,0,18
28966,16:39:43,114.016701,22.6315,0,40
28966,16:40:13,114.019203,22.633301,0,24
28966,16:41:24,114.021698,22.630899,1,29
28966,16:42:24,114.023804,22.625799,1,16
28966,16:42:55,114.022301,22.625601,1,24
28966,16:43:25,114.019997,22.624701,1,31
28966,16:44:40,114.018898,22.6241,0,12
28966,16:46:09,114.023697,22.6236,0,37
28966,16:46:39,114.024597,22.620899,0,29
28966,16:48:09,114.026299,22.616899,0,12
28966,16:48:39,114.027702,22.614901,0,38
28966,16:49:10,114.0289,22.612301,0,25
28966,16:49:40,114.0271,22.6131,0,18
28966,16:51:39,114.026901,22.6112,1,35
28966,16:52:09,114.023697,22.609301,1,29
28966,16:52:39,114.022797,22.608601,1,20
28966,16:53:09,114.026001,22.6103,1,70
28966,16:53:40,114.030197,22.6131,1,66
28966,16:55:12,114.032204,22.6152,1,24
28966,16:55:42,114.0299,22.6182,1,59
28966,16:56:12,114.028198,22.622299,1,29
28966,16:56:42,114.027901,22.6231,1,25
28966,16:57:13,114.027199,22.6257,1,51
28966,16:57:43,114.0261,22.629499,1,46
28966,16:58:13,114.0271,22.6313,1,37
28966,16:58:43,114.029701,22.632601,1,38
28966,16:59:59,114.030998,22.6327,0,1
28966,17:01:44,114.032204,22.631901,1,18
28966,17:05:18,114.031998,22.634701,1,31
28966,17:05:48,114.031799,22.6367,1,9
28966,17:06:18,114.032204,22.6394,1,46
28966,17:07:19,114.033302,22.642401,1,27
28966,17:07:49,114.036201,22.6422,1,38
28966,17:09:19,114.038101,22.641701,1,12
28966,17:09:49,114.038902,22.6436,1,16
28966,17:10:19,114.039803,22.645201,1,29
28966,17:12:52,114.045799,22.6437,1,11
28966,17:14:33,114.046097,22.644501,0,11
28966,17:15:03,114.046204,22.6472,0,24
28966,17:15:32,114.045303,22.649401,0,33
28966,17:17:02,114.042397,22.6504,0,25
28966,17:17:33,114.041298,22.6483,0,33
28966,17:18:03,114.040604,22.646799,0,18
28966,17:19:03,114.039803,22.646,0,25
28966,17:19:34,114.0364,22.647301,0,27
28966,17:21:34,114.035103,22.647699,0,31
28966,17:22:04,114.032898,22.648399,0,25
28966,17:24:04,114.031601,22.648399,0,35
28966,17:24:34,114.030502,22.6476,0,24
28966,17:25:04,114.028297,22.6457,0,27
28966,17:25:34,114.0261,22.645599,0,37
28966,17:27:34,114.022697,22.643299,0,42
28966,17:29:42,114.020897,22.637199,1,31
28966,17:30:13,114.024498,22.6357,1,44
28966,17:30:43,114.025299,22.631701,1,37
28966,17:32:14,114.025803,22.629601,1,38
28966,17:32:44,114.027,22.625401,1,50
28966,17:33:14,114.027496,22.624001,1,31
28966,17:34:44,114.027603,22.6215,1,7
28966,17:35:14,114.026901,22.6215,1,16
28966,17:37:04,114.024597,22.621799,1,40
28966,17:37:34,114.025101,22.623699,1,29
28966,17:40:07,114.027298,22.6255,1,50
28966,17:40:37,114.026398,22.6287,1,16
28966,17:41:33,114.026299,22.6287,0,9
28966,17:42:33,114.025497,22.6306,0,14
28966,17:43:03,114.026299,22.627701,0,50
28966,17:45:04,114.027298,22.6243,0,24
28966,17:45:34,114.028297,22.621401,0,50
28966,17:46:04,114.0299,22.6178,0,51
28966,17:46:34,114.031898,22.6152,0,25
28966,17:47:04,114.031998,22.614901,0,20
28966,17:47:34,114.0299,22.613001,0,18
28966,17:48:04,114.029099,22.6124,0,18
28966,17:48:35,114.027802,22.6126,0,25
28966,17:50:05,114.027702,22.6131,0,11
28966,17:50:35,114.027702,22.612801,0,3
28966,17:51:05,114.027199,22.613199,0,1
28966,17:51:32,114.027199,22.613199,0,18
28966,18:00:04,114.024399,22.6096,1,22
28966,18:01:05,114.023903,22.608999,1,48
28966,18:01:35,114.028,22.6115,1,62
28966,18:02:05,114.030403,22.613199,1,53
28966,18:05:38,114.033203,22.6154,1,14
28966,18:06:49,114.033897,22.6157,0,1
28966,18:07:19,114.034302,22.6159,0,11
28966,18:07:49,114.0345,22.6161,0,5
28966,18:08:55,114.036499,22.617201,1,5
28966,18:11:27,114.037003,22.617701,1,25
28966,18:11:58,114.036201,22.6196,1,12
28966,18:12:28,114.035896,22.620399,1,20
28966,18:12:58,114.0354,22.622,1,16
28966,18:13:29,114.034599,22.624701,1,7
28966,18:21:24,114.025803,22.6299,1,51
28966,18:23:55,114.025703,22.6306,1,12
28966,18:24:25,114.023102,22.6308,1,40
28966,18:24:55,114.020798,22.6322,1,18
28966,18:26:27,114.018997,22.633699,1,11
28966,18:27:27,114.0158,22.635799,0,27
28966,18:27:57,114.016296,22.6381,0,22
28966,18:28:38,114.016502,22.6392,1,1
28966,18:29:08,114.016602,22.6395,1,7
28966,18:29:38,114.016701,22.6399,1,5
28966,18:30:09,114.016701,22.6402,1,1
28966,18:30:39,114.016701,22.641399,1,12
28966,18:36:12,114.022797,22.643299,1,50
28966,18:37:12,114.023804,22.646299,1,16
28966,18:37:43,114.023399,22.648399,1,42
28966,18:38:13,114.021896,22.651501,1,35
28966,18:38:43,114.0215,22.6527,1,20
28966,18:39:13,114.023003,22.6539,1,25
28966,18:39:44,114.024002,22.6544,1,9
28966,18:41:32,114.026299,22.6537,0,33
28966,18:42:02,114.028397,22.651199,0,33
28966,18:42:30,114.0308,22.649401,0,42
28966,18:43:54,114.034203,22.6478,1,1
28966,18:44:24,114.035698,22.6471,1,22
28966,18:46:10,114.033401,22.6432,1,16
28966,18:46:40,114.030701,22.643801,1,37
28966,18:47:42,114.029602,22.6443,1,1
28966,18:48:12,114.028999,22.644501,1,3
28966,18:50:43,114.0289,22.644501,1,11
28966,18:51:13,114.027496,22.644699,1,27
28966,18:52:44,114.026001,22.6409,1,24
28966,18:53:14,114.024902,22.638,1,51
28966,18:56:15,114.0252,22.631701,1,66
28966,18:56:45,114.026299,22.627701,1,25
28966,18:57:15,114.027,22.625601,1,14
28966,19:00:18,114.028503,22.620701,1,37
28966,19:00:48,114.029404,22.618401,1,22
28966,19:01:18,114.026802,22.6171,1,18
28966,19:02:19,114.026497,22.617001,1,16
28966,19:02:49,114.027702,22.614901,1,37
28966,19:03:19,114.029099,22.612499,1,25
28966,19:09:38,114.023903,22.6094,1,42
28966,19:10:09,114.022903,22.6084,1,7
28966,19:10:39,114.025703,22.6101,1,57
28966,19:11:09,114.028999,22.612,1,12
28966,19:12:09,114.029099,22.6122,1,11
28966,19:13:09,114.030701,22.6134,1,20
28966,19:18:43,114.031998,22.6145,1,1
28966,19:19:13,114.0327,22.615101,1,18
28966,19:20:14,114.034203,22.6159,1,7
28966,19:20:44,114.0345,22.6161,1,5
28966,19:21:14,114.035103,22.616301,1,5
28966,19:21:44,114.035202,22.6164,1,1
28966,19:22:14,114.0364,22.617001,1,18
28966,19:23:14,114.037697,22.617701,1,25
28966,19:24:15,114.042999,22.620199,1,42
28966,19:24:45,114.046997,22.6213,1,44
28966,19:25:17,114.048401,22.622,1,11
28966,19:25:47,114.047897,22.6231,1,9
28966,19:26:17,114.047401,22.6236,1,7
28966,19:26:47,114.0457,22.6234,1,5
28966,19:27:17,114.044601,22.6234,1,14
28966,19:29:03,114.044403,22.6238,0,20
28966,19:29:33,114.045403,22.6234,0,9
28966,19:30:04,114.046898,22.6236,0,24
28966,19:30:33,114.0476,22.622801,0,25
28966,19:31:34,114.048302,22.621901,0,11
28966,19:32:03,114.046303,22.621099,0,46
28966,19:32:33,114.041901,22.6199,0,42
28966,19:33:52,114.040703,22.618401,1,5
28966,19:34:52,114.040703,22.618,1,7
28966,19:35:23,114.040703,22.615601,1,20
28966,19:38:03,114.038696,22.6143,0,3
28966,19:38:33,114.0392,22.6133,0,29
28966,19:39:18,114.040497,22.6108,1,42
28966,19:39:48,114.040604,22.608801,1,20
28966,19:42:49,114.038597,22.607201,1,27
28966,19:43:19,114.041298,22.604,1,61
28966,19:44:50,114.042099,22.6031,1,5
28966,19:45:20,114.044197,22.6035,1,46
28966,19:46:38,114.047302,22.6042,0,14
28966,19:47:34,114.044296,22.6036,1,48
28966,19:48:04,114.042,22.6033,1,31
28966,19:48:34,114.039902,22.606001,1,37
28966,19:49:05,114.039497,22.6078,1,12
28966,19:49:35,114.040497,22.6084,1,18
28966,19:51:07,114.040703,22.6085,1,11
28966,19:51:37,114.040604,22.6103,1,18
28966,19:52:07,114.039398,22.6131,1,38
28966,19:54:08,114.0382,22.6152,1,48
28966,19:55:09,114.036903,22.617901,1,37
28966,19:55:39,114.036003,22.620001,1,5
28966,19:56:09,114.035599,22.621201,1,25
28966,19:58:32,114.034897,22.6236,1,1
28966,20:00:02,114.034798,22.623899,1,12
28966,20:02:33,114.034401,22.6252,1,18
28966,20:03:04,114.0336,22.627501,1,46
28966,20:03:34,114.032501,22.629801,1,14
28966,20:04:04,114.032204,22.6308,1,14
28966,20:04:34,114.032204,22.632099,1,16
28966,20:05:04,114.032303,22.6336,1,18
28966,20:05:34,114.032097,22.634899,1,7
28966,20:06:04,114.031898,22.6359,1,11
28966,20:06:35,114.031799,22.6364,1,16
28966,20:07:05,114.031898,22.6383,1,31
28966,20:07:35,114.032799,22.6408,1,40
28966,20:10:07,114.033203,22.6432,1,27
28966,20:10:38,114.030098,22.643999,1,33
28966,20:11:08,114.028099,22.645201,1,25
28966,20:11:38,114.030403,22.647301,1,27
28966,20:12:08,114.031799,22.648399,1,24
28966,20:13:09,114.0308,22.6495,1,12
28966,20:14:34,114.029198,22.6507,0,35
28966,20:15:04,114.031303,22.649,0,20
28966,20:15:34,114.030403,22.6474,0,48
28966,20:16:04,114.027496,22.6451,0,20
28966,20:16:35,114.024803,22.646099,0,50
28966,20:17:05,114.023102,22.6448,0,37
28966,20:17:35,114.022499,22.642799,0,22
28966,20:18:07,114.022202,22.6418,0,11
28966,20:18:37,114.021797,22.640499,0,20
28966,20:19:49,114.0214,22.6392,1,18
28966,20:20:49,114.021103,22.6381,1,3
28966,20:21:19,114.022102,22.636801,1,42
28966,20:23:50,114.026398,22.6355,1,46
28966,20:27:18,114.027,22.6313,0,3
28966,20:27:49,114.026199,22.630899,0,9
28966,20:28:19,114.025497,22.630199,0,33
28966,20:28:49,114.026604,22.626699,0,48
28966,20:29:49,114.027496,22.624001,0,16
28966,20:30:19,114.028099,22.622,0,40
28966,20:30:49,114.0289,22.6196,0,48
28966,20:31:19,114.030998,22.6164,0,44
28966,20:31:49,114.031403,22.614201,0,38
28966,20:34:17,114.027496,22.6133,0,5
28966,20:39:23,114.023804,22.609301,1,46
28966,20:39:54,114.022797,22.6087,1,9
28966,20:40:24,114.025101,22.609699,1,51
28966,20:40:54,114.0289,22.612,1,33
28966,20:41:54,114.030296,22.6131,1,50
28966,20:43:24,114.032204,22.614799,1,16
28966,20:43:55,114.030602,22.617201,1,51
28966,20:44:25,114.028702,22.621,1,55
28966,20:45:57,114.027298,22.6255,1,48
28966,20:46:27,114.026001,22.629601,1,57
28966,20:46:57,114.025101,22.633699,1,57
28966,20:47:27,114.0252,22.636,1,33
28966,20:47:58,114.029099,22.634899,1,61
28966,20:48:58,114.0317,22.6343,1,20
28966,20:49:29,114.032097,22.635099,1,11
28966,20:49:59,114.031898,22.635799,1,5
28966,20:50:29,114.031898,22.636299,1,5
28966,20:51:59,114.032303,22.639799,1,40
28966,20:53:30,114.032997,22.641399,1,9
28966,20:54:30,114.033302,22.642401,1,1
28966,20:56:32,114.033798,22.643499,1,24
28966,20:57:03,114.034897,22.6455,1,24
28966,20:58:33,114.035797,22.646999,1,9
28966,20:59:04,114.034897,22.647699,1,24
28966,20:59:34,114.032402,22.649,1,35
28966,21:00:04,114.034798,22.6525,1,61
28966,21:03:57,114.0336,22.656601,0,40
28966,21:04:27,114.0317,22.658199,0,42
28966,21:04:57,114.030502,22.659201,0,1
28966,21:05:27,114.029602,22.658701,0,25
28966,21:05:58,114.027802,22.6574,0,35
28966,21:06:28,114.026497,22.6565,0,1
28966,21:07:28,114.025299,22.655701,0,16
28966,21:32:14,114.024902,22.6598,1,37
28966,21:33:14,114.028,22.662001,1,37
28966,21:33:44,114.030296,22.664101,1,22
28966,21:35:15,114.030403,22.6644,1,11
28966,21:35:47,114.0298,22.6656,1,16
28966,21:36:17,114.029297,22.666201,1,1
28966,21:36:47,114.028297,22.667299,1,22
28966,21:37:17,114.027603,22.6682,1,12
28966,21:37:48,114.0261,22.669901,1,42
28966,21:40:49,114.025101,22.671101,1,9
28966,21:41:19,114.024597,22.6717,1,11
28966,21:42:45,114.0252,22.6721,0,1
28966,21:45:48,114.0243,22.6712,0,31
28966,21:46:18,114.021698,22.6693,0,35
28966,21:47:49,114.021004,22.6686,0,20
28966,21:48:19,114.023003,22.6667,0,35
28966,21:49:45,114.0242,22.6656,1,22
28966,21:50:15,114.025803,22.663799,1,24
28966,21:50:45,114.027397,22.6619,1,18
28966,21:51:17,114.0298,22.6635,1,37
28966,21:52:17,114.0336,22.6611,1,3
28966,21:52:47,114.034302,22.6614,1,37
28966,21:53:18,114.037498,22.663099,1,16
28966,21:54:18,114.037804,22.664101,1,38
28966,21:54:49,114.037697,22.668301,1,59
28966,21:55:49,114.0383,22.670099,1,20
28966,21:56:19,114.039497,22.673401,1,57
28966,21:58:19,114.041397,22.676399,1,59
28966,21:59:20,114.044098,22.682199,1,46
28966,21:59:50,114.044296,22.6861,1,57
28966,22:00:22,114.044502,22.690399,1,57
28966,22:00:52,114.0457,22.693001,1,40
28966,22:01:22,114.050201,22.692301,1,68
28966,22:01:52,114.055298,22.6915,1,62
28966,22:02:53,114.059898,22.6912,1,40
28966,22:03:23,114.064598,22.6919,1,66
28966,22:04:24,114.070602,22.693001,1,44
28966,22:04:54,114.072601,22.693501,1,33
28966,22:05:24,114.077202,22.695,1,70
28966,22:05:54,114.082802,22.697001,1,75
28966,22:07:24,114.085602,22.6985,1,51
28966,22:08:25,114.0877,22.701799,1,1
28966,22:08:55,114.088898,22.704201,1,53
28966,22:09:25,114.091103,22.7078,1,29
28966,22:10:27,114.094002,22.7106,1,44
28966,22:10:57,114.095398,22.7118,1,1
28966,22:11:27,114.094803,22.7115,1,7
28966,22:11:58,114.094299,22.711901,1,20
28966,22:12:28,114.093102,22.7134,1,16
28966,22:15:29,114.092903,22.713499,1,1
28966,22:16:39,114.094597,22.711599,0,1
28966,22:17:39,114.093803,22.7106,0,29
28966,22:19:09,114.091103,22.708099,0,42
28966,22:19:39,114.088799,22.7043,0,62
28966,22:21:10,114.087799,22.702299,0,11
28966,22:21:40,114.086502,22.6998,0,53
28966,22:23:12,114.084297,22.6978,0,24
28966,22:23:42,114.080704,22.6964,0,61
28966,22:24:12,114.0755,22.694599,0,64
28966,22:25:13,114.072403,22.693501,0,22
28966,22:25:43,114.072197,22.691601,0,29
28966,22:26:13,114.072601,22.6891,0,27
28966,22:27:14,114.072601,22.687099,0,27
28966,22:27:44,114.069397,22.686199,0,29
28966,22:28:14,114.068497,22.6856,0,12
28966,22:28:44,114.067497,22.6847,0,18
28966,22:29:14,114.066299,22.683599,0,20
28966,22:29:43,114.065102,22.6824,0,11
28966,22:30:14,114.064697,22.681299,0,31
28966,22:31:14,114.061501,22.674299,0,62
28966,22:31:44,114.057899,22.6709,0,59
28966,22:32:14,114.055099,22.6677,0,25
28966,22:34:14,114.056198,22.665199,0,24
28966,22:36:18,114.055901,22.662001,1,38
28966,22:36:48,114.055901,22.659201,1,40
28966,22:37:19,114.056099,22.6553,1,51
28966,22:39:19,114.060997,22.653299,1,35
28966,22:39:49,114.061401,22.650999,1,51
28966,22:41:09,114.061096,22.648701,0,18
28966,22:41:55,114.061096,22.6464,1,38
28966,22:42:25,114.061203,22.6441,1,35
28966,22:42:57,114.061996,22.6402,1,46
28966,22:43:57,114.062698,22.6387,1,11
28966,22:44:27,114.063904,22.6357,1,55
28966,22:44:58,114.065399,22.631599,1,44
28966,22:45:28,114.065498,22.630699,1,16
28966,22:45:58,114.067902,22.6304,1,51
28966,22:46:29,114.072998,22.6297,1,53
28966,22:47:29,114.074898,22.629801,1,3
28966,22:47:59,114.074898,22.631201,1,33
28966,22:48:29,114.075104,22.633801,1,20
28966,22:48:59,114.076897,22.6339,1,14
28966,22:50:20,114.077499,22.634001,0,25
28966,22:50:50,114.075104,22.6339,0,16
28966,22:51:52,114.074699,22.632601,0,48
28966,22:52:22,114.074303,22.6297,0,24
28966,22:53:22,114.0662,22.630501,0,5
28966,22:53:52,114.065399,22.6304,0,5
28966,22:59:28,114.046204,22.646999,1,48
28966,22:59:58,114.044502,22.65,1,50
28966,23:00:29,114.040703,22.6514,1,55
28966,23:00:59,114.037903,22.6527,1,38
28966,23:01:29,114.035896,22.654499,1,7
28966,23:02:59,114.035202,22.655001,1,31
28966,23:04:02,114.033699,22.656401,0,38
28966,23:04:32,114.031303,22.658501,0,35
28966,23:05:32,114.030403,22.659201,0,16
28966,23:06:02,114.028702,22.6581,0,27
28966,23:06:32,114.026802,22.656601,0,24
28966,23:07:03,114.026398,22.6563,0,5
28966,23:07:33,114.025299,22.655701,1,5
28966,23:08:03,114.025803,22.6542,1,42
28966,23:09:34,114.028801,22.6509,1,42
28966,23:11:37,114.027199,22.6439,0,37
28966,23:15:37,114.0308,22.634399,0,55
28966,23:16:37,114.032204,22.6311,0,1
28966,23:18:02,114.032303,22.632099,0,7
28966,23:19:37,114.031898,22.6308,0,31
28966,23:21:05,114.030098,22.6269,0,20
28966,23:21:35,114.030502,22.625401,0,35
28966,23:23:37,114.029404,22.618601,0,55
28966,23:24:37,114.031303,22.6141,0,38
28966,23:25:37,114.0271,22.6131,0,18
28966,23:32:17,114.024498,22.6096,1,50
28966,23:32:48,114.023499,22.6087,1,40
28966,23:33:18,114.027298,22.611099,1,61
28966,23:34:18,114.030098,22.6129,1,46
28966,23:34:49,114.032204,22.6147,1,16
28966,23:35:19,114.033501,22.615499,1,29
28966,23:35:49,114.035103,22.6164,1,24
28966,23:36:19,114.036301,22.617001,1,7
28966,23:36:49,114.038399,22.618,1,31
28966,23:37:50,114.041397,22.6196,1,37
28966,23:38:20,114.045197,22.620701,1,55
28966,23:38:51,114.049599,22.622101,1,55
28966,23:39:51,114.0504,22.623501,1,37
28966,23:40:21,114.050697,22.625299,1,22
28966,23:40:52,114.052299,22.625299,1,14
28966,23:41:22,114.054703,22.6252,1,35
28966,23:43:04,114.055702,22.6276,1,29
28966,23:43:36,114.055702,22.6292,1,9
28966,23:44:06,114.055496,22.632099,1,48
28966,23:45:06,114.055496,22.6346,1,46
28966,23:45:37,114.055496,22.635599,1,11
28966,23:46:07,114.055298,22.6392,1,64
28966,23:46:37,114.054497,22.6443,1,55
28966,23:47:07,114.053703,22.6486,1,20
28966,23:48:08,114.053497,22.649599,1,40
28966,23:48:38,114.052803,22.653601,1,12
28966,23:49:39,114.052597,22.656799,1,70
28966,23:50:09,114.052597,22.660999,1,25
28966,23:50:39,114.053596,22.6611,1,1
28966,23:51:14,114.055801,22.6602,0,40
28966,23:51:44,114.056,22.6567,0,44
28966,23:52:14,114.056099,22.653799,0,35
28966,23:53:44,114.056801,22.6478,0,42
