24671,00:00:18,113.922096,22.518408,0,8
24671,00:01:19,113.920975,22.513304,0,48
24671,00:02:19,113.919449,22.510033,0,41
24671,00:03:19,113.915604,22.51042,0,2
24671,00:04:19,113.911545,22.514826,0,35
24671,00:05:19,113.913643,22.517506,0,0
24671,00:05:39,113.914055,22.531073,1,0
24671,00:17:17,113.914116,22.518063,0,0
24671,00:18:19,113.912071,22.519135,0,6
24671,00:19:19,113.912399,22.5193,0,0
24671,00:25:19,113.912331,22.519611,0,22
24671,00:26:19,113.914223,22.522907,0,22
24671,00:27:18,113.914597,22.527834,0,31
24671,00:28:19,113.913208,22.531342,0,0
24671,00:29:19,113.913109,22.531242,0,0
24671,00:30:19,113.913078,22.531214,0,0
24671,00:30:25,113.913109,22.531242,0,0
24671,00:31:19,113.91304,22.531269,0,0
24671,06:52:18,113.914276,22.535219,0,0
24671,06:53:20,113.914711,22.538267,0,24
24671,06:54:20,113.914398,22.539034,0,11
24671,06:55:19,113.910713,22.539682,0,12
24671,06:56:19,113.910179,22.53887,0,45
24671,06:57:20,113.910225,22.533215,0,36
24671,06:58:19,113.908691,22.531298,0,35
24671,06:59:19,113.907974,22.53153,0,0
24671,06:59:20,113.914711,22.538267,0,0
24671,07:03:02,113.914711,22.538267,0,0
24671,07:03:20,113.905945,22.531427,0,37
24671,07:04:20,113.903748,22.529478,0,14
24671,07:05:19,113.903465,22.530495,0,0
24671,07:06:19,113.903488,22.530472,0,0
24671,07:08:19,113.903496,22.530455,0,0
24671,07:09:29,113.903496,22.530455,0,0
24671,07:10:20,113.903488,22.530479,0,0
24671,07:11:20,113.903496,22.530476,0,0
24671,07:12:19,113.903503,22.530493,0,0
24671,07:12:25,113.903488,22.530659,0,20
24671,07:13:20,113.904549,22.531576,1,0
24671,07:14:20,113.904526,22.531563,1,0
24671,07:15:19,113.905411,22.535097,1,40
24671,07:16:11,113.909477,22.535145,1,0
24671,07:16:19,113.909477,22.535151,0,0
24671,07:17:20,113.910309,22.5345,0,0
24671,07:17:24,113.910316,22.534437,0,15
24671,07:18:10,113.910316,22.534437,0,0
24671,07:18:19,113.910225,22.531738,1,0
24671,07:19:19,113.90744,22.531199,1,27
24671,07:19:37,113.910316,22.534437,0,0
24671,07:20:20,113.903763,22.529448,1,10
24671,07:21:20,113.903763,22.529503,1,0
24671,07:22:19,113.90374,22.529575,1,1
24671,07:23:20,113.903526,22.530447,1,0
24671,07:24:20,113.903526,22.531282,1,7
24671,07:25:19,113.904205,22.529329,1,5
24671,07:26:19,113.903816,22.529503,1,6
24671,07:27:20,113.90374,22.529549,1,0
24671,07:28:19,113.903679,22.529696,1,0
24671,07:29:19,113.903618,22.529867,1,1
24671,07:29:45,113.910316,22.534437,0,0
24671,07:30:20,113.903587,22.529964,0,5
24671,07:31:20,113.903564,22.530191,0,0
24671,07:32:19,113.903564,22.530243,0,0
24671,07:33:18,113.903564,22.530243,0,0
24671,07:33:20,113.90358,22.530375,0,0
24671,07:34:20,113.903603,22.531313,0,0
24671,07:35:19,113.903633,22.531364,0,1
24671,07:36:19,113.904366,22.531477,0,29
24671,07:37:20,113.904976,22.534056,0,20
24671,07:38:19,113.904755,22.539127,0,38
24671,07:39:19,113.904655,22.545031,0,9
24671,07:39:54,113.904366,22.531477,0,0
24671,07:40:20,113.904663,22.546629,0,6
24671,07:41:20,113.905022,22.548147,0,7
24671,07:42:19,113.905869,22.549557,0,10
24671,07:43:20,113.912125,22.553164,0,60
24671,07:44:20,113.920036,22.555552,0,48
24671,07:45:19,113.927788,22.554993,0,28
24671,07:46:19,113.928787,22.555803,0,39
24671,07:47:20,113.92923,22.560316,0,33
24671,07:48:19,113.929115,22.565351,0,46
24671,07:48:27,113.92923,22.560316,0,0
24671,07:49:19,113.927681,22.574009,0,49
24671,07:50:02,113.929115,22.565351,0,0
24671,07:50:20,113.925491,22.577271,0,57
24671,07:51:20,113.925209,22.588657,0,86
24671,07:52:19,113.926964,22.599876,0,67
24671,07:53:20,113.927689,22.604971,0,76
24671,07:54:20,113.921638,22.617657,0,99
24671,07:55:19,113.912666,22.62834,0,80
24671,07:56:19,113.907433,22.638794,0,86
24671,07:57:20,113.903465,22.651533,0,90
24671,07:58:20,113.893326,22.661551,0,91
24671,07:59:19,113.890953,22.671516,0,8
24671,08:00:10,113.890953,22.671516,0,0
24671,08:00:20,113.892258,22.674683,0,58
24671,08:01:20,113.89019,22.675102,0,63
24671,08:02:19,113.887779,22.679901,0,88
24671,08:03:20,113.887283,22.691833,0,93
24671,08:03:35,113.887779,22.679901,0,0
24671,08:04:20,113.88562,22.704296,0,83
24671,08:05:19,113.885788,22.71512,0,38
24671,08:06:19,113.887177,22.716793,0,32
24671,08:07:20,113.892593,22.720352,0,42
24671,08:08:20,113.898674,22.719198,0,55
24671,08:09:19,113.901817,22.718378,0,0
24671,08:10:19,113.901817,22.718378,0,0
24671,08:10:20,113.901848,22.718369,0,12
24671,08:11:20,113.902855,22.720554,0,1
24671,08:12:19,113.902687,22.72057,0,1
24671,08:13:20,113.902008,22.718719,0,0
24671,08:14:20,113.901947,22.718222,0,26
24671,08:15:19,113.903526,22.711872,0,60
24671,08:16:19,113.904495,22.710979,0,16
24671,08:17:20,113.911049,22.707109,0,61
24671,08:18:20,113.913765,22.702501,0,0
24671,08:18:44,113.911049,22.707109,0,0
24671,08:19:19,113.914146,22.698645,0,66
24671,08:20:20,113.916191,22.692619,0,20
24671,08:20:27,113.914146,22.698645,0,0
24671,08:21:20,113.920799,22.68779,0,52
24671,08:22:15,113.92205,22.686886,0,15
24671,08:22:19,113.922035,22.68664,1,33
24671,08:23:20,113.921562,22.677532,1,17
24671,08:24:20,113.920364,22.671875,1,0
24671,08:25:19,113.920372,22.671875,1,0
24671,08:26:19,113.920197,22.669964,1,49
24671,08:27:20,113.919212,22.6609,1,84
24671,08:28:20,113.915352,22.654102,1,18
24671,08:29:19,113.916473,22.648844,1,58
24671,08:30:20,113.924484,22.640003,1,75
24671,08:30:35,113.916473,22.648844,1,0
24671,08:31:20,113.928391,22.635715,1,62
24671,08:32:19,113.934235,22.626968,1,63
24671,08:33:52,113.934235,22.626968,1,0
24671,08:34:20,113.928978,22.604815,1,91
24671,08:35:19,113.927948,22.592407,1,81
24671,08:36:19,113.92453,22.585743,1,3
24671,08:37:20,113.924843,22.579657,1,28
24671,08:38:20,113.926476,22.574677,1,55
24671,08:39:19,113.928909,22.566088,1,35
24671,08:40:20,113.928947,22.564919,1,13
24671,08:40:44,113.924843,22.579657,1,0
24671,08:41:20,113.928955,22.563997,1,7
24671,08:42:19,113.928947,22.559849,1,25
24671,08:43:20,113.92868,22.5578,1,0
24671,08:44:20,113.925873,22.555819,1,32
24671,08:45:19,113.918587,22.555813,1,81
24671,08:46:19,113.908119,22.551785,1,49
24671,08:47:20,113.908615,22.550068,1,79
24671,08:48:20,113.90799,22.544897,1,0
24671,08:48:24,113.90799,22.544889,1,0
24671,08:48:47,113.907959,22.544878,0,10
24671,08:49:00,113.908615,22.550068,1,0
24671,08:49:19,113.905884,22.544516,1,19
24671,08:50:20,113.90921,22.544237,1,0
24671,08:50:52,113.905884,22.544516,1,0
24671,08:51:20,113.911217,22.54427,1,43
24671,08:52:19,113.913437,22.541943,1,38
24671,08:52:45,113.913834,22.541853,1,0
24671,08:53:20,113.915031,22.541451,0,0
24671,08:53:26,113.915047,22.541365,0,16
24671,08:54:20,113.91465,22.539059,1,0
24671,08:55:19,113.91433,22.536175,1,41
24671,08:56:19,113.913773,22.530701,1,31
24671,08:57:20,113.914482,22.527079,1,7
24671,08:58:20,113.914421,22.527161,1,0
24671,08:59:19,113.914375,22.527126,1,11
24671,09:00:20,113.914291,22.523472,1,0
24671,09:01:01,113.914375,22.527126,1,0
24671,09:01:20,113.91169,22.519194,1,41
24671,09:02:19,113.908401,22.515047,1,0
24671,09:03:20,113.908646,22.514786,1,16
24671,09:04:09,113.908401,22.515047,1,0
24671,09:04:20,113.91082,22.515108,1,0
24671,09:05:19,113.910851,22.515127,1,0
24671,09:06:03,113.911911,22.515808,1,17
24671,09:06:20,113.912758,22.516706,0,34
24671,09:06:52,113.913589,22.517473,0,16
24671,09:07:20,113.914398,22.518255,1,36
24671,09:08:20,113.916855,22.5207,1,0
24671,09:09:19,113.91803,22.524252,1,17
24671,09:10:20,113.918015,22.524279,1,0
24671,09:11:09,113.91803,22.524252,1,0
24671,09:11:20,113.917542,22.524673,1,5
24671,09:12:19,113.914871,22.525124,1,19
24671,09:13:20,113.914551,22.526239,1,0
24671,09:14:20,113.91452,22.526438,1,15
24671,09:15:19,113.909088,22.525986,1,16
24671,09:16:20,113.904999,22.528667,1,72
24671,09:17:20,113.9049,22.530945,1,0
24671,09:18:20,113.904892,22.536919,1,50
24671,09:19:17,113.9049,22.530945,1,0
24671,09:19:19,113.90564,22.543621,1,51
24671,09:20:20,113.898674,22.55036,1,90
24671,09:21:17,113.90564,22.543621,1,0
24671,09:21:20,113.890373,22.558294,1,71
24671,09:22:19,113.88707,22.561342,1,0
24671,09:23:20,113.887077,22.561298,1,0
24671,09:24:20,113.887077,22.561329,1,5
24671,09:25:19,113.881599,22.558432,1,50
24671,09:26:20,113.880325,22.561741,1,26
24671,09:26:48,113.880554,22.561905,1,0
24671,09:27:20,113.880814,22.562181,0,32
24671,09:28:00,113.883385,22.564167,0,3
24671,09:28:20,113.884476,22.563444,1,44
24671,09:29:19,113.885391,22.562551,1,5
24671,09:30:20,113.887604,22.560453,1,45
24671,09:31:20,113.893944,22.554399,1,60
24671,09:31:26,113.887604,22.560453,1,0
24671,09:32:19,113.902107,22.546293,1,76
24671,09:33:20,113.904846,22.543938,1,33
24671,09:34:20,113.905724,22.549389,1,49
24671,09:34:25,113.904846,22.543938,1,0
24671,09:36:20,113.921471,22.555496,1,69
24671,09:37:20,113.93322,22.555199,1,59
24671,09:38:20,113.94117,22.555128,1,52
24671,09:39:19,113.949249,22.55579,1,41
24671,09:40:20,113.953545,22.551075,1,64
24671,09:41:20,113.95414,22.546036,1,0
24671,09:41:34,113.905724,22.549389,1,0
24671,09:42:19,113.954185,22.546055,1,0
24671,09:43:20,113.953758,22.544834,1,30
24671,09:44:20,113.949944,22.543512,1,1
24671,09:45:19,113.949226,22.543507,1,17
24671,09:46:20,113.944908,22.54586,1,35
24671,09:47:20,113.945122,22.548538,1,8
24671,09:48:20,113.947731,22.550512,1,19
24671,09:49:20,113.948601,22.554054,1,47
24671,09:49:34,113.947731,22.550512,1,0
24671,09:50:20,113.953163,22.556046,1,58
24671,09:51:20,113.954514,22.556852,1,31
24671,09:51:43,113.953163,22.556046,1,0
24671,09:52:19,113.948265,22.556284,1,46
24671,09:52:52,113.947273,22.556864,1,0
24671,09:53:20,113.947212,22.556938,0,11
24671,09:54:20,113.946831,22.558926,0,21
24671,09:55:19,113.942688,22.559324,0,20
24671,09:56:20,113.94059,22.55735,0,13
24671,09:57:20,113.940399,22.553053,0,25
24671,09:58:20,113.940384,22.549648,0,25
24671,09:59:20,113.940453,22.547838,0,24
24671,10:00:20,113.940475,22.546389,0,0
24671,10:01:20,113.938972,22.546165,0,33
24671,10:01:51,113.940453,22.547838,0,0
24671,10:02:19,113.937187,22.546093,0,15
24671,10:03:20,113.935204,22.542793,0,55
24671,10:04:20,113.926498,22.542948,0,47
24671,10:04:42,113.935204,22.542793,0,0
24671,10:05:19,113.926941,22.542274,0,30
24671,10:06:20,113.92688,22.536167,0,14
24671,10:07:20,113.923805,22.535515,0,0
24671,10:08:20,113.921242,22.535467,0,33
24671,10:10:20,113.920219,22.535467,0,0
24671,10:11:20,113.916321,22.53587,0,0
24671,10:11:42,113.916321,22.535875,0,3
24671,10:11:59,113.920219,22.535467,0,0
24671,10:12:19,113.916496,22.537708,1,17
24671,10:13:20,113.919647,22.538221,1,44
24671,10:14:20,113.919945,22.535738,1,1
24671,10:15:19,113.921494,22.535288,1,0
24671,10:16:20,113.922188,22.53536,1,0
24671,10:17:20,113.922203,22.535398,1,0
24671,10:18:20,113.925781,22.535391,1,27
24671,10:19:20,113.924858,22.531498,1,15
24671,10:19:50,113.925781,22.535391,1,0
24671,10:20:20,113.92421,22.528929,1,26
24671,10:21:20,113.926552,22.525137,1,64
24671,10:22:08,113.92421,22.528929,1,0
24671,10:22:19,113.939255,22.524395,1,81
24671,10:23:20,113.952278,22.523438,1,79
24671,10:24:14,113.957474,22.522558,1,0
24671,10:24:20,113.957466,22.52256,0,0
24671,10:25:19,113.959549,22.524843,0,59
24671,10:26:20,113.958611,22.52565,0,44
24671,10:27:20,113.952202,22.524014,0,62
24671,10:28:20,113.943954,22.524868,0,43
24671,10:29:20,113.934418,22.524923,0,60
24671,10:30:20,113.92733,22.525423,0,23
24671,10:31:20,113.921219,22.526743,0,5
24671,10:32:17,113.958611,22.52565,0,0
24671,10:32:19,113.920975,22.526859,0,0
24671,10:33:20,113.92009,22.527069,0,14
24671,10:34:20,113.919121,22.528631,0,19
24671,10:34:59,113.958611,22.52565,0,0
24671,10:35:19,113.919289,22.529762,0,9
24671,10:36:20,113.919411,22.530193,0,0
24671,10:37:20,113.919403,22.530188,0,0
24671,10:38:20,113.916924,22.531027,1,44
24671,10:39:20,113.915398,22.53116,1,35
24671,10:40:20,113.912445,22.531282,1,10
24671,10:41:20,113.911125,22.5313,1,4
24671,10:42:19,113.9058,22.531427,1,49
24671,10:42:25,113.912445,22.531282,1,0
24671,10:43:20,113.903587,22.529873,1,18
24671,10:43:48,113.903595,22.530012,1,0
24671,10:44:20,113.903625,22.530037,0,2
24671,10:45:19,113.903618,22.530075,0,0
24671,10:46:20,113.903587,22.530083,0,0
24671,10:47:20,113.903564,22.5301,0,0
24671,10:48:20,113.903549,22.530106,0,0
24671,10:49:20,113.903587,22.530092,0,0
24671,10:50:07,113.903549,22.530106,0,0
24671,10:50:20,113.903603,22.530083,0,0
24671,10:51:20,113.903503,22.530266,0,30
24671,10:52:19,113.904526,22.531517,0,0
24671,10:52:33,113.903603,22.530083,0,0
24671,10:58:20,113.895241,22.564276,0,85
24671,10:59:20,113.886909,22.573017,0,75
24671,11:00:20,113.883156,22.578493,0,0
24671,11:01:20,113.882141,22.580313,0,16
24671,11:02:19,113.883369,22.581591,0,9
24671,11:02:41,113.882141,22.580313,0,0
24671,11:03:20,113.884216,22.581345,0,27
24671,11:04:20,113.884789,22.5809,0,2
24671,11:05:15,113.884216,22.581345,0,0
24671,11:05:20,113.887688,22.582352,0,3
24671,11:06:20,113.890251,22.584303,0,23
24671,11:07:20,113.893379,22.585083,0,0
24671,11:08:20,113.897171,22.585911,0,25
24671,11:09:20,113.898666,22.584793,0,0
24671,11:10:20,113.89872,22.58474,0,19
24671,11:11:20,113.90332,22.586046,0,0
24671,11:12:19,113.90947,22.587524,0,89
24671,11:12:50,113.90332,22.586046,0,0
24671,11:13:20,113.911629,22.587627,0,37
24671,11:14:20,113.914986,22.592873,0,51
24671,11:15:19,113.918869,22.604467,0,96
24671,11:16:20,113.92112,22.616688,0,52
24671,11:17:20,113.920059,22.622023,0,44
24671,11:18:20,113.916077,22.624371,0,68
24671,11:19:20,113.90831,22.63574,0,92
24671,11:20:24,113.916077,22.624371,0,0
24671,11:21:20,113.894569,22.659151,0,87
24671,11:22:20,113.891029,22.671183,0,54
24671,11:22:58,113.894569,22.659151,0,0
24671,11:23:20,113.891754,22.674229,0,48
24671,11:24:20,113.892548,22.675018,0,16
24671,11:25:20,113.889114,22.674726,0,7
24671,11:26:20,113.88887,22.674623,0,1
24671,11:27:20,113.888153,22.674286,0,5
24671,11:28:20,113.887306,22.681992,0,72
24671,11:29:20,113.887627,22.692707,0,60
24671,11:30:20,113.886604,22.701113,0,61
24671,11:31:20,113.884262,22.71073,0,57
24671,11:32:20,113.887039,22.716738,0,27
24671,11:33:07,113.884262,22.71073,0,0
24671,11:33:20,113.892273,22.720161,0,39
24671,11:34:20,113.898109,22.719299,0,17
24671,11:35:20,113.899132,22.719088,0,20
24671,11:35:32,113.892273,22.720161,0,0
24671,11:36:20,113.901802,22.718189,0,14
24671,11:37:20,113.901756,22.717459,0,0
24671,11:38:20,113.901726,22.717478,0,0
24671,11:39:20,113.901718,22.717482,0,0
24671,11:40:20,113.901718,22.71747,0,0
24671,11:41:20,113.901726,22.717489,0,0
24671,11:42:20,113.901756,22.717487,0,0
24671,11:43:15,113.901726,22.717478,0,0
24671,11:43:20,113.901711,22.717493,0,0
24671,11:44:20,113.901726,22.717108,0,29
24671,11:45:20,113.903961,22.711332,0,0
24671,11:46:20,113.904289,22.711048,0,0
24671,11:47:20,113.908226,22.708054,0,62
24671,11:48:20,113.913513,22.704332,0,65
24671,11:49:20,113.913643,22.70224,0,0
24671,11:50:20,113.913651,22.702255,0,0
24671,11:50:40,113.901726,22.717478,0,0
24671,11:51:20,113.915016,22.695673,0,89
24671,11:52:20,113.917084,22.691006,0,59
24671,11:53:20,113.922935,22.686783,0,21
24671,11:53:23,113.915016,22.695673,0,0
24671,11:54:20,113.925407,22.685732,0,36
24671,11:55:20,113.927338,22.684851,0,0
24671,11:56:20,113.927338,22.684856,0,0
24671,11:57:20,113.928917,22.684097,0,11
24671,11:58:20,113.928528,22.681648,0,25
24671,11:59:20,113.926994,22.680307,0,0
24671,12:00:20,113.926987,22.680311,0,0
24671,12:01:20,113.926987,22.680298,0,0
24671,12:02:20,113.926964,22.680325,0,0
24671,12:02:46,113.926964,22.680344,0,1
24671,12:03:20,113.925987,22.678705,1,18
24671,12:03:32,113.926987,22.680298,0,0
24671,12:04:20,113.924187,22.675327,1,52
24671,12:05:20,113.922096,22.673197,1,0
24671,12:05:48,113.925987,22.678705,1,0
24671,12:06:20,113.920921,22.671747,1,0
24671,12:07:20,113.920921,22.671762,1,0
24671,12:08:20,113.920921,22.67177,1,0
24671,12:09:20,113.920189,22.667528,1,5
24671,12:10:20,113.920113,22.662928,1,66
24671,12:11:20,113.91507,22.653646,1,0
24671,12:12:20,113.91494,22.652328,1,59
24671,12:13:20,113.921951,22.6427,1,94
24671,12:13:40,113.91507,22.653646,1,0
24671,12:14:20,113.927246,22.636827,1,0
24671,12:15:21,113.932152,22.631382,1,75
24671,12:16:20,113.934395,22.625456,1,0
24671,12:17:20,113.934692,22.620235,1,69
24671,12:18:20,113.932701,22.608908,1,74
24671,12:19:20,113.927139,22.598549,1,77
24671,12:20:20,113.925072,22.58836,1,69
24671,12:20:57,113.927139,22.598549,1,0
24671,12:21:20,113.924782,22.584875,1,0
24671,12:22:20,113.924736,22.584881,1,0
24671,12:23:20,113.924904,22.578646,1,38
24671,12:23:48,113.924782,22.584875,1,0
24671,12:24:20,113.92894,22.567865,1,82
24671,12:25:21,113.930305,22.564981,1,50
24671,12:26:20,113.937744,22.565199,1,96
24671,12:27:20,113.953842,22.563686,1,109
24671,12:28:20,113.970543,22.559881,1,111
24671,12:29:20,113.984177,22.551014,1,103
24671,12:30:20,113.998596,22.545483,1,106
24671,12:31:20,114.009514,22.539337,1,0
24671,12:32:20,114.009613,22.539167,1,25
24671,12:32:54,114.009514,22.539337,1,0
24671,12:34:20,114.014526,22.530701,1,46
24671,12:35:03,114.009613,22.539167,1,0
24671,12:35:21,114.025467,22.53124,1,91
24671,12:36:20,114.039429,22.530783,1,80
24671,12:37:20,114.050827,22.531269,1,35
24671,12:38:20,114.053741,22.530104,1,4
24671,12:39:20,114.053513,22.52738,1,19
24671,12:40:20,114.056702,22.527384,1,3
24671,12:40:54,114.056953,22.527596,1,1
24671,12:41:20,114.05703,22.527561,0,10
24671,12:42:20,114.057022,22.526737,0,0
24671,12:43:02,114.057022,22.526737,0,0
24671,12:43:20,114.056602,22.525938,0,21
24671,12:44:20,114.055832,22.52614,0,10
24671,12:44:56,114.055473,22.525864,0,8
24671,12:45:21,114.054878,22.526037,1,0
24671,12:46:20,114.051575,22.526125,1,11
24671,12:47:20,114.053848,22.531372,1,56
24671,12:48:20,114.063095,22.531454,1,51
24671,12:49:20,114.071846,22.531717,1,68
24671,12:50:11,114.071846,22.531717,1,0
24671,12:50:20,114.079086,22.534636,1,39
24671,12:51:20,114.081612,22.538799,1,19
24671,12:52:20,114.077858,22.533422,1,42
24671,12:53:10,114.077858,22.533422,1,0
24671,12:53:20,114.071548,22.531975,1,50
24671,12:54:20,114.068092,22.531002,1,35
24671,12:55:21,114.072617,22.531652,1,38
24671,12:56:20,114.079956,22.536135,1,52
24671,12:58:20,114.101051,22.538088,1,72
24671,12:59:20,114.109718,22.53767,1,52
24671,13:00:20,114.116287,22.539118,1,20
24671,13:01:20,114.116409,22.53602,1,25
24671,13:02:20,114.116173,22.53582,1,14
24671,13:03:19,114.116173,22.53582,1,0
24671,13:03:20,114.115807,22.535389,1,1
24671,13:04:20,114.115479,22.535236,1,0
24671,13:05:20,114.115479,22.535236,1,0
24671,13:05:21,114.115158,22.534967,1,1
24671,13:06:20,114.114891,22.534765,1,5
24671,13:07:20,114.11438,22.534632,1,0
24671,13:08:20,114.114243,22.534449,1,8
24671,13:09:20,114.113525,22.534145,0,1
24671,13:10:20,114.113007,22.534195,0,6
24671,13:12:20,114.117363,22.536585,0,22
24671,13:13:20,114.122192,22.539837,0,41
24671,13:14:20,114.131271,22.545006,0,83
24671,13:15:21,114.137283,22.550867,0,37
24671,13:16:20,114.139404,22.554085,0,0
24671,13:17:20,114.139404,22.554077,0,0
24671,13:28:20,114.139709,22.554432,0,19
24671,13:28:57,114.140472,22.554903,0,12
24671,13:29:20,114.142281,22.555508,1,47
24671,13:30:20,114.143562,22.55323,1,0
24671,13:31:20,114.14315,22.550703,1,5
24671,13:33:20,114.141998,22.550182,1,38
24671,13:34:10,114.139977,22.54999,1,10
24671,13:34:20,114.139534,22.549932,0,13
24671,13:35:21,114.132767,22.549143,0,34
24671,13:35:36,114.139534,22.549932,0,0
24671,13:36:20,114.129356,22.548613,0,39
24671,13:37:20,114.126015,22.549225,0,0
24671,13:38:20,114.126022,22.549206,0,0
24671,13:40:20,114.128708,22.549198,0,1
24671,13:41:20,114.12571,22.545689,0,23
24671,13:42:20,114.122849,22.545094,0,43
24671,13:43:20,114.12133,22.543699,0,0
24671,13:43:52,114.126022,22.549206,0,0
24671,13:44:20,114.120842,22.54261,0,0
24671,13:45:21,114.120911,22.542599,0,0
24671,13:46:20,114.119942,22.5415,0,0
24671,13:46:26,114.119873,22.54138,0,16
24671,13:47:20,114.117752,22.539787,1,40
24671,13:48:21,114.110153,22.537842,1,56
24671,13:49:20,114.106049,22.538836,1,41
24671,13:50:20,114.108749,22.541607,1,2
24671,13:50:45,114.106049,22.538836,1,0
24671,13:51:20,114.10955,22.541689,1,0
24671,13:52:20,114.110649,22.538378,1,0
24671,13:53:20,114.111023,22.535675,1,0
24671,13:54:01,114.110649,22.538378,1,0
24671,13:54:20,114.111549,22.532297,1,42
24671,13:56:20,114.114586,22.531975,0,26
24671,13:57:20,114.113998,22.537045,0,34
24671,13:59:01,114.113701,22.54043,0,0
24671,13:59:20,114.113701,22.540403,1,0
24671,14:00:20,114.115555,22.541056,1,0
24671,14:01:20,114.116066,22.541162,1,0
24671,14:02:20,114.11647,22.540352,1,37
24671,14:03:20,114.1119,22.538071,1,45
24671,14:04:09,114.11647,22.540352,1,0
24671,14:04:20,114.104279,22.537903,1,51
24671,14:05:21,114.095009,22.5382,1,66
24671,14:05:53,114.104279,22.537903,1,0
24671,14:06:20,114.08947,22.539124,1,8
24671,14:07:20,114.086716,22.538376,1,16
24671,14:08:21,114.086594,22.540335,1,0
24671,14:09:20,114.085747,22.540756,1,25
24671,14:10:20,114.083099,22.540731,1,33
24671,14:11:08,114.082184,22.540718,1,0
24671,14:11:20,114.082176,22.54071,0,0
24671,14:12:21,114.081566,22.543196,0,23
24671,14:13:20,114.078728,22.543219,0,13
24671,14:14:17,114.078728,22.543219,0,0
24671,14:14:20,114.077995,22.543188,0,3
24671,14:15:21,114.076355,22.543159,0,0
24671,14:16:20,114.074966,22.543139,1,62
24671,14:17:20,114.062073,22.542868,1,89
24671,14:18:21,114.048744,22.542669,1,81
24671,14:19:20,114.043709,22.542624,1,28
24671,14:20:20,114.04364,22.541361,1,39
24671,14:21:01,114.043709,22.542624,1,0
24671,14:24:20,114.046135,22.539463,0,0
24671,14:24:26,114.04364,22.541361,1,0
24671,14:25:21,114.045525,22.540792,0,18
24671,14:26:20,114.045212,22.539621,1,37
24671,14:27:20,114.043983,22.540501,1,34
24671,14:28:21,114.045425,22.537256,1,64
24671,14:29:20,114.04792,22.535776,1,0
24671,14:30:20,114.048111,22.535172,1,0
24671,14:30:46,114.048409,22.535257,0,32
24671,14:31:20,114.050049,22.534008,1,28
24671,14:32:21,114.04718,22.531719,1,36
24671,14:33:20,114.04348,22.53204,1,15
24671,14:34:20,114.044899,22.527582,1,12
24671,14:34:34,114.04348,22.53204,1,0
24671,14:35:21,114.043175,22.52352,1,60
24671,14:36:09,114.044899,22.527582,1,0
24671,14:36:20,114.04187,22.521557,1,0
24671,14:37:20,114.039879,22.51819,1,54
24671,14:38:21,114.03598,22.517258,1,47
24671,14:39:20,114.03009,22.520208,1,56
24671,14:40:20,114.029259,22.520638,1,0
24671,14:41:20,114.025253,22.523073,1,30
24671,14:42:21,114.026291,22.525248,1,26
24671,14:43:20,114.025002,22.52706,1,0
24671,14:44:08,114.024879,22.52722,1,0
24671,14:44:20,114.024887,22.527222,0,0
24671,14:44:43,114.025002,22.52706,1,0
24671,14:45:07,114.025017,22.52766,0,13
24671,14:45:21,114.025269,22.528282,1,6
24671,14:46:20,114.028725,22.526995,1,32
24671,14:47:20,114.031219,22.526777,1,21
24671,14:48:21,114.037094,22.523937,1,0
24671,14:49:20,114.037086,22.523928,1,0
24671,14:50:20,114.037041,22.523914,1,0
24671,14:51:18,114.037086,22.523928,1,0
24671,14:51:20,114.038216,22.523998,1,14
24671,14:51:57,114.038727,22.524378,1,0
24671,14:52:21,114.038765,22.524469,0,15
24671,14:52:49,114.038712,22.524353,0,14
24671,14:53:20,114.038277,22.523952,1,0
24671,14:54:20,114.034988,22.525066,1,51
24671,14:54:51,114.038277,22.523952,1,0
24671,14:55:21,114.032761,22.526339,1,23
24671,14:56:20,114.025826,22.530628,1,69
24671,14:57:20,114.01783,22.531908,1,44
24671,14:59:20,113.997742,22.529495,1,57
24671,15:00:20,113.989128,22.524628,1,71
24671,15:01:21,113.976646,22.522964,1,84
24671,15:02:21,113.963486,22.522915,1,80
24671,15:03:20,113.953316,22.523647,1,33
24671,15:04:20,113.949394,22.524742,1,44
24671,15:04:59,113.953316,22.523647,1,0
24671,15:05:21,113.949997,22.530832,1,55
24671,15:06:19,113.952423,22.538645,1,57
24671,15:06:26,113.949997,22.530832,1,0
24671,15:07:20,113.954193,22.550634,1,82
24671,15:08:21,113.952972,22.56255,1,21
24671,15:09:20,113.950691,22.570036,1,70
24671,15:10:20,113.949638,22.575632,1,31
24671,15:11:21,113.949501,22.579609,1,0
24671,15:12:21,113.949791,22.583483,1,0
24671,15:13:20,113.949783,22.583479,1,0
24671,15:14:19,113.949791,22.583467,1,0
24671,15:15:08,113.949783,22.583479,1,0
24671,15:15:21,113.949303,22.580526,1,55
24671,15:16:20,113.947456,22.576471,1,19
24671,15:16:56,113.947617,22.576363,1,0
24671,15:17:20,113.948463,22.575872,0,30
24671,15:18:21,113.948845,22.575693,0,8
24671,15:19:20,113.949577,22.573849,0,44
24671,15:20:20,113.945778,22.571564,0,52
24671,15:21:21,113.938873,22.571587,0,26
24671,15:21:34,113.945778,22.571564,0,0
24671,15:22:21,113.934425,22.571556,0,0
24671,15:23:20,113.933731,22.571568,0,40
24671,15:24:19,113.929153,22.571707,0,0
24671,15:25:16,113.933731,22.571568,0,0
24671,15:25:21,113.924637,22.57173,0,3
24671,15:26:20,113.91787,22.56904,0,37
24671,15:27:20,113.916199,22.565651,0,0
24671,15:28:21,113.916275,22.563347,0,0
24671,15:29:20,113.919472,22.561411,0,1
24671,15:30:20,113.918358,22.556675,0,52
24671,15:31:21,113.909279,22.552299,0,62
24671,15:32:21,113.904381,22.556925,0,47
24671,15:33:20,113.89859,22.562107,0,18
24671,15:34:20,113.899048,22.5627,0,1
24671,15:35:21,113.898308,22.563711,0,0
24671,15:35:24,113.929153,22.571707,0,0
24671,15:36:20,113.897324,22.564632,1,16
24671,15:36:43,113.929153,22.571707,0,0
24671,15:37:20,113.896111,22.565798,1,23
24671,15:37:59,113.894859,22.567093,1,13
24671,15:38:21,113.894264,22.567612,0,6
24671,15:39:20,113.896172,22.565653,0,24
24671,15:40:20,113.896606,22.565283,0,0
24671,15:41:21,113.896927,22.564978,0,0
24671,15:42:21,113.898155,22.565718,0,8
24671,15:43:20,113.898994,22.566517,0,1
24671,15:44:20,113.90004,22.566011,0,31
24671,15:45:21,113.902489,22.563522,1,28
24671,15:45:33,113.894264,22.567612,0,0
24671,15:46:20,113.901909,22.560358,1,65
24671,15:47:20,113.895264,22.554638,1,40
24671,15:48:21,113.895164,22.554541,1,0
24671,15:49:20,113.896217,22.55213,1,53
24671,15:50:20,113.905327,22.544493,1,74
24671,15:51:21,113.91449,22.543472,1,0
24671,15:51:33,113.914474,22.543474,1,1
24671,15:51:51,113.905327,22.544493,1,0
24671,15:52:13,113.915291,22.542435,0,19
24671,15:52:21,113.915199,22.541782,1,33
24671,15:53:20,113.91436,22.536709,1,41
24671,15:54:20,113.913986,22.534077,1,40
24671,15:55:21,113.914505,22.527937,1,42
24671,15:55:41,113.913986,22.534077,1,0
24671,15:56:20,113.914482,22.52706,1,0
24671,15:57:20,113.915962,22.52726,1,27
24671,15:58:21,113.91658,22.527279,1,0
24671,15:59:20,113.916595,22.527267,1,0
24671,16:00:20,113.917915,22.527027,1,14
24671,16:01:21,113.918335,22.526913,1,0
24671,16:02:21,113.91832,22.526917,1,0
24671,16:03:20,113.91832,22.526917,1,0
24671,16:04:20,113.918068,22.524775,1,0
24671,16:05:21,113.917412,22.52173,1,0
24671,16:05:49,113.918068,22.524775,1,0
24671,16:06:15,113.91758,22.521742,1,0
24671,16:06:20,113.91758,22.521755,0,0
24671,16:07:00,113.917412,22.52173,1,0
24671,16:07:20,113.918068,22.524424,0,0
24671,16:08:21,113.918037,22.524403,0,0
24671,16:09:20,113.916809,22.524893,0,0
24671,16:09:37,113.916336,22.524935,0,16
24671,16:10:20,113.914635,22.526857,1,28
24671,16:11:21,113.914322,22.52953,1,47
24671,16:12:21,113.914436,22.53548,1,16
24671,16:13:20,113.915932,22.53566,1,0
24671,16:14:21,113.916679,22.535585,1,16
24671,16:15:21,113.920326,22.535368,1,42
24671,16:15:58,113.916679,22.535585,1,0
24671,16:16:20,113.922966,22.535494,1,0
24671,16:17:20,113.922989,22.535482,1,0
24671,16:18:21,113.922363,22.535543,1,29
24671,16:19:20,113.920403,22.535517,1,0
24671,16:20:20,113.920341,22.535521,1,0
24671,16:21:21,113.917572,22.535652,1,14
24671,16:22:08,113.920341,22.535521,1,0
24671,16:22:21,113.91452,22.5357,1,0
24671,16:23:20,113.914536,22.535685,1,0
24671,16:24:21,113.913658,22.532185,1,24
24671,16:25:21,113.91214,22.531372,1,0
24671,16:26:06,113.913658,22.532185,1,0
24671,16:26:20,113.912132,22.531357,1,0
24671,16:30:20,113.912155,22.53134,1,0
24671,16:31:05,113.912155,22.531326,1,0
24671,16:31:21,113.912132,22.531322,0,0
24671,16:32:21,113.91198,22.531227,0,0
24671,16:33:20,113.912048,22.53116,0,0
24671,16:34:21,113.912003,22.531096,0,0
24671,16:35:21,113.910973,22.531437,0,0
24671,16:36:15,113.912003,22.531096,0,0
24671,16:36:20,113.910408,22.53294,0,4
24671,16:36:25,113.9104,22.533068,0,19
24671,16:37:16,113.910973,22.531437,0,0
24671,16:37:20,113.910271,22.531717,1,11
24671,16:38:21,113.910294,22.531668,1,0
24671,16:39:20,113.910332,22.531357,1,18
24671,16:40:20,113.914536,22.531176,1,44
24671,16:41:21,113.916924,22.531105,1,1
24671,16:42:21,113.917824,22.530928,1,11
24671,16:43:20,113.918098,22.530746,1,0
24671,16:44:21,113.918953,22.530701,1,0
24671,16:45:21,113.918938,22.530752,1,0
24671,16:46:20,113.919472,22.530447,1,3
24671,16:46:23,113.918953,22.530701,1,0
24671,16:47:20,113.921829,22.529987,1,0
24671,16:48:21,113.921906,22.530064,1,1
24671,16:49:21,113.92202,22.530033,1,0
24671,16:50:20,113.922913,22.529745,1,0
24671,16:51:21,113.924171,22.529253,1,22
24671,16:52:21,113.926559,22.525114,1,76
24671,16:52:24,113.922913,22.529745,1,0
24671,16:53:20,113.938683,22.524096,1,70
24671,16:54:21,113.941055,22.523212,1,62
24671,16:55:21,113.940994,22.527172,1,12
24671,16:56:20,113.940865,22.532459,1,3
24671,16:56:31,113.941055,22.523212,1,0
24671,16:56:47,113.940712,22.532312,1,0
24671,16:57:20,113.940529,22.530045,0,34
24671,16:58:21,113.934296,22.528032,0,34
24671,16:59:05,113.931854,22.528109,0,17
24671,16:59:21,113.930588,22.528118,1,10
24671,17:00:20,113.93055,22.52812,1,0
24671,17:01:21,113.927933,22.522087,1,76
24671,17:02:21,113.925713,22.519449,1,0
24671,17:02:33,113.925697,22.519463,0,0
24671,17:03:20,113.925568,22.521641,0,5
24671,17:03:35,113.925606,22.52161,1,7
24671,17:04:21,113.925232,22.519936,1,0
24671,17:05:21,113.924957,22.518721,1,22
24671,17:06:20,113.922699,22.517952,1,0
24671,17:06:40,113.925232,22.519936,1,0
24671,17:07:20,113.921402,22.518393,1,35
24671,17:07:33,113.924957,22.518721,1,0
24671,17:08:21,113.917755,22.520958,1,0
24671,17:09:21,113.914383,22.518494,1,0
24671,17:10:20,113.9114,22.515659,1,0
24671,17:11:21,113.91217,22.51375,1,0
24671,17:11:27,113.91217,22.513752,1,0
24671,17:12:21,113.913292,22.512518,0,0
24671,17:13:20,113.913528,22.512636,0,0
24671,17:14:21,113.91066,22.515339,0,8
24671,17:15:21,113.908928,22.516581,0,0
24671,17:16:05,113.909019,22.516941,0,30
24671,17:16:20,113.909943,22.518328,1,39
24671,17:16:49,113.908928,22.516581,0,0
24671,17:17:20,113.913872,22.518536,1,10
24671,17:18:21,113.913971,22.518421,1,13
24671,17:19:21,113.916817,22.517008,1,12
24671,17:20:20,113.918236,22.515919,1,23
24671,17:21:21,113.920013,22.5145,1,2
24671,17:21:47,113.919426,22.514917,0,21
24671,17:22:21,113.91806,22.516026,1,0
24671,17:22:41,113.918236,22.515919,1,0
24671,17:23:20,113.916267,22.517223,1,26
24671,17:24:21,113.915024,22.517508,1,8
24671,17:25:21,113.914764,22.517721,1,0
24671,17:26:20,113.915131,22.519148,1,60
24671,17:26:57,113.914764,22.517721,1,0
24671,17:27:20,113.918159,22.524614,1,40
24671,17:28:21,113.918312,22.525639,1,0
24671,17:29:21,113.918549,22.526672,1,5
24671,17:30:20,113.91848,22.526731,1,0
24671,17:31:21,113.918434,22.526758,1,0
24671,17:32:21,113.918228,22.526722,1,0
24671,17:33:20,113.918137,22.526695,1,0
24671,17:34:21,113.919327,22.5301,1,0
24671,17:35:21,113.919357,22.530081,1,4
24671,17:36:20,113.920029,22.534428,1,0
24671,17:36:35,113.920021,22.534424,1,0
24671,17:37:06,113.919357,22.530081,1,0
24671,17:37:20,113.91993,22.534927,0,0
24671,17:37:50,113.919357,22.530081,1,0
24671,17:38:21,113.919899,22.534908,0,0
24671,17:39:21,113.916656,22.535591,0,17
24671,17:45:21,113.915443,22.542688,1,3
24671,17:46:20,113.915512,22.542824,1,0
24671,17:47:14,113.916656,22.535591,0,0
24671,17:47:21,113.915527,22.542982,1,22
24671,17:48:21,113.910034,22.547688,1,55
24671,17:49:21,113.906509,22.555325,1,30
24671,17:50:20,113.900391,22.560457,1,56
24671,17:51:21,113.893723,22.566013,1,70
24671,17:52:21,113.889679,22.570583,1,13
24671,17:52:58,113.906509,22.555325,1,0
24671,17:53:20,113.886314,22.573828,1,13
24671,17:54:21,113.886879,22.574356,1,0
24671,17:55:21,113.887146,22.574577,1,6
24671,17:56:20,113.890083,22.577148,1,31
24671,17:57:21,113.894028,22.577152,1,7
24671,17:57:23,113.887146,22.574577,1,0
24671,17:57:55,113.894341,22.576782,1,0
24671,17:58:15,113.89444,22.576702,1,21
24671,17:58:21,113.89476,22.576389,1,32
24671,17:59:21,113.894135,22.573826,1,38
24671,18:00:20,113.893753,22.572241,1,36
24671,18:01:21,113.895721,22.57029,1,26
24671,18:02:21,113.89502,22.568428,1,2
24671,18:03:20,113.893547,22.567772,1,16
24671,18:04:21,113.892601,22.56741,1,11
24671,18:05:21,113.896255,22.563396,1,70
24671,18:06:20,113.904648,22.556305,1,55
24671,18:07:20,113.907784,22.551516,1,48
24671,18:07:31,113.896255,22.563396,1,0
24671,18:08:06,113.904648,22.556305,1,0
24671,18:08:20,113.909554,22.546173,1,63
24671,18:09:20,113.910156,22.53985,1,36
24671,18:10:19,113.910271,22.53573,1,0
24671,18:11:21,113.910278,22.535467,1,20
24671,18:12:00,113.910255,22.534452,1,0
24671,18:12:20,113.910316,22.533987,0,31
24671,18:13:20,113.910477,22.534964,0,13
24671,18:14:20,113.910477,22.535036,0,0
24671,18:21:21,113.915993,22.538713,1,15
24671,18:22:21,113.917686,22.538651,1,53
24671,18:23:15,113.915993,22.538713,1,0
24671,18:23:20,113.921005,22.538853,1,47
24671,18:24:20,113.922836,22.536358,1,2
24671,18:25:21,113.922852,22.536386,1,0
24671,18:26:20,113.923561,22.535389,1,36
24671,18:26:48,113.922852,22.536386,1,0
24671,18:27:20,113.925346,22.532471,1,24
24671,18:28:21,113.924408,22.530413,1,30
24671,18:29:21,113.924217,22.528133,1,48
24671,18:30:20,113.925224,22.52541,1,6
24671,18:31:21,113.926041,22.525105,1,4
24671,18:32:21,113.929169,22.524372,1,26
24671,18:33:20,113.932579,22.522671,1,0
24671,18:34:21,113.932556,22.522442,1,7
24671,18:35:21,113.931,22.520502,1,2
24671,18:35:45,113.931038,22.520622,1,1
24671,18:36:19,113.930939,22.520527,0,10
24671,18:36:20,113.930923,22.520496,1,11
24671,18:36:57,113.930923,22.520496,1,0
24671,18:37:20,113.928284,22.519623,1,0
24671,18:37:23,113.930923,22.520496,1,0
24671,18:38:21,113.928307,22.51965,1,0
24671,18:39:21,113.92794,22.521822,1,61
24671,18:40:19,113.92984,22.526979,1,0
24671,18:41:21,113.92997,22.527243,1,4
24671,18:42:21,113.928398,22.525242,1,10
24671,18:43:19,113.923126,22.526251,1,30
24671,18:44:21,113.922226,22.526512,1,0
24671,18:45:21,113.921967,22.526627,1,5
24671,18:46:20,113.92173,22.526678,1,0
24671,18:47:06,113.92173,22.526678,1,0
24671,18:47:21,113.921516,22.526672,1,8
24671,18:48:21,113.920074,22.527048,1,11
24671,18:49:21,113.918915,22.527416,1,0
24671,18:50:21,113.918816,22.527458,1,0
24671,18:51:21,113.918877,22.527493,1,0
24671,18:52:21,113.918312,22.527693,1,0
24671,18:52:32,113.918877,22.527493,1,0
24671,18:52:41,113.918312,22.52767,1,0
24671,18:53:20,113.916237,22.527647,0,21
24671,18:54:21,113.914314,22.529507,0,30
24671,18:55:21,113.913895,22.532681,0,0
24671,18:56:20,113.913902,22.532663,0,0
24671,18:57:14,113.913902,22.532663,0,0
24671,18:57:21,113.913864,22.532703,0,0
24671,18:58:21,113.913872,22.532673,0,0
24671,18:59:21,113.913811,22.532681,0,0
24671,19:00:21,113.914284,22.535322,0,11
24671,19:01:03,113.915672,22.535488,0,28
24671,19:01:21,113.916023,22.535479,1,0
24671,19:02:21,113.916023,22.535507,1,0
24671,19:03:20,113.919533,22.535378,1,0
24671,19:04:21,113.919525,22.535372,1,0
24671,19:06:20,113.919746,22.538643,1,12
24671,19:07:21,113.91935,22.542994,1,11
24671,19:07:23,113.919746,22.538643,1,0
24671,19:07:40,113.919746,22.538643,1,0
24671,19:09:21,113.928085,22.547503,1,27
24671,19:10:21,113.931137,22.549229,1,15
24671,19:11:20,113.933548,22.545898,1,20
24671,19:12:21,113.933922,22.545502,1,0
24671,19:13:17,113.933945,22.54554,1,0
24671,19:13:20,113.933945,22.54554,0,0
24671,19:14:19,113.933929,22.545586,0,7
24671,19:14:21,113.933907,22.545584,1,8
24671,19:15:20,113.933624,22.543547,1,42
24671,19:16:20,113.928864,22.542763,1,55
24671,19:17:21,113.926147,22.542965,1,3
24671,19:17:31,113.928864,22.542763,1,0
24671,19:19:21,113.924896,22.542994,1,0
24671,19:20:21,113.923515,22.54302,1,0
24671,19:21:21,113.923164,22.54311,1,0
24671,19:22:21,113.922791,22.543104,1,0
24671,19:22:49,113.923164,22.54311,1,0
24671,19:23:20,113.922714,22.543114,1,0
24671,19:24:21,113.922211,22.543135,1,10
24671,19:25:20,113.921623,22.543156,1,0
24671,19:26:20,113.921509,22.543184,1,9
24671,19:27:21,113.920326,22.543236,1,0
24671,19:27:39,113.921509,22.543184,1,0
24671,19:28:21,113.920341,22.543274,1,1
24671,19:29:21,113.916161,22.543423,1,33
24671,19:30:20,113.905014,22.544703,1,73
24671,19:31:20,113.896271,22.552593,1,85
24671,19:32:21,113.889763,22.559032,1,37
24671,19:33:20,113.887375,22.561245,1,0
24671,19:34:21,113.88739,22.561241,1,0
24671,19:35:21,113.886261,22.562267,1,28
24671,19:36:20,113.883858,22.564672,1,0
24671,19:37:21,113.883858,22.564665,1,0
24671,19:37:48,113.883858,22.564672,1,0
24671,19:37:57,113.883858,22.564672,1,0
24671,19:38:20,113.878014,22.569721,1,77
24671,19:39:21,113.877792,22.573811,1,0
24671,19:39:40,113.877762,22.573795,1,0
24671,19:40:20,113.877876,22.573885,0,0
24671,19:41:21,113.880028,22.575745,0,38
24671,19:42:21,113.884315,22.574968,0,49
24671,19:43:19,113.889046,22.570583,0,37
24671,19:43:58,113.889977,22.569557,1,17
24671,19:44:21,113.891365,22.568226,1,45
24671,19:45:21,113.890015,22.564299,1,0
24671,19:46:21,113.890022,22.564314,1,0
24671,19:47:20,113.886887,22.561888,1,8
24671,19:47:56,113.890022,22.564314,1,0
24671,19:48:21,113.884727,22.563643,1,0
24671,19:49:21,113.884743,22.56361,1,0
24671,19:50:21,113.884468,22.563923,1,9
24671,19:51:21,113.881798,22.563313,1,34
24671,19:52:21,113.879387,22.561193,1,0
24671,19:53:06,113.881798,22.563313,1,0
24671,19:53:21,113.880943,22.560371,1,42
24671,19:53:51,113.881195,22.560886,1,0
24671,19:54:20,113.881149,22.561363,0,30
24671,19:55:21,113.884811,22.563164,0,58
24671,19:56:21,113.886436,22.561546,0,0
24671,19:57:21,113.886444,22.561544,0,0
24671,19:58:05,113.886436,22.561546,0,0
24671,19:58:20,113.888885,22.559238,0,77
24671,19:59:21,113.89769,22.550793,0,72
24671,20:00:20,113.90699,22.5445,0,79
24671,20:01:21,113.915283,22.54241,0,25
24671,20:02:20,113.914505,22.537794,0,26
24671,20:03:21,113.914307,22.535675,0,14
24671,20:04:21,113.916145,22.535418,0,22
24671,20:04:51,113.916916,22.535389,0,26
24671,20:05:21,113.919586,22.535358,1,0
24671,20:06:21,113.919754,22.538267,1,58
24671,20:08:13,113.919754,22.538267,1,0
24671,20:08:14,113.919754,22.538267,1,0
24671,20:09:20,113.918755,22.546444,1,2
24671,20:10:20,113.918434,22.551258,1,36
24671,20:11:20,113.918861,22.558039,1,30
24671,20:12:21,113.918648,22.562197,1,58
24671,20:13:20,113.917389,22.565319,1,19
24671,20:13:59,113.918144,22.565372,1,0
24671,20:14:20,113.917999,22.565382,0,14
24671,20:15:20,113.916229,22.563332,0,0
24671,20:16:20,113.919151,22.559591,0,26
24671,20:17:21,113.918861,22.55834,0,34
24671,20:18:21,113.918495,22.553843,0,33
24671,20:18:22,113.918861,22.55834,0,0
24671,20:19:20,113.923058,22.554892,0,28
24671,20:20:21,113.923164,22.551872,0,18
24671,20:21:20,113.923035,22.549458,0,0
24671,20:22:20,113.92263,22.546753,0,41
24671,20:23:21,113.922287,22.542238,0,35
24671,20:23:23,113.92263,22.546753,0,0
24671,20:23:54,113.922226,22.541267,0,29
24671,20:24:20,113.922363,22.53944,1,20
24671,20:25:20,113.922806,22.535515,1,19
24671,20:26:21,113.920525,22.535439,1,0
24671,20:27:20,113.919792,22.532772,1,63
24671,20:28:21,113.918755,22.530647,1,10
24671,20:28:30,113.922806,22.535515,1,0
24671,20:29:07,113.918159,22.530832,1,0
24671,20:29:21,113.918137,22.530867,0,0
24671,20:30:20,113.915955,22.531944,0,19
24671,20:31:21,113.916046,22.534048,0,14
24671,20:32:21,113.916519,22.535418,0,16
24671,20:33:21,113.9226,22.535368,1,0
24671,20:34:21,113.922874,22.535395,1,8
24671,20:35:20,113.926437,22.534555,1,48
24671,20:36:20,113.924187,22.528299,1,41
24671,20:37:20,113.926186,22.525003,1,26
24671,20:38:21,113.925972,22.522547,1,6
24671,20:38:31,113.926186,22.525003,1,0
24671,20:38:39,113.926186,22.525003,1,0
24671,20:39:13,113.925034,22.521902,0,0
24671,20:39:20,113.925003,22.521887,0,0
24671,20:40:20,113.925446,22.521877,0,14
24671,20:41:21,113.925087,22.519444,0,34
24671,20:42:20,113.922302,22.518377,0,34
24671,20:43:20,113.924561,22.524929,0,51
24671,20:44:21,113.925858,22.532927,0,65
24671,20:45:21,113.926949,22.535143,0,19
24671,20:46:20,113.924728,22.531372,0,48
24671,20:47:21,113.923485,22.529758,0,0
24671,20:48:21,113.92289,22.529791,0,21
24671,20:48:47,113.923485,22.529758,0,0
24671,20:49:21,113.919746,22.530052,0,0
24671,20:50:20,113.919983,22.533304,0,33
24671,20:51:21,113.916801,22.535538,0,42
24671,20:53:40,113.919983,22.533304,0,0
24671,20:54:20,113.911713,22.53524,0,0
24671,20:55:21,113.91172,22.535288,0,0
24671,21:05:20,113.911888,22.535259,0,12
24671,21:06:21,113.91394,22.535334,0,0
24671,21:07:21,113.916504,22.535442,0,38
24671,21:08:21,113.919914,22.534554,0,40
24671,21:08:49,113.916504,22.535442,0,0
24671,21:09:05,113.916504,22.535442,0,0
24671,21:09:21,113.919441,22.530785,0,0
24671,21:10:20,113.919189,22.529552,0,26
24671,21:11:20,113.918198,22.525337,0,27
24671,21:11:48,113.917885,22.524166,0,24
24671,21:12:20,113.917343,22.521542,1,5
24671,21:13:21,113.918381,22.520374,1,30
24671,21:14:20,113.921768,22.518038,1,1
24671,21:15:21,113.921753,22.518038,1,0
24671,21:16:21,113.921768,22.518028,1,0
24671,21:17:21,113.923706,22.522285,1,45
24671,21:18:20,113.924408,22.529406,1,44
24671,21:19:14,113.923706,22.522285,1,0
24671,21:19:20,113.926811,22.534838,1,36
24671,21:20:20,113.927132,22.541962,1,40
24671,21:21:21,113.92878,22.549831,1,63
24671,21:22:20,113.933075,22.555138,1,56
24671,21:23:21,113.943573,22.555044,1,82
24671,21:23:58,113.933075,22.555138,1,0
24671,21:24:21,113.955154,22.556299,1,68
24671,21:25:20,113.96714,22.557486,1,77
24671,21:26:20,113.977669,22.557028,1,50
24671,21:27:20,113.984352,22.557589,1,18
24671,21:28:20,113.983437,22.560707,1,56
24671,21:29:20,113.987816,22.567087,1,72
24671,21:29:22,113.984352,22.557589,1,0
24671,21:31:20,113.984055,22.585857,1,40
24671,21:32:20,113.991699,22.587399,1,71
24671,21:33:22,114.002586,22.590939,1,63
24671,21:34:20,114.01339,22.590532,1,67
24671,21:35:20,114.023956,22.594088,1,76
24671,21:36:22,114.035774,22.594046,1,67
24671,21:37:20,114.046684,22.592253,1,83
24671,21:38:20,114.056786,22.595839,1,69
24671,21:39:06,114.046684,22.592253,1,0
24671,21:39:20,114.061653,22.60483,1,63
24671,21:39:31,114.056786,22.595839,1,0
24671,21:40:21,114.07048,22.611092,1,74
24671,21:41:20,114.076683,22.618931,1,44
24671,21:42:20,114.080566,22.62681,1,48
24671,21:43:21,114.089348,22.630201,1,56
24671,21:44:20,114.09761,22.630781,1,49
24671,21:45:20,114.104012,22.624962,1,39
24671,21:46:21,114.107056,22.623022,1,39
24671,21:47:20,114.114159,22.621387,1,43
24671,21:48:20,114.114555,22.621368,1,0
24671,21:49:21,114.11541,22.621735,1,14
24671,21:49:39,114.114555,22.621368,1,0
24671,21:50:20,114.117416,22.621622,1,17
24671,21:51:20,114.119797,22.621138,1,12
24671,21:51:48,114.11972,22.621309,1,0
24671,21:52:20,114.119537,22.620646,0,16
24671,21:52:43,114.119446,22.620432,0,22
24671,21:53:22,114.116257,22.62118,1,14
24671,21:54:15,114.119446,22.620432,0,0
24671,21:54:21,114.121536,22.616693,1,62
24671,21:55:20,114.126671,22.610863,1,56
24671,21:55:52,114.125389,22.610025,1,0
24671,21:56:21,114.125168,22.609833,0,22
24671,21:57:21,114.118042,22.605852,0,32
24671,21:58:20,114.116241,22.603727,0,24
24671,21:58:57,114.115936,22.603325,0,29
24671,21:59:21,114.115524,22.602737,1,0
24671,21:59:48,114.116241,22.603727,0,0
24671,22:00:21,114.116997,22.600624,1,0
24671,22:01:20,114.118484,22.598822,1,32
24671,22:02:21,114.119453,22.597376,1,20
24671,22:03:21,114.119614,22.595608,1,26
24671,22:04:21,114.119652,22.595062,1,32
24671,22:04:38,114.119682,22.593145,1,47
24671,22:05:20,114.120804,22.591272,0,42
24671,22:06:21,114.126915,22.587442,0,58
24671,22:07:20,114.13047,22.583097,0,44
24671,22:08:20,114.130508,22.579941,0,0
24671,22:09:21,114.130486,22.578264,0,25
24671,22:09:23,114.13047,22.583097,0,0
24671,22:09:56,114.130508,22.579941,0,0
24671,22:10:20,114.125076,22.577303,0,17
24671,22:10:21,114.125076,22.577303,0,17
24671,22:11:20,114.115532,22.576653,1,85
24671,22:12:20,114.104042,22.573072,1,70
24671,22:13:21,114.093445,22.56802,1,78
24671,22:14:20,114.086922,22.566072,1,47
24671,22:15:20,114.089569,22.561106,1,0
24671,22:16:22,114.090759,22.561302,1,1
24671,22:17:20,114.090187,22.561102,1,14
24671,22:18:21,114.090523,22.559017,1,41
24671,22:18:27,114.090439,22.558559,1,34
24671,22:19:20,114.082619,22.558529,0,52
24671,22:20:04,114.090439,22.558559,1,0
24671,22:20:20,114.076279,22.55204,0,32
24671,22:21:20,114.076134,22.551804,0,19
24671,22:22:21,114.076012,22.548519,0,46
24671,22:23:17,114.075996,22.546457,1,6
24671,22:23:21,114.07605,22.546247,1,29
24671,22:24:20,114.078728,22.543055,1,45
24671,22:24:32,114.075996,22.546457,1,0
24671,22:27:20,114.081383,22.536953,1,27
24671,22:28:20,114.092049,22.538122,1,62
24671,22:29:20,114.099747,22.538042,1,29
24671,22:30:13,114.092049,22.538122,1,0
24671,22:30:20,114.102379,22.538031,1,15
24671,22:31:20,114.106789,22.536873,1,64
24671,22:32:20,114.111038,22.536566,1,58
24671,22:33:21,114.113754,22.531799,1,33
24671,22:34:20,114.115387,22.534742,1,36
24671,22:35:21,114.11776,22.536865,1,1
24671,22:35:47,114.117775,22.536863,1,0
24671,22:36:21,114.11779,22.536823,0,1
24671,22:37:21,114.118477,22.537537,0,52
24671,22:38:20,114.116425,22.53932,0,51
24671,22:39:20,114.106758,22.537024,0,52
24671,22:39:40,114.116425,22.53932,0,0
24671,22:40:20,114.097366,22.538208,0,61
24671,22:40:21,114.116425,22.53932,0,0
24671,22:41:20,114.087189,22.537539,0,63
24671,22:42:20,114.07972,22.536295,0,29
24671,22:43:21,114.077087,22.532314,0,31
24671,22:44:20,114.071129,22.531979,0,42
24671,22:45:20,114.065323,22.531908,0,28
24671,22:46:21,114.057716,22.531815,0,47
24671,22:47:20,114.049774,22.531727,0,0
24671,22:47:35,114.049568,22.531698,0,26
24671,22:48:20,114.045074,22.531618,1,32
24671,22:49:20,114.044579,22.530279,1,38
24671,22:50:20,114.044846,22.528095,1,3
24671,22:50:30,114.045074,22.531618,1,0
24671,22:51:20,114.04454,22.527784,1,7
24671,22:52:21,114.043571,22.527534,1,6
24671,22:53:21,114.042877,22.527426,1,0
24671,22:54:20,114.043892,22.527657,1,6
24671,22:54:49,114.042877,22.527426,1,0
24671,22:55:20,114.044891,22.527426,1,18
24671,22:56:21,114.044891,22.526873,1,5
24671,22:57:20,114.044708,22.526297,1,0
24671,22:58:20,114.04454,22.526016,1,9
24671,22:58:26,114.044472,22.525885,1,12
24671,22:59:20,114.044762,22.532019,0,34
24671,23:00:22,114.040047,22.53113,0,47
24671,23:00:38,114.044472,22.525885,1,0
24671,23:01:20,114.029633,22.530546,0,53
24671,23:02:20,114.021255,22.532377,0,33
24671,23:03:21,114.015335,22.531168,0,63
24671,23:04:20,114.00354,22.530186,0,77
24671,23:05:20,113.995636,22.528826,0,46
24671,23:06:21,113.993546,22.530905,0,0
24671,23:07:20,113.993561,22.530931,0,0
24671,23:08:20,113.992378,22.535658,0,37
24671,23:09:12,113.987869,22.536493,0,21
24671,23:09:20,113.987091,22.536491,1,42
24671,23:09:57,113.992378,22.535658,0,0
24671,23:10:21,113.977425,22.53677,1,42
24671,23:10:47,113.987091,22.536491,1,0
24671,23:11:20,113.972008,22.539095,1,2
24671,23:12:20,113.971588,22.539244,1,0
24671,23:13:21,113.967621,22.54071,1,58
24671,23:14:20,113.963554,22.542749,1,11
24671,23:15:20,113.963898,22.543713,1,0
24671,23:15:56,113.963821,22.543795,1,1
24671,23:16:09,113.963799,22.543673,0,4
24671,23:16:21,113.963676,22.543285,1,15
24671,23:17:21,113.963455,22.542809,1,9
24671,23:18:20,113.961098,22.542791,1,39
24671,23:19:21,113.971069,22.539045,1,0
24671,23:20:22,113.975494,22.537155,1,84
24671,23:20:55,113.971069,22.539045,1,0
24671,23:21:20,113.987656,22.536089,1,73
24671,23:22:20,113.992775,22.534101,1,46
24671,23:23:21,113.994087,22.525818,1,49
24671,23:24:20,113.99662,22.528757,1,67
24671,23:25:05,113.994087,22.525818,1,0
24671,23:25:20,114.008163,22.529568,1,66
24671,23:26:21,114.01841,22.531767,1,55
24671,23:27:20,114.029007,22.530363,1,89
24671,23:28:20,114.03849,22.530451,1,64
24671,23:29:02,114.040627,22.530661,1,0
24671,23:29:21,114.040611,22.530678,0,0
24671,23:30:21,114.045441,22.531178,0,43
24671,23:31:04,114.040611,22.530678,0,0
24671,23:31:20,114.045837,22.531918,0,13
24671,23:32:20,114.040268,22.531178,0,32
24671,23:33:21,114.030319,22.530497,0,65
24671,23:34:20,114.02179,22.532337,0,53
24671,23:35:33,114.009735,22.529921,0,80
24671,23:36:33,113.998161,22.529816,0,56
24671,23:37:33,113.993568,22.530863,0,0
24671,23:38:33,113.993195,22.534254,1,25
24671,23:39:33,114.002747,22.535795,1,21
24671,23:40:14,113.993195,22.534254,1,0
24671,23:40:32,114.002762,22.535805,1,0
24671,23:41:12,114.002747,22.535795,1,0
24671,23:41:33,114.011429,22.537291,1,46
24671,23:42:33,114.022591,22.539518,1,68
24671,23:43:33,114.032806,22.540937,1,51
24671,23:44:33,114.035629,22.542202,1,48
24671,23:45:33,114.037445,22.548969,1,75
24671,23:46:27,114.039688,22.550774,1,0
24671,23:46:33,114.03968,22.550852,0,2
24671,23:47:33,114.039566,22.549513,0,28
24671,23:48:33,114.034584,22.548071,0,0
24671,23:49:33,114.035294,22.543339,0,17
24671,23:50:32,114.033531,22.541454,0,0
24671,23:50:43,114.033455,22.541443,0,11
24671,23:51:21,114.035294,22.543339,0,0
24671,23:51:33,114.035065,22.541258,1,63
24671,23:52:33,114.045776,22.542274,1,63
24671,23:53:33,114.047821,22.538139,1,40
24671,23:55:22,114.047821,22.538139,1,0
